#!ascii label  , from subject sub.01.base.02 vox2ras=TkReg
932
97470  44.338  28.371  14.124 0.0000000000
96719  47.372  27.847  2.734 0.0000000000
99232  43.551  30.562  3.430 0.0000000000
92158  49.384  22.928  -5.737 0.0000000000
95806  41.645  26.633  6.717 0.0000000000
101413  48.707  33.521  7.598 0.0000000000
95926  50.423  26.213  -3.594 0.0000000000
96785  39.082  27.627  -3.725 0.0000000000
97508  52.504  28.932  8.823 0.0000000000
97523  46.693  28.948  8.066 0.0000000000
93081  44.411  23.593  2.806 0.0000000000
101478  40.788  33.917  -1.573 0.0000000000
98422  42.483  28.494  -3.332 0.0000000000
99241  48.892  30.526  2.849 0.0000000000
98447  48.455  29.482  -4.600 0.0000000000
100048  39.337  31.026  -5.498 0.0000000000
99169  47.886  30.581  11.466 0.0000000000
98299  44.925  30.097  10.530 0.0000000000
94010  43.277  24.456  5.025 0.0000000000
101431  43.854  33.756  4.393 0.0000000000
102192  43.588  34.656  0.526 0.0000000000
100723  40.905  32.415  2.632 0.0000000000
99286  40.038  30.119  -0.780 0.0000000000
98379  43.184  29.575  -0.311 0.0000000000
97552  49.942  28.637  5.257 0.0000000000
99203  50.565  29.928  5.934 0.0000000000
97576  49.579  29.513  2.073 0.0000000000
95073  51.800  25.251  -5.295 0.0000000000
97627  50.292  28.542  -3.549 0.0000000000
95955  50.066  26.477  -5.957 0.0000000000
96792  47.647  27.539  -5.313 0.0000000000
93169  47.771  23.535  -4.706 0.0000000000
91119  45.323  21.169  -3.229 0.0000000000
95778  41.897  26.815  13.113 0.0000000000
97513  42.152  28.853  10.135 0.0000000000
99973  45.551  31.575  6.085 0.0000000000
95033  46.876  25.429  -0.327 0.0000000000
96751  48.423  27.714  -0.898 0.0000000000
94101  48.770  24.499  -2.522 0.0000000000
93157  51.646  23.400  -4.286 0.0000000000
100663  54.401  31.956  12.243 0.0000000000
99127  51.584  30.344  12.814 0.0000000000
97511  49.540  28.822  9.100 0.0000000000
96685  47.552  27.915  5.943 0.0000000000
97537  43.789  28.645  7.284 0.0000000000
95810  45.052  26.764  4.766 0.0000000000
95867  45.551  25.887  1.861 0.0000000000
92104  46.108  23.084  0.352 0.0000000000
97475  39.545  27.533  13.605 0.0000000000
102245  43.711  33.832  -3.426 0.0000000000
100766  40.832  32.807  -5.336 0.0000000000
100028  39.359  31.060  -2.725 0.0000000000
96771  40.571  27.685  -3.345 0.0000000000
95947  42.843  26.731  -4.270 0.0000000000
99959  50.797  30.877  9.263 0.0000000000
99200  48.204  30.514  6.731 0.0000000000
99243  46.771  30.030  2.643 0.0000000000
97599  49.543  29.006  -0.612 0.0000000000
98387  48.136  30.144  -0.076 0.0000000000
98389  45.938  29.524  -0.712 0.0000000000
98435  45.466  29.304  -4.191 0.0000000000
96810  45.047  27.954  -5.415 0.0000000000
100777  38.924  31.531  -5.546 0.0000000000
100776  39.648  32.290  -5.856 0.0000000000
99152  45.579  30.007  12.039 0.0000000000
98282  44.219  29.111  12.169 0.0000000000
100706  43.181  32.703  4.753 0.0000000000
101438  42.208  33.504  3.443 0.0000000000
99987  42.044  31.497  3.184 0.0000000000
99248  41.725  30.767  1.897 0.0000000000
99259  43.287  30.057  1.524 0.0000000000
97570  48.107  28.255  3.685 0.0000000000
97558  49.850  28.865  4.158 0.0000000000
97585  48.231  28.414  2.026 0.0000000000
93184  50.734  24.398  -6.157 0.0000000000
95960  51.138  26.079  -6.069 0.0000000000
94132  50.207  24.972  -6.249 0.0000000000
94126  49.000  24.892  -5.339 0.0000000000
92159  48.188  22.603  -5.425 0.0000000000
92149  47.232  22.372  -4.959 0.0000000000
91127  47.754  21.151  -4.958 0.0000000000
96655  40.924  26.991  11.421 0.0000000000
101424  46.453  33.869  5.930 0.0000000000
101415  47.163  33.227  6.975 0.0000000000
92123  47.561  23.340  -1.135 0.0000000000
94094  47.568  24.719  -1.233 0.0000000000
92131  48.522  22.885  -2.250 0.0000000000
92139  50.908  22.718  -3.800 0.0000000000
91115  51.428  21.698  -3.891 0.0000000000
92155  52.028  22.850  -5.035 0.0000000000
98310  47.551  30.071  9.901 0.0000000000
98309  48.891  29.459  9.615 0.0000000000
97522  47.620  28.828  8.268 0.0000000000
97545  48.447  28.323  7.116 0.0000000000
96669  46.927  28.171  7.069 0.0000000000
97526  41.445  28.590  8.493 0.0000000000
97525  42.298  29.060  8.232 0.0000000000
96681  42.325  27.459  6.783 0.0000000000
94041  43.942  23.975  3.803 0.0000000000
94965  44.275  25.640  4.370 0.0000000000
94981  44.338  25.314  3.813 0.0000000000
95842  45.177  26.143  3.351 0.0000000000
94052  45.020  24.862  2.244 0.0000000000
94077  45.596  24.553  1.001 0.0000000000
92090  45.232  22.949  1.497 0.0000000000
91053  47.249  20.991  1.355 0.0000000000
102205  41.976  34.481  -0.119 0.0000000000
102217  44.262  34.311  -1.554 0.0000000000
102232  42.574  34.184  -2.091 0.0000000000
101514  42.245  33.762  -4.815 0.0000000000
101500  41.233  33.595  -3.603 0.0000000000
100759  40.066  32.420  -3.878 0.0000000000
101487  39.674  32.785  -1.780 0.0000000000
98393  41.836  29.236  -1.278 0.0000000000
98408  40.231  29.146  -1.669 0.0000000000
98423  41.765  28.277  -2.851 0.0000000000
96782  41.989  27.319  -4.152 0.0000000000
97642  42.680  27.605  -4.783 0.0000000000
99165  53.528  30.247  11.079 0.0000000000
99946  52.652  31.201  10.604 0.0000000000
99185  52.213  29.968  8.952 0.0000000000
99226  49.676  30.357  4.021 0.0000000000
99199  49.216  30.369  6.600 0.0000000000
98344  48.598  30.145  5.060 0.0000000000
99215  46.997  29.952  4.754 0.0000000000
99242  47.885  30.284  2.672 0.0000000000
96761  48.904  27.465  -1.788 0.0000000000
97600  48.982  28.570  -0.305 0.0000000000
96760  49.542  27.971  -2.030 0.0000000000
98446  49.454  29.360  -4.317 0.0000000000
98415  49.559  29.657  -2.029 0.0000000000
98417  47.831  29.653  -2.499 0.0000000000
98388  47.046  29.592  -0.409 0.0000000000
98402  46.918  29.516  -1.576 0.0000000000
98403  45.805  29.502  -1.851 0.0000000000
98434  46.563  29.389  -3.969 0.0000000000
95944  47.426  27.033  -4.471 0.0000000000
96809  46.056  28.226  -5.386 0.0000000000
95928  46.363  27.126  -3.733 0.0000000000
95929  45.451  27.318  -3.627 0.0000000000
102110  51.049  33.990  8.068 0.0000000000
99313  38.301  29.959  -5.141 0.0000000000
98454  38.549  29.480  -4.861 0.0000000000
99117  48.280  30.509  14.125 0.0000000000
99132  46.798  30.195  13.371 0.0000000000
99171  46.106  30.367  11.230 0.0000000000
98323  46.029  29.498  8.475 0.0000000000
94959  42.535  25.359  5.820 0.0000000000
102169  43.444  34.489  2.414 0.0000000000
102181  42.077  34.429  1.627 0.0000000000
102196  40.515  33.616  1.065 0.0000000000
100741  39.502  32.173  -0.429 0.0000000000
100003  40.346  31.672  1.250 0.0000000000
99273  42.067  29.773  0.140 0.0000000000
98392  42.756  29.415  -1.077 0.0000000000
97530  51.014  28.696  7.068 0.0000000000
98329  51.981  29.440  7.526 0.0000000000
97542  50.898  29.015  5.982 0.0000000000
98342  50.437  29.745  4.427 0.0000000000
98359  50.174  30.036  2.637 0.0000000000
95924  51.567  25.823  -4.562 0.0000000000
96766  50.315  27.793  -3.247 0.0000000000
96791  50.856  27.481  -5.009 0.0000000000
97648  50.275  27.966  -5.290 0.0000000000
98469  48.854  29.103  -6.040 0.0000000000
98471  47.765  29.139  -6.546 0.0000000000
95956  49.140  27.014  -5.654 0.0000000000
95943  48.510  26.703  -5.061 0.0000000000
94110  47.536  24.274  -3.849 0.0000000000
90076  46.239  20.475  -3.791 0.0000000000
96644  43.227  27.618  13.565 0.0000000000
97496  43.130  28.445  11.890 0.0000000000
97497  42.140  27.741  11.829 0.0000000000
97515  40.751  28.074  9.723 0.0000000000
96673  40.526  27.325  7.958 0.0000000000
102142  45.969  34.266  4.987 0.0000000000
101426  44.816  33.413  5.282 0.0000000000
99974  44.302  31.573  5.244 0.0000000000
95874  46.931  26.991  0.822 0.0000000000
96740  47.626  27.578  0.412 0.0000000000
95885  47.362  26.465  -0.330 0.0000000000
95040  48.348  25.584  -1.758 0.0000000000
95048  49.669  25.573  -3.224 0.0000000000
92140  50.039  22.784  -3.342 0.0000000000
93158  50.522  23.721  -3.764 0.0000000000
94108  51.331  24.519  -4.262 0.0000000000
94114  52.757  24.180  -4.956 0.0000000000
92156  51.514  23.034  -5.430 0.0000000000
91136  50.052  22.278  -5.385 0.0000000000
91126  48.644  21.303  -4.940 0.0000000000
99112  52.965  30.943  13.319 0.0000000000
98294  52.163  29.099  10.592 0.0000000000
99148  49.282  30.505  12.158 0.0000000000
98295  50.969  29.219  10.494 0.0000000000
97510  50.725  28.638  9.204 0.0000000000
97531  50.039  28.462  7.355 0.0000000000
96695  48.241  28.168  5.543 0.0000000000
96708  47.264  27.744  3.936 0.0000000000
98314  43.476  29.753  9.999 0.0000000000
98325  43.886  29.666  8.861 0.0000000000
97536  44.863  28.745  7.191 0.0000000000
95804  43.284  26.615  5.898 0.0000000000
96679  44.742  27.616  5.934 0.0000000000
96678  45.868  27.825  6.137 0.0000000000
96686  46.563  27.594  5.521 0.0000000000
96709  46.511  27.241  3.388 0.0000000000
96720  46.512  27.171  2.503 0.0000000000
95015  46.021  25.786  0.845 0.0000000000
93119  46.291  23.883  0.087 0.0000000000
91086  47.282  22.118  -0.453 0.0000000000
91054  46.215  21.365  1.278 0.0000000000
91069  47.172  21.353  0.391 0.0000000000
96632  42.411  27.482  13.921 0.0000000000
95768  40.638  26.466  13.698 0.0000000000
95771  38.182  26.166  13.092 0.0000000000
102229  45.456  33.782  -2.645 0.0000000000
101526  44.482  33.545  -6.085 0.0000000000
100040  39.780  31.608  -5.274 0.0000000000
100041  39.616  30.814  -4.855 0.0000000000
98439  39.142  29.393  -3.653 0.0000000000
99287  39.537  30.714  -1.231 0.0000000000
97610  39.557  29.175  -2.498 0.0000000000
97631  39.837  28.026  -3.268 0.0000000000
100691  49.705  32.398  9.143 0.0000000000
99192  50.464  30.385  7.584 0.0000000000
99964  48.673  30.973  8.058 0.0000000000
100693  48.159  32.196  8.370 0.0000000000
99969  46.598  31.454  6.856 0.0000000000
99209  45.189  30.728  5.390 0.0000000000
99231  44.644  30.242  3.515 0.0000000000
97592  48.894  28.815  0.608 0.0000000000
97583  49.331  29.467  1.113 0.0000000000
99267  49.340  30.191  0.811 0.0000000000
98414  50.009  29.234  -2.021 0.0000000000
99292  49.334  29.958  -0.671 0.0000000000
99268  48.627  30.397  0.835 0.0000000000
98365  47.163  29.890  1.217 0.0000000000
99257  45.615  29.818  1.525 0.0000000000
99258  44.329  29.944  1.623 0.0000000000
98378  44.037  29.696  -0.173 0.0000000000
98391  43.873  29.589  -1.136 0.0000000000
98436  44.387  29.126  -4.418 0.0000000000
98462  46.295  28.902  -5.697 0.0000000000
98463  45.352  28.678  -5.740 0.0000000000
97640  43.781  28.255  -5.688 0.0000000000
96796  43.715  27.091  -4.626 0.0000000000
91110  44.860  21.388  -2.698 0.0000000000
101545  40.079  32.979  -6.613 0.0000000000
98262  44.798  29.137  13.469 0.0000000000
98261  45.038  29.587  12.573 0.0000000000
99978  43.137  31.523  4.308 0.0000000000
99979  42.340  31.985  3.902 0.0000000000
99986  42.835  31.046  3.552 0.0000000000
99247  42.439  30.601  2.304 0.0000000000
99246  43.470  30.313  2.428 0.0000000000
97578  48.384  28.449  2.893 0.0000000000
93185  50.459  24.598  -6.242 0.0000000000
93178  50.054  24.021  -6.165 0.0000000000
94125  49.558  24.857  -5.834 0.0000000000
91138  48.061  21.774  -5.356 0.0000000000
102119  49.861  34.248  7.292 0.0000000000
101418  48.389  33.842  6.977 0.0000000000
101419  47.757  33.793  6.695 0.0000000000
101414  47.754  33.312  7.302 0.0000000000
91099  47.618  22.693  -1.065 0.0000000000
92122  47.977  23.079  -1.607 0.0000000000
90072  51.553  20.773  -3.661 0.0000000000
95935  39.427  27.066  -3.836 0.0000000000
98322  47.084  29.453  8.818 0.0000000000
98321  48.103  29.259  8.980 0.0000000000
96668  47.453  28.304  7.270 0.0000000000
97534  47.131  28.506  7.607 0.0000000000
96672  41.207  27.543  7.559 0.0000000000
96671  42.005  27.985  7.316 0.0000000000
96682  41.704  27.229  6.973 0.0000000000
94040  44.240  24.426  3.466 0.0000000000
94025  44.048  24.839  3.929 0.0000000000
94994  44.687  25.282  3.116 0.0000000000
94053  44.742  24.443  2.518 0.0000000000
94064  44.878  24.079  2.040 0.0000000000
93093  44.724  23.633  2.185 0.0000000000
102220  41.372  34.300  -0.875 0.0000000000
102219  42.302  34.395  -1.105 0.0000000000
102233  41.647  34.152  -1.858 0.0000000000
102247  41.855  34.109  -2.882 0.0000000000
101485  41.004  33.812  -2.589 0.0000000000
101486  40.285  33.339  -2.213 0.0000000000
101479  40.079  33.449  -1.214 0.0000000000
98406  42.608  29.137  -2.246 0.0000000000
98407  41.445  28.738  -2.169 0.0000000000
97629  42.334  27.885  -4.008 0.0000000000
98438  42.752  28.285  -4.185 0.0000000000
98293  52.999  29.224  10.433 0.0000000000
99178  53.239  30.118  10.076 0.0000000000
98306  52.620  29.773  9.132 0.0000000000
99240  49.757  30.409  3.135 0.0000000000
99213  49.004  30.258  4.740 0.0000000000
99227  48.976  30.327  3.855 0.0000000000
99228  48.024  30.086  3.730 0.0000000000
96768  49.435  27.255  -2.428 0.0000000000
96767  49.936  27.504  -2.736 0.0000000000
98432  48.661  29.702  -3.437 0.0000000000
98433  47.643  29.505  -3.711 0.0000000000
98418  46.740  29.525  -2.775 0.0000000000
98448  47.466  29.350  -4.890 0.0000000000
95060  47.339  25.323  -3.340 0.0000000000
95927  47.338  26.308  -3.707 0.0000000000
95061  46.946  26.163  -3.149 0.0000000000
95911  46.373  26.404  -2.813 0.0000000000
100049  38.773  30.502  -5.574 0.0000000000
99319  38.700  29.864  -5.490 0.0000000000
98465  39.034  29.663  -5.335 0.0000000000
99172  45.426  30.192  11.018 0.0000000000
99182  45.874  30.311  10.315 0.0000000000
98312  45.424  30.110  9.591 0.0000000000
102150  44.824  34.303  3.951 0.0000000000
102157  44.707  34.594  3.207 0.0000000000
102158  43.796  34.348  3.341 0.0000000000
101439  41.605  32.982  3.300 0.0000000000
101449  41.852  33.875  2.778 0.0000000000
101450  41.210  33.387  2.624 0.0000000000
102183  40.760  33.795  1.512 0.0000000000
101460  40.544  33.195  1.751 0.0000000000
100730  40.234  32.437  1.431 0.0000000000
99997  40.450  31.982  1.780 0.0000000000
99260  42.308  30.247  1.288 0.0000000000
99261  41.289  30.643  1.141 0.0000000000
99284  41.973  29.432  -0.639 0.0000000000
97543  50.072  28.545  6.350 0.0000000000
97568  49.890  29.401  3.147 0.0000000000
97557  50.240  29.516  3.887 0.0000000000
97567  50.274  29.698  3.395 0.0000000000
98351  50.408  29.976  3.511 0.0000000000
95941  51.526  26.403  -4.921 0.0000000000
95962  50.436  26.122  -6.117 0.0000000000
96805  50.349  27.300  -5.666 0.0000000000
97649  49.552  28.468  -5.623 0.0000000000
96806  49.123  27.846  -6.107 0.0000000000
96818  48.602  28.462  -6.487 0.0000000000
93168  48.298  23.905  -5.050 0.0000000000
95068  48.806  25.504  -4.913 0.0000000000
94117  48.440  24.474  -4.846 0.0000000000
95069  48.149  25.535  -4.138 0.0000000000
94118  48.033  24.409  -4.355 0.0000000000
93170  47.175  22.960  -4.510 0.0000000000
91128  46.981  21.289  -4.880 0.0000000000
91129  46.398  21.346  -4.331 0.0000000000
96645  42.352  27.201  13.090 0.0000000000
97484  42.386  27.443  12.521 0.0000000000
96653  42.039  27.248  12.430 0.0000000000
97506  40.716  27.747  10.266 0.0000000000
96661  40.306  27.580  9.786 0.0000000000
96665  40.313  27.531  8.619 0.0000000000
95797  40.016  27.069  8.328 0.0000000000
100702  45.637  32.757  6.296 0.0000000000
101425  45.703  33.609  5.652 0.0000000000
100703  44.897  32.636  5.796 0.0000000000
95886  46.751  25.889  -0.006 0.0000000000
95032  47.392  25.464  -0.845 0.0000000000
94093  48.227  24.803  -1.849 0.0000000000
95049  48.944  25.595  -2.460 0.0000000000
94100  49.609  24.597  -3.287 0.0000000000
91107  49.666  21.976  -2.799 0.0000000000
91117  50.446  22.142  -3.310 0.0000000000
92138  51.595  22.553  -4.116 0.0000000000
94109  50.491  24.600  -3.787 0.0000000000
94116  51.967  24.553  -4.665 0.0000000000
93167  52.038  24.000  -4.573 0.0000000000
91134  51.569  22.599  -5.096 0.0000000000
91135  51.009  22.492  -5.175 0.0000000000
92157  50.559  23.060  -5.700 0.0000000000
91125  49.693  21.569  -4.948 0.0000000000
99102  51.248  30.926  14.327 0.0000000000
99914  52.650  31.405  13.860 0.0000000000
99113  51.901  30.896  13.788 0.0000000000
99145  52.965  29.745  12.148 0.0000000000
98278  51.751  29.647  11.732 0.0000000000
99149  48.230  30.558  12.398 0.0000000000
99130  48.684  30.520  13.280 0.0000000000
99168  48.696  30.467  11.477 0.0000000000
97512  48.932  28.890  9.103 0.0000000000
98296  49.641  29.976  10.867 0.0000000000
98308  50.135  29.242  9.768 0.0000000000
97502  51.018  28.781  9.833 0.0000000000
97519  50.977  28.533  8.097 0.0000000000
97520  49.851  28.525  8.313 0.0000000000
96684  48.345  28.222  6.285 0.0000000000
97560  47.886  28.099  4.323 0.0000000000
96696  47.505  27.836  4.934 0.0000000000
97503  42.892  28.779  11.194 0.0000000000
98301  43.334  29.151  11.177 0.0000000000
98315  42.603  29.188  10.152 0.0000000000
98333  43.291  29.231  8.034 0.0000000000
98332  44.357  29.258  7.928 0.0000000000
94967  43.120  25.305  5.408 0.0000000000
95813  42.996  25.829  5.734 0.0000000000
95812  43.579  26.292  5.587 0.0000000000
95811  44.527  26.369  4.823 0.0000000000
96688  44.224  26.937  5.478 0.0000000000
96687  45.352  27.113  5.129 0.0000000000
96698  45.662  26.948  4.686 0.0000000000
95856  45.461  26.080  2.401 0.0000000000
95841  45.843  26.775  3.790 0.0000000000
95855  45.904  26.693  2.839 0.0000000000
95866  46.139  26.536  1.623 0.0000000000
95016  45.591  25.425  1.391 0.0000000000
93120  45.807  23.842  0.636 0.0000000000
94076  46.077  24.568  0.426 0.0000000000
92116  46.566  23.323  -0.170 0.0000000000
91087  46.646  22.713  -0.115 0.0000000000
91068  48.169  20.946  0.513 0.0000000000
97473  41.750  28.161  13.720 0.0000000000
97474  40.518  27.735  13.691 0.0000000000
96634  40.158  26.949  13.908 0.0000000000
94915  40.101  26.111  13.077 0.0000000000
95769  39.770  26.329  13.482 0.0000000000
102230  44.488  33.904  -2.485 0.0000000000
102216  45.216  34.192  -1.797 0.0000000000
102244  44.749  33.646  -3.386 0.0000000000
102243  45.722  33.580  -3.553 0.0000000000
101496  45.009  33.477  -4.253 0.0000000000
101511  45.281  33.417  -5.173 0.0000000000
101497  44.125  33.687  -4.139 0.0000000000
101515  41.424  33.374  -4.614 0.0000000000
100774  40.956  32.879  -6.368 0.0000000000
100775  40.195  32.418  -5.877 0.0000000000
100760  39.620  31.775  -3.347 0.0000000000
100768  39.795  31.604  -4.406 0.0000000000
100033  39.536  30.899  -3.845 0.0000000000
99306  39.404  30.103  -4.311 0.0000000000
99300  39.348  30.197  -3.217 0.0000000000
100016  39.855  30.886  -0.222 0.0000000000
100017  39.560  31.297  -0.645 0.0000000000
97608  40.501  28.559  -2.349 0.0000000000
98409  39.632  29.427  -2.078 0.0000000000
97609  39.830  28.850  -2.353 0.0000000000
97621  39.443  28.882  -2.923 0.0000000000
96772  40.142  27.887  -3.248 0.0000000000
96784  39.875  27.501  -3.539 0.0000000000
96783  41.023  27.194  -3.795 0.0000000000
95948  42.223  26.834  -4.337 0.0000000000
100676  54.059  32.372  11.284 0.0000000000
99956  51.387  31.110  9.920 0.0000000000
100679  51.771  31.985  10.277 0.0000000000
100688  51.313  32.339  9.923 0.0000000000
101403  50.425  33.073  9.153 0.0000000000
99960  50.134  31.329  9.101 0.0000000000
98336  51.023  29.555  6.236 0.0000000000
99196  51.681  29.875  7.330 0.0000000000
99197  51.081  30.056  6.823 0.0000000000
99194  48.653  30.640  7.386 0.0000000000
99962  48.505  31.631  8.391 0.0000000000
99968  47.412  31.069  7.159 0.0000000000
99966  47.270  31.771  7.497 0.0000000000
99201  47.403  30.604  6.548 0.0000000000
99229  46.895  29.992  3.659 0.0000000000
99208  46.083  30.503  5.580 0.0000000000
99216  45.883  30.108  4.655 0.0000000000
99217  44.691  30.448  4.590 0.0000000000
99230  45.730  29.995  3.624 0.0000000000
96752  47.876  27.439  -0.352 0.0000000000
97593  48.215  28.335  1.009 0.0000000000
96739  48.318  28.134  0.058 0.0000000000
97591  49.299  29.284  0.237 0.0000000000
98373  49.459  29.779  0.727 0.0000000000
98385  49.459  29.670  -0.033 0.0000000000
97616  50.179  28.684  -2.656 0.0000000000
98430  50.043  29.223  -2.842 0.0000000000
98400  48.999  30.098  -0.928 0.0000000000
98386  48.738  30.203  -0.341 0.0000000000
99282  48.921  30.237  -0.016 0.0000000000
99283  48.508  30.339  0.343 0.0000000000
99255  47.731  30.249  1.536 0.0000000000
98374  47.659  30.114  0.787 0.0000000000
98376  45.989  29.584  0.434 0.0000000000
98367  46.301  29.668  0.970 0.0000000000
99270  45.004  29.770  0.882 0.0000000000
99271  44.127  29.761  0.762 0.0000000000
98377  44.994  29.699  0.039 0.0000000000
98419  45.635  29.466  -3.027 0.0000000000
98404  44.726  29.566  -2.077 0.0000000000
98420  44.541  29.448  -3.248 0.0000000000
96820  47.673  28.354  -6.362 0.0000000000
98461  47.386  29.177  -6.014 0.0000000000
97650  47.127  28.712  -6.040 0.0000000000
96794  45.863  27.812  -4.743 0.0000000000
97652  45.274  28.348  -5.699 0.0000000000
98451  44.352  28.609  -5.445 0.0000000000
97653  44.396  28.122  -5.794 0.0000000000
96811  44.125  27.569  -5.419 0.0000000000
96795  44.759  27.596  -4.780 0.0000000000
95898  45.461  26.093  -1.876 0.0000000000
95912  45.296  26.842  -2.837 0.0000000000
91109  45.360  21.599  -3.130 0.0000000000
100769  38.461  32.029  -5.086 0.0000000000
99133  45.739  29.966  13.234 0.0000000000
98281  44.893  29.774  11.574 0.0000000000
101437  43.136  33.823  3.723 0.0000000000
100707  42.540  32.576  4.133 0.0000000000
100713  41.928  32.484  3.628 0.0000000000
99988  41.285  31.933  2.835 0.0000000000
99996  41.056  31.525  2.108 0.0000000000
99995  41.769  31.058  2.425 0.0000000000
99272  43.158  29.778  0.570 0.0000000000
97559  48.725  28.401  4.660 0.0000000000
97569  49.062  28.692  3.499 0.0000000000
97577  49.086  28.893  2.516 0.0000000000
94123  51.620  24.698  -5.798 0.0000000000
95079  51.445  25.565  -5.907 0.0000000000
94131  50.896  24.985  -6.225 0.0000000000
95081  50.481  25.729  -6.200 0.0000000000
95074  49.922  25.603  -6.052 0.0000000000
95075  49.356  25.881  -5.522 0.0000000000
93179  48.684  23.814  -5.511 0.0000000000
93180  48.060  23.185  -5.281 0.0000000000
92148  47.766  22.898  -5.173 0.0000000000
91139  47.475  21.702  -5.227 0.0000000000
90087  47.378  20.549  -4.536 0.0000000000
95780  41.038  26.357  12.576 0.0000000000
96654  41.480  27.089  11.935 0.0000000000
95789  40.800  26.546  11.933 0.0000000000
102130  47.058  34.226  5.871 0.0000000000
102129  47.800  34.222  6.011 0.0000000000
101420  46.848  33.600  6.454 0.0000000000
99970  46.011  32.268  6.668 0.0000000000
94085  47.074  24.677  -0.661 0.0000000000
93141  47.797  23.938  -1.497 0.0000000000
93140  48.361  23.805  -2.078 0.0000000000
93150  48.965  23.676  -2.749 0.0000000000
91116  51.066  21.944  -3.587 0.0000000000
93156  52.031  23.020  -4.417 0.0000000000
92147  51.812  22.722  -4.494 0.0000000000
91123  51.362  22.139  -4.547 0.0000000000
99115  50.099  30.600  14.007 0.0000000000
98298  47.717  30.437  10.752 0.0000000000
98297  48.418  30.257  10.614 0.0000000000
98320  48.650  29.008  9.057 0.0000000000
97521  48.705  28.662  8.531 0.0000000000
97532  49.027  28.400  7.619 0.0000000000
97533  48.017  28.434  7.604 0.0000000000
96676  47.746  28.159  6.819 0.0000000000
98327  42.067  29.151  9.247 0.0000000000
97538  42.668  28.473  7.357 0.0000000000
97549  43.286  28.046  6.706 0.0000000000
94026  43.776  24.422  4.245 0.0000000000
94966  43.784  25.382  4.819 0.0000000000
94982  44.002  25.139  4.231 0.0000000000
95828  44.700  26.006  4.051 0.0000000000
95827  45.367  26.685  4.376 0.0000000000
95843  44.701  25.708  3.582 0.0000000000
94993  45.092  25.607  2.709 0.0000000000
95005  45.249  25.363  2.131 0.0000000000
94063  45.168  24.526  1.783 0.0000000000
93105  45.387  23.793  1.249 0.0000000000
92105  45.657  23.249  0.925 0.0000000000
91052  48.334  21.008  1.524 0.0000000000
102204  42.954  34.547  -0.317 0.0000000000
102203  44.000  34.644  -0.549 0.0000000000
102218  43.279  34.394  -1.326 0.0000000000
102231  43.523  34.072  -2.312 0.0000000000
102259  43.407  33.812  -4.046 0.0000000000
102246  42.785  34.043  -3.097 0.0000000000
101499  42.052  33.921  -3.868 0.0000000000
101516  40.698  32.936  -4.296 0.0000000000
101501  40.504  33.153  -3.247 0.0000000000
100753  39.885  32.609  -2.803 0.0000000000
100754  39.467  31.955  -2.271 0.0000000000
98394  40.936  29.324  -1.220 0.0000000000
97619  41.094  28.067  -2.863 0.0000000000
97630  41.502  27.610  -3.553 0.0000000000
96798  42.296  27.103  -4.609 0.0000000000
96797  42.843  26.984  -4.809 0.0000000000
99931  54.113  30.988  11.797 0.0000000000
100665  53.738  31.783  11.302 0.0000000000
99166  53.380  30.478  10.698 0.0000000000
99955  52.109  30.792  10.127 0.0000000000
99186  51.461  30.358  8.850 0.0000000000
99211  50.269  29.953  5.041 0.0000000000
99204  49.842  30.173  5.741 0.0000000000
99212  49.688  30.226  4.847 0.0000000000
99205  48.938  30.264  5.587 0.0000000000
99206  48.094  30.187  5.763 0.0000000000
99207  47.029  30.339  5.885 0.0000000000
99214  48.176  29.978  4.877 0.0000000000
97607  49.204  28.291  -1.210 0.0000000000
97606  49.813  28.723  -1.517 0.0000000000
98445  50.017  29.142  -3.715 0.0000000000
98431  49.504  29.599  -3.109 0.0000000000
98416  48.816  29.916  -2.230 0.0000000000
98401  47.997  29.825  -1.280 0.0000000000
96808  47.144  28.210  -5.717 0.0000000000
96793  46.822  27.813  -5.048 0.0000000000
95945  46.635  27.510  -4.527 0.0000000000
96779  45.410  27.571  -4.159 0.0000000000
95052  46.062  26.031  -2.267 0.0000000000
101412  49.520  33.747  7.924 0.0000000000
100042  38.324  30.959  -5.232 0.0000000000
97643  38.181  28.983  -4.594 0.0000000000
97633  38.439  28.640  -3.928 0.0000000000
99131  47.737  30.382  13.377 0.0000000000
99150  47.305  30.428  12.417 0.0000000000
99151  46.390  30.257  12.317 0.0000000000
99170  47.041  30.521  11.204 0.0000000000
99181  46.587  30.371  10.387 0.0000000000
98311  46.429  30.023  9.523 0.0000000000
94011  42.635  24.467  5.559 0.0000000000
93054  43.383  23.584  4.677 0.0000000000
93068  43.732  23.529  4.016 0.0000000000
93082  44.060  23.522  3.466 0.0000000000
92062  44.249  22.799  3.042 0.0000000000
92076  44.677  22.750  2.237 0.0000000000
102168  44.387  34.737  2.413 0.0000000000
102179  44.060  34.773  1.464 0.0000000000
102159  42.965  34.180  3.146 0.0000000000
102170  42.442  34.256  2.512 0.0000000000
102180  43.035  34.491  1.539 0.0000000000
102194  41.609  34.434  0.836 0.0000000000
102206  41.105  34.282  0.087 0.0000000000
102207  40.472  33.789  0.338 0.0000000000
101480  39.598  32.838  -0.819 0.0000000000
101467  39.754  32.578  0.443 0.0000000000
100009  39.883  31.456  0.297 0.0000000000
99275  40.201  30.743  0.070 0.0000000000
100002  40.778  31.198  1.338 0.0000000000
99262  40.510  30.973  0.753 0.0000000000
99274  40.870  30.314  0.155 0.0000000000
99285  41.256  29.661  -0.554 0.0000000000
97518  52.055  28.807  7.922 0.0000000000
97517  52.467  29.056  8.478 0.0000000000
97529  51.577  29.110  6.906 0.0000000000
97541  51.289  29.312  6.492 0.0000000000
98338  50.628  29.568  5.376 0.0000000000
97551  50.393  29.222  4.819 0.0000000000
99225  50.175  30.138  4.192 0.0000000000
99239  50.121  30.276  3.566 0.0000000000
99253  49.556  30.376  2.087 0.0000000000
95925  50.830  26.582  -3.941 0.0000000000
95908  50.248  27.116  -3.284 0.0000000000
96778  50.587  27.665  -4.180 0.0000000000
96790  51.042  26.849  -5.421 0.0000000000
97638  50.196  28.525  -4.643 0.0000000000
97639  49.628  28.944  -5.034 0.0000000000
98459  49.092  29.221  -5.300 0.0000000000
98460  48.257  29.371  -5.657 0.0000000000
98470  48.198  29.175  -6.488 0.0000000000
96819  48.292  28.336  -6.551 0.0000000000
96807  48.216  27.713  -5.969 0.0000000000
93160  46.886  23.355  -3.818 0.0000000000
91118  45.793  21.440  -3.698 0.0000000000
92150  46.685  21.804  -4.680 0.0000000000
90077  45.701  20.615  -3.439 0.0000000000
96643  43.950  27.825  13.987 0.0000000000
97482  43.887  28.269  13.061 0.0000000000
97483  42.898  27.734  12.683 0.0000000000
97504  42.321  28.574  10.829 0.0000000000
97498  41.532  27.512  11.450 0.0000000000
97505  41.319  27.909  10.762 0.0000000000
97514  41.563  28.661  9.772 0.0000000000
97527  40.903  28.297  8.974 0.0000000000
96664  40.924  28.037  8.371 0.0000000000
95800  40.879  26.460  7.172 0.0000000000
102149  45.684  34.389  4.285 0.0000000000
101430  44.795  33.889  4.676 0.0000000000
102141  46.687  34.387  5.298 0.0000000000
101429  45.359  33.948  5.020 0.0000000000
101427  44.328  33.504  4.973 0.0000000000
100704  44.022  32.836  5.250 0.0000000000
99975  43.588  32.120  4.994 0.0000000000
99218  43.902  30.658  4.184 0.0000000000
96729  47.393  27.723  1.474 0.0000000000
95884  47.890  27.074  -0.829 0.0000000000
95041  47.898  25.502  -1.372 0.0000000000
95897  47.700  25.981  -1.020 0.0000000000
95896  48.266  26.459  -1.428 0.0000000000
95910  49.029  26.680  -2.299 0.0000000000
95909  49.847  26.485  -3.144 0.0000000000
91108  48.834  22.161  -2.400 0.0000000000
92130  49.226  22.806  -2.846 0.0000000000
93149  49.630  23.506  -3.250 0.0000000000
95059  50.484  25.519  -3.706 0.0000000000
95058  51.427  25.441  -4.392 0.0000000000
95066  51.919  25.091  -4.851 0.0000000000
95072  52.415  24.665  -5.033 0.0000000000
93166  52.430  23.570  -4.782 0.0000000000
93176  52.136  23.725  -5.343 0.0000000000
94122  52.411  24.391  -5.248 0.0000000000
93177  51.160  23.884  -5.877 0.0000000000
91137  48.970  22.029  -5.429 0.0000000000
90085  49.396  20.801  -4.446 0.0000000000
99923  53.985  30.891  12.667 0.0000000000
99144  53.468  30.143  12.014 0.0000000000
98277  52.858  29.400  11.497 0.0000000000
97500  52.464  28.853  9.646 0.0000000000
99105  48.846  30.753  14.731 0.0000000000
99129  49.644  30.591  13.182 0.0000000000
99147  50.177  30.444  12.288 0.0000000000
98280  49.938  30.278  11.677 0.0000000000
99146  50.958  30.233  12.262 0.0000000000
97501  51.577  28.746  9.777 0.0000000000
97509  51.806  28.611  8.882 0.0000000000
97544  49.069  28.356  6.760 0.0000000000
97553  49.088  28.398  5.811 0.0000000000
98283  43.645  28.797  11.898 0.0000000000
98300  44.169  29.763  10.915 0.0000000000
98326  42.873  29.541  9.052 0.0000000000
98313  44.435  30.023  9.728 0.0000000000
98324  44.923  29.736  8.663 0.0000000000
98331  45.381  29.224  7.838 0.0000000000
98330  45.940  29.098  7.857 0.0000000000
95805  42.719  26.370  6.089 0.0000000000
96680  43.546  27.181  6.015 0.0000000000
96689  43.769  26.814  5.668 0.0000000000
97548  44.243  28.130  6.558 0.0000000000
97547  45.293  28.237  6.589 0.0000000000
97535  46.073  28.600  7.352 0.0000000000
96670  46.330  28.118  6.734 0.0000000000
95826  45.815  26.861  4.228 0.0000000000
96697  46.227  27.155  4.468 0.0000000000
96730  46.796  27.347  1.946 0.0000000000
95865  46.791  27.178  1.452 0.0000000000
95875  46.560  26.200  0.509 0.0000000000
95023  46.380  25.382  0.283 0.0000000000
95024  45.876  25.156  0.742 0.0000000000
94086  46.552  24.638  -0.135 0.0000000000
93131  46.783  23.919  -0.441 0.0000000000
92115  47.116  23.129  -0.607 0.0000000000
92075  45.068  22.281  1.809 0.0000000000
91055  45.552  22.088  1.332 0.0000000000
91070  46.327  22.123  0.467 0.0000000000
91085  48.094  21.203  -0.560 0.0000000000
97464  44.276  28.389  14.696 0.0000000000
96631  43.482  27.723  14.304 0.0000000000
95766  41.947  26.864  13.444 0.0000000000
96633  41.181  27.168  14.065 0.0000000000
95767  41.477  26.664  13.698 0.0000000000
94914  40.904  26.219  13.224 0.0000000000
96635  39.322  26.843  13.595 0.0000000000
95770  38.899  26.140  13.315 0.0000000000
94916  39.288  25.740  13.030 0.0000000000
101541  43.621  33.662  -6.999 0.0000000000
101513  43.317  33.769  -4.736 0.0000000000
101527  43.437  33.690  -5.945 0.0000000000
101542  42.544  33.555  -6.872 0.0000000000
100784  40.180  32.718  -6.321 0.0000000000
100047  39.661  31.827  -5.622 0.0000000000
100767  40.250  32.238  -4.903 0.0000000000
99312  39.390  30.089  -5.213 0.0000000000
98453  39.091  29.559  -4.679 0.0000000000
98440  38.720  29.168  -4.081 0.0000000000
97632  39.238  28.366  -3.518 0.0000000000
100747  39.410  32.079  -1.262 0.0000000000
100023  39.419  31.236  -1.671 0.0000000000
99295  39.487  30.249  -1.972 0.0000000000
99294  39.764  29.717  -1.569 0.0000000000
98424  39.429  29.551  -2.721 0.0000000000
96799  41.705  27.026  -4.243 0.0000000000
100677  53.283  32.178  11.100 0.0000000000
101407  51.102  33.587  8.761 0.0000000000
101408  49.936  33.430  8.553 0.0000000000
101409  49.068  33.245  8.199 0.0000000000
99190  51.936  29.901  8.087 0.0000000000
99191  51.284  30.217  7.799 0.0000000000
99187  50.660  30.554  8.488 0.0000000000
99198  50.148  30.242  6.676 0.0000000000
99193  49.454  30.540  7.630 0.0000000000
99188  49.944  30.703  8.330 0.0000000000
99961  49.213  31.321  8.650 0.0000000000
100692  48.907  32.499  8.644 0.0000000000
100695  48.451  32.873  8.207 0.0000000000
100697  47.063  32.545  7.365 0.0000000000
99972  46.242  30.904  6.191 0.0000000000
97584  48.952  28.923  1.548 0.0000000000
98364  49.728  29.959  1.539 0.0000000000
97617  50.024  28.279  -2.350 0.0000000000
97605  50.102  28.836  -2.005 0.0000000000
98398  50.001  29.117  -1.611 0.0000000000
98399  49.594  29.523  -1.073 0.0000000000
99281  49.359  29.982  -0.244 0.0000000000
99254  48.746  30.522  1.766 0.0000000000
98375  47.029  29.709  0.619 0.0000000000
99256  46.600  29.913  1.810 0.0000000000
99244  45.645  29.990  2.611 0.0000000000
99245  44.529  30.129  2.531 0.0000000000
98390  44.891  29.638  -0.982 0.0000000000
98405  43.651  29.475  -2.209 0.0000000000
98421  43.486  29.126  -3.375 0.0000000000
98449  46.415  29.193  -5.053 0.0000000000
97651  46.215  28.554  -5.674 0.0000000000
98450  45.336  29.078  -5.205 0.0000000000
98437  43.367  28.578  -4.583 0.0000000000
97641  43.199  28.107  -5.303 0.0000000000
96812  43.331  27.376  -5.237 0.0000000000
96780  44.672  27.289  -3.896 0.0000000000
96781  43.922  26.986  -3.823 0.0000000000
89057  47.632  20.178  -4.158 0.0000000000
90078  45.137  20.840  -2.950 0.0000000000
90089  46.129  20.865  -3.953 0.0000000000
91071  45.752  22.665  0.894 0.0000000000
92091  44.874  23.245  1.888 0.0000000000
92141  46.888  22.718  -4.413 0.0000000000
92160  47.677  22.086  -5.355 0.0000000000
93106  45.015  23.700  1.752 0.0000000000
93130  47.313  23.944  -0.928 0.0000000000
93165  52.721  23.942  -4.840 0.0000000000
93175  52.743  23.928  -5.076 0.0000000000
94115  52.436  24.312  -4.827 0.0000000000
94124  51.123  24.491  -6.053 0.0000000000
94130  51.293  25.254  -6.077 0.0000000000
94925  41.003  26.220  12.868 0.0000000000
95006  44.947  25.116  2.543 0.0000000000
95057  51.689  25.470  -4.661 0.0000000000
95065  52.555  24.501  -4.922 0.0000000000
95067  51.718  24.907  -4.590 0.0000000000
95080  51.048  25.661  -6.227 0.0000000000
95779  41.480  26.480  13.049 0.0000000000
95788  41.345  26.622  12.446 0.0000000000
95942  50.998  27.048  -4.543 0.0000000000
95953  51.325  26.245  -5.657 0.0000000000
95954  50.781  26.515  -5.911 0.0000000000
95961  50.687  26.123  -6.135 0.0000000000
96624  44.035  28.127  14.846 0.0000000000
96625  43.713  27.911  14.808 0.0000000000
96626  43.220  27.857  14.533 0.0000000000
96630  44.069  27.987  14.568 0.0000000000
96646  41.783  26.870  12.696 0.0000000000
96657  41.176  27.348  11.259 0.0000000000
96658  40.586  27.291  10.712 0.0000000000
96666  39.907  27.227  8.818 0.0000000000
96675  48.394  28.280  6.754 0.0000000000
96677  46.838  27.903  6.397 0.0000000000
96769  44.380  27.091  -3.323 0.0000000000
96804  50.884  26.720  -5.677 0.0000000000
96813  42.831  27.314  -5.036 0.0000000000
97465  43.795  28.344  14.733 0.0000000000
97466  43.391  28.030  14.853 0.0000000000
97495  43.759  28.623  12.287 0.0000000000
97524  46.203  29.033  7.908 0.0000000000
97539  41.874  28.402  7.719 0.0000000000
97546  45.906  28.196  6.691 0.0000000000
97618  41.877  28.004  -3.283 0.0000000000
97620  40.025  28.223  -2.972 0.0000000000
97628  42.813  28.136  -4.660 0.0000000000
97654  43.617  27.833  -5.582 0.0000000000
97655  43.077  27.619  -5.334 0.0000000000
97659  48.790  28.669  -6.364 0.0000000000
97660  48.348  28.744  -6.704 0.0000000000
97661  47.764  28.842  -6.648 0.0000000000
98246  44.320  28.702  14.584 0.0000000000
98247  44.186  28.580  14.642 0.0000000000
98259  52.523  29.697  12.126 0.0000000000
98260  52.157  29.940  12.356 0.0000000000
98276  53.320  29.683  11.073 0.0000000000
98279  50.596  29.975  11.527 0.0000000000
98292  53.329  29.720  10.395 0.0000000000
98302  42.782  28.936  10.843 0.0000000000
98304  53.319  29.816  10.057 0.0000000000
98305  52.916  29.502  9.509 0.0000000000
98307  50.727  28.915  9.821 0.0000000000
98316  42.102  28.972  9.814 0.0000000000
98318  52.609  29.200  8.802 0.0000000000
98319  52.395  29.422  8.520 0.0000000000
98335  51.515  29.557  6.841 0.0000000000
98339  48.569  30.189  5.344 0.0000000000
98340  48.371  30.099  5.254 0.0000000000
98343  48.795  30.221  5.161 0.0000000000
98352  50.282  29.798  3.148 0.0000000000
98358  50.198  30.224  3.192 0.0000000000
98366  46.553  29.751  1.245 0.0000000000
98452  43.651  28.403  -5.364 0.0000000000
98464  44.804  28.462  -5.885 0.0000000000
98466  38.846  29.701  -5.487 0.0000000000
99101  51.528  31.001  14.211 0.0000000000
99103  50.574  30.785  14.584 0.0000000000
99111  53.390  30.973  13.234 0.0000000000
99114  50.982  30.739  13.807 0.0000000000
99116  49.180  30.564  14.105 0.0000000000
99125  53.415  30.706  12.926 0.0000000000
99126  52.657  30.255  12.715 0.0000000000
99128  50.573  30.577  13.065 0.0000000000
99167  53.073  30.625  10.421 0.0000000000
99177  53.430  30.048  10.422 0.0000000000
99179  52.663  30.278  9.756 0.0000000000
99180  51.949  30.381  9.560 0.0000000000
99183  45.389  30.244  10.341 0.0000000000
99233  42.790  30.709  3.051 0.0000000000
99269  48.165  30.312  0.674 0.0000000000
99293  49.200  30.103  -0.465 0.0000000000
99318  39.093  30.005  -5.774 0.0000000000
99904  51.470  31.175  14.356 0.0000000000
99912  54.026  31.411  13.299 0.0000000000
99913  53.644  31.287  13.388 0.0000000000
99915  51.898  31.385  14.173 0.0000000000
99922  54.164  31.365  13.066 0.0000000000
99930  54.285  31.384  12.548 0.0000000000
99932  53.826  31.314  11.369 0.0000000000
99944  53.629  30.827  11.211 0.0000000000
99945  53.328  31.181  11.024 0.0000000000
99947  52.032  31.462  10.372 0.0000000000
99957  50.752  31.579  9.615 0.0000000000
99965  47.956  31.335  7.798 0.0000000000
99977  43.939  31.010  4.673 0.0000000000
100010  39.593  31.775  -0.124 0.0000000000
100642  54.101  31.639  13.320 0.0000000000
100664  54.141  31.803  11.595 0.0000000000
100675  54.321  32.427  11.738 0.0000000000
100678  52.436  32.275  10.627 0.0000000000
100687  52.001  32.635  10.217 0.0000000000
100689  50.488  32.356  9.537 0.0000000000
100696  47.758  32.575  7.894 0.0000000000
100699  46.567  32.704  6.914 0.0000000000
100700  46.191  32.956  6.567 0.0000000000
100714  41.412  32.439  3.125 0.0000000000
100724  40.548  32.404  2.074 0.0000000000
100735  39.858  32.233  0.788 0.0000000000
100736  39.620  32.170  0.193 0.0000000000
101421  46.124  33.382  6.225 0.0000000000
101432  42.904  33.319  4.193 0.0000000000
101451  40.720  32.879  2.329 0.0000000000
101459  40.865  33.689  1.955 0.0000000000
101466  40.026  33.058  0.733 0.0000000000
101472  39.987  33.380  -0.250 0.0000000000
101473  39.660  32.748  -0.003 0.0000000000
101498  43.650  33.768  -4.073 0.0000000000
101512  44.274  33.582  -5.046 0.0000000000
102111  50.233  34.064  7.895 0.0000000000
102151  44.277  34.299  3.763 0.0000000000
102171  41.713  34.111  2.308 0.0000000000
102182  41.234  34.118  1.736 0.0000000000
102193  42.544  34.522  0.684 0.0000000000
102195  40.885  34.106  0.946 0.0000000000
102221  40.585  33.935  -0.588 0.0000000000
102260  42.929  33.903  -3.999 0.0000000000
