#!ascii label  , from subject sub.01.base.02 vox2ras=TkReg
1067
107001  46.370  42.056  -6.052 0.0000000000
112455  51.362  49.659  -4.937 0.0000000000
104269  52.560  37.130  -1.684 0.0000000000
106227  42.161  40.645  -1.723 0.0000000000
103666  44.700  36.476  -3.541 0.0000000000
113160  49.368  50.104  -7.527 0.0000000000
114467  48.720  53.593  0.497 0.0000000000
115961  47.015  54.152  -3.363 0.0000000000
103579  53.770  36.256  3.779 0.0000000000
102863  47.581  35.672  2.079 0.0000000000
109839  50.856  45.447  -9.794 0.0000000000
105536  50.055  39.127  -4.799 0.0000000000
108990  48.518  44.213  -4.340 0.0000000000
106934  51.208  42.398  2.444 0.0000000000
116652  44.356  55.522  -7.606 0.0000000000
115264  50.559  53.723  -7.645 0.0000000000
101509  47.553  33.417  -5.616 0.0000000000
106986  44.168  41.691  -4.117 0.0000000000
104861  43.988  38.427  -1.575 0.0000000000
105529  45.911  39.883  -3.375 0.0000000000
110485  48.216  46.130  -7.414 0.0000000000
108269  45.127  44.071  -4.715 0.0000000000
115894  45.586  54.940  1.708 0.0000000000
102820  54.555  35.373  7.082 0.0000000000
102136  51.939  34.776  5.962 0.0000000000
102108  53.095  34.062  8.670 0.0000000000
117261  44.892  56.218  -11.240 0.0000000000
111160  52.453  47.565  -7.243 0.0000000000
109031  50.208  44.345  -7.954 0.0000000000
110452  51.294  46.366  -4.340 0.0000000000
111063  48.489  47.267  2.296 0.0000000000
109704  49.554  45.740  0.740 0.0000000000
108914  50.224  44.288  3.291 0.0000000000
107544  51.648  42.292  4.384 0.0000000000
115234  49.477  53.317  -3.778 0.0000000000
115979  48.743  55.026  -4.798 0.0000000000
113806  50.560  51.690  -6.412 0.0000000000
112503  51.857  49.621  -8.842 0.0000000000
104884  51.527  38.661  -3.960 0.0000000000
102946  49.796  35.056  -5.227 0.0000000000
102934  50.940  34.840  -3.610 0.0000000000
103668  42.340  36.376  -3.627 0.0000000000
102980  42.287  35.579  -7.337 0.0000000000
116024  49.279  54.737  -9.038 0.0000000000
113811  47.328  51.632  -6.827 0.0000000000
113800  49.011  51.368  -3.449 0.0000000000
111768  50.713  48.191  -2.728 0.0000000000
115944  41.193  54.191  -1.588 0.0000000000
114499  43.139  52.804  -3.429 0.0000000000
115942  48.210  54.140  -1.464 0.0000000000
104249  53.144  37.197  0.866 0.0000000000
103619  50.516  36.038  -0.588 0.0000000000
102846  50.790  35.629  3.337 0.0000000000
102140  47.705  34.555  5.307 0.0000000000
108313  48.393  43.468  -8.673 0.0000000000
105546  48.118  40.101  -5.525 0.0000000000
106291  50.094  40.824  -9.110 0.0000000000
107000  50.290  41.122  -6.109 0.0000000000
106234  50.741  40.653  -2.772 0.0000000000
110432  50.209  46.241  -1.785 0.0000000000
107598  48.445  42.555  -1.217 0.0000000000
106206  51.602  39.971  -0.188 0.0000000000
106186  53.030  39.926  2.508 0.0000000000
104795  53.534  38.485  5.912 0.0000000000
116684  42.458  55.536  -9.611 0.0000000000
117815  46.482  57.597  -9.213 0.0000000000
117216  47.555  56.501  -6.816 0.0000000000
117232  49.893  56.586  -8.841 0.0000000000
113836  50.339  51.569  -9.884 0.0000000000
111161  50.423  47.748  -8.712 0.0000000000
104281  47.749  37.678  -3.244 0.0000000000
102989  46.432  35.150  -8.012 0.0000000000
101554  43.860  33.728  -7.881 0.0000000000
102916  47.419  34.650  -1.672 0.0000000000
106993  45.247  41.858  -4.983 0.0000000000
105530  45.101  40.218  -3.358 0.0000000000
106245  45.736  40.510  -4.039 0.0000000000
109019  47.418  44.092  -6.891 0.0000000000
109020  46.911  44.636  -6.180 0.0000000000
107624  46.043  42.955  -5.722 0.0000000000
107626  44.920  42.707  -4.800 0.0000000000
102803  54.466  35.330  9.111 0.0000000000
102115  53.930  34.349  8.059 0.0000000000
102106  54.501  34.498  9.415 0.0000000000
102983  39.949  34.496  -6.509 0.0000000000
111804  52.142  48.795  -5.931 0.0000000000
110461  52.318  46.892  -6.025 0.0000000000
111138  52.269  47.448  -4.325 0.0000000000
110373  47.822  46.500  3.187 0.0000000000
109688  48.999  46.244  2.849 0.0000000000
113147  50.210  51.156  -4.376 0.0000000000
114504  50.035  52.335  -5.123 0.0000000000
113153  51.193  50.500  -5.910 0.0000000000
112468  51.671  49.643  -6.337 0.0000000000
104874  52.216  37.762  -2.836 0.0000000000
103659  51.797  36.167  -3.641 0.0000000000
102932  52.252  35.673  -2.379 0.0000000000
105511  41.609  40.253  -1.112 0.0000000000
105500  42.107  38.872  -0.670 0.0000000000
103647  44.013  36.853  -2.355 0.0000000000
103633  43.157  36.913  -1.865 0.0000000000
103667  43.494  36.372  -3.524 0.0000000000
103696  41.765  35.888  -5.452 0.0000000000
102951  43.491  36.056  -5.387 0.0000000000
114526  49.116  52.760  -8.617 0.0000000000
114527  47.920  52.610  -7.576 0.0000000000
113810  48.378  51.273  -7.178 0.0000000000
106988  42.974  42.202  -3.134 0.0000000000
106238  41.892  41.517  -2.046 0.0000000000
114483  48.545  52.957  -1.246 0.0000000000
113797  47.834  51.316  -2.510 0.0000000000
113787  47.126  51.804  -1.027 0.0000000000
115892  48.134  54.602  1.504 0.0000000000
115929  46.667  54.412  0.333 0.0000000000
115908  48.762  54.172  0.033 0.0000000000
115206  48.756  53.663  -1.292 0.0000000000
104237  53.482  37.278  2.404 0.0000000000
102873  52.544  35.636  2.025 0.0000000000
102858  52.596  35.586  2.894 0.0000000000
102126  50.920  34.555  6.591 0.0000000000
102138  49.820  34.851  5.651 0.0000000000
102128  48.764  34.328  6.305 0.0000000000
109057  49.913  44.355  -10.165 0.0000000000
107029  49.225  41.880  -9.806 0.0000000000
107659  50.071  42.504  -9.711 0.0000000000
109018  49.090  44.030  -6.137 0.0000000000
107630  49.563  42.483  -6.866 0.0000000000
107623  49.078  42.513  -5.495 0.0000000000
106983  50.661  40.791  -4.620 0.0000000000
106985  49.457  41.552  -3.241 0.0000000000
111109  49.762  47.954  -1.081 0.0000000000
111119  50.954  47.504  -2.202 0.0000000000
110410  50.261  46.955  -0.332 0.0000000000
108231  49.457  43.954  1.152 0.0000000000
108239  48.797  43.633  -0.154 0.0000000000
106952  49.459  41.727  0.558 0.0000000000
106208  49.696  41.001  -0.141 0.0000000000
106197  51.368  40.748  1.304 0.0000000000
105483  52.951  39.355  1.239 0.0000000000
106188  51.796  41.096  2.068 0.0000000000
105455  51.461  40.606  5.081 0.0000000000
106148  53.001  40.442  5.100 0.0000000000
116669  43.478  55.993  -8.911 0.0000000000
117237  44.667  56.581  -9.287 0.0000000000
117225  45.654  56.609  -8.050 0.0000000000
115228  44.671  53.184  -3.305 0.0000000000
115237  44.523  53.301  -4.199 0.0000000000
115969  46.481  54.210  -4.313 0.0000000000
115993  49.761  54.877  -6.147 0.0000000000
116622  48.690  55.520  -5.286 0.0000000000
116635  49.836  55.764  -6.972 0.0000000000
117222  48.943  57.272  -7.474 0.0000000000
116634  50.388  55.202  -7.851 0.0000000000
116022  50.602  54.413  -9.044 0.0000000000
115271  50.822  53.698  -8.677 0.0000000000
111176  51.742  47.535  -9.553 0.0000000000
111836  51.182  48.444  -9.483 0.0000000000
110496  50.474  46.702  -9.593 0.0000000000
109824  49.245  45.428  -9.292 0.0000000000
105545  48.900  39.763  -5.701 0.0000000000
105527  48.320  39.271  -3.867 0.0000000000
105526  49.262  38.868  -4.106 0.0000000000
101507  49.457  33.701  -6.229 0.0000000000
102961  47.829  35.301  -6.363 0.0000000000
101561  47.135  34.010  -8.575 0.0000000000
102288  45.547  34.352  -8.617 0.0000000000
101539  45.839  33.578  -7.214 0.0000000000
103599  49.074  36.031  0.496 0.0000000000
102902  48.751  35.787  -0.732 0.0000000000
102891  47.514  35.699  0.101 0.0000000000
106236  43.704  40.846  -2.880 0.0000000000
105509  43.753  39.388  -1.682 0.0000000000
105520  44.028  40.142  -2.348 0.0000000000
104860  44.580  38.431  -1.768 0.0000000000
104283  45.886  37.616  -2.499 0.0000000000
111817  48.922  48.401  -6.672 0.0000000000
106987  43.548  42.205  -3.660 0.0000000000
103572  54.474  35.954  5.674 0.0000000000
102833  53.744  34.886  4.955 0.0000000000
102134  53.814  34.602  6.242 0.0000000000
102117  52.033  34.321  7.509 0.0000000000
110495  52.032  46.765  -8.855 0.0000000000
109822  51.066  45.211  -9.094 0.0000000000
109805  51.506  46.000  -7.434 0.0000000000
109772  50.548  45.781  -6.059 0.0000000000
109757  49.707  45.639  -4.695 0.0000000000
111081  48.794  47.617  0.846 0.0000000000
110398  49.884  46.986  0.352 0.0000000000
110389  49.324  46.727  1.661 0.0000000000
108926  49.796  44.872  2.496 0.0000000000
108210  50.772  43.693  3.003 0.0000000000
107565  51.635  42.584  3.534 0.0000000000
108199  50.761  43.386  3.753 0.0000000000
107546  50.612  42.574  4.301 0.0000000000
106158  50.372  41.070  4.560 0.0000000000
115997  43.055  54.257  -6.615 0.0000000000
115960  47.992  54.281  -3.272 0.0000000000
115968  47.564  54.557  -4.282 0.0000000000
115966  49.197  54.038  -4.011 0.0000000000
114515  49.954  52.964  -5.975 0.0000000000
114514  50.341  52.894  -6.813 0.0000000000
113822  51.127  52.085  -8.737 0.0000000000
113159  51.158  51.069  -7.215 0.0000000000
111826  52.134  48.852  -8.170 0.0000000000
105535  50.935  39.296  -4.756 0.0000000000
104292  49.973  37.450  -3.779 0.0000000000
104291  50.837  37.343  -3.910 0.0000000000
102945  50.862  35.204  -4.533 0.0000000000
102240  48.886  33.706  -4.298 0.0000000000
102156  45.689  34.799  3.240 0.0000000000
102178  45.065  34.998  1.518 0.0000000000
103636  39.963  36.705  -1.897 0.0000000000
104272  42.595  37.354  -1.284 0.0000000000
103635  41.068  36.604  -1.871 0.0000000000
103650  40.576  36.371  -2.789 0.0000000000
103687  40.889  35.891  -4.755 0.0000000000
102967  40.783  35.402  -6.347 0.0000000000
102994  41.085  34.575  -7.831 0.0000000000
116025  48.161  55.223  -8.770 0.0000000000
115268  46.328  53.620  -7.716 0.0000000000
113139  50.096  50.371  -4.097 0.0000000000
111780  51.081  48.679  -3.648 0.0000000000
112445  49.224  49.523  -3.330 0.0000000000
111770  49.010  48.627  -2.365 0.0000000000
111758  47.342  48.740  -1.437 0.0000000000
111096  47.362  47.814  -0.109 0.0000000000
111083  46.700  47.615  0.720 0.0000000000
115220  41.893  53.054  -1.916 0.0000000000
115210  43.545  53.007  -1.704 0.0000000000
115217  45.631  53.518  -1.980 0.0000000000
115954  47.437  54.125  -2.255 0.0000000000
115952  48.893  53.921  -2.437 0.0000000000
114489  49.086  52.896  -2.833 0.0000000000
104250  52.866  37.215  0.081 0.0000000000
102912  51.841  35.467  -1.121 0.0000000000
102898  52.474  35.804  0.145 0.0000000000
103597  50.604  36.160  1.124 0.0000000000
102861  49.577  35.853  2.312 0.0000000000
102835  51.875  35.345  4.388 0.0000000000
102837  49.832  35.469  4.070 0.0000000000
102154  47.252  35.065  3.906 0.0000000000
107632  47.261  42.773  -7.067 0.0000000000
106272  47.085  41.625  -6.590 0.0000000000
106279  48.086  41.095  -8.232 0.0000000000
106278  48.749  40.396  -7.957 0.0000000000
106269  49.912  39.940  -7.152 0.0000000000
107649  50.202  42.439  -8.577 0.0000000000
107007  50.313  40.774  -6.880 0.0000000000
106260  50.576  40.098  -5.814 0.0000000000
106251  51.352  39.744  -4.493 0.0000000000
106232  51.724  39.650  -3.251 0.0000000000
105507  52.109  39.386  -2.002 0.0000000000
111129  52.003  47.493  -3.244 0.0000000000
110443  50.346  46.227  -2.871 0.0000000000
109745  48.726  44.952  -3.263 0.0000000000
109713  49.542  45.615  -0.165 0.0000000000
108959  48.623  44.364  -1.364 0.0000000000
108259  48.264  43.160  -2.939 0.0000000000
106967  49.588  41.158  -1.735 0.0000000000
106216  50.817  40.305  -1.078 0.0000000000
105498  52.561  38.909  -0.773 0.0000000000
104842  53.090  38.250  0.615 0.0000000000
104834  53.447  38.229  1.948 0.0000000000
104828  53.526  38.253  2.874 0.0000000000
106918  52.710  41.196  3.570 0.0000000000
105454  53.519  39.434  4.162 0.0000000000
104812  53.685  38.434  4.801 0.0000000000
104199  53.779  37.731  6.522 0.0000000000
117251  44.183  56.084  -10.618 0.0000000000
117249  45.579  57.043  -10.019 0.0000000000
118427  47.659  58.511  -10.345 0.0000000000
115980  47.032  54.681  -4.944 0.0000000000
116651  45.997  55.942  -7.288 0.0000000000
117224  46.911  56.869  -7.673 0.0000000000
117805  48.572  57.953  -8.128 0.0000000000
117823  49.251  57.342  -9.705 0.0000000000
116664  49.993  55.687  -9.484 0.0000000000
115273  49.666  53.561  -9.161 0.0000000000
113823  49.602  51.686  -8.870 0.0000000000
113834  51.510  51.103  -10.087 0.0000000000
113187  50.614  50.205  -10.019 0.0000000000
111828  50.240  48.716  -8.108 0.0000000000
111163  49.220  46.837  -7.841 0.0000000000
109033  47.927  44.526  -7.576 0.0000000000
105539  47.158  40.076  -4.481 0.0000000000
105517  46.958  38.869  -3.017 0.0000000000
103665  45.874  36.577  -3.659 0.0000000000
103680  48.968  36.079  -4.562 0.0000000000
102948  47.179  35.862  -5.418 0.0000000000
102950  45.339  36.127  -5.274 0.0000000000
102978  44.638  35.752  -7.250 0.0000000000
103004  42.598  34.634  -8.878 0.0000000000
102924  50.961  35.208  -2.415 0.0000000000
102926  49.041  34.502  -3.055 0.0000000000
102227  47.440  33.786  -3.114 0.0000000000
102190  45.799  34.908  -0.455 0.0000000000
102258  45.942  33.477  -4.402 0.0000000000
101389  53.986  32.931  10.860 0.0000000000
101402  51.208  33.129  9.419 0.0000000000
106264  45.901  41.707  -5.419 0.0000000000
106255  45.638  41.177  -4.806 0.0000000000
107633  46.686  42.683  -6.345 0.0000000000
108292  46.741  43.543  -6.302 0.0000000000
107002  45.649  42.277  -5.404 0.0000000000
112454  51.731  49.281  -5.481 0.0000000000
111791  52.436  47.776  -4.967 0.0000000000
111792  51.933  48.569  -4.719 0.0000000000
113146  50.701  50.474  -4.646 0.0000000000
112469  51.505  49.772  -5.632 0.0000000000
104866  52.397  38.018  -2.147 0.0000000000
103658  52.345  36.193  -2.915 0.0000000000
103642  52.502  36.280  -2.089 0.0000000000
105501  41.343  39.448  -0.530 0.0000000000
105510  42.455  39.639  -1.195 0.0000000000
103685  42.953  36.213  -4.598 0.0000000000
103684  44.161  36.215  -4.594 0.0000000000
113177  49.103  51.171  -7.786 0.0000000000
113824  48.763  51.938  -7.818 0.0000000000
113161  48.981  50.390  -7.172 0.0000000000
106237  42.711  41.155  -2.429 0.0000000000
114478  48.586  53.437  0.018 0.0000000000
114484  47.762  52.193  -1.341 0.0000000000
114479  47.831  52.623  -0.278 0.0000000000
115182  48.788  54.204  0.996 0.0000000000
115909  48.165  54.482  0.470 0.0000000000
115181  48.879  53.782  0.394 0.0000000000
115194  48.804  53.730  -0.455 0.0000000000
103586  53.457  36.407  2.825 0.0000000000
102872  53.143  35.810  2.398 0.0000000000
102857  53.284  35.719  3.246 0.0000000000
102120  49.089  34.139  6.938 0.0000000000
109071  50.339  44.800  -10.199 0.0000000000
108324  50.098  43.473  -10.156 0.0000000000
108335  50.544  44.079  -10.051 0.0000000000
109005  48.979  44.435  -5.580 0.0000000000
108290  49.071  43.355  -6.133 0.0000000000
108278  48.659  43.331  -5.075 0.0000000000
107609  49.222  41.928  -4.278 0.0000000000
107616  48.853  42.429  -4.578 0.0000000000
111108  50.288  47.540  -0.909 0.0000000000
107577  49.974  43.095  1.856 0.0000000000
107584  49.370  42.879  1.047 0.0000000000
106944  49.797  42.345  1.382 0.0000000000
106951  50.198  41.248  1.017 0.0000000000
106943  50.644  41.847  1.744 0.0000000000
106942  51.435  41.374  1.972 0.0000000000
105456  50.874  40.362  4.934 0.0000000000
116653  42.727  55.531  -7.831 0.0000000000
116668  44.303  56.233  -8.530 0.0000000000
115227  45.531  53.453  -2.955 0.0000000000
115236  45.490  53.600  -3.987 0.0000000000
115235  46.189  53.830  -3.452 0.0000000000
115256  50.258  53.740  -6.871 0.0000000000
116621  49.397  55.484  -5.841 0.0000000000
115992  50.250  54.534  -7.067 0.0000000000
116007  50.593  54.468  -8.200 0.0000000000
110508  51.390  46.563  -9.649 0.0000000000
111177  51.141  47.280  -9.716 0.0000000000
110509  50.749  46.266  -9.907 0.0000000000
109840  50.070  45.368  -9.954 0.0000000000
105544  49.787  39.525  -5.544 0.0000000000
105537  49.096  39.434  -4.764 0.0000000000
101508  48.616  33.468  -5.935 0.0000000000
101536  48.828  33.770  -7.539 0.0000000000
101523  47.826  33.455  -6.646 0.0000000000
101538  46.953  33.579  -7.373 0.0000000000
101524  46.710  33.444  -6.380 0.0000000000
102878  47.530  35.821  1.111 0.0000000000
102890  48.394  35.963  0.355 0.0000000000
102879  46.642  35.470  0.909 0.0000000000
106235  44.476  40.351  -2.966 0.0000000000
105519  44.910  39.580  -2.517 0.0000000000
104871  45.281  38.449  -2.113 0.0000000000
110473  48.546  46.674  -7.284 0.0000000000
111155  48.214  47.416  -6.577 0.0000000000
110474  47.678  46.239  -6.677 0.0000000000
109006  46.247  44.281  -5.605 0.0000000000
109775  46.444  45.420  -5.410 0.0000000000
106994  44.574  42.220  -4.570 0.0000000000
106995  44.045  42.168  -4.166 0.0000000000
106247  43.801  41.419  -3.550 0.0000000000
106977  43.158  41.636  -3.075 0.0000000000
103561  54.484  36.080  6.576 0.0000000000
102832  54.374  35.100  5.339 0.0000000000
102133  54.362  34.780  6.653 0.0000000000
102107  54.040  34.170  8.898 0.0000000000
102116  53.037  34.365  7.770 0.0000000000
102109  52.065  34.031  8.304 0.0000000000
117262  44.263  55.925  -11.126 0.0000000000
116707  44.443  55.575  -12.274 0.0000000000
110481  52.351  47.068  -7.914 0.0000000000
109821  51.557  45.919  -8.452 0.0000000000
110482  52.017  46.462  -7.731 0.0000000000
110463  51.310  46.225  -5.529 0.0000000000
110472  51.584  46.275  -6.153 0.0000000000
109773  49.641  45.261  -5.833 0.0000000000
110464  50.486  45.968  -5.072 0.0000000000
111073  48.205  47.561  1.677 0.0000000000
111071  49.282  47.085  1.408 0.0000000000
111072  49.008  47.238  1.766 0.0000000000
109678  49.096  45.908  3.003 0.0000000000
109687  49.301  46.059  2.483 0.0000000000
108211  50.288  44.178  2.620 0.0000000000
108925  50.331  44.312  2.895 0.0000000000
108209  51.164  43.106  3.456 0.0000000000
107554  49.903  42.826  4.141 0.0000000000
106910  50.060  41.933  4.303 0.0000000000
106920  49.339  42.105  3.844 0.0000000000
115959  48.815  54.098  -3.175 0.0000000000
114510  49.823  52.890  -5.324 0.0000000000
114509  50.135  52.381  -5.771 0.0000000000
113809  50.816  51.992  -7.634 0.0000000000
111815  52.174  48.908  -7.034 0.0000000000
112485  51.779  49.611  -7.604 0.0000000000
111825  52.361  48.216  -7.607 0.0000000000
110494  52.291  47.261  -8.475 0.0000000000
104885  51.093  38.682  -4.311 0.0000000000
104876  51.257  38.052  -3.922 0.0000000000
102944  51.487  35.381  -3.879 0.0000000000
103677  51.297  35.797  -4.097 0.0000000000
102238  50.431  34.514  -4.535 0.0000000000
102935  49.970  34.424  -3.730 0.0000000000
104274  40.521  37.051  -1.132 0.0000000000
104862  42.913  38.409  -1.003 0.0000000000
103648  42.809  36.550  -2.629 0.0000000000
103634  42.153  36.737  -1.865 0.0000000000
103649  41.687  36.468  -2.739 0.0000000000
103669  41.239  36.266  -3.715 0.0000000000
103670  40.153  36.076  -3.757 0.0000000000
102965  42.726  35.837  -6.089 0.0000000000
103697  41.065  35.656  -5.689 0.0000000000
102966  41.632  35.622  -6.385 0.0000000000
102981  41.302  35.274  -7.262 0.0000000000
116665  48.934  55.773  -9.575 0.0000000000
116009  48.351  54.283  -8.440 0.0000000000
115267  47.471  53.705  -7.880 0.0000000000
114528  46.823  52.945  -7.306 0.0000000000
114517  46.391  52.260  -6.878 0.0000000000
113140  49.111  50.393  -3.510 0.0000000000
112436  48.046  49.698  -2.463 0.0000000000
111757  48.364  48.701  -1.875 0.0000000000
111746  46.927  48.248  -0.858 0.0000000000
115221  41.421  53.399  -2.301 0.0000000000
115212  41.671  53.521  -1.411 0.0000000000
115218  44.700  53.167  -2.336 0.0000000000
115928  47.142  54.332  -0.148 0.0000000000
115943  47.370  54.154  -1.115 0.0000000000
115216  46.516  53.947  -1.628 0.0000000000
115953  48.408  54.108  -2.371 0.0000000000
114490  48.657  52.513  -2.480 0.0000000000
114498  48.991  52.099  -3.238 0.0000000000
113799  49.607  51.534  -3.863 0.0000000000
103617  52.732  36.340  -0.361 0.0000000000
103607  52.944  36.352  0.484 0.0000000000
102859  51.745  35.704  2.621 0.0000000000
102874  51.748  35.756  1.632 0.0000000000
102860  50.723  35.853  2.375 0.0000000000
103588  49.872  36.072  1.592 0.0000000000
102847  49.716  35.642  3.218 0.0000000000
102825  52.900  34.994  5.420 0.0000000000
102834  52.860  35.202  4.624 0.0000000000
102826  51.914  35.040  5.189 0.0000000000
102139  48.767  34.723  5.353 0.0000000000
102828  49.859  35.208  4.855 0.0000000000
102146  48.377  34.894  4.759 0.0000000000
102838  48.732  35.322  4.035 0.0000000000
102147  47.606  34.886  4.511 0.0000000000
102148  46.614  34.672  4.450 0.0000000000
102141  46.687  34.387  5.298 0.0000000000
107641  47.675  42.466  -8.024 0.0000000000
107009  47.432  41.783  -7.495 0.0000000000
107651  48.058  42.279  -8.629 0.0000000000
106292  49.627  40.975  -9.480 0.0000000000
106285  48.799  40.839  -9.113 0.0000000000
106284  49.549  40.482  -8.743 0.0000000000
105557  49.509  39.876  -7.123 0.0000000000
106283  50.094  40.600  -8.380 0.0000000000
109030  50.541  44.594  -8.320 0.0000000000
108311  50.517  43.310  -9.053 0.0000000000
108312  50.211  43.271  -8.516 0.0000000000
107622  49.660  41.867  -5.947 0.0000000000
107014  49.875  41.852  -7.408 0.0000000000
106999  50.472  40.524  -6.203 0.0000000000
106252  51.016  40.080  -5.059 0.0000000000
106991  50.601  40.656  -5.516 0.0000000000
106974  50.680  40.785  -3.625 0.0000000000
106243  51.233  40.307  -4.190 0.0000000000
106233  51.354  40.264  -3.221 0.0000000000
105516  52.021  39.098  -2.873 0.0000000000
106223  51.723  39.828  -2.525 0.0000000000
111781  50.348  48.548  -3.242 0.0000000000
111767  51.518  47.958  -2.935 0.0000000000
110431  50.886  46.801  -2.334 0.0000000000
109744  49.579  45.717  -3.616 0.0000000000
109731  49.462  45.700  -2.453 0.0000000000
110411  49.848  46.395  0.131 0.0000000000
107591  48.612  42.758  -0.364 0.0000000000
108952  48.708  44.047  -0.725 0.0000000000
108246  48.490  43.461  -0.927 0.0000000000
108253  48.284  43.346  -1.852 0.0000000000
107604  48.490  42.341  -2.272 0.0000000000
106968  48.805  41.691  -1.492 0.0000000000
106207  50.390  40.709  0.276 0.0000000000
105499  52.101  39.430  -1.083 0.0000000000
105490  52.265  39.475  -0.375 0.0000000000
105489  52.647  39.153  0.153 0.0000000000
105476  53.043  39.635  2.043 0.0000000000
105482  53.316  39.058  1.789 0.0000000000
105475  53.352  39.242  2.526 0.0000000000
105468  53.513  39.132  3.324 0.0000000000
106919  52.236  42.027  3.897 0.0000000000
105442  53.306  39.567  5.183 0.0000000000
106155  53.176  40.557  4.450 0.0000000000
104217  54.066  37.290  5.381 0.0000000000
116685  41.497  55.412  -9.329 0.0000000000
116683  43.398  55.794  -10.108 0.0000000000
117236  45.616  57.180  -9.015 0.0000000000
117827  46.325  57.486  -9.910 0.0000000000
116609  48.047  54.916  -4.588 0.0000000000
116608  48.356  55.100  -4.786 0.0000000000
116637  48.021  56.131  -5.928 0.0000000000
116638  46.784  55.538  -6.325 0.0000000000
117217  47.033  56.217  -7.016 0.0000000000
117221  49.646  56.717  -7.897 0.0000000000
117804  49.271  57.423  -8.370 0.0000000000
117812  49.012  57.994  -9.245 0.0000000000
117811  49.526  57.222  -9.065 0.0000000000
116678  49.553  56.350  -9.760 0.0000000000
115272  50.514  53.633  -9.371 0.0000000000
114536  50.166  52.597  -9.549 0.0000000000
114525  49.635  52.488  -9.137 0.0000000000
113821  51.429  51.274  -9.150 0.0000000000
113186  51.673  50.456  -9.495 0.0000000000
112511  50.835  49.766  -9.809 0.0000000000
112504  50.656  49.126  -8.996 0.0000000000
112505  50.167  49.689  -8.561 0.0000000000
111153  49.629  47.750  -7.566 0.0000000000
111162  49.992  47.555  -8.176 0.0000000000
109044  48.810  44.358  -9.031 0.0000000000
109808  48.470  45.002  -8.322 0.0000000000
109032  48.279  44.064  -8.250 0.0000000000
108302  47.811  43.467  -7.797 0.0000000000
106262  47.630  40.449  -5.952 0.0000000000
106254  46.682  40.562  -4.901 0.0000000000
106253  47.521  40.229  -5.110 0.0000000000
104868  47.860  38.083  -3.154 0.0000000000
104880  47.663  38.907  -3.293 0.0000000000
104282  46.888  37.654  -2.847 0.0000000000
103645  46.399  37.021  -3.022 0.0000000000
103664  46.998  36.671  -3.739 0.0000000000
103662  49.431  36.797  -4.060 0.0000000000
102976  47.082  35.212  -7.224 0.0000000000
102962  46.508  35.592  -6.247 0.0000000000
102949  46.001  36.019  -5.335 0.0000000000
102977  45.847  35.496  -7.178 0.0000000000
102990  45.306  35.325  -8.064 0.0000000000
101564  44.137  33.958  -8.479 0.0000000000
103003  43.703  34.799  -8.720 0.0000000000
102290  43.362  34.171  -8.858 0.0000000000
102291  42.349  33.840  -8.923 0.0000000000
101555  42.765  33.589  -7.811 0.0000000000
102900  51.328  35.736  -0.725 0.0000000000
102913  50.968  35.646  -1.397 0.0000000000
103630  50.148  35.918  -1.125 0.0000000000
102903  47.539  35.276  -0.902 0.0000000000
102915  48.600  35.129  -1.943 0.0000000000
102213  48.023  34.292  -2.521 0.0000000000
102214  47.028  34.098  -2.249 0.0000000000
102179  44.060  34.773  1.464 0.0000000000
102893  45.766  35.067  0.162 0.0000000000
102191  44.882  34.961  0.316 0.0000000000
106256  44.791  41.526  -4.527 0.0000000000
106246  44.594  40.867  -3.866 0.0000000000
109791  47.521  45.074  -6.808 0.0000000000
109792  47.099  45.508  -6.163 0.0000000000
108279  46.124  43.620  -5.677 0.0000000000
108280  45.495  43.792  -5.093 0.0000000000
108281  45.000  43.235  -4.780 0.0000000000
107625  45.374  42.860  -5.131 0.0000000000
107003  45.149  42.361  -4.978 0.0000000000
102815  54.535  35.373  8.048 0.0000000000
102122  54.446  34.738  7.548 0.0000000000
102114  54.564  34.641  8.486 0.0000000000
102103  54.069  33.893  9.652 0.0000000000
111814  52.444  48.177  -6.604 0.0000000000
110470  52.303  46.934  -6.971 0.0000000000
111803  52.480  48.059  -5.623 0.0000000000
110450  52.360  46.978  -5.157 0.0000000000
110451  51.940  46.672  -4.748 0.0000000000
110384  48.132  47.053  2.872 0.0000000000
110383  48.837  46.763  2.521 0.0000000000
110372  48.370  46.629  2.988 0.0000000000
108915  49.267  45.037  3.196 0.0000000000
114497  49.403  52.624  -3.491 0.0000000000
114505  49.804  52.452  -4.444 0.0000000000
113803  50.376  51.604  -5.093 0.0000000000
113152  51.459  50.132  -6.362 0.0000000000
104875  51.821  38.190  -3.378 0.0000000000
104290  51.539  37.220  -3.715 0.0000000000
104289  52.103  37.089  -3.233 0.0000000000
102933  51.912  35.296  -3.078 0.0000000000
104285  44.257  37.423  -1.941 0.0000000000
104271  43.635  37.516  -1.661 0.0000000000
103632  43.611  37.055  -1.913 0.0000000000
103686  41.918  36.196  -4.572 0.0000000000
102952  42.891  36.070  -5.318 0.0000000000
115265  49.086  53.425  -8.705 0.0000000000
115266  48.514  53.461  -8.267 0.0000000000
113825  48.108  51.882  -7.292 0.0000000000
106978  42.379  42.146  -2.620 0.0000000000
106979  41.786  42.123  -2.138 0.0000000000
106228  41.264  41.110  -1.387 0.0000000000
106218  40.869  40.466  -0.678 0.0000000000
113796  48.415  51.363  -2.989 0.0000000000
114491  48.027  52.026  -2.153 0.0000000000
113793  47.331  51.288  -1.923 0.0000000000
115910  47.276  54.559  0.841 0.0000000000
115911  46.114  54.536  0.763 0.0000000000
115926  48.707  54.038  -0.879 0.0000000000
104243  53.356  37.213  1.599 0.0000000000
103606  53.136  36.405  1.265 0.0000000000
102887  53.058  35.882  1.709 0.0000000000
102845  51.805  35.571  3.530 0.0000000000
102137  50.889  34.826  5.807 0.0000000000
102127  49.868  34.564  6.453 0.0000000000
102129  47.800  34.222  6.011 0.0000000000
108325  49.191  43.470  -9.669 0.0000000000
107650  48.482  42.553  -9.151 0.0000000000
107661  48.984  42.396  -9.738 0.0000000000
107660  49.555  42.538  -9.944 0.0000000000
107027  50.119  41.556  -9.435 0.0000000000
109017  49.415  44.260  -6.615 0.0000000000
108300  49.671  43.334  -7.528 0.0000000000
108289  49.386  43.352  -6.808 0.0000000000
107631  49.301  42.524  -6.125 0.0000000000
106992  50.171  41.340  -5.194 0.0000000000
107615  49.465  41.899  -4.928 0.0000000000
106984  49.827  41.430  -4.038 0.0000000000
106975  50.001  41.137  -2.845 0.0000000000
111755  50.198  47.954  -1.874 0.0000000000
110421  50.573  46.926  -1.314 0.0000000000
108944  49.374  44.875  0.517 0.0000000000
107585  48.916  42.773  0.355 0.0000000000
106953  48.842  42.263  0.064 0.0000000000
106960  49.296  41.283  -0.679 0.0000000000
106196  52.237  39.920  0.787 0.0000000000
106187  52.505  40.495  2.175 0.0000000000
106172  52.727  40.781  2.999 0.0000000000
106902  52.224  41.334  4.955 0.0000000000
106901  52.395  41.413  4.853 0.0000000000
106149  52.510  40.859  5.134 0.0000000000
105443  52.689  39.894  5.505 0.0000000000
116670  42.126  55.668  -8.658 0.0000000000
117238  44.086  56.270  -9.846 0.0000000000
117226  44.880  56.492  -8.466 0.0000000000
117235  46.327  57.297  -8.510 0.0000000000
115229  43.749  52.971  -3.538 0.0000000000
115238  43.667  53.124  -4.388 0.0000000000
115246  45.099  53.686  -4.738 0.0000000000
115978  49.244  54.645  -5.091 0.0000000000
116636  49.056  56.232  -6.122 0.0000000000
117215  48.493  56.774  -6.702 0.0000000000
117214  49.290  56.678  -6.934 0.0000000000
116649  50.157  55.893  -8.315 0.0000000000
116648  50.422  55.108  -8.739 0.0000000000
114535  50.853  52.834  -9.153 0.0000000000
111835  51.867  48.508  -9.228 0.0000000000
112510  51.482  49.642  -9.883 0.0000000000
111842  51.557  48.051  -9.593 0.0000000000
111170  50.604  47.527  -9.135 0.0000000000
111171  50.092  46.886  -9.008 0.0000000000
110497  49.788  46.141  -9.425 0.0000000000
109841  49.567  45.179  -9.736 0.0000000000
106261  48.441  40.093  -6.160 0.0000000000
105538  48.053  39.841  -4.691 0.0000000000
104879  48.375  38.306  -3.410 0.0000000000
102959  49.777  34.552  -5.984 0.0000000000
102960  49.142  34.734  -6.392 0.0000000000
102266  49.391  34.413  -6.917 0.0000000000
102987  48.090  34.555  -8.038 0.0000000000
103000  46.912  34.730  -8.527 0.0000000000
103001  45.929  34.713  -8.420 0.0000000000
101562  46.306  34.103  -8.442 0.0000000000
101563  45.245  33.992  -8.501 0.0000000000
101540  44.718  33.534  -7.106 0.0000000000
103610  49.717  36.195  0.020 0.0000000000
103620  49.581  35.970  -0.772 0.0000000000
103611  49.092  36.013  -0.191 0.0000000000
106226  43.157  40.333  -1.997 0.0000000000
105508  44.552  38.896  -1.805 0.0000000000
104270  44.465  37.935  -1.775 0.0000000000
104284  44.890  37.500  -2.167 0.0000000000
103646  45.296  36.971  -2.824 0.0000000000
112486  49.501  49.453  -7.407 0.0000000000
112487  48.474  49.478  -6.502 0.0000000000
111818  47.789  48.461  -6.225 0.0000000000
107617  44.525  42.997  -4.508 0.0000000000
108271  44.134  43.332  -4.126 0.0000000000
115893  47.092  54.989  1.968 0.0000000000
103576  54.140  36.415  4.619 0.0000000000
102843  53.599  35.388  4.128 0.0000000000
102842  54.112  35.259  4.674 0.0000000000
102145  54.068  34.664  5.553 0.0000000000
102135  52.930  34.804  6.146 0.0000000000
102123  53.844  34.527  7.167 0.0000000000
102124  52.993  34.646  6.932 0.0000000000
102125  51.985  34.530  6.719 0.0000000000
102118  51.006  34.300  7.339 0.0000000000
109838  51.473  45.979  -9.278 0.0000000000
109056  50.817  44.491  -9.688 0.0000000000
109806  50.776  45.204  -8.011 0.0000000000
109807  50.424  44.909  -7.681 0.0000000000
110471  51.843  46.358  -6.696 0.0000000000
109789  51.181  45.912  -6.737 0.0000000000
109790  50.220  45.202  -7.050 0.0000000000
109004  49.313  44.679  -6.024 0.0000000000
109758  49.031  45.113  -4.463 0.0000000000
111095  48.421  47.809  -0.074 0.0000000000
111093  49.977  47.352  0.092 0.0000000000
111080  49.495  47.204  0.818 0.0000000000
110399  49.566  46.522  0.869 0.0000000000
109693  49.480  45.840  1.624 0.0000000000
110382  49.185  46.653  2.200 0.0000000000
108933  49.636  44.940  1.445 0.0000000000
108222  49.909  44.136  2.059 0.0000000000
108221  50.385  43.653  2.422 0.0000000000
107576  50.755  42.955  2.426 0.0000000000
107566  51.307  42.819  2.943 0.0000000000
108198  51.319  42.936  3.830 0.0000000000
107553  51.219  42.883  4.065 0.0000000000
108191  50.897  42.941  4.148 0.0000000000
107545  51.298  42.450  4.327 0.0000000000
106909  50.933  41.878  4.549 0.0000000000
116011  43.615  54.744  -7.018 0.0000000000
115967  48.520  54.599  -4.235 0.0000000000
115245  49.528  53.518  -4.750 0.0000000000
115257  49.831  53.758  -6.006 0.0000000000
114524  50.823  52.897  -8.148 0.0000000000
113175  51.302  51.429  -8.214 0.0000000000
113174  51.565  50.539  -8.234 0.0000000000
113158  51.469  50.244  -6.929 0.0000000000
111169  52.169  47.641  -8.856 0.0000000000
104886  50.555  38.780  -4.466 0.0000000000
105525  50.005  38.625  -4.258 0.0000000000
104877  50.497  38.178  -4.042 0.0000000000
103661  50.419  36.639  -4.021 0.0000000000
103679  50.096  35.900  -4.403 0.0000000000
103660  51.174  36.506  -3.984 0.0000000000
103678  50.842  35.980  -4.258 0.0000000000
102254  50.442  34.699  -5.047 0.0000000000
102255  49.875  34.302  -5.443 0.0000000000
102256  49.283  33.656  -5.233 0.0000000000
101493  48.294  33.486  -4.947 0.0000000000
102850  46.684  35.276  2.728 0.0000000000
102865  45.947  35.146  1.648 0.0000000000
102167  45.309  34.921  2.417 0.0000000000
104852  42.146  38.377  -0.646 0.0000000000
104259  41.989  37.839  -0.727 0.0000000000
104273  41.558  37.145  -1.179 0.0000000000
103651  39.465  36.275  -2.776 0.0000000000
102968  40.008  35.223  -6.145 0.0000000000
116010  47.526  54.524  -8.360 0.0000000000
113162  47.893  50.502  -6.549 0.0000000000
113138  50.496  50.160  -4.322 0.0000000000
111793  51.271  49.125  -4.367 0.0000000000
112443  50.688  49.653  -4.243 0.0000000000
112444  49.870  49.239  -3.656 0.0000000000
112434  49.332  49.119  -3.187 0.0000000000
113130  48.476  50.402  -3.049 0.0000000000
112435  48.696  49.440  -2.797 0.0000000000
111769  49.669  48.510  -2.778 0.0000000000
111756  49.361  48.206  -1.830 0.0000000000
111082  47.811  47.709  0.814 0.0000000000
114493  42.112  52.798  -2.574 0.0000000000
115211  42.356  53.095  -1.458 0.0000000000
114485  42.653  52.832  -2.087 0.0000000000
114492  43.101  52.767  -2.794 0.0000000000
115219  43.950  52.996  -2.740 0.0000000000
115226  46.379  53.853  -2.608 0.0000000000
115183  45.855  54.300  0.292 0.0000000000
115208  45.781  53.762  -1.033 0.0000000000
115225  49.075  53.739  -2.796 0.0000000000
115215  48.894  53.398  -2.274 0.0000000000
115214  49.057  53.239  -2.689 0.0000000000
104258  52.675  37.170  -0.796 0.0000000000
103629  52.611  36.310  -1.234 0.0000000000
102911  52.372  35.743  -0.744 0.0000000000
102899  51.829  35.608  -0.214 0.0000000000
102888  52.620  35.808  1.107 0.0000000000
102889  51.938  35.686  0.691 0.0000000000
103609  50.514  36.198  0.286 0.0000000000
103598  49.641  36.123  0.939 0.0000000000
102876  49.226  35.937  1.693 0.0000000000
102862  48.522  35.751  2.281 0.0000000000
102844  52.731  35.442  3.768 0.0000000000
102827  50.874  35.111  5.010 0.0000000000
102836  50.848  35.380  4.192 0.0000000000
102848  48.669  35.574  3.130 0.0000000000
102849  47.588  35.409  3.094 0.0000000000
102155  46.572  34.952  3.632 0.0000000000
107010  47.009  42.172  -6.673 0.0000000000
106271  47.712  40.929  -7.030 0.0000000000
106286  48.349  41.423  -8.884 0.0000000000
106270  48.448  40.240  -6.885 0.0000000000
105552  49.030  39.874  -6.650 0.0000000000
105551  49.701  39.765  -6.435 0.0000000000
108323  50.442  43.501  -9.568 0.0000000000
107648  50.374  42.430  -9.082 0.0000000000
107018  50.262  41.359  -8.792 0.0000000000
107640  49.892  42.314  -7.973 0.0000000000
107013  50.116  41.271  -7.831 0.0000000000
106276  50.143  40.368  -7.501 0.0000000000
106268  50.235  40.131  -6.594 0.0000000000
105543  50.493  39.626  -5.362 0.0000000000
105534  51.459  39.216  -4.251 0.0000000000
106242  51.565  39.755  -3.881 0.0000000000
105524  51.720  39.120  -3.633 0.0000000000
104867  52.191  38.398  -2.739 0.0000000000
111779  51.926  48.094  -3.675 0.0000000000
110441  51.992  46.770  -3.669 0.0000000000
110430  51.604  47.092  -2.798 0.0000000000
110442  51.200  46.537  -3.269 0.0000000000
110453  50.451  46.137  -3.963 0.0000000000
110422  50.089  46.269  -0.740 0.0000000000
109721  49.367  45.471  -1.252 0.0000000000
108951  48.993  44.681  -0.464 0.0000000000
108958  48.895  44.941  -1.097 0.0000000000
109732  48.793  45.037  -2.024 0.0000000000
108966  48.333  44.192  -2.469 0.0000000000
108976  48.297  43.972  -3.422 0.0000000000
108268  48.450  43.177  -4.004 0.0000000000
107610  48.863  42.122  -3.510 0.0000000000
106976  49.151  41.604  -2.533 0.0000000000
106217  49.962  40.730  -0.882 0.0000000000
106225  50.378  40.689  -1.930 0.0000000000
106224  51.136  40.303  -2.184 0.0000000000
106215  51.580  39.869  -1.520 0.0000000000
105506  52.406  38.814  -1.606 0.0000000000
104859  52.543  38.044  -1.226 0.0000000000
104851  52.726  38.138  -0.328 0.0000000000
104835  53.305  38.589  1.337 0.0000000000
104841  53.332  37.902  1.248 0.0000000000
104230  53.606  37.281  3.309 0.0000000000
106933  51.850  41.745  2.728 0.0000000000
106932  52.461  41.078  2.892 0.0000000000
106171  53.145  40.234  3.292 0.0000000000
106907  52.694  41.327  4.516 0.0000000000
104821  53.640  38.322  3.789 0.0000000000
104228  53.838  37.318  4.268 0.0000000000
103573  54.312  36.375  5.220 0.0000000000
104198  54.317  36.782  6.100 0.0000000000
103544  54.280  36.361  7.627 0.0000000000
117250  44.900  56.498  -10.331 0.0000000000
117840  46.222  57.268  -10.467 0.0000000000
117839  46.920  57.760  -10.814 0.0000000000
118426  48.277  58.429  -10.866 0.0000000000
115996  44.065  54.403  -6.524 0.0000000000
116640  44.740  54.850  -6.858 0.0000000000
116623  47.690  55.220  -5.174 0.0000000000
116639  45.471  55.142  -6.794 0.0000000000
117223  48.014  57.335  -7.368 0.0000000000
117806  47.693  57.864  -8.086 0.0000000000
117814  47.080  57.937  -8.787 0.0000000000
117813  48.051  58.468  -8.991 0.0000000000
118420  48.402  58.490  -9.982 0.0000000000
117824  48.918  57.893  -10.415 0.0000000000
117246  49.064  56.823  -10.092 0.0000000000
116663  50.354  54.927  -9.244 0.0000000000
116023  50.164  54.503  -9.468 0.0000000000
114537  49.664  52.863  -9.195 0.0000000000
113176  49.601  50.444  -8.107 0.0000000000
113835  51.005  51.876  -9.821 0.0000000000
112519  51.253  50.120  -10.340 0.0000000000
113198  50.873  50.416  -10.370 0.0000000000
113199  50.559  51.046  -10.304 0.0000000000
113188  50.272  50.493  -9.567 0.0000000000
111816  49.654  48.220  -7.422 0.0000000000
111154  49.214  47.508  -7.259 0.0000000000
110483  49.480  46.603  -8.597 0.0000000000
110484  48.697  46.090  -8.204 0.0000000000
109809  48.074  45.510  -7.491 0.0000000000
108291  47.343  43.444  -6.972 0.0000000000
106263  46.651  41.166  -5.873 0.0000000000
106244  46.518  40.162  -4.060 0.0000000000
105528  47.099  39.569  -3.645 0.0000000000
105518  46.122  39.155  -2.802 0.0000000000
104878  49.547  38.209  -3.775 0.0000000000
104293  48.950  37.587  -3.708 0.0000000000
103663  48.114  37.047  -3.788 0.0000000000
102947  48.487  35.554  -5.438 0.0000000000
103681  47.714  36.298  -4.592 0.0000000000
103682  46.511  36.338  -4.551 0.0000000000
103683  45.342  36.301  -4.577 0.0000000000
103693  44.861  36.166  -5.187 0.0000000000
103694  44.320  36.071  -5.491 0.0000000000
102964  43.953  35.851  -6.267 0.0000000000
102979  43.434  35.723  -7.311 0.0000000000
103002  44.829  34.792  -8.530 0.0000000000
102991  44.138  35.440  -8.195 0.0000000000
102992  42.959  35.424  -8.343 0.0000000000
102993  41.884  35.064  -8.223 0.0000000000
102922  52.303  35.693  -1.616 0.0000000000
102923  51.802  35.331  -2.015 0.0000000000
102914  49.792  35.663  -1.532 0.0000000000
102925  49.924  34.946  -2.741 0.0000000000
102936  49.278  34.057  -3.788 0.0000000000
102241  47.875  33.525  -4.009 0.0000000000
101494  47.282  33.439  -4.673 0.0000000000
102880  45.819  35.109  0.767 0.0000000000
102892  46.528  35.191  -0.045 0.0000000000
102904  46.649  34.799  -0.969 0.0000000000
102202  45.015  34.661  -0.905 0.0000000000
102201  45.913  34.527  -1.292 0.0000000000
102215  46.120  34.079  -2.036 0.0000000000
102228  46.425  33.743  -2.875 0.0000000000
102242  46.737  33.544  -3.926 0.0000000000
101510  46.443  33.389  -5.161 0.0000000000
101525  45.577  33.445  -6.194 0.0000000000
101526  44.482  33.545  -6.085 0.0000000000
101399  53.983  33.486  10.324 0.0000000000
101400  53.201  33.547  9.928 0.0000000000
101391  52.543  33.074  10.339 0.0000000000
101406  52.051  33.706  9.067 0.0000000000
101390  53.217  33.056  10.665 0.0000000000
101401  52.127  33.254  9.788 0.0000000000
101405  52.801  33.759  9.360 0.0000000000
101495  46.732  33.449  -4.533 0.0000000000
101521  49.444  33.747  -7.017 0.0000000000
101522  48.829  33.440  -6.876 0.0000000000
101535  49.362  33.878  -7.322 0.0000000000
101537  47.991  33.558  -7.541 0.0000000000
101549  48.480  33.899  -7.858 0.0000000000
101550  47.981  33.835  -8.226 0.0000000000
101551  47.112  33.739  -8.147 0.0000000000
101552  46.082  33.787  -8.000 0.0000000000
101553  44.974  33.667  -7.964 0.0000000000
101560  47.578  34.025  -8.587 0.0000000000
101565  43.062  33.750  -8.504 0.0000000000
102104  53.494  33.887  9.284 0.0000000000
102144  54.324  34.787  5.947 0.0000000000
102226  48.457  33.918  -3.417 0.0000000000
102239  49.762  33.990  -4.514 0.0000000000
102257  46.463  33.461  -4.480 0.0000000000
102265  49.692  34.187  -6.641 0.0000000000
102271  49.542  33.969  -7.142 0.0000000000
102272  49.090  34.181  -7.373 0.0000000000
102273  48.502  34.387  -7.711 0.0000000000
102279  48.724  33.979  -7.698 0.0000000000
102280  48.345  34.157  -7.976 0.0000000000
102285  47.812  34.189  -8.434 0.0000000000
102286  47.294  34.291  -8.642 0.0000000000
102287  46.546  34.352  -8.641 0.0000000000
102289  44.456  34.311  -8.756 0.0000000000
102823  54.573  35.258  6.173 0.0000000000
102824  53.579  34.736  5.624 0.0000000000
102829  49.101  35.132  4.623 0.0000000000
102839  47.959  35.255  3.745 0.0000000000
102851  46.068  35.115  2.382 0.0000000000
102864  46.714  35.476  1.828 0.0000000000
102875  50.996  36.002  1.618 0.0000000000
102877  48.556  35.928  1.296 0.0000000000
102901  49.363  35.827  -1.016 0.0000000000
102917  46.636  34.406  -1.611 0.0000000000
102963  45.176  35.917  -6.035 0.0000000000
102974  49.096  34.518  -7.041 0.0000000000
102975  48.335  34.717  -7.309 0.0000000000
102988  47.472  34.970  -7.999 0.0000000000
102998  48.013  34.379  -8.270 0.0000000000
102999  47.620  34.537  -8.422 0.0000000000
103575  54.330  35.742  4.932 0.0000000000
103578  54.090  35.724  4.351 0.0000000000
103587  50.360  36.022  1.815 0.0000000000
103595  53.330  36.433  2.001 0.0000000000
103596  51.378  35.964  1.099 0.0000000000
103608  51.305  35.977  0.452 0.0000000000
103618  51.163  35.969  -0.184 0.0000000000
103621  49.133  35.928  -0.554 0.0000000000
103631  49.830  35.892  -1.159 0.0000000000
103643  47.706  37.312  -3.425 0.0000000000
103644  47.309  37.205  -3.288 0.0000000000
103695  42.439  36.078  -5.209 0.0000000000
104216  54.324  36.594  5.588 0.0000000000
104280  52.424  37.066  -2.522 0.0000000000
104294  48.306  37.642  -3.468 0.0000000000
104869  47.441  38.270  -2.982 0.0000000000
104870  46.449  38.342  -2.615 0.0000000000
105515  52.268  38.782  -2.293 0.0000000000
105550  50.223  39.779  -5.983 0.0000000000
105558  49.102  40.013  -7.335 0.0000000000
106150  51.876  41.000  5.086 0.0000000000
106156  53.000  40.942  4.924 0.0000000000
106157  51.257  41.157  4.842 0.0000000000
106198  50.603  41.058  1.162 0.0000000000
106205  52.210  39.658  0.085 0.0000000000
106277  49.635  40.123  -7.810 0.0000000000
106293  49.184  41.311  -9.711 0.0000000000
106906  53.027  41.079  4.146 0.0000000000
106908  51.881  41.831  4.638 0.0000000000
106917  53.099  40.838  3.889 0.0000000000
106961  48.755  41.954  -0.478 0.0000000000
107008  49.988  41.525  -6.851 0.0000000000
107015  47.895  41.778  -8.436 0.0000000000
107019  48.676  41.692  -9.479 0.0000000000
107020  48.265  41.909  -8.963 0.0000000000
107028  49.675  41.724  -9.803 0.0000000000
107552  51.677  42.527  4.158 0.0000000000
107618  44.020  42.660  -4.176 0.0000000000
107639  50.211  41.913  -8.508 0.0000000000
108192  50.438  43.162  4.099 0.0000000000
108232  49.140  43.477  0.547 0.0000000000
108238  49.168  44.133  0.315 0.0000000000
108301  48.160  43.650  -8.228 0.0000000000
108314  48.089  42.820  -8.453 0.0000000000
108336  50.358  44.275  -10.233 0.0000000000
109042  50.626  44.186  -8.811 0.0000000000
109043  50.373  43.924  -8.482 0.0000000000
109058  49.445  44.705  -9.724 0.0000000000
109070  50.590  44.677  -10.080 0.0000000000
109722  48.858  45.011  -1.419 0.0000000000
109774  49.273  45.181  -5.165 0.0000000000
109788  51.542  46.082  -6.948 0.0000000000
109823  49.683  45.667  -9.616 0.0000000000
109855  50.471  45.041  -10.111 0.0000000000
109856  50.296  45.063  -10.171 0.0000000000
110385  47.259  46.973  2.971 0.0000000000
110390  49.156  46.908  2.069 0.0000000000
110462  51.935  46.541  -5.695 0.0000000000
110498  49.231  46.103  -8.928 0.0000000000
110510  50.309  46.123  -9.781 0.0000000000
111062  48.812  47.135  2.222 0.0000000000
111079  49.757  47.203  0.385 0.0000000000
111118  51.618  47.530  -2.737 0.0000000000
111137  52.444  47.379  -4.945 0.0000000000
111145  52.494  47.402  -5.474 0.0000000000
111152  52.500  47.477  -6.301 0.0000000000
111168  52.381  47.641  -8.112 0.0000000000
111759  46.744  48.757  -1.150 0.0000000000
111827  50.573  48.183  -8.777 0.0000000000
111834  52.248  48.169  -8.443 0.0000000000
111843  51.418  47.803  -9.678 0.0000000000
112512  50.466  49.766  -9.283 0.0000000000
112520  51.081  49.938  -10.237 0.0000000000
113131  47.873  50.437  -2.588 0.0000000000
113197  51.467  50.420  -10.275 0.0000000000
113804  50.047  51.703  -4.399 0.0000000000
113842  51.334  50.797  -10.591 0.0000000000
113843  51.040  51.234  -10.515 0.0000000000
113844  50.726  51.492  -10.259 0.0000000000
114486  42.226  52.891  -1.993 0.0000000000
114516  47.104  52.364  -7.116 0.0000000000
115224  49.212  53.311  -2.986 0.0000000000
115230  43.169  52.878  -3.854 0.0000000000
115927  48.157  54.308  -0.508 0.0000000000
115941  48.704  53.885  -1.759 0.0000000000
115958  49.218  53.744  -3.303 0.0000000000
116008  49.044  53.911  -8.664 0.0000000000
116650  46.706  56.113  -7.104 0.0000000000
116695  44.340  55.765  -11.593 0.0000000000
117245  49.571  56.666  -9.519 0.0000000000
117803  49.637  57.023  -8.540 0.0000000000
117825  47.528  58.407  -9.548 0.0000000000
117826  46.967  58.123  -9.896 0.0000000000
118421  47.916  58.613  -9.728 0.0000000000
118428  47.221  58.248  -10.509 0.0000000000
118438  48.033  58.275  -11.361 0.0000000000
118439  47.635  58.317  -11.057 0.0000000000
118440  47.363  58.283  -10.754 0.0000000000
