#!ascii label  , from subject sub.01.base.02 vox2ras=TkReg
1054
57122  24.967  -5.670  37.427 0.0000000000
54579  36.215  -8.572  44.626 0.0000000000
74159  40.077  6.087  19.886 0.0000000000
65592  34.264  -1.343  31.251 0.0000000000
59648  39.300  -5.056  36.616 0.0000000000
84706  49.823  15.331  13.067 0.0000000000
70473  41.119  3.470  23.120 0.0000000000
69233  36.031  4.382  24.246 0.0000000000
57106  19.683  -6.881  38.768 0.0000000000
54676  30.328  -7.172  41.470 0.0000000000
55899  34.290  -7.033  39.211 0.0000000000
57187  27.779  -6.716  35.843 0.0000000000
79545  44.719  11.719  17.112 0.0000000000
63189  27.890  -3.443  42.161 0.0000000000
59566  22.778  -4.658  43.247 0.0000000000
78437  44.426  9.186  20.630 0.0000000000
57023  17.607  -5.927  43.833 0.0000000000
54609  13.121  -9.077  43.574 0.0000000000
70374  35.491  4.254  29.570 0.0000000000
65561  37.397  -1.861  34.172 0.0000000000
57258  38.410  -8.046  32.092 0.0000000000
55958  36.585  -8.528  36.130 0.0000000000
71694  40.763  5.019  25.447 0.0000000000
69231  38.434  4.304  24.064 0.0000000000
70403  38.475  4.767  25.817 0.0000000000
72927  42.618  5.427  25.197 0.0000000000
57192  22.993  -6.840  35.302 0.0000000000
57165  20.311  -7.524  36.337 0.0000000000
57124  21.787  -6.164  38.040 0.0000000000
55882  27.787  -6.506  39.062 0.0000000000
55924  28.628  -7.059  38.323 0.0000000000
55965  26.141  -6.792  36.142 0.0000000000
57239  24.321  -7.919  33.337 0.0000000000
76313  40.092  7.662  18.189 0.0000000000
74122  43.136  5.683  21.470 0.0000000000
76295  42.595  7.778  20.248 0.0000000000
77413  42.312  9.307  18.604 0.0000000000
59551  22.742  -4.511  45.771 0.0000000000
57036  20.749  -5.725  43.531 0.0000000000
58315  19.494  -5.148  45.940 0.0000000000
55746  13.205  -7.920  49.202 0.0000000000
56978  14.570  -6.938  47.220 0.0000000000
54573  12.490  -8.905  46.418 0.0000000000
52164  10.621  -11.704  45.634 0.0000000000
52122  9.868  -11.762  48.143 0.0000000000
67917  39.185  -0.093  35.797 0.0000000000
63262  38.870  -2.900  35.729 0.0000000000
60824  37.900  -5.422  33.109 0.0000000000
58495  39.261  -6.568  34.428 0.0000000000
59637  32.576  -5.542  36.239 0.0000000000
55937  35.315  -7.427  37.665 0.0000000000
57208  34.102  -7.098  34.299 0.0000000000
56012  34.760  -8.759  33.562 0.0000000000
69150  34.081  1.367  31.016 0.0000000000
69191  33.543  1.961  27.619 0.0000000000
66780  33.014  -1.165  28.945 0.0000000000
85794  51.593  16.772  10.875 0.0000000000
83638  50.506  14.687  10.172 0.0000000000
71746  41.210  3.505  21.468 0.0000000000
70492  38.678  4.522  22.382 0.0000000000
71735  43.287  4.589  22.945 0.0000000000
54626  32.789  -7.345  43.339 0.0000000000
54671  35.193  -7.749  41.798 0.0000000000
55878  32.029  -6.778  40.673 0.0000000000
58426  30.342  -5.940  37.616 0.0000000000
58501  28.275  -5.629  33.840 0.0000000000
80550  46.616  12.326  19.271 0.0000000000
80580  47.285  12.938  16.892 0.0000000000
81619  47.903  13.623  15.030 0.0000000000
82649  47.900  13.784  12.421 0.0000000000
59583  26.377  -4.716  39.967 0.0000000000
58390  23.279  -4.910  39.788 0.0000000000
63177  24.984  -3.008  42.217 0.0000000000
58350  29.020  -5.512  41.921 0.0000000000
79522  44.875  11.066  18.961 0.0000000000
57085  21.495  -6.044  40.647 0.0000000000
55858  18.962  -6.729  40.973 0.0000000000
55837  16.097  -7.436  41.764 0.0000000000
58318  16.832  -5.824  45.985 0.0000000000
57026  14.866  -7.349  43.626 0.0000000000
49527  8.712  -13.929  49.730 0.0000000000
72872  38.370  5.177  28.804 0.0000000000
69138  35.050  1.147  32.592 0.0000000000
67934  36.755  -0.108  34.181 0.0000000000
65576  36.375  -1.677  32.800 0.0000000000
61971  36.750  -4.949  32.034 0.0000000000
59730  38.099  -6.497  30.441 0.0000000000
57307  37.048  -8.373  30.345 0.0000000000
54694  36.066  -8.561  40.705 0.0000000000
55935  38.163  -9.453  38.071 0.0000000000
57155  39.092  -8.755  36.429 0.0000000000
55993  38.005  -9.072  33.928 0.0000000000
56052  35.561  -9.189  31.137 0.0000000000
71677  35.681  4.527  26.626 0.0000000000
69216  33.536  1.993  25.212 0.0000000000
71671  40.459  5.416  26.558 0.0000000000
70401  39.682  4.835  25.686 0.0000000000
71653  39.170  5.333  27.402 0.0000000000
72914  41.247  5.584  26.126 0.0000000000
57140  24.144  -6.113  36.762 0.0000000000
57141  22.707  -6.172  36.946 0.0000000000
57123  23.331  -5.615  37.966 0.0000000000
57101  26.532  -6.108  38.300 0.0000000000
55926  27.033  -7.046  37.734 0.0000000000
57139  25.430  -6.277  36.781 0.0000000000
57161  24.788  -7.117  36.230 0.0000000000
75253  40.534  6.648  19.709 0.0000000000
74136  41.542  5.200  20.234 0.0000000000
75244  43.074  6.702  21.093 0.0000000000
75252  41.220  6.636  20.041 0.0000000000
75268  40.981  7.351  19.448 0.0000000000
55756  12.691  -8.431  48.770 0.0000000000
55768  12.920  -8.513  47.884 0.0000000000
53372  11.853  -9.437  47.470 0.0000000000
53385  11.031  -10.500  46.294 0.0000000000
53373  11.169  -10.158  47.129 0.0000000000
52135  10.179  -11.221  47.531 0.0000000000
63261  39.312  -2.353  36.084 0.0000000000
61941  38.925  -3.935  35.844 0.0000000000
60810  38.681  -5.267  34.431 0.0000000000
59659  39.113  -6.116  34.992 0.0000000000
54597  36.704  -8.395  43.782 0.0000000000
59661  31.661  -5.482  34.446 0.0000000000
57184  33.799  -6.468  35.260 0.0000000000
58498  32.737  -6.691  33.365 0.0000000000
57262  33.086  -7.380  32.730 0.0000000000
67970  33.739  0.547  30.904 0.0000000000
67979  33.530  0.579  29.669 0.0000000000
83624  49.913  14.994  13.923 0.0000000000
84696  51.298  15.557  14.713 0.0000000000
84705  50.424  15.846  12.867 0.0000000000
84704  50.925  16.478  12.539 0.0000000000
84711  49.806  15.479  12.010 0.0000000000
70489  41.232  3.301  22.305 0.0000000000
71748  39.350  4.563  21.804 0.0000000000
70475  39.729  3.938  22.842 0.0000000000
69232  37.285  4.389  24.213 0.0000000000
69274  37.296  4.477  23.313 0.0000000000
69254  35.295  4.006  23.651 0.0000000000
71712  42.166  4.503  24.350 0.0000000000
71736  42.488  3.887  22.803 0.0000000000
71745  42.317  3.521  21.801 0.0000000000
57126  19.708  -7.397  37.742 0.0000000000
55908  18.634  -7.288  39.220 0.0000000000
54652  31.051  -7.224  42.360 0.0000000000
54674  32.114  -7.123  41.827 0.0000000000
54698  30.485  -7.096  40.806 0.0000000000
57160  28.120  -6.888  36.412 0.0000000000
57137  29.718  -6.435  37.567 0.0000000000
57186  28.757  -6.361  35.921 0.0000000000
58462  29.616  -5.864  36.035 0.0000000000
58482  27.738  -5.977  34.386 0.0000000000
57236  26.766  -6.595  33.399 0.0000000000
61988  36.218  -4.990  30.964 0.0000000000
80571  45.442  11.592  18.114 0.0000000000
80559  46.805  12.436  18.230 0.0000000000
80581  46.316  12.284  16.932 0.0000000000
80604  46.197  12.852  14.963 0.0000000000
81621  46.466  13.029  13.985 0.0000000000
81625  47.683  13.564  14.186 0.0000000000
61877  26.963  -4.102  41.328 0.0000000000
61878  25.857  -3.704  41.064 0.0000000000
64319  26.516  -3.026  41.931 0.0000000000
60726  28.747  -4.724  42.355 0.0000000000
59572  27.854  -4.820  40.908 0.0000000000
79494  45.518  10.606  20.618 0.0000000000
78445  44.254  10.122  19.774 0.0000000000
77425  42.225  9.772  17.967 0.0000000000
59585  22.805  -4.805  41.158 0.0000000000
58391  22.293  -5.455  40.194 0.0000000000
58362  22.198  -5.181  41.649 0.0000000000
57021  19.496  -5.773  43.863 0.0000000000
57055  19.743  -6.416  42.188 0.0000000000
55815  18.806  -6.551  42.235 0.0000000000
55836  17.333  -6.915  41.502 0.0000000000
55817  16.876  -6.743  42.299 0.0000000000
58287  16.187  -6.056  47.800 0.0000000000
55793  13.423  -8.143  44.954 0.0000000000
57010  14.851  -6.943  44.786 0.0000000000
55792  14.131  -7.729  44.336 0.0000000000
55819  14.385  -8.330  42.581 0.0000000000
71590  35.383  3.152  32.352 0.0000000000
66733  38.222  -1.051  35.169 0.0000000000
67932  38.221  -0.277  35.185 0.0000000000
66735  37.013  -0.902  34.112 0.0000000000
66736  36.601  -0.562  33.726 0.0000000000
65563  36.844  -1.689  33.180 0.0000000000
64423  36.665  -2.529  33.024 0.0000000000
63296  36.895  -3.655  33.289 0.0000000000
59693  38.364  -6.684  32.409 0.0000000000
59711  37.954  -6.490  31.676 0.0000000000
58536  38.530  -7.312  31.714 0.0000000000
57306  37.825  -8.085  30.605 0.0000000000
57282  37.870  -8.359  31.252 0.0000000000
55850  34.606  -7.489  41.117 0.0000000000
54670  35.822  -8.196  41.545 0.0000000000
55898  34.831  -7.502  39.702 0.0000000000
54776  35.997  -7.786  36.585 0.0000000000
54758  36.421  -9.276  38.122 0.0000000000
54773  36.903  -9.516  37.486 0.0000000000
55955  38.845  -9.063  37.440 0.0000000000
55956  38.193  -9.301  36.721 0.0000000000
57182  38.729  -8.774  35.519 0.0000000000
55977  36.871  -8.766  35.232 0.0000000000
56054  33.733  -8.439  31.416 0.0000000000
56030  35.415  -9.093  32.340 0.0000000000
71623  37.505  5.137  29.467 0.0000000000
71655  37.255  5.143  27.443 0.0000000000
71640  35.420  4.623  27.853 0.0000000000
68020  32.857  0.333  26.440 0.0000000000
69204  33.595  2.114  26.341 0.0000000000
84713  52.056  16.154  9.892 0.0000000000
70440  40.612  4.570  24.744 0.0000000000
69250  39.722  3.982  23.464 0.0000000000
70441  39.889  4.342  24.356 0.0000000000
70423  38.148  4.621  25.187 0.0000000000
70424  37.123  4.453  25.315 0.0000000000
74082  42.485  5.871  25.647 0.0000000000
72928  41.803  5.090  25.182 0.0000000000
58445  21.485  -7.076  35.629 0.0000000000
57142  21.483  -6.656  37.110 0.0000000000
57125  20.664  -6.782  37.980 0.0000000000
55880  29.096  -6.880  40.158 0.0000000000
54721  29.150  -6.959  39.518 0.0000000000
55925  27.939  -7.159  38.298 0.0000000000
55942  27.470  -7.119  37.343 0.0000000000
55983  26.308  -6.872  35.834 0.0000000000
57213  25.859  -7.100  34.214 0.0000000000
57190  25.085  -7.229  35.248 0.0000000000
57216  23.306  -7.108  34.379 0.0000000000
80584  43.885  11.721  16.128 0.0000000000
64306  28.078  -1.816  43.276 0.0000000000
75230  44.059  6.739  21.764 0.0000000000
76288  43.706  7.702  20.939 0.0000000000
76294  43.364  8.265  20.423 0.0000000000
77397  43.681  9.263  19.996 0.0000000000
76310  42.432  8.572  19.592 0.0000000000
77414  41.370  8.705  18.354 0.0000000000
59559  22.690  -4.677  44.702 0.0000000000
58352  21.429  -5.647  43.227 0.0000000000
58342  20.990  -5.454  44.200 0.0000000000
57004  19.984  -5.064  44.629 0.0000000000
57006  18.836  -5.579  44.695 0.0000000000
56965  15.340  -6.426  47.545 0.0000000000
56979  14.014  -7.528  47.784 0.0000000000
55781  13.424  -8.019  46.215 0.0000000000
54592  12.353  -9.265  45.215 0.0000000000
53393  11.781  -10.021  44.698 0.0000000000
65536  38.896  -1.398  35.724 0.0000000000
63271  37.791  -2.680  34.473 0.0000000000
63282  37.659  -3.360  33.964 0.0000000000
61959  38.151  -4.374  34.177 0.0000000000
59691  38.673  -5.767  33.849 0.0000000000
58497  39.033  -7.488  33.386 0.0000000000
58425  33.512  -6.041  37.664 0.0000000000
55919  35.080  -7.529  38.811 0.0000000000
57135  34.218  -6.540  37.349 0.0000000000
55961  34.778  -7.072  35.782 0.0000000000
55979  35.567  -8.056  35.075 0.0000000000
55996  35.314  -8.895  34.432 0.0000000000
56013  34.654  -8.126  33.554 0.0000000000
57261  33.477  -7.915  32.126 0.0000000000
70363  35.053  3.290  29.952 0.0000000000
70375  34.979  3.854  28.755 0.0000000000
69178  33.680  1.744  28.906 0.0000000000
67991  33.272  0.563  28.315 0.0000000000
85790  51.446  17.029  12.100 0.0000000000
84709  50.951  16.354  11.329 0.0000000000
72983  41.048  4.666  20.389 0.0000000000
74138  39.582  5.809  20.394 0.0000000000
72971  39.117  4.969  21.381 0.0000000000
69273  38.480  4.352  23.256 0.0000000000
70478  36.619  4.601  22.725 0.0000000000
74095  43.711  5.880  25.111 0.0000000000
72937  44.242  5.428  24.375 0.0000000000
72959  44.691  5.559  23.094 0.0000000000
72961  43.369  4.978  22.253 0.0000000000
72982  41.947  4.496  20.561 0.0000000000
54601  34.541  -7.863  44.295 0.0000000000
54623  35.521  -8.186  43.407 0.0000000000
54649  33.984  -7.469  42.636 0.0000000000
55851  33.652  -7.084  41.171 0.0000000000
57082  32.748  -6.612  40.123 0.0000000000
55922  30.072  -6.581  38.830 0.0000000000
58401  31.032  -6.020  39.012 0.0000000000
58414  31.879  -5.963  38.794 0.0000000000
59638  31.081  -5.489  36.906 0.0000000000
59662  30.502  -5.454  34.840 0.0000000000
59695  30.288  -5.378  32.332 0.0000000000
81611  48.600  13.660  17.029 0.0000000000
80592  46.423  12.593  16.229 0.0000000000
80590  47.746  13.354  16.514 0.0000000000
81615  48.695  13.635  16.404 0.0000000000
82642  48.812  14.127  14.927 0.0000000000
83620  48.827  14.381  14.128 0.0000000000
83630  48.567  14.511  12.402 0.0000000000
83634  48.810  14.591  11.601 0.0000000000
58403  25.558  -5.209  38.368 0.0000000000
58404  23.875  -5.158  38.779 0.0000000000
59595  25.476  -4.576  39.673 0.0000000000
60743  23.960  -4.149  40.928 0.0000000000
60735  23.780  -4.071  41.959 0.0000000000
64296  25.960  -2.056  43.187 0.0000000000
59558  23.301  -4.274  44.027 0.0000000000
59550  23.232  -4.195  45.198 0.0000000000
54563  35.583  -8.471  45.510 0.0000000000
54583  33.505  -7.591  44.822 0.0000000000
54604  32.112  -7.206  43.760 0.0000000000
55811  30.859  -7.071  42.803 0.0000000000
57016  30.402  -6.276  43.397 0.0000000000
55831  29.419  -6.594  41.449 0.0000000000
57051  28.685  -5.973  40.670 0.0000000000
58387  27.249  -5.698  39.309 0.0000000000
81598  46.598  12.185  20.452 0.0000000000
79521  45.386  11.371  18.977 0.0000000000
79532  44.561  11.323  17.818 0.0000000000
77411  43.554  10.094  18.952 0.0000000000
78472  43.594  10.715  18.051 0.0000000000
79547  43.350  11.185  16.959 0.0000000000
58405  22.840  -5.334  39.395 0.0000000000
57104  21.983  -5.803  39.297 0.0000000000
57087  20.065  -6.613  39.630 0.0000000000
57070  21.199  -6.113  41.662 0.0000000000
55883  20.219  -6.571  40.930 0.0000000000
55907  19.341  -6.765  39.641 0.0000000000
55886  17.749  -7.646  39.841 0.0000000000
55860  16.859  -7.668  40.599 0.0000000000
58316  18.522  -5.397  46.282 0.0000000000
58331  17.276  -5.660  45.330 0.0000000000
56992  16.156  -5.981  45.507 0.0000000000
57024  16.618  -6.238  43.836 0.0000000000
57042  15.653  -7.212  42.815 0.0000000000
50830  9.447  -12.593  49.631 0.0000000000
71636  39.481  5.312  28.369 0.0000000000
71609  35.952  4.253  31.127 0.0000000000
70350  35.116  3.199  31.185 0.0000000000
69149  34.521  1.651  31.705 0.0000000000
66761  34.838  -0.039  32.018 0.0000000000
69124  35.916  0.579  33.446 0.0000000000
66750  35.788  -0.395  32.869 0.0000000000
65590  35.303  -1.179  32.227 0.0000000000
63298  35.420  -3.080  32.185 0.0000000000
63310  35.944  -4.506  31.848 0.0000000000
61987  37.011  -5.632  30.589 0.0000000000
61970  37.322  -4.730  33.025 0.0000000000
60838  37.415  -5.913  31.197 0.0000000000
59748  38.021  -6.250  29.618 0.0000000000
58577  37.145  -7.288  29.243 0.0000000000
58556  36.903  -7.974  29.532 0.0000000000
58423  39.317  -5.856  37.686 0.0000000000
54646  36.147  -8.393  42.498 0.0000000000
54668  36.444  -8.146  41.721 0.0000000000
54714  37.052  -8.027  40.195 0.0000000000
54740  36.096  -8.692  38.828 0.0000000000
54738  37.046  -9.396  39.488 0.0000000000
55897  37.580  -8.033  39.623 0.0000000000
57117  38.577  -7.595  38.421 0.0000000000
57133  38.944  -7.042  37.751 0.0000000000
58439  39.310  -6.413  36.974 0.0000000000
58459  39.934  -7.550  35.338 0.0000000000
57206  39.140  -7.883  34.286 0.0000000000
57233  37.918  -8.799  32.937 0.0000000000
56011  35.331  -9.115  33.447 0.0000000000
56010  36.235  -9.106  33.266 0.0000000000
57260  36.967  -8.796  32.050 0.0000000000
57284  36.169  -9.086  31.057 0.0000000000
71654  38.256  5.278  27.456 0.0000000000
71675  36.980  4.721  26.625 0.0000000000
70425  35.892  4.428  25.387 0.0000000000
69203  34.144  3.150  26.913 0.0000000000
69215  34.262  3.360  25.512 0.0000000000
69235  33.828  2.646  24.410 0.0000000000
82658  49.330  13.800  10.389 0.0000000000
71651  40.370  5.529  27.082 0.0000000000
71652  40.066  5.382  27.533 0.0000000000
72896  40.714  5.710  27.201 0.0000000000
58417  24.592  -5.360  38.053 0.0000000000
57102  25.742  -5.683  37.867 0.0000000000
57121  26.055  -6.127  37.522 0.0000000000
75254  39.734  6.819  19.442 0.0000000000
74158  40.935  5.718  20.056 0.0000000000
74157  41.658  6.004  20.313 0.0000000000
54540  12.147  -8.980  49.268 0.0000000000
54547  12.296  -8.949  48.271 0.0000000000
53358  11.744  -9.470  48.727 0.0000000000
53359  11.240  -9.979  48.221 0.0000000000
52134  10.638  -10.525  47.841 0.0000000000
61934  39.833  -3.640  37.010 0.0000000000
61935  39.372  -3.781  36.440 0.0000000000
60795  39.166  -4.658  36.232 0.0000000000
60801  38.955  -4.960  35.416 0.0000000000
59649  39.186  -5.695  36.231 0.0000000000
54561  36.629  -8.354  45.043 0.0000000000
54578  36.635  -8.396  44.434 0.0000000000
59675  31.850  -5.741  33.356 0.0000000000
59660  32.401  -6.014  33.957 0.0000000000
58499  32.364  -6.428  32.951 0.0000000000
58521  32.074  -6.354  32.261 0.0000000000
66771  34.511  -0.450  31.681 0.0000000000
66772  33.624  -0.457  30.616 0.0000000000
84702  49.880  15.131  13.615 0.0000000000
84701  50.385  15.412  13.924 0.0000000000
70490  40.473  3.745  22.179 0.0000000000
70474  40.442  3.546  22.836 0.0000000000
69253  36.645  4.416  23.752 0.0000000000
71727  41.750  4.132  24.054 0.0000000000
71726  42.411  4.343  23.876 0.0000000000
70472  41.812  3.752  23.368 0.0000000000
70488  41.852  3.396  22.682 0.0000000000
57127  19.009  -8.222  37.445 0.0000000000
57107  18.815  -7.723  38.290 0.0000000000
54675  31.190  -7.158  41.677 0.0000000000
57159  28.558  -6.781  36.581 0.0000000000
57211  28.018  -6.193  35.189 0.0000000000
57210  28.546  -6.010  35.432 0.0000000000
57212  26.986  -6.537  34.370 0.0000000000
62007  36.976  -5.537  29.492 0.0000000000
80570  46.344  12.116  17.568 0.0000000000
80582  45.495  11.987  17.007 0.0000000000
81626  47.114  13.349  13.463 0.0000000000
61871  27.488  -4.203  41.608 0.0000000000
63205  27.011  -3.992  41.567 0.0000000000
64318  27.043  -2.836  42.146 0.0000000000
61861  28.766  -4.132  42.504 0.0000000000
60733  28.252  -4.593  41.818 0.0000000000
77390  44.510  9.041  20.829 0.0000000000
78435  45.199  10.000  20.784 0.0000000000
79495  45.108  10.170  20.520 0.0000000000
78436  44.759  9.613  20.699 0.0000000000
59573  22.621  -4.770  42.068 0.0000000000
57022  18.623  -5.945  43.825 0.0000000000
57038  19.392  -6.278  42.800 0.0000000000
57039  18.305  -6.292  42.974 0.0000000000
55816  17.874  -6.628  42.264 0.0000000000
57040  17.291  -6.321  42.983 0.0000000000
58270  16.264  -6.071  48.730 0.0000000000
54591  12.936  -8.815  44.539 0.0000000000
55802  13.607  -8.438  43.984 0.0000000000
55820  13.792  -8.715  43.022 0.0000000000
65548  37.394  -1.361  34.379 0.0000000000
66748  36.868  -1.316  33.483 0.0000000000
65562  37.126  -1.682  33.723 0.0000000000
64411  37.058  -2.172  33.362 0.0000000000
64410  37.289  -2.427  33.761 0.0000000000
58519  38.842  -7.291  32.717 0.0000000000
57281  38.386  -7.927  31.468 0.0000000000
55876  34.025  -7.062  40.304 0.0000000000
55875  35.034  -7.739  40.411 0.0000000000
55959  36.163  -7.914  35.934 0.0000000000
54774  36.503  -8.935  37.126 0.0000000000
55957  37.199  -9.185  36.493 0.0000000000
55976  37.903  -9.134  35.324 0.0000000000
71624  36.268  4.701  29.994 0.0000000000
71639  36.236  5.040  28.532 0.0000000000
70420  40.367  4.831  25.178 0.0000000000
70402  39.310  4.792  25.736 0.0000000000
70422  39.093  4.656  25.093 0.0000000000
70443  37.773  4.471  24.659 0.0000000000
75174  42.298  6.825  26.406 0.0000000000
71713  41.665  4.531  24.552 0.0000000000
55855  28.305  -6.347  39.581 0.0000000000
55881  28.558  -6.702  39.462 0.0000000000
55904  28.009  -6.871  38.855 0.0000000000
55943  26.667  -6.853  36.912 0.0000000000
55964  26.939  -7.002  36.544 0.0000000000
57189  25.672  -7.078  35.109 0.0000000000
55985  25.396  -7.412  35.633 0.0000000000
57191  24.097  -6.892  35.189 0.0000000000
74112  43.935  5.825  22.076 0.0000000000
74121  43.684  6.162  21.695 0.0000000000
75250  42.449  6.799  20.659 0.0000000000
76289  43.033  7.444  20.681 0.0000000000
76309  43.005  8.723  19.967 0.0000000000
76311  41.627  8.172  19.261 0.0000000000
76312  40.851  7.948  18.607 0.0000000000
58341  21.965  -5.289  44.197 0.0000000000
58326  22.036  -4.865  45.839 0.0000000000
58328  20.349  -5.093  44.942 0.0000000000
58329  19.838  -5.021  45.037 0.0000000000
57005  19.548  -5.286  44.772 0.0000000000
56989  18.970  -5.372  45.438 0.0000000000
56967  13.950  -7.497  48.667 0.0000000000
56966  14.620  -6.940  48.116 0.0000000000
54557  12.487  -8.841  47.430 0.0000000000
55782  12.955  -8.464  47.074 0.0000000000
54572  12.882  -8.601  45.458 0.0000000000
53384  11.611  -9.807  46.057 0.0000000000
53394  11.062  -10.811  45.261 0.0000000000
52136  9.809  -12.034  47.293 0.0000000000
64388  39.086  -1.981  35.863 0.0000000000
64397  38.478  -2.088  35.431 0.0000000000
64398  37.922  -2.136  34.883 0.0000000000
63270  38.105  -2.973  34.860 0.0000000000
63281  38.052  -3.691  34.482 0.0000000000
59672  38.945  -6.256  34.084 0.0000000000
59673  38.995  -6.614  33.677 0.0000000000
58496  39.254  -7.083  34.024 0.0000000000
59621  33.093  -5.665  37.033 0.0000000000
58440  33.760  -6.140  36.377 0.0000000000
57209  33.681  -6.618  34.704 0.0000000000
57183  34.150  -6.708  35.386 0.0000000000
55981  34.541  -7.244  34.903 0.0000000000
55980  35.015  -7.615  35.035 0.0000000000
55997  34.946  -8.292  34.300 0.0000000000
55998  34.609  -7.660  34.161 0.0000000000
69163  34.438  2.325  30.554 0.0000000000
69177  34.326  2.634  29.420 0.0000000000
69164  33.896  1.569  30.079 0.0000000000
66779  33.268  -0.575  29.250 0.0000000000
66789  33.087  -0.229  28.489 0.0000000000
84710  50.406  15.916  11.708 0.0000000000
84715  50.709  15.523  10.659 0.0000000000
83637  51.288  14.709  9.922 0.0000000000
71762  40.659  4.370  20.779 0.0000000000
72984  40.097  4.974  20.808 0.0000000000
72970  39.744  4.641  21.360 0.0000000000
71749  38.354  4.887  21.881 0.0000000000
70493  37.484  4.840  22.340 0.0000000000
69230  39.403  4.115  23.868 0.0000000000
69251  39.152  4.139  23.437 0.0000000000
69275  35.904  4.311  23.159 0.0000000000
70494  35.984  4.518  21.644 0.0000000000
74081  43.207  5.890  25.314 0.0000000000
75183  43.602  6.565  25.543 0.0000000000
71725  43.415  4.802  23.704 0.0000000000
72950  43.640  5.054  24.209 0.0000000000
71724  44.149  5.063  23.858 0.0000000000
71723  44.559  5.266  23.860 0.0000000000
71734  44.046  5.019  23.229 0.0000000000
72960  44.049  5.310  22.684 0.0000000000
72969  42.484  4.101  21.049 0.0000000000
71761  41.165  3.982  20.768 0.0000000000
54625  33.782  -7.513  43.436 0.0000000000
54624  34.762  -7.764  43.473 0.0000000000
54696  32.271  -6.964  41.313 0.0000000000
54673  33.121  -7.237  41.788 0.0000000000
55852  32.800  -6.933  41.137 0.0000000000
55877  32.977  -6.755  40.608 0.0000000000
55900  32.247  -6.658  40.225 0.0000000000
54743  28.841  -6.932  38.884 0.0000000000
54742  29.348  -6.896  39.219 0.0000000000
55923  29.305  -6.828  38.622 0.0000000000
57120  30.040  -6.445  38.256 0.0000000000
57136  30.272  -6.206  38.142 0.0000000000
58400  31.578  -6.134  39.158 0.0000000000
59623  31.319  -5.670  37.919 0.0000000000
59612  32.096  -5.707  38.258 0.0000000000
58442  30.329  -5.746  37.125 0.0000000000
59663  29.526  -5.490  34.835 0.0000000000
58479  29.678  -5.608  35.363 0.0000000000
59677  29.507  -5.413  33.643 0.0000000000
60812  31.064  -5.407  34.098 0.0000000000
57214  25.094  -7.628  34.266 0.0000000000
57238  25.195  -7.822  33.224 0.0000000000
81597  47.170  12.861  19.849 0.0000000000
81608  47.285  13.037  17.854 0.0000000000
80568  47.462  13.168  17.379 0.0000000000
81607  48.047  13.559  17.722 0.0000000000
80579  47.853  13.446  17.051 0.0000000000
80593  45.370  12.437  15.809 0.0000000000
81620  47.077  13.294  14.540 0.0000000000
80603  47.111  13.127  15.500 0.0000000000
80602  47.797  13.409  15.891 0.0000000000
80601  48.207  13.562  16.252 0.0000000000
81618  48.599  13.716  15.730 0.0000000000
82645  47.925  13.755  13.503 0.0000000000
83621  48.369  14.080  13.849 0.0000000000
83626  48.443  14.275  13.335 0.0000000000
58375  26.479  -4.897  39.566 0.0000000000
61872  25.277  -3.249  41.462 0.0000000000
61879  24.607  -3.705  41.022 0.0000000000
61873  24.614  -3.400  41.914 0.0000000000
61851  24.536  -2.879  44.622 0.0000000000
61852  24.260  -3.293  43.776 0.0000000000
60722  23.787  -3.597  44.560 0.0000000000
54582  34.335  -7.888  45.189 0.0000000000
55810  31.409  -7.112  43.123 0.0000000000
58340  29.326  -5.645  42.549 0.0000000000
57017  29.801  -6.209  42.877 0.0000000000
57034  29.581  -6.340  42.285 0.0000000000
57035  29.208  -6.070  41.680 0.0000000000
59582  27.120  -4.857  40.359 0.0000000000
58361  27.999  -5.304  40.387 0.0000000000
58374  27.234  -5.337  39.732 0.0000000000
58388  26.507  -5.219  39.066 0.0000000000
74139  38.569  6.151  20.359 0.0000000000
79506  45.415  11.165  19.547 0.0000000000
80561  45.401  11.442  18.683 0.0000000000
77412  43.136  9.520  19.213 0.0000000000
77396  43.711  9.949  19.339 0.0000000000
78473  42.800  10.398  17.780 0.0000000000
79534  43.432  10.892  17.637 0.0000000000
79533  43.863  11.112  17.609 0.0000000000
59596  24.066  -4.584  39.965 0.0000000000
57105  20.836  -6.477  39.013 0.0000000000
57086  20.755  -6.472  40.191 0.0000000000
58363  21.614  -5.639  42.156 0.0000000000
57053  20.956  -6.030  42.640 0.0000000000
55834  19.209  -6.618  41.660 0.0000000000
55832  20.085  -6.450  41.788 0.0000000000
55857  19.690  -6.592  41.226 0.0000000000
55884  19.689  -6.648  40.414 0.0000000000
55885  18.698  -6.884  40.133 0.0000000000
55859  17.971  -6.964  40.740 0.0000000000
55861  15.730  -8.787  40.518 0.0000000000
58300  17.835  -5.552  47.208 0.0000000000
58317  17.708  -5.584  46.193 0.0000000000
56991  17.869  -5.507  45.548 0.0000000000
56977  15.255  -6.402  46.650 0.0000000000
56993  15.381  -6.383  45.684 0.0000000000
57009  15.924  -6.340  44.745 0.0000000000
57025  15.718  -6.785  43.802 0.0000000000
57041  16.413  -6.692  43.023 0.0000000000
50831  9.103  -13.473  49.265 0.0000000000
71607  38.274  5.171  30.319 0.0000000000
70349  35.494  3.808  30.904 0.0000000000
71610  35.574  3.706  31.701 0.0000000000
70317  35.272  2.164  32.938 0.0000000000
70333  34.919  2.300  32.172 0.0000000000
67959  34.913  0.429  32.234 0.0000000000
67933  37.619  -0.021  34.945 0.0000000000
69123  36.431  0.457  33.916 0.0000000000
66749  36.346  -0.889  33.181 0.0000000000
66759  35.988  -1.197  32.784 0.0000000000
66760  35.431  -0.605  32.438 0.0000000000
65577  35.726  -1.547  32.473 0.0000000000
64425  35.428  -2.206  32.201 0.0000000000
64424  35.991  -2.424  32.570 0.0000000000
63297  36.021  -3.808  32.563 0.0000000000
61972  36.202  -4.656  31.911 0.0000000000
61960  37.777  -4.553  33.601 0.0000000000
63295  37.381  -4.086  33.523 0.0000000000
60837  37.533  -5.588  32.292 0.0000000000
59731  37.860  -6.855  29.585 0.0000000000
57335  36.236  -8.805  29.362 0.0000000000
54647  35.704  -8.134  42.556 0.0000000000
54622  36.055  -8.472  43.311 0.0000000000
54669  36.177  -8.354  41.645 0.0000000000
54693  36.313  -8.399  40.792 0.0000000000
54692  36.618  -7.986  40.896 0.0000000000
54715  36.827  -8.654  40.154 0.0000000000
54741  35.845  -7.876  38.406 0.0000000000
54757  37.164  -9.758  38.398 0.0000000000
54739  36.400  -9.453  39.147 0.0000000000
54756  37.756  -9.550  39.056 0.0000000000
54737  37.467  -8.829  39.649 0.0000000000
55918  38.158  -8.833  39.072 0.0000000000
55917  38.085  -7.903  39.022 0.0000000000
55934  38.639  -8.572  38.328 0.0000000000
57134  39.118  -8.142  37.551 0.0000000000
57154  39.635  -7.620  36.589 0.0000000000
58458  39.725  -6.834  35.669 0.0000000000
57180  39.945  -7.619  35.779 0.0000000000
57207  38.607  -8.532  34.618 0.0000000000
57232  38.498  -8.270  33.303 0.0000000000
56008  37.993  -8.891  33.265 0.0000000000
55995  36.098  -9.044  34.313 0.0000000000
56029  36.428  -8.996  32.135 0.0000000000
56028  37.069  -8.833  32.391 0.0000000000
56051  36.237  -9.071  31.420 0.0000000000
57283  36.799  -8.809  31.357 0.0000000000
71637  38.652  5.275  28.462 0.0000000000
71656  36.337  4.915  27.264 0.0000000000
71676  36.090  4.668  26.597 0.0000000000
70405  36.514  4.543  26.007 0.0000000000
70406  35.274  4.233  26.328 0.0000000000
69190  34.163  2.911  28.203 0.0000000000
85799  52.862  16.493  9.432 0.0000000000
85798  53.802  16.740  9.127 0.0000000000
83633  49.295  14.872  11.148 0.0000000000
71695  40.212  4.910  25.472 0.0000000000
71672  39.827  5.010  26.165 0.0000000000
71673  38.816  5.055  26.499 0.0000000000
74068  41.286  5.911  26.774 0.0000000000
57162  23.524  -6.583  36.053 0.0000000000
57163  22.214  -6.722  36.126 0.0000000000
57100  27.150  -6.392  38.786 0.0000000000
55905  27.283  -6.814  38.480 0.0000000000
55906  26.654  -6.651  37.890 0.0000000000
55927  26.346  -6.612  37.197 0.0000000000
55944  25.864  -6.639  36.377 0.0000000000
55966  25.464  -6.938  35.635 0.0000000000
75269  40.288  7.260  18.977 0.0000000000
74135  42.275  5.703  20.740 0.0000000000
74156  42.035  6.305  20.545 0.0000000000
75251  41.901  6.929  20.303 0.0000000000
75267  41.521  7.381  19.879 0.0000000000
58313  21.154  -4.865  46.767 0.0000000000
52149  10.627  -10.772  46.903 0.0000000000
52121  10.185  -11.043  48.494 0.0000000000
63254  39.698  -2.746  36.539 0.0000000000
63255  39.197  -3.318  36.137 0.0000000000
61951  38.434  -4.034  35.010 0.0000000000
59650  32.532  -5.604  34.951 0.0000000000
58461  33.400  -6.052  35.418 0.0000000000
58478  33.030  -6.373  34.349 0.0000000000
57235  33.399  -6.996  33.770 0.0000000000
58520  32.573  -6.939  32.376 0.0000000000
83619  49.923  14.751  14.637 0.0000000000
83614  50.785  15.111  15.302 0.0000000000
83618  50.656  15.152  14.812 0.0000000000
84716  49.960  15.367  10.867 0.0000000000
71747  40.314  4.186  21.405 0.0000000000
70491  39.661  4.214  22.279 0.0000000000
70476  38.994  4.246  22.827 0.0000000000
69252  37.937  4.397  23.706 0.0000000000
72939  42.398  4.800  24.586 0.0000000000
72926  43.062  5.543  25.118 0.0000000000
71744  42.998  4.195  22.240 0.0000000000
57144  19.706  -7.874  36.850 0.0000000000
55909  17.786  -8.405  38.736 0.0000000000
54651  31.963  -7.145  42.503 0.0000000000
54650  32.931  -7.332  42.590 0.0000000000
54697  31.392  -6.967  41.018 0.0000000000
55879  31.179  -6.712  40.360 0.0000000000
55962  28.611  -6.943  37.209 0.0000000000
55940  29.055  -6.882  37.815 0.0000000000
57138  29.087  -6.735  37.176 0.0000000000
57158  29.291  -6.396  36.651 0.0000000000
58443  29.908  -5.985  36.966 0.0000000000
58463  29.174  -6.119  35.970 0.0000000000
58480  29.062  -5.793  35.470 0.0000000000
58522  27.881  -5.842  32.880 0.0000000000
58502  27.341  -6.183  33.432 0.0000000000
79530  46.814  12.530  17.094 0.0000000000
80613  45.856  12.640  13.965 0.0000000000
82646  47.508  13.511  12.809 0.0000000000
60741  26.955  -4.438  40.900 0.0000000000
60742  26.219  -4.373  40.451 0.0000000000
63191  25.861  -3.047  41.718 0.0000000000
59564  28.855  -5.101  42.194 0.0000000000
58360  28.621  -5.399  41.156 0.0000000000
59571  28.436  -4.929  41.569 0.0000000000
60734  27.678  -4.481  41.361 0.0000000000
79507  44.947  10.493  20.040 0.0000000000
59597  23.168  -4.771  40.453 0.0000000000
58376  22.537  -5.110  40.736 0.0000000000
58377  21.858  -5.589  41.173 0.0000000000
57037  20.205  -6.015  43.169 0.0000000000
55835  18.392  -6.746  41.570 0.0000000000
58286  17.035  -5.666  48.022 0.0000000000
58301  16.972  -5.822  47.048 0.0000000000
56994  14.436  -7.051  46.129 0.0000000000
55780  13.969  -7.510  45.276 0.0000000000
55801  14.298  -8.079  43.407 0.0000000000
71589  36.068  4.048  32.256 0.0000000000
71571  35.976  3.276  33.271 0.0000000000
70316  35.597  2.647  33.195 0.0000000000
70304  35.497  1.699  33.310 0.0000000000
66713  38.461  -0.384  35.284 0.0000000000
67918  38.647  0.106  35.391 0.0000000000
66734  37.938  -0.769  34.975 0.0000000000
59710  37.989  -6.109  32.602 0.0000000000
58554  38.361  -7.090  30.924 0.0000000000
58555  37.819  -7.555  30.102 0.0000000000
58537  38.243  -7.765  30.965 0.0000000000
55849  35.321  -7.880  41.082 0.0000000000
54695  35.657  -8.289  40.530 0.0000000000
54760  35.920  -7.802  37.288 0.0000000000
54759  36.216  -8.444  37.805 0.0000000000
55936  37.539  -9.582  37.417 0.0000000000
57156  38.486  -9.049  35.985 0.0000000000
55994  37.051  -9.016  34.188 0.0000000000
56031  34.672  -8.805  32.512 0.0000000000
56053  34.569  -8.995  31.348 0.0000000000
56075  34.582  -9.343  30.374 0.0000000000
72873  38.110  5.129  28.939 0.0000000000
71638  37.836  5.212  28.449 0.0000000000
72886  35.888  4.916  27.612 0.0000000000
72887  35.658  4.711  27.482 0.0000000000
68006  33.303  0.994  26.995 0.0000000000
68019  33.220  1.099  25.860 0.0000000000
70459  41.105  4.012  23.923 0.0000000000
70460  40.239  3.827  23.512 0.0000000000
70442  38.813  4.421  24.505 0.0000000000
70421  39.874  4.783  25.246 0.0000000000
70444  36.656  4.406  24.760 0.0000000000
75184  42.756  6.388  25.818 0.0000000000
74067  41.883  6.112  26.324 0.0000000000
72913  42.011  5.590  25.694 0.0000000000
72940  41.956  4.773  24.777 0.0000000000
58446  20.726  -7.380  35.807 0.0000000000
57164  21.105  -7.045  36.381 0.0000000000
57143  20.483  -7.178  37.087 0.0000000000
55853  29.524  -6.972  40.977 0.0000000000
54699  29.606  -7.046  40.369 0.0000000000
54700  29.121  -7.129  39.675 0.0000000000
54722  28.537  -6.933  38.991 0.0000000000
54744  28.440  -7.039  38.634 0.0000000000
55941  28.295  -7.162  37.633 0.0000000000
55963  27.894  -6.984  36.735 0.0000000000
55982  27.119  -6.971  36.065 0.0000000000
57188  26.573  -6.782  35.288 0.0000000000
57215  24.259  -7.326  34.208 0.0000000000
80583  44.654  12.002  16.466 0.0000000000
64317  27.728  -2.600  42.510 0.0000000000
75220  44.653  6.732  22.346 0.0000000000
76274  44.523  7.358  21.989 0.0000000000
75231  43.532  6.461  21.486 0.0000000000
75243  43.705  7.064  21.368 0.0000000000
77381  44.252  8.149  21.049 0.0000000000
77391  44.150  8.687  20.657 0.0000000000
78446  44.250  9.386  20.362 0.0000000000
76296  42.044  7.740  19.869 0.0000000000
58351  22.125  -5.268  42.735 0.0000000000
58327  21.162  -5.169  45.380 0.0000000000
57019  20.633  -5.487  43.976 0.0000000000
56951  15.382  -6.434  48.434 0.0000000000
56995  13.946  -7.494  46.965 0.0000000000
55767  13.479  -8.057  47.381 0.0000000000
66711  39.313  -1.062  36.065 0.0000000000
66712  38.849  -0.668  35.602 0.0000000000
65546  38.323  -1.420  35.292 0.0000000000
65547  37.774  -1.530  34.769 0.0000000000
64409  37.591  -2.319  34.316 0.0000000000
60823  38.327  -5.269  33.712 0.0000000000
59692  38.603  -6.235  33.257 0.0000000000
57118  33.843  -6.504  38.482 0.0000000000
55920  34.593  -7.046  38.104 0.0000000000
55938  34.798  -7.049  36.928 0.0000000000
58460  33.817  -6.367  35.601 0.0000000000
57157  34.388  -6.672  36.363 0.0000000000
55960  35.509  -7.470  36.264 0.0000000000
55978  36.117  -8.506  35.125 0.0000000000
57234  34.016  -7.520  33.238 0.0000000000
56032  34.387  -8.166  32.661 0.0000000000
68007  32.896  0.026  27.459 0.0000000000
73004  40.327  5.522  20.262 0.0000000000
72985  38.936  5.564  20.926 0.0000000000
70461  39.895  3.841  23.195 0.0000000000
69272  39.148  4.149  23.110 0.0000000000
70477  37.972  4.519  22.880 0.0000000000
72938  43.341  5.416  24.799 0.0000000000
74094  44.209  6.092  25.150 0.0000000000
74113  43.300  5.272  21.876 0.0000000000
72968  42.952  4.591  21.609 0.0000000000
72981  42.600  4.850  21.024 0.0000000000
74137  41.093  5.118  20.158 0.0000000000
54580  35.728  -8.595  44.831 0.0000000000
54599  35.884  -8.531  44.065 0.0000000000
54600  35.308  -8.279  44.217 0.0000000000
54648  34.987  -7.709  42.638 0.0000000000
54672  34.264  -7.452  41.860 0.0000000000
57081  33.252  -6.718  40.221 0.0000000000
57097  33.223  -6.486  39.580 0.0000000000
54720  29.913  -7.005  39.871 0.0000000000
54719  30.663  -6.875  40.368 0.0000000000
55902  30.503  -6.642  39.706 0.0000000000
55939  29.630  -6.651  38.183 0.0000000000
55921  30.711  -6.329  39.329 0.0000000000
55901  31.420  -6.522  39.920 0.0000000000
57098  32.099  -6.451  39.690 0.0000000000
58399  32.317  -6.235  39.241 0.0000000000
58413  32.849  -6.030  38.635 0.0000000000
59622  32.176  -5.491  37.413 0.0000000000
59652  30.458  -5.628  36.210 0.0000000000
59651  31.473  -5.463  35.614 0.0000000000
60803  31.176  -5.437  34.372 0.0000000000
59676  30.853  -5.371  33.465 0.0000000000
57237  26.115  -7.154  32.950 0.0000000000
64438  34.837  -2.091  31.752 0.0000000000
81610  49.235  13.885  17.135 0.0000000000
79544  46.660  12.529  16.781 0.0000000000
79555  46.884  12.704  16.532 0.0000000000
80591  47.227  12.947  16.297 0.0000000000
80589  48.210  13.588  16.706 0.0000000000
81614  49.238  13.800  16.632 0.0000000000
81617  49.191  13.780  16.094 0.0000000000
82641  49.440  14.133  15.554 0.0000000000
82643  48.271  13.907  14.295 0.0000000000
83625  49.309  14.837  13.465 0.0000000000
83629  49.196  15.050  12.306 0.0000000000
58389  24.786  -4.754  39.198 0.0000000000
60752  25.451  -4.362  40.180 0.0000000000
60753  24.490  -4.353  40.252 0.0000000000
59584  23.541  -4.524  40.678 0.0000000000
60744  23.237  -4.476  41.497 0.0000000000
60728  23.356  -4.281  42.798 0.0000000000
64307  26.910  -2.057  42.819 0.0000000000
64308  26.193  -2.507  42.340 0.0000000000
63176  25.252  -2.629  42.835 0.0000000000
63161  25.344  -2.278  44.067 0.0000000000
61862  24.747  -2.884  43.650 0.0000000000
61863  24.584  -3.236  42.948 0.0000000000
60727  23.875  -3.866  43.173 0.0000000000
59565  23.316  -4.281  43.306 0.0000000000
59543  23.200  -4.217  46.378 0.0000000000
54562  36.131  -8.502  45.337 0.0000000000
54581  35.089  -8.367  45.024 0.0000000000
54602  33.618  -7.572  44.210 0.0000000000
54603  32.702  -7.367  44.114 0.0000000000
54627  31.865  -7.124  43.202 0.0000000000
55830  30.141  -7.074  41.960 0.0000000000
55800  30.270  -6.482  43.084 0.0000000000
55812  30.035  -6.679  42.517 0.0000000000
55854  28.840  -6.540  40.313 0.0000000000
57052  28.057  -5.714  39.966 0.0000000000
57069  27.786  -5.974  39.455 0.0000000000
57084  26.836  -5.948  38.796 0.0000000000
58402  26.474  -5.601  38.597 0.0000000000
74160  39.183  6.452  19.895 0.0000000000
81587  47.375  12.583  20.993 0.0000000000
80551  46.041  11.546  19.931 0.0000000000
80560  45.915  11.756  18.768 0.0000000000
78461  43.989  10.569  18.673 0.0000000000
78463  42.927  9.888  18.562 0.0000000000
78462  43.352  10.229  18.553 0.0000000000
78471  44.006  10.930  18.023 0.0000000000
79546  44.174  11.520  17.046 0.0000000000
57103  22.979  -5.471  38.867 0.0000000000
57054  20.269  -6.349  42.080 0.0000000000
55856  20.145  -6.499  41.508 0.0000000000
57071  20.724  -6.460  41.197 0.0000000000
55887  16.700  -9.024  39.664 0.0000000000
56990  18.315  -5.450  45.504 0.0000000000
57007  17.872  -5.572  44.866 0.0000000000
58302  16.068  -5.973  46.920 0.0000000000
58319  15.894  -5.950  46.198 0.0000000000
57008  16.867  -5.814  44.851 0.0000000000
55818  16.281  -7.017  42.482 0.0000000000
57043  14.867  -7.713  42.680 0.0000000000
57056  15.291  -7.590  42.264 0.0000000000
52108  9.799  -11.775  49.066 0.0000000000
50843  9.490  -12.771  48.317 0.0000000000
50844  8.981  -13.714  48.463 0.0000000000
71635  39.916  5.316  28.421 0.0000000000
70362  35.503  3.945  30.447 0.0000000000
67969  34.317  0.559  31.710 0.0000000000
69111  35.730  1.336  33.510 0.0000000000
69137  35.542  0.524  32.966 0.0000000000
67946  36.328  -0.151  33.560 0.0000000000
67947  35.883  -0.099  33.109 0.0000000000
67958  35.480  0.134  32.669 0.0000000000
66770  35.087  -0.873  32.064 0.0000000000
65591  34.927  -1.252  31.854 0.0000000000
63299  35.107  -2.640  31.948 0.0000000000
63311  35.531  -4.162  31.698 0.0000000000
62006  37.398  -5.729  29.876 0.0000000000
63283  37.230  -3.000  33.610 0.0000000000
60852  37.686  -5.923  30.161 0.0000000000
60865  37.650  -5.858  29.406 0.0000000000
58578  36.645  -8.001  28.733 0.0000000000
59634  39.451  -5.324  37.149 0.0000000000
54598  36.316  -8.541  43.926 0.0000000000
54621  36.413  -8.507  43.222 0.0000000000
54620  36.777  -8.338  43.126 0.0000000000
54645  36.438  -8.369  42.496 0.0000000000
54644  36.842  -8.120  42.467 0.0000000000
55874  37.533  -7.521  40.471 0.0000000000
54718  35.572  -8.078  39.547 0.0000000000
54717  35.972  -8.858  39.815 0.0000000000
54716  36.444  -8.945  39.996 0.0000000000
55896  38.003  -7.297  39.944 0.0000000000
57096  38.273  -7.203  39.180 0.0000000000
58412  38.928  -6.491  38.287 0.0000000000
58424  39.063  -6.343  37.874 0.0000000000
58438  39.282  -5.896  37.164 0.0000000000
59635  39.270  -5.872  36.866 0.0000000000
58476  39.611  -6.756  34.712 0.0000000000
57181  39.441  -8.125  35.379 0.0000000000
57231  39.056  -7.707  33.718 0.0000000000
57259  37.636  -8.663  32.285 0.0000000000
56009  37.292  -8.941  33.056 0.0000000000
57308  36.070  -8.988  30.400 0.0000000000
56074  35.243  -9.284  30.071 0.0000000000
57336  35.669  -9.170  29.747 0.0000000000
71674  37.873  5.015  26.572 0.0000000000
70404  37.540  4.650  25.911 0.0000000000
70445  35.649  4.354  24.751 0.0000000000
70386  34.837  3.942  27.522 0.0000000000
70426  35.055  4.109  25.566 0.0000000000
69214  35.009  4.177  25.097 0.0000000000
69234  34.778  3.812  24.413 0.0000000000
83639  49.862  14.521  10.398 0.0000000000
52163  10.685  -11.024  46.122 0.0000000000
54560  37.030  -8.148  44.833 0.0000000000
54565  34.579  -8.007  45.807 0.0000000000
54584  33.031  -7.485  44.759 0.0000000000
54628  31.270  -7.178  42.860 0.0000000000
54653  30.511  -7.209  42.033 0.0000000000
54775  36.304  -8.166  36.831 0.0000000000
55787  33.896  -7.659  45.319 0.0000000000
55797  32.254  -7.239  44.086 0.0000000000
55813  29.554  -6.474  41.992 0.0000000000
55814  19.419  -6.485  42.127 0.0000000000
55829  30.621  -7.182  42.296 0.0000000000
55833  19.810  -6.488  41.792 0.0000000000
55903  29.797  -6.798  39.230 0.0000000000
55984  25.639  -7.059  35.538 0.0000000000
57003  30.195  -5.964  43.425 0.0000000000
57018  29.373  -6.000  42.288 0.0000000000
57020  20.197  -5.413  44.076 0.0000000000
57057  14.991  -7.738  42.247 0.0000000000
57068  28.198  -5.796  40.029 0.0000000000
57083  27.260  -6.033  39.069 0.0000000000
57099  31.218  -6.208  39.354 0.0000000000
57119  30.555  -6.194  38.772 0.0000000000
57185  29.223  -6.238  36.207 0.0000000000
58330  17.522  -5.603  45.598 0.0000000000
58343  20.554  -5.352  44.259 0.0000000000
58415  30.986  -5.916  38.542 0.0000000000
58416  25.245  -5.438  37.892 0.0000000000
58427  29.927  -6.189  37.395 0.0000000000
58441  33.294  -5.838  36.115 0.0000000000
58447  20.287  -7.732  35.881 0.0000000000
58477  39.700  -7.419  34.817 0.0000000000
58481  28.384  -5.771  34.885 0.0000000000
58500  28.922  -5.525  34.589 0.0000000000
58503  26.817  -6.685  32.813 0.0000000000
58518  39.022  -6.931  33.382 0.0000000000
58538  32.250  -6.924  31.584 0.0000000000
59611  32.781  -5.769  37.838 0.0000000000
59613  31.541  -5.810  38.449 0.0000000000
59636  33.231  -5.759  36.449 0.0000000000
59639  30.358  -5.673  36.816 0.0000000000
59674  32.393  -6.241  33.375 0.0000000000
60736  23.104  -4.443  42.300 0.0000000000
60794  39.524  -4.472  36.846 0.0000000000
60802  31.425  -5.520  34.016 0.0000000000
60811  31.323  -5.471  33.735 0.0000000000
61870  28.069  -4.181  41.934 0.0000000000
61887  25.375  -4.044  40.550 0.0000000000
61888  24.737  -4.114  40.495 0.0000000000
63190  27.039  -3.629  41.763 0.0000000000
63192  25.124  -3.108  41.787 0.0000000000
63206  26.589  -3.712  41.435 0.0000000000
64387  39.550  -1.921  36.228 0.0000000000
64422  37.031  -2.704  33.423 0.0000000000
65578  35.264  -1.639  32.131 0.0000000000
67992  33.016  -0.117  28.123 0.0000000000
69110  36.192  1.225  33.920 0.0000000000
69125  35.446  1.190  33.128 0.0000000000
70458  41.773  3.994  23.796 0.0000000000
71572  35.508  2.849  32.927 0.0000000000
71657  35.656  4.602  27.104 0.0000000000
71710  44.636  5.135  24.054 0.0000000000
71711  44.433  5.245  24.070 0.0000000000
71733  44.491  5.263  23.514 0.0000000000
71760  41.895  3.723  20.966 0.0000000000
72884  38.297  5.198  28.592 0.0000000000
72885  38.170  5.162  28.694 0.0000000000
72898  36.000  4.857  27.260 0.0000000000
72899  35.807  4.765  27.329 0.0000000000
72936  44.670  5.406  24.101 0.0000000000
73003  40.737  5.140  20.268 0.0000000000
74080  44.063  6.283  25.237 0.0000000000
79531  46.539  12.361  17.097 0.0000000000
79543  46.955  12.696  16.777 0.0000000000
79554  47.094  12.823  16.613 0.0000000000
80569  47.021  12.668  17.485 0.0000000000
80578  48.210  13.596  16.983 0.0000000000
81605  49.201  14.025  17.428 0.0000000000
81612  48.166  13.598  17.229 0.0000000000
84697  50.574  15.217  14.540 0.0000000000
