#!ascii label  , from subject sub.01.base.02 vox2ras=TkReg
658
49537  31.449  -14.681  48.721 0.0000000000
70346  47.246  2.176  30.990 0.0000000000
72895  54.343  4.408  28.231 0.0000000000
59600  50.002  -5.882  39.122 0.0000000000
49621  38.451  -14.816  44.357 0.0000000000
43499  35.755  -18.236  47.558 0.0000000000
70356  50.948  3.000  29.968 0.0000000000
70285  51.306  2.605  33.952 0.0000000000
58356  47.055  -8.832  40.859 0.0000000000
48429  43.225  -15.893  44.181 0.0000000000
76292  52.816  7.956  19.485 0.0000000000
72946  52.880  4.930  24.003 0.0000000000
63251  47.104  -3.659  35.579 0.0000000000
67864  48.878  0.267  36.977 0.0000000000
49569  35.044  -15.813  47.126 0.0000000000
46032  33.919  -17.010  48.843 0.0000000000
70344  49.332  2.755  30.901 0.0000000000
72827  50.887  3.882  32.667 0.0000000000
71552  49.418  3.554  33.418 0.0000000000
50992  48.025  -13.598  39.578 0.0000000000
46079  39.607  -17.427  46.048 0.0000000000
49598  40.954  -15.430  45.034 0.0000000000
44821  41.547  -17.994  45.029 0.0000000000
77388  51.627  8.348  20.352 0.0000000000
74132  53.266  6.343  20.758 0.0000000000
75227  52.418  6.953  21.614 0.0000000000
71670  52.410  3.187  26.868 0.0000000000
71720  51.707  3.939  24.248 0.0000000000
72924  53.869  4.658  26.363 0.0000000000
75178  55.330  6.183  25.142 0.0000000000
72893  55.867  4.787  27.427 0.0000000000
59590  48.287  -6.586  40.407 0.0000000000
60758  47.156  -6.067  39.263 0.0000000000
61897  48.165  -4.485  39.379 0.0000000000
65503  48.250  -1.581  36.882 0.0000000000
64343  49.472  -2.799  39.094 0.0000000000
65502  50.872  -1.193  37.869 0.0000000000
61915  50.787  -4.042  37.834 0.0000000000
47197  37.606  -16.812  46.923 0.0000000000
70398  50.917  2.212  26.980 0.0000000000
71634  52.338  3.523  28.988 0.0000000000
72840  53.148  3.809  31.443 0.0000000000
70297  52.466  2.759  32.947 0.0000000000
52181  45.347  -12.798  42.591 0.0000000000
53406  46.965  -11.488  41.764 0.0000000000
54685  48.168  -10.757  40.501 0.0000000000
55915  49.348  -9.309  38.874 0.0000000000
58421  49.254  -7.651  36.764 0.0000000000
50914  44.043  -13.973  42.298 0.0000000000
48426  44.707  -15.770  43.576 0.0000000000
75261  53.234  6.962  18.518 0.0000000000
75217  51.433  6.508  22.006 0.0000000000
75204  53.520  6.244  23.292 0.0000000000
75200  56.318  6.283  23.631 0.0000000000
70287  47.822  2.224  34.526 0.0000000000
70260  49.646  2.306  36.000 0.0000000000
66685  51.791  -0.565  35.777 0.0000000000
47168  31.978  -16.108  48.785 0.0000000000
48339  32.406  -15.534  48.999 0.0000000000
46052  32.902  -17.258  48.427 0.0000000000
70345  48.242  2.402  30.899 0.0000000000
71583  49.265  3.156  31.954 0.0000000000
70329  47.909  2.601  31.835 0.0000000000
46078  40.313  -17.273  45.730 0.0000000000
77389  51.200  7.940  20.266 0.0000000000
76277  51.803  7.430  21.106 0.0000000000
76278  51.390  7.300  21.031 0.0000000000
71669  53.066  3.778  27.376 0.0000000000
71691  53.086  3.855  26.369 0.0000000000
72912  54.461  4.697  27.300 0.0000000000
74062  55.184  5.160  26.931 0.0000000000
59589  49.092  -5.981  40.160 0.0000000000
60748  48.097  -5.772  40.293 0.0000000000
61882  49.165  -4.862  39.931 0.0000000000
63222  48.600  -3.523  39.151 0.0000000000
61894  50.003  -4.080  39.101 0.0000000000
63219  50.296  -3.368  38.711 0.0000000000
60766  50.394  -5.001  38.461 0.0000000000
48374  36.297  -16.280  47.197 0.0000000000
46048  36.684  -17.175  47.595 0.0000000000
44789  37.852  -17.929  46.928 0.0000000000
69154  49.550  1.890  29.173 0.0000000000
69184  49.369  1.582  27.662 0.0000000000
70372  50.886  2.544  28.996 0.0000000000
70383  51.621  2.884  28.426 0.0000000000
71618  51.728  3.517  29.930 0.0000000000
71617  52.659  3.915  29.876 0.0000000000
72856  52.275  4.132  31.076 0.0000000000
71550  51.508  3.216  33.382 0.0000000000
72807  52.205  3.623  32.798 0.0000000000
70298  51.848  2.839  33.314 0.0000000000
69103  51.931  1.915  33.255 0.0000000000
69089  51.594  1.480  33.823 0.0000000000
50889  46.110  -13.629  42.408 0.0000000000
53408  45.901  -11.763  42.390 0.0000000000
50912  47.048  -13.248  41.519 0.0000000000
52220  48.345  -11.817  40.000 0.0000000000
54731  49.003  -10.261  39.275 0.0000000000
49618  41.889  -15.480  44.398 0.0000000000
49640  41.748  -15.048  43.596 0.0000000000
49638  43.653  -14.780  43.195 0.0000000000
49637  44.278  -14.721  43.274 0.0000000000
48428  43.807  -15.870  44.095 0.0000000000
78442  52.266  9.430  19.914 0.0000000000
76291  53.271  8.231  19.108 0.0000000000
74118  53.955  6.305  21.448 0.0000000000
72935  52.330  4.307  24.303 0.0000000000
71731  50.644  3.992  22.794 0.0000000000
72957  51.598  5.046  22.872 0.0000000000
72958  51.049  4.951  22.353 0.0000000000
74101  51.940  5.349  23.048 0.0000000000
74108  52.254  6.266  22.733 0.0000000000
74099  53.592  5.719  23.961 0.0000000000
72909  56.251  5.271  25.620 0.0000000000
75176  56.068  6.136  25.038 0.0000000000
57048  46.519  -9.402  40.808 0.0000000000
57078  46.507  -8.674  40.160 0.0000000000
61916  46.909  -4.807  37.551 0.0000000000
60777  45.994  -6.019  37.467 0.0000000000
66645  48.629  -0.641  37.034 0.0000000000
66687  46.874  -0.463  34.902 0.0000000000
69063  47.610  0.842  35.575 0.0000000000
69104  46.562  1.344  34.238 0.0000000000
70262  48.736  1.727  36.037 0.0000000000
71515  48.909  2.456  35.894 0.0000000000
69045  49.323  1.068  36.924 0.0000000000
64371  51.570  -2.288  36.975 0.0000000000
66663  51.334  -0.381  36.573 0.0000000000
64376  51.532  -2.168  35.994 0.0000000000
65530  51.626  -1.247  34.488 0.0000000000
48336  34.639  -16.078  48.693 0.0000000000
46051  35.017  -17.527  48.463 0.0000000000
43501  34.634  -18.352  47.652 0.0000000000
44771  34.105  -17.895  48.020 0.0000000000
70343  50.310  2.889  30.508 0.0000000000
71580  51.274  3.802  31.453 0.0000000000
71582  49.923  3.495  31.951 0.0000000000
72828  50.266  3.966  33.012 0.0000000000
71537  50.278  3.473  34.250 0.0000000000
48388  38.818  -16.043  46.060 0.0000000000
49599  40.117  -15.077  45.148 0.0000000000
48386  40.336  -16.260  45.572 0.0000000000
47223  41.541  -16.741  45.279 0.0000000000
47222  42.311  -16.731  44.857 0.0000000000
46089  43.639  -16.940  44.086 0.0000000000
43566  42.602  -18.353  44.027 0.0000000000
77387  52.229  8.545  20.257 0.0000000000
75247  52.669  7.092  20.054 0.0000000000
76276  52.193  7.443  20.934 0.0000000000
75240  53.019  6.731  21.339 0.0000000000
75226  53.454  6.641  21.928 0.0000000000
70417  50.794  2.526  25.797 0.0000000000
71692  52.281  3.361  25.923 0.0000000000
71706  52.793  3.851  25.523 0.0000000000
72933  53.789  4.897  25.385 0.0000000000
74090  54.373  5.764  24.920 0.0000000000
74076  54.528  5.224  26.003 0.0000000000
74061  55.851  5.338  26.509 0.0000000000
59579  47.497  -7.322  40.621 0.0000000000
59592  47.095  -7.160  40.272 0.0000000000
60749  47.574  -5.944  40.039 0.0000000000
61898  47.627  -5.160  39.400 0.0000000000
63236  47.543  -4.182  37.891 0.0000000000
63242  47.688  -3.204  36.335 0.0000000000
64367  48.235  -2.484  37.685 0.0000000000
65489  48.572  -1.545  37.803 0.0000000000
66631  49.191  -0.554  38.001 0.0000000000
67842  49.899  0.004  37.905 0.0000000000
65486  50.371  -1.261  38.295 0.0000000000
63227  51.051  -2.930  37.958 0.0000000000
61923  50.833  -4.189  36.995 0.0000000000
49584  35.457  -15.849  46.457 0.0000000000
49583  36.358  -15.962  46.205 0.0000000000
48389  37.979  -16.166  46.200 0.0000000000
47211  38.372  -16.792  46.518 0.0000000000
44808  38.480  -18.535  46.640 0.0000000000
70397  51.692  2.684  27.418 0.0000000000
71650  52.417  3.246  27.895 0.0000000000
71648  53.725  4.253  28.636 0.0000000000
72867  53.737  3.846  29.699 0.0000000000
72854  53.450  3.678  30.493 0.0000000000
70326  53.533  2.750  31.112 0.0000000000
72825  52.440  3.963  32.310 0.0000000000
71562  53.206  3.512  32.056 0.0000000000
53423  44.311  -12.156  42.090 0.0000000000
54617  45.051  -11.470  42.281 0.0000000000
54615  46.443  -10.877  41.982 0.0000000000
55824  47.150  -9.933  41.656 0.0000000000
52205  47.588  -12.443  41.034 0.0000000000
54637  47.521  -10.829  41.285 0.0000000000
57062  47.608  -8.895  40.770 0.0000000000
57076  48.375  -8.523  40.253 0.0000000000
57092  49.406  -8.064  39.334 0.0000000000
57091  49.762  -7.305  39.014 0.0000000000
58408  50.073  -6.867  37.977 0.0000000000
57113  49.608  -8.362  38.334 0.0000000000
52183  44.400  -13.087  42.289 0.0000000000
50891  44.899  -13.941  42.832 0.0000000000
48463  45.674  -15.618  42.495 0.0000000000
46102  44.471  -16.802  43.469 0.0000000000
46114  44.952  -17.024  42.307 0.0000000000
76303  54.295  8.147  18.130 0.0000000000
75229  51.096  6.701  21.332 0.0000000000
75216  52.005  6.657  22.301 0.0000000000
75215  52.884  6.461  22.560 0.0000000000
75214  54.020  6.630  22.810 0.0000000000
75193  54.762  6.301  24.661 0.0000000000
75202  55.425  6.790  23.911 0.0000000000
76269  55.777  6.826  23.188 0.0000000000
59608  46.183  -7.057  38.438 0.0000000000
70314  46.073  1.354  32.659 0.0000000000
70312  47.585  2.465  32.711 0.0000000000
71554  48.176  2.694  33.535 0.0000000000
71524  49.811  3.081  35.186 0.0000000000
70273  50.119  2.685  35.363 0.0000000000
67861  50.179  0.314  37.515 0.0000000000
69059  50.937  0.797  36.069 0.0000000000
67913  51.293  0.997  34.953 0.0000000000
66706  51.694  -0.160  34.148 0.0000000000
59617  50.148  -6.053  37.349 0.0000000000
60784  50.310  -5.159  36.750 0.0000000000
48340  31.716  -15.304  48.811 0.0000000000
48358  31.333  -15.606  48.467 0.0000000000
48341  31.111  -15.079  48.580 0.0000000000
49536  32.114  -14.876  48.902 0.0000000000
77378  51.307  7.532  20.622 0.0000000000
76287  50.970  7.048  20.678 0.0000000000
71668  53.708  4.302  27.834 0.0000000000
71690  53.617  4.293  27.050 0.0000000000
72911  54.963  4.955  27.391 0.0000000000
72894  55.139  4.702  27.707 0.0000000000
59601  49.465  -6.233  39.707 0.0000000000
60746  49.149  -5.180  40.015 0.0000000000
60757  49.549  -5.426  39.699 0.0000000000
61895  49.386  -4.511  39.630 0.0000000000
60756  50.029  -4.842  39.177 0.0000000000
46050  35.594  -17.279  48.217 0.0000000000
46049  36.246  -17.258  47.810 0.0000000000
44768  36.022  -17.800  47.788 0.0000000000
44791  36.413  -18.192  47.368 0.0000000000
70357  49.893  2.230  29.593 0.0000000000
70373  50.298  2.150  28.600 0.0000000000
70371  51.475  3.097  29.326 0.0000000000
70355  51.379  3.187  29.731 0.0000000000
71619  51.287  3.416  30.382 0.0000000000
71536  50.836  3.078  34.191 0.0000000000
70284  51.728  2.238  33.589 0.0000000000
69090  51.282  1.685  34.426 0.0000000000
49659  46.152  -14.428  42.302 0.0000000000
52194  46.494  -13.039  42.121 0.0000000000
50940  46.920  -13.860  41.502 0.0000000000
48430  42.544  -15.884  44.395 0.0000000000
49617  42.965  -15.518  43.895 0.0000000000
49639  42.713  -15.187  43.448 0.0000000000
49616  43.723  -15.395  43.785 0.0000000000
77394  52.760  8.903  19.779 0.0000000000
78441  53.114  9.592  19.467 0.0000000000
77393  53.353  8.725  19.270 0.0000000000
72947  51.914  4.690  23.541 0.0000000000
74100  52.566  5.737  23.232 0.0000000000
72922  56.323  5.333  25.270 0.0000000000
57047  46.869  -9.434  41.140 0.0000000000
57065  46.624  -9.065  40.619 0.0000000000
58371  46.893  -8.590  40.661 0.0000000000
61924  46.707  -4.537  36.546 0.0000000000
61931  46.452  -4.467  35.801 0.0000000000
67886  48.371  0.179  36.350 0.0000000000
69047  48.758  0.752  36.512 0.0000000000
69077  47.875  1.195  35.553 0.0000000000
69061  48.855  1.208  36.399 0.0000000000
70248  49.115  1.574  36.565 0.0000000000
69046  49.024  1.014  36.817 0.0000000000
63240  51.231  -3.214  36.613 0.0000000000
63248  51.140  -2.774  35.605 0.0000000000
63257  51.030  -2.540  35.087 0.0000000000
48337  33.881  -15.845  48.947 0.0000000000
49533  34.050  -15.516  48.559 0.0000000000
47165  34.260  -16.489  48.933 0.0000000000
47164  34.817  -16.631  48.810 0.0000000000
46031  34.613  -17.052  48.806 0.0000000000
44749  34.368  -17.527  48.490 0.0000000000
70358  48.777  2.003  30.081 0.0000000000
69156  48.255  1.541  29.388 0.0000000000
69155  49.156  1.745  29.257 0.0000000000
71603  50.127  3.181  31.274 0.0000000000
71604  49.649  3.145  31.523 0.0000000000
71565  49.010  3.295  32.775 0.0000000000
71564  49.690  3.710  32.733 0.0000000000
72810  49.961  3.798  33.598 0.0000000000
72793  50.210  3.710  33.884 0.0000000000
72794  50.023  3.671  34.035 0.0000000000
47210  39.198  -16.747  46.141 0.0000000000
48387  39.709  -16.140  45.766 0.0000000000
47209  39.985  -16.735  45.813 0.0000000000
44822  40.866  -18.293  45.340 0.0000000000
46093  41.038  -17.492  45.434 0.0000000000
46092  41.952  -17.365  45.060 0.0000000000
44819  42.827  -17.562  44.356 0.0000000000
78433  51.321  8.658  20.018 0.0000000000
78432  51.727  8.993  20.193 0.0000000000
76286  52.333  7.683  20.370 0.0000000000
77376  52.118  8.057  20.494 0.0000000000
70416  51.611  2.812  26.406 0.0000000000
71693  51.560  3.150  25.580 0.0000000000
72925  53.350  4.268  25.665 0.0000000000
72934  53.025  4.363  24.859 0.0000000000
74050  55.731  5.189  27.171 0.0000000000
72910  56.165  4.885  26.342 0.0000000000
58368  48.074  -7.520  40.618 0.0000000000
59591  47.720  -6.590  40.455 0.0000000000
61884  48.457  -5.058  39.928 0.0000000000
61885  47.976  -5.279  39.854 0.0000000000
61907  47.770  -4.506  38.886 0.0000000000
63230  47.709  -4.333  38.462 0.0000000000
63235  47.871  -3.349  37.342 0.0000000000
63229  48.113  -3.677  38.435 0.0000000000
64344  48.951  -2.834  39.133 0.0000000000
64358  48.625  -2.467  38.567 0.0000000000
64357  49.174  -2.079  38.920 0.0000000000
65488  48.922  -1.429  38.357 0.0000000000
65487  49.517  -1.323  38.483 0.0000000000
64356  49.933  -2.083  38.888 0.0000000000
63228  50.744  -3.412  38.215 0.0000000000
61914  51.042  -3.518  37.599 0.0000000000
61922  51.082  -3.611  37.321 0.0000000000
49604  35.033  -15.755  45.901 0.0000000000
47198  36.719  -16.737  47.389 0.0000000000
49567  36.653  -16.173  46.668 0.0000000000
48373  37.237  -16.386  46.724 0.0000000000
49582  37.367  -15.992  46.012 0.0000000000
48372  37.997  -16.469  46.441 0.0000000000
70385  50.155  2.013  27.752 0.0000000000
71649  53.093  3.909  28.318 0.0000000000
71633  53.340  4.081  29.187 0.0000000000
71632  53.712  4.236  28.991 0.0000000000
72855  52.894  4.137  30.721 0.0000000000
71579  53.491  3.353  31.277 0.0000000000
72843  51.300  3.934  32.049 0.0000000000
72842  51.910  4.099  31.715 0.0000000000
72826  51.730  3.865  32.482 0.0000000000
71548  52.861  3.559  32.739 0.0000000000
70296  53.092  3.156  32.439 0.0000000000
70310  53.364  3.035  31.853 0.0000000000
70311  52.992  2.666  32.205 0.0000000000
53410  44.577  -12.541  42.382 0.0000000000
53422  44.749  -11.689  42.287 0.0000000000
53409  44.984  -12.006  42.520 0.0000000000
53407  46.554  -11.541  42.054 0.0000000000
54614  47.209  -10.957  41.870 0.0000000000
55805  46.877  -10.138  41.799 0.0000000000
54613  47.229  -10.573  41.634 0.0000000000
50969  47.611  -13.752  40.633 0.0000000000
50938  47.735  -13.209  40.648 0.0000000000
53450  48.413  -11.243  40.071 0.0000000000
53437  47.938  -11.626  40.662 0.0000000000
54661  47.893  -10.924  40.796 0.0000000000
55843  47.753  -10.018  40.919 0.0000000000
55869  47.941  -10.088  40.763 0.0000000000
57061  48.015  -9.431  40.673 0.0000000000
55868  48.176  -9.867  40.518 0.0000000000
55893  48.805  -9.405  39.702 0.0000000000
55931  49.292  -9.277  37.981 0.0000000000
49620  39.607  -14.509  44.138 0.0000000000
49681  43.243  -14.616  42.293 0.0000000000
50942  43.630  -14.015  41.681 0.0000000000
50915  44.022  -13.489  41.924 0.0000000000
52195  44.119  -12.958  41.952 0.0000000000
49614  44.467  -15.558  43.638 0.0000000000
49636  44.857  -14.895  43.214 0.0000000000
49635  45.577  -14.534  42.690 0.0000000000
48448  45.319  -15.504  43.010 0.0000000000
46103  43.977  -17.073  43.808 0.0000000000
46121  45.259  -16.673  41.480 0.0000000000
76304  53.709  7.939  18.520 0.0000000000
75281  53.792  6.895  17.593 0.0000000000
74133  52.815  6.703  20.413 0.0000000000
71708  51.149  3.258  24.771 0.0000000000
71709  50.459  3.140  24.262 0.0000000000
71721  51.060  3.776  23.698 0.0000000000
74110  51.031  5.898  21.892 0.0000000000
74089  54.997  6.178  25.050 0.0000000000
75190  56.222  6.207  24.467 0.0000000000
75191  55.786  6.430  24.554 0.0000000000
75201  55.945  6.548  23.950 0.0000000000
76264  55.735  6.730  23.581 0.0000000000
76263  56.032  6.597  23.438 0.0000000000
59602  46.945  -6.729  39.602 0.0000000000
59603  46.648  -7.141  39.430 0.0000000000
60768  46.622  -6.415  38.669 0.0000000000
64372  48.000  -2.467  36.706 0.0000000000
67901  46.459  0.224  34.870 0.0000000000
70288  47.122  1.597  34.612 0.0000000000
70300  46.754  1.640  33.654 0.0000000000
70313  46.788  1.989  32.742 0.0000000000
70299  47.491  2.295  33.540 0.0000000000
71540  48.029  2.543  34.042 0.0000000000
71514  49.215  2.693  35.830 0.0000000000
71525  49.286  3.050  35.267 0.0000000000
71513  49.495  2.837  35.614 0.0000000000
69076  50.303  2.110  35.606 0.0000000000
66629  50.205  -0.449  38.046 0.0000000000
66643  50.688  -0.491  37.601 0.0000000000
67884  51.153  0.303  36.273 0.0000000000
67899  51.495  0.365  35.526 0.0000000000
69075  50.883  1.403  35.380 0.0000000000
67912  51.598  0.636  34.536 0.0000000000
66684  51.985  -0.204  34.995 0.0000000000
57130  49.740  -7.616  37.871 0.0000000000
58420  49.594  -7.019  37.096 0.0000000000
48338  33.137  -15.695  49.011 0.0000000000
47166  33.519  -16.379  48.992 0.0000000000
46033  33.068  -16.958  48.754 0.0000000000
47167  32.762  -16.235  48.985 0.0000000000
46034  32.511  -16.591  48.760 0.0000000000
70359  47.746  1.855  30.220 0.0000000000
70328  48.649  2.796  31.542 0.0000000000
71584  48.644  2.911  32.184 0.0000000000
71566  48.367  2.850  32.772 0.0000000000
44807  39.314  -18.291  46.220 0.0000000000
44806  40.142  -18.094  45.704 0.0000000000
77377  51.536  7.714  20.604 0.0000000000
75228  51.630  7.030  21.644 0.0000000000
74063  54.536  4.958  26.672 0.0000000000
58381  48.916  -7.077  39.958 0.0000000000
60747  48.687  -5.537  40.235 0.0000000000
61896  48.770  -4.322  39.640 0.0000000000
63221  49.126  -3.554  39.396 0.0000000000
63220  49.712  -3.533  39.141 0.0000000000
64342  50.077  -2.875  38.832 0.0000000000
61906  50.412  -4.133  38.606 0.0000000000
60775  50.469  -5.066  37.612 0.0000000000
49550  35.567  -16.093  47.335 0.0000000000
47199  36.162  -16.482  47.512 0.0000000000
46068  37.244  -17.370  47.275 0.0000000000
69169  49.616  1.798  28.658 0.0000000000
70384  50.940  2.354  28.021 0.0000000000
71600  52.234  3.967  30.477 0.0000000000
72808  51.326  3.627  33.109 0.0000000000
71549  52.219  3.250  32.967 0.0000000000
69118  52.310  2.016  32.582 0.0000000000
67927  51.608  0.915  33.405 0.0000000000
52180  46.231  -12.586  42.322 0.0000000000
52179  46.720  -11.980  41.981 0.0000000000
52193  46.983  -12.440  41.698 0.0000000000
52221  48.141  -12.524  40.161 0.0000000000
53465  48.693  -10.951  39.556 0.0000000000
54709  48.577  -10.419  39.967 0.0000000000
49597  41.442  -15.753  44.953 0.0000000000
49619  40.897  -14.859  44.428 0.0000000000
49662  41.664  -15.031  42.668 0.0000000000
49661  42.603  -14.987  42.806 0.0000000000
49660  43.348  -14.659  42.766 0.0000000000
49615  44.228  -15.434  43.713 0.0000000000
78458  53.734  9.385  19.168 0.0000000000
76305  53.090  7.413  18.925 0.0000000000
74119  53.407  6.526  21.398 0.0000000000
72948  51.260  4.468  23.027 0.0000000000
74109  51.703  5.850  22.579 0.0000000000
74074  55.985  5.821  25.619 0.0000000000
75177  55.663  6.195  25.150 0.0000000000
74073  56.276  5.686  25.144 0.0000000000
55844  46.104  -9.900  40.965 0.0000000000
60767  46.734  -5.585  38.198 0.0000000000
60776  46.491  -5.375  37.588 0.0000000000
61925  46.080  -5.116  36.369 0.0000000000
66665  47.736  -0.689  35.902 0.0000000000
66666  47.218  -0.059  35.519 0.0000000000
67900  46.934  0.517  35.291 0.0000000000
69092  46.201  0.998  34.384 0.0000000000
69078  47.332  1.156  35.296 0.0000000000
70276  47.223  1.418  35.035 0.0000000000
70275  47.843  1.640  35.281 0.0000000000
70286  48.466  2.580  34.998 0.0000000000
70274  48.475  2.284  35.391 0.0000000000
70261  49.161  2.181  36.233 0.0000000000
70247  49.336  1.704  36.519 0.0000000000
65501  51.297  -1.299  37.361 0.0000000000
66642  51.133  -0.609  37.192 0.0000000000
65512  51.651  -1.343  36.347 0.0000000000
65522  51.799  -1.220  35.321 0.0000000000
64382  51.403  -2.045  35.051 0.0000000000
49551  34.844  -15.828  47.747 0.0000000000
49532  34.545  -15.764  48.266 0.0000000000
47184  35.228  -16.625  48.446 0.0000000000
44769  35.420  -17.947  48.011 0.0000000000
43500  35.218  -18.399  47.627 0.0000000000
44770  34.823  -18.007  48.068 0.0000000000
44751  33.174  -17.324  48.430 0.0000000000
70342  50.690  3.073  30.424 0.0000000000
71602  50.862  3.348  30.831 0.0000000000
71581  50.656  3.679  31.814 0.0000000000
71563  50.270  3.836  32.438 0.0000000000
72809  50.557  3.754  33.505 0.0000000000
71551  50.906  3.465  33.716 0.0000000000
49679  46.948  -14.480  41.196 0.0000000000
49600  39.027  -15.226  45.277 0.0000000000
48409  39.621  -15.621  45.564 0.0000000000
48408  40.283  -15.726  45.415 0.0000000000
47224  40.723  -16.749  45.554 0.0000000000
48407  41.023  -16.090  45.256 0.0000000000
48406  41.951  -16.111  44.902 0.0000000000
48405  42.722  -16.265  44.499 0.0000000000
48404  43.372  -16.253  44.265 0.0000000000
47221  42.950  -16.708  44.419 0.0000000000
44832  43.113  -17.889  44.016 0.0000000000
75241  52.661  7.035  20.819 0.0000000000
75225  54.535  6.697  22.071 0.0000000000
70437  50.372  2.734  24.939 0.0000000000
71707  52.117  3.717  25.003 0.0000000000
72945  53.565  5.108  24.585 0.0000000000
74075  55.307  5.745  25.670 0.0000000000
74060  56.109  5.407  25.855 0.0000000000
58369  47.334  -8.179  40.735 0.0000000000
58383  46.728  -7.888  40.535 0.0000000000
59580  47.263  -7.710  40.642 0.0000000000
61908  47.329  -4.922  38.558 0.0000000000
63243  47.332  -3.982  36.875 0.0000000000
66632  48.881  -0.881  37.791 0.0000000000
66644  48.959  -0.259  37.516 0.0000000000
67863  49.209  0.313  37.395 0.0000000000
66630  49.751  -0.564  38.162 0.0000000000
64366  50.931  -1.745  37.974 0.0000000000
64355  50.648  -2.574  38.361 0.0000000000
64354  51.009  -2.656  38.016 0.0000000000
64365  51.190  -2.393  37.772 0.0000000000
63233  51.269  -3.080  37.472 0.0000000000
49601  37.975  -15.540  45.079 0.0000000000
49568  35.937  -16.006  46.902 0.0000000000
49602  36.715  -15.705  45.075 0.0000000000
49581  38.291  -15.810  45.749 0.0000000000
46067  37.985  -17.260  46.928 0.0000000000
46080  38.694  -17.559  46.537 0.0000000000
72879  54.714  4.063  28.556 0.0000000000
72880  53.990  4.192  29.082 0.0000000000
72866  54.115  3.702  29.295 0.0000000000
72853  53.756  3.493  29.880 0.0000000000
72868  53.346  4.018  29.941 0.0000000000
71601  51.629  3.827  30.822 0.0000000000
72841  52.657  4.102  31.628 0.0000000000
72806  52.704  3.806  32.586 0.0000000000
72824  52.923  3.883  32.216 0.0000000000
54641  44.357  -11.528  41.721 0.0000000000
54639  45.739  -10.585  41.716 0.0000000000
54616  45.697  -11.033  42.136 0.0000000000
55807  45.764  -10.378  41.801 0.0000000000
55826  46.181  -9.809  41.332 0.0000000000
57031  47.019  -9.757  41.708 0.0000000000
57046  47.111  -9.528  41.305 0.0000000000
50939  47.379  -13.549  41.085 0.0000000000
52206  47.278  -12.902  41.351 0.0000000000
52192  47.391  -11.935  41.344 0.0000000000
53420  47.610  -11.517  41.103 0.0000000000
54638  47.212  -10.987  41.604 0.0000000000
55823  47.355  -10.215  41.489 0.0000000000
57045  47.343  -9.731  41.275 0.0000000000
57063  47.246  -8.911  40.837 0.0000000000
57077  48.044  -8.072  40.552 0.0000000000
58382  48.273  -7.536  40.397 0.0000000000
58395  49.602  -6.874  39.330 0.0000000000
58394  49.970  -6.744  38.725 0.0000000000
57112  49.818  -7.508  38.556 0.0000000000
57131  49.351  -8.224  37.358 0.0000000000
55949  48.849  -9.278  37.213 0.0000000000
50874  38.522  -14.400  43.551 0.0000000000
49641  40.744  -14.714  43.425 0.0000000000
53424  44.079  -12.656  41.844 0.0000000000
52182  44.739  -13.014  42.520 0.0000000000
50892  44.379  -13.953  42.631 0.0000000000
50890  45.465  -13.714  42.638 0.0000000000
48462  46.118  -15.314  42.093 0.0000000000
48403  43.798  -16.219  44.166 0.0000000000
47234  44.376  -16.395  43.768 0.0000000000
47244  44.908  -16.303  43.324 0.0000000000
46108  44.771  -16.883  42.955 0.0000000000
47252  45.355  -16.288  42.502 0.0000000000
50823  31.267  -14.178  48.642 0.0000000000
76322  54.618  7.820  17.484 0.0000000000
75213  55.167  7.059  22.995 0.0000000000
75203  54.461  6.541  23.957 0.0000000000
75192  55.216  6.473  24.668 0.0000000000
76270  55.527  6.877  23.422 0.0000000000
75212  56.000  6.812  22.629 0.0000000000
70347  46.164  1.703  31.015 0.0000000000
59593  46.759  -7.546  40.030 0.0000000000
58396  46.531  -7.954  39.824 0.0000000000
69105  46.081  1.148  33.710 0.0000000000
70331  46.340  1.678  32.000 0.0000000000
70330  46.954  2.149  31.875 0.0000000000
71553  48.867  3.161  33.574 0.0000000000
71539  48.642  2.856  34.510 0.0000000000
71538  49.559  3.429  34.291 0.0000000000
71523  50.324  3.025  34.824 0.0000000000
70272  50.699  2.409  34.842 0.0000000000
67862  49.620  0.502  37.453 0.0000000000
69044  49.834  1.164  36.861 0.0000000000
66664  50.990  -0.269  37.079 0.0000000000
67885  50.709  0.399  36.835 0.0000000000
69060  50.361  1.420  36.190 0.0000000000
65521  51.861  -0.745  34.632 0.0000000000
66707  51.607  -0.761  34.053 0.0000000000
59607  50.286  -5.963  38.229 0.0000000000
58434  49.536  -6.682  36.499 0.0000000000
42349  34.965  -18.536  47.412 0.0000000000
43550  41.791  -18.304  44.730 0.0000000000
44750  33.628  -17.412  48.452 0.0000000000
44833  42.525  -18.201  44.227 0.0000000000
46030  35.110  -17.025  48.667 0.0000000000
46090  43.194  -17.188  44.256 0.0000000000
46091  42.612  -17.248  44.604 0.0000000000
46104  43.523  -17.322  44.033 0.0000000000
46109  44.342  -17.354  43.256 0.0000000000
46122  45.156  -16.818  41.770 0.0000000000
47182  36.437  -16.930  47.704 0.0000000000
47220  43.502  -16.615  44.205 0.0000000000
47235  43.929  -16.512  44.045 0.0000000000
47260  45.399  -16.473  42.164 0.0000000000
48357  35.165  -16.180  48.142 0.0000000000
48427  44.220  -15.960  43.966 0.0000000000
48447  45.778  -15.075  42.569 0.0000000000
50913  46.598  -13.570  41.910 0.0000000000
50941  43.633  -14.335  42.289 0.0000000000
53421  47.301  -11.493  41.468 0.0000000000
53436  48.139  -11.283  40.477 0.0000000000
53439  43.781  -12.431  41.492 0.0000000000
53451  48.210  -11.691  40.291 0.0000000000
54660  48.008  -11.145  40.647 0.0000000000
54662  45.927  -10.270  41.412 0.0000000000
54686  47.972  -10.348  40.729 0.0000000000
55804  47.093  -10.263  41.785 0.0000000000
55806  46.578  -10.230  41.795 0.0000000000
55825  46.743  -9.855  41.559 0.0000000000
55842  48.141  -9.905  40.698 0.0000000000
57030  46.933  -9.904  41.888 0.0000000000
57064  46.873  -8.984  40.779 0.0000000000
58357  46.924  -9.023  40.949 0.0000000000
58370  47.034  -8.342  40.732 0.0000000000
58384  46.824  -8.095  40.413 0.0000000000
58409  46.263  -7.872  39.073 0.0000000000
59578  47.781  -6.977  40.565 0.0000000000
60759  46.891  -6.608  39.249 0.0000000000
61883  48.953  -4.883  40.012 0.0000000000
63234  51.010  -3.395  37.805 0.0000000000
63250  47.571  -3.075  35.752 0.0000000000
64341  50.361  -2.944  38.645 0.0000000000
65529  51.740  -0.749  34.322 0.0000000000
67841  50.248  -0.122  37.828 0.0000000000
67843  49.493  -0.016  37.845 0.0000000000
67887  47.690  0.309  35.754 0.0000000000
67898  51.847  0.280  35.037 0.0000000000
67914  46.442  0.691  34.798 0.0000000000
69062  48.325  0.942  35.955 0.0000000000
69091  46.754  1.169  34.864 0.0000000000
70249  48.965  1.394  36.539 0.0000000000
70263  48.258  1.376  35.681 0.0000000000
71526  48.832  2.765  35.418 0.0000000000
72881  53.649  4.036  29.499 0.0000000000
74051  55.578  5.018  27.372 0.0000000000
76268  56.131  6.633  23.038 0.0000000000
