#!ascii label  , from subject sub.01.base.02 vox2ras=TkReg
899
63051  16.924  -4.330  53.290 0.0000000000
57089  9.832  -8.788  41.129 0.0000000000
56934  8.549  -8.324  53.017 0.0000000000
64235  7.999  -2.045  50.225 0.0000000000
71419  8.301  2.183  43.232 0.0000000000
60638  11.825  -5.327  54.709 0.0000000000
65328  10.798  -2.638  53.344 0.0000000000
58229  19.711  -5.075  51.985 0.0000000000
56924  14.503  -6.475  52.838 0.0000000000
53292  10.451  -9.668  52.440 0.0000000000
72599  8.697  3.870  51.555 0.0000000000
66563  8.313  0.170  47.328 0.0000000000
73846  9.419  4.900  49.127 0.0000000000
53345  7.137  -11.867  49.239 0.0000000000
58290  9.209  -8.510  47.800 0.0000000000
60662  9.207  -5.295  51.987 0.0000000000
67701  9.249  0.577  52.924 0.0000000000
61840  11.319  -4.868  45.718 0.0000000000
63209  9.247  -2.849  41.573 0.0000000000
65499  7.993  -1.373  38.494 0.0000000000
70196  11.660  2.764  41.170 0.0000000000
61764  14.190  -4.677  53.982 0.0000000000
63069  13.202  -3.641  53.272 0.0000000000
61745  18.406  -4.583  53.234 0.0000000000
58223  17.284  -5.812  52.723 0.0000000000
59467  15.362  -5.763  53.838 0.0000000000
58215  12.589  -6.676  54.141 0.0000000000
73830  8.662  4.795  50.118 0.0000000000
55741  8.223  -9.934  51.401 0.0000000000
56945  8.552  -8.866  50.396 0.0000000000
59487  8.900  -6.464  53.091 0.0000000000
67708  11.288  -0.006  51.569 0.0000000000
66491  9.642  -0.493  52.703 0.0000000000
54487  9.234  -9.600  52.956 0.0000000000
50787  9.093  -12.317  51.873 0.0000000000
53296  8.293  -11.203  52.071 0.0000000000
52092  7.348  -12.425  50.402 0.0000000000
61793  9.642  -4.946  49.391 0.0000000000
58304  10.347  -7.315  47.287 0.0000000000
61812  9.086  -3.363  47.957 0.0000000000
67785  8.127  0.858  45.355 0.0000000000
63166  7.804  -1.849  44.222 0.0000000000
65455  7.459  -0.651  42.833 0.0000000000
63226  8.495  -2.834  39.324 0.0000000000
69006  8.003  0.550  40.744 0.0000000000
58219  9.834  -6.903  54.437 0.0000000000
60647  9.741  -5.536  54.518 0.0000000000
63044  10.981  -4.181  54.780 0.0000000000
65347  12.214  -2.287  52.013 0.0000000000
58250  20.817  -5.040  50.682 0.0000000000
58284  18.898  -5.492  48.417 0.0000000000
58245  18.257  -5.876  51.113 0.0000000000
56935  15.485  -6.388  51.140 0.0000000000
55729  12.032  -8.242  52.902 0.0000000000
55716  11.028  -7.997  54.094 0.0000000000
67722  7.979  0.316  50.564 0.0000000000
65394  7.596  -1.448  49.029 0.0000000000
70108  8.520  2.338  49.746 0.0000000000
71356  8.911  3.189  47.914 0.0000000000
72644  9.121  3.135  45.989 0.0000000000
64189  19.327  -3.490  52.869 0.0000000000
60694  23.913  -3.924  47.875 0.0000000000
61781  25.547  -2.939  49.864 0.0000000000
60656  22.343  -4.347  51.724 0.0000000000
63046  20.779  -3.841  53.252 0.0000000000
53375  6.159  -12.024  47.354 0.0000000000
55783  7.287  -10.283  46.598 0.0000000000
56969  8.328  -9.921  48.553 0.0000000000
59503  9.418  -6.638  50.860 0.0000000000
61780  8.545  -3.116  50.948 0.0000000000
63060  9.439  -3.948  52.979 0.0000000000
64209  8.848  -2.309  51.990 0.0000000000
66513  8.328  -0.519  51.382 0.0000000000
71307  8.704  2.867  52.564 0.0000000000
57012  8.156  -9.083  45.240 0.0000000000
59569  9.088  -7.481  43.980 0.0000000000
59575  10.678  -6.792  42.539 0.0000000000
63148  9.007  -3.324  46.014 0.0000000000
63194  10.874  -2.995  42.935 0.0000000000
60754  11.917  -5.066  40.158 0.0000000000
60764  9.817  -4.560  38.469 0.0000000000
60773  8.537  -4.277  37.528 0.0000000000
72615  11.333  4.760  48.259 0.0000000000
72655  10.608  3.502  45.567 0.0000000000
71391  13.020  2.998  44.883 0.0000000000
71459  9.367  2.568  41.943 0.0000000000
69021  8.868  1.007  39.882 0.0000000000
61763  15.178  -4.705  53.900 0.0000000000
63053  14.742  -4.400  53.590 0.0000000000
63066  16.678  -4.113  52.920 0.0000000000
61760  17.957  -4.200  53.310 0.0000000000
60633  16.976  -5.146  53.429 0.0000000000
61747  16.581  -4.904  53.766 0.0000000000
60635  14.853  -5.382  54.116 0.0000000000
55913  10.107  -9.813  40.789 0.0000000000
58407  11.377  -7.620  40.111 0.0000000000
55735  8.275  -9.543  52.134 0.0000000000
56937  8.384  -8.553  52.176 0.0000000000
58228  8.747  -7.258  53.374 0.0000000000
58297  20.442  -5.177  47.704 0.0000000000
55730  8.987  -9.067  53.177 0.0000000000
53295  8.675  -10.920  52.418 0.0000000000
54497  8.441  -10.263  52.331 0.0000000000
54508  8.155  -10.577  51.778 0.0000000000
61795  8.550  -3.228  49.997 0.0000000000
61802  9.367  -4.030  48.834 0.0000000000
61803  8.771  -3.145  49.019 0.0000000000
68962  8.164  1.593  44.089 0.0000000000
66594  7.023  -0.112  43.822 0.0000000000
67814  7.767  0.761  42.907 0.0000000000
67822  7.834  0.270  41.766 0.0000000000
70185  8.187  1.606  42.456 0.0000000000
59472  10.829  -6.115  54.801 0.0000000000
60640  10.525  -5.407  54.875 0.0000000000
61752  11.730  -4.791  54.724 0.0000000000
64205  12.539  -3.254  52.888 0.0000000000
66523  12.964  -0.870  50.137 0.0000000000
58242  20.481  -4.974  51.415 0.0000000000
58251  19.884  -5.239  50.550 0.0000000000
58237  18.969  -5.362  51.899 0.0000000000
58224  15.912  -6.101  53.002 0.0000000000
58233  16.347  -6.250  52.216 0.0000000000
56931  14.406  -6.705  52.206 0.0000000000
55719  13.133  -7.418  52.805 0.0000000000
59461  12.337  -6.035  54.488 0.0000000000
56918  12.086  -7.241  54.178 0.0000000000
58217  11.239  -6.742  54.619 0.0000000000
56920  10.788  -7.498  54.360 0.0000000000
70090  8.252  2.202  51.367 0.0000000000
68903  8.083  1.034  50.201 0.0000000000
71324  8.423  2.825  50.877 0.0000000000
73837  9.151  5.285  49.550 0.0000000000
71346  8.892  3.507  48.956 0.0000000000
72618  9.270  4.098  48.652 0.0000000000
71367  8.811  2.896  46.654 0.0000000000
72617  9.802  4.383  48.390 0.0000000000
59494  22.791  -4.650  51.040 0.0000000000
53360  6.794  -11.940  48.462 0.0000000000
54558  6.795  -11.433  47.662 0.0000000000
55757  8.019  -10.608  48.993 0.0000000000
59497  9.246  -6.570  51.731 0.0000000000
58248  8.927  -7.821  51.139 0.0000000000
60666  9.302  -5.255  51.234 0.0000000000
61779  8.785  -3.891  51.314 0.0000000000
63058  10.282  -3.939  54.057 0.0000000000
61767  9.478  -4.718  53.466 0.0000000000
64196  10.066  -3.058  53.386 0.0000000000
65339  9.453  -1.598  52.761 0.0000000000
66492  9.001  -0.414  52.821 0.0000000000
65350  8.527  -1.185  51.665 0.0000000000
66493  8.529  -0.287  52.423 0.0000000000
67703  8.203  0.640  52.455 0.0000000000
68878  8.391  1.459  52.732 0.0000000000
58269  17.145  -5.624  49.023 0.0000000000
58300  17.835  -5.552  47.208 0.0000000000
53306  10.894  -9.578  51.996 0.0000000000
52089  10.061  -11.061  50.758 0.0000000000
52078  9.907  -11.033  51.222 0.0000000000
50788  8.444  -12.788  51.584 0.0000000000
50802  8.760  -12.883  50.975 0.0000000000
52101  6.913  -12.478  49.788 0.0000000000
52109  6.561  -12.485  49.071 0.0000000000
56982  8.058  -9.818  47.359 0.0000000000
55794  7.258  -10.075  45.605 0.0000000000
56981  8.550  -9.024  47.031 0.0000000000
59545  10.951  -6.463  46.453 0.0000000000
58332  10.070  -7.453  45.611 0.0000000000
59552  10.583  -6.859  45.312 0.0000000000
59568  9.612  -7.003  43.668 0.0000000000
60730  11.041  -6.291  43.787 0.0000000000
65407  7.882  -1.194  47.916 0.0000000000
63119  8.393  -2.426  47.543 0.0000000000
64277  7.901  -1.660  45.974 0.0000000000
63196  8.911  -2.479  42.597 0.0000000000
63181  8.894  -2.737  43.676 0.0000000000
63195  9.571  -2.829  42.730 0.0000000000
61880  11.882  -4.438  41.906 0.0000000000
63215  10.589  -3.370  40.845 0.0000000000
60755  11.347  -4.519  39.689 0.0000000000
61892  9.523  -3.478  39.643 0.0000000000
64364  8.127  -2.105  38.846 0.0000000000
61905  8.619  -3.385  38.394 0.0000000000
63239  8.212  -2.979  37.348 0.0000000000
72613  12.546  5.182  48.061 0.0000000000
72641  10.788  3.853  46.563 0.0000000000
72640  11.803  3.890  46.638 0.0000000000
71455  13.099  2.904  42.030 0.0000000000
71436  12.365  2.731  42.894 0.0000000000
71415  11.611  2.627  43.813 0.0000000000
71458  10.046  2.645  41.664 0.0000000000
70216  9.220  1.825  41.056 0.0000000000
70214  10.205  2.473  40.568 0.0000000000
60637  12.697  -5.278  54.510 0.0000000000
63042  12.295  -4.418  54.441 0.0000000000
63054  13.262  -4.218  53.946 0.0000000000
59463  18.960  -5.190  53.225 0.0000000000
58222  18.121  -5.554  52.675 0.0000000000
59465  17.569  -5.344  53.092 0.0000000000
59466  16.460  -5.645  53.326 0.0000000000
58213  14.826  -6.073  53.623 0.0000000000
58226  13.538  -6.612  53.514 0.0000000000
59468  14.175  -5.881  54.059 0.0000000000
60636  13.536  -5.477  54.335 0.0000000000
73823  9.416  5.696  51.332 0.0000000000
73825  8.704  4.591  50.563 0.0000000000
74970  9.338  5.989  51.054 0.0000000000
74975  9.262  5.988  50.487 0.0000000000
74981  9.984  6.576  50.237 0.0000000000
54535  7.961  -11.090  50.214 0.0000000000
55748  8.194  -10.491  49.970 0.0000000000
56941  8.262  -9.759  51.033 0.0000000000
58241  8.723  -7.686  51.961 0.0000000000
59492  9.066  -6.537  52.442 0.0000000000
66489  10.823  -1.545  52.583 0.0000000000
65337  10.587  -1.906  52.903 0.0000000000
66501  10.495  0.156  52.304 0.0000000000
67710  10.430  0.798  52.356 0.0000000000
68875  10.027  1.731  52.665 0.0000000000
70072  9.927  2.430  52.703 0.0000000000
53281  9.998  -9.691  52.718 0.0000000000
52063  9.465  -11.398  51.946 0.0000000000
53294  9.108  -10.978  52.437 0.0000000000
52065  8.739  -11.841  52.285 0.0000000000
50789  7.966  -13.005  51.328 0.0000000000
50804  7.667  -13.157  50.704 0.0000000000
53309  7.990  -11.524  51.550 0.0000000000
53318  7.756  -11.660  50.944 0.0000000000
59514  9.843  -6.815  49.293 0.0000000000
58289  9.915  -7.576  48.238 0.0000000000
60684  10.203  -6.069  48.482 0.0000000000
61810  10.248  -4.872  47.761 0.0000000000
61826  10.087  -4.261  47.131 0.0000000000
67776  8.324  0.648  46.258 0.0000000000
65422  7.666  -0.965  45.535 0.0000000000
65433  6.999  -0.889  44.613 0.0000000000
64309  7.612  -1.426  43.678 0.0000000000
63198  8.209  -1.726  42.519 0.0000000000
63217  8.883  -3.076  40.293 0.0000000000
64339  8.006  -1.744  41.099 0.0000000000
65475  7.605  -0.741  40.255 0.0000000000
67860  7.545  -0.027  39.520 0.0000000000
70212  12.284  2.385  40.510 0.0000000000
69003  10.860  2.085  39.910 0.0000000000
69001  12.860  1.853  39.922 0.0000000000
56928  9.241  -7.959  53.625 0.0000000000
58227  8.966  -7.127  53.886 0.0000000000
59474  9.672  -6.298  54.576 0.0000000000
63045  10.621  -4.279  54.596 0.0000000000
63057  10.836  -3.725  54.318 0.0000000000
63055  12.060  -3.947  54.238 0.0000000000
64193  11.631  -3.423  53.825 0.0000000000
65335  11.431  -2.516  52.817 0.0000000000
66499  11.530  -0.950  51.722 0.0000000000
58264  21.526  -4.982  50.050 0.0000000000
58282  20.523  -5.208  48.891 0.0000000000
58266  19.839  -5.410  49.671 0.0000000000
58239  17.370  -6.203  51.720 0.0000000000
58240  16.450  -6.299  51.461 0.0000000000
56938  15.391  -6.356  50.307 0.0000000000
54507  11.591  -9.229  51.670 0.0000000000
53291  10.912  -9.365  52.449 0.0000000000
55714  12.206  -7.542  53.774 0.0000000000
55722  11.176  -8.376  53.654 0.0000000000
54484  10.852  -9.035  53.132 0.0000000000
55724  10.103  -8.611  53.641 0.0000000000
56927  9.806  -8.220  53.771 0.0000000000
66525  7.808  -0.594  50.136 0.0000000000
64253  7.846  -2.105  49.065 0.0000000000
67732  7.638  0.151  49.866 0.0000000000
67743  7.564  0.004  49.208 0.0000000000
67755  8.256  0.718  48.190 0.0000000000
71335  8.582  3.284  49.846 0.0000000000
70120  8.620  2.590  48.720 0.0000000000
67766  8.350  0.597  47.416 0.0000000000
70140  8.807  2.095  46.191 0.0000000000
70148  8.812  1.841  45.035 0.0000000000
72658  9.313  2.790  45.178 0.0000000000
63050  17.938  -4.017  53.139 0.0000000000
59533  23.194  -4.345  47.780 0.0000000000
64261  26.483  -1.560  48.383 0.0000000000
64250  26.253  -1.632  49.202 0.0000000000
63111  25.868  -2.208  48.964 0.0000000000
60692  24.937  -3.574  48.964 0.0000000000
59522  24.039  -4.207  49.317 0.0000000000
59512  22.443  -4.733  49.790 0.0000000000
59495  21.900  -4.932  51.041 0.0000000000
59484  20.952  -4.633  52.309 0.0000000000
61755  21.431  -3.993  52.772 0.0000000000
60644  20.597  -4.345  52.995 0.0000000000
61758  19.763  -4.133  53.216 0.0000000000
63049  18.793  -3.928  53.117 0.0000000000
55769  7.518  -10.638  47.758 0.0000000000
56968  8.746  -9.127  48.206 0.0000000000
56955  8.412  -9.804  49.672 0.0000000000
56954  8.751  -8.976  49.377 0.0000000000
58272  9.339  -7.919  49.037 0.0000000000
60676  9.494  -5.348  50.286 0.0000000000
61783  8.929  -4.116  50.594 0.0000000000
63091  8.363  -2.628  50.674 0.0000000000
59482  8.975  -6.398  53.727 0.0000000000
60652  9.190  -5.557  53.348 0.0000000000
61771  9.332  -4.569  52.837 0.0000000000
65330  9.859  -2.266  53.049 0.0000000000
64208  9.177  -2.456  52.625 0.0000000000
61775  9.076  -4.267  52.147 0.0000000000
63080  8.693  -3.118  51.617 0.0000000000
64222  8.244  -2.151  50.714 0.0000000000
65366  8.122  -1.378  50.424 0.0000000000
66503  8.216  0.062  51.484 0.0000000000
70082  8.045  2.008  51.963 0.0000000000
71317  8.572  3.243  52.066 0.0000000000
71305  9.812  3.281  52.672 0.0000000000
72597  9.521  4.302  52.315 0.0000000000
72598  9.054  4.207  51.873 0.0000000000
52108  9.799  -11.775  49.066 0.0000000000
50801  9.329  -12.187  51.383 0.0000000000
58322  9.211  -8.152  46.052 0.0000000000
58345  8.760  -8.041  44.573 0.0000000000
58378  10.415  -7.624  41.489 0.0000000000
61813  8.687  -2.802  48.154 0.0000000000
61828  8.835  -3.229  47.164 0.0000000000
63147  9.736  -3.652  45.896 0.0000000000
63150  7.822  -2.182  45.286 0.0000000000
63163  9.690  -3.411  45.074 0.0000000000
61865  11.182  -3.785  44.540 0.0000000000
60737  11.918  -5.333  42.567 0.0000000000
59574  11.601  -6.252  42.072 0.0000000000
59599  11.423  -7.059  40.636 0.0000000000
59598  12.019  -6.019  39.908 0.0000000000
61893  9.015  -3.501  39.402 0.0000000000
60772  9.194  -4.824  37.839 0.0000000000
74980  11.045  6.753  49.981 0.0000000000
74979  12.020  6.870  49.513 0.0000000000
73844  10.807  5.221  48.985 0.0000000000
72628  10.244  4.068  47.434 0.0000000000
72656  9.877  3.351  45.498 0.0000000000
72670  9.389  2.772  44.519 0.0000000000
71393  10.996  2.977  44.691 0.0000000000
72689  10.197  2.834  43.959 0.0000000000
71440  9.061  2.697  42.638 0.0000000000
71476  8.917  2.067  41.611 0.0000000000
70235  8.553  0.895  40.576 0.0000000000
67859  7.830  0.172  39.157 0.0000000000
67858  8.452  0.345  38.731 0.0000000000
61762  16.223  -4.646  53.755 0.0000000000
63052  15.898  -4.387  53.502 0.0000000000
61761  17.188  -4.547  53.374 0.0000000000
55889  9.776  -9.407  40.999 0.0000000000
57111  10.110  -9.200  40.865 0.0000000000
57110  10.846  -8.738  40.425 0.0000000000
57088  10.646  -8.294  40.674 0.0000000000
58312  21.852  -4.681  47.298 0.0000000000
58313  21.154  -4.865  46.767 0.0000000000
58296  21.186  -4.946  48.070 0.0000000000
56933  8.813  -8.673  53.178 0.0000000000
55731  8.590  -9.315  52.798 0.0000000000
63097  8.199  -2.543  50.162 0.0000000000
63105  8.178  -2.540  49.486 0.0000000000
70160  8.185  1.816  43.706 0.0000000000
68963  7.952  1.295  43.804 0.0000000000
70174  8.109  1.759  43.117 0.0000000000
68975  7.964  1.229  42.993 0.0000000000
71442  8.295  2.083  42.609 0.0000000000
60639  11.238  -5.376  54.868 0.0000000000
58236  19.807  -5.089  51.950 0.0000000000
56923  15.348  -6.317  52.470 0.0000000000
56932  13.749  -6.958  52.670 0.0000000000
59462  11.858  -5.879  54.588 0.0000000000
58211  11.661  -6.321  54.572 0.0000000000
59471  11.434  -5.974  54.718 0.0000000000
71323  8.457  3.210  51.372 0.0000000000
73836  9.617  5.594  49.599 0.0000000000
73847  9.156  4.831  49.238 0.0000000000
54548  7.369  -11.291  48.586 0.0000000000
54541  7.720  -11.194  49.496 0.0000000000
64195  10.594  -3.157  53.694 0.0000000000
65329  10.338  -2.436  53.189 0.0000000000
67702  8.600  0.584  52.887 0.0000000000
68877  8.953  1.446  52.928 0.0000000000
53307  10.157  -10.481  51.659 0.0000000000
49501  8.103  -13.184  51.284 0.0000000000
49500  8.176  -13.203  51.065 0.0000000000
53333  7.435  -11.673  49.841 0.0000000000
60716  11.309  -5.578  45.765 0.0000000000
60724  11.237  -6.102  44.631 0.0000000000
60723  11.500  -5.149  44.885 0.0000000000
66564  8.145  -0.206  47.551 0.0000000000
64268  8.122  -1.781  47.126 0.0000000000
65416  8.084  -1.051  46.684 0.0000000000
63208  10.115  -3.041  41.704 0.0000000000
61891  10.364  -3.563  39.934 0.0000000000
63216  9.724  -3.194  40.642 0.0000000000
63232  8.415  -2.849  38.203 0.0000000000
64370  8.256  -2.256  37.851 0.0000000000
73852  13.081  5.508  47.893 0.0000000000
72625  12.933  4.960  47.653 0.0000000000
72639  12.828  4.197  46.927 0.0000000000
71456  12.011  2.892  41.987 0.0000000000
71457  10.986  2.721  41.879 0.0000000000
70197  10.703  2.717  41.115 0.0000000000
70198  10.195  2.674  41.085 0.0000000000
61750  13.345  -4.821  54.298 0.0000000000
63067  15.610  -4.123  52.971 0.0000000000
60631  18.677  -4.793  53.108 0.0000000000
59464  18.426  -5.111  53.006 0.0000000000
60632  17.903  -4.991  53.214 0.0000000000
60634  16.012  -5.362  53.931 0.0000000000
58212  15.674  -5.940  53.506 0.0000000000
61749  14.447  -4.983  54.145 0.0000000000
76039  10.041  7.422  50.880 0.0000000000
76045  10.288  7.373  50.534 0.0000000000
54522  8.090  -10.895  50.892 0.0000000000
55745  8.212  -10.329  50.712 0.0000000000
58234  8.681  -7.490  52.703 0.0000000000
66500  10.996  -0.760  52.194 0.0000000000
67700  10.007  0.662  52.614 0.0000000000
70071  10.345  2.384  52.519 0.0000000000
54486  9.771  -9.329  53.127 0.0000000000
53282  9.411  -10.081  52.604 0.0000000000
52066  8.461  -11.578  52.215 0.0000000000
52082  8.206  -12.173  51.908 0.0000000000
52091  7.729  -12.475  51.077 0.0000000000
54509  8.152  -10.479  51.401 0.0000000000
54521  8.083  -11.016  51.294 0.0000000000
60675  9.763  -5.930  49.614 0.0000000000
59526  10.061  -6.878  48.843 0.0000000000
60685  10.034  -5.847  48.856 0.0000000000
60697  10.111  -5.034  48.357 0.0000000000
61811  9.691  -4.237  47.988 0.0000000000
61825  10.533  -4.845  47.143 0.0000000000
67777  7.975  0.316  45.468 0.0000000000
66583  7.515  -0.215  45.017 0.0000000000
66600  7.328  -0.153  43.102 0.0000000000
65446  7.077  -0.743  43.713 0.0000000000
64310  7.472  -1.095  43.293 0.0000000000
64320  7.882  -1.415  42.920 0.0000000000
64321  7.707  -1.100  42.453 0.0000000000
64330  7.992  -1.543  42.051 0.0000000000
67830  7.841  0.255  40.967 0.0000000000
65468  7.730  -0.684  41.045 0.0000000000
66620  7.625  -0.183  40.573 0.0000000000
66628  7.497  -0.296  39.833 0.0000000000
67840  7.682  0.300  40.069 0.0000000000
70194  13.756  2.732  41.163 0.0000000000
70211  13.277  2.325  40.488 0.0000000000
56922  9.574  -7.386  54.156 0.0000000000
58220  9.357  -7.016  54.235 0.0000000000
61753  11.067  -4.717  54.908 0.0000000000
61754  10.592  -4.726  54.813 0.0000000000
63056  11.342  -3.766  54.372 0.0000000000
64220  12.070  -2.796  52.581 0.0000000000
64207  11.299  -3.033  53.449 0.0000000000
65348  11.672  -2.067  52.267 0.0000000000
58265  20.655  -5.173  49.875 0.0000000000
58244  19.024  -5.442  51.231 0.0000000000
58252  19.068  -5.486  50.416 0.0000000000
58253  18.220  -5.626  50.263 0.0000000000
58231  18.153  -5.725  52.383 0.0000000000
58232  17.250  -6.042  52.378 0.0000000000
56930  15.459  -6.393  51.877 0.0000000000
58247  16.418  -6.196  50.619 0.0000000000
56939  14.548  -6.743  50.831 0.0000000000
55737  13.790  -7.294  50.620 0.0000000000
54493  12.014  -8.435  52.546 0.0000000000
54494  11.410  -8.859  52.628 0.0000000000
58214  13.479  -6.410  53.797 0.0000000000
56926  12.754  -7.200  53.583 0.0000000000
56917  12.669  -7.018  53.842 0.0000000000
56919  11.448  -7.367  54.344 0.0000000000
55715  11.590  -7.799  53.974 0.0000000000
55723  10.662  -8.540  53.673 0.0000000000
58218  10.471  -6.871  54.563 0.0000000000
56921  10.029  -7.646  54.140 0.0000000000
68902  8.370  1.655  49.838 0.0000000000
68916  7.964  0.813  49.373 0.0000000000
67756  7.947  0.275  48.564 0.0000000000
68915  8.374  1.650  49.091 0.0000000000
72606  8.579  4.132  50.280 0.0000000000
68927  8.428  1.501  48.067 0.0000000000
70131  8.648  2.347  47.399 0.0000000000
68936  8.545  1.449  46.850 0.0000000000
72630  9.195  3.423  47.152 0.0000000000
71379  9.070  2.529  45.407 0.0000000000
64190  18.622  -3.593  52.829 0.0000000000
64202  19.005  -3.041  52.525 0.0000000000
60706  24.349  -3.566  47.411 0.0000000000
60707  23.796  -3.922  46.938 0.0000000000
59532  23.785  -4.145  48.542 0.0000000000
63092  25.714  -2.661  50.265 0.0000000000
64237  26.234  -1.837  49.955 0.0000000000
63104  25.878  -2.383  49.648 0.0000000000
61791  25.571  -2.823  49.442 0.0000000000
61800  25.347  -3.189  49.144 0.0000000000
61792  25.273  -3.348  49.685 0.0000000000
59510  23.994  -4.347  49.949 0.0000000000
59523  23.208  -4.459  48.996 0.0000000000
59511  23.332  -4.531  49.837 0.0000000000
59488  22.519  -4.464  51.496 0.0000000000
59489  21.825  -4.562  51.667 0.0000000000
59490  20.845  -4.884  51.661 0.0000000000
59483  21.494  -4.442  52.137 0.0000000000
61770  21.517  -3.754  52.876 0.0000000000
61756  21.090  -4.013  53.147 0.0000000000
61757  20.439  -4.093  53.257 0.0000000000
60645  19.801  -4.473  53.021 0.0000000000
64188  19.986  -3.398  52.971 0.0000000000
63048  19.582  -3.825  53.123 0.0000000000
52138  5.909  -12.790  47.295 0.0000000000
54559  6.401  -11.708  47.446 0.0000000000
56946  8.327  -9.720  50.552 0.0000000000
58256  9.097  -7.881  50.180 0.0000000000
59515  9.594  -6.789  49.964 0.0000000000
61784  8.546  -3.177  50.652 0.0000000000
59481  9.260  -6.341  54.244 0.0000000000
60648  9.284  -5.551  53.994 0.0000000000
63059  9.724  -3.783  53.397 0.0000000000
65338  10.031  -1.588  52.775 0.0000000000
65340  9.000  -1.344  52.348 0.0000000000
63071  9.043  -3.422  52.489 0.0000000000
64221  8.493  -2.217  51.291 0.0000000000
65351  8.344  -1.648  50.970 0.0000000000
65365  8.352  -1.044  51.000 0.0000000000
66514  8.192  -0.381  50.850 0.0000000000
68884  8.063  1.420  52.287 0.0000000000
70081  8.323  2.275  52.406 0.0000000000
70089  8.254  2.591  51.876 0.0000000000
70073  9.319  2.308  52.778 0.0000000000
58283  19.750  -5.458  48.627 0.0000000000
58298  19.631  -5.332  47.408 0.0000000000
52099  10.229  -10.927  50.283 0.0000000000
52064  9.239  -11.673  52.195 0.0000000000
50786  9.396  -12.020  51.779 0.0000000000
52137  6.167  -12.428  47.815 0.0000000000
56998  7.863  -9.514  46.141 0.0000000000
57013  7.720  -9.522  45.053 0.0000000000
58347  7.990  -9.264  44.521 0.0000000000
58288  10.323  -7.097  48.032 0.0000000000
58305  9.520  -8.165  47.045 0.0000000000
58321  9.862  -7.742  46.251 0.0000000000
58344  9.157  -7.572  44.711 0.0000000000
58333  9.386  -7.686  45.281 0.0000000000
58354  8.390  -8.571  43.767 0.0000000000
58353  8.695  -7.967  43.506 0.0000000000
59567  10.389  -6.622  43.330 0.0000000000
59576  9.732  -7.026  42.849 0.0000000000
58379  9.519  -7.985  41.868 0.0000000000
59588  10.049  -7.329  42.159 0.0000000000
64262  7.990  -1.913  48.260 0.0000000000
63131  8.490  -2.959  46.707 0.0000000000
61843  9.421  -3.644  46.335 0.0000000000
64287  7.307  -1.604  45.024 0.0000000000
63165  8.302  -2.475  44.518 0.0000000000
63180  9.700  -3.138  43.920 0.0000000000
63179  10.703  -3.470  44.401 0.0000000000
63193  11.331  -3.592  43.821 0.0000000000
61864  11.502  -4.231  44.360 0.0000000000
61874  11.826  -4.114  43.084 0.0000000000
61889  11.831  -4.502  41.009 0.0000000000
60745  12.039  -5.326  41.444 0.0000000000
59586  11.870  -6.214  41.003 0.0000000000
60763  11.143  -4.968  38.947 0.0000000000
60771  10.109  -5.191  38.077 0.0000000000
63218  8.330  -2.394  40.667 0.0000000000
63225  8.798  -3.264  39.450 0.0000000000
61912  8.730  -4.015  38.099 0.0000000000
60780  9.089  -5.228  37.345 0.0000000000
74986  12.116  6.090  49.086 0.0000000000
73843  11.712  5.387  48.793 0.0000000000
73834  11.324  5.979  49.439 0.0000000000
72616  10.470  4.592  48.300 0.0000000000
72669  9.726  2.949  44.666 0.0000000000
71414  12.718  2.747  43.878 0.0000000000
71390  14.073  3.407  44.982 0.0000000000
71377  12.172  3.406  45.659 0.0000000000
71392  11.946  2.907  44.753 0.0000000000
71438  10.326  2.632  42.689 0.0000000000
71416  10.560  2.698  43.758 0.0000000000
71439  9.533  2.710  42.731 0.0000000000
72709  9.154  2.782  43.166 0.0000000000
71461  8.580  2.170  42.136 0.0000000000
71460  8.929  2.464  42.082 0.0000000000
70233  9.373  1.563  40.396 0.0000000000
70234  8.937  1.161  40.538 0.0000000000
69022  8.415  0.784  40.003 0.0000000000
69043  8.076  0.563  39.644 0.0000000000
69042  8.332  0.641  39.417 0.0000000000
69019  10.211  1.693  39.579 0.0000000000
63077  16.492  -3.853  52.272 0.0000000000
61746  17.512  -4.743  53.373 0.0000000000
61748  15.569  -4.977  54.094 0.0000000000
58406  11.624  -7.848  39.613 0.0000000000
55736  8.191  -10.125  51.678 0.0000000000
55740  8.272  -9.265  51.783 0.0000000000
55725  9.519  -8.788  53.403 0.0000000000
54496  8.802  -9.939  52.732 0.0000000000
61794  9.126  -4.079  49.739 0.0000000000
68949  8.189  1.312  44.652 0.0000000000
66593  7.285  0.175  44.338 0.0000000000
67798  7.645  0.685  44.086 0.0000000000
67807  7.437  0.344  43.296 0.0000000000
66605  7.615  -0.147  42.278 0.0000000000
67815  7.706  0.394  42.514 0.0000000000
68984  7.975  0.564  41.987 0.0000000000
68991  8.298  0.824  41.307 0.0000000000
59473  10.165  -6.220  54.763 0.0000000000
63043  11.547  -4.261  54.663 0.0000000000
64219  12.601  -2.701  52.083 0.0000000000
65363  12.449  -2.037  51.598 0.0000000000
65378  13.035  -1.460  50.511 0.0000000000
58243  19.840  -5.125  51.324 0.0000000000
56936  14.598  -6.692  51.526 0.0000000000
55728  12.570  -8.011  52.533 0.0000000000
55720  12.532  -7.662  53.227 0.0000000000
59470  12.452  -6.386  54.367 0.0000000000
58216  11.968  -6.668  54.473 0.0000000000
68892  8.177  1.253  50.972 0.0000000000
70099  8.439  2.132  50.437 0.0000000000
70109  8.519  2.802  50.128 0.0000000000
73829  8.901  5.410  50.034 0.0000000000
72610  8.766  4.182  49.547 0.0000000000
73838  8.925  4.845  49.495 0.0000000000
72629  9.657  3.784  47.418 0.0000000000
61808  24.836  -3.276  47.743 0.0000000000
61782  25.276  -3.366  50.075 0.0000000000
59499  23.470  -4.520  50.335 0.0000000000
60655  23.060  -4.188  51.540 0.0000000000
63047  20.349  -3.732  53.192 0.0000000000
53374  6.447  -11.989  47.837 0.0000000000
61766  9.733  -4.719  54.084 0.0000000000
66502  8.232  -0.097  51.935 0.0000000000
70074  8.754  2.232  52.773 0.0000000000
58268  18.115  -5.425  49.288 0.0000000000
58285  17.956  -5.378  48.240 0.0000000000
53316  11.008  -9.906  51.256 0.0000000000
53317  10.478  -10.534  51.000 0.0000000000
52090  9.645  -11.659  51.005 0.0000000000
50818  6.858  -12.959  50.082 0.0000000000
52110  6.097  -12.985  48.874 0.0000000000
52123  6.335  -12.467  48.390 0.0000000000
56997  8.444  -8.884  46.034 0.0000000000
58303  10.677  -6.881  46.878 0.0000000000
58320  10.494  -7.204  46.301 0.0000000000
59561  9.598  -7.283  44.577 0.0000000000
59560  10.355  -6.666  44.207 0.0000000000
63132  8.121  -2.326  46.373 0.0000000000
63182  8.455  -2.171  43.506 0.0000000000
61875  11.524  -3.658  42.143 0.0000000000
63207  10.962  -3.369  41.636 0.0000000000
61881  11.511  -3.863  41.316 0.0000000000
61890  11.306  -3.964  40.356 0.0000000000
61901  10.855  -4.186  39.552 0.0000000000
61902  10.169  -4.012  39.096 0.0000000000
64352  7.956  -1.898  39.973 0.0000000000
60774  8.278  -3.942  37.289 0.0000000000
73842  12.591  5.593  48.371 0.0000000000
72614  12.187  4.994  48.173 0.0000000000
72627  11.052  4.255  47.460 0.0000000000
72626  12.016  4.404  47.585 0.0000000000
72654  11.304  3.636  45.928 0.0000000000
71437  11.284  2.615  42.817 0.0000000000
71475  9.253  2.372  41.452 0.0000000000
71474  9.688  2.567  41.226 0.0000000000
70215  9.552  2.222  40.809 0.0000000000
70232  9.779  1.968  40.169 0.0000000000
61751  12.447  -4.823  54.501 0.0000000000
63041  12.822  -4.564  54.339 0.0000000000
63068  14.330  -3.844  52.997 0.0000000000
59477  19.174  -5.015  52.743 0.0000000000
58230  18.951  -5.238  52.395 0.0000000000
58221  18.605  -5.311  52.653 0.0000000000
59479  17.414  -5.619  52.907 0.0000000000
59480  16.782  -5.792  52.960 0.0000000000
58225  14.264  -6.376  53.343 0.0000000000
56925  13.428  -6.934  53.231 0.0000000000
59469  13.050  -6.117  54.328 0.0000000000
60628  12.777  -5.719  54.497 0.0000000000
60629  12.281  -5.646  54.552 0.0000000000
73820  9.180  4.753  51.471 0.0000000000
72603  8.670  4.151  50.966 0.0000000000
73824  9.024  5.137  50.919 0.0000000000
74974  9.649  6.619  50.939 0.0000000000
74982  9.307  5.811  49.939 0.0000000000
56940  8.359  -8.958  51.329 0.0000000000
60657  9.213  -5.464  52.675 0.0000000000
66490  10.348  -0.777  52.484 0.0000000000
67709  10.888  0.769  51.987 0.0000000000
68876  9.541  1.531  52.788 0.0000000000
53280  10.423  -9.393  52.901 0.0000000000
53308  9.619  -11.023  51.783 0.0000000000
53293  9.605  -10.620  52.145 0.0000000000
53283  9.021  -10.348  52.663 0.0000000000
50773  8.765  -12.352  52.083 0.0000000000
52081  8.545  -12.364  52.052 0.0000000000
53319  7.560  -11.694  50.337 0.0000000000
58271  9.784  -7.339  48.914 0.0000000000
59525  10.250  -6.578  48.419 0.0000000000
59536  10.451  -6.650  47.878 0.0000000000
61801  9.825  -4.747  48.738 0.0000000000
60696  10.351  -5.819  48.051 0.0000000000
59535  10.680  -6.358  47.331 0.0000000000
61809  10.518  -5.345  47.503 0.0000000000
61841  10.870  -4.379  46.211 0.0000000000
66575  8.133  -0.239  46.148 0.0000000000
64297  7.231  -1.401  44.252 0.0000000000
66584  7.030  -0.321  44.422 0.0000000000
65445  6.956  -1.094  44.134 0.0000000000
63183  8.118  -1.726  43.273 0.0000000000
63197  8.515  -2.055  42.539 0.0000000000
63210  8.692  -2.479  41.554 0.0000000000
63211  8.317  -1.994  41.733 0.0000000000
65461  7.671  -0.653  41.934 0.0000000000
64340  7.781  -1.259  40.635 0.0000000000
64353  7.683  -1.244  39.944 0.0000000000
65500  7.651  -1.031  39.109 0.0000000000
66641  7.630  -0.540  39.152 0.0000000000
70195  12.693  2.731  41.205 0.0000000000
70213  11.260  2.468  40.497 0.0000000000
69017  12.495  1.408  39.353 0.0000000000
56929  8.824  -7.669  53.518 0.0000000000
60641  10.010  -5.738  54.804 0.0000000000
60646  10.200  -5.226  54.774 0.0000000000
61765  10.216  -4.752  54.562 0.0000000000
64194  11.075  -3.113  53.741 0.0000000000
64192  12.394  -3.598  53.618 0.0000000000
65327  11.015  -2.746  53.420 0.0000000000
65349  11.110  -1.696  52.540 0.0000000000
65364  12.154  -1.320  51.380 0.0000000000
58281  21.270  -4.908  49.184 0.0000000000
58267  19.026  -5.522  49.476 0.0000000000
58255  16.327  -6.069  49.694 0.0000000000
58238  18.210  -5.885  51.856 0.0000000000
58246  17.383  -6.112  50.899 0.0000000000
54495  10.909  -9.261  52.688 0.0000000000
55721  11.720  -8.168  53.403 0.0000000000
54483  11.265  -8.614  53.252 0.0000000000
54485  10.323  -9.129  53.254 0.0000000000
55717  10.463  -8.082  54.005 0.0000000000
55718  10.113  -8.134  53.910 0.0000000000
65380  7.695  -1.400  49.832 0.0000000000
64244  7.786  -2.028  49.686 0.0000000000
66539  7.506  -0.668  49.484 0.0000000000
66552  7.653  -0.559  48.662 0.0000000000
67767  8.185  0.323  47.975 0.0000000000
71327  8.510  3.470  50.639 0.0000000000
71336  8.525  3.070  50.133 0.0000000000
68942  8.527  1.357  45.715 0.0000000000
71394  8.768  2.299  44.258 0.0000000000
63065  17.601  -3.885  52.855 0.0000000000
64191  18.143  -3.704  52.841 0.0000000000
64203  18.247  -3.156  52.296 0.0000000000
59524  22.515  -4.603  48.755 0.0000000000
61807  25.221  -3.139  48.358 0.0000000000
60693  24.469  -3.712  48.504 0.0000000000
60682  24.918  -3.654  49.510 0.0000000000
58280  21.953  -4.789  49.424 0.0000000000
59500  22.647  -4.750  50.417 0.0000000000
59496  21.224  -4.974  50.984 0.0000000000
59491  20.200  -4.960  51.967 0.0000000000
59485  19.998  -4.928  52.236 0.0000000000
61774  23.282  -3.563  51.641 0.0000000000
61768  22.554  -3.808  51.962 0.0000000000
61769  22.019  -4.024  52.306 0.0000000000
60650  21.914  -4.138  52.154 0.0000000000
60643  21.219  -4.280  52.697 0.0000000000
59475  20.738  -4.507  52.729 0.0000000000
59476  20.197  -4.636  52.683 0.0000000000
60630  19.162  -4.753  53.019 0.0000000000
61744  19.165  -4.489  53.169 0.0000000000
61759  19.002  -4.212  53.205 0.0000000000
54574  6.699  -10.949  46.845 0.0000000000
64197  9.547  -2.729  53.053 0.0000000000
63070  9.297  -3.264  52.957 0.0000000000
63090  8.557  -3.023  51.119 0.0000000000
63081  8.442  -2.648  51.028 0.0000000000
67712  8.146  0.547  51.274 0.0000000000
67711  8.073  0.669  51.904 0.0000000000
68885  8.070  1.356  51.687 0.0000000000
71306  9.162  2.973  52.710 0.0000000000
71315  9.441  3.616  52.595 0.0000000000
71316  9.024  3.544  52.417 0.0000000000
73819  9.623  5.281  51.841 0.0000000000
58299  18.739  -5.415  47.280 0.0000000000
52079  9.584  -11.495  51.617 0.0000000000
50816  9.352  -12.414  50.607 0.0000000000
54593  6.620  -10.664  45.934 0.0000000000
58306  8.981  -8.586  47.115 0.0000000000
56980  8.870  -8.553  46.532 0.0000000000
56996  8.769  -8.450  45.882 0.0000000000
58334  8.901  -8.138  45.431 0.0000000000
57028  8.241  -8.945  44.809 0.0000000000
58346  8.291  -8.835  44.428 0.0000000000
58355  8.115  -9.133  43.929 0.0000000000
59577  9.061  -7.405  43.158 0.0000000000
58393  9.923  -8.158  41.402 0.0000000000
63113  8.292  -2.453  48.632 0.0000000000
63118  8.701  -2.932  47.498 0.0000000000
61827  9.281  -3.664  46.975 0.0000000000
61842  9.925  -3.864  46.457 0.0000000000
63149  8.297  -2.806  45.607 0.0000000000
63164  8.889  -3.046  44.791 0.0000000000
63162  10.394  -3.736  45.467 0.0000000000
61853  11.349  -4.572  45.299 0.0000000000
60729  11.600  -5.369  43.770 0.0000000000
60738  11.306  -6.225  43.033 0.0000000000
59587  11.058  -6.982  41.697 0.0000000000
58392  10.596  -7.957  40.933 0.0000000000
59606  11.749  -6.233  39.105 0.0000000000
61903  9.343  -3.928  38.817 0.0000000000
61904  8.840  -3.608  38.827 0.0000000000
61911  9.028  -4.186  38.379 0.0000000000
59616  9.721  -5.363  37.658 0.0000000000
76044  10.766  7.675  50.271 0.0000000000
73835  10.381  5.853  49.593 0.0000000000
73845  9.993  5.086  49.043 0.0000000000
72643  9.501  3.445  46.298 0.0000000000
72642  10.048  3.702  46.442 0.0000000000
72657  9.482  3.080  45.376 0.0000000000
72692  8.876  2.644  43.653 0.0000000000
71378  11.363  3.322  45.323 0.0000000000
72668  10.242  3.067  44.718 0.0000000000
72690  9.477  2.793  43.737 0.0000000000
72710  9.011  2.886  42.919 0.0000000000
72711  8.764  2.642  43.203 0.0000000000
71462  8.361  1.822  42.123 0.0000000000
70218  8.487  0.965  41.077 0.0000000000
70217  8.869  1.392  41.157 0.0000000000
69024  7.950  0.533  40.350 0.0000000000
67839  7.808  0.384  39.745 0.0000000000
66640  7.916  -0.693  38.547 0.0000000000
69004  10.313  2.177  39.986 0.0000000000
70231  10.074  2.158  40.039 0.0000000000
69041  8.889  0.831  39.199 0.0000000000
66662  8.236  -1.354  37.692 0.0000000000
50772  8.992  -12.135  52.228 0.0000000000
52080  9.427  -11.855  51.965 0.0000000000
56916  13.122  -6.818  53.613 0.0000000000
57011  8.561  -8.540  45.343 0.0000000000
57027  8.409  -8.691  44.873 0.0000000000
57044  7.912  -9.481  43.512 0.0000000000
58210  11.898  -6.189  54.496 0.0000000000
58235  20.324  -4.954  51.775 0.0000000000
58263  22.007  -4.867  49.911 0.0000000000
58335  8.100  -9.128  44.747 0.0000000000
58336  7.961  -9.274  44.888 0.0000000000
59460  12.890  -6.042  54.406 0.0000000000
59478  18.234  -5.380  52.834 0.0000000000
59486  19.389  -5.063  52.421 0.0000000000
59553  9.902  -7.368  45.139 0.0000000000
59562  9.107  -7.543  44.463 0.0000000000
60627  13.150  -5.891  54.400 0.0000000000
60642  21.541  -4.120  52.592 0.0000000000
60649  22.540  -4.055  51.931 0.0000000000
60651  21.382  -4.389  52.361 0.0000000000
60661  23.233  -4.467  51.025 0.0000000000
60695  10.601  -5.752  47.478 0.0000000000
60708  10.896  -5.508  46.916 0.0000000000
60715  11.421  -5.030  45.432 0.0000000000
60765  9.280  -4.396  38.352 0.0000000000
60781  8.706  -4.863  37.268 0.0000000000
61799  25.596  -2.721  49.090 0.0000000000
61854  11.084  -3.945  45.085 0.0000000000
61913  8.422  -3.590  37.656 0.0000000000
63130  8.832  -3.299  46.720 0.0000000000
63146  10.242  -3.859  46.034 0.0000000000
63178  11.241  -3.700  44.286 0.0000000000
63214  11.123  -3.578  41.010 0.0000000000
64206  11.678  -3.001  53.054 0.0000000000
64298  7.194  -1.189  43.830 0.0000000000
64331  7.810  -1.178  41.536 0.0000000000
65336  11.118  -2.408  53.069 0.0000000000
65379  12.378  -0.941  50.839 0.0000000000
65434  6.868  -0.569  44.131 0.0000000000
65484  7.771  -1.420  39.310 0.0000000000
65485  7.576  -0.859  39.584 0.0000000000
66574  8.359  0.166  46.943 0.0000000000
66612  7.721  -0.168  41.418 0.0000000000
67786  7.737  0.601  44.747 0.0000000000
67799  7.359  0.378  43.822 0.0000000000
67806  7.688  0.780  43.496 0.0000000000
68928  8.183  0.983  48.689 0.0000000000
68950  7.857  0.986  44.320 0.0000000000
68983  8.105  0.951  42.189 0.0000000000
68992  8.054  0.584  41.467 0.0000000000
69005  8.179  0.662  40.654 0.0000000000
69023  8.033  0.605  40.106 0.0000000000
70098  8.502  2.052  50.034 0.0000000000
70159  8.403  1.843  44.240 0.0000000000
70199  8.385  1.357  41.824 0.0000000000
71328  8.501  2.973  50.369 0.0000000000
71395  8.269  1.921  43.973 0.0000000000
71417  9.909  2.726  43.389 0.0000000000
71418  8.595  2.449  43.461 0.0000000000
71441  8.637  2.512  42.782 0.0000000000
71473  9.963  2.645  41.102 0.0000000000
71477  8.626  1.659  41.703 0.0000000000
72602  8.919  4.433  51.354 0.0000000000
72671  8.883  2.513  44.549 0.0000000000
72691  9.121  2.762  43.732 0.0000000000
73841  13.214  6.077  48.041 0.0000000000
