#!ascii label  , from subject sub.01.base.02 vox2ras=TkReg
874
74880  18.645  5.537  -32.375 0.2500000000
74879  19.408  5.659  -32.941 0.2500000000
73755  19.181  4.980  -32.497 0.7500000000
78051  18.309  8.302  -33.387 0.2500000000
76948  18.592  7.365  -33.245 0.1250000000
76958  18.648  8.102  -33.831 0.3750000000
76947  19.145  6.983  -33.388 0.2500000000
75917  18.969  6.469  -32.917 0.2500000000
74878  20.068  5.480  -33.557 0.7500000000
73739  20.062  4.405  -33.103 0.8750000000
73754  19.807  4.904  -33.084 0.8750000000
73753  20.763  4.545  -33.727 0.8750000000
76957  19.282  7.491  -33.973 0.3750000000
75916  19.726  6.413  -33.652 0.8750000000
74888  21.336  5.326  -34.714 1.0000000000
74877  20.548  5.449  -34.091 1.0000000000
75915  20.215  5.873  -33.904 0.8750000000
73752  21.599  4.227  -34.214 1.0000000000
78060  18.970  8.438  -34.434 0.2500000000
75942  20.334  7.243  -35.138 0.8750000000
75927  20.086  6.961  -34.554 0.8750000000
74903  22.262  5.391  -35.217 1.0000000000
74904  21.622  5.896  -35.259 1.0000000000
75941  20.937  6.541  -35.234 1.0000000000
73782  23.075  4.879  -35.094 1.0000000000
74887  21.928  5.079  -34.894 1.0000000000
73767  22.077  4.541  -34.713 1.0000000000
73768  21.470  4.659  -34.367 1.0000000000
76968  20.620  7.616  -35.676 1.0000000000
76969  19.746  7.867  -34.989 0.8750000000
74902  23.318  5.781  -35.597 1.0000000000
75939  22.559  6.087  -35.670 1.0000000000
75940  21.888  6.372  -35.768 1.0000000000
76967  21.320  7.087  -35.939 1.0000000000
73780  25.064  4.747  -35.291 1.0000000000
73781  23.976  4.949  -35.147 1.0000000000
82199  17.761  12.483  -34.785 0.2500000000
78061  18.443  8.966  -33.990 0.2500000000
78076  18.774  9.267  -34.534 0.3750000000
78074  20.103  8.510  -35.620 1.0000000000
78075  19.409  9.065  -35.042 0.6250000000
75983  21.415  8.088  -37.010 1.0000000000
76988  21.192  7.820  -36.462 1.0000000000
74923  23.516  6.419  -35.976 1.0000000000
75962  22.807  6.784  -36.180 1.0000000000
75982  22.109  7.466  -36.653 1.0000000000
75961  23.924  6.854  -36.262 1.0000000000
74901  24.469  5.572  -35.588 1.0000000000
75960  24.990  6.660  -36.384 1.0000000000
75938  25.504  6.156  -36.248 1.0000000000
81214  19.028  11.897  -35.685 0.5000000000
81189  18.113  11.564  -34.741 0.3750000000
80174  18.898  10.774  -35.137 0.3750000000
80173  19.241  11.083  -35.598 0.5000000000
79148  20.562  9.739  -36.411 0.8750000000
78090  20.414  9.034  -36.044 1.0000000000
79159  20.904  9.643  -36.727 1.0000000000
75997  21.725  7.973  -36.747 1.0000000000
78102  20.962  8.046  -37.550 1.0000000000
77006  24.180  8.062  -37.061 1.0000000000
77008  22.394  7.920  -36.675 1.0000000000
77004  26.362  7.773  -37.563 1.0000000000
76984  25.702  7.333  -36.871 1.0000000000
75959  26.177  6.556  -36.635 0.8750000000
82198  18.177  12.627  -35.401 0.5000000000
81200  19.107  11.621  -35.647 0.5000000000
81213  19.557  11.673  -36.113 0.6250000000
81212  20.048  11.440  -36.496 0.6250000000
80185  20.243  10.873  -36.417 1.0000000000
80186  19.891  10.549  -35.970 0.7500000000
79158  21.180  9.435  -36.843 1.0000000000
79156  24.258  8.950  -37.959 1.0000000000
78112  22.693  8.780  -36.989 1.0000000000
78113  21.577  8.206  -36.777 1.0000000000
78099  24.737  8.607  -37.563 1.0000000000
77007  23.203  8.116  -36.818 1.0000000000
78098  26.074  8.521  -37.562 0.8750000000
77005  25.298  7.981  -37.198 1.0000000000
75981  26.876  7.343  -37.868 0.8750000000
82210  18.813  12.433  -35.817 0.5000000000
82220  19.830  12.318  -36.643 0.8750000000
81232  22.096  11.280  -37.691 1.0000000000
80193  21.644  10.799  -37.260 1.0000000000
79155  24.934  9.452  -37.969 1.0000000000
80201  22.903  10.324  -38.015 1.0000000000
79167  22.107  9.214  -36.936 1.0000000000
80199  24.580  10.499  -38.295 1.0000000000
79153  26.847  8.934  -37.772 1.0000000000
79154  26.185  9.343  -37.572 1.0000000000
80192  25.569  10.468  -37.826 1.0000000000
83212  18.823  13.197  -36.226 0.5000000000
82209  19.297  12.577  -36.255 0.8750000000
82219  20.407  12.429  -37.262 1.0000000000
83229  21.427  13.220  -38.267 1.0000000000
81233  21.490  11.577  -37.575 1.0000000000
82218  20.840  12.133  -37.548 1.0000000000
82226  24.393  12.536  -38.494 1.0000000000
81211  25.794  11.613  -37.225 1.0000000000
82225  25.057  12.019  -38.204 1.0000000000
81229  24.859  11.397  -38.265 1.0000000000
80183  26.351  10.523  -37.061 1.0000000000
81220  25.412  11.518  -37.837 1.0000000000
79146  26.392  9.817  -37.374 0.8750000000
86340  20.109  16.477  -38.652 1.0000000000
87429  19.399  16.837  -37.041 0.3750000000
86354  20.592  16.252  -38.932 0.8750000000
84226  21.536  14.363  -38.541 1.0000000000
82217  24.686  13.140  -38.231 1.0000000000
83226  24.216  13.665  -38.503 1.0000000000
87470  20.952  17.652  -39.577 0.8750000000
86369  21.038  17.027  -39.457 1.0000000000
86368  21.834  16.525  -39.473 1.0000000000
86353  21.392  15.902  -39.191 1.0000000000
84235  22.596  14.738  -39.340 1.0000000000
84223  24.235  14.773  -38.535 1.0000000000
83218  24.676  13.730  -37.883 1.0000000000
88490  20.921  18.249  -39.688 0.7500000000
86367  23.033  16.636  -39.600 1.0000000000
85300  24.186  15.858  -38.979 1.0000000000
85301  23.605  15.790  -39.406 1.0000000000
84233  23.954  15.274  -39.137 1.0000000000
87468  22.453  17.681  -39.901 1.0000000000
86366  23.929  16.655  -39.468 1.0000000000
93573  23.038  23.393  -37.484 0.1250000000
93588  22.663  23.202  -38.759 0.2500000000
94561  23.346  24.250  -38.210 0.2500000000
93600  23.076  23.151  -40.204 0.5000000000
94577  23.280  24.249  -39.512 0.2500000000
94583  23.543  24.349  -40.632 0.3750000000
95446  23.487  25.388  -40.110 0.2500000000
95455  23.558  25.578  -41.092 0.3750000000
74865  17.947  5.591  -31.981 0.1250000000
73765  23.690  4.279  -34.766 1.0000000000
81223  20.447  11.419  -36.797 0.8750000000
81230  24.002  11.412  -38.602 1.0000000000
73728  17.879  4.699  -31.219 0.1250000000
73740  19.576  4.371  -32.657 0.6250000000
71267  20.679  3.120  -32.928 0.7500000000
76949  17.993  7.625  -32.700 0.1250000000
71266  21.286  2.897  -33.290 1.0000000000
75918  18.221  6.529  -32.539 0.1250000000
72538  22.110  3.253  -34.183 1.0000000000
72550  23.485  3.569  -34.453 1.0000000000
72564  25.068  3.975  -34.984 1.0000000000
79124  18.438  9.942  -34.290 0.3750000000
80161  18.378  10.938  -34.628 0.2500000000
74899  26.647  5.701  -36.271 0.8750000000
75995  27.076  7.543  -38.391 0.8750000000
75958  27.095  6.912  -37.176 0.8750000000
78088  27.473  8.571  -37.748 0.8750000000
87430  18.810  16.790  -36.559 0.1250000000
84193  18.421  13.850  -36.090 0.3750000000
84206  19.402  13.587  -36.812 0.6250000000
79145  26.844  9.400  -37.280 0.8750000000
87438  20.199  16.849  -38.630 0.5000000000
87453  20.556  17.235  -39.141 0.8750000000
86331  19.223  15.826  -37.344 0.3750000000
85280  19.568  15.043  -37.690 0.8750000000
84214  25.228  14.150  -36.692 1.0000000000
84215  24.801  14.781  -37.242 1.0000000000
89501  21.066  18.620  -39.857 0.8750000000
88503  23.332  18.734  -40.479 1.0000000000
87467  23.503  17.511  -39.817 1.0000000000
86365  24.419  16.781  -38.878 1.0000000000
93559  23.192  23.652  -36.397 0.1250000000
92568  22.572  22.517  -37.703 0.1250000000
92595  22.330  22.097  -39.929 0.6250000000
93589  22.564  22.682  -39.590 0.6250000000
93609  23.697  23.394  -41.093 0.5000000000
95429  23.533  25.270  -38.893 0.2500000000
94582  23.929  24.422  -41.230 0.5000000000
96309  23.569  26.333  -39.550 0.1250000000
95454  24.187  25.332  -41.065 0.3750000000
96333  23.685  26.121  -41.715 0.2500000000
73756  18.735  4.876  -32.205 0.3750000000
73741  18.980  4.411  -32.172 0.5000000000
72526  20.200  3.809  -32.913 0.7500000000
72540  20.915  3.598  -33.322 1.0000000000
72539  21.555  3.569  -33.831 1.0000000000
75926  20.469  6.093  -34.375 1.0000000000
72551  22.595  3.565  -34.464 1.0000000000
73766  22.875  4.205  -34.869 1.0000000000
75963  21.734  7.088  -36.545 1.0000000000
73764  24.454  4.329  -34.882 1.0000000000
79137  18.880  10.006  -34.832 0.3750000000
78091  19.920  9.284  -35.590 0.8750000000
76989  20.672  8.319  -36.117 1.0000000000
77009  21.226  7.713  -37.142 1.0000000000
74922  24.157  6.220  -35.960 1.0000000000
76987  22.802  7.562  -36.548 1.0000000000
76985  24.613  7.424  -36.700 1.0000000000
76983  26.493  7.216  -37.220 1.0000000000
79136  19.471  10.075  -35.438 0.6250000000
79147  21.084  9.119  -36.730 1.0000000000
80194  21.130  10.559  -36.991 1.0000000000
77025  21.869  8.133  -36.813 1.0000000000
77040  20.427  7.662  -38.387 1.0000000000
79168  21.353  8.656  -36.968 1.0000000000
75996  26.755  7.675  -38.229 0.8750000000
74920  26.878  6.376  -36.689 0.8750000000
79157  21.614  9.806  -37.048 1.0000000000
78100  23.637  8.681  -37.437 1.0000000000
78111  23.233  9.103  -37.540 1.0000000000
79165  23.699  9.472  -38.070 1.0000000000
78097  26.786  8.445  -38.125 0.8750000000
81231  23.020  11.334  -38.377 1.0000000000
81222  21.088  11.555  -37.340 1.0000000000
80202  22.228  10.157  -37.391 1.0000000000
79164  24.258  9.928  -38.303 1.0000000000
79166  22.805  9.478  -37.557 1.0000000000
80200  23.743  10.458  -38.402 1.0000000000
80191  26.145  10.035  -37.501 1.0000000000
83211  19.361  13.153  -36.563 0.6250000000
83220  19.804  13.168  -36.903 0.7500000000
82230  20.753  12.443  -37.625 1.0000000000
82229  21.269  12.164  -37.835 1.0000000000
82228  22.215  12.279  -38.352 1.0000000000
83228  22.413  13.458  -38.740 1.0000000000
82227  23.255  12.424  -38.679 1.0000000000
82216  25.248  12.610  -37.792 1.0000000000
86341  19.783  16.237  -38.172 0.7500000000
85292  19.895  15.558  -38.222 1.0000000000
84227  20.787  14.107  -37.943 1.0000000000
83237  22.767  14.065  -39.125 1.0000000000
84236  21.941  14.853  -39.001 1.0000000000
84224  23.928  14.193  -38.936 1.0000000000
87484  21.248  17.970  -39.892 0.8750000000
85290  21.349  15.380  -38.805 1.0000000000
85303  21.966  15.500  -39.272 1.0000000000
84234  23.501  14.767  -39.267 1.0000000000
85302  22.761  15.643  -39.505 1.0000000000
88488  23.185  18.177  -40.178 1.0000000000
87482  22.144  18.228  -40.219 1.0000000000
92553  22.835  22.644  -36.606 0.1250000000
94544  23.494  24.204  -37.138 0.2500000000
92583  22.318  22.568  -38.358 0.3750000000
73742  18.400  4.574  -31.825 0.2500000000
72527  19.404  3.687  -32.261 0.6250000000
86332  18.779  16.288  -36.682 0.5000000000
84207  18.931  13.985  -36.675 0.6250000000
83219  20.121  13.365  -37.282 0.8750000000
84218  19.120  14.435  -37.023 0.7500000000
84216  20.165  14.060  -37.539 0.8750000000
85270  19.156  15.336  -37.387 0.7500000000
85271  18.893  15.124  -36.965 0.8750000000
85279  20.242  14.607  -37.832 1.0000000000
85291  20.503  15.173  -38.263 1.0000000000
88505  21.813  18.600  -40.328 1.0000000000
87466  24.292  17.547  -39.527 1.0000000000
92569  22.172  22.116  -38.098 0.3750000000
92604  22.679  21.866  -40.656 0.7500000000
93601  22.727  22.578  -40.061 0.7500000000
92584  22.124  22.296  -38.888 0.5000000000
92594  22.827  22.408  -40.437 0.7500000000
67672  21.588  -0.733  -31.860 0.7500000000
66471  23.422  -1.283  -32.231 0.7500000000
67673  21.049  -0.610  -31.384 0.7500000000
68832  20.653  -0.078  -31.521 0.7500000000
67683  22.684  -0.771  -32.496 0.7500000000
67684  22.046  -0.692  -32.343 0.7500000000
68849  21.853  -0.064  -32.551 0.7500000000
70019  21.174  0.406  -32.076 0.7500000000
67682  23.612  -0.810  -32.666 0.7500000000
68848  22.959  -0.080  -33.091 0.7500000000
70039  20.273  1.888  -32.334 0.7500000000
71252  20.046  2.893  -32.480 0.6250000000
70037  22.280  0.667  -33.021 0.7500000000
70052  21.590  2.128  -33.158 0.8750000000
71251  20.897  2.371  -32.761 0.8750000000
68847  24.060  -0.320  -33.139 0.7500000000
68858  22.850  0.731  -33.461 0.7500000000
70051  22.315  1.538  -33.401 0.8750000000
71265  21.999  2.597  -33.773 0.8750000000
70049  24.209  1.126  -33.784 0.7500000000
70050  23.235  1.293  -33.802 0.7500000000
71263  23.731  2.018  -33.932 0.8750000000
71280  22.542  2.881  -34.115 0.8750000000
71262  24.743  1.870  -34.020 0.7500000000
71279  23.212  2.846  -34.142 0.8750000000
72548  25.549  3.351  -34.782 0.8750000000
72549  24.515  3.581  -34.577 0.8750000000
72560  28.215  4.101  -35.758 0.3750000000
72561  27.625  4.047  -35.561 0.6250000000
72562  26.785  4.099  -35.296 0.7500000000
73779  26.172  4.803  -35.623 0.7500000000
73776  28.974  4.516  -36.008 0.5000000000
73777  28.072  4.640  -35.971 0.5000000000
74898  27.766  5.462  -36.223 0.7500000000
73794  29.802  5.255  -36.571 0.1250000000
74917  29.321  5.514  -36.576 0.3750000000
74918  28.453  6.092  -36.529 0.6250000000
74919  27.510  6.314  -36.621 0.6250000000
75957  28.066  7.009  -37.149 0.6250000000
74915  31.119  5.839  -36.729 0.1250000000
74916  30.288  5.688  -36.946 0.1250000000
77002  30.115  7.000  -37.717 0.1250000000
77001  30.521  6.972  -37.589 0.1250000000
76981  28.808  7.418  -37.279 0.6250000000
78087  28.386  8.102  -37.368 0.6250000000
77000  31.229  7.317  -37.406 0.1250000000
78084  31.787  8.216  -37.000 0.1250000000
78070  30.061  8.064  -36.799 0.1250000000
78071  28.840  8.483  -36.783 0.5000000000
78072  27.872  8.739  -36.990 0.6250000000
78073  27.394  9.025  -37.245 0.7500000000
75976  32.543  7.019  -37.310 0.1250000000
79133  29.229  8.894  -35.861 0.5000000000
79134  27.978  9.254  -35.930 0.5000000000
80182  26.950  9.961  -36.797 0.7500000000
89486  20.877  18.683  -39.619 0.6250000000
90514  20.986  19.723  -39.523 0.5000000000
89500  21.182  19.064  -40.042 0.7500000000
80155  27.461  11.051  -35.455 0.6250000000
82207  26.282  12.019  -36.171 0.6250000000
81182  27.552  11.577  -35.059 0.5000000000
81198  27.092  11.538  -35.558 0.6250000000
82193  26.517  12.537  -35.553 0.6250000000
82208  25.859  12.566  -36.610 0.7500000000
90513  21.546  20.049  -40.279 0.7500000000
85278  24.698  15.993  -37.114 0.8750000000
85289  24.547  15.983  -38.110 0.8750000000
83210  25.607  13.615  -36.370 0.7500000000
84204  25.504  14.716  -36.137 0.8750000000
84205  25.020  15.497  -36.589 0.8750000000
86339  24.638  16.804  -37.560 0.8750000000
82175  28.211  12.683  -34.169 0.3750000000
82176  27.429  12.571  -34.750 0.5000000000
82177  26.914  13.067  -35.008 0.5000000000
83197  25.975  13.665  -35.657 0.6250000000
83177  28.528  13.347  -33.927 0.2500000000
83179  27.150  13.546  -34.631 0.3750000000
83196  26.559  13.587  -35.071 0.5000000000
91562  21.252  20.551  -39.417 0.6250000000
89499  22.096  19.324  -40.569 0.8750000000
89498  23.083  19.411  -40.872 0.8750000000
87452  24.648  17.755  -38.740 0.7500000000
87437  24.694  17.577  -37.900 0.8750000000
85268  25.319  15.876  -36.001 0.7500000000
84188  26.779  14.180  -34.633 0.3750000000
84173  26.783  14.842  -34.488 0.5000000000
87410  25.529  17.480  -35.817 0.7500000000
84172  27.445  14.404  -34.130 0.2500000000
90512  22.511  20.264  -40.841 0.8750000000
89484  23.757  19.120  -40.589 0.8750000000
89483  24.442  19.409  -40.243 0.8750000000
90502  24.240  20.362  -40.899 0.7500000000
88470  24.896  18.707  -38.816 0.8750000000
88436  24.771  18.130  -37.500 0.7500000000
86317  25.716  16.605  -35.457 0.5000000000
86297  27.786  16.470  -33.757 0.2500000000
86298  26.747  16.519  -34.358 0.5000000000
85243  26.442  15.541  -34.670 0.5000000000
85241  28.278  15.262  -33.540 0.2500000000
91552  21.673  21.469  -39.215 0.5000000000
91561  22.041  21.127  -40.318 0.5000000000
91560  22.991  21.245  -41.052 0.7500000000
91559  24.063  21.415  -41.231 0.7500000000
91551  24.498  20.930  -40.719 0.7500000000
90491  25.352  20.546  -39.340 0.7500000000
90501  24.749  20.428  -40.218 0.7500000000
89467  25.255  19.579  -38.776 0.7500000000
89451  25.359  19.514  -37.777 0.7500000000
90479  25.763  20.512  -38.034 0.7500000000
89425  25.942  19.293  -35.930 0.5000000000
89437  25.332  19.285  -36.858 0.6250000000
87389  27.398  17.433  -34.270 0.2500000000
88407  26.375  18.164  -35.115 0.3750000000
89416  26.582  18.879  -35.148 0.3750000000
92603  23.378  22.298  -40.952 0.6250000000
91558  24.473  22.045  -40.976 0.7500000000
91550  24.971  21.517  -40.278 0.7500000000
91541  25.942  21.579  -38.803 0.7500000000
91527  26.101  21.244  -37.985 0.6250000000
90456  26.552  20.096  -35.910 0.3750000000
90465  26.363  20.550  -36.790 0.3750000000
88405  27.886  18.305  -34.439 0.1250000000
89423  27.811  19.765  -35.147 0.1250000000
89424  26.829  19.725  -35.292 0.2500000000
92602  24.115  22.570  -41.303 0.6250000000
92593  25.699  22.611  -39.722 0.7500000000
90478  26.178  21.037  -37.572 0.3750000000
91498  27.922  20.958  -35.893 0.2500000000
90464  27.078  20.963  -36.522 0.3750000000
89421  30.031  19.707  -35.526 0.1250000000
90453  29.187  20.469  -35.526 0.1250000000
88404  28.895  18.450  -34.470 0.1250000000
92601  24.770  22.635  -40.681 0.3750000000
92592  26.303  23.032  -39.067 0.3750000000
92580  27.517  23.004  -37.699 0.2500000000
91526  26.702  21.693  -37.588 0.3750000000
92582  26.271  22.438  -38.876 0.3750000000
91509  28.797  21.794  -36.212 0.1250000000
91510  27.654  21.580  -36.515 0.3750000000
91511  26.962  21.194  -36.858 0.3750000000
91497  28.533  21.093  -35.891 0.1250000000
94581  24.609  24.419  -40.674 0.3750000000
93608  24.338  23.499  -41.046 0.3750000000
93599  25.977  23.656  -39.514 0.3750000000
93607  25.175  23.549  -40.349 0.3750000000
93587  27.106  23.792  -38.473 0.3750000000
93598  26.600  23.684  -38.837 0.3750000000
93586  27.670  23.674  -38.027 0.3750000000
92567  27.251  22.481  -37.564 0.3750000000
92563  30.827  22.584  -37.625 0.1250000000
92552  28.408  22.295  -36.607 0.1250000000
93571  28.662  23.349  -37.293 0.2500000000
91507  30.563  21.553  -36.505 0.1250000000
95445  25.860  25.516  -39.651 0.2500000000
94575  26.490  24.647  -39.081 0.2500000000
94576  25.493  24.512  -39.922 0.3750000000
95428  28.463  25.105  -38.801 0.1250000000
94560  26.911  24.179  -38.702 0.3750000000
94558  28.555  24.357  -38.088 0.1250000000
94556  30.425  24.314  -38.320 0.1250000000
93585  28.288  23.721  -37.700 0.1250000000
95453  25.012  25.353  -40.394 0.3750000000
95443  27.881  25.652  -39.237 0.1250000000
96318  28.390  26.171  -40.109 0.1250000000
93584  31.110  23.388  -38.735 0.1250000000
95441  30.018  25.213  -39.462 0.1250000000
96329  28.226  26.612  -41.224 0.1250000000
127968  30.051  25.334  -40.963 0.1250000000
95452  29.044  26.043  -40.674 0.1250000000
93597  31.098  23.818  -40.023 0.1250000000
72547  26.476  3.400  -34.894 0.6250000000
79119  28.059  9.856  -35.418 0.6250000000
85257  25.870  15.586  -35.372 0.5000000000
89497  23.826  19.727  -40.857 0.8750000000
90511  23.459  20.384  -41.200 0.7500000000
89482  25.037  19.794  -39.663 0.7500000000
88469  25.012  19.003  -38.207 0.7500000000
87409  26.038  17.471  -35.249 0.5000000000
88423  25.906  18.229  -35.594 0.5000000000
88424  25.452  18.289  -36.148 0.7500000000
87390  26.612  17.459  -34.733 0.5000000000
94541  29.886  23.997  -37.693 0.1250000000
94574  27.184  25.180  -38.982 0.2500000000
95442  29.087  25.663  -39.636 0.1250000000
127967  30.702  24.610  -40.251 0.1250000000
75956  29.136  6.635  -36.976 0.5000000000
75980  27.433  7.374  -37.910 0.7500000000
79118  28.597  9.700  -35.211 0.3750000000
80154  27.989  10.610  -35.206 0.3750000000
81166  28.576  12.317  -34.122 0.2500000000
86330  24.740  16.797  -36.774 0.7500000000
83157  29.161  13.288  -33.885 0.1250000000
66447  22.235  -2.002  -31.121 0.7500000000
66448  21.457  -1.585  -30.762 0.7500000000
67660  20.603  -0.770  -30.914 0.7500000000
68815  20.289  -0.333  -31.096 0.7500000000
65311  22.855  -2.095  -31.413 0.7500000000
66461  22.384  -1.445  -31.697 0.7500000000
66459  24.263  -1.784  -31.839 0.7500000000
70020  20.479  0.968  -31.935 0.7500000000
67681  24.554  -1.059  -32.557 0.6250000000
68856  24.596  0.324  -33.401 0.7500000000
70048  25.298  0.963  -33.619 0.6250000000
71276  26.214  2.601  -34.570 0.5000000000
71274  27.601  3.044  -34.982 0.3750000000
71275  27.096  2.842  -34.689 0.5000000000
72545  28.161  3.478  -35.259 0.1250000000
73775  29.986  4.959  -36.222 0.1250000000
73774  30.447  5.279  -36.000 0.1250000000
74893  31.527  6.074  -35.900 0.1250000000
75952  32.892  6.668  -36.683 0.1250000000
76998  33.041  7.654  -37.489 0.1250000000
78083  32.372  8.320  -37.218 0.1250000000
89485  20.741  18.951  -39.097 0.3750000000
78068  31.906  8.559  -36.536 0.1250000000
78069  31.199  8.188  -36.623 0.1250000000
79117  29.605  9.581  -35.021 0.1250000000
80153  28.962  10.538  -34.657 0.2500000000
81181  28.348  11.704  -34.446 0.2500000000
91553  21.241  20.772  -38.358 0.5000000000
85220  28.944  14.675  -33.726 0.1250000000
84171  28.419  14.139  -33.849 0.2500000000
86296  29.022  16.352  -33.756 0.1250000000
88422  29.684  18.556  -35.180 0.1250000000
91542  21.744  21.576  -38.227 0.3750000000
89435  30.693  19.435  -36.567 0.1250000000
91539  31.154  21.890  -37.998 0.1250000000
91549  31.657  21.330  -39.209 0.1250000000
96321  25.487  26.126  -40.231 0.2500000000
96320  26.354  26.471  -39.932 0.1250000000
96330  26.904  27.241  -40.948 0.1250000000
93596  31.463  22.875  -39.849 0.1250000000
93606  30.795  24.126  -41.106 0.1250000000
74900  25.525  5.571  -35.885 0.7500000000
81210  26.229  11.521  -36.570 0.7500000000
80172  26.631  11.014  -36.446 0.7500000000
88452  20.571  17.558  -38.566 0.3750000000
86352  24.601  16.972  -38.257 0.8750000000
76982  27.917  7.751  -37.709 0.6250000000
83217  25.222  13.563  -37.104 0.8750000000
88487  23.948  18.375  -40.165 0.8750000000
88486  24.581  18.472  -39.528 0.8750000000
96332  24.695  26.258  -40.967 0.1250000000
68831  21.313  -0.123  -32.012 0.7500000000
67659  21.317  -0.965  -31.242 0.7500000000
66462  21.812  -1.312  -31.329 0.7500000000
66472  22.777  -1.261  -32.103 0.7500000000
66460  23.211  -1.721  -31.791 0.7500000000
66470  23.977  -1.252  -32.343 0.7500000000
68833  19.853  0.685  -31.420 0.7500000000
70040  19.618  2.416  -32.068 0.6250000000
70038  21.424  1.271  -32.556 0.7500000000
68857  23.645  0.470  -33.528 0.7500000000
71264  22.818  2.162  -33.946 0.8750000000
71277  25.167  2.623  -34.438 0.7500000000
71278  24.165  2.805  -34.113 0.8750000000
71261  25.831  1.752  -34.175 0.6250000000
72563  25.844  4.029  -35.176 0.7500000000
72546  27.305  3.467  -35.102 0.5000000000
73778  27.196  4.799  -35.771 0.7500000000
74897  28.613  5.194  -36.275 0.5000000000
73795  29.540  5.047  -36.362 0.2500000000
75955  29.811  6.258  -37.189 0.2500000000
75954  31.283  6.356  -37.112 0.1250000000
75953  31.875  6.457  -36.801 0.1250000000
75978  30.924  6.605  -37.354 0.1250000000
76980  29.843  7.043  -37.636 0.5000000000
78085  29.967  7.591  -37.409 0.1250000000
76979  30.581  7.542  -37.417 0.1250000000
78086  29.335  7.716  -37.215 0.5000000000
76999  32.243  7.721  -37.525 0.1250000000
76966  30.941  7.883  -37.126 0.1250000000
79132  30.358  8.827  -35.746 0.1250000000
80171  27.195  10.473  -36.052 0.6250000000
81199  26.659  11.515  -36.051 0.6250000000
85269  24.906  16.168  -36.483 0.7500000000
87427  24.708  17.542  -37.145 0.7500000000
84189  26.253  14.587  -35.139 0.5000000000
88450  24.819  18.325  -38.124 0.7500000000
85242  27.169  15.504  -34.030 0.3750000000
89468  24.891  19.174  -39.433 0.7500000000
89426  25.381  18.826  -36.395 0.6250000000
88449  24.948  18.808  -37.534 0.7500000000
86299  26.168  16.223  -34.930 0.5000000000
87388  28.473  17.451  -34.046 0.1250000000
90466  25.639  19.993  -37.199 0.6250000000
88406  27.024  18.231  -34.715 0.1250000000
89415  27.363  19.040  -34.812 0.3750000000
90455  27.283  20.560  -35.886 0.3750000000
89414  28.183  19.062  -34.698 0.1250000000
90454  28.280  20.420  -35.524 0.1250000000
89422  28.922  19.564  -34.993 0.1250000000
91540  26.448  22.142  -38.403 0.3750000000
90452  29.898  20.686  -35.632 0.1250000000
90463  30.491  20.559  -36.073 0.1250000000
91496  29.379  21.209  -35.870 0.1250000000
91525  27.338  22.128  -37.162 0.2500000000
91508  29.719  21.884  -36.195 0.1250000000
92550  30.108  22.541  -36.815 0.1250000000
92551  29.189  22.489  -36.581 0.1250000000
94559  27.524  24.585  -38.631 0.3750000000
92581  26.880  22.870  -38.293 0.3750000000
92549  30.705  22.106  -37.009 0.1250000000
92564  30.297  23.036  -37.280 0.1250000000
93569  30.441  23.510  -37.720 0.1250000000
92579  31.284  22.354  -38.465 0.1250000000
93558  29.132  23.000  -36.911 0.1250000000
94542  29.159  23.944  -37.614 0.1250000000
90477  30.998  20.536  -36.962 0.1250000000
91524  31.032  21.541  -37.381 0.1250000000
95444  26.854  25.746  -39.304 0.2500000000
95427  29.297  25.035  -38.728 0.1250000000
95425  30.478  24.736  -38.778 0.1250000000
94557  29.568  24.491  -38.113 0.1250000000
94572  30.788  24.562  -39.267 0.1250000000
96319  27.496  26.486  -39.986 0.1250000000
93583  31.464  22.548  -39.109 0.1250000000
95426  30.062  24.874  -38.680 0.1250000000
96336  27.584  27.237  -41.857 0.1250000000
65299  21.948  -2.791  -30.518 0.7500000000
65298  22.867  -2.839  -31.006 0.7500000000
66449  20.766  -1.474  -30.409 0.7500000000
70021  19.556  1.675  -31.670 0.5000000000
79131  31.435  9.191  -35.657 0.1250000000
79130  32.419  9.293  -36.307 0.1250000000
91538  31.408  21.613  -38.525 0.1250000000
67644  20.263  -1.118  -30.367 0.7500000000
68816  19.732  -0.089  -30.709 0.5000000000
64161  22.695  -3.413  -30.429 0.6250000000
64160  23.169  -3.299  -30.532 0.6250000000
65296  24.284  -2.706  -30.389 0.3750000000
65310  23.528  -2.406  -31.373 0.6250000000
66445  25.048  -1.624  -31.366 0.2500000000
68855  25.336  0.178  -33.243 0.5000000000
70036  25.914  0.431  -33.267 0.3750000000
65280  24.253  -2.708  -29.490 0.5000000000
65297  23.658  -3.037  -30.674 0.6250000000
62987  22.263  -4.462  -29.609 0.6250000000
67645  19.699  -0.812  -29.991 0.3750000000
64162  22.208  -3.498  -30.266 0.6250000000
66432  20.300  -1.847  -29.887 0.6250000000
64118  23.694  -3.771  -28.855 0.3750000000
64137  23.350  -3.715  -29.855 0.5000000000
64138  22.529  -3.956  -30.016 0.6250000000
68817  18.807  0.653  -30.197 0.2500000000
67658  25.465  -0.946  -30.947 0.2500000000
66430  24.627  -2.147  -29.936 0.2500000000
71253  19.416  3.015  -32.034 0.3750000000
67669  25.323  -1.117  -32.041 0.2500000000
68845  25.739  -0.200  -32.617 0.3750000000
70047  26.351  1.019  -33.654 0.2500000000
71260  27.100  1.856  -34.162 0.2500000000
80162  18.023  10.722  -34.037 0.1250000000
83202  17.714  13.328  -35.178 0.2500000000
71259  27.778  2.697  -34.595 0.2500000000
84194  17.815  14.177  -35.565 0.2500000000
87439  20.076  17.093  -38.001 0.2500000000
81190  17.718  11.759  -34.286 0.1250000000
72513  19.041  3.365  -31.811 0.2500000000
85258  18.356  14.710  -36.133 0.3750000000
68846  24.968  -0.402  -33.057 0.5000000000
67661  20.028  -0.715  -30.540 0.5000000000
65309  24.168  -2.560  -31.135 0.5000000000
67670  24.798  -1.443  -32.143 0.5000000000
70003  19.168  1.118  -30.934 0.3750000000
71235  19.055  2.699  -31.604 0.2500000000
66431  21.167  -2.195  -30.169 0.6250000000
66446  24.688  -2.168  -30.883 0.2500000000
66429  25.044  -1.542  -30.354 0.2500000000
66458  24.915  -1.586  -31.908 0.3750000000
67680  25.226  -0.814  -32.680 0.3750000000
65281  23.942  -3.177  -30.003 0.5000000000
64117  24.065  -3.074  -28.553 0.3750000000
68798  19.537  -0.329  -30.190 0.3750000000
65282  21.435  -2.857  -30.039 0.6250000000
68830  25.835  -0.301  -31.529 0.2500000000
70035  26.456  0.722  -32.719 0.2500000000
80144  18.098  10.488  -33.491 0.1250000000
64140  20.629  -3.890  -29.121 0.5000000000
62968  23.401  -4.462  -28.927 0.2500000000
61665  22.986  -5.244  -29.009 0.3750000000
61684  22.617  -4.819  -29.347 0.5000000000
62988  21.549  -4.571  -29.314 0.5000000000
64119  20.338  -4.178  -28.735 0.3750000000
65284  19.882  -2.899  -29.224 0.5000000000
65283  20.862  -2.867  -29.696 0.5000000000
62951  18.577  -4.854  -26.986 0.1250000000
62971  20.018  -4.558  -28.286 0.3750000000
66433  19.473  -1.685  -29.365 0.2500000000
60523  19.472  -6.515  -26.578 0.1250000000
62950  19.590  -4.659  -27.836 0.2500000000
61668  20.895  -5.528  -28.338 0.3750000000
61646  23.641  -5.099  -27.948 0.2500000000
60556  22.431  -6.077  -28.548 0.3750000000
61686  21.783  -5.225  -29.075 0.5000000000
61650  18.858  -5.486  -26.791 0.1250000000
62949  20.143  -4.910  -28.173 0.3750000000
61667  21.541  -5.702  -28.536 0.3750000000
65243  18.130  -2.939  -27.740 0.1250000000
66396  18.067  -2.099  -28.065 0.1250000000
81180  29.383  11.407  -34.312 0.1250000000
62986  22.879  -4.471  -29.477 0.3750000000
64139  21.672  -3.633  -29.855 0.5000000000
67646  18.896  -0.859  -29.206 0.2500000000
68799  19.208  -0.149  -29.875 0.2500000000
62948  23.688  -4.270  -28.278 0.2500000000
62969  21.288  -4.991  -28.928 0.5000000000
64141  20.083  -3.560  -28.972 0.5000000000
61685  22.271  -5.027  -29.277 0.3750000000
60555  22.791  -5.808  -28.815 0.3750000000
62970  20.601  -4.786  -28.569 0.3750000000
64120  19.790  -3.880  -28.524 0.2500000000
65263  19.302  -3.003  -28.675 0.1250000000
66413  19.126  -2.225  -28.879 0.1250000000
64099  18.894  -3.734  -27.806 0.1250000000
64100  17.733  -3.723  -26.945 0.1250000000
61633  18.582  -5.882  -26.366 0.1250000000
61648  20.398  -5.641  -27.961 0.3750000000
64121  19.145  -3.327  -28.344 0.1250000000
65264  18.695  -2.699  -28.332 0.1250000000
60541  20.379  -6.518  -27.274 0.2500000000
60540  21.467  -6.628  -27.659 0.2500000000
70022  18.738  2.042  -31.164 0.2500000000
60538  23.106  -5.904  -28.298 0.2500000000
60542  19.846  -6.408  -26.953 0.1250000000
61649  19.424  -5.776  -27.051 0.1250000000
61647  21.057  -5.925  -28.184 0.2500000000
71220  18.131  2.292  -30.969 0.1250000000
88471  20.696  18.244  -38.719 0.1250000000
89469  20.903  18.498  -37.911 0.1250000000
127954  21.400  18.750  -37.458 0.1250000000
90503  20.827  19.796  -38.549 0.1250000000
90492  21.442  19.874  -37.292 0.1250000000
91529  22.325  21.491  -37.323 0.1250000000
127958  20.909  17.679  -37.719 0.1250000000
91530  21.826  20.780  -37.303 0.1250000000
90481  22.073  20.751  -36.951 0.1250000000
127966  22.227  21.293  -35.899 0.1250000000
88453  20.595  17.633  -37.963 0.1250000000
70005  17.738  1.633  -30.143 0.1250000000
86320  18.211  15.835  -36.138 0.1250000000
88437  20.355  17.169  -37.444 0.1250000000
89438  20.894  17.180  -37.406 0.1250000000
127952  21.384  17.760  -37.481 0.1250000000
127950  22.251  19.212  -36.346 0.1250000000
127955  21.948  20.827  -35.562 0.1250000000
127960  21.864  21.431  -35.513 0.1250000000
91513  22.509  21.582  -36.253 0.1250000000
72528  18.771  3.897  -31.849 0.1250000000
72515  18.158  3.646  -31.299 0.1250000000
91543  21.589  20.954  -37.643 0.1250000000
70004  18.297  1.573  -30.586 0.1250000000
68818  18.084  1.022  -29.986 0.1250000000
85259  17.686  15.284  -35.562 0.1250000000
72514  18.590  3.390  -31.577 0.1250000000
71236  18.365  2.813  -31.298 0.1250000000
71221  17.771  2.299  -30.556 0.1250000000
90480  22.319  21.111  -36.580 0.1250000000
89452  22.179  20.645  -36.086 0.1250000000
92534  21.454  22.044  -35.026 0.1250000000
65262  24.457  -2.285  -28.747 0.1250000000
66412  24.530  -2.150  -29.323 0.1250000000
66411  24.888  -1.497  -29.091 0.1250000000
68844  26.188  0.337  -31.935 0.1250000000
70002  26.588  1.174  -30.580 0.1250000000
70018  26.641  1.082  -31.672 0.1250000000
71234  27.506  2.228  -31.897 0.1250000000
70046  27.054  1.210  -33.271 0.1250000000
71250  27.557  1.843  -33.078 0.1250000000
71249  27.928  2.455  -33.737 0.1250000000
60519  23.552  -6.138  -27.118 0.1250000000
60557  22.026  -6.274  -28.201 0.1250000000
61631  24.017  -5.451  -27.070 0.1250000000
62947  23.996  -4.259  -27.571 0.1250000000
65223  24.737  -2.669  -27.152 0.1250000000
64096  24.311  -3.371  -27.468 0.1250000000
65261  24.735  -1.851  -28.151 0.1250000000
67630  25.726  -0.532  -28.607 0.1250000000
68797  25.874  0.019  -29.500 0.1250000000
68814  25.800  -0.137  -30.497 0.1250000000
72537  28.433  3.136  -34.301 0.1250000000
72525  28.364  3.138  -33.252 0.1250000000
72511  28.042  3.251  -32.073 0.1250000000
64097  23.877  -3.732  -28.121 0.1250000000
67643  25.426  -0.748  -29.838 0.1250000000
70034  27.096  1.403  -32.420 0.1250000000
61645  24.155  -4.869  -27.140 0.1250000000
60539  22.611  -6.501  -27.891 0.1250000000
70017  27.100  1.598  -31.778 0.1250000000
68829  26.213  0.452  -31.053 0.1250000000
70001  27.067  1.746  -31.095 0.1250000000
71233  27.924  2.539  -32.819 0.1250000000
72512  27.747  2.934  -31.229 0.1250000000
60503  23.515  -6.798  -26.213 0.1250000000
60518  24.148  -5.792  -26.617 0.1250000000
65241  24.912  -1.987  -27.378 0.1250000000
73738  28.563  4.003  -32.743 0.1250000000
61632  19.166  -6.041  -26.653 0.1250000000
61666  22.320  -5.601  -28.990 0.3750000000
62989  21.013  -4.565  -28.995 0.5000000000
64098  19.421  -4.075  -28.045 0.1250000000
64136  23.869  -3.313  -29.370 0.5000000000
65242  24.470  -2.511  -27.884 0.1250000000
67671  22.256  -1.022  -32.161 0.7500000000
72529  18.441  3.883  -31.622 0.1250000000
72552  21.970  3.802  -34.362 1.0000000000
73783  22.568  4.753  -34.953 1.0000000000
74894  31.036  5.691  -35.767 0.1250000000
74895  30.573  5.441  -36.385 0.1250000000
74896  28.975  5.034  -36.334 0.5000000000
74914  31.518  6.077  -36.252 0.1250000000
74921  24.923  6.068  -35.949 1.0000000000
74934  30.998  5.894  -37.091 0.1250000000
74935  30.617  6.190  -37.242 0.1250000000
74936  20.569  6.419  -37.874 1.0000000000
74937  20.388  6.374  -38.099 1.0000000000
74938  20.099  6.583  -38.480 1.0000000000
74944  20.648  6.530  -38.037 1.0000000000
74945  20.347  6.692  -38.415 1.0000000000
74946  20.118  6.806  -38.786 1.0000000000
75936  31.541  6.131  -35.605 0.1250000000
75937  25.945  5.952  -36.337 1.0000000000
75975  33.255  7.196  -37.140 0.1250000000
75977  31.681  6.929  -37.279 0.1250000000
75979  30.329  6.507  -37.431 0.1250000000
75984  20.713  6.852  -37.681 1.0000000000
75985  19.852  6.164  -37.965 1.0000000000
75986  19.896  6.860  -38.901 1.0000000000
75998  21.451  7.388  -37.442 1.0000000000
75999  20.824  6.976  -38.217 1.0000000000
76000  20.256  6.955  -38.894 1.0000000000
76001  19.914  7.090  -39.085 1.0000000000
76008  20.406  7.108  -39.138 1.0000000000
76009  20.047  7.380  -39.067 1.0000000000
76010  19.766  7.375  -39.039 1.0000000000
76965  31.215  7.993  -37.132 0.1250000000
76977  32.045  8.053  -37.537 0.1250000000
76978  31.510  7.970  -37.380 0.1250000000
76986  23.582  7.505  -36.544 1.0000000000
77003  27.340  7.940  -38.302 0.8750000000
77010  19.995  6.917  -37.395 1.0000000000
77011  19.244  6.882  -38.145 1.0000000000
77012  19.456  6.927  -38.845 1.0000000000
77022  26.867  7.937  -38.482 0.8750000000
77023  26.593  8.010  -38.179 0.8750000000
77024  22.666  8.336  -36.756 1.0000000000
77026  20.831  7.636  -38.024 1.0000000000
77027  20.627  7.175  -38.823 1.0000000000
77028  19.385  7.353  -38.667 1.0000000000
77029  19.509  7.002  -38.995 1.0000000000
77041  20.234  7.706  -38.806 1.0000000000
77042  19.729  7.704  -38.843 1.0000000000
77043  19.479  7.523  -38.857 1.0000000000
78089  20.962  8.648  -36.572 1.0000000000
78095  32.850  7.960  -37.605 0.1250000000
78096  32.706  8.105  -37.589 0.1250000000
78101  23.076  8.505  -36.993 1.0000000000
78103  19.781  7.524  -37.871 1.0000000000
78104  19.370  7.400  -38.240 1.0000000000
78109  26.721  8.147  -38.373 0.8750000000
78110  26.639  8.234  -38.135 0.8750000000
78114  20.838  7.722  -37.733 1.0000000000
78115  19.986  7.978  -37.790 1.0000000000
78116  19.641  7.697  -38.389 1.0000000000
78124  20.497  7.850  -37.903 1.0000000000
78125  20.252  7.805  -38.296 1.0000000000
78126  20.093  8.074  -38.435 1.0000000000
79135  27.326  9.421  -36.699 0.7500000000
79149  20.102  9.746  -35.871 0.8750000000
80170  27.747  10.009  -35.581 0.6250000000
80184  25.798  11.027  -37.514 1.0000000000
80195  20.764  10.284  -36.711 1.0000000000
81165  29.015  12.134  -34.068 0.2500000000
81201  18.524  11.726  -35.245 0.3750000000
81202  17.967  11.859  -34.794 0.1250000000
81221  21.577  11.315  -37.438 1.0000000000
81224  19.955  11.723  -36.549 0.6250000000
82160  28.795  12.739  -33.941 0.2500000000
82192  27.126  12.049  -35.201 0.6250000000
82194  25.904  13.063  -36.002 0.7500000000
83178  27.839  13.446  -34.221 0.2500000000
83201  18.272  13.255  -35.746 0.2500000000
83227  23.461  13.661  -38.934 1.0000000000
83230  20.645  13.092  -37.733 0.8750000000
83236  23.094  14.281  -39.272 1.0000000000
84217  19.525  14.033  -37.144 0.7500000000
84225  22.261  14.295  -38.963 1.0000000000
85281  19.227  14.644  -37.242 0.8750000000
86316  26.243  16.859  -34.933 0.5000000000
86329  25.150  16.742  -36.124 0.7500000000
86355  20.090  15.805  -38.485 0.7500000000
87426  25.046  17.539  -36.442 0.7500000000
87469  21.536  17.503  -39.727 1.0000000000
87483  21.734  18.062  -40.067 1.0000000000
88435  24.998  18.366  -36.817 0.7500000000
88451  20.731  17.987  -38.304 0.1250000000
88472  20.713  17.913  -39.177 0.7500000000
88489  20.757  18.425  -39.267 0.7500000000
88504  22.591  18.586  -40.418 1.0000000000
88506  21.298  18.429  -40.035 0.8750000000
89417  26.185  18.652  -35.420 0.3750000000
89436  25.767  19.826  -36.652 0.3750000000
91495  30.104  21.266  -35.883 0.1250000000
91499  22.193  21.670  -35.671 0.1250000000
91523  31.227  21.295  -38.060 0.1250000000
91528  22.784  22.129  -37.164 0.1250000000
92540  21.908  21.864  -35.428 0.1250000000
92565  28.640  22.779  -36.876 0.1250000000
92566  27.896  22.650  -37.116 0.2500000000
92578  31.556  21.990  -38.962 0.1250000000
93557  29.529  22.851  -36.862 0.1250000000
93570  29.666  23.328  -37.206 0.1250000000
93572  27.993  23.288  -37.557 0.2500000000
94543  28.654  23.853  -37.659 0.1250000000
94573  30.470  24.984  -39.414 0.1250000000
94580  30.464  24.998  -39.870 0.1250000000
95440  30.418  24.960  -39.084 0.1250000000
127961  21.246  18.185  -37.657 0.1250000000
127962  21.415  18.308  -37.538 0.1250000000
127965  22.378  21.141  -36.185 0.1250000000
