#!ascii label  , from subject sub.01.base.02 vox2ras=TkReg
281
16803  37.549  -45.235  -4.061 0.0000000000
11905  35.005  -52.103  -11.954 0.0000000000
15102  43.885  -47.875  -8.239 0.0000000000
15979  36.336  -46.663  -10.078 0.0000000000
11923  41.618  -51.668  -12.636 0.0000000000
13519  42.524  -49.402  -11.297 0.0000000000
11875  42.973  -51.768  -9.559 0.0000000000
13524  35.558  -49.289  -10.825 0.0000000000
15981  31.779  -46.775  -10.010 0.0000000000
15911  39.934  -47.190  -6.232 0.0000000000
15106  39.503  -48.004  -8.795 0.0000000000
14346  38.814  -48.516  -11.703 0.0000000000
11111  38.534  -52.311  -10.549 0.0000000000
9048  39.463  -55.390  -11.218 0.0000000000
19773  37.978  -42.288  -4.555 0.0000000000
16800  41.256  -44.741  -4.719 0.0000000000
15894  44.615  -46.116  -5.388 0.0000000000
17793  32.900  -45.106  -7.656 0.0000000000
12657  43.909  -50.673  -8.758 0.0000000000
12678  35.120  -50.514  -10.837 0.0000000000
13526  33.117  -49.554  -10.800 0.0000000000
15064  41.996  -47.350  -6.907 0.0000000000
14288  41.174  -48.256  -8.373 0.0000000000
13555  42.510  -50.278  -12.524 0.0000000000
14344  40.732  -48.803  -11.522 0.0000000000
12710  40.477  -50.246  -13.091 0.0000000000
12693  38.600  -50.191  -11.616 0.0000000000
11124  40.099  -51.887  -12.394 0.0000000000
9049  38.581  -55.247  -11.164 0.0000000000
17748  43.447  -44.717  -4.095 0.0000000000
16811  42.901  -45.518  -5.012 0.0000000000
16809  44.759  -45.544  -4.845 0.0000000000
16863  36.511  -45.897  -8.692 0.0000000000
16847  34.415  -45.514  -8.378 0.0000000000
16886  32.061  -45.420  -11.509 0.0000000000
16880  31.368  -45.366  -10.051 0.0000000000
14296  44.906  -48.194  -8.693 0.0000000000
14311  43.425  -48.711  -9.717 0.0000000000
13517  44.410  -49.453  -10.215 0.0000000000
12674  43.720  -50.390  -10.740 0.0000000000
11883  42.671  -51.767  -10.443 0.0000000000
15156  36.353  -47.599  -10.748 0.0000000000
15964  34.349  -46.933  -9.005 0.0000000000
14316  33.752  -48.257  -9.624 0.0000000000
15157  31.983  -47.247  -11.415 0.0000000000
11163  35.260  -52.104  -13.239 0.0000000000
15899  39.107  -46.637  -5.528 0.0000000000
15923  37.886  -47.071  -8.307 0.0000000000
15117  38.451  -47.218  -10.127 0.0000000000
14313  41.263  -48.725  -9.847 0.0000000000
15133  39.062  -47.799  -10.829 0.0000000000
15135  37.396  -47.160  -10.831 0.0000000000
13541  37.640  -49.098  -11.548 0.0000000000
12676  37.108  -50.548  -10.837 0.0000000000
11113  36.519  -52.498  -10.643 0.0000000000
10458  40.376  -53.403  -11.951 0.0000000000
10446  39.465  -53.369  -11.336 0.0000000000
10432  37.183  -53.431  -10.471 0.0000000000
11126  36.169  -52.800  -11.215 0.0000000000
19774  36.906  -42.309  -4.583 0.0000000000
17753  38.285  -44.191  -4.200 0.0000000000
17751  40.541  -43.956  -4.355 0.0000000000
16802  38.903  -45.099  -4.441 0.0000000000
15898  40.297  -46.198  -5.454 0.0000000000
15909  42.255  -46.724  -6.225 0.0000000000
15062  44.194  -47.194  -6.786 0.0000000000
15060  46.050  -47.387  -6.250 0.0000000000
14286  45.696  -48.170  -7.887 0.0000000000
15945  32.356  -46.067  -8.634 0.0000000000
17740  36.829  -44.679  -3.813 0.0000000000
17741  35.865  -44.952  -3.854 0.0000000000
11888  34.988  -51.548  -11.310 0.0000000000
12679  33.996  -50.578  -11.207 0.0000000000
15084  42.926  -47.614  -7.633 0.0000000000
15085  41.755  -47.871  -7.773 0.0000000000
15103  42.837  -48.017  -8.381 0.0000000000
11922  42.267  -51.206  -12.368 0.0000000000
12709  41.409  -50.599  -13.258 0.0000000000
11925  39.870  -50.640  -12.552 0.0000000000
11141  40.488  -52.501  -12.508 0.0000000000
8273  37.812  -56.441  -11.481 0.0000000000
16797  44.145  -45.040  -4.247 0.0000000000
15961  36.811  -46.312  -9.541 0.0000000000
16864  35.986  -45.673  -8.929 0.0000000000
15962  35.914  -46.195  -9.559 0.0000000000
17839  32.153  -44.214  -11.361 0.0000000000
14327  44.796  -48.954  -9.931 0.0000000000
13508  45.138  -49.363  -9.490 0.0000000000
11865  43.494  -51.229  -9.408 0.0000000000
12666  43.878  -50.757  -9.828 0.0000000000
11874  43.361  -51.185  -10.183 0.0000000000
11882  43.021  -51.035  -11.023 0.0000000000
14333  35.473  -48.304  -10.657 0.0000000000
14334  34.700  -48.325  -10.173 0.0000000000
13527  32.510  -48.981  -10.765 0.0000000000
14359  32.368  -48.360  -12.039 0.0000000000
16014  32.501  -46.427  -12.198 0.0000000000
15900  37.948  -46.605  -5.550 0.0000000000
15941  37.762  -46.777  -9.395 0.0000000000
15107  38.590  -47.426  -9.135 0.0000000000
14329  43.007  -49.139  -10.464 0.0000000000
14312  42.341  -48.746  -9.830 0.0000000000
14330  41.925  -49.076  -10.698 0.0000000000
13538  40.562  -49.076  -12.304 0.0000000000
14345  39.646  -48.510  -11.569 0.0000000000
15134  38.156  -47.284  -10.942 0.0000000000
15153  38.305  -47.901  -11.464 0.0000000000
14348  37.240  -48.364  -11.302 0.0000000000
14347  38.036  -48.439  -11.599 0.0000000000
11904  38.549  -50.889  -11.183 0.0000000000
12675  37.950  -50.365  -11.073 0.0000000000
11885  37.948  -51.342  -10.614 0.0000000000
11886  36.848  -51.477  -10.562 0.0000000000
11112  37.547  -52.417  -10.360 0.0000000000
9006  39.682  -56.481  -8.008 0.0000000000
9047  39.867  -55.447  -10.694 0.0000000000
9032  39.692  -55.601  -9.821 0.0000000000
9752  40.116  -54.552  -11.100 0.0000000000
9770  40.161  -53.996  -11.600 0.0000000000
10459  39.887  -53.577  -11.705 0.0000000000
9753  39.581  -54.243  -11.365 0.0000000000
9036  37.333  -54.869  -10.819 0.0000000000
9734  38.242  -54.277  -10.760 0.0000000000
9736  36.907  -54.305  -10.796 0.0000000000
10433  36.511  -53.494  -10.983 0.0000000000
9755  36.449  -54.361  -11.479 0.0000000000
18749  37.546  -43.322  -4.289 0.0000000000
18748  38.683  -43.181  -4.431 0.0000000000
17750  41.684  -44.045  -3.944 0.0000000000
17752  39.406  -44.072  -4.449 0.0000000000
16801  40.116  -45.062  -4.753 0.0000000000
15886  40.046  -45.652  -5.086 0.0000000000
16813  40.893  -45.531  -5.125 0.0000000000
15895  43.602  -46.127  -5.506 0.0000000000
15896  42.563  -46.135  -5.580 0.0000000000
15908  43.341  -46.680  -6.174 0.0000000000
15063  43.111  -47.179  -6.882 0.0000000000
15907  44.393  -46.691  -6.059 0.0000000000
14270  46.440  -47.999  -5.744 0.0000000000
14273  46.062  -48.089  -6.807 0.0000000000
15081  45.692  -47.717  -7.047 0.0000000000
15965  33.291  -46.992  -8.832 0.0000000000
15966  32.106  -46.517  -9.262 0.0000000000
17823  31.221  -44.446  -9.803 0.0000000000
13525  34.316  -49.546  -10.625 0.0000000000
15065  40.846  -47.586  -6.939 0.0000000000
15066  39.754  -47.616  -7.172 0.0000000000
14300  40.527  -48.411  -8.971 0.0000000000
13536  42.879  -49.858  -12.014 0.0000000000
13520  41.930  -49.211  -11.398 0.0000000000
13537  41.742  -49.232  -12.084 0.0000000000
13557  41.148  -49.629  -12.983 0.0000000000
13539  39.601  -49.249  -12.196 0.0000000000
13540  38.552  -49.292  -11.840 0.0000000000
12692  39.275  -50.023  -12.198 0.0000000000
11903  39.289  -50.973  -11.753 0.0000000000
11884  38.919  -51.625  -10.989 0.0000000000
9050  37.544  -55.523  -11.160 0.0000000000
16799  42.313  -44.810  -4.595 0.0000000000
16812  41.897  -45.431  -5.167 0.0000000000
16798  43.245  -45.004  -4.465 0.0000000000
16810  43.876  -45.528  -4.921 0.0000000000
16846  35.263  -45.083  -8.291 0.0000000000
16848  33.417  -45.642  -8.138 0.0000000000
15140  31.721  -46.783  -10.456 0.0000000000
15967  31.488  -45.916  -9.618 0.0000000000
16887  31.604  -45.605  -10.721 0.0000000000
18870  31.799  -43.734  -10.955 0.0000000000
14297  43.742  -48.302  -8.967 0.0000000000
14310  44.437  -48.613  -9.552 0.0000000000
14328  44.031  -49.035  -10.223 0.0000000000
13518  43.537  -49.664  -10.868 0.0000000000
12673  44.132  -49.869  -10.534 0.0000000000
13535  43.404  -50.066  -11.373 0.0000000000
12690  43.138  -50.475  -11.530 0.0000000000
11899  42.804  -50.934  -11.591 0.0000000000
15136  36.646  -47.141  -10.583 0.0000000000
15963  35.236  -46.700  -9.525 0.0000000000
15118  35.242  -47.200  -9.822 0.0000000000
15120  33.910  -47.673  -9.216 0.0000000000
15121  32.911  -47.772  -9.483 0.0000000000
14335  33.594  -48.863  -10.117 0.0000000000
14336  32.699  -48.570  -10.222 0.0000000000
15139  32.011  -47.451  -10.272 0.0000000000
15995  32.030  -46.378  -11.549 0.0000000000
16900  32.808  -45.312  -12.164 0.0000000000
11926  34.818  -51.952  -12.585 0.0000000000
15888  38.437  -46.050  -4.725 0.0000000000
15889  37.470  -46.123  -4.724 0.0000000000
15960  37.677  -46.747  -10.257 0.0000000000
14314  40.270  -48.501  -9.921 0.0000000000
14343  41.449  -49.042  -11.316 0.0000000000
14332  39.978  -48.381  -10.777 0.0000000000
15116  39.326  -47.963  -9.877 0.0000000000
15977  37.611  -46.893  -10.644 0.0000000000
15978  37.118  -46.714  -10.391 0.0000000000
15155  36.951  -47.689  -10.957 0.0000000000
14349  36.256  -48.322  -10.957 0.0000000000
13543  36.274  -49.094  -11.027 0.0000000000
13521  38.012  -49.722  -11.479 0.0000000000
13522  37.331  -49.757  -11.220 0.0000000000
13523  36.520  -49.725  -10.998 0.0000000000
12677  36.154  -50.523  -10.776 0.0000000000
11887  35.890  -51.472  -10.781 0.0000000000
11114  35.801  -52.198  -11.033 0.0000000000
11122  42.176  -52.198  -10.790 0.0000000000
9019  39.554  -56.089  -9.034 0.0000000000
10428  41.144  -53.359  -10.848 0.0000000000
10457  40.874  -53.046  -12.283 0.0000000000
11142  39.932  -53.043  -11.928 0.0000000000
11125  39.640  -52.211  -11.629 0.0000000000
10430  39.088  -52.850  -10.863 0.0000000000
9754  38.797  -54.107  -11.061 0.0000000000
10431  38.292  -53.424  -10.531 0.0000000000
11127  35.638  -52.502  -11.667 0.0000000000
10449  35.779  -52.924  -12.037 0.0000000000
20746  35.216  -41.520  -4.474 0.0000000000
19775  35.817  -42.412  -4.195 0.0000000000
18750  36.529  -43.202  -4.118 0.0000000000
18730  36.916  -43.890  -3.957 0.0000000000
17754  37.447  -44.265  -3.982 0.0000000000
18746  40.766  -43.083  -3.765 0.0000000000
15887  39.486  -45.803  -4.963 0.0000000000
15897  41.494  -46.172  -5.592 0.0000000000
15910  41.133  -46.920  -6.166 0.0000000000
15083  44.000  -47.539  -7.530 0.0000000000
15061  45.182  -47.242  -6.609 0.0000000000
15082  45.042  -47.591  -7.492 0.0000000000
15101  44.684  -47.763  -8.063 0.0000000000
16866  34.661  -46.198  -8.884 0.0000000000
16849  32.500  -45.593  -8.233 0.0000000000
16868  31.426  -45.330  -9.087 0.0000000000
16850  31.838  -45.286  -8.354 0.0000000000
9018  39.934  -55.346  -8.897 0.0000000000
9034  38.415  -54.644  -10.973 0.0000000000
9035  37.973  -54.851  -10.828 0.0000000000
9735  37.640  -54.224  -10.617 0.0000000000
9771  39.995  -53.827  -11.772 0.0000000000
10444  41.096  -53.248  -11.774 0.0000000000
10447  38.942  -53.459  -10.926 0.0000000000
10461  35.940  -53.110  -12.317 0.0000000000
11110  39.105  -52.242  -10.920 0.0000000000
11140  41.346  -52.619  -12.233 0.0000000000
11144  35.505  -52.597  -12.475 0.0000000000
11901  41.833  -52.178  -12.047 0.0000000000
11902  39.881  -51.414  -12.276 0.0000000000
11924  40.498  -51.329  -12.883 0.0000000000
12691  42.646  -50.708  -12.124 0.0000000000
12708  42.158  -50.723  -12.739 0.0000000000
12711  39.901  -49.916  -12.659 0.0000000000
13542  36.854  -49.056  -11.228 0.0000000000
13556  42.086  -49.955  -12.804 0.0000000000
13558  40.354  -49.595  -12.723 0.0000000000
14301  39.852  -48.288  -9.371 0.0000000000
14309  45.190  -48.739  -9.366 0.0000000000
14315  34.310  -47.979  -9.627 0.0000000000
14317  33.183  -48.432  -9.782 0.0000000000
14331  40.916  -48.804  -10.695 0.0000000000
14350  32.165  -48.360  -10.975 0.0000000000
15104  42.011  -48.150  -8.552 0.0000000000
15119  34.812  -47.505  -9.702 0.0000000000
15137  35.618  -47.434  -10.239 0.0000000000
15138  35.038  -47.749  -10.063 0.0000000000
15152  38.783  -47.950  -11.340 0.0000000000
15154  37.686  -47.724  -11.287 0.0000000000
15158  31.778  -46.994  -10.801 0.0000000000
15943  33.861  -46.262  -8.560 0.0000000000
15944  32.903  -46.219  -8.539 0.0000000000
15980  35.803  -46.685  -9.871 0.0000000000
15982  31.545  -46.235  -10.162 0.0000000000
15996  31.742  -46.387  -10.981 0.0000000000
16791  37.047  -45.073  -3.836 0.0000000000
16792  36.753  -45.184  -3.916 0.0000000000
16804  36.496  -45.750  -4.436 0.0000000000
16814  40.332  -45.608  -5.100 0.0000000000
16865  35.250  -45.770  -9.013 0.0000000000
16867  31.992  -45.813  -8.654 0.0000000000
17755  35.771  -45.470  -4.292 0.0000000000
17791  34.494  -44.935  -7.876 0.0000000000
17840  31.601  -44.609  -10.711 0.0000000000
18888  32.667  -43.715  -11.639 0.0000000000
