#!ascii label  , from subject sub.01.base.02 vox2ras=TkReg
611
58067  21.339  -8.761  -24.789 0.1428571492
56790  20.142  -9.897  -24.857 0.1428571492
58105  20.606  -7.933  -26.329 0.1428571492
58048  21.789  -8.877  -23.992 0.1428571492
59327  21.618  -8.052  -25.476 0.2857142985
58086  19.807  -8.399  -25.692 0.1428571492
59308  21.755  -8.195  -24.880 0.1428571492
59365  20.916  -7.014  -27.184 0.5714285970
59326  22.399  -7.453  -25.854 0.1428571492
60503  23.515  -6.798  -26.213 0.2857142985
59325  23.377  -7.195  -25.582 0.2857142985
60502  24.528  -6.276  -25.836 0.1428571492
59324  23.948  -6.909  -25.669 0.2857142985
64096  24.311  -3.371  -27.468 0.2857142985
62947  23.996  -4.259  -27.571 0.1428571492
61645  24.155  -4.869  -27.140 0.2857142985
65261  24.735  -1.851  -28.151 0.2857142985
65223  24.737  -2.669  -27.152 0.2857142985
67643  25.426  -0.748  -29.838 0.2857142985
66411  24.888  -1.497  -29.091 0.2857142985
68814  25.800  -0.137  -30.497 0.2857142985
70034  27.096  1.403  -32.420 0.8571428657
70018  26.641  1.082  -31.672 0.4285714328
68797  25.874  0.019  -29.500 0.2857142985
72537  28.433  3.136  -34.301 0.7142857313
71233  27.924  2.539  -32.819 0.7142857313
71250  27.557  1.843  -33.078 0.7142857313
73750  29.372  4.526  -34.275 0.8571428657
73751  28.802  3.861  -33.803 0.5714285970
71249  27.928  2.455  -33.737 0.7142857313
74894  31.036  5.691  -35.767 0.4285714328
73762  29.594  4.607  -35.282 0.7142857313
73763  28.971  3.897  -34.870 0.8571428657
75952  32.892  6.668  -36.683 0.2857142985
75976  32.543  7.019  -37.310 0.5714285970
73774  30.447  5.279  -36.000 0.8571428657
74915  31.119  5.839  -36.729 0.7142857313
73775  29.986  4.959  -36.222 0.8571428657
78082  33.262  8.349  -37.405 0.1428571492
75951  33.617  7.250  -36.568 0.1428571492
76998  33.041  7.654  -37.489 0.4285714328
75954  31.283  6.356  -37.112 0.5714285970
74916  30.288  5.688  -36.946 0.8571428657
80168  32.456  10.519  -36.162 0.1428571492
79143  33.736  9.248  -37.058 0.1428571492
79144  33.052  8.988  -36.987 0.1428571492
78083  32.372  8.320  -37.218 0.4285714328
75978  30.924  6.605  -37.354 0.8571428657
81197  31.766  11.304  -35.492 0.1428571492
79130  32.419  9.293  -36.307 0.1428571492
79131  31.435  9.191  -35.657 0.4285714328
78084  31.787  8.216  -37.000 0.5714285970
76979  30.581  7.542  -37.417 0.7142857313
77002  30.115  7.000  -37.717 0.8571428657
81178  31.141  11.607  -34.747 0.1428571492
82158  30.068  12.478  -34.218 0.1428571492
80151  31.078  10.538  -34.942 0.1428571492
79116  30.521  9.677  -35.078 0.5714285970
76966  30.941  7.883  -37.126 0.8571428657
77001  30.521  6.972  -37.589 0.8571428657
78085  29.967  7.591  -37.409 0.8571428657
83155  30.385  12.948  -34.405 0.1428571492
83156  29.846  13.232  -34.120 0.2857142985
81179  30.330  11.551  -34.354 0.1428571492
81180  29.383  11.407  -34.312 0.8571428657
79132  30.358  8.827  -35.746 0.8571428657
78069  31.199  8.188  -36.623 0.7142857313
79133  29.229  8.894  -35.861 0.8571428657
85220  28.944  14.675  -33.726 0.1428571492
85240  29.312  15.289  -33.899 0.1428571492
83157  29.161  13.288  -33.885 0.4285714328
82175  28.211  12.683  -34.169 0.8571428657
81181  28.348  11.704  -34.446 0.8571428657
79118  28.597  9.700  -35.211 0.8571428657
79134  27.978  9.254  -35.930 0.8571428657
84171  28.419  14.139  -33.849 0.4285714328
81182  27.552  11.577  -35.059 0.8571428657
80154  27.989  10.610  -35.206 0.8571428657
80155  27.461  11.051  -35.455 0.8571428657
85241  28.278  15.262  -33.540 0.1428571492
86297  27.786  16.470  -33.757 0.2857142985
84172  27.445  14.404  -34.130 0.8571428657
83179  27.150  13.546  -34.631 0.8571428657
82176  27.429  12.571  -34.750 0.8571428657
82177  26.914  13.067  -35.008 0.8571428657
81198  27.092  11.538  -35.558 0.8571428657
87388  28.473  17.451  -34.046 0.2857142985
85242  27.169  15.504  -34.030 0.5714285970
83196  26.559  13.587  -35.071 0.8571428657
83197  25.975  13.665  -35.657 0.8571428657
82193  26.517  12.537  -35.553 0.8571428657
86298  26.747  16.519  -34.358 0.8571428657
86299  26.168  16.223  -34.930 0.8571428657
84189  26.253  14.587  -35.139 0.8571428657
85268  25.319  15.876  -36.001 0.7142857313
84204  25.504  14.716  -36.137 0.7142857313
87390  26.612  17.459  -34.733 0.8571428657
87409  26.038  17.471  -35.249 0.8571428657
85257  25.870  15.586  -35.372 0.8571428657
87410  25.529  17.480  -35.817 0.8571428657
88424  25.452  18.289  -36.148 0.8571428657
85269  24.906  16.168  -36.483 0.7142857313
89424  26.829  19.725  -35.292 0.7142857313
89425  25.942  19.293  -35.930 0.8571428657
89437  25.332  19.285  -36.858 0.8571428657
90479  25.763  20.512  -38.034 0.7142857313
86317  25.716  16.605  -35.457 0.8571428657
89426  25.381  18.826  -36.395 0.8571428657
93558  29.132  23.000  -36.911 0.1428571492
90465  26.363  20.550  -36.790 0.8571428657
90478  26.178  21.037  -37.572 0.7142857313
90466  25.639  19.993  -37.199 0.8571428657
94558  28.555  24.357  -38.088 0.1428571492
92567  27.251  22.481  -37.564 0.5714285970
92592  26.303  23.032  -39.067 0.5714285970
93586  27.670  23.674  -38.027 0.1428571492
95427  29.297  25.035  -38.728 0.1428571492
93598  26.600  23.684  -38.837 0.5714285970
96318  28.390  26.171  -40.109 0.1428571492
95452  29.044  26.043  -40.674 0.1428571492
94559  27.524  24.585  -38.631 0.1428571492
96329  28.226  26.612  -41.224 0.1428571492
93587  27.106  23.792  -38.473 0.5714285970
96319  27.496  26.486  -39.986 0.1428571492
96330  26.904  27.241  -40.948 0.1428571492
56789  20.922  -9.726  -24.444 0.1428571492
59307  22.193  -7.861  -24.917 0.1428571492
62936  24.619  -4.229  -26.643 0.2857142985
61631  24.017  -5.451  -27.070 0.1428571492
67658  25.465  -0.946  -30.947 0.2857142985
70017  27.100  1.598  -31.778 0.4285714328
68844  26.188  0.337  -31.935 0.5714285970
70046  27.054  1.210  -33.271 0.7142857313
74893  31.527  6.074  -35.900 0.1428571492
73795  29.540  5.047  -36.362 0.8571428657
77000  31.229  7.317  -37.406 0.7142857313
82173  31.420  12.287  -35.026 0.1428571492
80152  30.009  10.469  -34.481 0.8571428657
79117  29.605  9.581  -35.021 0.8571428657
79119  28.059  9.856  -35.418 0.8571428657
87389  27.398  17.433  -34.270 0.8571428657
89416  26.582  18.879  -35.148 0.8571428657
90456  26.552  20.096  -35.910 0.8571428657
91511  26.962  21.194  -36.858 0.7142857313
92580  27.517  23.004  -37.699 0.2857142985
95428  28.463  25.105  -38.801 0.1428571492
127975  29.545  25.831  -42.288 0.1428571492
55611  19.489  -10.474  -24.216 0.1428571492
59345  22.050  -7.324  -26.599 0.4285714328
60520  22.625  -7.034  -26.888 0.4285714328
60521  21.873  -7.215  -26.999 0.2857142985
60518  24.148  -5.792  -26.617 0.1428571492
64081  24.939  -3.271  -26.658 0.2857142985
65241  24.912  -1.987  -27.378 0.2857142985
64117  24.065  -3.074  -28.553 0.2857142985
65262  24.457  -2.285  -28.747 0.2857142985
70035  26.456  0.722  -32.719 0.7142857313
81209  33.204  10.850  -36.388 0.1428571492
82191  32.080  12.294  -35.567 0.1428571492
84148  30.028  13.794  -34.230 0.1428571492
84149  29.477  13.883  -34.014 0.2857142985
85219  29.460  14.536  -34.025 0.1428571492
81166  28.576  12.317  -34.122 0.8571428657
78070  30.061  8.064  -36.799 0.8571428657
78086  29.335  7.716  -37.215 1.0000000000
86296  29.022  16.352  -33.756 0.1428571492
88405  27.886  18.305  -34.439 0.2857142985
84214  25.228  14.150  -36.692 0.8571428657
88406  27.024  18.231  -34.715 0.5714285970
90455  27.283  20.560  -35.886 0.5714285970
90464  27.078  20.963  -36.522 0.7142857313
91525  27.338  22.128  -37.162 0.4285714328
91509  28.797  21.794  -36.212 0.2857142985
92552  28.408  22.295  -36.607 0.2857142985
93571  28.662  23.349  -37.293 0.1428571492
93585  28.288  23.721  -37.700 0.1428571492
94575  26.490  24.647  -39.081 0.2857142985
95443  27.881  25.652  -39.237 0.1428571492
95444  26.854  25.746  -39.304 0.1428571492
96320  26.354  26.471  -39.932 0.1428571492
95442  29.087  25.663  -39.636 0.1428571492
96336  27.584  27.237  -41.857 0.1428571492
89414  28.183  19.062  -34.698 0.4285714328
89423  27.811  19.765  -35.147 0.4285714328
90454  28.280  20.420  -35.524 0.4285714328
91497  28.533  21.093  -35.891 0.4285714328
91498  27.922  20.958  -35.893 0.5714285970
91510  27.654  21.580  -36.515 0.5714285970
58085  20.714  -8.454  -25.748 0.1428571492
56803  20.633  -9.227  -25.073 0.1428571492
56791  19.307  -9.320  -24.700 0.1428571492
59328  19.770  -7.809  -26.095 0.2857142985
59346  21.256  -7.523  -26.585 0.5714285970
59306  23.098  -7.682  -24.663 0.1428571492
60519  23.552  -6.138  -27.118 0.1428571492
71259  27.778  2.697  -34.595 0.7142857313
73761  30.233  5.161  -35.451 0.8571428657
73776  28.974  4.516  -36.008 0.8571428657
75953  31.875  6.457  -36.801 0.5714285970
76999  32.243  7.721  -37.525 0.5714285970
80169  31.826  10.177  -35.720 0.2857142985
80181  33.182  9.779  -36.488 0.1428571492
78068  31.906  8.559  -36.536 0.1428571492
82159  29.421  12.663  -34.011 0.5714285970
80153  28.962  10.538  -34.657 0.8571428657
83177  28.528  13.347  -33.927 0.8571428657
84173  26.783  14.842  -34.488 0.8571428657
84188  26.779  14.180  -34.633 0.8571428657
85243  26.442  15.541  -34.670 0.8571428657
88407  26.375  18.164  -35.115 0.8571428657
88423  25.906  18.229  -35.594 0.8571428657
94542  29.159  23.944  -37.614 0.1428571492
92581  26.880  22.870  -38.293 0.5714285970
91540  26.448  22.142  -38.403 0.5714285970
127968  30.051  25.334  -40.963 0.1428571492
94560  26.911  24.179  -38.702 0.4285714328
127971  29.195  26.109  -41.501 0.1428571492
94574  27.184  25.180  -38.982 0.1428571492
62925  25.514  -4.363  -25.909 0.1428571492
89415  27.363  19.040  -34.812 0.5714285970
65280  24.253  -2.708  -29.490 0.5714285970
95445  25.860  25.516  -39.651 0.1428571492
65281  23.942  -3.177  -30.003 0.5714285970
64137  23.350  -3.715  -29.855 0.5714285970
64162  22.208  -3.498  -30.266 0.2857142985
65296  24.284  -2.706  -30.389 0.5714285970
65297  23.658  -3.037  -30.674 0.5714285970
62987  22.263  -4.462  -29.609 0.4285714328
65282  21.435  -2.857  -30.039 0.2857142985
65299  21.948  -2.791  -30.518 0.4285714328
66459  24.263  -1.784  -31.839 0.5714285970
66460  23.211  -1.721  -31.791 0.5714285970
67669  25.323  -1.117  -32.041 0.5714285970
67681  24.554  -1.059  -32.557 0.5714285970
67680  25.226  -0.814  -32.680 0.7142857313
68846  24.968  -0.402  -33.057 0.4285714328
68845  25.739  -0.200  -32.617 0.4285714328
65298  22.867  -2.839  -31.006 0.4285714328
66431  21.167  -2.195  -30.169 0.2857142985
66471  23.422  -1.283  -32.231 0.4285714328
68830  25.835  -0.301  -31.529 0.7142857313
70047  26.351  1.019  -33.654 0.7142857313
71262  24.743  1.870  -34.020 0.4285714328
71261  25.831  1.752  -34.175 0.7142857313
71277  25.167  2.623  -34.438 0.5714285970
72548  25.549  3.351  -34.782 0.7142857313
72549  24.515  3.581  -34.577 0.2857142985
71275  27.096  2.842  -34.689 0.7142857313
72563  25.844  4.029  -35.176 0.7142857313
72562  26.785  4.099  -35.296 0.7142857313
73779  26.172  4.803  -35.623 0.7142857313
72564  25.068  3.975  -34.984 0.4285714328
74900  25.525  5.571  -35.885 0.4285714328
72545  28.161  3.478  -35.259 0.5714285970
72561  27.625  4.047  -35.561 0.5714285970
73778  27.196  4.799  -35.771 0.7142857313
74899  26.647  5.701  -36.271 0.7142857313
75957  28.066  7.009  -37.149 0.7142857313
75959  26.177  6.556  -36.635 0.5714285970
75981  26.876  7.343  -37.868 0.5714285970
73794  29.802  5.255  -36.571 0.7142857313
74897  28.613  5.194  -36.275 0.5714285970
73777  28.072  4.640  -35.971 0.5714285970
74918  28.453  6.092  -36.529 0.7142857313
74898  27.766  5.462  -36.223 0.7142857313
75938  25.504  6.156  -36.248 0.4285714328
76982  27.917  7.751  -37.709 0.7142857313
75995  27.076  7.543  -38.391 0.7142857313
78088  27.473  8.571  -37.748 0.7142857313
75996  26.755  7.675  -38.229 0.5714285970
78097  26.786  8.445  -38.125 0.7142857313
74917  29.321  5.514  -36.576 0.5714285970
74919  27.510  6.314  -36.621 0.7142857313
76981  28.808  7.418  -37.279 0.8571428657
78087  28.386  8.102  -37.368 0.8571428657
79153  26.847  8.934  -37.772 0.5714285970
80191  26.145  10.035  -37.501 0.2857142985
76980  29.843  7.043  -37.636 0.7142857313
78072  27.872  8.739  -36.990 0.7142857313
81211  25.794  11.613  -37.225 0.7142857313
78071  28.840  8.483  -36.783 0.7142857313
78073  27.394  9.025  -37.245 0.8571428657
79145  26.844  9.400  -37.280 0.8571428657
82207  26.282  12.019  -36.171 0.8571428657
80182  26.950  9.961  -36.797 0.8571428657
80183  26.351  10.523  -37.061 0.5714285970
81210  26.229  11.521  -36.570 0.8571428657
81199  26.659  11.515  -36.051 0.8571428657
82208  25.859  12.566  -36.610 0.8571428657
83210  25.607  13.615  -36.370 0.8571428657
83217  25.222  13.563  -37.104 0.7142857313
86330  24.740  16.797  -36.774 0.7142857313
86339  24.638  16.804  -37.560 0.7142857313
87427  24.708  17.542  -37.145 0.5714285970
86352  24.601  16.972  -38.257 0.7142857313
87437  24.694  17.577  -37.900 0.7142857313
88436  24.771  18.130  -37.500 0.7142857313
88449  24.948  18.808  -37.534 0.8571428657
89467  25.255  19.579  -38.776 0.7142857313
87452  24.648  17.755  -38.740 0.7142857313
89482  25.037  19.794  -39.663 0.7142857313
90501  24.749  20.428  -40.218 0.7142857313
89483  24.442  19.409  -40.243 0.5714285970
90491  25.352  20.546  -39.340 0.7142857313
90502  24.240  20.362  -40.899 0.5714285970
91551  24.498  20.930  -40.719 0.5714285970
89497  23.826  19.727  -40.857 0.5714285970
91550  24.971  21.517  -40.278 0.5714285970
91559  24.063  21.415  -41.231 0.5714285970
90511  23.459  20.384  -41.200 0.4285714328
90512  22.511  20.264  -40.841 0.5714285970
91560  22.991  21.245  -41.052 0.5714285970
91558  24.473  22.045  -40.976 0.5714285970
91561  22.041  21.127  -40.318 0.4285714328
89500  21.182  19.064  -40.042 0.4285714328
92604  22.679  21.866  -40.656 0.5714285970
92584  22.124  22.296  -38.888 0.4285714328
71234  27.506  2.228  -31.897 0.2857142985
93601  22.727  22.578  -40.061 0.2857142985
92595  22.330  22.097  -39.929 0.4285714328
91542  21.744  21.576  -38.227 0.2857142985
61684  22.617  -4.819  -29.347 0.5714285970
66430  24.627  -2.147  -29.936 0.2857142985
64138  22.529  -3.956  -30.016 0.5714285970
66429  25.044  -1.542  -30.354 0.2857142985
66445  25.048  -1.624  -31.366 0.5714285970
64139  21.672  -3.633  -29.855 0.2857142985
65311  22.855  -2.095  -31.413 0.4285714328
66470  23.977  -1.252  -32.343 0.4285714328
66448  21.457  -1.585  -30.762 0.2857142985
66461  22.384  -1.445  -31.697 0.2857142985
70048  25.298  0.963  -33.619 0.5714285970
72511  28.042  3.251  -32.073 0.2857142985
71263  23.731  2.018  -33.932 0.2857142985
79146  26.392  9.817  -37.374 0.7142857313
84205  25.020  15.497  -36.589 0.7142857313
85278  24.698  15.993  -37.114 0.7142857313
89468  24.891  19.174  -39.433 0.7142857313
89484  23.757  19.120  -40.589 0.5714285970
90513  21.546  20.049  -40.279 0.2857142985
91527  26.101  21.244  -37.985 0.5714285970
91541  25.942  21.579  -38.803 0.5714285970
92593  25.699  22.611  -39.722 0.5714285970
92602  24.115  22.570  -41.303 0.2857142985
67682  23.612  -0.810  -32.666 0.4285714328
66412  24.530  -2.150  -29.323 0.2857142985
71260  27.100  1.856  -34.162 0.5714285970
75955  29.811  6.258  -37.189 0.7142857313
75956  29.136  6.635  -36.976 0.7142857313
80171  27.195  10.473  -36.052 0.7142857313
89451  25.359  19.514  -37.777 0.8571428657
70036  25.914  0.431  -33.267 0.5714285970
71274  27.601  3.044  -34.982 0.5714285970
64160  23.169  -3.299  -30.532 0.5714285970
64161  22.695  -3.413  -30.429 0.5714285970
66446  24.688  -2.168  -30.883 0.5714285970
65310  23.528  -2.406  -31.373 0.5714285970
65309  24.168  -2.560  -31.135 0.5714285970
61685  22.271  -5.027  -29.277 0.5714285970
66447  22.235  -2.002  -31.121 0.4285714328
66458  24.915  -1.586  -31.908 0.5714285970
67670  24.798  -1.443  -32.143 0.5714285970
66472  22.777  -1.261  -32.103 0.4285714328
68855  25.336  0.178  -33.243 0.5714285970
68856  24.596  0.324  -33.401 0.4285714328
70049  24.209  1.126  -33.784 0.4285714328
71276  26.214  2.601  -34.570 0.7142857313
71278  24.165  2.805  -34.113 0.2857142985
72547  26.476  3.400  -34.894 0.7142857313
72546  27.305  3.467  -35.102 0.7142857313
72560  28.215  4.101  -35.758 0.5714285970
74920  26.878  6.376  -36.689 0.7142857313
75958  27.095  6.912  -37.176 0.7142857313
75980  27.433  7.374  -37.910 0.7142857313
77004  26.362  7.773  -37.563 0.2857142985
79154  26.185  9.343  -37.572 0.5714285970
79155  24.934  9.452  -37.969 0.2857142985
80172  26.631  11.014  -36.446 0.8571428657
88450  24.819  18.325  -38.124 0.7142857313
88469  25.012  19.003  -38.207 0.7142857313
92603  23.378  22.298  -40.952 0.5714285970
67684  22.046  -0.692  -32.343 0.1428571492
68848  22.959  -0.080  -33.091 0.4285714328
59347  20.178  -7.415  -26.517 0.4285714328
66395  25.402  -1.278  -27.779 0.1428571492
67630  25.726  -0.532  -28.607 0.1428571492
68829  26.213  0.452  -31.053 0.1428571492
70002  26.588  1.174  -30.580 0.1428571492
67613  25.846  -0.746  -27.879 0.1428571492
68813  26.201  0.572  -30.068 0.1428571492
68778  26.153  0.112  -28.821 0.1428571492
70001  27.067  1.746  -31.095 0.1428571492
73738  28.563  4.003  -32.743 0.2857142985
73737  29.084  4.651  -33.275 0.1428571492
97159  26.697  28.224  -42.666 0.1428571492
82217  24.686  13.140  -38.231 0.4285714328
97986  25.376  28.579  -42.558 0.1428571492
84223  24.235  14.773  -38.535 0.4285714328
85289  24.547  15.983  -38.110 0.5714285970
86365  24.419  16.781  -38.878 0.4285714328
95454  24.187  25.332  -41.065 0.2857142985
93608  24.338  23.499  -41.046 0.2857142985
92601  24.770  22.635  -40.681 0.2857142985
94581  24.609  24.419  -40.674 0.2857142985
85303  21.966  15.500  -39.272 0.1428571492
88470  24.896  18.707  -38.816 0.5714285970
93609  23.697  23.394  -41.093 0.2857142985
86367  23.033  16.636  -39.600 0.4285714328
88487  23.948  18.375  -40.165 0.5714285970
87468  22.453  17.681  -39.901 0.4285714328
87482  22.144  18.228  -40.219 0.2857142985
93600  23.076  23.151  -40.204 0.1428571492
87484  21.248  17.970  -39.892 0.1428571492
89499  22.096  19.324  -40.569 0.4285714328
93589  22.564  22.682  -39.590 0.1428571492
94583  23.543  24.349  -40.632 0.1428571492
89501  21.066  18.620  -39.857 0.2857142985
92568  22.572  22.517  -37.703 0.1428571492
93588  22.663  23.202  -38.759 0.1428571492
94577  23.280  24.249  -39.512 0.1428571492
93573  23.038  23.393  -37.484 0.1428571492
61648  20.398  -5.641  -27.961 0.2857142985
68796  26.351  0.574  -29.216 0.1428571492
91526  26.702  21.693  -37.588 0.4285714328
93599  25.977  23.656  -39.514 0.2857142985
61649  19.424  -5.776  -27.051 0.2857142985
61630  24.507  -5.250  -26.468 0.1428571492
65222  25.392  -2.344  -26.637 0.1428571492
87470  20.952  17.652  -39.577 0.1428571492
83218  24.676  13.730  -37.883 0.4285714328
86368  21.834  16.525  -39.473 0.2857142985
88503  23.332  18.734  -40.479 0.5714285970
95455  23.558  25.578  -41.092 0.2857142985
94576  25.493  24.512  -39.922 0.2857142985
96332  24.695  26.258  -40.967 0.1428571492
97145  24.126  26.759  -41.748 0.1428571492
96331  25.679  26.930  -40.567 0.1428571492
97143  25.892  27.566  -41.109 0.1428571492
96321  25.487  26.126  -40.231 0.1428571492
74876  29.679  5.458  -33.718 0.2857142985
95453  25.012  25.353  -40.394 0.1428571492
60540  21.467  -6.628  -27.659 0.4285714328
59366  20.569  -7.098  -26.928 0.4285714328
72525  28.364  3.138  -33.252 0.4285714328
92582  26.271  22.438  -38.876 0.4285714328
85300  24.186  15.858  -38.979 0.4285714328
87466  24.292  17.547  -39.527 0.5714285970
92594  22.827  22.408  -40.437 0.2857142985
84215  24.801  14.781  -37.242 0.5714285970
88486  24.581  18.472  -39.528 0.5714285970
67629  26.230  -0.069  -28.382 0.1428571492
69987  27.118  1.755  -30.008 0.1428571492
84233  23.954  15.274  -39.137 0.2857142985
94582  23.929  24.422  -41.230 0.2857142985
93607  25.175  23.549  -40.349 0.2857142985
86366  23.929  16.655  -39.468 0.4285714328
87467  23.503  17.511  -39.817 0.4285714328
88488  23.185  18.177  -40.178 0.5714285970
88505  21.813  18.600  -40.328 0.4285714328
60542  19.846  -6.408  -26.953 0.2857142985
71219  27.600  2.511  -30.597 0.1428571492
83226  24.216  13.665  -38.503 0.2857142985
97144  24.996  27.234  -41.215 0.1428571492
76983  26.493  7.216  -37.220 0.4285714328
96309  23.569  26.333  -39.550 0.1428571492
96323  23.220  26.695  -40.638 0.1428571492
94561  23.346  24.250  -38.210 0.1428571492
95446  23.487  25.388  -40.110 0.1428571492
95429  23.533  25.270  -38.893 0.1428571492
96292  23.821  26.174  -38.516 0.1428571492
96322  23.462  27.390  -39.922 0.1428571492
96291  24.198  26.794  -37.699 0.1428571492
96308  23.938  27.272  -39.028 0.1428571492
78098  26.074  8.521  -37.562 0.2857142985
97135  23.030  27.788  -40.414 0.1428571492
96334  22.756  26.755  -41.836 0.1428571492
61665  22.986  -5.244  -29.009 0.4285714328
61646  23.641  -5.099  -27.948 0.2857142985
62968  23.401  -4.462  -28.927 0.2857142985
64118  23.694  -3.771  -28.855 0.2857142985
60556  22.431  -6.077  -28.548 0.2857142985
89498  23.083  19.411  -40.872 0.4285714328
60555  22.791  -5.808  -28.815 0.4285714328
64097  23.877  -3.732  -28.121 0.1428571492
62948  23.688  -4.270  -28.278 0.1428571492
62986  22.879  -4.471  -29.477 0.4285714328
60538  23.106  -5.904  -28.298 0.2857142985
61647  21.057  -5.925  -28.184 0.2857142985
61667  21.541  -5.702  -28.536 0.2857142985
61686  21.783  -5.225  -29.075 0.2857142985
68847  24.060  -0.320  -33.139 0.2857142985
68857  23.645  0.470  -33.528 0.2857142985
70050  23.235  1.293  -33.802 0.2857142985
73764  24.454  4.329  -34.882 0.1428571492
73780  25.064  4.747  -35.291 0.2857142985
75960  24.990  6.660  -36.384 0.1428571492
79156  24.258  8.950  -37.959 0.1428571492
80192  25.569  10.468  -37.826 0.1428571492
81220  25.412  11.518  -37.837 0.1428571492
80199  24.580  10.499  -38.295 0.1428571492
82225  25.057  12.019  -38.204 0.1428571492
82226  24.393  12.536  -38.494 0.1428571492
84234  23.501  14.767  -39.267 0.1428571492
85301  23.605  15.790  -39.406 0.1428571492
84235  22.596  14.738  -39.340 0.1428571492
91562  21.252  20.551  -39.417 0.1428571492
89485  20.741  18.951  -39.097 0.1428571492
91553  21.241  20.772  -38.358 0.1428571492
91552  21.673  21.469  -39.215 0.1428571492
60522  20.108  -6.794  -26.852 0.2857142985
60557  22.026  -6.274  -28.201 0.1428571492
82216  25.248  12.610  -37.792 0.2857142985
85302  22.761  15.643  -39.505 0.1428571492
60523  19.472  -6.515  -26.578 0.2857142985
67683  22.684  -0.771  -32.496 0.2857142985
68858  22.850  0.731  -33.461 0.2857142985
73781  23.976  4.949  -35.147 0.1428571492
76984  25.702  7.333  -36.871 0.1428571492
77005  25.298  7.981  -37.198 0.1428571492
79164  24.258  9.928  -38.303 0.1428571492
80200  23.743  10.458  -38.402 0.1428571492
90514  20.986  19.723  -39.523 0.1428571492
70037  22.280  0.667  -33.021 0.2857142985
74901  24.469  5.572  -35.588 0.1428571492
89486  20.877  18.683  -39.619 0.1428571492
61668  20.895  -5.528  -28.338 0.2857142985
81229  24.859  11.397  -38.265 0.1428571492
79165  23.699  9.472  -38.070 0.1428571492
60524  18.954  -6.661  -26.135 0.1428571492
61618  18.288  -6.186  -25.955 0.1428571492
61650  18.858  -5.486  -26.791 0.1428571492
62969  21.288  -4.991  -28.928 0.1428571492
74886  29.883  5.040  -34.666 0.1428571492
74875  30.030  6.016  -33.894 0.1428571492
89422  28.922  19.564  -34.993 0.1428571492
59329  19.271  -7.728  -25.667 0.1428571492
62950  19.590  -4.659  -27.836 0.1428571492
62970  20.601  -4.786  -28.569 0.1428571492
62988  21.549  -4.571  -29.314 0.1428571492
62949  20.143  -4.910  -28.173 0.1428571492
65283  20.862  -2.867  -29.696 0.1428571492
88404  28.895  18.450  -34.470 0.1428571492
90453  29.187  20.469  -35.526 0.1428571492
74885  30.376  5.769  -34.584 0.1428571492
66462  21.812  -1.312  -31.329 0.1428571492
60541  20.379  -6.518  -27.274 0.1428571492
61633  18.582  -5.882  -26.366 0.1428571492
64140  20.629  -3.890  -29.121 0.1428571492
58106  20.218  -8.079  -26.162 0.1428571492
59348  19.423  -7.221  -26.153 0.1428571492
60504  22.998  -7.150  -26.149 0.2857142985
60539  22.611  -6.501  -27.891 0.1428571492
61632  19.166  -6.041  -26.653 0.1428571492
61666  22.320  -5.601  -28.990 0.4285714328
62989  21.013  -4.565  -28.995 0.1428571492
64136  23.869  -3.313  -29.370 0.5714285970
65242  24.470  -2.511  -27.884 0.2857142985
67671  22.256  -1.022  -32.161 0.4285714328
74895  30.573  5.441  -36.385 0.8571428657
74896  28.975  5.034  -36.334 0.5714285970
74914  31.518  6.077  -36.252 0.5714285970
74934  30.998  5.894  -37.091 0.8571428657
74935  30.617  6.190  -37.242 0.8571428657
75936  31.541  6.131  -35.605 0.1428571492
75937  25.945  5.952  -36.337 0.4285714328
75975  33.255  7.196  -37.140 0.4285714328
75977  31.681  6.929  -37.279 0.5714285970
75979  30.329  6.507  -37.431 0.8571428657
76965  31.215  7.993  -37.132 0.5714285970
76976  33.787  7.854  -37.065 0.1428571492
76977  32.045  8.053  -37.537 0.5714285970
76978  31.510  7.970  -37.380 0.5714285970
77003  27.340  7.940  -38.302 0.7142857313
77022  26.867  7.937  -38.482 0.5714285970
77023  26.593  8.010  -38.179 0.5714285970
78081  34.213  8.620  -37.192 0.1428571492
78095  32.850  7.960  -37.605 0.4285714328
78096  32.706  8.105  -37.589 0.4285714328
78109  26.721  8.147  -38.373 0.7142857313
78110  26.639  8.234  -38.135 0.2857142985
79135  27.326  9.421  -36.699 0.8571428657
80170  27.747  10.009  -35.581 0.8571428657
80184  25.798  11.027  -37.514 0.1428571492
81164  29.646  12.053  -34.149 0.5714285970
81165  29.015  12.134  -34.068 0.8571428657
82160  28.795  12.739  -33.941 0.8571428657
82174  30.745  12.355  -34.523 0.1428571492
82192  27.126  12.049  -35.201 0.8571428657
82194  25.904  13.063  -36.002 0.8571428657
83176  30.332  13.446  -34.434 0.1428571492
83178  27.839  13.446  -34.221 0.8571428657
83236  23.094  14.281  -39.272 0.1428571492
84150  29.066  14.192  -33.856 0.2857142985
84170  28.926  13.774  -33.869 0.2857142985
85218  29.894  14.246  -34.260 0.1428571492
86316  26.243  16.859  -34.933 0.8571428657
86329  25.150  16.742  -36.124 0.7142857313
87426  25.046  17.539  -36.442 0.8571428657
87469  21.536  17.503  -39.727 0.1428571492
87483  21.734  18.062  -40.067 0.2857142985
88435  24.998  18.366  -36.817 0.7142857313
88504  22.591  18.586  -40.418 0.5714285970
88506  21.298  18.429  -40.035 0.1428571492
89417  26.185  18.652  -35.420 0.8571428657
89436  25.767  19.826  -36.652 0.8571428657
91528  22.784  22.129  -37.164 0.1428571492
92565  28.640  22.779  -36.876 0.2857142985
92566  27.896  22.650  -37.116 0.4285714328
93572  27.993  23.288  -37.557 0.2857142985
94543  28.654  23.853  -37.659 0.1428571492
97147  22.583  27.724  -41.081 0.1428571492
