#!ascii label  , from subject sub.01.dh.02 vox2ras=TkReg
946
97227  41.824  2.000  29.040 0.0000000000
97306  46.567  2.917  17.318 0.0000000000
99848  42.311  5.441  18.474 0.0000000000
92646  48.911  -2.298  8.670 0.0000000000
95471  39.977  0.680  20.824 0.0000000000
101928  47.121  8.505  21.864 0.0000000000
96485  48.705  1.572  11.494 0.0000000000
97369  37.537  2.058  10.180 0.0000000000
98109  50.534  3.837  23.700 0.0000000000
98133  44.592  3.897  22.297 0.0000000000
93598  43.325  -1.357  16.846 0.0000000000
101981  38.879  8.157  13.468 0.0000000000
98229  41.503  2.853  10.706 0.0000000000
99857  47.543  5.247  17.573 0.0000000000
98240  46.670  3.732  10.243 0.0000000000
99930  38.636  4.628  8.412 0.0000000000
99767  45.731  5.448  26.692 0.0000000000
98943  42.783  4.427  25.979 0.0000000000
94578  42.170  -0.914  19.253 0.0000000000
101945  42.418  8.476  18.315 0.0000000000
102726  41.964  9.183  14.802 0.0000000000
100581  39.637  6.792  16.715 0.0000000000
99080  39.023  4.636  13.817 0.0000000000
99077  41.702  4.409  14.260 0.0000000000
98159  48.105  3.499  19.685 0.0000000000
99001  49.022  4.659  20.585 0.0000000000
98171  48.553  4.450  17.218 0.0000000000
95609  51.083  0.354  8.853 0.0000000000
98238  48.635  3.761  10.772 0.0000000000
96531  48.983  1.665  8.483 0.0000000000
97388  46.235  2.844  8.345 0.0000000000
93663  47.408  -1.301  9.486 0.0000000000
91592  44.642  -4.038  10.897 0.0000000000
96345  38.777  0.717  26.488 0.0000000000
98114  39.615  2.992  24.354 0.0000000000
101217  43.785  7.236  20.305 0.0000000000
95544  45.879  0.271  13.909 0.0000000000
97336  46.998  2.306  13.766 0.0000000000
94663  47.744  -0.344  11.925 0.0000000000
93660  51.488  -1.493  10.375 0.0000000000
100520  51.707  6.244  26.185 0.0000000000
99763  49.780  5.446  26.960 0.0000000000
98121  47.536  3.785  23.339 0.0000000000
97295  45.405  2.075  19.317 0.0000000000
98149  42.100  3.303  21.571 0.0000000000
96390  43.720  1.391  19.327 0.0000000000
96427  44.484  1.140  16.565 0.0000000000
92588  45.299  -2.400  14.512 0.0000000000
96335  37.099  1.258  27.487 0.0000000000
102028  42.773  8.327  10.275 0.0000000000
102046  39.903  7.579  8.902 0.0000000000
100610  38.050  5.325  11.421 0.0000000000
97344  39.511  2.657  11.554 0.0000000000
95574  41.615  0.928  9.922 0.0000000000
100544  48.844  6.238  23.865 0.0000000000
99829  46.227  5.542  21.492 0.0000000000
99034  45.117  4.524  17.563 0.0000000000
99085  48.297  4.309  13.819 0.0000000000
99087  46.853  4.618  13.699 0.0000000000
99074  44.769  4.361  14.543 0.0000000000
98227  43.655  3.565  10.752 0.0000000000
97378  43.512  2.100  8.374 0.0000000000
99936  37.797  4.694  7.941 0.0000000000
100635  38.580  5.680  7.829 0.0000000000
98082  43.262  3.997  27.367 0.0000000000
98083  42.545  3.417  27.068 0.0000000000
100560  41.947  7.009  19.256 0.0000000000
101228  41.232  8.048  17.854 0.0000000000
99859  41.129  5.787  17.580 0.0000000000
99883  40.388  5.058  15.338 0.0000000000
99050  42.161  4.735  15.893 0.0000000000
98165  47.317  3.272  18.963 0.0000000000
98164  48.207  3.696  18.610 0.0000000000
98181  47.367  3.458  16.931 0.0000000000
93678  50.324  -1.058  8.596 0.0000000000
95610  49.957  0.707  8.326 0.0000000000
94689  48.772  -0.289  8.388 0.0000000000
95612  48.296  0.681  8.762 0.0000000000
92637  47.409  -2.273  9.030 0.0000000000
92638  46.806  -2.642  9.121 0.0000000000
91600  47.512  -3.614  9.091 0.0000000000
96357  38.133  1.405  24.630 0.0000000000
101938  45.317  8.781  19.908 0.0000000000
101930  45.782  8.131  21.158 0.0000000000
93643  46.524  -1.255  13.042 0.0000000000
94655  47.098  -0.360  12.613 0.0000000000
93642  47.267  -1.356  12.369 0.0000000000
92626  50.893  -2.337  10.727 0.0000000000
92613  52.203  -2.891  10.511 0.0000000000
93670  52.016  -1.429  9.469 0.0000000000
98963  45.685  5.056  24.260 0.0000000000
98962  46.549  4.874  24.382 0.0000000000
98132  45.708  3.842  22.714 0.0000000000
97274  46.703  2.984  21.475 0.0000000000
97275  45.771  2.763  21.274 0.0000000000
97281  39.355  2.367  21.920 0.0000000000
98137  40.576  3.760  22.476 0.0000000000
97291  40.870  1.639  20.890 0.0000000000
94603  42.689  -0.807  18.044 0.0000000000
96391  43.103  1.094  19.526 0.0000000000
95507  43.453  0.289  17.417 0.0000000000
96416  44.261  1.175  17.625 0.0000000000
94615  43.823  -0.457  16.333 0.0000000000
94638  44.590  -0.313  15.171 0.0000000000
92572  44.122  -2.365  15.695 0.0000000000
90451  46.654  -4.381  15.481 0.0000000000
101979  40.392  8.879  14.263 0.0000000000
102760  42.179  8.959  12.813 0.0000000000
101999  40.568  8.618  12.098 0.0000000000
102044  41.516  8.241  8.931 0.0000000000
102014  39.667  8.114  10.541 0.0000000000
101278  38.529  6.906  10.922 0.0000000000
101270  38.527  7.440  12.082 0.0000000000
98202  40.510  3.604  12.663 0.0000000000
98216  39.313  3.217  12.208 0.0000000000
98230  40.776  2.571  11.079 0.0000000000
96508  40.114  1.386  9.823 0.0000000000
96506  41.497  2.032  9.507 0.0000000000
99797  51.068  5.117  24.726 0.0000000000
100533  50.178  6.011  24.953 0.0000000000
99814  50.287  4.974  23.413 0.0000000000
99009  48.232  4.764  19.309 0.0000000000
99834  47.738  4.947  20.941 0.0000000000
99010  47.414  4.774  19.295 0.0000000000
99012  45.482  4.687  19.313 0.0000000000
99033  46.087  4.731  17.648 0.0000000000
97343  47.989  2.455  12.411 0.0000000000
98200  48.031  3.369  13.822 0.0000000000
97342  48.634  2.951  12.267 0.0000000000
98239  47.696  4.072  10.637 0.0000000000
99102  47.620  4.473  12.687 0.0000000000
99103  46.621  4.223  12.650 0.0000000000
99073  45.904  4.648  14.665 0.0000000000
99104  45.518  3.905  12.370 0.0000000000
99105  44.248  3.937  12.618 0.0000000000
98241  45.612  3.499  10.037 0.0000000000
96501  46.744  1.253  9.845 0.0000000000
97389  44.810  2.837  8.330 0.0000000000
96488  45.185  1.291  11.004 0.0000000000
96489  43.823  1.265  11.221 0.0000000000
102661  49.342  8.973  22.504 0.0000000000
98261  37.645  3.415  8.624 0.0000000000
99130  38.209  3.941  9.794 0.0000000000
98894  46.304  5.227  28.544 0.0000000000
98909  44.890  4.754  27.864 0.0000000000
99784  44.055  5.239  25.596 0.0000000000
98981  43.266  4.822  23.765 0.0000000000
95469  41.508  0.181  20.117 0.0000000000
101957  42.096  9.061  16.831 0.0000000000
101959  40.473  8.510  16.093 0.0000000000
101246  39.229  7.861  15.329 0.0000000000
100597  38.565  6.556  14.449 0.0000000000
100596  39.066  6.137  15.141 0.0000000000
99078  40.706  4.373  14.326 0.0000000000
99108  41.759  4.024  12.641 0.0000000000
98128  49.942  3.650  22.171 0.0000000000
98996  49.945  4.419  21.789 0.0000000000
98153  49.291  4.186  20.134 0.0000000000
98162  49.044  4.606  18.817 0.0000000000
99855  48.586  5.154  17.184 0.0000000000
96500  50.090  1.383  10.275 0.0000000000
98221  49.339  2.906  11.248 0.0000000000
97363  49.589  2.402  10.066 0.0000000000
97374  49.107  2.574  9.136 0.0000000000
98266  47.876  3.462  8.601 0.0000000000
98268  46.466  3.254  8.262 0.0000000000
97387  47.211  2.752  8.038 0.0000000000
95598  47.831  0.671  9.343 0.0000000000
94664  46.824  -0.714  10.493 0.0000000000
90528  45.661  -4.633  9.998 0.0000000000
96331  40.488  1.618  27.917 0.0000000000
97258  40.678  2.609  26.104 0.0000000000
97259  39.890  2.116  25.936 0.0000000000
97268  38.532  2.200  23.699 0.0000000000
96372  38.984  1.371  21.624 0.0000000000
102688  44.548  9.174  18.941 0.0000000000
101940  43.344  8.332  19.196 0.0000000000
99843  42.995  5.714  19.395 0.0000000000
96450  45.879  1.695  14.772 0.0000000000
97321  46.474  2.670  15.388 0.0000000000
96462  46.423  1.683  13.887 0.0000000000
95553  47.521  0.654  12.380 0.0000000000
95569  48.248  0.661  11.635 0.0000000000
92616  49.221  -2.474  11.131 0.0000000000
94671  49.106  -0.908  10.766 0.0000000000
95567  49.729  0.682  10.715 0.0000000000
94679  51.512  -0.014  9.785 0.0000000000
92643  51.550  -1.625  8.903 0.0000000000
92635  49.868  -2.544  9.160 0.0000000000
90525  48.220  -4.069  9.527 0.0000000000
99761  51.237  5.304  26.449 0.0000000000
98959  49.756  4.102  24.900 0.0000000000
99765  47.618  5.473  26.791 0.0000000000
98960  48.723  4.238  24.571 0.0000000000
98120  48.863  3.697  23.549 0.0000000000
98143  48.015  3.450  21.695 0.0000000000
97293  47.303  3.111  20.226 0.0000000000
97297  46.543  2.806  18.344 0.0000000000
98112  41.049  3.841  24.911 0.0000000000
98991  41.952  4.335  22.914 0.0000000000
98148  43.126  3.377  21.530 0.0000000000
95468  42.150  0.659  20.043 0.0000000000
97288  43.110  2.176  20.394 0.0000000000
97287  44.104  2.194  20.434 0.0000000000
96377  44.887  1.796  19.565 0.0000000000
96415  45.112  1.829  18.043 0.0000000000
96438  45.214  1.541  15.773 0.0000000000
95526  45.018  0.838  15.079 0.0000000000
93634  45.489  -1.285  14.127 0.0000000000
92596  46.225  -2.452  13.583 0.0000000000
91535  45.142  -3.784  15.266 0.0000000000
91551  46.075  -3.551  14.080 0.0000000000
96333  39.038  1.382  28.285 0.0000000000
95423  37.810  0.627  27.426 0.0000000000
95435  35.717  0.284  26.737 0.0000000000
102010  43.994  8.454  11.324 0.0000000000
101296  43.189  7.706  8.326 0.0000000000
101299  38.965  6.159  9.034 0.0000000000
99915  38.390  5.201  10.186 0.0000000000
99120  37.912  3.928  11.142 0.0000000000
99902  38.142  5.237  12.601 0.0000000000
98217  38.517  3.409  11.869 0.0000000000
97356  38.036  2.667  10.773 0.0000000000
101921  47.857  7.896  23.028 0.0000000000
99826  48.872  4.955  21.626 0.0000000000
99822  47.464  5.682  22.380 0.0000000000
101209  45.989  7.183  22.152 0.0000000000
100553  45.142  6.479  21.382 0.0000000000
99842  43.913  5.432  19.684 0.0000000000
99023  43.338  4.841  18.165 0.0000000000
97320  47.288  3.262  14.997 0.0000000000
99056  48.381  4.609  15.785 0.0000000000
99879  48.363  5.062  15.498 0.0000000000
99101  48.415  4.301  12.761 0.0000000000
99071  48.094  4.941  14.560 0.0000000000
99893  47.566  5.304  15.691 0.0000000000
99059  45.947  4.871  15.738 0.0000000000
99060  44.917  4.442  15.574 0.0000000000
99049  42.840  4.741  16.263 0.0000000000
99076  42.644  4.513  14.342 0.0000000000
99106  43.171  4.082  12.603 0.0000000000
98228  42.534  3.504  10.694 0.0000000000
98269  45.212  3.045  8.369 0.0000000000
98270  44.108  3.028  8.117 0.0000000000
98259  42.753  2.639  8.576 0.0000000000
96521  43.056  1.599  8.806 0.0000000000
91583  44.274  -3.607  11.634 0.0000000000
100644  38.505  6.169  7.442 0.0000000000
100650  38.988  5.964  6.041 0.0000000000
97234  42.305  2.520  28.821 0.0000000000
98072  42.805  3.153  28.402 0.0000000000
97245  42.276  2.719  28.044 0.0000000000
100562  41.885  6.356  18.961 0.0000000000
100570  41.108  6.510  18.223 0.0000000000
99870  41.335  5.040  16.231 0.0000000000
99858  42.075  5.030  17.085 0.0000000000
98173  47.366  3.396  17.952 0.0000000000
97314  46.562  2.918  16.350 0.0000000000
93679  49.341  -1.199  8.398 0.0000000000
94688  49.680  -0.211  8.234 0.0000000000
93680  48.406  -1.339  8.558 0.0000000000
92647  47.924  -2.276  8.823 0.0000000000
92648  47.345  -2.695  8.855 0.0000000000
91607  47.720  -2.957  8.828 0.0000000000
102670  47.700  8.899  21.635 0.0000000000
101932  47.049  8.764  21.342 0.0000000000
101933  46.437  8.693  20.835 0.0000000000
101929  46.382  8.244  21.580 0.0000000000
92606  46.863  -2.388  12.837 0.0000000000
92605  47.568  -2.441  12.207 0.0000000000
91578  51.722  -3.304  10.862 0.0000000000
90502  51.492  -4.138  10.787 0.0000000000
91588  51.780  -3.278  9.834 0.0000000000
98988  44.813  4.371  22.933 0.0000000000
98123  45.981  4.216  23.258 0.0000000000
98145  46.225  3.188  22.038 0.0000000000
98146  45.198  3.234  21.858 0.0000000000
96371  39.829  1.424  21.099 0.0000000000
97280  40.600  2.218  21.241 0.0000000000
96370  40.517  1.487  20.890 0.0000000000
95508  42.883  -0.127  17.875 0.0000000000
94602  43.020  -0.667  17.379 0.0000000000
94616  43.438  -0.479  16.818 0.0000000000
93597  43.596  -0.922  16.513 0.0000000000
93610  43.795  -1.397  16.125 0.0000000000
101980  39.484  8.492  13.988 0.0000000000
101987  40.507  8.767  13.235 0.0000000000
101988  39.544  8.481  12.880 0.0000000000
102013  40.577  8.404  10.936 0.0000000000
102000  39.311  8.204  11.801 0.0000000000
101269  38.891  7.837  11.712 0.0000000000
101989  38.820  8.033  12.647 0.0000000000
98215  40.415  3.025  11.759 0.0000000000
97353  40.924  2.262  10.645 0.0000000000
98245  41.818  2.632  9.873 0.0000000000
98974  50.720  4.365  23.664 0.0000000000
99813  50.630  4.777  23.851 0.0000000000
98975  50.549  4.529  23.228 0.0000000000
99018  48.004  5.040  18.387 0.0000000000
99019  47.136  4.834  18.531 0.0000000000
99020  46.244  4.666  18.522 0.0000000000
99032  47.004  4.997  17.732 0.0000000000
97352  48.457  2.268  11.853 0.0000000000
98223  47.377  4.112  11.127 0.0000000000
99117  47.395  4.223  11.622 0.0000000000
98224  46.922  3.942  11.140 0.0000000000
99118  46.377  3.977  11.839 0.0000000000
99119  45.899  3.890  11.854 0.0000000000
98210  45.414  3.771  11.859 0.0000000000
98225  45.781  3.831  11.333 0.0000000000
95586  46.234  0.687  10.709 0.0000000000
96502  45.940  1.412  10.159 0.0000000000
96487  45.805  0.966  10.799 0.0000000000
99935  38.315  4.459  7.632 0.0000000000
99148  38.094  3.399  6.972 0.0000000000
99136  38.490  3.795  8.171 0.0000000000
98247  37.774  3.588  9.528 0.0000000000
99129  38.438  3.928  9.140 0.0000000000
98896  45.110  4.438  28.948 0.0000000000
98910  44.172  4.298  28.500 0.0000000000
98925  43.215  4.248  26.815 0.0000000000
98924  43.963  4.588  27.321 0.0000000000
98942  43.609  4.831  26.183 0.0000000000
98965  43.668  5.194  24.937 0.0000000000
102698  43.659  9.175  17.885 0.0000000000
102703  43.384  9.332  17.247 0.0000000000
101949  42.409  8.882  17.493 0.0000000000
100572  40.054  7.057  17.324 0.0000000000
101951  40.794  8.421  16.824 0.0000000000
101237  40.225  8.037  16.762 0.0000000000
101960  39.800  8.385  15.605 0.0000000000
101238  39.614  7.777  16.266 0.0000000000
100588  39.166  6.817  15.646 0.0000000000
99872  39.563  6.313  16.198 0.0000000000
99064  41.124  4.553  14.967 0.0000000000
99092  41.501  4.080  13.227 0.0000000000
98142  49.138  3.587  21.403 0.0000000000
98141  49.892  3.969  21.235 0.0000000000
98154  49.049  3.752  20.381 0.0000000000
98172  48.157  3.853  17.563 0.0000000000
98163  48.757  4.373  18.350 0.0000000000
99030  48.812  4.826  17.585 0.0000000000
99043  48.670  4.764  16.701 0.0000000000
96515  50.762  0.953  9.708 0.0000000000
96516  50.052  1.628  9.497 0.0000000000
97385  49.025  2.156  8.617 0.0000000000
97375  48.374  3.125  8.809 0.0000000000
97386  48.098  2.807  8.258 0.0000000000
97397  47.479  3.259  7.961 0.0000000000
96532  47.929  1.878  8.592 0.0000000000
94672  47.692  -0.505  9.372 0.0000000000
95584  47.573  0.225  9.829 0.0000000000
94673  47.384  -0.642  9.987 0.0000000000
92628  46.385  -2.549  9.716 0.0000000000
90527  46.224  -4.534  9.593 0.0000000000
91602  45.700  -3.836  9.695 0.0000000000
96344  39.583  1.228  26.836 0.0000000000
97248  40.330  2.019  26.613 0.0000000000
97263  38.788  2.189  24.482 0.0000000000
96362  38.015  1.598  23.233 0.0000000000
97271  38.544  2.117  22.651 0.0000000000
96365  38.318  1.312  22.253 0.0000000000
101935  44.703  8.261  20.215 0.0000000000
101939  44.299  8.552  19.570 0.0000000000
101219  44.093  7.885  20.159 0.0000000000
101220  43.342  7.594  19.813 0.0000000000
100558  43.328  6.478  19.991 0.0000000000
95534  45.931  1.004  14.016 0.0000000000
95554  46.955  0.338  12.879 0.0000000000
94662  48.700  -0.346  11.159 0.0000000000
92617  48.324  -2.482  11.622 0.0000000000
93661  50.474  -1.369  10.487 0.0000000000
93662  49.515  -1.459  10.723 0.0000000000
94670  49.799  -0.380  10.578 0.0000000000
94669  51.124  -0.481  10.082 0.0000000000
95583  50.477  0.422  10.272 0.0000000000
94668  51.803  -0.972  10.067 0.0000000000
91596  51.215  -3.154  9.381 0.0000000000
92633  51.838  -2.300  9.048 0.0000000000
92634  50.846  -2.537  8.959 0.0000000000
92644  51.032  -1.782  8.811 0.0000000000
91597  50.499  -3.054  9.417 0.0000000000
90524  49.258  -3.736  9.676 0.0000000000
99749  50.114  5.830  27.756 0.0000000000
100496  50.780  6.177  27.893 0.0000000000
98922  50.425  5.140  26.588 0.0000000000
98921  50.849  4.950  26.388 0.0000000000
98939  50.167  4.638  25.967 0.0000000000
99753  45.987  5.341  27.568 0.0000000000
99752  46.880  5.364  27.607 0.0000000000
99766  46.644  5.448  26.684 0.0000000000
98977  47.064  4.311  23.860 0.0000000000
98961  47.555  4.773  24.608 0.0000000000
98976  47.985  4.221  23.908 0.0000000000
98111  49.388  3.830  24.288 0.0000000000
98129  49.055  3.521  22.413 0.0000000000
98130  47.922  3.532  22.623 0.0000000000
97285  46.481  2.742  20.667 0.0000000000
97284  47.318  3.159  21.076 0.0000000000
97294  46.439  2.653  19.518 0.0000000000
98099  40.644  3.047  25.511 0.0000000000
98098  41.371  3.473  25.835 0.0000000000
98113  40.364  3.394  24.623 0.0000000000
98136  41.551  3.826  22.258 0.0000000000
98992  41.079  4.258  22.969 0.0000000000
98135  42.546  3.899  22.188 0.0000000000
95479  41.973  -0.111  19.800 0.0000000000
96381  41.808  1.170  20.343 0.0000000000
95477  43.283  0.830  19.058 0.0000000000
96379  43.487  1.689  19.897 0.0000000000
97277  43.659  2.787  20.967 0.0000000000
96378  44.312  1.806  19.790 0.0000000000
96401  44.615  1.548  18.538 0.0000000000
96426  45.079  1.780  17.052 0.0000000000
96439  44.575  0.925  15.991 0.0000000000
95527  44.601  0.481  15.507 0.0000000000
93623  44.960  -1.584  14.685 0.0000000000
94637  44.976  -0.567  14.604 0.0000000000
92597  45.745  -2.089  13.991 0.0000000000
92587  45.751  -2.807  14.148 0.0000000000
90452  45.789  -4.262  15.537 0.0000000000
90470  46.084  -4.163  14.788 0.0000000000
90469  46.769  -4.336  14.433 0.0000000000
97230  39.095  1.923  28.499 0.0000000000
97239  37.637  2.173  27.660 0.0000000000
96334  38.087  1.322  27.922 0.0000000000
95424  36.989  0.388  27.260 0.0000000000
102011  42.905  8.613  11.279 0.0000000000
101997  43.160  8.862  12.070 0.0000000000
102027  43.860  8.129  10.385 0.0000000000
102042  43.694  7.853  9.505 0.0000000000
101295  43.759  7.675  8.733 0.0000000000
102043  42.710  8.008  9.172 0.0000000000
102030  40.602  8.224  9.782 0.0000000000
101309  40.194  7.328  7.834 0.0000000000
101310  39.600  6.481  7.493 0.0000000000
101298  39.468  7.005  8.834 0.0000000000
100609  38.036  5.996  11.700 0.0000000000
100615  38.339  5.989  10.545 0.0000000000
100616  38.143  5.379  10.953 0.0000000000
99916  38.216  4.802  10.575 0.0000000000
99111  38.024  4.428  11.331 0.0000000000
99896  38.501  5.412  13.684 0.0000000000
99109  38.733  3.785  12.540 0.0000000000
97345  38.748  2.834  11.509 0.0000000000
97346  38.319  3.079  11.370 0.0000000000
97355  39.029  2.274  10.954 0.0000000000
97368  38.453  1.813  10.426 0.0000000000
97367  39.549  1.717  10.391 0.0000000000
96524  40.710  1.221  9.638 0.0000000000
101182  51.657  7.403  26.010 0.0000000000
100534  49.470  6.128  24.424 0.0000000000
101193  50.010  7.166  24.909 0.0000000000
101194  49.215  7.126  24.334 0.0000000000
101920  48.542  8.040  23.470 0.0000000000
101205  47.869  7.229  23.418 0.0000000000
98997  49.434  4.627  21.300 0.0000000000
99825  49.497  4.773  21.926 0.0000000000
99835  46.919  5.041  20.855 0.0000000000
99827  47.973  5.211  21.699 0.0000000000
99828  47.041  5.460  21.759 0.0000000000
100548  46.821  6.375  22.557 0.0000000000
100552  45.753  6.413  21.896 0.0000000000
99830  45.572  5.757  21.298 0.0000000000
99021  45.299  4.554  18.473 0.0000000000
99841  44.845  5.226  19.888 0.0000000000
99022  44.208  4.697  18.529 0.0000000000
99847  43.245  5.017  18.971 0.0000000000
97328  46.734  2.470  14.467 0.0000000000
97327  47.467  2.938  14.158 0.0000000000
98193  48.340  3.982  14.311 0.0000000000
98194  47.894  3.671  14.627 0.0000000000
99070  48.218  4.617  14.871 0.0000000000
98237  49.347  3.114  10.786 0.0000000000
98222  48.833  3.466  11.741 0.0000000000
99086  47.817  4.717  13.726 0.0000000000
99072  47.166  5.062  14.892 0.0000000000
99058  46.821  5.197  16.059 0.0000000000
99048  43.950  4.611  16.429 0.0000000000
99061  43.820  4.527  15.419 0.0000000000
99062  42.820  4.619  15.264 0.0000000000
99075  43.672  4.441  14.428 0.0000000000
98212  43.912  3.715  11.767 0.0000000000
98213  42.833  3.825  11.750 0.0000000000
98256  45.433  3.281  8.983 0.0000000000
97377  44.366  2.523  8.597 0.0000000000
97390  43.804  2.561  8.251 0.0000000000
98258  43.353  3.064  8.674 0.0000000000
97391  42.977  2.141  8.121 0.0000000000
97392  42.442  2.225  8.483 0.0000000000
97379  43.069  1.852  8.305 0.0000000000
95573  44.106  0.775  12.072 0.0000000000
91582  44.845  -3.409  11.119 0.0000000000
90506  44.076  -4.410  11.389 0.0000000000
100636  38.052  5.945  7.935 0.0000000000
98071  43.412  3.776  28.002 0.0000000000
98097  42.182  3.881  26.136 0.0000000000
101224  42.163  8.042  18.875 0.0000000000
101946  41.763  8.434  17.940 0.0000000000
101225  41.544  7.817  18.468 0.0000000000
100571  40.572  6.769  17.781 0.0000000000
100580  40.159  6.517  17.172 0.0000000000
99871  40.202  5.887  16.583 0.0000000000
99063  41.829  4.600  15.231 0.0000000000
98180  48.159  4.035  16.518 0.0000000000
94687  50.670  -0.254  8.578 0.0000000000
96530  49.947  1.522  8.754 0.0000000000
95611  48.944  0.760  8.326 0.0000000000
94680  48.065  -0.384  8.802 0.0000000000
93671  47.683  -1.454  8.972 0.0000000000
91601  46.607  -3.671  9.177 0.0000000000
89475  46.513  -5.139  9.903 0.0000000000
96354  38.697  0.893  25.840 0.0000000000
95444  37.959  0.625  25.461 0.0000000000
102686  46.276  9.236  19.508 0.0000000000
101937  46.049  8.814  20.195 0.0000000000
101934  45.415  8.315  20.593 0.0000000000
101216  44.522  7.512  20.681 0.0000000000
94646  46.057  -0.523  13.595 0.0000000000
94656  46.611  -0.227  13.091 0.0000000000
93651  47.992  -1.407  11.681 0.0000000000
92615  50.041  -2.808  10.951 0.0000000000
91590  51.468  -2.854  10.822 0.0000000000
92625  51.913  -2.414  10.554 0.0000000000
93659  52.191  -1.505  10.107 0.0000000000
92624  52.328  -2.488  9.959 0.0000000000
99750  48.939  5.839  28.341 0.0000000000
99801  45.992  5.380  24.997 0.0000000000
99781  46.324  5.499  25.802 0.0000000000
98978  46.211  4.491  23.721 0.0000000000
98131  46.841  3.489  22.708 0.0000000000
98144  47.154  3.269  22.037 0.0000000000
98138  39.692  3.328  22.661 0.0000000000
98124  40.178  3.759  23.366 0.0000000000
98151  40.204  3.078  21.882 0.0000000000
98150  41.069  3.258  21.602 0.0000000000
97279  41.650  2.590  21.059 0.0000000000
94591  42.452  -0.797  18.715 0.0000000000
95478  42.456  0.165  19.378 0.0000000000
95493  42.675  -0.200  18.457 0.0000000000
95492  43.179  0.419  18.390 0.0000000000
96402  43.846  1.148  18.572 0.0000000000
96417  43.701  0.749  18.005 0.0000000000
95506  44.017  0.633  16.900 0.0000000000
95518  44.203  0.354  16.239 0.0000000000
94628  44.233  -0.434  15.756 0.0000000000
93624  44.461  -1.291  15.273 0.0000000000
92589  44.711  -2.377  15.100 0.0000000000
90450  47.497  -4.359  15.425 0.0000000000
101978  41.233  8.917  14.562 0.0000000000
102736  42.009  9.105  13.960 0.0000000000
101986  41.348  8.902  13.633 0.0000000000
101998  41.883  8.820  12.482 0.0000000000
102012  41.723  8.510  11.219 0.0000000000
102029  41.650  8.439  10.055 0.0000000000
102031  39.850  7.755  9.491 0.0000000000
101286  39.197  7.363  10.159 0.0000000000
99079  39.832  4.489  14.018 0.0000000000
99094  39.524  3.888  13.101 0.0000000000
98203  39.940  3.407  12.482 0.0000000000
97354  40.104  2.298  10.966 0.0000000000
97366  40.533  1.822  10.260 0.0000000000
96507  40.991  1.582  9.833 0.0000000000
95600  41.717  1.380  9.344 0.0000000000
99777  51.328  5.539  25.619 0.0000000000
100521  51.123  6.174  25.595 0.0000000000
100532  50.705  5.718  25.049 0.0000000000
99799  49.948  5.430  24.172 0.0000000000
99815  49.445  5.400  23.476 0.0000000000
99008  48.875  4.683  19.565 0.0000000000
99002  48.382  4.757  20.217 0.0000000000
99003  47.623  4.795  20.106 0.0000000000
99004  46.884  4.798  20.090 0.0000000000
99836  46.052  5.116  20.612 0.0000000000
99011  46.392  4.726  19.497 0.0000000000
97335  47.538  2.585  13.239 0.0000000000
97334  48.232  3.180  13.023 0.0000000000
98199  48.394  3.732  13.582 0.0000000000
99116  48.258  4.266  11.689 0.0000000000
99128  47.941  4.310  11.241 0.0000000000
99088  45.723  4.280  13.591 0.0000000000
99089  44.560  4.213  13.510 0.0000000000
98211  44.934  3.683  11.835 0.0000000000
98226  44.728  3.649  10.909 0.0000000000
96518  46.760  1.867  9.121 0.0000000000
97376  45.435  2.658  8.729 0.0000000000
96519  45.149  2.243  9.315 0.0000000000
96520  43.917  2.106  9.142 0.0000000000
96503  44.538  1.742  10.108 0.0000000000
95572  44.852  0.704  11.797 0.0000000000
102662  48.148  8.809  22.203 0.0000000000
99937  37.284  4.594  8.342 0.0000000000
98232  37.574  3.430  10.515 0.0000000000
98895  45.754  5.012  28.426 0.0000000000
99754  45.357  5.154  27.375 0.0000000000
99768  44.813  5.134  26.839 0.0000000000
99782  45.422  5.496  25.842 0.0000000000
99803  44.367  5.354  25.120 0.0000000000
98980  44.314  4.899  23.625 0.0000000000
98989  43.934  4.461  22.867 0.0000000000
95470  40.539  0.435  20.536 0.0000000000
94569  41.134  -0.683  20.053 0.0000000000
94579  41.758  -0.616  19.699 0.0000000000
93585  42.522  -1.451  18.312 0.0000000000
93584  42.816  -1.674  17.633 0.0000000000
92560  43.143  -2.445  16.993 0.0000000000
92573  43.603  -2.466  16.310 0.0000000000
102711  43.406  9.625  16.356 0.0000000000
102713  41.977  9.156  15.554 0.0000000000
101950  41.436  8.571  17.287 0.0000000000
101958  41.496  8.866  16.318 0.0000000000
101969  41.254  8.905  15.435 0.0000000000
101970  40.435  8.758  15.171 0.0000000000
101971  39.666  8.533  14.885 0.0000000000
101256  38.741  7.767  14.323 0.0000000000
101262  38.450  7.420  13.387 0.0000000000
100589  38.885  7.348  14.957 0.0000000000
99895  39.301  5.351  14.635 0.0000000000
99884  39.525  5.883  15.649 0.0000000000
99894  40.014  4.775  14.626 0.0000000000
99093  40.521  3.932  13.446 0.0000000000
98201  41.055  3.755  12.910 0.0000000000
98214  41.585  3.690  12.104 0.0000000000
98118  50.464  3.868  22.883 0.0000000000
98986  50.498  4.234  22.759 0.0000000000
98127  50.344  4.012  22.139 0.0000000000
99000  49.473  4.376  20.804 0.0000000000
99007  49.146  4.462  19.883 0.0000000000
98158  49.062  3.809  19.281 0.0000000000
98157  49.145  4.410  19.260 0.0000000000
99016  49.060  4.611  19.184 0.0000000000
99017  48.742  4.807  18.493 0.0000000000
99846  48.510  5.130  17.834 0.0000000000
99856  48.029  5.344  17.537 0.0000000000
96484  49.389  1.555  11.001 0.0000000000
97351  49.077  2.463  11.524 0.0000000000
97350  49.437  2.318  10.789 0.0000000000
98252  49.111  3.146  10.022 0.0000000000
98253  48.378  3.495  9.545 0.0000000000
98254  47.394  3.682  9.353 0.0000000000
98255  46.473  3.491  9.133 0.0000000000
98267  47.154  3.509  8.441 0.0000000000
98281  46.890  3.405  7.846 0.0000000000
96533  47.058  2.456  8.466 0.0000000000
96517  47.794  1.346  9.002 0.0000000000
95599  47.260  1.004  9.746 0.0000000000
95585  46.907  0.474  10.297 0.0000000000
93652  46.488  -1.511  10.567 0.0000000000
91591  45.230  -3.579  10.495 0.0000000000
92639  46.155  -3.102  9.417 0.0000000000
90516  45.148  -4.378  10.338 0.0000000000
96323  41.235  1.867  28.558 0.0000000000
97246  41.602  2.558  27.344 0.0000000000
96343  40.588  1.877  27.234 0.0000000000
97262  39.497  2.465  24.936 0.0000000000
96353  39.132  1.631  25.529 0.0000000000
97267  39.135  2.692  24.064 0.0000000000
97270  39.061  2.743  23.092 0.0000000000
95462  39.399  0.509  21.246 0.0000000000
102702  44.248  9.561  17.494 0.0000000000
101944  43.365  8.722  18.463 0.0000000000
102687  45.248  9.226  19.216 0.0000000000
101943  43.956  8.835  18.904 0.0000000000
101221  42.517  7.673  19.300 0.0000000000
100559  42.490  6.563  19.512 0.0000000000
97322  45.951  2.367  15.910 0.0000000000
96461  46.877  1.711  13.206 0.0000000000
95543  46.466  0.654  13.414 0.0000000000
95542  47.055  1.007  12.899 0.0000000000
96472  47.392  1.711  12.584 0.0000000000
96486  47.938  1.597  11.914 0.0000000000
95568  49.024  0.745  11.137 0.0000000000
93650  48.730  -1.516  11.091 0.0000000000
92627  49.998  -2.099  10.744 0.0000000000
94661  49.306  0.207  10.862 0.0000000000
95582  51.040  0.342  9.849 0.0000000000
95597  51.376  0.320  9.424 0.0000000000
94685  51.917  -0.538  9.127 0.0000000000
94686  51.537  -0.410  8.856 0.0000000000
93677  51.183  -1.055  8.856 0.0000000000
92645  50.062  -1.911  8.738 0.0000000000
92636  49.189  -2.766  9.105 0.0000000000
91599  48.535  -3.154  9.137 0.0000000000
99776  51.484  5.385  26.035 0.0000000000
98958  50.756  4.411  24.844 0.0000000000
99734  47.871  5.391  29.005 0.0000000000
99751  47.807  5.492  27.899 0.0000000000
99764  48.639  5.528  27.011 0.0000000000
99780  47.374  5.282  25.700 0.0000000000
99779  48.399  5.247  26.020 0.0000000000
99778  49.242  5.103  26.266 0.0000000000
98110  49.992  3.675  24.101 0.0000000000
98119  49.962  3.456  23.128 0.0000000000
98155  48.193  3.480  20.730 0.0000000000
97273  47.278  3.212  21.586 0.0000000000
98160  47.283  3.164  19.612 0.0000000000
98084  41.688  3.038  26.729 0.0000000000
98944  42.031  4.254  25.563 0.0000000000
98984  40.707  4.096  23.699 0.0000000000
98983  41.390  4.400  23.741 0.0000000000
98966  42.553  4.723  24.809 0.0000000000
98134  43.568  3.967  22.155 0.0000000000
96382  40.984  1.111  20.588 0.0000000000
97290  41.349  1.798  20.754 0.0000000000
97289  42.181  2.014  20.504 0.0000000000
96380  42.613  1.293  20.002 0.0000000000
97278  42.636  2.768  20.931 0.0000000000
98147  44.163  3.340  21.618 0.0000000000
97276  44.703  2.665  21.130 0.0000000000
97286  45.290  2.221  20.268 0.0000000000
96389  44.377  1.575  19.154 0.0000000000
96388  44.915  1.716  19.083 0.0000000000
97298  45.704  2.317  18.617 0.0000000000
97307  45.767  2.390  17.676 0.0000000000
97315  45.822  2.367  16.672 0.0000000000
96451  45.338  1.193  14.990 0.0000000000
95535  45.399  0.558  14.502 0.0000000000
95536  44.839  0.222  14.897 0.0000000000
94647  45.551  -0.309  14.116 0.0000000000
93633  45.989  -1.518  13.644 0.0000000000
91561  46.703  -3.541  13.391 0.0000000000
91553  45.035  -3.118  15.024 0.0000000000
91552  45.518  -3.507  14.689 0.0000000000
96320  41.177  1.882  29.292 0.0000000000
96324  40.676  1.777  28.774 0.0000000000
96332  39.736  1.168  28.095 0.0000000000
95431  39.166  0.806  27.605 0.0000000000
97238  38.505  2.103  28.141 0.0000000000
95422  38.648  0.836  27.773 0.0000000000
95432  38.545  0.573  27.026 0.0000000000
96336  36.658  0.815  27.297 0.0000000000
95434  36.522  -0.075  26.768 0.0000000000
94523  36.569  -0.485  26.186 0.0000000000
101319  43.053  7.571  6.626 0.0000000000
102065  42.325  7.731  7.228 0.0000000000
102075  42.331  7.538  6.515 0.0000000000
100634  39.150  5.939  7.136 0.0000000000
100628  39.029  6.146  8.152 0.0000000000
100629  38.794  5.477  8.710 0.0000000000
101287  38.762  6.574  9.835 0.0000000000
100622  38.617  5.713  9.608 0.0000000000
99923  38.628  4.859  9.344 0.0000000000
99924  38.349  4.452  9.940 0.0000000000
99121  38.036  4.141  10.500 0.0000000000
100603  38.144  6.356  13.064 0.0000000000
99095  38.568  4.481  13.046 0.0000000000
99110  38.151  4.203  12.005 0.0000000000
98231  38.078  3.457  11.264 0.0000000000
96525  39.901  1.032  9.536 0.0000000000
101192  50.630  7.497  25.238 0.0000000000
101919  49.522  8.487  23.648 0.0000000000
101924  48.366  8.464  22.807 0.0000000000
101925  47.409  8.213  22.465 0.0000000000
98987  50.299  4.497  22.634 0.0000000000
99820  49.143  5.188  22.531 0.0000000000
99816  48.719  5.640  23.212 0.0000000000
99833  48.438  4.865  20.993 0.0000000000
99821  48.230  5.517  22.585 0.0000000000
100545  48.215  6.323  23.386 0.0000000000
101207  47.236  7.314  22.937 0.0000000000
101208  46.601  7.424  22.425 0.0000000000
101926  46.713  8.075  22.088 0.0000000000
101212  45.584  7.452  21.645 0.0000000000
101213  44.894  7.187  21.245 0.0000000000
100555  44.573  6.504  20.899 0.0000000000
99837  45.095  5.644  20.696 0.0000000000
99838  44.448  5.837  20.344 0.0000000000
100556  44.021  6.486  20.403 0.0000000000
99036  43.073  4.836  17.321 0.0000000000
98188  47.297  3.447  15.944 0.0000000000
98187  47.954  3.978  15.554 0.0000000000
99057  48.242  4.334  16.061 0.0000000000
99866  48.512  5.148  16.276 0.0000000000
99867  48.112  5.402  16.732 0.0000000000
98209  48.584  3.699  12.886 0.0000000000
99880  48.096  5.359  15.946 0.0000000000
99881  47.508  5.372  16.410 0.0000000000
99045  46.794  5.182  16.957 0.0000000000
99046  45.973  4.820  16.751 0.0000000000
99047  45.014  4.510  16.581 0.0000000000
99035  44.097  4.610  17.431 0.0000000000
99869  42.077  4.865  16.386 0.0000000000
99090  43.451  4.317  13.479 0.0000000000
99091  42.435  4.350  13.406 0.0000000000
99107  42.197  4.136  12.597 0.0000000000
98242  44.526  3.401  9.812 0.0000000000
98257  44.330  3.214  8.829 0.0000000000
98243  43.456  3.318  9.645 0.0000000000
98244  42.421  2.917  9.505 0.0000000000
97380  42.195  2.435  8.934 0.0000000000
96536  42.067  1.930  8.659 0.0000000000
96505  42.328  1.228  9.571 0.0000000000
96504  43.314  1.455  9.865 0.0000000000
90526  47.143  -4.575  9.529 0.0000000000
91577  51.954  -3.210  10.366 0.0000000000
91589  51.859  -2.860  10.808 0.0000000000
91598  49.593  -3.114  9.430 0.0000000000
91606  48.224  -2.685  8.856 0.0000000000
91608  47.095  -3.156  8.735 0.0000000000
92614  52.065  -2.878  10.714 0.0000000000
93572  42.229  -1.624  18.862 0.0000000000
93611  43.476  -1.914  16.564 0.0000000000
93664  46.904  -1.749  9.875 0.0000000000
93672  47.265  -1.946  9.298 0.0000000000
93676  51.748  -1.232  9.021 0.0000000000
94678  51.890  -0.527  9.636 0.0000000000
95421  39.161  0.918  28.019 0.0000000000
95425  36.424  0.499  27.055 0.0000000000
95519  43.722  0.112  16.693 0.0000000000
95571  45.843  0.316  11.355 0.0000000000
95587  41.766  1.084  9.542 0.0000000000
95596  51.929  0.071  9.124 0.0000000000
95601  41.194  1.279  9.648 0.0000000000
95608  51.846  -0.045  8.844 0.0000000000
96319  41.354  1.817  29.114 0.0000000000
96330  41.128  2.026  27.801 0.0000000000
96342  41.074  2.168  27.305 0.0000000000
96356  38.856  1.949  24.940 0.0000000000
96383  40.345  1.043  20.726 0.0000000000
96400  45.172  1.862  18.731 0.0000000000
96437  45.872  2.086  15.451 0.0000000000
96499  50.689  0.808  10.047 0.0000000000
96510  37.894  1.384  10.269 0.0000000000
96522  42.209  1.506  9.000 0.0000000000
96523  41.661  1.684  9.174 0.0000000000
96529  50.763  1.025  9.198 0.0000000000
96534  42.726  1.776  8.463 0.0000000000
96535  42.332  1.878  8.581 0.0000000000
97214  41.589  2.100  29.443 0.0000000000
97215  41.013  2.029  29.427 0.0000000000
97235  41.721  2.299  28.333 0.0000000000
97237  39.255  2.416  28.213 0.0000000000
97247  40.942  2.302  26.854 0.0000000000
97257  41.262  2.768  26.575 0.0000000000
97261  40.219  2.719  25.429 0.0000000000
97282  38.715  1.857  22.033 0.0000000000
97364  41.898  2.492  9.436 0.0000000000
97365  41.399  2.196  9.917 0.0000000000
97381  41.738  2.155  9.219 0.0000000000
97393  41.962  2.091  8.775 0.0000000000
97398  47.226  3.202  7.895 0.0000000000
97399  46.815  3.163  7.927 0.0000000000
98054  41.383  2.280  29.493 0.0000000000
98122  46.552  3.949  23.280 0.0000000000
98125  39.588  3.256  23.704 0.0000000000
98140  50.171  4.148  21.873 0.0000000000
98179  48.502  4.468  16.683 0.0000000000
98186  48.155  4.227  15.017 0.0000000000
98246  38.127  3.623  9.120 0.0000000000
98260  38.111  3.565  8.745 0.0000000000
98271  43.297  2.639  8.238 0.0000000000
98272  42.874  2.420  8.283 0.0000000000
98273  38.110  3.391  8.013 0.0000000000
98274  37.743  3.466  7.825 0.0000000000
98279  47.533  3.363  8.113 0.0000000000
98280  47.095  3.426  7.979 0.0000000000
98282  38.075  3.247  7.428 0.0000000000
98283  37.878  3.251  7.260 0.0000000000
98880  46.324  5.212  28.920 0.0000000000
98882  45.243  4.696  29.573 0.0000000000
98908  45.487  5.017  27.823 0.0000000000
98920  51.167  4.905  26.181 0.0000000000
98923  44.547  4.808  27.354 0.0000000000
98937  51.346  4.949  26.012 0.0000000000
98938  51.006  4.698  25.833 0.0000000000
98940  49.106  4.616  25.510 0.0000000000
98941  48.262  4.880  25.226 0.0000000000
98957  51.252  4.853  25.600 0.0000000000
98964  44.760  5.235  24.325 0.0000000000
98967  41.578  4.346  24.767 0.0000000000
98968  40.962  4.099  24.372 0.0000000000
98979  45.376  4.612  23.489 0.0000000000
98982  42.253  4.641  23.783 0.0000000000
98990  42.925  4.450  22.872 0.0000000000
98993  40.587  4.065  23.101 0.0000000000
98995  50.280  4.228  22.217 0.0000000000
99013  44.704  4.782  19.233 0.0000000000
99031  47.569  5.126  17.925 0.0000000000
99044  48.438  4.476  16.348 0.0000000000
99127  48.189  4.177  11.082 0.0000000000
99141  38.322  3.570  7.448 0.0000000000
99142  37.682  3.981  7.853 0.0000000000
99149  37.815  3.531  7.304 0.0000000000
99735  46.920  5.317  28.561 0.0000000000
99736  46.346  5.273  28.160 0.0000000000
99748  50.569  5.859  27.588 0.0000000000
99762  50.767  5.576  27.155 0.0000000000
99769  44.196  5.059  26.348 0.0000000000
99783  44.643  5.363  25.788 0.0000000000
99796  51.330  5.000  25.334 0.0000000000
99798  50.479  5.251  24.368 0.0000000000
99800  46.766  5.213  25.054 0.0000000000
99802  45.140  5.425  25.012 0.0000000000
99804  44.017  5.295  25.203 0.0000000000
99819  49.821  4.834  22.597 0.0000000000
99840  45.538  5.014  20.031 0.0000000000
99845  48.772  5.039  17.741 0.0000000000
99849  41.544  6.156  18.434 0.0000000000
99860  40.493  6.219  17.296 0.0000000000
99868  47.509  5.352  17.152 0.0000000000
99882  41.132  4.739  15.485 0.0000000000
99891  48.259  5.014  15.025 0.0000000000
99892  48.015  5.231  15.235 0.0000000000
99908  37.981  5.015  11.742 0.0000000000
99909  38.040  4.858  11.117 0.0000000000
99941  38.206  3.774  7.214 0.0000000000
99942  37.967  3.949  7.301 0.0000000000
100512  51.104  5.941  27.401 0.0000000000
100522  50.702  6.358  25.339 0.0000000000
100547  47.544  6.354  22.999 0.0000000000
100549  46.238  6.687  22.311 0.0000000000
100551  46.340  6.014  22.115 0.0000000000
100563  41.462  6.907  18.775 0.0000000000
100564  41.013  7.111  18.368 0.0000000000
100642  39.250  5.800  6.277 0.0000000000
100643  38.759  6.127  6.734 0.0000000000
101183  50.982  7.191  25.570 0.0000000000
101184  50.489  6.845  25.245 0.0000000000
101204  48.534  7.168  23.842 0.0000000000
101211  46.238  7.703  21.974 0.0000000000
101215  45.229  7.737  21.060 0.0000000000
101222  41.876  7.523  18.999 0.0000000000
101226  40.936  7.528  18.027 0.0000000000
101229  40.586  7.780  17.417 0.0000000000
101230  39.952  7.493  16.956 0.0000000000
101247  38.988  7.765  14.852 0.0000000000
101255  39.167  8.122  14.707 0.0000000000
101277  38.976  7.697  11.206 0.0000000000
101297  39.970  7.494  8.563 0.0000000000
101307  43.163  7.630  7.523 0.0000000000
101322  39.634  5.976  6.638 0.0000000000
101892  50.965  7.839  25.373 0.0000000000
101923  49.029  8.612  23.130 0.0000000000
101941  42.744  8.293  18.867 0.0000000000
101948  43.074  8.846  17.854 0.0000000000
102001  38.838  7.934  12.175 0.0000000000
102054  42.377  7.913  8.178 0.0000000000
102076  41.995  7.418  6.213 0.0000000000
102656  49.525  8.785  23.125 0.0000000000
102663  47.576  8.640  22.048 0.0000000000
102696  45.147  9.465  18.479 0.0000000000
102697  44.268  9.295  18.294 0.0000000000
102704  42.756  9.282  16.820 0.0000000000
102712  42.534  9.349  16.068 0.0000000000
102746  42.098  9.065  13.166 0.0000000000
102759  42.580  8.994  12.765 0.0000000000
