#!ascii label  , from subject sub.01.dh.02 vox2ras=TkReg
1653
73079  54.874  -20.227  36.864 0.0000000000
49846  41.724  -39.557  53.271 0.0000000000
46267  27.608  -41.990  57.127 0.0000000000
48550  22.600  -40.918  59.249 0.0000000000
43762  37.476  -44.351  60.359 0.0000000000
42811  31.654  -43.662  49.660 0.0000000000
68104  48.046  -24.838  38.953 0.0000000000
76558  52.756  -18.125  32.020 0.0000000000
66799  48.532  -25.416  47.688 0.0000000000
54874  41.936  -35.305  45.805 0.0000000000
49988  33.141  -38.554  42.760 0.0000000000
43748  29.843  -43.109  61.847 0.0000000000
45022  24.137  -42.467  57.522 0.0000000000
46138  25.781  -41.956  63.264 0.0000000000
44976  32.716  -42.830  59.576 0.0000000000
70412  51.235  -22.057  46.264 0.0000000000
50969  44.433  -38.542  57.722 0.0000000000
53554  46.490  -36.619  53.430 0.0000000000
57244  45.410  -33.732  50.882 0.0000000000
49891  42.731  -38.537  48.911 0.0000000000
51200  38.530  -38.299  44.174 0.0000000000
49906  37.404  -38.788  47.630 0.0000000000
47509  27.359  -40.703  48.375 0.0000000000
45228  28.470  -42.739  45.316 0.0000000000
74294  54.856  -18.919  35.328 0.0000000000
70617  54.885  -22.762  32.756 0.0000000000
47472  24.244  -40.688  51.178 0.0000000000
46343  21.785  -42.364  53.021 0.0000000000
45036  39.894  -42.934  57.163 0.0000000000
48610  35.958  -40.878  52.341 0.0000000000
42718  34.576  -43.680  55.644 0.0000000000
46336  29.837  -41.548  53.549 0.0000000000
70540  50.805  -22.466  37.612 0.0000000000
50828  23.191  -38.316  65.820 0.0000000000
49707  19.250  -39.242  62.185 0.0000000000
76485  53.662  -17.690  37.841 0.0000000000
73032  54.335  -20.072  40.853 0.0000000000
69247  51.174  -23.295  42.068 0.0000000000
66844  48.170  -24.968  43.391 0.0000000000
64548  44.944  -27.950  43.177 0.0000000000
64440  48.494  -27.916  51.132 0.0000000000
60885  44.701  -30.392  47.302 0.0000000000
59811  40.954  -31.518  42.571 0.0000000000
56227  38.338  -34.799  40.656 0.0000000000
47539  31.952  -40.981  46.078 0.0000000000
46154  29.823  -42.188  63.199 0.0000000000
44919  27.490  -42.724  62.324 0.0000000000
48495  28.106  -41.181  62.790 0.0000000000
44897  32.126  -42.608  62.595 0.0000000000
48587  44.339  -40.056  55.569 0.0000000000
49843  44.599  -38.868  53.225 0.0000000000
52368  44.969  -37.808  51.115 0.0000000000
49858  42.764  -38.975  51.084 0.0000000000
49882  40.424  -38.568  48.574 0.0000000000
49872  39.518  -38.915  50.361 0.0000000000
47522  24.827  -41.610  47.771 0.0000000000
45218  25.350  -43.381  46.414 0.0000000000
75434  55.790  -18.671  35.911 0.0000000000
74326  57.109  -19.473  34.627 0.0000000000
73093  56.306  -20.338  35.880 0.0000000000
46339  26.593  -41.569  54.087 0.0000000000
47460  22.707  -41.277  51.479 0.0000000000
46320  24.790  -41.702  55.174 0.0000000000
45007  23.162  -42.360  58.616 0.0000000000
45068  22.081  -42.500  55.847 0.0000000000
46272  21.316  -41.837  56.412 0.0000000000
47419  19.843  -41.288  57.408 0.0000000000
46211  41.319  -42.453  59.636 0.0000000000
43796  38.875  -43.876  58.703 0.0000000000
45039  37.406  -43.222  56.992 0.0000000000
42678  36.560  -44.381  58.526 0.0000000000
46246  29.552  -42.383  57.621 0.0000000000
46263  31.776  -42.198  56.330 0.0000000000
46317  28.321  -41.486  54.883 0.0000000000
47455  27.765  -41.145  52.429 0.0000000000
69292  49.602  -23.487  38.333 0.0000000000
68159  50.074  -24.082  36.120 0.0000000000
66974  48.694  -25.454  36.592 0.0000000000
50887  17.977  -38.959  63.359 0.0000000000
71714  53.115  -21.740  41.514 0.0000000000
71694  52.538  -21.380  43.493 0.0000000000
69183  49.498  -23.698  47.242 0.0000000000
69224  49.368  -23.878  44.683 0.0000000000
66823  47.648  -25.568  45.564 0.0000000000
65692  45.956  -26.808  43.414 0.0000000000
64511  46.029  -27.007  45.800 0.0000000000
56060  43.384  -34.340  48.234 0.0000000000
58506  45.066  -31.956  48.939 0.0000000000
57348  43.016  -33.118  46.872 0.0000000000
59763  42.817  -31.276  45.333 0.0000000000
57394  41.298  -33.380  44.379 0.0000000000
57455  39.760  -33.299  41.533 0.0000000000
54937  39.785  -35.401  42.840 0.0000000000
52507  36.379  -37.549  41.136 0.0000000000
46373  33.472  -42.467  51.198 0.0000000000
48634  34.511  -40.666  49.781 0.0000000000
45190  32.242  -43.035  48.793 0.0000000000
46467  27.745  -42.238  43.124 0.0000000000
76580  55.520  -17.815  29.960 0.0000000000
74367  53.552  -19.533  30.672 0.0000000000
44980  28.608  -42.441  59.628 0.0000000000
46269  25.412  -41.937  57.050 0.0000000000
44982  26.496  -42.653  59.771 0.0000000000
44960  25.371  -42.958  60.829 0.0000000000
46187  24.227  -41.816  61.378 0.0000000000
44915  35.941  -42.956  61.857 0.0000000000
43764  35.568  -44.264  60.018 0.0000000000
43744  33.332  -43.293  61.385 0.0000000000
44955  30.632  -42.699  60.599 0.0000000000
72946  52.004  -20.803  45.193 0.0000000000
69155  49.316  -23.812  49.165 0.0000000000
54772  46.245  -35.258  52.303 0.0000000000
53619  43.713  -36.532  49.263 0.0000000000
52437  42.247  -37.050  46.924 0.0000000000
52459  40.482  -37.137  44.375 0.0000000000
49919  40.019  -38.556  46.109 0.0000000000
49937  37.565  -38.617  45.665 0.0000000000
49955  35.731  -38.751  45.253 0.0000000000
45173  30.121  -42.932  49.239 0.0000000000
45203  30.580  -43.572  47.707 0.0000000000
47530  28.450  -41.942  46.754 0.0000000000
74330  52.272  -19.649  33.834 0.0000000000
71862  52.837  -20.805  31.990 0.0000000000
73119  54.689  -20.643  33.435 0.0000000000
45086  23.074  -42.175  55.886 0.0000000000
46241  42.831  -41.694  57.374 0.0000000000
47439  41.233  -40.731  55.301 0.0000000000
48607  39.085  -40.052  52.529 0.0000000000
46308  38.192  -41.948  55.111 0.0000000000
46331  35.135  -42.365  54.053 0.0000000000
43881  32.767  -43.477  53.055 0.0000000000
45016  33.750  -43.481  56.965 0.0000000000
45084  32.689  -43.210  54.430 0.0000000000
45135  31.063  -42.794  51.355 0.0000000000
47481  29.277  -41.271  50.929 0.0000000000
47496  25.880  -40.450  49.390 0.0000000000
71800  52.575  -21.699  36.887 0.0000000000
70575  53.939  -22.475  35.538 0.0000000000
69344  51.722  -23.150  35.643 0.0000000000
47310  24.463  -40.245  64.367 0.0000000000
49681  23.214  -39.720  63.505 0.0000000000
49661  21.445  -38.565  64.127 0.0000000000
48540  20.684  -39.646  60.363 0.0000000000
75438  51.634  -18.453  35.442 0.0000000000
75436  54.219  -18.572  36.008 0.0000000000
75412  55.227  -17.934  37.385 0.0000000000
73060  54.361  -19.640  38.785 0.0000000000
71748  52.320  -21.808  39.533 0.0000000000
69280  51.152  -22.915  40.000 0.0000000000
69270  49.833  -24.143  40.165 0.0000000000
70442  51.474  -22.589  44.214 0.0000000000
68056  49.733  -24.484  42.733 0.0000000000
66868  48.163  -25.218  40.867 0.0000000000
65722  46.350  -26.298  41.400 0.0000000000
65724  44.824  -27.040  41.127 0.0000000000
65608  48.189  -26.618  48.926 0.0000000000
60839  47.347  -30.400  50.949 0.0000000000
62106  46.631  -29.580  49.237 0.0000000000
63277  46.470  -28.022  47.654 0.0000000000
62155  44.366  -29.167  45.794 0.0000000000
62189  42.595  -29.810  43.443 0.0000000000
52504  38.190  -36.850  41.980 0.0000000000
49886  36.726  -39.607  50.071 0.0000000000
48666  35.240  -39.861  47.578 0.0000000000
49958  32.512  -39.340  44.344 0.0000000000
46438  30.742  -42.493  45.659 0.0000000000
47566  29.821  -40.697  43.648 0.0000000000
47340  29.054  -41.641  63.040 0.0000000000
49676  28.872  -40.402  62.888 0.0000000000
48592  42.988  -40.159  54.564 0.0000000000
49837  44.204  -39.552  54.466 0.0000000000
49844  43.352  -39.417  53.508 0.0000000000
49849  43.764  -38.774  52.068 0.0000000000
49850  42.570  -39.190  52.245 0.0000000000
49859  41.718  -39.014  51.199 0.0000000000
49852  40.302  -39.480  52.207 0.0000000000
73078  55.646  -19.729  36.474 0.0000000000
74292  56.374  -19.172  35.764 0.0000000000
71797  55.314  -20.744  36.217 0.0000000000
46319  26.052  -41.500  55.119 0.0000000000
46340  25.414  -41.492  54.150 0.0000000000
46293  25.626  -41.756  56.154 0.0000000000
47397  22.841  -41.584  59.148 0.0000000000
46253  22.374  -42.115  57.452 0.0000000000
48575  21.832  -41.255  57.934 0.0000000000
47426  19.804  -41.722  56.355 0.0000000000
48577  20.633  -40.848  57.865 0.0000000000
46183  37.751  -42.471  61.098 0.0000000000
44952  38.785  -43.229  60.487 0.0000000000
44951  39.796  -43.046  60.142 0.0000000000
43780  38.584  -44.087  59.390 0.0000000000
43797  37.992  -44.061  58.695 0.0000000000
42664  37.173  -44.421  59.277 0.0000000000
46266  28.714  -42.188  56.806 0.0000000000
46265  29.753  -42.174  56.619 0.0000000000
46291  27.953  -41.791  55.965 0.0000000000
46318  27.227  -41.486  55.019 0.0000000000
68119  48.397  -24.644  38.341 0.0000000000
68161  48.637  -24.787  36.928 0.0000000000
66930  47.974  -25.124  37.750 0.0000000000
74200  53.505  -19.847  43.238 0.0000000000
72984  53.766  -20.050  43.151 0.0000000000
74183  52.648  -20.401  43.666 0.0000000000
66810  48.827  -24.950  47.503 0.0000000000
68020  48.679  -24.601  46.255 0.0000000000
66812  47.915  -25.523  46.365 0.0000000000
65660  46.741  -26.273  45.293 0.0000000000
65644  47.383  -26.170  46.537 0.0000000000
54830  42.455  -35.298  46.823 0.0000000000
56079  42.869  -34.074  47.280 0.0000000000
56103  42.496  -34.351  46.504 0.0000000000
57393  41.879  -33.199  45.029 0.0000000000
56148  41.420  -34.535  44.758 0.0000000000
56174  40.570  -34.475  43.525 0.0000000000
54897  41.134  -35.447  44.330 0.0000000000
43911  32.315  -43.348  50.634 0.0000000000
46385  32.687  -42.524  49.799 0.0000000000
43960  31.891  -43.881  48.722 0.0000000000
76570  53.755  -18.199  31.015 0.0000000000
75489  53.011  -18.776  31.288 0.0000000000
44957  28.646  -42.657  60.911 0.0000000000
44981  27.501  -42.609  59.780 0.0000000000
44936  28.043  -42.818  61.281 0.0000000000
44903  26.842  -42.328  62.832 0.0000000000
44938  26.104  -42.873  61.628 0.0000000000
44921  25.740  -42.691  62.343 0.0000000000
46186  24.624  -42.350  61.580 0.0000000000
46160  25.196  -42.136  62.785 0.0000000000
46170  34.651  -42.181  62.366 0.0000000000
43722  34.046  -43.272  61.664 0.0000000000
44917  33.768  -42.749  62.184 0.0000000000
43726  30.594  -43.141  62.092 0.0000000000
43746  31.557  -42.974  61.694 0.0000000000
43770  29.842  -42.952  61.420 0.0000000000
44979  29.706  -42.516  59.894 0.0000000000
52290  46.468  -37.393  54.475 0.0000000000
54738  46.776  -35.535  54.868 0.0000000000
54750  47.244  -34.899  54.378 0.0000000000
55976  47.233  -34.156  53.150 0.0000000000
54763  46.674  -35.506  52.992 0.0000000000
51137  43.810  -38.094  49.725 0.0000000000
52404  44.251  -37.587  50.002 0.0000000000
51144  43.364  -38.004  48.890 0.0000000000
52428  43.104  -36.950  48.177 0.0000000000
51155  42.256  -37.923  47.442 0.0000000000
51168  41.384  -37.973  46.407 0.0000000000
51156  41.363  -38.377  47.331 0.0000000000
49895  38.478  -38.736  48.331 0.0000000000
51159  39.049  -38.460  46.854 0.0000000000
49922  37.469  -38.703  46.611 0.0000000000
49954  36.819  -38.620  45.264 0.0000000000
49923  36.419  -39.006  46.954 0.0000000000
47508  28.725  -41.259  48.297 0.0000000000
46407  29.062  -41.965  47.562 0.0000000000
47519  27.764  -41.148  47.405 0.0000000000
74311  52.883  -19.601  34.467 0.0000000000
73106  53.330  -20.094  33.883 0.0000000000
74328  55.186  -19.874  34.056 0.0000000000
73117  56.885  -20.207  34.153 0.0000000000
47486  24.062  -40.772  50.120 0.0000000000
47487  23.142  -41.391  49.942 0.0000000000
46251  24.852  -42.264  57.960 0.0000000000
45065  24.030  -42.225  56.722 0.0000000000
45045  23.470  -42.462  56.920 0.0000000000
45069  20.925  -42.511  55.035 0.0000000000
45089  20.561  -42.923  54.205 0.0000000000
45015  41.188  -42.995  57.868 0.0000000000
46228  42.173  -42.168  58.487 0.0000000000
45034  41.489  -42.342  57.407 0.0000000000
46280  42.202  -41.503  56.431 0.0000000000
46281  41.138  -41.904  56.707 0.0000000000
46306  39.585  -41.389  55.382 0.0000000000
46283  38.822  -42.224  55.826 0.0000000000
43846  35.607  -43.511  56.070 0.0000000000
45081  35.984  -42.563  55.399 0.0000000000
43858  34.690  -43.346  55.022 0.0000000000
43879  33.906  -42.992  53.625 0.0000000000
42737  33.508  -43.499  54.226 0.0000000000
43785  33.712  -43.376  59.917 0.0000000000
44996  34.310  -43.623  58.428 0.0000000000
44998  32.963  -42.796  58.232 0.0000000000
46315  30.458  -41.740  54.500 0.0000000000
46287  31.978  -42.432  55.305 0.0000000000
46335  30.827  -41.984  53.452 0.0000000000
45101  31.595  -42.814  52.717 0.0000000000
46354  31.134  -42.349  52.672 0.0000000000
45136  30.476  -42.373  51.454 0.0000000000
46375  29.262  -41.310  51.876 0.0000000000
47456  26.779  -40.971  52.390 0.0000000000
47469  27.510  -40.935  51.529 0.0000000000
47485  24.915  -40.555  50.446 0.0000000000
70539  51.397  -22.117  37.461 0.0000000000
70556  52.409  -22.191  36.269 0.0000000000
69324  51.263  -22.802  36.149 0.0000000000
66994  50.996  -25.183  35.869 0.0000000000
48456  23.842  -39.564  65.103 0.0000000000
48481  23.650  -39.968  64.379 0.0000000000
48464  23.346  -39.485  64.792 0.0000000000
50885  19.562  -38.563  63.899 0.0000000000
49684  20.649  -38.710  63.493 0.0000000000
49705  21.482  -39.090  62.635 0.0000000000
49725  20.029  -39.305  61.441 0.0000000000
49767  19.663  -39.902  59.872 0.0000000000
49749  19.250  -39.901  60.294 0.0000000000
75447  51.522  -18.369  34.318 0.0000000000
75426  52.290  -18.295  36.399 0.0000000000
76499  54.123  -17.791  37.225 0.0000000000
75424  54.789  -17.888  36.695 0.0000000000
76484  54.672  -17.628  37.672 0.0000000000
74250  54.555  -18.629  40.061 0.0000000000
74263  54.726  -18.500  38.785 0.0000000000
73046  54.059  -20.247  39.886 0.0000000000
73061  53.806  -20.522  38.947 0.0000000000
71747  53.235  -21.113  39.553 0.0000000000
70462  52.450  -22.309  42.040 0.0000000000
70471  52.357  -22.327  41.017 0.0000000000
69258  51.100  -23.311  41.118 0.0000000000
69269  50.383  -23.795  40.582 0.0000000000
69259  50.643  -23.818  41.657 0.0000000000
70425  51.676  -21.404  45.816 0.0000000000
71666  51.614  -21.783  44.917 0.0000000000
70427  51.380  -22.419  45.222 0.0000000000
68036  49.097  -24.261  44.259 0.0000000000
68044  49.896  -24.181  43.619 0.0000000000
68045  49.207  -24.581  43.287 0.0000000000
68072  48.960  -24.978  41.380 0.0000000000
66855  48.130  -25.087  41.985 0.0000000000
66869  47.294  -25.629  41.337 0.0000000000
66856  47.361  -25.540  42.518 0.0000000000
65693  45.582  -27.293  43.137 0.0000000000
65708  45.655  -27.123  42.579 0.0000000000
64565  44.760  -27.728  42.560 0.0000000000
64566  44.114  -27.841  42.334 0.0000000000
65580  48.677  -26.924  50.501 0.0000000000
58466  46.392  -32.413  51.422 0.0000000000
59685  47.164  -30.993  51.546 0.0000000000
58467  45.787  -32.479  50.683 0.0000000000
59713  44.973  -31.226  48.218 0.0000000000
60854  46.087  -30.521  49.058 0.0000000000
60883  45.873  -29.757  48.287 0.0000000000
63266  46.519  -28.501  48.171 0.0000000000
62124  45.827  -28.992  47.593 0.0000000000
63292  45.533  -28.384  46.585 0.0000000000
62140  44.557  -29.418  46.378 0.0000000000
59798  41.986  -31.068  43.834 0.0000000000
60937  42.858  -30.275  44.492 0.0000000000
60966  41.672  -30.573  42.880 0.0000000000
62228  41.710  -29.691  42.086 0.0000000000
60980  41.085  -30.614  41.790 0.0000000000
59828  40.563  -31.708  41.755 0.0000000000
56226  38.929  -34.351  41.083 0.0000000000
57479  38.782  -33.320  39.709 0.0000000000
51199  39.394  -37.673  44.068 0.0000000000
52486  39.258  -36.913  42.893 0.0000000000
51234  38.210  -37.457  42.588 0.0000000000
53776  35.625  -36.743  39.841 0.0000000000
48608  37.790  -40.466  52.823 0.0000000000
49863  37.699  -39.792  51.438 0.0000000000
48616  37.013  -40.056  51.609 0.0000000000
47516  33.166  -40.922  48.027 0.0000000000
48653  34.910  -40.286  48.105 0.0000000000
48668  33.678  -40.100  47.176 0.0000000000
48703  33.462  -39.762  45.574 0.0000000000
48684  32.624  -40.485  46.012 0.0000000000
44001  29.181  -43.414  45.904 0.0000000000
45215  30.565  -43.470  46.370 0.0000000000
45227  29.202  -42.885  45.092 0.0000000000
46465  28.963  -41.622  43.720 0.0000000000
48742  30.239  -39.742  42.994 0.0000000000
71844  54.164  -21.424  32.655 0.0000000000
71874  53.507  -21.126  31.170 0.0000000000
70574  55.032  -22.419  35.538 0.0000000000
43710  29.560  -43.002  62.518 0.0000000000
43728  28.938  -42.763  62.043 0.0000000000
44901  28.601  -42.443  62.664 0.0000000000
47342  27.481  -42.003  63.075 0.0000000000
46136  26.805  -41.835  63.035 0.0000000000
46153  30.833  -42.246  63.216 0.0000000000
49809  44.559  -39.631  56.803 0.0000000000
50995  45.049  -38.423  56.864 0.0000000000
49825  45.044  -39.484  55.214 0.0000000000
51071  45.716  -38.598  54.619 0.0000000000
51108  46.161  -37.931  53.481 0.0000000000
52341  45.773  -37.375  52.385 0.0000000000
51110  45.073  -38.374  52.447 0.0000000000
49857  43.498  -38.620  50.824 0.0000000000
49881  42.383  -38.762  49.620 0.0000000000
51147  41.022  -38.513  47.998 0.0000000000
51132  41.713  -38.688  49.579 0.0000000000
49883  39.553  -38.775  49.094 0.0000000000
49884  38.487  -38.979  49.489 0.0000000000
47521  25.542  -41.278  47.373 0.0000000000
47533  26.209  -41.361  46.733 0.0000000000
45205  25.028  -43.422  47.242 0.0000000000
74293  55.822  -18.816  35.436 0.0000000000
74309  55.586  -19.172  34.730 0.0000000000
74308  56.637  -18.830  34.929 0.0000000000
74291  57.089  -19.432  35.418 0.0000000000
47457  25.667  -40.896  52.330 0.0000000000
47459  23.430  -40.990  51.923 0.0000000000
46360  24.908  -41.269  53.196 0.0000000000
46361  23.648  -41.338  53.024 0.0000000000
46342  22.527  -41.846  53.990 0.0000000000
45006  23.709  -42.471  58.603 0.0000000000
45046  22.906  -42.497  56.797 0.0000000000
45047  22.422  -42.376  56.662 0.0000000000
46297  21.213  -42.057  55.895 0.0000000000
46254  19.147  -42.064  56.806 0.0000000000
44995  40.782  -43.352  58.695 0.0000000000
43810  39.734  -43.557  57.932 0.0000000000
45037  38.955  -43.152  56.955 0.0000000000
43830  38.411  -43.486  57.480 0.0000000000
43813  37.013  -43.847  57.740 0.0000000000
42706  35.408  -43.913  56.629 0.0000000000
46231  31.436  -42.401  58.478 0.0000000000
46230  32.159  -42.417  58.021 0.0000000000
46245  30.555  -42.231  57.531 0.0000000000
46289  30.067  -41.865  55.586 0.0000000000
46316  29.403  -41.549  54.695 0.0000000000
47454  28.405  -41.207  52.492 0.0000000000
46338  27.661  -41.477  53.980 0.0000000000
46358  27.169  -41.302  53.220 0.0000000000
69306  50.182  -22.898  37.866 0.0000000000
69325  50.619  -23.062  36.587 0.0000000000
69326  49.651  -23.791  36.720 0.0000000000
68160  49.281  -24.615  36.451 0.0000000000
50866  18.677  -38.254  64.436 0.0000000000
49686  18.477  -39.104  62.879 0.0000000000
49726  18.950  -39.710  61.174 0.0000000000
49709  17.711  -39.904  62.189 0.0000000000
73031  54.392  -19.565  41.400 0.0000000000
71728  53.808  -20.976  40.876 0.0000000000
71713  53.629  -20.998  42.084 0.0000000000
71703  53.031  -21.687  42.561 0.0000000000
70452  52.329  -22.246  42.982 0.0000000000
69182  49.983  -22.993  46.632 0.0000000000
69195  50.086  -23.138  45.719 0.0000000000
69196  49.466  -23.629  46.325 0.0000000000
68028  48.701  -24.249  45.373 0.0000000000
66833  48.174  -24.906  44.820 0.0000000000
66845  47.226  -25.602  43.462 0.0000000000
66834  47.421  -25.546  44.430 0.0000000000
65676  46.078  -26.654  44.511 0.0000000000
64530  45.336  -27.545  44.470 0.0000000000
56039  43.933  -34.508  49.137 0.0000000000
58481  45.305  -32.345  49.753 0.0000000000
57295  44.159  -33.306  48.843 0.0000000000
58531  44.032  -32.223  47.782 0.0000000000
59729  43.804  -31.501  46.933 0.0000000000
60904  43.907  -30.402  46.286 0.0000000000
58554  42.969  -32.352  46.040 0.0000000000
58595  41.817  -32.475  44.605 0.0000000000
58614  40.903  -32.537  43.351 0.0000000000
58628  40.513  -32.727  42.439 0.0000000000
57421  40.458  -33.730  42.920 0.0000000000
56193  39.606  -34.652  42.291 0.0000000000
54956  39.064  -35.199  41.632 0.0000000000
51218  37.568  -38.265  43.384 0.0000000000
51235  37.624  -37.794  42.335 0.0000000000
51257  35.626  -38.092  41.366 0.0000000000
51275  34.423  -37.742  40.562 0.0000000000
52546  34.211  -37.317  39.491 0.0000000000
47465  34.921  -41.382  51.822 0.0000000000
48624  34.905  -40.699  50.617 0.0000000000
47479  34.011  -41.392  50.523 0.0000000000
46404  32.874  -41.848  49.081 0.0000000000
46423  32.160  -42.232  47.284 0.0000000000
45243  28.360  -42.460  44.193 0.0000000000
45258  27.382  -42.612  43.216 0.0000000000
76568  54.982  -17.397  30.452 0.0000000000
75516  54.690  -18.916  30.048 0.0000000000
73182  54.921  -20.145  29.801 0.0000000000
45018  27.952  -42.230  57.959 0.0000000000
46268  26.497  -41.779  57.188 0.0000000000
45020  26.565  -42.052  58.078 0.0000000000
45021  26.125  -42.225  58.425 0.0000000000
46236  25.100  -42.273  58.396 0.0000000000
44937  27.360  -42.791  61.627 0.0000000000
44959  26.352  -42.760  60.749 0.0000000000
45005  24.606  -42.388  58.574 0.0000000000
44984  24.493  -42.424  59.900 0.0000000000
46220  23.346  -41.928  59.609 0.0000000000
47385  23.441  -41.388  60.450 0.0000000000
44934  36.307  -43.384  61.595 0.0000000000
43763  36.623  -44.462  60.262 0.0000000000
44935  35.492  -43.758  61.485 0.0000000000
43743  34.230  -43.558  61.179 0.0000000000
43786  33.160  -43.220  60.334 0.0000000000
43706  32.798  -43.044  62.069 0.0000000000
43745  32.428  -43.077  61.564 0.0000000000
44953  32.108  -42.689  60.146 0.0000000000
44978  30.543  -42.514  59.550 0.0000000000
46234  28.889  -42.386  58.829 0.0000000000
66932  47.015  -25.837  38.458 0.0000000000
66931  47.513  -25.454  38.099 0.0000000000
65799  46.762  -26.608  37.525 0.0000000000
74165  52.032  -20.829  44.616 0.0000000000
70385  50.957  -21.546  47.796 0.0000000000
69168  49.859  -22.886  47.592 0.0000000000
69169  49.441  -23.726  48.186 0.0000000000
66798  48.911  -25.196  48.203 0.0000000000
57197  47.012  -33.434  52.563 0.0000000000
57221  45.703  -34.172  51.544 0.0000000000
53576  45.673  -36.615  52.062 0.0000000000
54780  45.179  -35.726  51.038 0.0000000000
56022  44.624  -34.788  49.947 0.0000000000
54795  43.591  -35.601  48.971 0.0000000000
53661  42.475  -36.170  47.231 0.0000000000
53679  41.996  -36.085  46.389 0.0000000000
53694  41.387  -36.307  45.094 0.0000000000
52447  41.344  -37.279  45.538 0.0000000000
51182  40.141  -37.863  44.939 0.0000000000
51183  39.341  -38.233  44.901 0.0000000000
49903  40.069  -38.529  46.785 0.0000000000
49935  39.312  -38.465  45.608 0.0000000000
51184  38.550  -38.442  45.080 0.0000000000
51201  37.471  -38.528  44.700 0.0000000000
51220  35.608  -38.529  43.928 0.0000000000
49971  34.214  -38.789  44.206 0.0000000000
43962  30.961  -43.693  49.298 0.0000000000
43983  30.964  -43.771  48.589 0.0000000000
45204  29.852  -43.130  47.903 0.0000000000
46426  29.011  -42.777  46.642 0.0000000000
46439  27.648  -42.326  45.610 0.0000000000
46429  26.452  -41.809  46.155 0.0000000000
46440  26.770  -42.224  45.567 0.0000000000
74339  52.161  -19.588  32.999 0.0000000000
74351  52.451  -19.625  31.858 0.0000000000
73132  52.656  -20.572  32.497 0.0000000000
71845  53.509  -21.057  32.592 0.0000000000
71843  55.234  -21.337  33.295 0.0000000000
74327  56.300  -19.545  34.297 0.0000000000
73118  55.840  -20.374  33.690 0.0000000000
46294  24.311  -41.983  56.263 0.0000000000
46321  23.316  -41.814  55.266 0.0000000000
46322  22.529  -42.189  54.848 0.0000000000
45067  22.896  -42.366  56.218 0.0000000000
45103  21.472  -42.815  53.818 0.0000000000
48561  44.130  -40.007  57.863 0.0000000000
47423  43.504  -40.920  56.780 0.0000000000
47437  42.863  -40.603  55.427 0.0000000000
48593  41.719  -40.174  54.548 0.0000000000
48606  40.129  -39.808  52.800 0.0000000000
48595  39.630  -40.583  54.397 0.0000000000
47445  38.752  -40.946  54.344 0.0000000000
47447  37.231  -41.303  54.035 0.0000000000
46284  37.805  -42.368  55.736 0.0000000000
46309  36.857  -41.777  55.091 0.0000000000
46351  35.901  -41.536  53.459 0.0000000000
46353  34.467  -42.347  52.765 0.0000000000
45132  33.721  -42.699  52.503 0.0000000000
43894  32.277  -43.361  51.646 0.0000000000
43783  35.433  -44.220  58.801 0.0000000000
43814  34.764  -44.072  57.513 0.0000000000
42708  34.221  -43.790  56.528 0.0000000000
45017  33.200  -43.019  57.114 0.0000000000
45041  33.294  -43.267  56.116 0.0000000000
42730  33.510  -43.480  55.045 0.0000000000
43869  32.881  -43.481  53.773 0.0000000000
43882  32.110  -43.342  52.512 0.0000000000
42780  31.357  -43.435  50.570 0.0000000000
46386  30.377  -42.604  50.272 0.0000000000
46387  29.945  -41.959  50.324 0.0000000000
47494  27.985  -40.737  49.487 0.0000000000
47468  28.618  -41.123  51.771 0.0000000000
47482  28.324  -40.921  50.663 0.0000000000
47495  26.748  -40.528  49.421 0.0000000000
48646  25.288  -40.588  48.507 0.0000000000
71799  53.466  -21.341  36.714 0.0000000000
71798  54.369  -21.103  36.507 0.0000000000
71820  52.953  -21.850  36.283 0.0000000000
69345  50.785  -23.806  35.755 0.0000000000
68181  51.396  -24.382  35.625 0.0000000000
65821  48.261  -25.995  36.676 0.0000000000
49678  27.028  -39.555  62.652 0.0000000000
48497  26.184  -40.028  62.736 0.0000000000
47308  25.509  -40.941  63.607 0.0000000000
48460  25.028  -40.292  63.984 0.0000000000
47325  24.945  -41.136  63.700 0.0000000000
47343  24.783  -41.658  62.928 0.0000000000
48523  23.551  -40.786  61.933 0.0000000000
48524  22.909  -40.257  61.415 0.0000000000
50841  22.592  -38.542  65.300 0.0000000000
49682  22.667  -39.380  63.692 0.0000000000
48525  21.940  -39.599  61.879 0.0000000000
48551  21.802  -40.294  59.373 0.0000000000
48566  20.022  -40.557  58.498 0.0000000000
76541  52.512  -17.618  32.722 0.0000000000
75463  51.726  -18.447  33.573 0.0000000000
74312  51.888  -19.209  34.537 0.0000000000
74295  53.606  -19.148  35.273 0.0000000000
75437  52.932  -18.738  35.912 0.0000000000
75435  55.256  -18.440  35.961 0.0000000000
74284  55.505  -18.818  37.015 0.0000000000
74285  55.181  -19.484  37.191 0.0000000000
75401  55.114  -17.949  38.186 0.0000000000
74275  54.996  -19.043  37.904 0.0000000000
73070  54.546  -19.845  37.653 0.0000000000
71781  53.272  -21.094  37.509 0.0000000000
71782  52.563  -21.489  37.819 0.0000000000
70518  51.241  -22.091  38.361 0.0000000000
71729  52.861  -21.729  40.435 0.0000000000
70497  51.866  -22.103  39.620 0.0000000000
70519  50.700  -22.559  38.567 0.0000000000
69291  50.204  -23.011  38.891 0.0000000000
69282  49.855  -23.716  39.496 0.0000000000
68103  48.526  -24.652  39.398 0.0000000000
71681  51.944  -21.270  44.450 0.0000000000
71695  51.875  -22.113  43.654 0.0000000000
70453  51.609  -22.682  43.372 0.0000000000
69207  51.051  -23.144  44.675 0.0000000000
69234  50.555  -23.836  43.452 0.0000000000
69248  50.708  -23.827  42.565 0.0000000000
68088  50.137  -24.242  41.410 0.0000000000
68090  48.830  -24.879  40.357 0.0000000000
66889  48.099  -25.036  39.912 0.0000000000
66890  47.484  -25.432  40.223 0.0000000000
65754  46.343  -26.105  39.975 0.0000000000
65707  46.202  -26.597  42.307 0.0000000000
65723  45.483  -26.899  41.541 0.0000000000
66785  49.113  -25.343  49.113 0.0000000000
65607  48.587  -25.819  48.602 0.0000000000
62098  48.077  -29.115  51.323 0.0000000000
59700  46.339  -31.040  50.012 0.0000000000
60852  47.160  -30.075  50.234 0.0000000000
63251  47.616  -28.804  50.189 0.0000000000
64454  47.390  -27.962  49.116 0.0000000000
64463  47.404  -27.560  48.646 0.0000000000
65625  47.343  -26.571  47.245 0.0000000000
64492  46.314  -27.330  46.585 0.0000000000
63328  45.504  -27.595  45.668 0.0000000000
63330  44.616  -28.433  44.926 0.0000000000
62156  43.897  -29.658  45.583 0.0000000000
62171  43.673  -29.298  44.849 0.0000000000
63348  43.793  -28.582  43.806 0.0000000000
63365  42.744  -28.875  42.513 0.0000000000
58658  39.770  -32.315  40.896 0.0000000000
58673  39.164  -32.748  39.679 0.0000000000
53710  40.501  -36.374  43.853 0.0000000000
53740  39.565  -35.915  42.684 0.0000000000
54972  38.111  -35.686  40.931 0.0000000000
52505  37.634  -37.148  41.661 0.0000000000
53774  37.309  -36.333  40.723 0.0000000000
49861  39.305  -39.390  51.601 0.0000000000
49873  38.393  -39.181  50.609 0.0000000000
49897  36.676  -39.504  49.104 0.0000000000
48633  35.185  -40.242  49.706 0.0000000000
48642  35.943  -39.623  48.619 0.0000000000
49924  35.618  -39.430  47.249 0.0000000000
49939  35.366  -39.307  46.276 0.0000000000
49957  33.424  -39.265  44.759 0.0000000000
49973  32.394  -39.032  43.503 0.0000000000
43981  31.660  -43.670  48.122 0.0000000000
46424  31.615  -42.622  46.753 0.0000000000
47529  31.617  -42.040  46.332 0.0000000000
45242  29.246  -42.498  44.667 0.0000000000
47541  30.621  -41.444  45.109 0.0000000000
48686  31.150  -40.717  45.269 0.0000000000
48705  31.633  -39.966  44.724 0.0000000000
49974  31.576  -39.364  43.351 0.0000000000
73144  52.999  -20.270  31.210 0.0000000000
71893  54.065  -21.017  30.526 0.0000000000
71892  54.822  -21.269  30.119 0.0000000000
71818  54.683  -21.681  35.897 0.0000000000
48599  42.106  -39.707  53.875 0.0000000000
49838  43.550  -39.738  54.354 0.0000000000
49845  42.328  -39.453  53.212 0.0000000000
49851  41.378  -39.373  52.465 0.0000000000
46292  26.822  -41.576  56.136 0.0000000000
48563  22.552  -41.294  58.800 0.0000000000
47408  22.122  -41.454  58.016 0.0000000000
48564  22.082  -40.930  58.438 0.0000000000
48576  21.393  -41.014  57.873 0.0000000000
44933  37.348  -43.235  61.226 0.0000000000
44932  38.037  -43.024  60.803 0.0000000000
43739  37.949  -43.845  60.894 0.0000000000
43761  38.344  -44.132  60.216 0.0000000000
43781  37.594  -44.377  59.522 0.0000000000
43782  37.122  -44.482  59.895 0.0000000000
66811  48.415  -25.229  46.909 0.0000000000
65643  47.855  -25.679  46.915 0.0000000000
54852  42.270  -35.163  46.257 0.0000000000
56124  42.206  -34.649  45.903 0.0000000000
56125  41.857  -34.591  45.402 0.0000000000
54875  41.574  -35.363  45.180 0.0000000000
42778  31.971  -43.633  50.011 0.0000000000
43936  32.106  -43.530  49.530 0.0000000000
42810  31.823  -43.751  49.450 0.0000000000
76557  53.419  -17.776  31.601 0.0000000000
75490  52.531  -18.797  31.903 0.0000000000
43771  29.332  -42.795  61.576 0.0000000000
43749  28.773  -42.746  61.760 0.0000000000
44885  26.337  -42.215  63.075 0.0000000000
44904  26.132  -42.433  62.842 0.0000000000
46159  25.574  -42.282  62.850 0.0000000000
46172  25.330  -42.448  62.532 0.0000000000
47335  34.435  -41.438  62.491 0.0000000000
46171  34.016  -42.393  62.436 0.0000000000
46150  33.676  -42.268  62.651 0.0000000000
43747  30.690  -43.041  61.798 0.0000000000
53533  46.640  -36.807  54.047 0.0000000000
53513  46.588  -36.536  54.679 0.0000000000
54751  46.827  -35.853  53.990 0.0000000000
54762  47.278  -34.969  53.652 0.0000000000
49879  43.226  -38.452  49.276 0.0000000000
49890  43.072  -38.418  48.830 0.0000000000
51154  43.001  -37.645  48.163 0.0000000000
51145  42.786  -38.274  48.394 0.0000000000
51146  42.014  -38.516  48.399 0.0000000000
49905  38.566  -38.537  47.148 0.0000000000
74310  54.257  -19.600  34.525 0.0000000000
45044  23.907  -42.369  56.953 0.0000000000
43827  40.774  -43.245  57.793 0.0000000000
45014  41.578  -42.477  57.635 0.0000000000
45035  40.884  -42.618  57.403 0.0000000000
46261  41.396  -42.224  57.230 0.0000000000
45058  40.362  -42.416  56.799 0.0000000000
46282  39.925  -41.829  55.976 0.0000000000
45059  39.427  -42.640  56.474 0.0000000000
42717  35.133  -43.753  55.973 0.0000000000
43857  35.217  -43.336  55.438 0.0000000000
43847  35.023  -43.575  55.623 0.0000000000
42728  34.079  -43.515  54.661 0.0000000000
44975  33.668  -43.293  58.921 0.0000000000
46314  31.375  -42.239  54.376 0.0000000000
46355  30.271  -41.984  52.442 0.0000000000
46356  29.166  -41.323  52.571 0.0000000000
47471  25.299  -40.703  51.330 0.0000000000
70558  51.085  -22.486  37.012 0.0000000000
50827  23.649  -38.408  65.336 0.0000000000
49634  23.609  -39.060  65.306 0.0000000000
49641  23.695  -39.377  65.135 0.0000000000
49642  23.238  -39.098  65.255 0.0000000000
49685  19.471  -38.948  63.101 0.0000000000
50884  20.297  -38.442  64.119 0.0000000000
49706  20.322  -39.010  62.405 0.0000000000
76518  51.130  -17.228  34.810 0.0000000000
76500  52.960  -18.010  37.167 0.0000000000
73045  54.613  -19.332  40.168 0.0000000000
70472  51.746  -22.809  41.548 0.0000000000
70426  51.565  -22.054  45.827 0.0000000000
68057  49.043  -24.909  42.443 0.0000000000
64547  45.330  -27.579  43.691 0.0000000000
64564  45.286  -27.552  42.881 0.0000000000
63363  44.287  -28.138  43.059 0.0000000000
64447  48.433  -27.520  50.524 0.0000000000
57243  45.914  -33.011  51.242 0.0000000000
59727  44.805  -30.754  47.633 0.0000000000
60869  45.709  -30.485  48.569 0.0000000000
60884  45.253  -30.127  47.766 0.0000000000
60902  44.835  -29.777  47.196 0.0000000000
62125  45.236  -29.489  47.325 0.0000000000
60903  44.442  -30.032  46.592 0.0000000000
59799  41.584  -31.530  43.630 0.0000000000
60952  41.875  -30.888  43.511 0.0000000000
59827  40.875  -31.232  41.917 0.0000000000
60981  40.793  -31.074  41.627 0.0000000000
57469  38.376  -34.131  40.086 0.0000000000
56240  38.077  -34.404  39.917 0.0000000000
51216  39.157  -37.430  43.430 0.0000000000
51217  38.525  -37.657  43.209 0.0000000000
48609  36.587  -40.710  52.427 0.0000000000
48655  33.172  -40.642  47.596 0.0000000000
48669  32.834  -40.590  46.924 0.0000000000
44022  28.969  -43.161  45.586 0.0000000000
44021  29.239  -43.202  45.534 0.0000000000
70601  54.797  -22.098  32.910 0.0000000000
70618  54.475  -22.483  32.206 0.0000000000
44900  29.320  -42.647  62.777 0.0000000000
47341  28.068  -41.920  63.021 0.0000000000
47321  27.647  -41.823  62.977 0.0000000000
46157  27.260  -42.075  62.978 0.0000000000
48477  27.464  -41.708  62.871 0.0000000000
46135  30.577  -41.747  63.402 0.0000000000
46134  31.289  -41.653  63.551 0.0000000000
44899  30.181  -42.903  63.013 0.0000000000
47421  44.355  -40.206  56.141 0.0000000000
49808  45.048  -39.250  56.395 0.0000000000
48583  44.590  -39.920  55.937 0.0000000000
49836  45.148  -39.008  54.121 0.0000000000
51090  46.187  -38.008  54.153 0.0000000000
51092  45.307  -38.499  53.158 0.0000000000
51109  45.818  -38.105  52.839 0.0000000000
49869  42.829  -38.789  50.170 0.0000000000
49870  42.069  -38.952  50.140 0.0000000000
49860  40.526  -39.074  51.310 0.0000000000
49871  40.873  -38.507  49.962 0.0000000000
46416  25.020  -42.349  47.449 0.0000000000
73092  57.318  -20.036  35.439 0.0000000000
46359  26.088  -41.172  53.271 0.0000000000
46341  24.109  -41.621  54.129 0.0000000000
45024  22.894  -42.509  57.618 0.0000000000
46271  21.887  -42.091  56.706 0.0000000000
46298  20.060  -42.225  55.415 0.0000000000
46299  19.181  -42.625  55.348 0.0000000000
47435  19.842  -41.943  55.851 0.0000000000
46238  18.980  -41.900  57.752 0.0000000000
47382  40.237  -41.508  60.495 0.0000000000
43779  39.392  -43.758  59.131 0.0000000000
44973  39.938  -43.341  59.588 0.0000000000
42663  39.715  -43.652  58.902 0.0000000000
43794  40.379  -43.522  58.412 0.0000000000
42689  39.316  -43.650  58.227 0.0000000000
43829  39.382  -43.382  57.538 0.0000000000
43811  38.817  -43.674  58.110 0.0000000000
42691  37.122  -44.110  58.258 0.0000000000
42692  36.221  -44.089  57.633 0.0000000000
42705  36.037  -43.880  57.093 0.0000000000
46232  30.436  -42.390  58.578 0.0000000000
46290  29.018  -41.881  55.767 0.0000000000
46337  28.722  -41.340  53.785 0.0000000000
69307  49.756  -23.430  37.363 0.0000000000
68136  49.032  -24.149  37.520 0.0000000000
66973  49.623  -25.508  36.283 0.0000000000
50886  18.601  -38.745  63.610 0.0000000000
49708  18.276  -39.525  62.148 0.0000000000
73017  54.166  -20.279  41.746 0.0000000000
73016  54.209  -19.754  42.337 0.0000000000
71693  53.084  -20.877  43.307 0.0000000000
71702  53.360  -20.968  42.966 0.0000000000
66822  48.283  -25.041  45.895 0.0000000000
65661  46.077  -26.715  45.166 0.0000000000
64546  45.637  -27.139  44.204 0.0000000000
64529  45.606  -27.163  45.002 0.0000000000
56059  43.747  -33.888  48.671 0.0000000000
57324  43.485  -33.162  47.708 0.0000000000
58532  43.571  -32.101  47.033 0.0000000000
58574  42.383  -32.514  45.288 0.0000000000
58596  41.461  -32.369  44.051 0.0000000000
58615  40.609  -33.154  43.089 0.0000000000
57420  40.739  -33.622  43.601 0.0000000000
56192  40.135  -34.573  42.891 0.0000000000
54938  39.279  -35.485  42.160 0.0000000000
51219  36.483  -38.442  43.616 0.0000000000
51236  36.603  -38.312  42.476 0.0000000000
51296  34.119  -37.678  39.993 0.0000000000
51297  33.658  -37.696  39.990 0.0000000000
46372  34.089  -42.169  51.855 0.0000000000
47466  34.289  -41.637  51.277 0.0000000000
46383  33.794  -41.986  51.066 0.0000000000
46394  32.587  -42.443  49.233 0.0000000000
46393  32.968  -42.022  49.640 0.0000000000
46405  32.612  -42.150  48.611 0.0000000000
47506  32.745  -41.867  48.166 0.0000000000
46412  32.325  -42.457  47.985 0.0000000000
75503  54.139  -18.695  30.492 0.0000000000
74366  54.322  -19.399  30.204 0.0000000000
74383  54.952  -19.566  29.793 0.0000000000
73165  54.377  -20.261  30.162 0.0000000000
45001  28.097  -42.336  58.475 0.0000000000
45019  27.418  -42.091  57.911 0.0000000000
45002  27.430  -42.408  58.776 0.0000000000
45003  26.622  -42.471  58.910 0.0000000000
45004  25.674  -42.350  58.763 0.0000000000
43750  28.116  -42.859  61.997 0.0000000000
44983  25.494  -42.610  59.781 0.0000000000
46199  24.339  -42.239  60.669 0.0000000000
46200  23.813  -41.744  60.467 0.0000000000
46201  23.444  -41.611  60.086 0.0000000000
46169  35.930  -42.361  61.954 0.0000000000
47353  36.412  -41.670  61.848 0.0000000000
46185  36.298  -42.791  61.816 0.0000000000
46184  36.900  -42.352  61.671 0.0000000000
43766  33.597  -43.391  60.765 0.0000000000
44896  33.033  -42.801  62.482 0.0000000000
43707  32.224  -42.908  62.088 0.0000000000
43768  31.586  -42.885  61.195 0.0000000000
44954  31.503  -42.677  60.392 0.0000000000
46217  29.182  -42.397  59.411 0.0000000000
70386  50.411  -22.001  47.956 0.0000000000
69154  49.556  -22.916  48.555 0.0000000000
68007  49.225  -24.471  47.780 0.0000000000
67993  49.283  -24.571  48.686 0.0000000000
51019  45.440  -38.419  56.296 0.0000000000
55977  46.605  -34.441  52.455 0.0000000000
57220  46.204  -33.519  51.845 0.0000000000
56000  45.968  -34.651  51.923 0.0000000000
51123  45.511  -37.964  52.078 0.0000000000
52367  45.317  -37.422  51.503 0.0000000000
53618  44.339  -36.754  50.004 0.0000000000
53596  44.863  -36.580  50.778 0.0000000000
54781  44.706  -35.757  50.332 0.0000000000
54794  44.151  -35.679  49.611 0.0000000000
52429  42.686  -37.043  47.629 0.0000000000
53660  42.881  -36.224  47.950 0.0000000000
52438  41.818  -37.154  46.271 0.0000000000
53680  41.650  -36.574  45.798 0.0000000000
49918  40.571  -38.361  45.933 0.0000000000
51181  40.762  -37.915  45.580 0.0000000000
49933  40.356  -38.183  45.515 0.0000000000
49934  39.991  -38.392  45.484 0.0000000000
49893  40.195  -38.531  47.564 0.0000000000
49921  38.396  -38.587  46.342 0.0000000000
49920  39.272  -38.531  46.306 0.0000000000
49936  38.534  -38.560  45.726 0.0000000000
51185  38.034  -38.553  45.303 0.0000000000
49953  37.286  -38.593  45.231 0.0000000000
51203  35.670  -38.587  44.562 0.0000000000
49970  35.083  -38.724  44.484 0.0000000000
49986  34.887  -38.663  43.670 0.0000000000
45191  30.379  -43.416  48.741 0.0000000000
45192  29.901  -42.872  48.677 0.0000000000
46414  29.333  -42.655  47.308 0.0000000000
46427  28.368  -42.329  46.245 0.0000000000
45217  28.916  -43.035  46.090 0.0000000000
46430  25.550  -42.308  46.618 0.0000000000
46442  25.553  -42.833  46.100 0.0000000000
45231  25.543  -43.302  45.586 0.0000000000
45230  26.168  -42.778  45.088 0.0000000000
45229  27.126  -42.461  44.922 0.0000000000
73121  52.654  -20.211  33.400 0.0000000000
74329  54.190  -20.168  33.774 0.0000000000
73120  53.499  -20.696  33.118 0.0000000000
47474  22.580  -41.493  50.685 0.0000000000
46249  26.014  -41.899  57.582 0.0000000000
46295  23.510  -42.070  55.994 0.0000000000
45104  20.370  -43.309  53.293 0.0000000000
45088  21.637  -42.686  54.792 0.0000000000
47395  41.787  -41.687  59.738 0.0000000000
46227  42.729  -41.737  58.164 0.0000000000
47406  43.047  -41.155  58.644 0.0000000000
47415  43.344  -41.208  57.811 0.0000000000
48574  43.803  -40.550  57.460 0.0000000000
47432  41.742  -41.240  55.915 0.0000000000
47431  42.517  -41.017  55.905 0.0000000000
47438  42.222  -40.647  55.311 0.0000000000
48594  40.605  -40.330  54.471 0.0000000000
46307  39.056  -41.654  55.315 0.0000000000
47441  39.242  -41.062  54.870 0.0000000000
47442  38.538  -41.385  54.701 0.0000000000
47446  38.146  -41.083  54.034 0.0000000000
47443  37.820  -41.531  54.569 0.0000000000
45038  37.989  -43.251  56.913 0.0000000000
45060  38.403  -42.821  56.352 0.0000000000
45061  37.208  -42.792  56.467 0.0000000000
46310  35.650  -42.288  54.734 0.0000000000
46330  35.913  -41.708  54.112 0.0000000000
46329  36.610  -41.502  54.228 0.0000000000
46352  35.311  -41.943  53.178 0.0000000000
46332  34.693  -42.449  53.439 0.0000000000
43880  33.340  -43.294  53.208 0.0000000000
43892  33.582  -42.914  52.962 0.0000000000
43893  33.118  -43.261  52.353 0.0000000000
43910  32.748  -43.184  51.471 0.0000000000
42655  36.259  -44.546  59.783 0.0000000000
43799  34.603  -43.857  58.041 0.0000000000
43815  34.420  -43.845  57.259 0.0000000000
42694  34.566  -43.950  57.004 0.0000000000
43816  34.063  -43.703  56.800 0.0000000000
46244  31.537  -42.196  57.360 0.0000000000
46243  32.418  -42.499  57.218 0.0000000000
46313  32.172  -42.801  54.303 0.0000000000
46286  32.668  -42.879  55.279 0.0000000000
45064  32.960  -43.199  55.150 0.0000000000
43835  33.417  -43.411  55.608 0.0000000000
43859  32.946  -43.437  54.435 0.0000000000
43860  32.602  -43.340  53.885 0.0000000000
45116  31.410  -42.644  52.094 0.0000000000
45115  31.733  -43.060  52.297 0.0000000000
45134  31.486  -42.992  51.683 0.0000000000
43895  31.751  -43.258  51.590 0.0000000000
43896  31.360  -43.219  51.148 0.0000000000
43912  30.996  -43.193  50.785 0.0000000000
45153  30.691  -42.891  50.661 0.0000000000
47493  29.199  -41.277  49.674 0.0000000000
47484  25.975  -40.506  50.342 0.0000000000
47483  27.163  -40.734  50.483 0.0000000000
47510  25.985  -40.513  48.379 0.0000000000
70577  52.124  -22.536  36.003 0.0000000000
68180  52.550  -24.393  35.580 0.0000000000
66952  47.716  -25.812  37.221 0.0000000000
65798  47.969  -26.628  36.685 0.0000000000
50881  27.527  -38.680  62.764 0.0000000000
49679  26.233  -39.225  62.693 0.0000000000
48480  25.623  -40.061  63.262 0.0000000000
48479  25.825  -40.673  63.276 0.0000000000
49657  25.404  -40.150  63.586 0.0000000000
48461  24.455  -39.795  64.588 0.0000000000
47309  24.980  -40.589  63.908 0.0000000000
48499  23.554  -40.070  63.721 0.0000000000
47344  24.101  -40.754  63.535 0.0000000000
48511  23.439  -40.252  62.750 0.0000000000
50843  21.269  -37.823  65.114 0.0000000000
50863  21.804  -38.269  64.687 0.0000000000
50830  22.370  -38.116  65.671 0.0000000000
50862  22.328  -38.445  64.941 0.0000000000
49660  22.588  -39.013  64.549 0.0000000000
49683  21.873  -38.973  63.598 0.0000000000
49724  21.067  -39.079  61.564 0.0000000000
48513  22.058  -39.478  62.511 0.0000000000
48539  21.555  -39.797  60.629 0.0000000000
48552  20.519  -39.986  59.595 0.0000000000
48553  19.375  -40.374  59.376 0.0000000000
48527  18.256  -40.534  60.978 0.0000000000
76528  52.180  -17.078  33.430 0.0000000000
75462  51.991  -18.016  33.227 0.0000000000
74296  52.504  -19.129  35.181 0.0000000000
76508  51.073  -17.577  35.671 0.0000000000
75427  51.529  -18.053  36.094 0.0000000000
75425  53.581  -18.224  36.625 0.0000000000
75423  55.506  -18.468  36.450 0.0000000000
76472  54.843  -17.688  38.173 0.0000000000
75402  54.720  -17.896  38.606 0.0000000000
73071  53.796  -20.368  38.072 0.0000000000
71768  53.208  -21.031  38.435 0.0000000000
71769  52.523  -21.544  38.721 0.0000000000
71783  51.889  -21.772  38.099 0.0000000000
71770  51.817  -21.882  38.933 0.0000000000
70483  51.543  -22.761  40.511 0.0000000000
70482  52.030  -22.165  40.109 0.0000000000
70498  51.341  -22.439  39.441 0.0000000000
70499  50.704  -22.759  39.169 0.0000000000
69281  50.657  -23.124  39.714 0.0000000000
68102  49.287  -24.330  39.857 0.0000000000
72966  52.167  -20.834  44.209 0.0000000000
71680  51.750  -21.106  45.062 0.0000000000
71682  51.725  -21.878  44.324 0.0000000000
69208  50.343  -23.431  44.939 0.0000000000
70428  50.769  -22.984  45.325 0.0000000000
69235  50.249  -23.924  43.931 0.0000000000
68043  50.258  -24.089  43.360 0.0000000000
68055  50.257  -24.155  42.995 0.0000000000
68070  50.227  -24.251  42.201 0.0000000000
66870  46.731  -25.937  41.102 0.0000000000
66891  46.851  -25.789  40.492 0.0000000000
65736  46.423  -26.093  40.725 0.0000000000
65737  45.854  -26.383  40.611 0.0000000000
65691  46.674  -26.098  42.938 0.0000000000
64581  45.185  -27.372  42.246 0.0000000000
65738  44.965  -26.719  40.385 0.0000000000
65592  48.748  -26.053  49.569 0.0000000000
60829  47.803  -30.391  51.880 0.0000000000
62092  47.910  -29.796  51.338 0.0000000000
58482  44.697  -32.651  49.179 0.0000000000
59687  45.913  -31.647  50.131 0.0000000000
59701  45.771  -31.208  49.257 0.0000000000
60868  46.220  -29.993  48.883 0.0000000000
60853  46.541  -30.322  49.590 0.0000000000
62105  47.172  -29.419  49.791 0.0000000000
63257  47.419  -28.468  49.516 0.0000000000
63276  46.861  -27.894  48.234 0.0000000000
64473  47.182  -27.190  47.739 0.0000000000
64474  46.550  -27.492  47.187 0.0000000000
64491  46.895  -26.888  46.936 0.0000000000
62154  44.748  -28.679  46.064 0.0000000000
63309  45.171  -28.226  46.035 0.0000000000
63310  44.759  -28.448  45.596 0.0000000000
63329  45.100  -27.871  45.157 0.0000000000
60921  43.526  -30.279  45.588 0.0000000000
60950  42.671  -29.949  43.795 0.0000000000
62188  42.970  -29.316  43.607 0.0000000000
62206  42.856  -29.022  42.874 0.0000000000
63364  43.308  -28.426  42.620 0.0000000000
62246  41.097  -29.767  41.057 0.0000000000
58644  39.963  -32.660  41.434 0.0000000000
58645  39.656  -33.114  41.269 0.0000000000
58689  38.805  -32.930  38.992 0.0000000000
52458  41.120  -37.012  44.811 0.0000000000
53709  40.952  -36.390  44.393 0.0000000000
52472  40.150  -36.896  43.704 0.0000000000
53741  39.244  -36.357  42.570 0.0000000000
53742  38.597  -36.348  42.047 0.0000000000
54939  38.927  -35.945  42.109 0.0000000000
53758  37.990  -36.345  41.350 0.0000000000
51256  36.770  -37.845  41.723 0.0000000000
51255  37.275  -37.589  41.760 0.0000000000
52506  37.013  -37.380  41.360 0.0000000000
53775  36.298  -36.324  40.001 0.0000000000
54974  37.106  -35.788  40.038 0.0000000000
48601  39.891  -40.193  53.557 0.0000000000
49853  39.713  -39.684  52.287 0.0000000000
49874  37.396  -39.601  50.813 0.0000000000
49862  38.257  -39.563  51.399 0.0000000000
49885  37.512  -39.280  49.808 0.0000000000
48625  34.328  -40.964  50.101 0.0000000000
48643  35.289  -39.965  48.809 0.0000000000
48652  35.575  -39.744  48.134 0.0000000000
48651  35.912  -39.563  48.231 0.0000000000
49908  35.656  -39.598  47.740 0.0000000000
48681  35.071  -39.752  46.980 0.0000000000
48702  34.086  -39.613  45.946 0.0000000000
49972  33.311  -38.868  43.787 0.0000000000
43982  31.372  -43.773  48.257 0.0000000000
45226  29.989  -43.021  45.210 0.0000000000
45214  31.115  -43.144  46.723 0.0000000000
46425  31.062  -42.879  46.313 0.0000000000
46437  31.292  -42.352  46.163 0.0000000000
45257  27.944  -42.319  43.467 0.0000000000
46454  28.812  -42.060  44.108 0.0000000000
47553  29.917  -41.170  44.218 0.0000000000
47554  29.373  -41.429  43.920 0.0000000000
48706  30.762  -40.554  44.498 0.0000000000
48762  29.885  -39.631  42.340 0.0000000000
48741  30.914  -39.721  43.314 0.0000000000
49990  31.129  -39.177  42.678 0.0000000000
75514  56.135  -18.406  29.483 0.0000000000
73145  52.690  -20.464  31.804 0.0000000000
74350  52.919  -19.562  31.194 0.0000000000
71873  54.282  -21.749  30.800 0.0000000000
71819  53.686  -21.795  36.062 0.0000000000
47339  30.027  -41.288  63.248 0.0000000000
48494  29.397  -40.813  63.003 0.0000000000
48588  43.781  -40.209  55.210 0.0000000000
49826  44.362  -39.837  55.144 0.0000000000
48591  43.669  -39.937  54.677 0.0000000000
46237  22.933  -42.080  58.870 0.0000000000
46252  22.690  -42.158  58.161 0.0000000000
47416  22.329  -41.821  57.890 0.0000000000
47417  21.802  -41.570  57.451 0.0000000000
47424  21.336  -41.665  56.821 0.0000000000
47425  20.678  -41.593  56.508 0.0000000000
47418  20.939  -41.258  57.260 0.0000000000
46197  39.530  -42.307  60.399 0.0000000000
43760  39.057  -43.698  60.019 0.0000000000
42677  37.194  -44.330  58.939 0.0000000000
68118  49.087  -24.135  38.836 0.0000000000
68137  48.434  -24.787  37.500 0.0000000000
66951  48.219  -25.238  37.073 0.0000000000
50867  17.573  -38.742  64.058 0.0000000000
74214  54.107  -19.386  42.847 0.0000000000
73001  54.029  -19.969  43.007 0.0000000000
74199  53.823  -19.865  43.120 0.0000000000
72985  53.311  -20.427  43.320 0.0000000000
72986  53.089  -21.033  43.522 0.0000000000
68019  49.046  -24.410  46.880 0.0000000000
64510  46.678  -26.723  46.240 0.0000000000
54829  42.789  -35.188  47.582 0.0000000000
56080  42.648  -34.739  47.041 0.0000000000
56102  42.732  -33.725  46.748 0.0000000000
57349  42.679  -33.382  46.273 0.0000000000
58555  42.620  -33.015  45.797 0.0000000000
57368  42.231  -33.710  45.670 0.0000000000
57369  41.719  -33.896  45.073 0.0000000000
56173  40.942  -34.423  44.127 0.0000000000
54920  40.811  -34.971  43.883 0.0000000000
54921  40.471  -35.451  43.570 0.0000000000
45151  32.910  -42.881  50.943 0.0000000000
46384  33.186  -42.226  50.424 0.0000000000
45152  32.563  -42.953  50.140 0.0000000000
45171  32.410  -42.953  49.491 0.0000000000
76556  54.103  -17.375  31.321 0.0000000000
75504  53.573  -18.793  30.813 0.0000000000
44958  27.389  -42.710  60.705 0.0000000000
44920  26.604  -42.705  62.315 0.0000000000
44939  25.331  -42.877  61.696 0.0000000000
44961  24.762  -42.792  61.119 0.0000000000
44940  24.949  -42.681  61.824 0.0000000000
46173  24.909  -42.284  62.328 0.0000000000
46174  24.541  -41.956  62.018 0.0000000000
47355  34.952  -41.532  62.322 0.0000000000
44916  35.147  -43.167  61.977 0.0000000000
43723  33.105  -43.204  61.901 0.0000000000
43708  31.336  -42.896  62.230 0.0000000000
43725  31.463  -42.980  61.916 0.0000000000
43769  30.698  -42.875  61.348 0.0000000000
44956  29.699  -42.684  60.706 0.0000000000
52269  46.281  -37.295  55.343 0.0000000000
53501  46.402  -36.175  55.430 0.0000000000
55954  47.444  -34.096  53.963 0.0000000000
57175  47.530  -33.220  53.626 0.0000000000
54764  46.050  -35.932  52.419 0.0000000000
51129  44.625  -38.074  50.846 0.0000000000
52388  44.727  -37.444  50.704 0.0000000000
51136  44.367  -37.974  50.288 0.0000000000
52405  43.821  -37.410  49.428 0.0000000000
52416  43.392  -37.202  48.744 0.0000000000
51167  41.941  -37.588  46.754 0.0000000000
51169  40.698  -38.439  46.619 0.0000000000
49894  39.441  -38.525  47.942 0.0000000000
49938  36.539  -38.780  46.025 0.0000000000
47507  29.384  -41.707  48.837 0.0000000000
46406  29.476  -42.276  48.243 0.0000000000
47518  28.526  -41.627  47.231 0.0000000000
47531  27.955  -41.680  46.707 0.0000000000
73107  52.727  -19.930  33.899 0.0000000000
46362  22.448  -41.623  52.448 0.0000000000
46250  25.562  -42.091  57.916 0.0000000000
46270  24.556  -42.194  57.196 0.0000000000
45066  23.552  -42.253  56.443 0.0000000000
46229  41.616  -42.584  58.806 0.0000000000
46210  42.058  -41.993  59.209 0.0000000000
44993  41.654  -42.600  58.138 0.0000000000
46242  42.214  -42.195  57.807 0.0000000000
46260  41.995  -42.018  57.151 0.0000000000
47433  40.864  -41.370  55.840 0.0000000000
47440  40.136  -40.958  55.278 0.0000000000
43845  36.401  -43.330  56.641 0.0000000000
45062  36.253  -43.012  55.985 0.0000000000
45063  35.648  -43.123  55.549 0.0000000000
45098  34.900  -42.728  54.435 0.0000000000
45099  34.499  -42.797  53.960 0.0000000000
45083  34.670  -43.034  54.541 0.0000000000
42736  33.805  -43.360  53.954 0.0000000000
42745  33.278  -43.470  53.665 0.0000000000
43765  34.490  -43.706  60.404 0.0000000000
43784  34.540  -43.687  59.158 0.0000000000
44974  34.118  -43.514  58.610 0.0000000000
44997  33.881  -43.410  57.949 0.0000000000
46288  31.093  -41.982  55.419 0.0000000000
46333  31.951  -42.933  53.475 0.0000000000
46334  31.605  -42.646  53.414 0.0000000000
45117  30.897  -42.313  51.954 0.0000000000
46374  29.794  -41.742  51.515 0.0000000000
47467  29.289  -41.280  51.542 0.0000000000
47470  26.405  -40.779  51.405 0.0000000000
48626  25.262  -40.479  49.737 0.0000000000
48637  24.325  -40.757  49.566 0.0000000000
71801  51.999  -21.887  37.341 0.0000000000
70557  51.662  -22.421  36.550 0.0000000000
68183  49.917  -24.800  36.017 0.0000000000
68182  50.549  -24.581  35.812 0.0000000000
66995  50.289  -25.176  35.977 0.0000000000
49633  24.026  -39.100  65.090 0.0000000000
48462  24.113  -39.832  64.856 0.0000000000
47326  24.206  -40.315  64.338 0.0000000000
48463  23.824  -39.711  64.895 0.0000000000
49659  23.192  -39.587  64.128 0.0000000000
50865  19.761  -38.089  64.562 0.0000000000
49662  20.791  -38.458  64.049 0.0000000000
49747  20.666  -39.424  60.869 0.0000000000
49748  19.957  -39.633  60.493 0.0000000000
76529  51.551  -17.622  33.870 0.0000000000
77577  51.707  -16.541  34.130 0.0000000000
76498  54.724  -17.674  37.205 0.0000000000
75413  54.917  -17.656  37.222 0.0000000000
69268  50.982  -23.205  40.378 0.0000000000
71664  51.718  -21.201  45.710 0.0000000000
71665  51.670  -21.377  45.360 0.0000000000
69223  49.858  -23.902  44.381 0.0000000000
68035  49.639  -24.135  44.093 0.0000000000
65706  46.853  -26.120  41.985 0.0000000000
64582  44.606  -27.377  41.757 0.0000000000
64596  44.186  -27.073  40.891 0.0000000000
64583  43.622  -27.650  41.653 0.0000000000
65579  48.982  -26.429  50.643 0.0000000000
65593  48.500  -26.827  49.943 0.0000000000
58452  46.991  -32.467  52.167 0.0000000000
59670  47.428  -31.361  52.246 0.0000000000
59671  46.888  -31.710  51.665 0.0000000000
59686  46.537  -31.368  50.872 0.0000000000
62114  46.407  -29.165  48.601 0.0000000000
63291  46.056  -28.141  46.940 0.0000000000
62138  45.620  -28.642  46.941 0.0000000000
62139  44.990  -29.050  46.686 0.0000000000
59781  42.221  -31.477  44.482 0.0000000000
59780  42.554  -30.932  44.683 0.0000000000
60938  42.467  -30.778  44.330 0.0000000000
60951  42.315  -30.461  43.630 0.0000000000
60965  42.102  -30.133  42.983 0.0000000000
62207  42.406  -29.520  42.755 0.0000000000
62208  41.973  -29.973  42.686 0.0000000000
60993  40.909  -30.330  41.203 0.0000000000
59842  40.040  -31.691  40.700 0.0000000000
57456  39.449  -33.731  41.316 0.0000000000
57468  38.853  -33.689  40.336 0.0000000000
51198  39.983  -37.500  44.365 0.0000000000
52474  39.056  -37.232  43.091 0.0000000000
52487  38.649  -37.017  42.585 0.0000000000
52527  35.754  -37.271  40.443 0.0000000000
48615  38.112  -39.987  51.916 0.0000000000
48622  36.821  -39.836  50.911 0.0000000000
48645  33.745  -40.707  48.653 0.0000000000
48644  34.369  -40.466  48.952 0.0000000000
48654  33.841  -40.466  48.084 0.0000000000
48667  34.565  -40.031  47.417 0.0000000000
48682  34.413  -39.709  46.587 0.0000000000
48683  33.494  -39.997  46.332 0.0000000000
48704  32.584  -39.860  45.198 0.0000000000
45216  29.582  -43.434  46.731 0.0000000000
44000  29.730  -43.649  45.802 0.0000000000
44020  29.619  -43.305  45.369 0.0000000000
46480  27.397  -42.112  42.442 0.0000000000
46466  28.241  -41.875  43.306 0.0000000000
48723  30.393  -40.345  43.666 0.0000000000
71861  53.275  -21.165  32.094 0.0000000000
69342  54.370  -23.283  35.382 0.0000000000
43727  29.697  -43.117  62.186 0.0000000000
43711  28.849  -42.670  62.373 0.0000000000
43712  28.354  -42.658  62.446 0.0000000000
46155  28.887  -42.106  63.009 0.0000000000
46156  28.038  -42.127  62.902 0.0000000000
44902  27.829  -42.511  62.651 0.0000000000
46158  26.877  -42.136  63.029 0.0000000000
46137  26.504  -41.982  63.167 0.0000000000
46152  31.921  -42.017  63.272 0.0000000000
44898  31.147  -42.672  62.771 0.0000000000
43709  30.436  -43.111  62.505 0.0000000000
49790  44.591  -39.208  57.245 0.0000000000
49789  44.924  -38.981  56.855 0.0000000000
51046  45.713  -38.411  55.595 0.0000000000
51045  46.118  -37.928  55.380 0.0000000000
51070  46.257  -38.050  54.935 0.0000000000
52313  46.431  -37.407  53.758 0.0000000000
52340  46.209  -37.390  53.075 0.0000000000
51124  44.987  -38.141  51.544 0.0000000000
49848  44.528  -38.619  52.412 0.0000000000
51125  44.262  -38.397  51.261 0.0000000000
51130  44.006  -38.301  50.465 0.0000000000
49868  43.368  -38.510  49.975 0.0000000000
49892  42.404  -38.619  49.130 0.0000000000
51138  42.015  -38.670  49.216 0.0000000000
51139  41.363  -38.535  48.957 0.0000000000
49896  37.464  -39.087  48.728 0.0000000000
47520  26.667  -40.835  47.392 0.0000000000
74307  57.262  -19.332  35.197 0.0000000000
47458  24.535  -40.939  52.197 0.0000000000
45023  23.604  -42.554  57.651 0.0000000000
45025  22.433  -42.323  57.072 0.0000000000
46296  21.926  -42.366  56.248 0.0000000000
45070  19.743  -42.849  54.714 0.0000000000
46273  19.358  -42.168  55.938 0.0000000000
44950  40.445  -42.967  59.865 0.0000000000
46212  40.837  -42.798  59.829 0.0000000000
44971  41.188  -43.023  59.007 0.0000000000
43793  40.971  -43.546  58.212 0.0000000000
43809  40.474  -43.524  57.984 0.0000000000
43828  40.243  -43.281  57.643 0.0000000000
43831  37.442  -43.520  57.382 0.0000000000
43812  37.789  -43.790  57.968 0.0000000000
43844  36.960  -43.224  57.068 0.0000000000
43832  36.567  -43.682  57.231 0.0000000000
46214  32.005  -42.520  59.098 0.0000000000
46213  32.282  -42.553  58.710 0.0000000000
46264  30.784  -42.009  56.484 0.0000000000
46357  28.117  -41.356  53.078 0.0000000000
49727  18.028  -40.010  61.604 0.0000000000
48514  17.407  -40.463  62.387 0.0000000000
73002  53.905  -20.383  42.645 0.0000000000
70463  51.761  -22.771  42.511 0.0000000000
70399  50.556  -22.295  46.931 0.0000000000
70413  50.700  -22.620  46.008 0.0000000000
69209  49.444  -23.662  45.294 0.0000000000
68027  49.000  -24.053  46.070 0.0000000000
69210  49.028  -23.859  44.875 0.0000000000
65675  46.615  -26.074  44.014 0.0000000000
63244  48.526  -28.379  51.662 0.0000000000
57268  44.752  -33.561  49.815 0.0000000000
57267  45.298  -33.021  50.283 0.0000000000
58507  44.496  -32.293  48.426 0.0000000000
57296  43.720  -33.495  48.354 0.0000000000
57323  43.936  -32.861  48.259 0.0000000000
59714  44.450  -31.746  47.918 0.0000000000
59728  44.274  -31.211  47.241 0.0000000000
59747  44.050  -30.705  46.668 0.0000000000
59748  43.564  -31.201  46.441 0.0000000000
58573  42.697  -32.004  45.449 0.0000000000
59764  42.549  -31.831  45.136 0.0000000000
59782  41.754  -31.946  44.216 0.0000000000
58627  40.723  -32.193  42.688 0.0000000000
59812  40.668  -32.028  42.362 0.0000000000
57438  39.934  -33.694  42.091 0.0000000000
57439  39.557  -34.183  41.846 0.0000000000
56213  39.277  -34.667  41.647 0.0000000000
56214  38.855  -34.933  41.317 0.0000000000
51274  35.196  -37.676  40.638 0.0000000000
52528  34.963  -37.468  40.148 0.0000000000
47464  35.578  -41.125  52.258 0.0000000000
48617  35.736  -40.663  51.651 0.0000000000
48618  35.005  -40.925  51.334 0.0000000000
47478  34.606  -41.185  51.127 0.0000000000
47480  33.407  -41.619  49.899 0.0000000000
47491  33.839  -41.072  49.525 0.0000000000
47505  33.247  -41.301  48.594 0.0000000000
47517  32.756  -41.507  47.621 0.0000000000
47528  32.098  -41.513  46.623 0.0000000000
45244  27.378  -42.662  44.179 0.0000000000
45279  26.546  -43.156  42.401 0.0000000000
45278  27.030  -42.645  42.609 0.0000000000
76569  54.398  -17.830  30.734 0.0000000000
75502  54.829  -18.224  30.210 0.0000000000
75515  55.295  -18.704  29.729 0.0000000000
73181  55.449  -20.143  29.627 0.0000000000
71903  55.697  -20.910  29.743 0.0000000000
69384  54.812  -23.128  32.284 0.0000000000
45042  27.104  -41.865  57.491 0.0000000000
45043  26.880  -41.893  57.700 0.0000000000
44985  23.651  -42.258  59.280 0.0000000000
46218  24.288  -42.274  60.193 0.0000000000
46219  24.012  -42.123  59.999 0.0000000000
44986  23.263  -42.199  59.085 0.0000000000
47386  23.089  -41.296  59.891 0.0000000000
43740  37.008  -44.036  61.012 0.0000000000
43741  36.036  -44.237  61.061 0.0000000000
43742  35.087  -44.005  61.016 0.0000000000
43721  34.802  -43.621  61.503 0.0000000000
44918  33.145  -42.983  62.148 0.0000000000
43724  32.300  -43.039  61.850 0.0000000000
43767  32.564  -43.080  60.768 0.0000000000
44977  31.530  -42.550  59.451 0.0000000000
45000  30.886  -42.491  59.127 0.0000000000
46215  30.018  -42.386  58.946 0.0000000000
46216  29.627  -42.400  59.195 0.0000000000
46233  29.486  -42.405  58.480 0.0000000000
46247  28.496  -42.344  57.847 0.0000000000
66911  47.593  -25.252  39.136 0.0000000000
66953  47.221  -25.922  37.766 0.0000000000
72927  51.759  -21.041  45.833 0.0000000000
71651  51.663  -21.174  46.246 0.0000000000
70411  51.543  -21.480  46.385 0.0000000000
70397  51.370  -21.355  46.993 0.0000000000
71638  51.320  -21.314  47.276 0.0000000000
70398  51.118  -21.593  47.180 0.0000000000
58440  47.332  -32.716  52.738 0.0000000000
53555  46.142  -36.599  52.737 0.0000000000
54773  45.666  -35.659  51.806 0.0000000000
52387  45.080  -37.050  51.077 0.0000000000
53595  45.310  -36.550  51.370 0.0000000000
56001  45.495  -34.814  51.300 0.0000000000
56021  45.087  -34.863  50.614 0.0000000000
57245  44.972  -34.251  50.302 0.0000000000
56040  43.540  -34.987  48.661 0.0000000000
53639  43.296  -36.364  48.584 0.0000000000
54811  43.213  -35.461  48.348 0.0000000000
53693  41.645  -35.923  45.692 0.0000000000
52448  40.794  -37.494  45.049 0.0000000000
51157  40.686  -38.511  47.238 0.0000000000
49904  39.408  -38.485  46.971 0.0000000000
51202  36.300  -38.528  44.565 0.0000000000
42812  31.258  -43.567  49.968 0.0000000000
42835  31.476  -43.777  49.373 0.0000000000
44002  28.894  -43.047  45.777 0.0000000000
47532  27.106  -41.295  46.646 0.0000000000
46428  27.407  -41.878  46.100 0.0000000000
46441  25.932  -42.469  45.809 0.0000000000
45245  26.339  -42.992  44.251 0.0000000000
75476  52.242  -18.669  32.625 0.0000000000
73131  53.166  -20.958  32.597 0.0000000000
47473  23.276  -40.908  50.886 0.0000000000
45087  22.471  -42.308  55.353 0.0000000000
45102  22.134  -42.522  54.582 0.0000000000
45118  21.040  -42.928  52.674 0.0000000000
46209  42.511  -41.645  58.803 0.0000000000
48548  43.772  -39.966  58.495 0.0000000000
48573  44.302  -40.027  57.136 0.0000000000
48585  44.024  -40.417  56.833 0.0000000000
47429  43.927  -40.522  55.941 0.0000000000
46259  42.788  -41.449  56.623 0.0000000000
47430  43.159  -40.774  55.946 0.0000000000
48589  43.243  -40.454  55.305 0.0000000000
48600  41.027  -39.777  53.498 0.0000000000
48602  38.812  -40.575  53.698 0.0000000000
48603  38.115  -40.782  53.504 0.0000000000
47450  37.675  -40.964  53.492 0.0000000000
47451  36.981  -41.051  53.191 0.0000000000
46285  37.144  -42.358  55.781 0.0000000000
47448  36.444  -41.366  53.652 0.0000000000
47452  36.007  -41.251  52.890 0.0000000000
47453  35.343  -41.545  52.508 0.0000000000
46371  34.861  -41.932  52.401 0.0000000000
45114  34.089  -42.655  53.246 0.0000000000
45133  33.315  -42.821  51.730 0.0000000000
42752  32.010  -43.568  50.665 0.0000000000
42665  36.757  -44.501  59.382 0.0000000000
42666  36.136  -44.517  58.841 0.0000000000
43798  35.154  -44.210  57.966 0.0000000000
42679  35.801  -44.340  58.175 0.0000000000
42693  35.207  -44.181  57.333 0.0000000000
42707  34.639  -43.899  56.498 0.0000000000
46262  32.624  -42.655  56.220 0.0000000000
45040  33.746  -43.562  56.497 0.0000000000
43834  33.770  -43.639  56.142 0.0000000000
42719  34.012  -43.765  55.759 0.0000000000
42729  33.820  -43.563  54.928 0.0000000000
42746  33.247  -43.706  53.935 0.0000000000
45100  31.911  -43.127  53.061 0.0000000000
42753  31.729  -43.444  50.922 0.0000000000
42779  31.632  -43.541  50.246 0.0000000000
43937  30.968  -43.414  50.153 0.0000000000
45172  30.530  -43.136  49.729 0.0000000000
46395  30.201  -42.588  49.745 0.0000000000
45154  30.294  -42.338  50.870 0.0000000000
46396  29.815  -42.221  49.229 0.0000000000
48647  24.813  -40.716  48.671 0.0000000000
47511  25.021  -40.817  48.015 0.0000000000
46417  24.409  -42.359  47.898 0.0000000000
73080  54.069  -20.670  37.220 0.0000000000
70576  52.820  -22.437  35.780 0.0000000000
66975  48.194  -25.625  36.833 0.0000000000
65797  48.475  -26.774  36.575 0.0000000000
50880  28.544  -38.813  63.203 0.0000000000
48496  27.023  -40.563  62.376 0.0000000000
48478  26.889  -41.485  62.693 0.0000000000
47323  26.266  -41.520  63.138 0.0000000000
47324  25.672  -41.338  63.446 0.0000000000
49639  25.165  -40.073  63.864 0.0000000000
46139  25.281  -41.868  63.133 0.0000000000
47356  24.634  -41.838  62.421 0.0000000000
47357  24.132  -41.327  62.305 0.0000000000
47369  23.611  -41.220  61.234 0.0000000000
47370  23.185  -40.929  60.608 0.0000000000
48538  22.621  -40.484  60.148 0.0000000000
50829  22.777  -38.321  65.783 0.0000000000
48482  23.233  -39.509  64.547 0.0000000000
49703  22.893  -39.609  63.084 0.0000000000
49704  22.251  -39.403  63.025 0.0000000000
48512  22.602  -39.742  62.446 0.0000000000
48565  21.083  -40.457  58.525 0.0000000000
48526  18.761  -40.184  60.507 0.0000000000
76540  53.175  -17.217  32.227 0.0000000000
74340  51.908  -18.893  33.203 0.0000000000
74331  51.785  -19.088  33.731 0.0000000000
76483  55.041  -17.692  37.873 0.0000000000
74274  55.180  -18.350  37.947 0.0000000000
74262  55.066  -18.220  38.289 0.0000000000
72967  52.510  -20.924  43.729 0.0000000000
69222  50.540  -23.590  44.212 0.0000000000
69221  51.079  -23.198  43.836 0.0000000000
69233  51.120  -23.245  42.974 0.0000000000
68071  49.650  -24.617  41.830 0.0000000000
68089  49.596  -24.451  40.802 0.0000000000
66910  48.044  -24.915  39.373 0.0000000000
66912  46.936  -25.765  39.533 0.0000000000
67980  49.341  -24.679  49.630 0.0000000000
65623  48.520  -25.634  48.057 0.0000000000
65624  47.952  -26.098  47.719 0.0000000000
60840  46.779  -30.616  50.338 0.0000000000
62099  47.644  -29.472  50.656 0.0000000000
63250  48.099  -28.483  50.809 0.0000000000
63256  47.909  -28.162  50.090 0.0000000000
64453  47.860  -27.510  49.464 0.0000000000
63265  46.979  -28.361  48.790 0.0000000000
64462  47.765  -27.118  48.864 0.0000000000
64472  47.701  -26.904  48.376 0.0000000000
63308  45.740  -27.769  46.303 0.0000000000
63346  45.003  -27.916  44.416 0.0000000000
63347  44.626  -28.179  43.935 0.0000000000
60920  44.074  -29.931  45.958 0.0000000000
62170  44.191  -28.836  45.066 0.0000000000
63331  44.165  -28.617  44.539 0.0000000000
62227  42.129  -29.213  42.127 0.0000000000
59856  39.580  -32.076  40.168 0.0000000000
58659  39.509  -32.809  40.722 0.0000000000
54898  40.827  -35.937  44.003 0.0000000000
53726  39.529  -36.698  42.981 0.0000000000
53725  39.896  -36.309  43.172 0.0000000000
54957  38.669  -35.609  41.512 0.0000000000
52488  38.069  -37.287  42.225 0.0000000000
52526  36.710  -37.034  40.750 0.0000000000
53759  37.520  -36.684  41.241 0.0000000000
53773  37.808  -35.998  40.824 0.0000000000
48605  40.712  -39.595  52.749 0.0000000000
48614  38.695  -39.740  51.866 0.0000000000
48623  36.149  -40.084  50.577 0.0000000000
48632  35.980  -39.790  49.482 0.0000000000
49907  36.288  -39.350  48.034 0.0000000000
49956  34.483  -39.192  45.329 0.0000000000
43961  31.450  -43.879  48.912 0.0000000000
45201  31.911  -43.330  48.071 0.0000000000
45202  31.368  -43.396  47.417 0.0000000000
46413  31.886  -42.847  47.501 0.0000000000
45241  29.647  -42.414  44.854 0.0000000000
46453  29.379  -41.897  44.407 0.0000000000
46452  29.958  -42.053  45.039 0.0000000000
47540  31.396  -41.539  45.866 0.0000000000
48685  31.869  -40.562  45.565 0.0000000000
48722  31.180  -39.918  43.883 0.0000000000
49959  31.792  -39.420  43.980 0.0000000000
49989  32.049  -38.814  42.856 0.0000000000
51239  32.393  -38.375  42.313 0.0000000000
73166  53.635  -20.472  30.687 0.0000000000
71904  55.015  -20.573  29.817 0.0000000000
69391  54.704  -23.033  31.865 0.0000000000
71817  55.738  -21.440  35.713 0.0000000000
42656  36.035  -44.547  59.374 0.0000000000
42662  39.951  -43.560  58.988 0.0000000000
42674  39.933  -43.609  58.674 0.0000000000
42675  39.515  -43.681  58.635 0.0000000000
42676  39.135  -43.731  58.534 0.0000000000
42688  39.916  -43.611  58.271 0.0000000000
42690  38.994  -43.703  58.346 0.0000000000
42695  34.313  -43.808  56.895 0.0000000000
42720  33.630  -43.527  55.363 0.0000000000
42738  33.275  -43.497  54.336 0.0000000000
42744  33.539  -43.301  53.632 0.0000000000
42754  31.533  -43.363  51.033 0.0000000000
42833  31.994  -43.959  49.083 0.0000000000
42834  31.752  -43.869  49.192 0.0000000000
43729  28.087  -42.828  62.234 0.0000000000
43778  40.116  -43.515  59.012 0.0000000000
43795  39.190  -43.815  58.777 0.0000000000
43800  34.170  -43.671  57.381 0.0000000000
43808  40.998  -43.393  57.951 0.0000000000
43833  35.985  -43.693  56.764 0.0000000000
43848  33.650  -43.549  55.605 0.0000000000
43849  33.281  -43.385  55.062 0.0000000000
43868  34.254  -43.232  54.294 0.0000000000
43870  32.375  -43.327  53.309 0.0000000000
44884  26.562  -42.195  63.048 0.0000000000
44895  33.465  -42.616  62.447 0.0000000000
44922  25.245  -42.643  62.173 0.0000000000
44972  40.717  -43.139  59.417 0.0000000000
44994  41.204  -43.130  58.346 0.0000000000
44999  31.059  -42.484  58.915 0.0000000000
45057  40.790  -42.299  57.047 0.0000000000
45080  36.672  -42.486  55.780 0.0000000000
45082  35.222  -42.908  54.957 0.0000000000
45085  31.910  -42.998  53.651 0.0000000000
46168  36.432  -42.118  61.851 0.0000000000
46235  25.302  -42.220  58.253 0.0000000000
46248  27.852  -42.172  57.692 0.0000000000
46279  42.705  -41.218  56.247 0.0000000000
46311  35.195  -42.582  54.548 0.0000000000
46312  32.648  -43.041  54.758 0.0000000000
46415  28.888  -42.166  46.889 0.0000000000
47311  24.138  -40.037  64.686 0.0000000000
47322  27.128  -41.847  62.972 0.0000000000
47396  41.432  -41.996  59.931 0.0000000000
47407  22.530  -41.654  58.465 0.0000000000
47422  44.087  -40.420  56.328 0.0000000000
47428  44.262  -40.282  55.912 0.0000000000
47434  20.307  -41.827  55.913 0.0000000000
47492  33.281  -41.572  49.334 0.0000000000
47504  33.748  -40.832  48.965 0.0000000000
48454  24.227  -39.376  64.914 0.0000000000
48455  24.024  -39.487  65.013 0.0000000000
48493  29.935  -40.762  63.264 0.0000000000
48498  25.694  -39.635  62.989 0.0000000000
48584  44.413  -40.008  56.491 0.0000000000
48596  39.108  -40.763  54.337 0.0000000000
48598  42.722  -39.677  53.810 0.0000000000
48627  24.616  -40.590  49.851 0.0000000000
48628  24.343  -40.690  49.853 0.0000000000
48635  25.341  -40.515  49.004 0.0000000000
48724  29.801  -40.362  43.307 0.0000000000
49635  23.168  -38.818  65.650 0.0000000000
49728  17.717  -40.236  61.959 0.0000000000
49775  44.097  -39.305  58.128 0.0000000000
49842  45.215  -38.707  53.560 0.0000000000
49875  36.768  -39.754  50.597 0.0000000000
49880  42.834  -38.666  49.493 0.0000000000
49940  34.597  -39.474  46.011 0.0000000000
50826  24.096  -38.899  65.063 0.0000000000
50842  22.028  -38.020  65.339 0.0000000000
51091  45.677  -38.414  53.709 0.0000000000
51111  44.556  -38.465  51.929 0.0000000000
51131  42.074  -38.803  49.629 0.0000000000
51158  39.221  -38.481  46.727 0.0000000000
51170  39.281  -38.508  46.537 0.0000000000
51171  38.968  -38.490  46.620 0.0000000000
52460  39.939  -37.285  43.975 0.0000000000
52473  39.611  -37.119  43.361 0.0000000000
52525  37.236  -36.927  41.150 0.0000000000
58674  38.786  -33.177  39.429 0.0000000000
59843  39.718  -32.209  40.621 0.0000000000
62113  46.887  -28.981  49.224 0.0000000000
62247  40.831  -30.229  40.955 0.0000000000
65721  46.806  -25.988  41.474 0.0000000000
68120  47.877  -25.037  38.455 0.0000000000
70410  51.709  -21.336  46.054 0.0000000000
71650  51.752  -21.241  45.939 0.0000000000
71749  51.818  -22.042  39.380 0.0000000000
71875  53.000  -20.811  31.626 0.0000000000
75477  51.945  -18.535  33.161 0.0000000000
