#!ascii label  , from subject sub.01.bl.01 vox2ras=TkReg
858
48187  -14.317  -25.982  70.490 0.0000000000
57394  -39.118  -18.265  69.899 0.0000000000
68888  -37.668  -8.754  66.191 0.0000000000
72532  -44.711  -5.680  59.474 0.0000000000
55087  -36.628  -21.815  69.743 0.0000000000
71255  -40.779  -5.980  62.352 0.0000000000
72609  -43.994  -5.766  52.775 0.0000000000
74659  -48.720  -3.334  52.714 0.0000000000
56259  -42.361  -19.499  66.683 0.0000000000
62984  -42.910  -13.557  66.714 0.0000000000
64058  -39.539  -12.694  67.664 0.0000000000
52826  -15.400  -22.937  72.921 0.0000000000
49303  -19.541  -25.500  72.565 0.0000000000
44915  -22.873  -29.879  71.944 0.0000000000
43916  -27.166  -30.595  70.899 0.0000000000
44948  -31.196  -29.459  69.639 0.0000000000
48273  -35.370  -26.912  67.783 0.0000000000
50565  -40.401  -24.116  67.801 0.0000000000
68917  -41.707  -8.749  64.885 0.0000000000
74661  -50.304  -2.793  52.858 0.0000000000
57417  -40.455  -18.576  69.012 0.0000000000
59691  -40.717  -16.083  69.013 0.0000000000
60840  -39.469  -15.512  68.637 0.0000000000
51713  -15.742  -23.304  70.845 0.0000000000
51680  -17.820  -23.750  72.758 0.0000000000
48175  -32.048  -26.525  70.844 0.0000000000
45988  -32.936  -27.944  69.005 0.0000000000
48200  -34.279  -25.919  70.023 0.0000000000
56212  -38.197  -20.242  69.678 0.0000000000
52869  -37.824  -22.754  69.704 0.0000000000
55089  -39.492  -20.874  68.918 0.0000000000
54011  -41.370  -21.779  67.267 0.0000000000
66477  -40.330  -10.561  68.120 0.0000000000
66516  -42.915  -11.566  65.972 0.0000000000
69996  -40.145  -8.046  66.903 0.0000000000
72498  -42.588  -5.503  60.803 0.0000000000
73531  -43.043  -4.554  63.513 0.0000000000
72484  -45.583  -5.497  61.825 0.0000000000
72502  -47.225  -5.883  59.878 0.0000000000
70288  -46.525  -7.810  51.442 0.0000000000
70249  -45.690  -7.859  53.814 0.0000000000
52879  -34.774  -23.178  68.615 0.0000000000
70123  -42.133  -7.255  58.486 0.0000000000
73653  -46.224  -4.403  52.531 0.0000000000
71469  -47.240  -6.395  50.290 0.0000000000
73701  -50.153  -4.766  50.508 0.0000000000
54062  -44.129  -20.539  64.857 0.0000000000
59737  -42.225  -16.632  66.641 0.0000000000
62950  -41.124  -13.638  68.686 0.0000000000
49286  -14.726  -24.617  73.173 0.0000000000
45937  -20.221  -28.559  72.087 0.0000000000
47013  -21.116  -27.726  72.212 0.0000000000
43911  -21.556  -30.504  71.456 0.0000000000
41799  -23.659  -32.371  71.382 0.0000000000
40804  -25.496  -33.158  71.090 0.0000000000
41820  -28.220  -32.747  70.325 0.0000000000
43933  -29.091  -30.661  70.450 0.0000000000
43956  -33.174  -31.089  68.066 0.0000000000
49353  -36.146  -24.670  69.872 0.0000000000
48276  -38.181  -25.794  67.853 0.0000000000
48295  -40.107  -26.373  66.957 0.0000000000
49430  -42.049  -25.018  66.189 0.0000000000
51805  -43.274  -23.050  65.960 0.0000000000
72409  -40.981  -5.963  65.171 0.0000000000
69068  -44.849  -8.277  55.576 0.0000000000
71349  -46.611  -5.915  57.584 0.0000000000
49297  -13.338  -25.132  72.477 0.0000000000
57395  -39.695  -18.130  69.868 0.0000000000
58555  -40.036  -17.206  69.594 0.0000000000
59715  -39.284  -16.440  68.737 0.0000000000
50525  -32.323  -25.167  70.163 0.0000000000
49350  -33.349  -25.636  70.387 0.0000000000
50526  -33.569  -24.658  69.895 0.0000000000
56226  -38.373  -19.430  69.288 0.0000000000
55060  -38.971  -20.965  70.122 0.0000000000
56214  -39.324  -19.184  69.899 0.0000000000
55090  -39.708  -19.909  69.257 0.0000000000
67753  -40.348  -9.226  67.596 0.0000000000
69994  -39.170  -7.879  66.542 0.0000000000
72515  -43.270  -5.524  60.183 0.0000000000
73572  -44.050  -4.757  61.148 0.0000000000
73584  -45.316  -5.148  60.297 0.0000000000
72485  -46.098  -5.540  61.226 0.0000000000
73585  -46.226  -5.238  59.927 0.0000000000
69135  -47.397  -8.373  51.567 0.0000000000
70270  -47.313  -8.104  53.125 0.0000000000
69103  -48.110  -8.287  53.429 0.0000000000
74645  -46.207  -3.133  53.649 0.0000000000
73654  -47.109  -4.171  52.440 0.0000000000
72638  -46.895  -5.674  50.925 0.0000000000
73686  -47.995  -4.891  51.287 0.0000000000
71470  -48.408  -6.145  50.228 0.0000000000
73669  -48.740  -4.473  51.772 0.0000000000
73689  -50.261  -3.869  51.472 0.0000000000
55138  -43.579  -20.389  66.173 0.0000000000
57471  -43.855  -18.481  65.942 0.0000000000
58611  -41.868  -18.084  66.871 0.0000000000
61891  -40.111  -14.834  69.046 0.0000000000
61906  -40.987  -14.629  69.031 0.0000000000
64042  -40.294  -12.927  68.706 0.0000000000
65210  -40.176  -11.610  68.266 0.0000000000
65225  -39.569  -11.472  67.654 0.0000000000
49287  -15.685  -24.627  73.095 0.0000000000
50478  -16.209  -24.223  73.281 0.0000000000
51681  -18.618  -24.391  72.847 0.0000000000
45949  -21.825  -28.098  71.325 0.0000000000
45940  -21.740  -28.582  72.364 0.0000000000
44893  -21.427  -29.077  72.608 0.0000000000
43903  -22.003  -30.358  72.427 0.0000000000
42848  -22.504  -31.355  71.382 0.0000000000
43912  -23.208  -30.724  71.873 0.0000000000
42853  -26.821  -31.815  70.887 0.0000000000
40806  -27.105  -33.297  70.713 0.0000000000
42867  -27.782  -31.808  70.601 0.0000000000
45955  -30.425  -28.290  71.195 0.0000000000
45954  -29.534  -28.202  71.427 0.0000000000
44934  -30.214  -29.437  70.617 0.0000000000
43944  -29.496  -31.308  69.996 0.0000000000
43946  -30.751  -30.711  69.370 0.0000000000
42895  -32.216  -31.851  68.457 0.0000000000
44959  -31.762  -30.072  68.796 0.0000000000
47092  -34.482  -27.243  68.275 0.0000000000
46019  -34.117  -28.472  67.184 0.0000000000
47136  -35.128  -27.855  66.738 0.0000000000
48291  -36.398  -27.019  66.891 0.0000000000
51721  -35.586  -23.324  70.129 0.0000000000
51700  -36.364  -23.020  70.453 0.0000000000
51755  -39.131  -23.535  68.434 0.0000000000
50562  -38.178  -24.208  68.885 0.0000000000
49390  -39.295  -24.781  68.019 0.0000000000
48277  -39.346  -25.781  67.432 0.0000000000
49411  -40.460  -25.283  67.446 0.0000000000
50586  -41.086  -24.471  67.509 0.0000000000
54012  -42.113  -21.554  66.802 0.0000000000
52914  -42.757  -22.672  66.670 0.0000000000
55122  -43.199  -21.000  66.472 0.0000000000
54045  -43.847  -21.283  65.530 0.0000000000
52849  -14.559  -23.201  71.347 0.0000000000
52825  -14.471  -22.820  72.802 0.0000000000
51663  -13.897  -23.465  73.617 0.0000000000
60888  -43.518  -15.284  65.951 0.0000000000
61957  -44.190  -14.226  65.576 0.0000000000
66536  -42.580  -10.726  65.188 0.0000000000
71237  -39.815  -6.426  63.960 0.0000000000
72424  -40.104  -6.137  65.196 0.0000000000
72446  -40.397  -5.867  64.186 0.0000000000
71240  -44.181  -5.821  63.058 0.0000000000
71223  -43.339  -5.760  63.927 0.0000000000
70226  -46.974  -7.550  54.783 0.0000000000
69102  -45.042  -8.248  54.253 0.0000000000
70202  -46.104  -7.283  56.092 0.0000000000
70176  -45.778  -7.282  56.859 0.0000000000
71375  -47.134  -6.202  57.162 0.0000000000
71350  -47.309  -5.802  57.799 0.0000000000
75653  -49.377  -2.075  53.956 0.0000000000
74660  -49.734  -2.973  52.961 0.0000000000
76721  -50.301  -1.788  53.818 0.0000000000
75677  -51.199  -1.423  52.905 0.0000000000
57439  -41.071  -18.456  67.772 0.0000000000
58576  -40.960  -17.453  68.191 0.0000000000
58556  -40.439  -17.258  69.268 0.0000000000
60806  -39.867  -15.555  69.129 0.0000000000
61905  -39.739  -14.689  68.582 0.0000000000
52838  -15.318  -22.971  72.004 0.0000000000
52827  -16.090  -23.368  72.952 0.0000000000
51698  -19.112  -24.576  72.225 0.0000000000
47045  -31.891  -27.603  70.617 0.0000000000
45987  -32.370  -28.285  69.503 0.0000000000
47046  -32.578  -27.392  70.209 0.0000000000
48226  -33.603  -26.966  69.664 0.0000000000
48228  -35.276  -25.899  69.519 0.0000000000
55075  -37.291  -21.434  69.706 0.0000000000
52842  -37.368  -22.259  70.123 0.0000000000
52843  -37.932  -21.807  70.078 0.0000000000
52871  -38.656  -22.092  69.255 0.0000000000
52883  -40.273  -22.742  67.942 0.0000000000
52884  -40.879  -23.242  67.700 0.0000000000
53995  -40.250  -21.793  68.088 0.0000000000
55104  -40.689  -20.045  68.045 0.0000000000
51730  -14.586  -23.808  69.405 0.0000000000
65226  -41.677  -11.867  67.611 0.0000000000
65244  -43.214  -12.472  66.293 0.0000000000
66495  -41.557  -10.791  67.013 0.0000000000
67771  -41.334  -9.673  66.715 0.0000000000
68904  -41.287  -8.266  65.896 0.0000000000
72481  -41.899  -5.477  61.879 0.0000000000
73529  -41.972  -5.160  63.439 0.0000000000
73558  -42.527  -4.899  62.251 0.0000000000
73546  -44.494  -4.963  62.592 0.0000000000
70286  -44.895  -6.600  51.746 0.0000000000
70267  -44.487  -6.957  52.229 0.0000000000
70268  -45.495  -7.641  52.377 0.0000000000
70250  -46.820  -7.788  53.667 0.0000000000
58610  -38.807  -17.625  67.953 0.0000000000
57454  -38.520  -18.707  67.865 0.0000000000
70006  -38.565  -7.887  65.989 0.0000000000
71269  -40.101  -7.102  61.316 0.0000000000
71286  -40.783  -7.031  60.409 0.0000000000
71306  -42.681  -6.127  59.805 0.0000000000
71327  -43.304  -6.440  59.084 0.0000000000
73651  -44.704  -4.708  53.095 0.0000000000
71467  -45.710  -6.244  51.188 0.0000000000
70307  -46.359  -7.043  50.665 0.0000000000
69152  -47.471  -8.297  50.797 0.0000000000
73670  -49.762  -4.372  51.828 0.0000000000
72641  -50.187  -5.555  50.831 0.0000000000
56289  -44.423  -19.222  65.160 0.0000000000
58628  -44.062  -17.483  65.531 0.0000000000
60864  -42.861  -15.007  66.653 0.0000000000
59716  -41.414  -16.608  67.577 0.0000000000
60862  -41.720  -15.140  67.494 0.0000000000
62967  -42.044  -13.454  67.598 0.0000000000
65212  -40.902  -11.837  68.247 0.0000000000
66476  -39.686  -10.163  67.996 0.0000000000
61954  -39.069  -15.298  67.131 0.0000000000
61937  -39.388  -14.431  67.441 0.0000000000
64075  -39.356  -12.248  66.845 0.0000000000
48162  -14.087  -25.604  71.319 0.0000000000
49318  -15.426  -25.209  71.997 0.0000000000
44926  -20.758  -29.573  70.526 0.0000000000
51735  -19.272  -24.090  70.208 0.0000000000
50491  -19.951  -25.355  71.924 0.0000000000
48141  -20.266  -26.842  72.401 0.0000000000
44903  -20.831  -29.425  72.167 0.0000000000
41817  -23.952  -32.989  70.642 0.0000000000
40832  -25.280  -33.372  70.046 0.0000000000
44916  -27.696  -29.574  70.812 0.0000000000
44917  -28.413  -29.329  70.936 0.0000000000
43917  -28.111  -30.527  70.803 0.0000000000
42868  -28.601  -31.870  70.331 0.0000000000
41836  -29.299  -32.914  69.854 0.0000000000
44961  -32.984  -29.102  68.147 0.0000000000
50527  -34.929  -24.238  70.074 0.0000000000
49352  -35.503  -24.979  70.143 0.0000000000
48229  -36.079  -25.533  69.174 0.0000000000
50531  -37.310  -23.767  69.580 0.0000000000
49388  -37.460  -25.069  68.859 0.0000000000
48275  -37.043  -26.270  67.784 0.0000000000
48293  -37.914  -26.691  67.020 0.0000000000
47141  -39.573  -27.610  66.707 0.0000000000
49466  -41.601  -25.434  64.479 0.0000000000
51773  -41.891  -23.520  67.322 0.0000000000
50630  -42.431  -24.423  66.053 0.0000000000
50668  -42.363  -24.045  64.649 0.0000000000
52949  -43.166  -22.829  64.543 0.0000000000
49285  -13.752  -24.632  73.117 0.0000000000
71193  -39.174  -7.343  66.046 0.0000000000
71196  -40.691  -7.010  66.090 0.0000000000
70021  -41.579  -7.365  65.283 0.0000000000
72427  -42.423  -5.571  64.382 0.0000000000
70022  -42.047  -6.835  64.718 0.0000000000
68930  -41.771  -8.801  63.585 0.0000000000
70141  -42.466  -7.615  57.862 0.0000000000
70126  -44.707  -6.731  58.437 0.0000000000
70248  -44.497  -7.800  53.036 0.0000000000
69100  -43.537  -8.047  53.602 0.0000000000
69050  -44.252  -8.199  56.413 0.0000000000
70144  -45.390  -6.922  57.836 0.0000000000
72548  -45.816  -5.790  58.457 0.0000000000
72535  -47.074  -5.365  58.604 0.0000000000
48211  -13.510  -26.365  69.826 0.0000000000
58575  -39.161  -17.284  69.383 0.0000000000
50559  -32.001  -24.887  69.110 0.0000000000
50544  -32.559  -24.685  69.501 0.0000000000
50545  -33.410  -24.305  69.092 0.0000000000
57416  -38.742  -18.414  69.433 0.0000000000
56213  -38.732  -19.817  69.750 0.0000000000
68871  -38.041  -8.839  67.082 0.0000000000
68872  -38.710  -8.625  67.042 0.0000000000
69992  -38.027  -8.472  66.420 0.0000000000
72516  -44.457  -5.351  60.030 0.0000000000
73583  -44.564  -4.970  60.640 0.0000000000
72517  -45.337  -5.332  59.815 0.0000000000
73595  -45.822  -5.262  59.706 0.0000000000
69119  -47.808  -8.468  52.544 0.0000000000
74647  -48.039  -3.068  53.316 0.0000000000
74658  -47.617  -3.570  52.888 0.0000000000
73668  -47.469  -4.589  51.759 0.0000000000
73655  -47.940  -4.023  52.305 0.0000000000
55137  -42.926  -19.991  66.499 0.0000000000
56274  -43.053  -19.448  66.382 0.0000000000
57456  -42.407  -18.713  66.583 0.0000000000
62947  -39.923  -13.893  68.660 0.0000000000
62948  -40.164  -13.840  68.840 0.0000000000
64026  -40.109  -13.543  68.766 0.0000000000
64041  -39.895  -12.611  68.313 0.0000000000
52813  -15.461  -23.316  73.238 0.0000000000
51665  -15.753  -23.708  73.274 0.0000000000
50489  -19.041  -24.852  72.798 0.0000000000
50481  -18.766  -24.994  73.048 0.0000000000
44927  -22.565  -28.840  71.345 0.0000000000
45950  -22.086  -28.419  71.679 0.0000000000
44914  -22.490  -29.107  71.896 0.0000000000
44905  -22.099  -29.553  72.590 0.0000000000
44906  -22.723  -29.946  72.245 0.0000000000
43904  -22.503  -30.495  72.230 0.0000000000
43915  -26.319  -31.100  71.080 0.0000000000
42854  -27.476  -31.183  70.799 0.0000000000
44935  -30.809  -28.946  70.457 0.0000000000
45970  -30.656  -28.711  70.768 0.0000000000
44947  -30.491  -30.046  69.908 0.0000000000
43954  -31.528  -30.757  68.837 0.0000000000
47093  -34.984  -27.118  67.840 0.0000000000
47114  -34.625  -27.617  67.358 0.0000000000
47115  -35.369  -27.217  67.174 0.0000000000
47137  -35.811  -27.803  66.535 0.0000000000
48274  -36.027  -26.714  67.544 0.0000000000
52856  -35.975  -22.562  69.992 0.0000000000
52840  -36.420  -22.533  70.275 0.0000000000
50564  -39.755  -24.245  68.036 0.0000000000
50563  -38.842  -24.211  68.410 0.0000000000
49391  -39.983  -24.837  67.816 0.0000000000
50585  -40.384  -24.595  67.728 0.0000000000
49412  -41.146  -25.248  67.192 0.0000000000
55121  -42.502  -20.527  66.674 0.0000000000
54013  -42.932  -21.520  66.610 0.0000000000
52812  -14.646  -23.068  73.360 0.0000000000
61940  -43.180  -14.304  66.431 0.0000000000
61975  -44.074  -14.773  65.609 0.0000000000
63000  -43.472  -13.562  66.207 0.0000000000
67788  -41.879  -9.920  65.426 0.0000000000
66555  -42.609  -10.834  64.593 0.0000000000
67800  -41.942  -10.051  64.529 0.0000000000
67813  -41.783  -10.006  63.739 0.0000000000
72464  -40.325  -6.070  63.472 0.0000000000
71429  -43.625  -6.205  52.892 0.0000000000
70204  -47.736  -7.290  55.908 0.0000000000
70225  -46.028  -7.388  55.124 0.0000000000
70177  -46.631  -6.784  56.870 0.0000000000
56228  -40.509  -18.787  68.739 0.0000000000
57418  -40.656  -18.204  68.714 0.0000000000
57397  -40.550  -17.737  69.123 0.0000000000
59668  -39.661  -16.168  69.250 0.0000000000
59669  -39.878  -16.318  69.367 0.0000000000
60805  -39.664  -15.659  69.056 0.0000000000
61890  -39.950  -14.775  68.896 0.0000000000
60821  -39.679  -15.400  68.909 0.0000000000
51716  -18.590  -23.823  71.103 0.0000000000
50524  -31.553  -25.698  70.354 0.0000000000
49325  -31.688  -26.059  70.844 0.0000000000
47032  -31.487  -27.301  71.021 0.0000000000
47033  -32.139  -27.103  70.726 0.0000000000
48198  -32.591  -26.758  70.571 0.0000000000
48199  -33.371  -26.619  70.185 0.0000000000
48227  -34.262  -26.726  69.385 0.0000000000
56211  -37.704  -20.724  69.706 0.0000000000
55057  -37.762  -21.073  69.959 0.0000000000
56197  -37.978  -20.660  69.933 0.0000000000
55077  -39.109  -20.401  69.859 0.0000000000
53969  -38.711  -21.114  70.071 0.0000000000
53982  -38.920  -21.537  69.389 0.0000000000
52882  -39.124  -22.580  68.642 0.0000000000
53994  -39.593  -21.795  68.505 0.0000000000
55102  -39.913  -21.283  68.449 0.0000000000
56227  -40.307  -19.244  68.910 0.0000000000
56244  -40.523  -19.781  68.375 0.0000000000
56245  -40.714  -19.282  68.114 0.0000000000
52850  -14.896  -23.070  71.347 0.0000000000
66478  -40.809  -10.875  67.868 0.0000000000
68875  -40.474  -8.895  67.255 0.0000000000
68890  -40.859  -8.606  66.662 0.0000000000
68891  -41.399  -9.020  66.278 0.0000000000
72497  -42.036  -5.738  61.128 0.0000000000
72482  -42.881  -4.975  61.476 0.0000000000
73561  -45.143  -4.954  61.688 0.0000000000
73560  -44.263  -4.683  61.833 0.0000000000
73547  -45.093  -5.200  62.158 0.0000000000
72468  -45.021  -5.622  62.402 0.0000000000
71272  -46.050  -5.909  61.624 0.0000000000
70287  -45.482  -6.965  51.417 0.0000000000
57438  -38.548  -18.494  68.703 0.0000000000
70122  -41.443  -7.533  58.655 0.0000000000
71325  -41.914  -7.131  58.923 0.0000000000
71326  -42.410  -6.807  59.047 0.0000000000
74656  -45.738  -3.915  53.161 0.0000000000
73646  -45.032  -4.248  53.320 0.0000000000
73652  -45.325  -4.590  52.772 0.0000000000
72622  -45.506  -5.624  51.658 0.0000000000
72611  -45.753  -5.013  52.197 0.0000000000
71468  -46.340  -6.287  50.797 0.0000000000
70289  -47.137  -8.115  50.963 0.0000000000
70308  -47.474  -7.699  50.274 0.0000000000
70309  -48.216  -8.133  50.114 0.0000000000
71496  -47.888  -6.833  49.753 0.0000000000
72640  -49.116  -5.393  51.072 0.0000000000
74674  -50.034  -3.547  52.342 0.0000000000
74691  -50.204  -4.129  50.938 0.0000000000
73688  -50.209  -4.609  51.354 0.0000000000
55164  -43.939  -20.581  64.366 0.0000000000
55165  -44.230  -19.911  64.601 0.0000000000
58627  -43.134  -17.619  66.069 0.0000000000
59755  -43.243  -16.519  65.928 0.0000000000
60887  -42.782  -15.752  66.440 0.0000000000
60863  -42.173  -15.420  67.061 0.0000000000
59692  -40.897  -16.435  68.534 0.0000000000
58594  -41.417  -17.771  67.435 0.0000000000
61907  -41.257  -14.501  68.439 0.0000000000
61923  -41.732  -14.358  67.643 0.0000000000
62966  -41.585  -13.547  68.135 0.0000000000
64044  -41.371  -12.701  68.295 0.0000000000
64043  -40.771  -12.764  68.581 0.0000000000
65209  -39.858  -11.170  67.947 0.0000000000
66459  -39.861  -10.565  68.066 0.0000000000
49298  -14.220  -25.080  72.640 0.0000000000
49317  -14.609  -25.248  71.968 0.0000000000
49299  -15.130  -25.071  72.675 0.0000000000
49300  -16.106  -25.114  72.548 0.0000000000
51679  -16.917  -23.550  72.504 0.0000000000
51667  -17.813  -24.245  73.201 0.0000000000
47023  -19.581  -27.753  71.668 0.0000000000
45947  -20.213  -28.614  71.391 0.0000000000
45962  -20.150  -28.549  70.587 0.0000000000
45948  -20.425  -29.070  71.385 0.0000000000
51736  -19.727  -24.623  70.333 0.0000000000
51717  -19.279  -24.474  71.252 0.0000000000
47012  -20.588  -27.335  72.273 0.0000000000
47006  -20.623  -27.723  72.391 0.0000000000
43902  -21.520  -30.328  72.105 0.0000000000
44892  -20.995  -29.111  72.516 0.0000000000
43901  -21.136  -29.976  71.701 0.0000000000
43910  -21.162  -30.047  71.042 0.0000000000
43925  -21.737  -30.613  70.663 0.0000000000
41798  -22.896  -31.948  71.254 0.0000000000
41816  -23.095  -32.116  70.627 0.0000000000
41832  -23.165  -32.171  69.894 0.0000000000
41801  -25.215  -32.572  71.427 0.0000000000
40816  -24.779  -33.270  70.716 0.0000000000
40805  -26.387  -33.245  70.831 0.0000000000
41819  -27.492  -32.787  70.616 0.0000000000
40819  -27.826  -33.553  70.328 0.0000000000
39870  -28.486  -34.052  69.804 0.0000000000
40820  -28.777  -33.537  70.007 0.0000000000
44918  -29.271  -29.303  70.974 0.0000000000
45953  -28.720  -28.331  71.333 0.0000000000
43918  -28.729  -29.931  70.816 0.0000000000
43932  -28.401  -31.206  70.563 0.0000000000
42880  -29.870  -31.890  69.708 0.0000000000
41838  -30.397  -32.673  69.333 0.0000000000
41837  -29.789  -32.810  69.637 0.0000000000
42896  -33.359  -31.966  68.200 0.0000000000
46004  -32.734  -28.555  68.684 0.0000000000
51719  -34.087  -24.042  69.287 0.0000000000
51720  -34.703  -23.652  69.641 0.0000000000
49327  -35.934  -24.362  70.239 0.0000000000
49370  -35.731  -25.400  69.644 0.0000000000
49371  -36.096  -25.147  69.570 0.0000000000
52857  -37.617  -22.501  69.936 0.0000000000
50530  -37.210  -23.340  69.906 0.0000000000
50546  -37.556  -23.406  69.619 0.0000000000
49389  -38.298  -24.921  68.480 0.0000000000
49373  -37.419  -24.399  69.218 0.0000000000
48255  -37.771  -25.377  68.526 0.0000000000
48254  -36.990  -25.548  68.665 0.0000000000
48294  -38.979  -26.617  67.067 0.0000000000
49429  -41.471  -25.526  66.487 0.0000000000
49447  -41.859  -25.458  65.461 0.0000000000
52897  -41.185  -22.744  67.559 0.0000000000
51789  -43.019  -22.879  66.457 0.0000000000
51788  -42.591  -23.439  66.582 0.0000000000
51804  -42.824  -23.758  65.815 0.0000000000
50647  -42.514  -24.219  65.318 0.0000000000
51818  -43.013  -23.517  65.057 0.0000000000
51819  -43.417  -22.756  65.216 0.0000000000
54046  -44.050  -20.774  65.239 0.0000000000
52950  -43.524  -22.037  64.790 0.0000000000
54061  -43.843  -21.153  64.677 0.0000000000
50476  -14.289  -24.044  73.475 0.0000000000
65260  -42.823  -11.671  66.229 0.0000000000
64094  -43.656  -12.929  65.894 0.0000000000
64109  -43.665  -12.551  65.515 0.0000000000
70019  -38.431  -7.715  65.169 0.0000000000
71192  -38.919  -7.504  65.822 0.0000000000
72408  -40.322  -6.185  65.509 0.0000000000
71209  -40.611  -6.293  65.566 0.0000000000
71210  -41.053  -6.603  65.505 0.0000000000
73530  -42.416  -4.811  63.432 0.0000000000
72448  -42.025  -5.182  63.783 0.0000000000
73512  -43.128  -4.841  64.139 0.0000000000
71222  -42.756  -6.332  64.164 0.0000000000
70033  -41.929  -7.520  64.416 0.0000000000
70142  -43.367  -7.546  57.994 0.0000000000
70143  -44.337  -7.347  57.927 0.0000000000
69086  -45.329  -8.038  54.831 0.0000000000
69101  -44.493  -8.304  53.873 0.0000000000
69085  -44.556  -8.466  54.707 0.0000000000
69084  -43.632  -8.476  54.451 0.0000000000
69067  -43.832  -8.530  55.478 0.0000000000
70145  -46.155  -6.606  57.458 0.0000000000
71348  -45.971  -6.115  58.006 0.0000000000
72549  -46.269  -5.622  58.332 0.0000000000
72534  -46.540  -5.371  58.783 0.0000000000
72550  -46.787  -5.462  58.171 0.0000000000
57396  -40.305  -18.169  69.390 0.0000000000
58554  -39.538  -17.081  69.553 0.0000000000
59690  -39.493  -16.229  69.089 0.0000000000
50505  -31.988  -25.600  70.607 0.0000000000
49326  -32.413  -25.837  70.709 0.0000000000
50506  -32.696  -25.291  70.470 0.0000000000
56199  -38.372  -20.502  69.918 0.0000000000
55078  -39.459  -19.594  69.722 0.0000000000
56215  -39.813  -19.021  69.614 0.0000000000
67734  -40.127  -9.755  68.038 0.0000000000
67735  -40.482  -10.209  67.961 0.0000000000
68853  -39.608  -9.194  67.619 0.0000000000
68873  -39.385  -8.536  67.120 0.0000000000
69995  -39.798  -7.700  66.704 0.0000000000
72514  -42.760  -5.722  60.255 0.0000000000
72483  -43.384  -4.829  61.370 0.0000000000
72499  -43.558  -5.054  60.879 0.0000000000
73573  -44.866  -4.790  61.049 0.0000000000
73574  -45.754  -5.102  60.842 0.0000000000
72501  -46.663  -5.624  60.337 0.0000000000
72518  -46.680  -5.335  59.726 0.0000000000
69134  -46.835  -8.158  51.994 0.0000000000
69118  -47.147  -8.217  52.371 0.0000000000
74657  -46.669  -3.690  53.016 0.0000000000
73667  -46.708  -4.604  52.055 0.0000000000
72623  -46.506  -5.149  51.616 0.0000000000
72624  -47.356  -5.155  51.258 0.0000000000
72639  -47.922  -5.436  50.767 0.0000000000
73687  -48.462  -5.077  51.249 0.0000000000
72625  -49.425  -4.890  51.607 0.0000000000
74675  -50.420  -3.140  52.018 0.0000000000
72654  -50.216  -5.454  50.087 0.0000000000
55139  -43.926  -19.792  65.888 0.0000000000
56276  -44.158  -19.259  65.734 0.0000000000
56275  -43.701  -19.351  66.133 0.0000000000
57470  -43.115  -18.602  66.244 0.0000000000
58612  -42.374  -17.849  66.506 0.0000000000
60822  -40.636  -15.474  69.158 0.0000000000
60823  -41.030  -15.435  68.803 0.0000000000
61892  -40.481  -14.886  69.112 0.0000000000
62949  -40.841  -13.775  68.857 0.0000000000
66494  -39.009  -10.741  67.296 0.0000000000
50477  -15.277  -24.094  73.409 0.0000000000
49288  -16.608  -24.806  73.127 0.0000000000
47005  -20.001  -27.547  72.469 0.0000000000
45931  -21.310  -28.573  72.529 0.0000000000
45932  -21.714  -28.984  72.652 0.0000000000
42834  -21.955  -30.836  71.692 0.0000000000
42835  -22.065  -31.078  71.912 0.0000000000
42849  -22.886  -31.307  71.806 0.0000000000
41802  -26.086  -32.637  71.132 0.0000000000
41803  -26.863  -32.746  70.922 0.0000000000
42866  -27.226  -32.321  70.744 0.0000000000
47017  -30.013  -27.242  71.489 0.0000000000
47016  -29.554  -27.513  71.522 0.0000000000
44919  -29.864  -28.802  71.126 0.0000000000
44933  -29.580  -29.883  70.712 0.0000000000
43934  -29.712  -30.161  70.498 0.0000000000
42881  -30.523  -31.746  69.376 0.0000000000
43955  -32.402  -30.798  68.365 0.0000000000
47091  -33.906  -27.495  68.476 0.0000000000
46005  -33.375  -28.191  68.155 0.0000000000
47113  -34.024  -27.705  67.849 0.0000000000
47138  -36.642  -27.568  66.469 0.0000000000
47139  -37.616  -27.552  66.480 0.0000000000
52880  -35.336  -22.729  68.710 0.0000000000
52867  -35.057  -23.106  69.199 0.0000000000
52855  -35.407  -23.011  69.703 0.0000000000
51722  -35.838  -23.198  70.528 0.0000000000
49328  -36.242  -24.161  70.162 0.0000000000
51754  -38.398  -23.500  68.922 0.0000000000
49409  -38.977  -25.262  67.838 0.0000000000
49410  -39.720  -25.252  67.678 0.0000000000
48278  -39.953  -25.644  67.385 0.0000000000
49428  -40.882  -25.845  66.947 0.0000000000
50607  -41.430  -24.931  67.062 0.0000000000
52898  -42.159  -22.565  67.077 0.0000000000
52915  -43.186  -22.290  66.400 0.0000000000
52930  -43.527  -22.165  65.711 0.0000000000
54030  -43.450  -21.463  66.194 0.0000000000
51692  -13.811  -23.388  71.354 0.0000000000
52824  -13.494  -22.850  72.724 0.0000000000
66537  -43.078  -11.511  65.505 0.0000000000
66556  -43.057  -11.298  64.831 0.0000000000
71220  -39.266  -6.934  64.597 0.0000000000
71221  -39.699  -6.427  64.895 0.0000000000
72425  -40.763  -5.809  64.744 0.0000000000
72450  -43.998  -5.427  63.327 0.0000000000
73513  -43.447  -5.034  63.956 0.0000000000
69069  -45.533  -7.696  55.663 0.0000000000
69052  -45.668  -7.506  56.206 0.0000000000
75663  -48.798  -2.620  53.510 0.0000000000
75674  -49.375  -2.824  53.186 0.0000000000
74649  -50.092  -2.665  53.277 0.0000000000
75665  -50.467  -2.169  53.509 0.0000000000
77813  -50.954  -0.987  53.483 0.0000000000
75676  -50.797  -2.106  52.697 0.0000000000
56258  -41.569  -19.501  67.243 0.0000000000
57455  -41.721  -18.678  67.054 0.0000000000
58557  -40.689  -17.306  68.863 0.0000000000
59671  -40.637  -16.706  69.039 0.0000000000
59670  -40.352  -16.368  69.279 0.0000000000
60807  -40.180  -15.550  69.191 0.0000000000
62964  -39.708  -13.704  68.219 0.0000000000
52839  -16.137  -23.256  72.344 0.0000000000
51682  -19.050  -24.713  72.627 0.0000000000
43931  -26.583  -30.337  70.823 0.0000000000
47031  -30.643  -27.274  71.345 0.0000000000
45956  -30.995  -27.801  71.191 0.0000000000
45971  -31.260  -28.302  70.645 0.0000000000
45986  -31.723  -28.570  69.931 0.0000000000
45972  -31.985  -28.028  70.247 0.0000000000
47067  -32.915  -27.600  69.557 0.0000000000
48176  -32.769  -26.254  70.631 0.0000000000
47047  -33.221  -27.190  69.804 0.0000000000
47068  -33.554  -27.399  69.151 0.0000000000
47069  -34.178  -27.192  68.866 0.0000000000
48251  -34.532  -26.990  68.799 0.0000000000
48252  -35.140  -26.727  68.503 0.0000000000
55088  -36.919  -21.463  69.396 0.0000000000
53950  -36.732  -22.190  70.140 0.0000000000
53951  -37.198  -21.880  70.003 0.0000000000
52858  -37.978  -22.006  70.033 0.0000000000
53953  -38.317  -21.335  70.106 0.0000000000
53968  -38.438  -21.697  69.858 0.0000000000
52870  -38.294  -22.501  69.442 0.0000000000
52881  -38.703  -23.033  68.813 0.0000000000
51756  -39.903  -23.506  68.031 0.0000000000
51757  -40.666  -23.655  67.746 0.0000000000
52896  -40.610  -22.320  67.768 0.0000000000
54010  -40.729  -21.787  67.659 0.0000000000
55103  -40.355  -20.637  68.266 0.0000000000
55119  -40.875  -21.209  67.564 0.0000000000
55120  -41.222  -20.563  67.402 0.0000000000
51712  -14.641  -23.399  70.704 0.0000000000
64061  -42.350  -12.837  67.320 0.0000000000
64077  -42.712  -12.947  66.909 0.0000000000
65227  -42.156  -12.384  67.414 0.0000000000
65242  -42.000  -11.518  67.038 0.0000000000
66496  -42.158  -11.321  66.759 0.0000000000
67754  -40.742  -9.719  67.459 0.0000000000
66514  -41.685  -10.314  66.491 0.0000000000
67772  -41.665  -9.808  66.127 0.0000000000
68905  -41.605  -8.968  65.702 0.0000000000
72480  -41.173  -5.784  62.206 0.0000000000
72465  -41.064  -5.533  62.934 0.0000000000
72466  -41.809  -5.289  62.600 0.0000000000
73543  -42.091  -5.060  62.937 0.0000000000
73544  -42.815  -4.571  62.814 0.0000000000
73559  -43.381  -4.647  61.844 0.0000000000
73545  -43.626  -4.595  62.714 0.0000000000
73532  -43.767  -4.851  63.497 0.0000000000
72467  -44.432  -5.516  62.891 0.0000000000
71446  -44.600  -6.180  51.937 0.0000000000
71430  -44.131  -6.179  52.413 0.0000000000
70269  -46.510  -7.979  52.669 0.0000000000
58593  -38.913  -17.452  68.774 0.0000000000
53980  -36.616  -21.484  69.082 0.0000000000
56242  -37.484  -20.405  68.622 0.0000000000
56225  -37.786  -20.122  69.291 0.0000000000
56243  -38.133  -19.497  68.621 0.0000000000
68903  -37.438  -8.836  65.107 0.0000000000
70005  -37.928  -8.307  65.657 0.0000000000
70030  -38.118  -8.016  64.148 0.0000000000
71253  -39.241  -7.342  63.083 0.0000000000
71254  -40.021  -6.661  62.687 0.0000000000
71270  -41.042  -6.255  61.601 0.0000000000
71271  -41.730  -5.904  61.298 0.0000000000
71287  -41.906  -6.189  60.618 0.0000000000
71305  -41.648  -6.951  59.552 0.0000000000
71288  -42.509  -5.864  60.349 0.0000000000
71307  -43.726  -5.825  59.589 0.0000000000
71308  -44.323  -5.708  59.534 0.0000000000
73645  -44.336  -4.446  53.694 0.0000000000
72600  -44.361  -5.000  53.221 0.0000000000
72621  -44.904  -5.808  51.822 0.0000000000
71447  -45.124  -6.229  51.535 0.0000000000
70306  -45.954  -6.644  50.996 0.0000000000
72637  -46.163  -5.780  51.190 0.0000000000
69136  -48.404  -8.905  51.893 0.0000000000
74673  -49.443  -3.717  52.279 0.0000000000
72626  -49.842  -5.073  51.470 0.0000000000
73671  -50.215  -3.985  51.866 0.0000000000
57472  -44.353  -18.480  65.476 0.0000000000
59756  -44.002  -16.350  65.468 0.0000000000
61939  -42.410  -14.327  67.026 0.0000000000
59736  -41.744  -17.378  66.960 0.0000000000
59717  -41.833  -16.088  67.232 0.0000000000
60841  -41.250  -15.440  67.988 0.0000000000
60842  -41.640  -15.733  67.493 0.0000000000
61938  -41.980  -14.792  67.292 0.0000000000
62983  -42.426  -13.477  67.156 0.0000000000
64060  -41.977  -12.767  67.853 0.0000000000
66461  -40.444  -11.167  68.224 0.0000000000
65211  -40.453  -11.816  68.370 0.0000000000
66460  -40.172  -10.784  68.248 0.0000000000
67719  -39.818  -10.226  68.139 0.0000000000
67751  -37.645  -9.069  66.750 0.0000000000
59735  -39.108  -16.609  68.036 0.0000000000
60861  -39.247  -15.677  68.066 0.0000000000
61936  -39.176  -15.127  67.501 0.0000000000
61921  -39.482  -14.640  68.036 0.0000000000
62965  -39.568  -13.702  67.840 0.0000000000
64059  -39.520  -13.314  67.604 0.0000000000
65241  -39.237  -11.475  67.160 0.0000000000
48163  -15.019  -25.418  71.213 0.0000000000
52814  -15.976  -23.535  73.144 0.0000000000
50501  -19.621  -24.933  71.789 0.0000000000
50490  -19.463  -25.108  72.416 0.0000000000
49292  -19.925  -26.350  72.534 0.0000000000
45929  -20.308  -28.234  72.331 0.0000000000
44902  -20.437  -29.055  71.823 0.0000000000
44913  -20.651  -29.452  71.438 0.0000000000
42863  -22.404  -31.297  70.653 0.0000000000
42850  -23.838  -31.589  71.543 0.0000000000
40802  -24.211  -32.797  71.466 0.0000000000
40815  -24.186  -33.058  71.255 0.0000000000
40818  -26.940  -33.694  70.347 0.0000000000
44932  -27.041  -29.643  70.712 0.0000000000
45952  -27.851  -28.516  70.944 0.0000000000
42879  -29.267  -32.040  70.004 0.0000000000
41821  -28.876  -32.751  70.077 0.0000000000
40836  -29.495  -33.568  69.593 0.0000000000
44949  -31.849  -28.893  69.435 0.0000000000
44960  -32.269  -29.439  68.671 0.0000000000
43966  -32.828  -30.387  68.066 0.0000000000
44969  -33.008  -29.842  67.926 0.0000000000
43967  -33.628  -30.750  67.794 0.0000000000
49351  -34.414  -25.134  70.166 0.0000000000
48201  -34.897  -25.519  70.094 0.0000000000
48253  -36.079  -26.077  68.535 0.0000000000
51701  -36.885  -23.171  70.505 0.0000000000
49330  -36.811  -23.702  69.930 0.0000000000
49354  -36.606  -24.312  69.656 0.0000000000
50547  -37.824  -23.780  69.302 0.0000000000
49372  -36.704  -24.908  69.243 0.0000000000
48230  -36.451  -25.276  69.151 0.0000000000
48292  -36.943  -26.858  66.930 0.0000000000
47140  -38.585  -27.610  66.671 0.0000000000
51772  -41.253  -23.646  67.570 0.0000000000
50587  -41.584  -24.055  67.392 0.0000000000
50608  -41.861  -24.442  66.868 0.0000000000
52970  -42.254  -22.856  63.518 0.0000000000
49316  -13.803  -25.355  71.924 0.0000000000
63001  -43.973  -13.659  65.754 0.0000000000
71182  -39.525  -7.387  66.418 0.0000000000
71208  -39.598  -6.579  65.660 0.0000000000
72392  -39.813  -6.386  66.028 0.0000000000
70009  -40.395  -7.566  66.516 0.0000000000
70010  -40.961  -7.536  66.015 0.0000000000
68916  -41.536  -8.216  65.378 0.0000000000
72447  -41.339  -5.409  63.835 0.0000000000
72426  -41.672  -5.572  64.378 0.0000000000
72410  -41.643  -5.911  64.970 0.0000000000
71211  -41.953  -6.372  64.905 0.0000000000
70032  -41.659  -7.915  65.015 0.0000000000
70140  -41.820  -7.573  58.022 0.0000000000
70124  -42.894  -7.130  58.553 0.0000000000
70125  -43.843  -6.934  58.585 0.0000000000
71328  -44.449  -6.127  59.071 0.0000000000
70266  -43.915  -6.635  52.637 0.0000000000
70247  -43.443  -7.128  52.990 0.0000000000
69051  -45.191  -7.833  56.309 0.0000000000
70175  -44.822  -7.658  57.131 0.0000000000
71329  -45.348  -6.176  58.490 0.0000000000
72533  -45.555  -5.546  59.143 0.0000000000
73596  -46.346  -5.279  59.346 0.0000000000
73597  -46.785  -5.272  59.100 0.0000000000
72519  -47.108  -5.486  59.378 0.0000000000
71330  -47.601  -5.939  58.574 0.0000000000
71309  -47.783  -6.428  59.428 0.0000000000
40821  -29.108  -33.233  69.894 0.0000000000
42836  -22.360  -30.775  72.136 0.0000000000
44894  -21.627  -29.198  72.670 0.0000000000
44904  -21.495  -29.646  72.465 0.0000000000
44912  -20.431  -29.074  71.613 0.0000000000
45939  -21.315  -28.281  72.439 0.0000000000
45963  -20.419  -29.057  70.907 0.0000000000
47007  -21.116  -28.107  72.473 0.0000000000
47030  -30.036  -27.690  71.463 0.0000000000
47116  -36.019  -27.193  66.850 0.0000000000
48149  -20.542  -26.884  72.150 0.0000000000
48174  -31.263  -26.611  71.082 0.0000000000
49329  -36.730  -24.019  69.858 0.0000000000
49355  -36.930  -23.946  69.670 0.0000000000
49448  -42.209  -24.959  65.809 0.0000000000
50482  -19.247  -25.222  72.761 0.0000000000
50504  -31.430  -25.993  70.658 0.0000000000
50507  -36.080  -24.020  70.361 0.0000000000
50508  -36.338  -23.576  70.374 0.0000000000
50509  -37.092  -23.448  70.099 0.0000000000
50510  -37.020  -23.659  69.794 0.0000000000
50528  -35.848  -23.890  70.319 0.0000000000
50529  -36.119  -23.391  70.474 0.0000000000
51699  -36.105  -22.939  70.341 0.0000000000
51718  -19.685  -24.829  70.864 0.0000000000
51723  -37.209  -22.902  70.198 0.0000000000
51739  -37.518  -22.972  69.835 0.0000000000
51740  -38.126  -23.030  69.364 0.0000000000
52837  -14.267  -23.056  71.913 0.0000000000
52841  -36.780  -22.499  70.287 0.0000000000
52899  -42.664  -22.139  66.713 0.0000000000
53952  -37.849  -21.577  70.047 0.0000000000
53954  -38.893  -21.117  70.273 0.0000000000
53966  -36.457  -21.881  69.900 0.0000000000
53967  -36.890  -21.920  70.038 0.0000000000
53981  -38.556  -21.932  69.558 0.0000000000
55058  -38.149  -20.902  70.094 0.0000000000
55059  -38.694  -20.753  70.002 0.0000000000
55074  -36.889  -21.770  69.849 0.0000000000
55076  -38.870  -20.331  69.936 0.0000000000
55151  -43.963  -20.658  65.627 0.0000000000
55152  -44.105  -20.090  65.432 0.0000000000
56198  -38.073  -20.066  69.927 0.0000000000
56224  -37.244  -21.068  69.174 0.0000000000
61922  -39.520  -14.141  67.742 0.0000000000
61924  -42.105  -13.869  67.317 0.0000000000
61956  -43.777  -14.262  65.929 0.0000000000
62933  -39.798  -13.996  68.992 0.0000000000
62934  -40.057  -14.098  68.870 0.0000000000
62935  -40.229  -14.306  68.950 0.0000000000
64027  -40.282  -13.642  68.876 0.0000000000
64078  -43.145  -12.891  66.487 0.0000000000
65243  -42.579  -12.072  66.768 0.0000000000
65261  -43.281  -12.076  65.989 0.0000000000
65277  -43.477  -12.122  65.400 0.0000000000
66458  -39.710  -10.653  67.885 0.0000000000
66515  -42.362  -10.942  66.175 0.0000000000
67718  -39.699  -10.026  68.159 0.0000000000
68850  -38.150  -9.014  67.308 0.0000000000
68851  -38.404  -9.077  67.313 0.0000000000
68870  -37.782  -8.792  66.677 0.0000000000
68874  -40.043  -8.675  67.350 0.0000000000
68889  -40.363  -8.352  66.943 0.0000000000
69993  -38.541  -8.295  66.567 0.0000000000
70007  -38.872  -7.870  66.281 0.0000000000
70008  -40.060  -7.066  66.459 0.0000000000
71181  -39.367  -7.298  66.252 0.0000000000
71194  -39.731  -6.791  66.208 0.0000000000
71195  -40.348  -6.617  66.060 0.0000000000
71206  -38.753  -7.569  65.650 0.0000000000
71236  -39.326  -7.085  63.732 0.0000000000
72393  -40.008  -6.268  66.030 0.0000000000
72407  -39.894  -6.274  65.813 0.0000000000
72428  -43.183  -5.406  64.173 0.0000000000
72449  -43.587  -5.374  63.755 0.0000000000
72500  -44.159  -5.001  60.684 0.0000000000
72599  -43.777  -5.407  53.380 0.0000000000
72610  -44.661  -5.396  52.493 0.0000000000
72612  -46.297  -4.804  52.095 0.0000000000
73511  -42.480  -4.991  63.968 0.0000000000
73533  -44.222  -5.123  63.143 0.0000000000
73542  -41.640  -5.269  63.287 0.0000000000
73557  -42.119  -5.163  62.462 0.0000000000
73562  -45.671  -5.208  61.403 0.0000000000
73571  -43.611  -4.794  61.307 0.0000000000
73586  -46.656  -5.304  59.460 0.0000000000
74648  -49.884  -2.733  53.271 0.0000000000
75654  -50.055  -2.084  53.955 0.0000000000
75662  -47.803  -2.574  53.687 0.0000000000
75664  -49.760  -2.570  53.500 0.0000000000
75666  -50.924  -1.620  53.294 0.0000000000
75675  -49.676  -2.776  53.233 0.0000000000
76739  -50.348  -1.337  53.654 0.0000000000
76740  -50.621  -1.401  53.590 0.0000000000
76741  -51.145  -1.127  53.277 0.0000000000
