#!ascii label  , from subject sub.01.bl.01 vox2ras=TkReg
1259
103663  -50.950  25.874  33.961 0.0000000000
116724  -41.195  43.897  30.588 0.0000000000
105864  -40.055  28.591  35.015 0.0000000000
108899  -47.494  33.172  31.417 0.0000000000
114739  -45.531  41.007  26.537 0.0000000000
113972  -45.698  39.054  32.758 0.0000000000
111803  -46.303  36.718  28.408 0.0000000000
108904  -41.861  32.523  30.279 0.0000000000
99144  -44.481  20.522  44.325 0.0000000000
102771  -47.745  24.206  41.597 0.0000000000
115479  -34.979  41.610  25.343 0.0000000000
116816  -39.817  43.461  22.822 0.0000000000
116169  -45.104  43.321  20.788 0.0000000000
104428  -45.980  26.435  35.027 0.0000000000
112479  -40.462  37.452  32.133 0.0000000000
108137  -46.149  31.827  35.641 0.0000000000
105931  -49.288  28.202  29.029 0.0000000000
106745  -46.289  29.352  23.992 0.0000000000
105242  -41.741  28.225  27.049 0.0000000000
103713  -47.835  26.103  30.794 0.0000000000
114049  -47.392  38.922  23.954 0.0000000000
113258  -47.115  38.742  26.879 0.0000000000
111847  -46.336  36.952  24.918 0.0000000000
112515  -43.509  37.276  27.176 0.0000000000
100086  -47.128  21.778  45.119 0.0000000000
101019  -45.167  22.719  46.207 0.0000000000
116126  -33.347  42.022  26.712 0.0000000000
116826  -42.943  43.958  21.803 0.0000000000
102807  -43.370  24.114  37.265 0.0000000000
104424  -42.034  26.953  35.373 0.0000000000
117361  -37.147  44.097  31.848 0.0000000000
116061  -40.484  42.406  33.043 0.0000000000
111773  -47.672  36.396  33.071 0.0000000000
111744  -46.088  36.353  34.654 0.0000000000
108892  -48.192  33.118  33.978 0.0000000000
107422  -47.263  30.344  31.816 0.0000000000
108229  -49.437  31.376  29.001 0.0000000000
105956  -49.083  28.816  25.912 0.0000000000
106683  -47.240  30.401  28.812 0.0000000000
108242  -42.199  31.403  27.253 0.0000000000
116752  -44.085  43.746  28.620 0.0000000000
116079  -43.257  42.216  32.760 0.0000000000
113998  -44.545  39.553  28.979 0.0000000000
113246  -47.257  38.040  30.211 0.0000000000
111052  -45.987  35.559  31.115 0.0000000000
108896  -44.979  32.537  31.116 0.0000000000
111060  -44.436  35.227  29.702 0.0000000000
111788  -41.495  36.090  29.278 0.0000000000
100126  -47.441  21.822  41.508 0.0000000000
101932  -49.281  23.658  40.675 0.0000000000
103606  -49.818  25.798  38.508 0.0000000000
116105  -32.798  42.366  30.011 0.0000000000
114714  -35.976  40.632  29.577 0.0000000000
115445  -39.054  41.839  28.205 0.0000000000
116769  -41.430  44.100  26.808 0.0000000000
116142  -42.842  43.037  25.130 0.0000000000
114778  -44.454  40.525  22.746 0.0000000000
113342  -46.226  38.837  20.737 0.0000000000
115535  -46.383  41.174  18.433 0.0000000000
101929  -43.955  22.819  41.029 0.0000000000
102810  -46.394  24.695  37.916 0.0000000000
104443  -49.230  26.904  35.676 0.0000000000
109607  -40.515  33.492  33.502 0.0000000000
113222  -43.230  38.629  32.731 0.0000000000
110293  -43.135  34.749  33.068 0.0000000000
107402  -42.925  30.698  35.031 0.0000000000
105879  -45.263  28.789  34.016 0.0000000000
105174  -47.650  27.735  32.788 0.0000000000
105217  -50.621  26.464  31.055 0.0000000000
104542  -49.342  26.236  26.483 0.0000000000
105284  -47.209  27.192  23.976 0.0000000000
105305  -43.504  27.654  22.455 0.0000000000
106697  -44.121  30.272  27.478 0.0000000000
106732  -43.593  29.902  24.643 0.0000000000
105266  -41.436  27.670  24.544 0.0000000000
102834  -50.320  25.231  35.600 0.0000000000
103651  -49.650  25.363  34.171 0.0000000000
103673  -49.301  25.555  32.478 0.0000000000
111892  -47.387  36.872  22.387 0.0000000000
111864  -47.526  37.414  24.480 0.0000000000
111862  -46.391  36.956  23.617 0.0000000000
112553  -45.339  37.394  25.048 0.0000000000
105148  -40.798  27.816  35.407 0.0000000000
116711  -39.747  44.076  31.331 0.0000000000
110302  -48.114  34.976  32.479 0.0000000000
111028  -48.248  34.988  33.921 0.0000000000
108900  -48.478  33.067  31.784 0.0000000000
108172  -49.168  32.081  30.828 0.0000000000
108920  -48.523  32.390  30.168 0.0000000000
108227  -48.353  31.485  28.838 0.0000000000
108186  -47.219  31.809  30.466 0.0000000000
115456  -44.847  41.985  27.341 0.0000000000
115446  -43.857  41.760  28.479 0.0000000000
114006  -45.077  40.702  27.513 0.0000000000
112506  -47.150  37.553  28.215 0.0000000000
113250  -47.077  38.095  29.122 0.0000000000
112498  -47.069  37.539  29.346 0.0000000000
111782  -46.866  36.767  30.970 0.0000000000
111792  -46.072  36.446  29.539 0.0000000000
111051  -45.511  35.238  30.629 0.0000000000
111802  -45.379  36.272  28.606 0.0000000000
111810  -42.565  36.840  28.232 0.0000000000
101888  -47.605  23.051  43.903 0.0000000000
101071  -48.501  22.732  42.590 0.0000000000
101918  -48.504  23.950  42.002 0.0000000000
102789  -49.800  24.739  39.500 0.0000000000
102779  -48.673  24.651  40.524 0.0000000000
115470  -34.029  41.460  26.492 0.0000000000
115451  -34.463  41.042  27.804 0.0000000000
114737  -35.560  40.643  27.318 0.0000000000
114716  -37.406  40.745  29.053 0.0000000000
115463  -36.626  41.141  26.562 0.0000000000
116805  -38.592  43.416  23.780 0.0000000000
116778  -39.319  43.247  25.760 0.0000000000
116794  -40.445  43.872  24.561 0.0000000000
117428  -42.148  44.367  26.116 0.0000000000
116795  -41.415  43.842  24.496 0.0000000000
116164  -44.210  43.255  21.635 0.0000000000
115489  -43.589  41.815  22.986 0.0000000000
115497  -44.561  41.827  21.691 0.0000000000
114061  -45.739  39.278  22.361 0.0000000000
114804  -45.635  40.529  20.289 0.0000000000
114083  -46.142  39.538  19.905 0.0000000000
115522  -45.866  41.540  19.823 0.0000000000
101079  -39.782  23.024  41.827 0.0000000000
101048  -40.643  22.825  43.369 0.0000000000
101081  -41.639  22.671  41.919 0.0000000000
101069  -42.962  22.594  42.846 0.0000000000
101928  -42.673  22.887  40.543 0.0000000000
103627  -44.492  25.177  35.938 0.0000000000
101972  -45.003  23.865  38.129 0.0000000000
103629  -46.413  25.421  36.466 0.0000000000
103631  -48.107  26.029  36.794 0.0000000000
104429  -46.982  26.228  35.282 0.0000000000
111767  -39.062  36.451  32.259 0.0000000000
110289  -39.016  34.637  33.224 0.0000000000
111039  -40.429  35.709  32.713 0.0000000000
114687  -44.439  40.915  32.951 0.0000000000
114669  -43.491  40.901  33.659 0.0000000000
113201  -44.383  39.264  33.442 0.0000000000
110268  -46.236  34.365  35.281 0.0000000000
111025  -45.030  35.473  33.790 0.0000000000
108879  -45.174  32.950  34.854 0.0000000000
108877  -43.093  32.122  34.200 0.0000000000
108135  -44.241  31.379  35.270 0.0000000000
106613  -44.244  29.675  35.180 0.0000000000
107404  -45.463  30.652  34.670 0.0000000000
105920  -48.264  29.006  29.867 0.0000000000
105895  -47.342  28.652  31.910 0.0000000000
105205  -48.866  27.612  30.896 0.0000000000
105206  -49.903  27.114  31.606 0.0000000000
105216  -49.879  27.195  30.379 0.0000000000
103752  -50.267  25.894  28.812 0.0000000000
105247  -50.169  26.701  27.599 0.0000000000
105977  -47.686  28.561  23.858 0.0000000000
104575  -48.370  27.228  23.470 0.0000000000
105308  -46.667  28.044  22.434 0.0000000000
105296  -45.133  27.610  23.145 0.0000000000
106764  -45.033  29.013  22.184 0.0000000000
108906  -44.252  32.459  30.929 0.0000000000
107439  -43.948  30.506  30.211 0.0000000000
107438  -42.859  30.846  29.781 0.0000000000
107503  -41.764  30.595  26.825 0.0000000000
107504  -42.706  30.480  26.201 0.0000000000
106721  -42.674  29.639  25.872 0.0000000000
105963  -42.428  28.668  24.508 0.0000000000
105254  -41.936  27.986  25.757 0.0000000000
104548  -40.073  26.640  25.170 0.0000000000
101112  -50.392  22.951  37.438 0.0000000000
104489  -46.856  26.291  29.933 0.0000000000
114753  -46.827  39.938  24.888 0.0000000000
114012  -46.724  40.051  26.409 0.0000000000
113262  -47.475  38.791  25.840 0.0000000000
111830  -47.348  37.355  26.218 0.0000000000
111814  -46.457  36.722  27.223 0.0000000000
111813  -45.570  36.596  27.486 0.0000000000
111828  -45.647  36.841  26.169 0.0000000000
100095  -46.015  21.321  45.215 0.0000000000
100048  -45.616  21.486  47.296 0.0000000000
101886  -46.207  23.306  43.894 0.0000000000
116146  -32.935  42.800  24.699 0.0000000000
116818  -41.697  43.539  22.539 0.0000000000
117467  -44.831  44.719  20.788 0.0000000000
117468  -45.392  44.694  20.008 0.0000000000
101957  -42.539  23.459  38.889 0.0000000000
103625  -42.438  25.429  36.013 0.0000000000
103640  -44.131  25.941  35.378 0.0000000000
113967  -40.742  39.714  32.365 0.0000000000
113204  -46.564  38.024  33.357 0.0000000000
112462  -45.720  37.773  34.184 0.0000000000
112453  -46.822  36.870  34.411 0.0000000000
110270  -47.519  34.433  35.392 0.0000000000
108881  -47.291  32.837  35.206 0.0000000000
108158  -46.911  31.449  33.711 0.0000000000
108164  -47.681  31.578  32.634 0.0000000000
107444  -48.844  30.856  30.392 0.0000000000
106703  -49.141  29.782  28.618 0.0000000000
105945  -49.618  28.311  27.324 0.0000000000
106714  -49.085  30.026  27.252 0.0000000000
105944  -48.060  29.486  26.642 0.0000000000
105942  -46.536  29.253  26.462 0.0000000000
108203  -42.083  31.431  29.226 0.0000000000
107398  -39.202  30.488  34.466 0.0000000000
117392  -42.659  44.430  29.220 0.0000000000
117366  -42.297  44.334  31.857 0.0000000000
116096  -42.982  43.301  30.356 0.0000000000
114710  -43.238  40.770  30.679 0.0000000000
113987  -44.856  39.608  31.389 0.0000000000
113252  -46.025  38.999  27.982 0.0000000000
113244  -46.104  38.802  29.719 0.0000000000
113989  -46.268  38.772  31.936 0.0000000000
113227  -47.325  37.697  31.962 0.0000000000
111777  -47.221  36.237  31.804 0.0000000000
110306  -47.019  34.628  31.881 0.0000000000
108898  -46.499  32.881  31.363 0.0000000000
110305  -45.869  34.630  31.466 0.0000000000
109629  -44.623  33.603  30.839 0.0000000000
110313  -42.964  34.104  30.406 0.0000000000
111801  -44.275  35.978  28.941 0.0000000000
111059  -43.201  35.485  29.460 0.0000000000
100107  -47.413  22.025  43.433 0.0000000000
101084  -48.652  22.492  41.630 0.0000000000
101099  -49.358  22.742  39.778 0.0000000000
101961  -50.539  23.816  38.496 0.0000000000
103615  -50.539  25.488  37.400 0.0000000000
104433  -50.995  26.344  35.765 0.0000000000
116088  -33.173  42.567  30.922 0.0000000000
115417  -34.125  42.007  30.600 0.0000000000
115404  -34.595  42.533  31.294 0.0000000000
116091  -37.258  41.882  30.666 0.0000000000
116092  -38.222  42.080  30.654 0.0000000000
116107  -40.375  42.657  29.544 0.0000000000
116150  -36.577  42.580  24.792 0.0000000000
116127  -38.026  42.377  26.106 0.0000000000
116122  -40.163  42.872  27.575 0.0000000000
116749  -41.731  43.627  28.605 0.0000000000
117402  -42.840  44.597  28.128 0.0000000000
116771  -43.452  44.031  26.702 0.0000000000
116144  -44.167  42.448  26.230 0.0000000000
116156  -42.850  43.156  23.501 0.0000000000
115485  -43.604  41.419  24.106 0.0000000000
114752  -45.748  40.315  24.902 0.0000000000
114047  -46.072  39.292  23.314 0.0000000000
113314  -47.179  38.523  22.755 0.0000000000
112649  -46.302  37.314  19.303 0.0000000000
113365  -46.119  39.057  18.422 0.0000000000
116841  -45.835  43.633  18.562 0.0000000000
101901  -44.827  22.994  42.892 0.0000000000
101917  -46.050  23.479  41.932 0.0000000000
101958  -43.617  23.420  38.928 0.0000000000
101945  -45.595  23.603  39.917 0.0000000000
102786  -47.105  24.255  39.764 0.0000000000
103604  -48.390  25.598  38.542 0.0000000000
104413  -49.978  27.024  36.804 0.0000000000
105169  -50.643  26.989  35.447 0.0000000000
107399  -40.237  30.476  34.520 0.0000000000
116675  -41.837  43.566  33.268 0.0000000000
114684  -41.572  40.805  32.949 0.0000000000
113221  -42.171  38.555  32.471 0.0000000000
112461  -45.007  37.527  33.656 0.0000000000
111771  -43.511  36.556  32.866 0.0000000000
111770  -42.181  36.515  32.551 0.0000000000
109608  -41.539  33.458  33.454 0.0000000000
108157  -41.728  31.771  33.976 0.0000000000
106610  -41.610  29.674  35.092 0.0000000000
105867  -42.676  28.735  35.365 0.0000000000
105151  -43.795  27.760  34.965 0.0000000000
104438  -45.297  27.475  34.391 0.0000000000
106626  -46.407  29.706  32.924 0.0000000000
105173  -46.677  28.125  33.126 0.0000000000
104440  -46.873  26.800  34.495 0.0000000000
105175  -48.841  27.332  33.366 0.0000000000
105191  -50.616  26.819  33.445 0.0000000000
104462  -51.101  26.270  33.074 0.0000000000
103715  -49.844  25.511  30.744 0.0000000000
104515  -48.915  26.049  28.685 0.0000000000
104528  -47.568  26.362  27.370 0.0000000000
104555  -49.325  26.700  25.300 0.0000000000
104554  -48.603  26.432  25.364 0.0000000000
105258  -46.273  27.015  26.328 0.0000000000
105270  -45.383  27.305  24.884 0.0000000000
105268  -43.591  27.038  24.270 0.0000000000
108185  -45.840  31.366  30.735 0.0000000000
106681  -45.388  29.593  28.850 0.0000000000
106722  -44.850  30.248  25.665 0.0000000000
107480  -42.775  31.143  27.669 0.0000000000
107506  -44.169  30.637  26.163 0.0000000000
107520  -44.670  30.164  24.331 0.0000000000
106753  -43.460  28.779  22.799 0.0000000000
105988  -42.719  28.047  22.583 0.0000000000
103653  -50.818  25.719  34.765 0.0000000000
102841  -49.703  25.188  34.746 0.0000000000
103662  -50.263  25.597  33.552 0.0000000000
103661  -49.491  25.488  33.364 0.0000000000
111891  -46.771  36.481  22.078 0.0000000000
111877  -47.023  36.672  23.092 0.0000000000
111876  -46.296  36.720  22.617 0.0000000000
116712  -40.577  44.144  31.236 0.0000000000
117364  -40.122  44.623  31.829 0.0000000000
117365  -41.411  44.438  31.462 0.0000000000
109621  -47.676  33.906  31.919 0.0000000000
109622  -48.240  34.108  32.303 0.0000000000
108908  -48.044  32.589  30.778 0.0000000000
108187  -47.902  32.086  30.066 0.0000000000
108907  -47.238  32.589  31.008 0.0000000000
115457  -45.196  41.536  26.814 0.0000000000
114731  -44.775  41.211  27.651 0.0000000000
114732  -45.260  41.015  27.125 0.0000000000
111804  -46.852  36.986  27.943 0.0000000000
112505  -46.834  37.171  28.663 0.0000000000
112497  -46.709  36.982  29.429 0.0000000000
99162  -45.239  20.851  43.784 0.0000000000
101904  -47.505  23.702  43.119 0.0000000000
101905  -48.296  23.524  42.601 0.0000000000
102763  -48.200  24.126  42.086 0.0000000000
102778  -47.896  24.374  40.637 0.0000000000
115471  -34.718  41.329  25.963 0.0000000000
115461  -34.702  40.946  26.969 0.0000000000
115462  -35.589  40.908  26.529 0.0000000000
115452  -36.762  40.787  27.267 0.0000000000
115472  -35.777  41.431  25.727 0.0000000000
116822  -39.225  43.668  22.258 0.0000000000
116815  -38.835  43.555  22.831 0.0000000000
116806  -39.625  43.525  23.727 0.0000000000
116793  -39.453  43.524  24.709 0.0000000000
116807  -40.597  43.628  23.627 0.0000000000
116165  -44.710  42.767  21.296 0.0000000000
116161  -44.307  42.225  21.859 0.0000000000
115498  -45.002  41.665  21.251 0.0000000000
114792  -45.164  40.672  21.037 0.0000000000
115508  -45.433  41.569  20.629 0.0000000000
116170  -45.529  42.711  20.380 0.0000000000
101925  -39.780  23.241  40.605 0.0000000000
101090  -40.368  23.066  41.183 0.0000000000
101080  -40.734  22.714  41.858 0.0000000000
101091  -41.208  22.822  41.142 0.0000000000
101092  -42.122  22.809  41.216 0.0000000000
103641  -45.178  25.821  35.413 0.0000000000
103628  -45.502  25.240  36.151 0.0000000000
103642  -46.168  25.798  35.707 0.0000000000
103643  -47.047  25.849  36.054 0.0000000000
113237  -39.553  38.168  31.923 0.0000000000
112478  -39.556  37.237  32.000 0.0000000000
111038  -39.531  35.749  32.672 0.0000000000
111768  -40.003  36.513  32.379 0.0000000000
113971  -44.989  39.810  32.420 0.0000000000
113950  -44.798  39.729  33.324 0.0000000000
108860  -46.036  32.525  35.682 0.0000000000
109593  -45.600  33.841  34.797 0.0000000000
108859  -45.062  32.248  35.263 0.0000000000
108136  -45.313  31.586  35.403 0.0000000000
107392  -45.279  31.059  35.242 0.0000000000
108151  -45.752  31.426  35.210 0.0000000000
105930  -48.833  28.743  29.288 0.0000000000
105921  -48.509  28.239  30.169 0.0000000000
105215  -49.165  27.835  29.842 0.0000000000
105225  -49.711  27.539  29.153 0.0000000000
105235  -50.195  26.667  28.608 0.0000000000
105234  -49.827  27.452  27.978 0.0000000000
105964  -47.004  28.952  24.516 0.0000000000
105991  -47.539  28.569  23.122 0.0000000000
105990  -46.840  28.768  23.108 0.0000000000
106000  -45.786  28.518  22.197 0.0000000000
106756  -46.076  29.290  23.020 0.0000000000
108905  -42.910  32.434  30.644 0.0000000000
108183  -43.416  31.455  30.574 0.0000000000
108182  -42.317  31.671  30.183 0.0000000000
105941  -41.794  29.047  27.245 0.0000000000
106720  -42.120  29.814  26.685 0.0000000000
105951  -42.232  28.919  26.381 0.0000000000
105952  -42.441  28.875  25.424 0.0000000000
105241  -41.252  27.405  26.887 0.0000000000
101979  -50.285  23.657  36.834 0.0000000000
104490  -47.691  26.240  30.127 0.0000000000
114032  -47.164  39.325  24.337 0.0000000000
114019  -47.526  39.315  25.330 0.0000000000
113276  -47.724  38.647  25.022 0.0000000000
111848  -47.168  37.115  25.230 0.0000000000
111849  -47.529  37.663  25.380 0.0000000000
111829  -46.777  36.852  26.164 0.0000000000
112552  -44.447  37.626  25.159 0.0000000000
100047  -45.097  21.374  47.700 0.0000000000
101871  -46.668  23.325  44.440 0.0000000000
101037  -46.101  23.007  45.071 0.0000000000
116134  -32.864  42.621  25.199 0.0000000000
117466  -43.972  45.124  20.910 0.0000000000
118099  -44.465  45.711  20.449 0.0000000000
118744  -44.064  46.329  20.076 0.0000000000
103637  -41.617  26.366  35.632 0.0000000000
103638  -42.217  26.208  35.572 0.0000000000
103639  -43.138  26.066  35.495 0.0000000000
117343  -36.512  44.367  32.282 0.0000000000
114683  -40.332  40.698  32.551 0.0000000000
112464  -47.233  37.041  33.729 0.0000000000
112463  -46.536  37.641  33.971 0.0000000000
111756  -47.510  36.243  34.044 0.0000000000
109612  -48.487  33.812  33.643 0.0000000000
111007  -48.086  34.786  34.405 0.0000000000
109595  -48.139  33.781  34.426 0.0000000000
109594  -47.739  33.713  35.137 0.0000000000
108882  -47.831  33.250  34.693 0.0000000000
108159  -47.701  32.291  33.845 0.0000000000
108160  -48.296  32.772  33.412 0.0000000000
108922  -49.435  32.076  29.950 0.0000000000
108188  -48.893  31.475  30.767 0.0000000000
107445  -49.429  31.281  30.032 0.0000000000
107464  -49.010  30.514  29.822 0.0000000000
107485  -49.379  30.694  28.746 0.0000000000
107499  -49.188  30.355  28.080 0.0000000000
108245  -49.236  31.083  28.358 0.0000000000
107482  -47.521  30.639  28.646 0.0000000000
107497  -48.274  30.636  27.801 0.0000000000
106700  -47.366  30.174  28.188 0.0000000000
105943  -47.492  29.328  26.603 0.0000000000
106712  -46.962  29.427  27.350 0.0000000000
117393  -43.445  44.365  29.338 0.0000000000
117380  -43.199  44.138  29.902 0.0000000000
116738  -43.455  43.853  29.608 0.0000000000
113997  -43.939  40.295  28.811 0.0000000000
115424  -43.004  41.380  29.972 0.0000000000
113992  -43.827  39.987  29.875 0.0000000000
113986  -43.964  40.010  31.126 0.0000000000
113993  -44.626  39.420  30.235 0.0000000000
114009  -46.864  39.295  26.805 0.0000000000
114008  -46.325  39.668  27.014 0.0000000000
113253  -46.494  38.865  27.737 0.0000000000
113249  -46.586  38.492  28.873 0.0000000000
113245  -46.712  38.432  29.999 0.0000000000
113995  -46.241  38.862  30.852 0.0000000000
113240  -46.817  38.397  31.139 0.0000000000
113226  -46.755  38.194  32.472 0.0000000000
113241  -47.304  37.888  31.288 0.0000000000
111776  -46.639  35.953  31.406 0.0000000000
111048  -47.476  35.265  32.094 0.0000000000
111047  -46.539  35.471  31.519 0.0000000000
111050  -45.009  35.033  30.138 0.0000000000
110315  -44.838  34.555  30.389 0.0000000000
110324  -44.217  34.638  30.068 0.0000000000
110314  -43.958  34.161  30.391 0.0000000000
111812  -44.488  36.660  27.701 0.0000000000
111811  -43.408  36.735  28.070 0.0000000000
111799  -41.931  36.613  28.677 0.0000000000
111800  -43.064  36.231  28.834 0.0000000000
100085  -46.606  21.620  45.585 0.0000000000
100106  -46.718  21.594  43.878 0.0000000000
100097  -47.221  21.897  44.416 0.0000000000
101085  -48.930  23.065  42.027 0.0000000000
101095  -49.082  22.973  41.128 0.0000000000
101100  -49.994  23.367  39.549 0.0000000000
101104  -50.238  23.126  39.031 0.0000000000
101947  -49.796  23.814  39.941 0.0000000000
103598  -49.968  25.273  38.853 0.0000000000
102790  -50.329  24.663  38.759 0.0000000000
103607  -50.314  25.451  38.236 0.0000000000
103633  -50.654  25.599  36.472 0.0000000000
104402  -50.306  26.083  37.741 0.0000000000
116086  -31.286  42.624  30.320 0.0000000000
116087  -32.159  42.583  30.606 0.0000000000
116070  -32.404  42.526  31.641 0.0000000000
116766  -32.962  43.177  27.015 0.0000000000
116119  -33.215  42.058  27.814 0.0000000000
114719  -34.751  40.738  29.095 0.0000000000
115442  -34.303  41.047  28.597 0.0000000000
115432  -34.826  40.981  29.884 0.0000000000
115406  -35.683  41.623  30.768 0.0000000000
116074  -36.298  42.248  31.121 0.0000000000
115419  -36.132  41.209  30.396 0.0000000000
115444  -38.258  41.169  28.265 0.0000000000
115435  -38.057  41.076  29.297 0.0000000000
115436  -38.930  41.611  29.191 0.0000000000
116093  -39.435  42.473  30.332 0.0000000000
116106  -39.747  42.121  28.971 0.0000000000
115474  -37.450  42.120  25.850 0.0000000000
116152  -38.009  42.745  25.225 0.0000000000
116768  -40.387  43.521  26.758 0.0000000000
116129  -39.437  42.945  26.553 0.0000000000
116757  -40.958  43.213  27.985 0.0000000000
116758  -41.672  43.855  27.590 0.0000000000
116750  -42.292  44.169  28.382 0.0000000000
116781  -42.417  44.014  25.645 0.0000000000
116770  -42.812  44.064  26.349 0.0000000000
116782  -43.270  43.330  25.939 0.0000000000
116131  -43.866  43.040  26.409 0.0000000000
116143  -43.718  42.380  25.744 0.0000000000
116819  -42.530  43.553  22.478 0.0000000000
116809  -42.362  43.406  23.365 0.0000000000
116810  -42.868  43.276  23.061 0.0000000000
115486  -43.964  41.092  23.233 0.0000000000
114764  -44.212  41.128  24.843 0.0000000000
114765  -44.561  40.493  24.094 0.0000000000
114766  -45.563  39.781  23.986 0.0000000000
114046  -45.137  39.744  23.120 0.0000000000
114072  -45.722  39.406  21.201 0.0000000000
114073  -46.183  38.916  21.899 0.0000000000
113328  -46.770  38.308  21.480 0.0000000000
113329  -47.337  37.904  21.766 0.0000000000
112633  -46.971  37.427  20.606 0.0000000000
113343  -46.431  38.388  20.053 0.0000000000
114816  -46.308  40.515  18.876 0.0000000000
114096  -46.279  39.592  18.867 0.0000000000
114108  -46.186  39.733  18.079 0.0000000000
114825  -46.323  40.393  18.217 0.0000000000
116835  -45.658  43.692  19.608 0.0000000000
101034  -42.713  22.620  44.703 0.0000000000
101915  -44.285  22.762  42.148 0.0000000000
101070  -43.928  22.707  42.928 0.0000000000
101916  -45.038  23.115  41.960 0.0000000000
101902  -45.725  23.313  42.870 0.0000000000
101930  -45.236  23.344  40.947 0.0000000000
101970  -42.937  23.781  38.081 0.0000000000
101971  -43.993  23.722  38.075 0.0000000000
101973  -45.733  24.242  38.283 0.0000000000
101960  -45.645  23.819  38.916 0.0000000000
102796  -46.421  24.212  38.833 0.0000000000
102785  -46.261  23.935  39.529 0.0000000000
102797  -47.277  24.664  38.732 0.0000000000
102798  -47.922  25.210  38.662 0.0000000000
102811  -47.442  25.243  37.877 0.0000000000
104431  -48.825  26.670  36.034 0.0000000000
104412  -49.011  26.540  36.782 0.0000000000
104432  -49.506  26.989  36.111 0.0000000000
105153  -50.181  27.181  36.055 0.0000000000
105168  -49.737  27.132  35.205 0.0000000000
109606  -39.516  33.623  33.583 0.0000000000
108146  -39.839  31.294  34.229 0.0000000000
116694  -42.542  43.599  32.404 0.0000000000
116693  -42.177  43.904  32.840 0.0000000000
116062  -42.843  42.762  32.885 0.0000000000
113948  -43.174  40.213  33.291 0.0000000000
114668  -42.543  40.963  33.383 0.0000000000
114685  -42.392  40.236  32.944 0.0000000000
113968  -41.772  39.569  32.540 0.0000000000
112452  -46.208  36.992  34.518 0.0000000000
111755  -45.565  36.506  34.195 0.0000000000
110294  -44.251  34.754  33.481 0.0000000000
111753  -43.992  36.237  33.080 0.0000000000
111042  -43.317  35.813  32.975 0.0000000000
111041  -42.686  35.568  32.847 0.0000000000
110292  -41.961  34.546  33.085 0.0000000000
109609  -42.624  33.606  33.414 0.0000000000
108149  -43.375  31.326  34.905 0.0000000000
108876  -42.508  31.944  34.058 0.0000000000
107401  -42.407  30.708  34.821 0.0000000000
107400  -41.385  30.425  34.736 0.0000000000
107389  -42.466  30.270  35.151 0.0000000000
105866  -41.686  28.752  35.308 0.0000000000
106611  -42.553  29.620  35.356 0.0000000000
105869  -44.251  29.241  34.964 0.0000000000
105868  -43.732  28.750  35.167 0.0000000000
105162  -44.234  28.208  34.774 0.0000000000
105163  -44.715  27.890  34.517 0.0000000000
107412  -47.068  30.657  32.398 0.0000000000
107409  -46.325  30.542  33.623 0.0000000000
106634  -46.962  29.717  32.005 0.0000000000
105188  -48.090  27.898  31.551 0.0000000000
105884  -47.073  28.324  32.619 0.0000000000
105165  -46.769  27.518  33.774 0.0000000000
105166  -47.806  27.292  34.008 0.0000000000
105190  -49.861  27.121  32.810 0.0000000000
105207  -50.605  26.601  32.331 0.0000000000
104479  -50.994  26.060  32.023 0.0000000000
103696  -50.637  25.696  31.835 0.0000000000
104492  -50.843  25.879  31.187 0.0000000000
104530  -49.716  26.003  27.957 0.0000000000
103740  -49.938  25.715  28.868 0.0000000000
104514  -47.768  26.320  28.353 0.0000000000
104529  -48.651  26.187  27.512 0.0000000000
106727  -49.335  29.079  26.780 0.0000000000
105957  -49.563  27.966  26.242 0.0000000000
105967  -49.239  28.089  25.271 0.0000000000
104574  -48.044  26.919  23.698 0.0000000000
104564  -48.700  26.828  24.317 0.0000000000
105272  -47.353  26.838  24.768 0.0000000000
104553  -47.526  26.649  25.602 0.0000000000
105271  -46.539  27.050  25.144 0.0000000000
105257  -45.516  27.254  25.861 0.0000000000
105283  -45.999  27.471  24.024 0.0000000000
105306  -44.463  27.821  22.333 0.0000000000
105281  -44.278  27.379  23.720 0.0000000000
105295  -44.019  27.517  22.917 0.0000000000
105280  -43.471  27.188  23.379 0.0000000000
104581  -43.050  27.318  22.675 0.0000000000
108897  -45.544  32.673  31.285 0.0000000000
108168  -46.187  32.148  31.099 0.0000000000
106680  -44.233  29.823  28.486 0.0000000000
107460  -44.617  29.887  29.560 0.0000000000
106698  -44.993  29.608  27.790 0.0000000000
106710  -44.678  30.101  26.704 0.0000000000
108226  -42.090  31.510  28.205 0.0000000000
107510  -43.087  30.010  25.564 0.0000000000
107505  -43.497  30.721  26.009 0.0000000000
107511  -43.559  30.229  25.173 0.0000000000
107512  -44.435  30.458  25.127 0.0000000000
107519  -44.109  30.189  24.434 0.0000000000
106743  -44.568  29.827  23.701 0.0000000000
106742  -43.734  29.633  23.924 0.0000000000
105962  -41.945  28.198  24.115 0.0000000000
105975  -42.426  28.386  23.524 0.0000000000
105974  -41.840  27.749  23.402 0.0000000000
105987  -42.154  27.496  22.931 0.0000000000
102829  -50.259  24.864  36.222 0.0000000000
102833  -49.739  24.816  35.444 0.0000000000
103650  -48.919  25.264  34.069 0.0000000000
112605  -47.721  37.570  22.839 0.0000000000
112589  -47.761  37.795  23.887 0.0000000000
111878  -47.508  37.165  23.476 0.0000000000
111863  -47.080  36.970  24.149 0.0000000000
112571  -45.575  37.355  23.960 0.0000000000
104423  -41.014  26.684  35.680 0.0000000000
116710  -38.848  43.762  31.369 0.0000000000
117346  -39.383  44.899  32.516 0.0000000000
117332  -40.657  44.271  33.123 0.0000000000
111043  -47.880  35.623  32.671 0.0000000000
111027  -47.917  35.623  33.597 0.0000000000
111044  -48.308  35.085  33.114 0.0000000000
109615  -48.535  33.882  32.802 0.0000000000
108894  -48.551  33.201  33.049 0.0000000000
108165  -48.309  32.491  32.690 0.0000000000
108901  -49.037  32.394  31.126 0.0000000000
108206  -49.230  31.930  29.378 0.0000000000
108228  -48.867  31.526  28.652 0.0000000000
108205  -48.281  31.790  29.534 0.0000000000
107463  -47.896  31.394  29.070 0.0000000000
107462  -47.408  30.888  29.279 0.0000000000
116117  -44.445  42.951  27.931 0.0000000000
116116  -43.795  42.720  28.676 0.0000000000
115447  -44.377  41.994  28.017 0.0000000000
114725  -44.271  41.175  28.154 0.0000000000
114002  -44.676  40.351  28.021 0.0000000000
112517  -47.361  37.830  27.134 0.0000000000
113254  -47.058  38.285  28.015 0.0000000000
112494  -47.122  37.306  30.416 0.0000000000
112493  -46.628  36.716  30.224 0.0000000000
111781  -46.233  36.007  30.754 0.0000000000
111780  -45.701  35.630  30.363 0.0000000000
111791  -45.350  35.638  29.700 0.0000000000
111790  -44.712  35.582  29.409 0.0000000000
100125  -46.727  21.619  41.898 0.0000000000
101873  -47.280  22.931  44.821 0.0000000000
101054  -47.549  22.374  44.059 0.0000000000
101889  -48.217  23.001  43.208 0.0000000000
101906  -48.725  23.377  42.208 0.0000000000
101919  -48.861  23.669  41.692 0.0000000000
102773  -49.023  24.221  41.008 0.0000000000
102788  -49.059  25.184  39.854 0.0000000000
103597  -49.432  25.518  39.101 0.0000000000
116104  -31.994  42.810  29.543 0.0000000000
115460  -33.893  41.420  27.290 0.0000000000
114736  -35.014  40.687  27.680 0.0000000000
114728  -35.556  40.473  28.088 0.0000000000
114715  -36.789  40.621  29.218 0.0000000000
114729  -36.349  40.530  27.768 0.0000000000
115443  -37.544  40.811  28.065 0.0000000000
115453  -37.509  41.092  27.351 0.0000000000
116814  -37.847  43.744  22.955 0.0000000000
116777  -38.717  43.034  25.389 0.0000000000
116779  -40.391  43.960  25.581 0.0000000000
117420  -41.102  44.224  26.211 0.0000000000
117421  -41.847  44.375  26.440 0.0000000000
116780  -41.241  44.169  25.286 0.0000000000
116796  -42.219  43.513  24.372 0.0000000000
116827  -43.765  43.705  21.675 0.0000000000
116820  -43.215  43.333  22.448 0.0000000000
116160  -43.857  42.672  22.172 0.0000000000
115490  -44.158  41.569  22.329 0.0000000000
114060  -44.948  39.844  22.066 0.0000000000
114071  -45.010  40.130  21.449 0.0000000000
114815  -46.057  40.582  19.512 0.0000000000
115523  -46.265  41.336  19.075 0.0000000000
101924  -38.799  23.270  40.697 0.0000000000
101914  -39.401  23.242  41.217 0.0000000000
101065  -39.618  23.115  42.684 0.0000000000
101066  -40.326  22.882  42.594 0.0000000000
101050  -42.384  22.549  43.670 0.0000000000
101082  -42.532  22.696  42.004 0.0000000000
101093  -42.953  22.722  41.340 0.0000000000
102823  -43.888  24.614  36.561 0.0000000000
102808  -44.407  24.201  37.353 0.0000000000
102824  -44.923  24.663  36.687 0.0000000000
102825  -45.915  24.833  36.932 0.0000000000
102826  -46.751  25.210  37.209 0.0000000000
102827  -47.259  25.409  37.281 0.0000000000
103630  -47.255  25.597  36.760 0.0000000000
104430  -47.931  26.354  35.900 0.0000000000
104442  -48.752  26.803  35.353 0.0000000000
111019  -39.254  35.243  32.905 0.0000000000
111020  -39.835  35.114  32.987 0.0000000000
110290  -40.099  34.367  33.303 0.0000000000
115396  -43.793  41.596  32.930 0.0000000000
116063  -43.297  42.144  33.291 0.0000000000
115381  -44.228  41.246  33.478 0.0000000000
113949  -43.989  40.077  33.621 0.0000000000
113970  -43.622  39.423  33.216 0.0000000000
110997  -46.321  34.944  35.258 0.0000000000
111026  -45.553  35.702  34.333 0.0000000000
110276  -45.806  34.577  34.878 0.0000000000
109611  -44.614  34.251  33.879 0.0000000000
109610  -43.787  33.755  33.631 0.0000000000
109591  -43.810  32.881  34.118 0.0000000000
108150  -44.061  31.742  35.104 0.0000000000
108134  -43.663  31.101  35.231 0.0000000000
106612  -43.519  29.659  35.351 0.0000000000
107391  -44.526  30.594  35.268 0.0000000000
107403  -44.735  30.151  35.051 0.0000000000
106622  -45.178  29.617  34.313 0.0000000000
106650  -47.492  29.669  31.208 0.0000000000
106635  -47.140  29.265  31.766 0.0000000000
105908  -47.896  28.586  30.722 0.0000000000
105204  -48.246  27.958  30.937 0.0000000000
105189  -48.894  27.439  32.168 0.0000000000
105226  -50.337  26.573  29.749 0.0000000000
104503  -50.613  25.937  30.231 0.0000000000
104531  -50.206  26.143  28.223 0.0000000000
104543  -50.130  26.299  27.152 0.0000000000
105966  -48.654  28.451  25.150 0.0000000000
105979  -48.952  28.117  24.728 0.0000000000
105992  -48.054  28.367  23.159 0.0000000000
105309  -47.569  28.112  22.410 0.0000000000
105298  -47.595  27.473  22.968 0.0000000000
105307  -45.569  28.035  22.435 0.0000000000
105999  -44.802  28.349  22.036 0.0000000000
108184  -44.625  31.358  30.704 0.0000000000
107459  -43.548  30.288  29.161 0.0000000000
108252  -41.986  31.112  26.776 0.0000000000
106731  -43.120  29.493  24.879 0.0000000000
105255  -42.185  28.450  25.123 0.0000000000
105265  -40.668  27.007  24.490 0.0000000000
105253  -40.828  27.166  25.714 0.0000000000
101108  -50.062  22.229  37.699 0.0000000000
114746  -46.493  40.431  25.583 0.0000000000
114740  -46.279  40.528  26.343 0.0000000000
114741  -46.911  40.244  26.037 0.0000000000
114013  -47.128  39.571  26.250 0.0000000000
112572  -47.722  38.006  24.751 0.0000000000
112532  -47.431  38.088  26.148 0.0000000000
111815  -47.132  37.085  27.168 0.0000000000
111827  -44.938  36.934  26.881 0.0000000000
112516  -44.256  37.218  26.865 0.0000000000
112531  -45.033  37.326  25.653 0.0000000000
112530  -44.534  37.343  26.085 0.0000000000
99145  -45.338  20.876  44.773 0.0000000000
99110  -45.019  20.798  46.334 0.0000000000
100083  -45.641  21.063  46.505 0.0000000000
100069  -46.381  21.576  46.244 0.0000000000
100986  -45.425  21.694  47.575 0.0000000000
101004  -46.303  21.732  46.578 0.0000000000
101021  -46.610  22.063  45.994 0.0000000000
101872  -47.043  23.302  44.719 0.0000000000
101887  -47.029  23.482  43.892 0.0000000000
101903  -46.738  23.625  42.919 0.0000000000
116125  -32.824  42.651  26.065 0.0000000000
116135  -33.706  41.931  25.632 0.0000000000
116148  -34.575  42.133  24.814 0.0000000000
116817  -40.755  43.504  22.667 0.0000000000
117458  -43.443  44.500  21.253 0.0000000000
117460  -44.608  44.195  21.098 0.0000000000
116831  -44.850  43.804  20.980 0.0000000000
116832  -45.279  43.866  20.466 0.0000000000
118100  -45.047  45.377  20.219 0.0000000000
102821  -41.824  24.825  36.641 0.0000000000
102822  -42.843  24.663  36.544 0.0000000000
103626  -43.450  25.245  35.905 0.0000000000
113966  -39.706  39.726  32.223 0.0000000000
113219  -40.107  38.890  32.174 0.0000000000
113225  -46.171  38.604  32.850 0.0000000000
113951  -45.404  39.003  33.386 0.0000000000
111745  -46.525  36.278  34.741 0.0000000000
111006  -47.671  35.310  34.686 0.0000000000
111005  -46.865  35.629  35.142 0.0000000000
110269  -46.886  34.357  35.689 0.0000000000
108861  -46.756  32.967  35.652 0.0000000000
108880  -46.599  32.382  35.515 0.0000000000
108152  -46.634  31.814  34.825 0.0000000000
107413  -47.655  31.135  32.067 0.0000000000
108171  -48.609  31.860  31.424 0.0000000000
107424  -48.578  31.303  30.940 0.0000000000
107423  -47.848  30.819  31.387 0.0000000000
106667  -48.738  30.324  29.943 0.0000000000
106685  -48.779  29.932  29.414 0.0000000000
105936  -49.008  29.140  28.781 0.0000000000
105937  -49.318  28.562  28.442 0.0000000000
106715  -49.345  29.410  27.707 0.0000000000
106726  -48.763  29.531  26.566 0.0000000000
107498  -48.761  30.750  27.923 0.0000000000
105955  -48.168  29.055  26.049 0.0000000000
105954  -46.990  29.138  25.670 0.0000000000
106735  -46.248  29.382  25.115 0.0000000000
108181  -41.575  32.121  29.636 0.0000000000
108202  -41.396  31.964  28.769 0.0000000000
108225  -41.347  31.801  27.927 0.0000000000
108241  -41.139  31.403  27.326 0.0000000000
107493  -41.097  30.726  27.228 0.0000000000
106708  -41.287  29.834  27.495 0.0000000000
105935  -41.335  28.886  27.908 0.0000000000
117378  -42.015  44.225  30.177 0.0000000000
117379  -42.647  44.185  30.470 0.0000000000
116713  -42.681  43.578  31.399 0.0000000000
116095  -42.858  42.761  30.856 0.0000000000
116109  -43.162  42.946  29.776 0.0000000000
115423  -42.922  41.745  30.690 0.0000000000
115407  -43.075  41.795  31.613 0.0000000000
114698  -43.626  41.067  32.017 0.0000000000
114699  -44.460  40.336  32.011 0.0000000000
114733  -45.768  40.471  26.806 0.0000000000
114003  -45.507  39.379  28.042 0.0000000000
113248  -46.018  38.869  28.610 0.0000000000
113999  -45.381  39.115  29.355 0.0000000000
113994  -45.503  39.173  30.557 0.0000000000
113988  -45.653  39.276  31.685 0.0000000000
113973  -46.220  38.659  32.535 0.0000000000
112485  -47.387  37.278  32.556 0.0000000000
112491  -47.268  37.226  31.495 0.0000000000
110307  -47.843  34.594  32.165 0.0000000000
109620  -46.676  33.789  31.705 0.0000000000
109619  -45.593  33.536  31.347 0.0000000000
110316  -45.357  34.652  30.872 0.0000000000
109630  -45.271  34.181  30.958 0.0000000000
109628  -43.500  33.356  30.692 0.0000000000
109627  -42.356  33.297  30.499 0.0000000000
111068  -43.897  35.640  29.313 0.0000000000
111067  -43.623  35.843  29.143 0.0000000000
100105  -45.999  21.286  44.302 0.0000000000
100119  -46.739  21.613  42.883 0.0000000000
100120  -47.446  21.901  42.441 0.0000000000
100108  -48.010  22.175  42.829 0.0000000000
100121  -48.110  22.112  42.047 0.0000000000
100127  -48.116  21.993  41.118 0.0000000000
101098  -48.624  22.214  39.979 0.0000000000
101103  -49.926  22.355  38.615 0.0000000000
101109  -50.537  22.935  38.182 0.0000000000
101974  -50.603  23.743  37.660 0.0000000000
102799  -50.524  24.629  37.944 0.0000000000
102813  -50.546  24.654  37.093 0.0000000000
103646  -50.804  25.680  35.489 0.0000000000
103654  -51.115  25.906  34.918 0.0000000000
116113  -32.811  42.398  28.907 0.0000000000
115441  -33.596  41.557  28.771 0.0000000000
115430  -33.471  41.886  29.713 0.0000000000
115416  -33.384  42.225  30.311 0.0000000000
116089  -33.968  42.711  31.323 0.0000000000
116072  -34.529  43.122  31.706 0.0000000000
116706  -35.328  43.539  31.965 0.0000000000
116707  -35.968  43.363  31.616 0.0000000000
116708  -36.836  43.363  31.499 0.0000000000
115420  -36.983  41.316  30.224 0.0000000000
116075  -37.511  42.651  31.154 0.0000000000
116709  -37.841  43.514  31.545 0.0000000000
116077  -39.133  43.085  31.073 0.0000000000
116723  -40.302  43.405  30.764 0.0000000000
116735  -40.907  43.220  30.017 0.0000000000
116137  -36.218  42.026  25.220 0.0000000000
115473  -36.813  41.729  25.814 0.0000000000
115464  -37.622  41.732  26.488 0.0000000000
115454  -38.435  41.758  27.321 0.0000000000
116141  -39.020  42.855  26.036 0.0000000000
116120  -38.948  42.361  26.923 0.0000000000
116114  -39.710  42.332  27.989 0.0000000000
116115  -40.379  42.669  28.508 0.0000000000
116748  -41.063  43.135  29.047 0.0000000000
116736  -41.674  43.759  29.605 0.0000000000
117391  -42.162  44.176  29.535 0.0000000000
117403  -43.422  44.621  28.507 0.0000000000
117412  -42.781  44.475  27.356 0.0000000000
117413  -43.474  44.447  27.601 0.0000000000
116761  -44.171  43.984  27.635 0.0000000000
116123  -44.542  42.877  27.190 0.0000000000
115466  -44.828  42.051  26.727 0.0000000000
115477  -45.038  41.364  26.095 0.0000000000
116808  -41.513  43.584  23.504 0.0000000000
116153  -42.766  43.013  24.082 0.0000000000
116157  -43.186  42.614  23.378 0.0000000000
116154  -43.182  42.238  24.683 0.0000000000
115481  -44.035  41.556  25.318 0.0000000000
115482  -44.459  41.461  25.580 0.0000000000
114745  -45.448  41.076  25.887 0.0000000000
114031  -46.426  39.534  24.213 0.0000000000
114048  -47.028  38.952  23.481 0.0000000000
114062  -46.520  38.843  22.558 0.0000000000
113303  -47.322  38.626  23.238 0.0000000000
113315  -47.492  38.041  22.288 0.0000000000
114084  -46.296  38.999  19.438 0.0000000000
113354  -46.276  38.584  19.081 0.0000000000
116180  -46.143  42.436  19.076 0.0000000000
116181  -46.355  41.717  18.691 0.0000000000
101018  -44.102  22.814  46.071 0.0000000000
101051  -43.401  22.601  43.817 0.0000000000
101052  -44.556  22.793  43.925 0.0000000000
101036  -44.897  22.827  45.100 0.0000000000
101885  -45.379  23.101  43.581 0.0000000000
102770  -46.979  24.030  41.944 0.0000000000
101942  -42.120  23.251  39.691 0.0000000000
101943  -43.217  23.082  39.779 0.0000000000
101944  -44.396  23.279  39.913 0.0000000000
101959  -44.716  23.528  38.960 0.0000000000
101931  -46.310  23.631  40.962 0.0000000000
102777  -47.126  24.024  40.865 0.0000000000
103595  -48.284  25.351  38.999 0.0000000000
103605  -49.100  26.066  38.396 0.0000000000
103613  -48.301  25.799  37.736 0.0000000000
103614  -48.992  26.327  37.564 0.0000000000
104401  -50.015  26.599  37.501 0.0000000000
105140  -50.382  26.900  36.574 0.0000000000
104450  -51.236  26.142  34.558 0.0000000000
108145  -38.888  31.337  34.389 0.0000000000
106619  -40.471  29.520  34.829 0.0000000000
117348  -41.605  44.395  32.681 0.0000000000
116046  -40.981  42.722  33.281 0.0000000000
116048  -42.577  42.539  33.477 0.0000000000
115378  -41.991  41.688  33.462 0.0000000000
115395  -41.398  41.537  33.197 0.0000000000
113220  -40.929  38.537  32.188 0.0000000000
113202  -45.058  38.650  33.686 0.0000000000
113224  -44.522  38.737  33.473 0.0000000000
113223  -44.038  38.709  33.177 0.0000000000
111754  -44.543  36.480  33.333 0.0000000000
111772  -44.313  37.332  33.152 0.0000000000
112482  -43.788  37.849  32.828 0.0000000000
112481  -42.768  37.600  32.486 0.0000000000
112480  -41.581  37.522  32.352 0.0000000000
111769  -41.021  36.519  32.479 0.0000000000
111040  -41.539  35.441  32.756 0.0000000000
111022  -41.289  34.795  33.014 0.0000000000
108890  -43.135  32.883  33.722 0.0000000000
108889  -42.162  32.359  33.765 0.0000000000
108888  -40.984  32.469  33.704 0.0000000000
108147  -41.018  31.491  34.197 0.0000000000
106609  -40.992  29.436  34.965 0.0000000000
105149  -41.812  27.794  35.326 0.0000000000
105150  -42.804  27.825  35.199 0.0000000000
104425  -42.947  26.931  35.269 0.0000000000
104426  -43.830  26.791  35.090 0.0000000000
104427  -44.881  26.828  34.837 0.0000000000
107405  -46.319  31.128  34.236 0.0000000000
107408  -45.665  30.103  34.089 0.0000000000
106625  -45.755  29.605  33.695 0.0000000000
105894  -46.969  29.100  32.051 0.0000000000
105882  -45.984  28.885  33.354 0.0000000000
105164  -45.771  27.976  33.747 0.0000000000
104439  -45.911  27.178  34.399 0.0000000000
104441  -47.860  26.747  34.903 0.0000000000
105167  -48.828  27.115  34.466 0.0000000000
105176  -49.832  27.215  33.963 0.0000000000
105177  -50.620  27.010  34.494 0.0000000000
104449  -51.117  26.502  34.046 0.0000000000
103675  -50.803  25.798  32.812 0.0000000000
103674  -50.151  25.546  32.589 0.0000000000
103695  -50.006  25.422  31.662 0.0000000000
103714  -48.887  25.798  30.456 0.0000000000
103741  -50.326  25.787  29.486 0.0000000000
103727  -49.853  25.637  29.829 0.0000000000
104502  -48.507  26.079  29.697 0.0000000000
104501  -47.778  26.324  29.309 0.0000000000
105246  -50.082  27.344  27.002 0.0000000000
105260  -50.219  26.739  26.953 0.0000000000
104565  -49.195  27.136  24.596 0.0000000000
104541  -48.237  26.334  26.448 0.0000000000
104527  -46.507  26.672  27.223 0.0000000000
105245  -45.931  27.033  27.032 0.0000000000
105244  -45.381  27.102  26.766 0.0000000000
105243  -44.769  27.113  26.363 0.0000000000
105282  -45.065  27.366  24.056 0.0000000000
105269  -44.452  27.240  24.638 0.0000000000
108169  -46.784  32.367  31.002 0.0000000000
107442  -47.196  31.198  29.915 0.0000000000
107461  -46.742  30.448  29.522 0.0000000000
107440  -45.215  30.536  30.278 0.0000000000
106664  -45.811  30.002  29.688 0.0000000000
106699  -46.206  29.480  28.127 0.0000000000
106711  -45.779  29.335  27.083 0.0000000000
106723  -45.710  29.559  25.945 0.0000000000
106734  -45.357  30.055  24.918 0.0000000000
108253  -42.753  31.060  26.647 0.0000000000
107495  -43.460  30.931  26.941 0.0000000000
106709  -44.090  30.565  26.940 0.0000000000
106733  -44.875  30.344  25.221 0.0000000000
106744  -45.319  29.878  23.869 0.0000000000
106755  -45.206  29.461  22.925 0.0000000000
106754  -44.350  29.301  22.873 0.0000000000
106762  -43.681  28.448  22.285 0.0000000000
106741  -43.012  28.921  23.770 0.0000000000
106752  -42.856  28.574  23.094 0.0000000000
105997  -43.179  27.792  22.265 0.0000000000
99111  -45.571  20.980  46.162 0.0000000000
99128  -44.709  20.566  45.345 0.0000000000
99129  -45.470  20.933  45.660 0.0000000000
100067  -45.357  21.092  47.033 0.0000000000
100068  -46.005  21.387  46.774 0.0000000000
100084  -46.022  21.218  46.057 0.0000000000
100096  -46.696  21.532  44.787 0.0000000000
101003  -45.950  21.960  47.133 0.0000000000
101022  -47.022  21.926  45.488 0.0000000000
101032  -40.860  22.751  44.251 0.0000000000
101038  -46.817  22.768  45.379 0.0000000000
101039  -47.321  22.358  44.994 0.0000000000
101053  -45.461  23.033  44.327 0.0000000000
101055  -47.970  22.551  43.387 0.0000000000
101072  -48.660  23.192  42.385 0.0000000000
101078  -39.279  23.189  42.237 0.0000000000
101083  -43.447  22.662  42.030 0.0000000000
101089  -39.855  23.212  41.213 0.0000000000
101926  -40.721  23.149  40.453 0.0000000000
101946  -46.485  23.902  40.216 0.0000000000
101948  -50.248  23.920  39.275 0.0000000000
102761  -47.284  23.899  42.628 0.0000000000
102762  -47.709  24.050  42.400 0.0000000000
102772  -48.457  24.257  41.425 0.0000000000
102780  -49.300  24.416  40.285 0.0000000000
102787  -48.132  24.901  39.547 0.0000000000
102809  -45.388  24.380  37.526 0.0000000000
102812  -48.022  25.454  38.206 0.0000000000
103596  -48.718  25.540  39.137 0.0000000000
103612  -47.671  25.590  37.281 0.0000000000
103632  -48.604  26.185  37.227 0.0000000000
103644  -47.580  25.930  36.360 0.0000000000
103645  -50.422  25.403  35.172 0.0000000000
103647  -51.101  25.926  35.166 0.0000000000
103652  -50.248  25.475  34.552 0.0000000000
103664  -51.094  25.901  34.536 0.0000000000
103716  -50.462  25.645  30.954 0.0000000000
103726  -49.324  25.807  29.375 0.0000000000
103728  -50.292  25.694  30.226 0.0000000000
103739  -49.513  25.817  28.846 0.0000000000
103751  -50.120  25.872  28.453 0.0000000000
104393  -49.505  26.395  37.779 0.0000000000
104394  -49.848  26.242  38.077 0.0000000000
104395  -50.120  25.947  38.180 0.0000000000
104400  -49.518  26.599  37.297 0.0000000000
104411  -48.463  26.405  36.379 0.0000000000
104414  -50.537  26.431  36.844 0.0000000000
104434  -51.117  26.027  35.389 0.0000000000
104444  -51.066  26.578  34.898 0.0000000000
104445  -51.188  26.163  35.109 0.0000000000
104491  -48.259  26.112  30.273 0.0000000000
104500  -46.846  26.377  29.095 0.0000000000
104516  -49.610  25.852  28.571 0.0000000000
104517  -50.470  26.073  29.147 0.0000000000
104539  -46.912  26.673  26.304 0.0000000000
104540  -47.379  26.498  26.576 0.0000000000
104552  -46.828  26.806  25.836 0.0000000000
104563  -47.968  26.705  24.541 0.0000000000
105139  -50.302  27.067  36.404 0.0000000000
105152  -44.277  27.313  34.845 0.0000000000
105154  -50.567  26.884  36.199 0.0000000000
105172  -46.279  28.466  33.245 0.0000000000
105224  -49.236  28.041  29.303 0.0000000000
105256  -44.642  27.169  25.564 0.0000000000
105259  -49.893  26.868  26.264 0.0000000000
105267  -41.958  28.220  24.800 0.0000000000
105273  -49.489  27.366  25.315 0.0000000000
105285  -48.655  27.445  24.011 0.0000000000
105286  -49.082  27.695  24.609 0.0000000000
105294  -43.366  27.334  22.826 0.0000000000
105297  -46.419  27.634  23.056 0.0000000000
105299  -48.246  27.857  23.086 0.0000000000
105304  -42.913  27.517  22.538 0.0000000000
105310  -47.972  28.295  22.639 0.0000000000
105865  -40.693  28.835  35.124 0.0000000000
105876  -40.201  28.920  34.973 0.0000000000
105877  -44.046  28.380  34.920 0.0000000000
105878  -44.473  28.821  34.667 0.0000000000
105883  -46.668  28.853  32.635 0.0000000000
105909  -48.336  28.031  30.651 0.0000000000
105929  -48.530  29.311  29.541 0.0000000000
105953  -46.375  29.311  25.958 0.0000000000
105965  -47.831  28.654  24.890 0.0000000000
105976  -47.049  28.763  23.679 0.0000000000
105978  -48.505  28.184  24.100 0.0000000000
105989  -43.386  28.335  22.346 0.0000000000
105998  -43.703  28.113  22.057 0.0000000000
106001  -46.635  28.582  22.530 0.0000000000
106002  -47.467  28.451  22.674 0.0000000000
106003  -47.837  28.470  22.784 0.0000000000
106620  -41.130  29.756  34.894 0.0000000000
106621  -44.673  29.713  34.794 0.0000000000
106649  -47.343  30.145  31.570 0.0000000000
106665  -46.416  30.267  29.606 0.0000000000
106666  -48.263  29.807  30.212 0.0000000000
106682  -46.619  30.027  29.073 0.0000000000
106684  -48.452  29.520  29.760 0.0000000000
106686  -49.242  30.358  29.058 0.0000000000
106701  -47.957  30.554  27.824 0.0000000000
106702  -48.894  29.421  28.985 0.0000000000
106713  -48.124  30.043  27.209 0.0000000000
106724  -46.316  29.340  25.683 0.0000000000
106725  -48.325  29.547  26.622 0.0000000000
106763  -44.169  28.672  22.254 0.0000000000
106765  -45.804  29.059  22.380 0.0000000000
107388  -41.974  30.255  34.949 0.0000000000
107390  -43.410  30.580  35.254 0.0000000000
107441  -46.519  30.733  30.030 0.0000000000
107443  -48.052  30.344  30.726 0.0000000000
107465  -49.389  30.843  29.525 0.0000000000
107483  -48.124  31.005  28.374 0.0000000000
107484  -48.709  31.171  28.259 0.0000000000
107494  -42.789  31.226  27.145 0.0000000000
107496  -44.085  30.633  26.666 0.0000000000
107513  -44.940  30.232  24.536 0.0000000000
107518  -43.777  30.056  24.548 0.0000000000
108148  -42.229  31.467  34.290 0.0000000000
108153  -47.348  32.431  34.655 0.0000000000
108156  -41.473  31.989  33.872 0.0000000000
108163  -46.923  31.128  33.053 0.0000000000
108167  -45.215  32.062  31.060 0.0000000000
108170  -47.976  31.384  31.870 0.0000000000
108189  -49.269  31.720  30.444 0.0000000000
108204  -47.536  31.450  29.782 0.0000000000
108207  -49.486  31.598  29.700 0.0000000000
108243  -42.783  31.216  26.937 0.0000000000
108244  -49.106  31.164  28.149 0.0000000000
108251  -41.461  31.048  26.920 0.0000000000
108858  -44.411  31.914  35.163 0.0000000000
108878  -44.214  32.327  34.802 0.0000000000
108891  -47.698  32.785  34.519 0.0000000000
108909  -48.810  32.551  30.654 0.0000000000
108910  -49.209  32.245  30.441 0.0000000000
108921  -49.055  32.378  29.927 0.0000000000
109577  -45.806  33.228  35.328 0.0000000000
109578  -46.522  33.510  35.609 0.0000000000
109579  -47.204  33.622  35.686 0.0000000000
109592  -44.695  33.480  34.308 0.0000000000
109618  -44.975  32.961  31.140 0.0000000000
110275  -45.292  34.642  34.348 0.0000000000
110277  -47.956  34.411  34.756 0.0000000000
110278  -48.291  34.381  34.113 0.0000000000
110291  -41.009  34.274  33.241 0.0000000000
110295  -44.818  34.774  33.864 0.0000000000
110296  -48.461  34.461  33.385 0.0000000000
110300  -42.154  35.111  32.840 0.0000000000
110301  -42.480  34.971  32.908 0.0000000000
110303  -48.391  34.531  32.728 0.0000000000
110308  -48.193  34.563  32.409 0.0000000000
110998  -46.581  34.994  35.406 0.0000000000
110999  -47.159  35.017  35.469 0.0000000000
111003  -45.472  35.325  34.373 0.0000000000
111004  -46.025  35.427  34.871 0.0000000000
111021  -40.692  34.948  33.006 0.0000000000
111023  -43.249  35.446  32.991 0.0000000000
111024  -43.902  35.674  33.122 0.0000000000
111046  -45.914  35.261  31.268 0.0000000000
111061  -45.120  35.233  29.993 0.0000000000
111746  -47.131  36.222  34.647 0.0000000000
112454  -47.198  36.644  34.273 0.0000000000
112483  -44.480  38.169  33.351 0.0000000000
112484  -46.919  37.673  33.266 0.0000000000
112489  -39.842  37.852  31.930 0.0000000000
112490  -40.279  38.128  32.015 0.0000000000
112554  -47.599  38.238  25.420 0.0000000000
112619  -47.168  37.698  21.195 0.0000000000
112620  -47.434  37.401  21.588 0.0000000000
113203  -46.041  38.476  33.465 0.0000000000
113218  -39.198  38.615  31.978 0.0000000000
113238  -39.868  38.352  32.003 0.0000000000
113239  -40.285  38.470  32.093 0.0000000000
113257  -46.733  39.145  27.103 0.0000000000
113293  -47.702  38.374  24.318 0.0000000000
113304  -47.571  38.436  23.463 0.0000000000
113327  -46.222  38.802  21.131 0.0000000000
113969  -42.755  39.464  32.805 0.0000000000
114001  -44.161  40.695  28.381 0.0000000000
114004  -46.102  39.193  27.666 0.0000000000
114007  -45.418  40.225  27.341 0.0000000000
114033  -47.567  38.972  24.473 0.0000000000
114095  -46.221  40.049  19.268 0.0000000000
114107  -45.889  39.461  17.928 0.0000000000
114667  -42.049  41.164  33.302 0.0000000000
114670  -44.218  40.787  33.612 0.0000000000
114686  -44.034  41.253  32.689 0.0000000000
114697  -43.270  41.369  31.693 0.0000000000
114707  -35.218  40.928  30.008 0.0000000000
114708  -35.507  40.897  30.018 0.0000000000
114709  -43.129  41.290  31.379 0.0000000000
114712  -34.723  40.844  29.451 0.0000000000
114713  -35.082  40.803  29.663 0.0000000000
114717  -43.385  40.805  29.489 0.0000000000
114720  -35.392  40.510  28.908 0.0000000000
114721  -36.197  40.434  28.663 0.0000000000
114722  -37.025  40.613  28.440 0.0000000000
114723  -37.688  40.830  28.619 0.0000000000
114724  -43.726  41.053  28.662 0.0000000000
114727  -34.890  40.683  28.345 0.0000000000
114730  -37.060  40.707  27.754 0.0000000000
114738  -36.187  40.725  27.050 0.0000000000
114744  -44.927  41.271  25.813 0.0000000000
114747  -47.182  39.954  25.489 0.0000000000
114750  -44.320  41.262  25.188 0.0000000000
114751  -44.687  41.091  25.353 0.0000000000
114754  -47.361  39.574  24.893 0.0000000000
114791  -44.651  40.859  21.740 0.0000000000
115377  -41.208  42.105  33.288 0.0000000000
115379  -42.968  41.631  33.665 0.0000000000
115380  -43.724  41.515  33.558 0.0000000000
115394  -40.820  41.541  32.935 0.0000000000
115397  -44.105  41.404  33.306 0.0000000000
115405  -35.169  42.009  31.034 0.0000000000
115408  -43.315  41.854  32.332 0.0000000000
115418  -35.107  41.226  30.273 0.0000000000
115421  -37.767  41.421  30.127 0.0000000000
115422  -38.521  41.687  29.943 0.0000000000
115431  -34.374  41.130  29.593 0.0000000000
115433  -36.659  40.885  29.841 0.0000000000
115434  -37.307  40.950  29.649 0.0000000000
115437  -42.928  42.054  29.952 0.0000000000
115438  -43.245  41.812  29.181 0.0000000000
115450  -33.878  41.397  28.039 0.0000000000
115455  -39.139  42.183  27.538 0.0000000000
115465  -38.343  42.171  26.632 0.0000000000
115467  -45.106  41.435  26.366 0.0000000000
115475  -44.112  41.876  25.729 0.0000000000
115476  -44.594  41.715  25.994 0.0000000000
115480  -35.442  41.851  25.090 0.0000000000
116047  -41.595  42.704  33.447 0.0000000000
116049  -43.216  42.013  33.644 0.0000000000
116073  -35.307  42.803  31.529 0.0000000000
116076  -38.538  42.888  31.128 0.0000000000
116078  -42.888  42.653  32.066 0.0000000000
116090  -36.680  41.654  30.613 0.0000000000
116094  -40.318  42.858  30.224 0.0000000000
116108  -42.901  42.386  30.308 0.0000000000
116121  -39.555  42.608  27.260 0.0000000000
116128  -38.723  42.566  26.299 0.0000000000
116130  -39.861  43.029  27.054 0.0000000000
116132  -44.402  42.613  26.605 0.0000000000
116136  -34.469  41.710  25.412 0.0000000000
116138  -37.029  42.300  25.380 0.0000000000
116139  -37.743  42.505  25.526 0.0000000000
116140  -38.498  42.779  25.626 0.0000000000
116147  -33.512  42.544  24.780 0.0000000000
116166  -45.245  42.208  20.940 0.0000000000
116674  -40.908  43.412  33.258 0.0000000000
116676  -42.460  43.344  33.054 0.0000000000
116691  -40.287  43.064  33.113 0.0000000000
116692  -40.665  42.915  33.209 0.0000000000
116705  -34.610  43.338  32.297 0.0000000000
116722  -39.544  43.336  31.083 0.0000000000
116725  -42.849  43.575  30.648 0.0000000000
116726  -43.098  43.749  30.148 0.0000000000
116737  -42.145  44.062  29.077 0.0000000000
116739  -43.793  44.008  29.169 0.0000000000
116751  -43.680  43.510  29.164 0.0000000000
116759  -42.386  44.301  27.702 0.0000000000
116760  -43.751  44.241  27.310 0.0000000000
116767  -39.695  43.282  26.367 0.0000000000
116772  -44.172  43.378  26.901 0.0000000000
116787  -33.129  43.078  24.277 0.0000000000
116792  -38.304  43.071  24.817 0.0000000000
116828  -44.425  43.725  21.345 0.0000000000
117349  -42.216  44.182  32.501 0.0000000000
117360  -36.314  43.998  31.794 0.0000000000
117362  -38.103  44.248  31.887 0.0000000000
117363  -39.073  44.583  31.824 0.0000000000
117394  -43.870  44.193  28.936 0.0000000000
117404  -43.886  44.332  28.544 0.0000000000
117411  -42.126  44.312  27.078 0.0000000000
117414  -43.823  44.482  28.084 0.0000000000
117422  -42.599  44.265  26.598 0.0000000000
117423  -43.116  44.397  27.053 0.0000000000
117426  -41.091  44.267  25.727 0.0000000000
117427  -41.649  44.387  25.873 0.0000000000
117459  -44.212  44.373  21.215 0.0000000000
