#!ascii label  , from subject sub.01.bl.01 vox2ras=TkReg
1581
4915  -38.541  -75.434  5.782 0.1000000015
4914  -38.257  -75.658  5.542 0.1000000015
4281  -36.937  -76.425  5.309 0.1000000015
4928  -38.136  -75.554  5.102 0.1000000015
4298  -37.673  -75.869  4.532 0.1000000015
4316  -38.063  -75.639  3.672 0.1000000015
4315  -37.545  -76.183  3.374 0.1000000015
4328  -38.102  -75.981  2.343 0.1000000015
4948  -38.908  -75.356  1.703 0.1000000015
4339  -38.428  -75.943  0.993 0.1000000015
4338  -37.491  -76.639  1.322 0.1000000015
4960  -38.929  -75.422  0.993 0.1000000015
5705  -38.295  -74.343  -0.658 0.1000000015
4974  -38.044  -75.514  -0.142 0.1000000015
4347  -38.217  -75.757  0.319 0.1000000015
5598  -39.094  -74.128  5.322 0.1000000015
5578  -38.909  -74.665  5.452 0.1000000015
5597  -38.481  -74.395  4.881 0.1000000015
4929  -38.372  -75.138  4.482 0.1000000015
5616  -38.219  -74.700  3.598 0.1000000015
4939  -38.387  -75.225  2.957 0.1000000015
4961  -39.128  -75.242  1.113 0.1000000015
7743  -33.943  -70.981  -1.022 0.1000000015
7083  -35.050  -72.211  -0.821 0.1000000015
7084  -36.545  -72.662  -0.827 0.1000000015
6397  -37.270  -72.900  -1.038 0.1000000015
6398  -37.819  -73.020  -0.681 0.1000000015
6388  -38.616  -73.647  0.225 0.1000000015
5685  -38.716  -74.467  -0.040 0.1000000015
4975  -38.646  -75.265  0.344 0.1000000015
7016  -39.879  -72.646  5.259 0.1000000015
7015  -38.910  -72.555  5.100 0.2000000030
6306  -39.250  -73.472  5.326 0.1000000015
7014  -37.848  -72.569  5.166 0.1000000015
6305  -38.372  -73.145  5.220 0.1000000015
6328  -37.694  -73.395  4.915 0.1000000015
6329  -38.489  -73.777  5.010 0.1000000015
11371  -37.455  -66.666  2.761 0.1000000015
10579  -36.941  -67.724  2.016 0.1000000015
5595  -37.487  -73.991  4.222 0.1000000015
5596  -38.026  -74.177  4.414 0.1000000015
10580  -37.622  -67.877  1.805 0.1000000015
9809  -36.319  -67.916  2.011 0.1000000015
9827  -35.793  -68.419  1.807 0.1000000015
9082  -34.236  -69.467  1.456 0.1000000015
7727  -33.738  -70.626  0.450 0.1000000015
5615  -37.731  -74.348  3.629 0.1000000015
5637  -38.028  -74.399  2.775 0.1000000015
5638  -38.661  -74.643  2.133 0.1000000015
9083  -34.983  -69.022  1.650 0.1000000015
9099  -34.555  -69.395  0.934 0.1000000015
8392  -34.063  -69.800  0.713 0.1000000015
7063  -33.655  -71.227  0.911 0.1000000015
7051  -34.538  -72.561  1.425 0.1000000015
7052  -35.586  -72.881  1.065 0.1000000015
6369  -38.256  -74.221  2.141 0.1000000015
5639  -39.196  -74.897  1.478 0.1000000015
8405  -33.990  -69.889  -0.191 0.1000000015
7728  -33.896  -71.102  -0.372 0.1000000015
7064  -34.246  -71.676  0.299 0.1000000015
7065  -35.356  -72.527  0.249 0.1000000015
7067  -37.112  -72.691  0.977 0.1000000015
6387  -37.910  -73.034  0.635 0.1000000015
7085  -37.230  -72.694  0.105 0.1000000015
5686  -39.070  -74.860  0.608 0.1000000015
7680  -38.556  -71.617  4.704 0.1000000015
7681  -39.499  -71.935  4.807 0.2000000030
7682  -40.321  -71.904  5.094 0.1000000015
7683  -41.082  -71.633  5.457 0.2000000030
7018  -41.179  -72.050  5.851 0.2000000030
7679  -37.455  -71.561  5.023 0.1000000015
7013  -37.271  -72.216  5.219 0.1000000015
12142  -38.075  -65.137  3.356 0.1000000015
11354  -38.220  -66.047  3.010 0.1000000015
7030  -36.938  -72.757  4.964 0.1000000015
6327  -36.788  -73.615  4.272 0.1000000015
6350  -36.604  -73.904  3.458 0.1000000015
10564  -36.562  -67.336  2.545 0.1000000015
9826  -35.241  -68.517  2.177 0.1000000015
9070  -34.788  -68.714  2.252 0.1000000015
5636  -37.298  -74.218  3.032 0.1000000015
9069  -34.082  -68.993  2.438 0.1000000015
8381  -33.684  -69.971  1.504 0.1000000015
7050  -33.607  -71.668  1.465 0.1000000015
6379  -35.753  -73.073  1.672 0.1000000015
6381  -37.375  -73.259  1.620 0.1000000015
6368  -37.717  -73.937  2.257 0.1000000015
6382  -38.353  -73.820  1.454 0.1000000015
9034  -37.696  -69.808  5.306 0.1000000015
9035  -38.742  -69.809  5.184 0.1000000015
8330  -37.060  -70.590  5.137 0.1000000015
8331  -38.216  -70.652  4.639 0.1000000015
8332  -39.260  -70.356  4.665 0.1000000015
8333  -40.215  -70.352  4.708 0.2000000030
7691  -38.812  -71.246  4.339 0.2000000030
8334  -41.051  -70.758  5.103 0.2000000030
7690  -36.831  -71.995  5.256 0.1000000015
7689  -36.071  -72.071  5.014 0.1000000015
11352  -36.301  -66.144  3.469 0.1000000015
10548  -35.487  -66.905  3.363 0.1000000015
10562  -34.964  -67.457  3.111 0.1000000015
6326  -36.207  -73.542  3.836 0.1000000015
12929  -38.814  -64.243  3.112 0.1000000015
11370  -36.750  -66.593  2.991 0.1000000015
10549  -36.153  -66.921  3.067 0.1000000015
8366  -32.845  -70.695  2.616 0.1000000015
7698  -33.157  -71.447  3.418 0.1000000015
7038  -34.488  -72.952  3.308 0.1000000015
7039  -35.101  -73.073  3.542 0.1000000015
6349  -35.830  -73.501  3.274 0.1000000015
12944  -39.468  -63.894  2.686 0.1000000015
7713  -33.353  -70.812  1.515 0.1000000015
7044  -33.558  -72.166  2.429 0.1000000015
7045  -34.335  -72.846  2.575 0.1000000015
6348  -35.031  -73.281  2.853 0.1000000015
6367  -36.711  -73.695  2.516 0.1000000015
13733  -39.825  -63.209  2.400 0.1000000015
14526  -40.357  -62.344  2.227 0.1000000015
14527  -41.195  -62.445  1.822 0.1000000015
15332  -40.877  -61.397  1.953 0.1000000015
9747  -36.739  -68.737  6.313 0.1000000015
9762  -35.906  -69.230  6.087 0.1000000015
9022  -38.298  -69.233  5.818 0.1000000015
9036  -39.773  -69.716  5.136 0.1000000015
9032  -35.502  -69.907  5.748 0.1000000015
8329  -36.050  -70.633  5.449 0.1000000015
9037  -40.739  -69.915  5.375 0.2000000030
9761  -35.061  -69.144  6.025 0.1000000015
16203  -38.888  -60.661  3.020 0.1000000015
14514  -38.874  -62.322  3.144 0.1000000015
13719  -38.456  -63.263  3.352 0.1000000015
13718  -37.756  -63.248  3.759 0.1000000015
12928  -37.935  -64.151  3.582 0.1000000015
12141  -37.045  -64.974  3.821 0.1000000015
9760  -34.238  -68.920  5.738 0.1000000015
9031  -34.560  -69.788  5.517 0.1000000015
7677  -35.691  -71.332  5.157 0.1000000015
10547  -34.543  -67.091  3.736 0.1000000015
10546  -34.063  -67.367  3.897 0.1000000015
9056  -33.340  -69.161  3.459 0.1000000015
7687  -33.913  -71.838  4.199 0.1000000015
7688  -34.980  -71.821  4.705 0.1000000015
7029  -35.737  -72.962  4.275 0.1000000015
9792  -34.477  -67.772  3.173 0.1000000015
9791  -33.920  -67.963  3.532 0.1000000015
8353  -32.947  -70.322  3.492 0.1000000015
8339  -33.427  -70.640  4.479 0.1000000015
7028  -34.546  -72.527  3.940 0.1000000015
15319  -39.251  -61.371  2.879 0.1000000015
14525  -39.579  -62.301  2.654 0.1000000015
16219  -39.567  -60.189  2.634 0.1000000015
15331  -40.070  -61.327  2.493 0.1000000015
16220  -40.546  -60.338  2.134 0.1000000015
16221  -41.439  -60.430  1.691 0.1000000015
15333  -41.790  -61.485  1.600 0.1000000015
9746  -35.673  -68.510  6.393 0.1000000015
10498  -36.343  -67.838  6.782 0.1000000015
10499  -37.398  -67.881  6.771 0.1000000015
9023  -39.280  -69.252  5.796 0.1000000015
9745  -34.735  -68.361  6.336 0.1000000015
10496  -34.396  -67.507  6.676 0.1000000015
9749  -38.847  -68.612  6.307 0.1000000015
9024  -40.243  -69.369  5.933 0.1000000015
10495  -33.740  -67.509  6.055 0.1000000015
9744  -34.037  -68.173  6.074 0.1000000015
14513  -38.126  -62.346  3.568 0.1000000015
12927  -37.397  -63.965  4.022 0.1000000015
12126  -36.333  -64.749  4.271 0.1000000015
9759  -33.646  -68.453  5.306 0.1000000015
9030  -33.741  -69.616  5.161 0.1000000015
9751  -40.732  -68.830  6.565 0.1000000015
11351  -35.359  -66.235  3.909 0.1000000015
10533  -34.350  -66.669  4.191 0.1000000015
9775  -33.512  -68.228  4.410 0.1000000015
17145  -39.556  -59.108  2.526 0.1000000015
17146  -40.239  -59.288  2.216 0.1000000015
18024  -40.776  -58.370  1.933 0.1000000015
17147  -41.104  -59.388  1.816 0.1000000015
18025  -41.725  -58.436  1.745 0.1000000015
17148  -42.071  -59.469  1.612 0.1000000015
11290  -34.453  -66.559  7.283 0.1000000015
10480  -35.089  -67.107  7.187 0.1000000015
10481  -35.952  -67.111  7.256 0.1000000015
10497  -35.342  -67.750  6.792 0.1000000015
10482  -36.990  -67.129  7.299 0.1000000015
9748  -37.853  -68.620  6.347 0.1000000015
11310  -33.859  -66.938  6.687 0.1000000015
11323  -33.645  -66.334  5.366 0.1000000015
10500  -38.443  -67.861  6.701 0.1000000015
16202  -38.341  -60.318  3.465 0.1000000015
15317  -37.724  -61.329  4.071 0.1000000015
13710  -37.228  -63.231  4.315 0.1000000015
12913  -36.015  -64.235  4.712 0.1000000015
11336  -34.995  -65.944  4.325 0.1000000015
11335  -34.419  -66.139  4.520 0.1000000015
11334  -33.891  -66.109  4.854 0.1000000015
10516  -33.555  -67.355  5.290 0.1000000015
10501  -39.448  -67.904  6.661 0.1000000015
9750  -39.816  -68.690  6.357 0.1000000015
17130  -38.589  -59.319  3.174 0.1000000015
12140  -36.023  -65.436  3.998 0.1000000015
11350  -34.723  -66.430  4.142 0.1000000015
10503  -41.167  -68.184  6.908 0.1000000015
17144  -39.106  -59.393  2.801 0.1000000015
18947  -39.641  -57.346  2.525 0.1000000015
18023  -39.940  -58.306  2.340 0.1000000015
18948  -40.447  -57.377  2.091 0.1000000015
20824  -41.589  -55.506  2.148 0.1000000015
18949  -41.349  -57.418  1.780 0.1000000015
20825  -42.531  -55.496  1.876 0.1000000015
12071  -34.971  -65.717  7.889 0.1000000015
11291  -35.475  -66.441  7.635 0.1000000015
11292  -36.528  -66.324  7.707 0.1000000015
12070  -34.158  -65.591  7.310 0.1000000015
12069  -33.768  -65.905  6.619 0.1000000015
12860  -34.386  -64.537  7.312 0.1000000015
11293  -37.627  -66.201  7.529 0.1000000015
10483  -38.046  -67.059  7.108 0.1000000015
12108  -33.775  -65.771  5.606 0.1000000015
12094  -33.982  -65.230  6.600 0.1000000015
18013  -38.250  -58.492  3.399 0.1000000015
12914  -36.808  -64.097  4.421 0.1000000015
12124  -35.028  -65.242  4.712 0.1000000015
12123  -34.270  -65.529  5.032 0.1000000015
12109  -34.083  -65.192  5.746 0.1000000015
10484  -39.098  -67.067  6.979 0.1000000015
16201  -37.796  -60.134  4.040 0.1000000015
14500  -37.117  -62.294  4.563 0.1000000015
13709  -36.435  -63.165  4.852 0.1000000015
12912  -35.522  -64.670  4.756 0.1000000015
10485  -40.113  -67.151  6.907 0.1000000015
18946  -39.005  -57.238  2.878 0.1000000015
19861  -40.157  -56.427  2.392 0.1000000015
19860  -39.361  -56.402  2.807 0.1000000015
20823  -40.700  -55.513  2.437 0.1000000015
21805  -41.232  -54.603  2.542 0.1000000015
21806  -42.137  -54.566  2.282 0.1000000015
13672  -34.554  -63.677  7.006 0.1000000015
13645  -34.700  -63.750  7.703 0.1000000015
12842  -34.661  -64.224  7.981 0.1000000015
12072  -35.987  -65.623  8.101 0.1000000015
14458  -35.130  -62.539  6.618 0.1000000015
12073  -37.121  -65.201  7.960 0.1000000015
14479  -36.092  -62.352  5.434 0.1000000015
13696  -35.694  -63.204  5.372 0.1000000015
13695  -34.987  -63.333  5.887 0.1000000015
12884  -34.314  -64.437  6.463 0.1000000015
18938  -38.379  -57.425  3.385 0.1000000015
18012  -37.784  -58.506  3.964 0.1000000015
15300  -36.931  -61.301  4.950 0.1000000015
12900  -35.867  -63.709  5.026 0.1000000015
12899  -35.322  -64.218  5.218 0.1000000015
11294  -38.734  -66.186  7.347 0.1000000015
19859  -38.800  -56.701  3.140 0.1000000015
20809  -39.281  -55.516  3.102 0.1000000015
21803  -39.648  -54.893  3.007 0.1000000015
21804  -40.322  -54.586  2.809 0.1000000015
22754  -41.022  -53.200  3.070 0.1000000015
23775  -41.719  -52.608  3.078 0.1000000015
24739  -42.271  -51.691  3.431 0.1000000015
22772  -42.639  -53.689  2.340 0.1000000015
12057  -35.489  -64.930  8.286 0.1000000015
12058  -36.368  -64.780  8.330 0.1000000015
12861  -37.278  -64.398  8.186 0.1000000015
18922  -37.698  -57.435  4.131 0.1000000015
16163  -36.683  -60.286  5.266 0.1000000015
15299  -36.396  -61.658  5.398 0.1000000015
14478  -35.529  -62.472  5.937 0.1000000015
20808  -38.757  -55.517  3.503 0.1000000015
19848  -38.467  -56.375  3.600 0.1000000015
17110  -37.535  -59.347  4.323 0.1000000015
16180  -37.285  -60.296  4.607 0.1000000015
14499  -36.605  -62.159  5.035 0.1000000015
21790  -39.139  -54.674  3.459 0.1000000015
21791  -39.745  -54.246  3.229 0.1000000015
23773  -39.951  -53.024  3.797 0.1000000015
22753  -40.282  -53.574  3.314 0.1000000015
24737  -40.670  -51.504  4.059 0.1000000015
24738  -41.368  -51.681  3.621 0.1000000015
25643  -41.172  -50.961  3.945 0.1000000015
25644  -41.887  -50.956  3.789 0.1000000015
14437  -35.220  -62.388  7.635 0.1000000015
13625  -34.954  -63.754  8.195 0.1000000015
13626  -35.509  -63.442  8.574 0.1000000015
12844  -35.919  -64.173  8.615 0.1000000015
13627  -36.296  -63.375  8.853 0.1000000015
15259  -35.485  -61.577  6.954 0.1000000015
22751  -38.718  -54.147  4.066 0.1000000015
21789  -38.569  -54.914  3.825 0.1000000015
22752  -39.430  -53.607  3.758 0.1000000015
24727  -40.106  -51.449  4.536 0.1000000015
25630  -41.507  -50.358  4.210 0.1000000015
25631  -42.307  -50.250  4.064 0.1000000015
14436  -34.878  -63.196  7.506 0.1000000015
13612  -35.901  -62.800  8.954 0.1000000015
15260  -35.715  -61.112  6.644 0.1000000015
19833  -37.970  -56.394  4.159 0.1000000015
19832  -37.351  -56.472  4.724 0.1000000015
17994  -37.259  -58.412  4.600 0.1000000015
17095  -36.945  -59.353  4.948 0.1000000015
16162  -36.183  -60.366  5.940 0.1000000015
22734  -38.945  -53.382  4.387 0.1000000015
23759  -39.502  -52.449  4.460 0.1000000015
25629  -40.658  -50.564  4.548 0.1000000015
26601  -41.192  -49.814  4.591 0.1000000015
26602  -41.887  -49.683  4.461 0.1000000015
26592  -42.232  -49.027  4.769 0.1000000015
16128  -35.598  -60.873  7.532 0.1000000015
17094  -36.392  -59.377  5.685 0.1000000015
17079  -36.031  -59.510  6.623 0.1000000015
16147  -35.669  -60.861  6.989 0.1000000015
21773  -38.171  -54.750  4.359 0.1000000015
21772  -37.599  -54.675  5.004 0.1000000015
18906  -37.010  -57.436  4.984 0.1000000015
17974  -36.686  -58.395  5.347 0.1000000015
23758  -38.818  -53.025  4.814 0.1000000015
26590  -40.618  -49.472  5.177 0.1000000015
27620  -41.172  -48.733  5.324 0.1000000015
28612  -41.490  -47.451  6.274 0.1000000015
27621  -41.846  -48.554  5.214 0.1000000015
17973  -36.215  -58.392  6.178 0.1000000015
20775  -37.132  -55.559  5.242 0.1000000015
19817  -36.750  -56.500  5.437 0.1000000015
18905  -36.463  -57.429  5.759 0.1000000015
24726  -39.548  -51.369  4.987 0.1000000015
25620  -40.162  -50.262  5.158 0.1000000015
27607  -40.642  -48.439  5.936 0.1000000015
29572  -41.152  -46.762  7.094 0.1000000015
22733  -38.218  -53.688  4.830 0.1000000015
23743  -39.060  -51.784  5.173 0.1000000015
25619  -39.522  -50.562  5.489 0.1000000015
26589  -39.946  -49.844  5.559 0.1000000015
26581  -40.030  -49.212  5.847 0.1000000015
28611  -40.240  -47.483  6.897 0.1000000015
29571  -40.517  -46.880  7.300 0.1000000015
28592  -40.136  -46.969  7.483 0.1000000015
24713  -38.724  -51.472  5.680 0.1000000015
26580  -39.389  -49.720  6.105 0.1000000015
27606  -39.654  -48.659  6.560 0.1000000015
28610  -39.472  -47.933  7.128 0.1000000015
4282  -37.991  -75.955  5.738 0.1000000015
4299  -38.089  -75.541  4.439 0.1000000015
6330  -38.884  -73.953  5.137 0.1000000015
7082  -34.295  -71.506  -0.923 0.1000000015
7104  -36.573  -72.876  -2.155 0.1000000015
6415  -37.309  -73.016  -1.548 0.1000000015
11353  -37.317  -65.938  3.245 0.1000000015
9808  -35.724  -67.984  2.339 0.1000000015
6378  -35.194  -72.990  1.525 0.1000000015
7066  -36.392  -72.691  0.472 0.1000000015
7053  -36.384  -72.892  1.239 0.1000000015
7054  -36.868  -72.968  1.423 0.1000000015
8343  -39.709  -70.860  4.342 0.2000000030
7693  -40.010  -71.437  4.550 0.2000000030
9807  -34.870  -68.143  2.640 0.1000000015
8367  -33.074  -70.157  2.493 0.1000000015
7704  -32.978  -71.156  2.424 0.1000000015
6366  -35.805  -73.319  2.361 0.1000000015
7678  -36.514  -71.354  5.198 0.1000000015
10563  -35.623  -67.478  2.853 0.1000000015
13720  -39.167  -63.213  2.886 0.1000000015
7697  -32.814  -70.915  3.024 0.1000000015
7037  -33.849  -72.441  3.447 0.1000000015
13734  -40.596  -63.362  2.035 0.1000000015
9021  -37.436  -69.262  5.944 0.1000000015
9033  -36.620  -69.743  5.724 0.1000000015
9025  -41.139  -69.553  6.226 0.2000000030
8328  -34.963  -70.746  5.293 0.1000000015
8327  -34.075  -70.416  5.147 0.1000000015
8340  -34.190  -71.134  4.841 0.1000000015
10532  -33.836  -66.991  4.369 0.1000000015
9044  -33.335  -69.405  4.396 0.1000000015
10502  -40.393  -68.027  6.729 0.1000000015
19862  -40.991  -56.421  1.986 0.1000000015
18950  -42.332  -57.472  1.652 0.1000000015
11309  -33.637  -66.597  6.147 0.1000000015
19863  -41.943  -56.454  1.778 0.1000000015
12110  -34.660  -64.902  5.298 0.1000000015
13694  -34.583  -63.773  6.320 0.1000000015
23793  -41.880  -53.019  2.729 0.1000000015
25645  -42.741  -50.906  3.696 0.1000000015
17860  -42.445  -58.776  13.781 0.5000000000
13579  -41.803  -63.104  12.305 0.5000000000
16967  -42.029  -58.995  13.216 0.5000000000
16969  -43.561  -59.581  13.398 0.5000000000
16949  -43.857  -59.718  13.911 0.5000000000
16986  -41.426  -59.505  12.632 0.5000000000
16968  -42.798  -59.287  13.353 0.5000000000
14380  -43.321  -62.589  13.062 0.5000000000
16987  -42.339  -59.562  12.659 0.5000000000
16988  -43.223  -59.712  12.775 0.5000000000
16998  -42.764  -60.025  12.093 0.4000000060
16989  -44.017  -59.853  12.704 0.4000000060
12799  -43.043  -64.332  11.120 0.5000000000
12815  -43.559  -65.193  10.824 0.5000000000
12800  -43.991  -64.367  11.271 0.5000000000
12816  -44.367  -64.978  10.629 0.5000000000
12828  -44.701  -64.853  9.852 0.5000000000
12817  -44.998  -64.124  10.635 0.5000000000
12829  -45.053  -63.905  10.038 0.4000000060
13632  -45.079  -63.286  9.018 0.4000000060
14328  -39.556  -62.410  15.386 0.1000000015
14378  -41.151  -62.771  13.009 0.5000000000
17859  -41.713  -58.525  13.865 0.5000000000
16948  -43.040  -59.243  14.162 0.5000000000
16027  -43.473  -60.004  14.472 0.4000000060
14379  -42.212  -62.660  13.066 0.5000000000
16985  -40.628  -59.471  12.760 0.5000000000
16966  -41.207  -59.128  13.341 0.5000000000
16995  -40.036  -59.395  12.312 0.5000000000
17877  -38.800  -58.507  12.590 0.5000000000
17888  -39.665  -58.722  11.530 0.5000000000
16996  -40.624  -59.476  11.885 0.5000000000
17887  -38.962  -58.084  11.795 0.4000000060
16997  -41.681  -59.815  11.699 0.5000000000
16999  -43.663  -60.018  12.251 0.4000000060
17006  -40.871  -59.456  11.168 0.3000000119
16052  -44.619  -60.192  12.841 0.6999999881
16040  -44.534  -60.333  13.508 0.5000000000
17889  -40.347  -59.189  11.244 0.3000000119
16060  -41.831  -60.004  11.084 0.3000000119
17000  -44.060  -60.025  12.314 0.5000000000
16041  -45.013  -60.620  13.054 0.6000000238
14366  -44.647  -61.686  13.233 0.6000000238
14365  -43.742  -61.860  13.632 0.6000000238
13580  -42.883  -63.151  12.371 0.5000000000
17007  -41.473  -59.530  10.645 0.3000000119
16061  -42.374  -60.156  11.291 0.3000000119
16063  -44.383  -60.259  11.884 0.4000000060
16053  -45.237  -60.664  12.383 0.5000000000
14382  -45.448  -62.089  12.587 0.6000000238
13582  -44.866  -62.879  12.187 0.6000000238
13597  -43.477  -63.651  11.693 0.5000000000
16073  -42.711  -60.226  10.541 0.4000000060
16074  -43.765  -60.367  10.685 0.4000000060
16064  -45.637  -60.690  11.436 0.5000000000
15188  -46.027  -61.314  12.050 0.5000000000
13583  -45.460  -62.760  12.067 0.5000000000
12801  -44.650  -64.077  11.137 0.5000000000
16087  -43.213  -60.229  9.893 0.4000000060
16088  -44.070  -60.408  9.564 0.4000000060
16075  -44.862  -60.528  10.608 0.5000000000
15197  -46.234  -61.034  11.458 0.5000000000
14393  -46.429  -62.176  11.446 0.4000000060
13599  -45.307  -63.315  11.429 0.5000000000
16089  -45.262  -60.545  9.505 0.4000000060
16076  -45.900  -60.647  10.387 0.5000000000
15198  -46.507  -61.492  11.088 0.5000000000
14402  -46.636  -62.203  10.556 0.4000000060
13606  -45.476  -63.338  10.507 0.4000000060
16077  -46.527  -61.096  10.176 0.5000000000
14414  -46.820  -62.129  9.415 0.4000000060
14413  -46.090  -62.731  10.057 0.4000000060
13616  -45.328  -63.235  9.699 0.4000000060
15206  -46.901  -61.604  9.935 0.3000000119
14426  -45.857  -62.582  8.976 0.3000000119
13652  -45.007  -63.080  8.217 0.3000000119
14319  -39.558  -62.438  16.352 0.1000000015
14329  -40.522  -61.743  15.737 0.4000000060
14344  -40.480  -62.221  14.652 0.4000000060
14363  -41.408  -62.330  13.834 0.5000000000
17844  -42.231  -58.570  14.462 0.5000000000
16026  -42.823  -59.710  14.803 0.4000000060
14364  -42.619  -62.138  13.850 0.5000000000
16984  -40.036  -59.395  12.964 0.5000000000
16965  -40.475  -59.228  13.370 0.5000000000
17858  -40.809  -58.721  13.957 0.5000000000
17878  -39.541  -59.154  12.592 0.5000000000
14346  -43.100  -61.480  14.380 0.6000000238
18821  -39.305  -57.452  11.411 0.2000000030
19742  -39.783  -56.484  11.276 0.2000000030
18829  -39.745  -57.869  10.985 0.3000000119
17896  -41.400  -58.614  10.018 0.3000000119
17014  -41.841  -59.248  9.953 0.4000000060
18822  -39.873  -57.210  10.972 0.3000000119
18831  -41.091  -57.727  10.108 0.3000000119
19747  -40.960  -56.863  10.354 0.3000000119
18837  -41.710  -57.803  9.557 0.4000000060
17901  -41.998  -58.619  9.487 0.4000000060
18838  -42.268  -57.827  9.134 0.3000000119
17032  -42.977  -59.323  8.886 0.4000000060
17902  -42.541  -58.647  8.962 0.3000000119
17033  -43.770  -59.634  8.500 0.3000000119
16112  -45.669  -60.348  8.269 0.3000000119
16090  -46.245  -60.780  9.331 0.4000000060
16091  -46.935  -61.225  9.045 0.3000000119
15218  -47.109  -61.593  8.926 0.4000000060
14427  -46.894  -62.096  8.425 0.3000000119
16133  -46.621  -60.145  7.569 0.2000000030
16134  -47.402  -60.464  7.516 0.2000000030
15235  -47.758  -61.450  7.963 0.3000000119
17061  -47.827  -60.178  6.923 0.1000000015
15266  -48.058  -60.819  6.546 0.2000000030
14428  -47.501  -61.688  8.119 0.4000000060
18927  -48.937  -57.764  3.939 0.1000000015
14320  -40.049  -61.854  16.744 0.1000000015
14345  -41.732  -61.598  14.795 0.4000000060
17843  -41.297  -58.086  14.853 0.5000000000
16934  -42.513  -59.020  14.998 0.4000000060
15162  -42.667  -60.637  14.983 0.4000000060
17857  -39.687  -59.023  13.677 0.5000000000
17842  -40.324  -58.379  14.597 0.5000000000
18806  -37.945  -57.508  13.037 0.4000000060
17856  -38.457  -58.506  13.946 0.4000000060
19726  -37.760  -56.692  13.057 0.4000000060
18820  -38.585  -57.413  12.083 0.4000000060
19713  -37.810  -56.098  13.027 0.3000000119
19727  -38.220  -56.425  12.484 0.3000000119
19741  -38.982  -56.347  11.754 0.3000000119
20670  -39.543  -55.545  11.709 0.2000000030
19743  -40.374  -56.677  10.780 0.2000000030
21622  -39.572  -54.914  11.980 0.1000000015
20671  -40.680  -55.735  11.132 0.3000000119
20685  -40.842  -56.322  10.640 0.3000000119
19748  -41.817  -56.825  9.736 0.3000000119
20686  -41.439  -56.136  10.444 0.2000000030
19754  -42.755  -56.886  9.148 0.2000000030
17915  -43.152  -58.656  8.458 0.2000000030
17057  -44.306  -59.183  7.782 0.2000000030
19764  -43.633  -56.808  8.588 0.2000000030
17937  -44.654  -58.548  7.489 0.2000000030
17058  -45.229  -59.470  7.463 0.2000000030
18850  -44.145  -57.310  8.008 0.2000000030
17938  -45.431  -58.499  6.969 0.1000000015
19804  -46.110  -57.092  6.561 0.1000000015
17958  -46.286  -58.413  6.472 0.1000000015
17084  -48.325  -59.617  6.055 0.1000000015
16153  -48.590  -60.101  5.870 0.1000000015
18893  -47.786  -57.563  5.638 0.1000000015
17978  -47.986  -58.271  5.608 0.1000000015
17099  -48.943  -58.973  5.261 0.1000000015
18910  -48.363  -57.996  5.306 0.1000000015
18912  -49.642  -58.076  4.363 0.1000000015
19837  -48.518  -56.832  4.106 0.1000000015
20795  -48.770  -55.865  3.955 0.1000000015
15147  -40.540  -61.325  16.454 0.3000000119
16000  -40.992  -60.206  16.851 0.3000000119
15148  -41.157  -60.868  16.024 0.3000000119
14330  -41.275  -61.295  15.482 0.3000000119
16922  -41.455  -59.133  16.470 0.3000000119
16012  -41.582  -59.902  15.963 0.3000000119
15161  -41.767  -61.002  15.405 0.5000000000
18748  -41.116  -57.625  15.702 0.4000000060
17830  -41.499  -58.252  15.871 0.5000000000
16933  -41.875  -59.052  15.612 0.4000000060
16013  -42.249  -59.777  15.337 0.4000000060
18768  -37.905  -58.100  14.719 0.4000000060
17840  -38.668  -58.444  14.981 0.4000000060
18770  -40.510  -57.849  15.164 0.5000000000
19694  -36.450  -56.213  15.065 0.4000000060
18766  -36.696  -56.724  14.753 0.4000000060
18787  -37.719  -57.778  13.914 0.4000000060
19695  -36.792  -56.237  14.330 0.4000000060
19712  -37.362  -56.429  13.581 0.4000000060
20614  -36.650  -55.267  14.665 0.4000000060
21557  -36.814  -54.740  14.695 0.3000000119
20632  -37.660  -55.478  13.348 0.3000000119
21577  -38.212  -54.586  13.341 0.3000000119
20633  -38.184  -55.484  12.794 0.3000000119
21594  -38.614  -54.979  12.676 0.2000000030
21596  -40.302  -54.141  12.473 0.1000000015
21623  -40.252  -54.756  11.882 0.1000000015
21624  -41.419  -54.819  11.670 0.1000000015
20672  -41.902  -55.365  10.921 0.1000000015
20687  -42.528  -55.880  10.063 0.2000000030
20673  -42.914  -55.056  10.808 0.1000000015
20697  -42.773  -56.290  9.546 0.2000000030
20688  -43.662  -55.161  10.248 0.2000000030
20718  -43.579  -56.305  8.929 0.2000000030
19765  -44.682  -56.574  8.013 0.1000000015
19766  -45.253  -56.151  7.989 0.1000000015
19786  -45.673  -56.564  7.267 0.1000000015
19805  -46.832  -56.821  6.427 0.1000000015
19806  -47.968  -56.717  5.789 0.1000000015
19838  -49.349  -56.575  4.086 0.1000000015
20781  -49.672  -56.106  4.599 0.1000000015
21776  -49.162  -54.976  4.100 0.1000000015
21756  -48.958  -54.365  4.353 0.1000000015
22716  -48.955  -53.885  4.782 0.1000000015
23723  -49.318  -53.015  6.133 0.1000000015
15991  -40.956  -60.188  17.750 0.3000000119
15129  -41.023  -60.875  18.157 0.2000000030
16914  -41.241  -59.260  17.562 0.3000000119
17816  -41.467  -58.256  16.958 0.4000000060
18723  -41.300  -57.486  16.479 0.3000000119
18719  -37.866  -57.910  16.532 0.3000000119
18745  -38.527  -58.107  15.585 0.3000000119
17829  -39.051  -58.343  15.339 0.4000000060
19675  -40.333  -57.115  15.952 0.4000000060
19654  -41.001  -56.823  16.856 0.3000000119
19673  -36.186  -56.466  15.962 0.3000000119
18744  -37.354  -57.824  15.495 0.3000000119
19652  -39.948  -56.758  16.433 0.4000000060
19653  -40.377  -56.732  16.474 0.4000000060
19632  -40.441  -56.472  17.240 0.3000000119
21508  -36.581  -54.446  16.278 0.3000000119
20594  -36.307  -55.419  15.601 0.3000000119
21509  -37.045  -53.871  16.140 0.3000000119
21533  -36.682  -54.660  15.148 0.3000000119
22563  -37.629  -53.670  15.197 0.3000000119
21558  -37.323  -54.420  14.414 0.3000000119
21559  -38.039  -53.977  13.962 0.3000000119
22581  -39.507  -53.604  13.431 0.2000000030
22598  -40.060  -53.797  12.917 0.1000000015
22582  -40.437  -53.407  13.492 0.1000000015
22583  -41.354  -53.179  13.575 0.1000000015
21597  -41.106  -54.214  12.349 0.1000000015
22601  -42.716  -53.600  12.893 0.1000000015
21598  -42.088  -54.151  12.211 0.1000000015
21599  -43.078  -54.222  12.207 0.1000000015
20674  -43.483  -54.838  10.810 0.1000000015
20699  -44.393  -55.254  9.580 0.2000000030
20689  -44.187  -54.995  10.078 0.2000000030
20720  -45.042  -55.690  8.617 0.1000000015
20700  -45.357  -55.040  9.324 0.1000000015
20742  -45.680  -55.791  7.990 0.1000000015
19787  -46.530  -56.195  6.861 0.1000000015
20743  -46.622  -55.565  7.470 0.1000000015
20763  -48.458  -55.942  5.882 0.1000000015
20744  -47.676  -55.502  6.836 0.1000000015
20764  -49.270  -55.807  5.388 0.1000000015
20796  -49.722  -55.807  3.892 0.1000000015
22736  -49.877  -54.628  4.277 0.1000000015
21757  -50.420  -54.682  4.686 0.1000000015
22700  -49.499  -53.437  5.359 0.1000000015
22717  -50.119  -53.940  4.801 0.1000000015
23724  -50.575  -53.034  5.599 0.1000000015
23699  -50.156  -52.624  6.808 0.1000000015
23668  -49.828  -52.568  7.880 0.1000000015
15110  -41.704  -61.286  18.823 0.2000000030
16900  -42.361  -59.355  18.771 0.2000000030
17787  -42.740  -58.734  19.054 0.2000000030
16899  -41.718  -59.058  18.285 0.3000000119
17802  -41.593  -58.302  17.913 0.3000000119
18720  -38.907  -57.570  16.464 0.3000000119
18702  -41.360  -57.368  17.509 0.3000000119
18718  -36.627  -57.528  16.548 0.3000000119
18701  -39.285  -57.062  17.192 0.3000000119
19631  -39.865  -56.628  16.881 0.3000000119
20570  -35.929  -55.608  16.713 0.3000000119
20569  -35.671  -56.298  17.442 0.3000000119
18685  -39.101  -57.093  18.188 0.3000000119
19615  -39.770  -56.508  17.717 0.3000000119
19616  -40.500  -56.512  18.064 0.2000000030
19617  -41.061  -56.941  18.229 0.2000000030
22497  -36.609  -53.870  17.431 0.2000000030
21486  -36.228  -54.588  17.419 0.2000000030
22521  -36.586  -54.064  16.979 0.3000000119
22543  -37.494  -53.557  15.963 0.3000000119
22544  -38.250  -53.124  15.660 0.3000000119
22564  -38.271  -53.527  14.616 0.3000000119
22565  -39.279  -53.098  14.354 0.2000000030
23567  -39.923  -52.800  14.539 0.2000000030
23568  -40.541  -52.773  14.628 0.1000000015
23579  -41.897  -52.847  13.871 0.1000000015
22585  -43.368  -52.946  13.868 0.1000000015
23572  -43.863  -52.807  15.194 0.1000000015
21510  -45.848  -53.860  16.031 0.1000000015
22570  -45.242  -53.448  14.389 0.1000000015
21535  -45.841  -53.868  15.408 0.1000000015
21511  -46.751  -54.195  16.606 0.1000000015
21489  -48.591  -54.665  17.316 0.1000000015
22602  -43.742  -53.694  12.850 0.1000000015
22587  -45.535  -53.453  13.374 0.1000000015
21536  -46.526  -54.242  15.166 0.1000000015
21537  -47.849  -54.952  15.607 0.1000000015
20595  -48.334  -55.233  16.280 0.1000000015
21627  -44.418  -54.360  11.449 0.1000000015
22623  -44.997  -54.064  11.679 0.1000000015
21644  -43.913  -54.705  10.861 0.1000000015
21646  -45.489  -54.534  10.522 0.2000000030
21659  -45.100  -54.806  9.940 0.1000000015
21661  -46.585  -54.625  9.491 0.1000000015
21682  -47.085  -54.849  8.431 0.1000000015
21708  -47.606  -55.111  7.560 0.1000000015
21709  -48.649  -55.131  6.864 0.1000000015
21735  -49.499  -55.325  5.907 0.1000000015
20765  -49.804  -55.559  5.097 0.1000000015
21736  -50.440  -54.933  5.480 0.1000000015
20782  -50.061  -55.477  4.458 0.1000000015
22718  -51.166  -53.980  4.806 0.1000000015
23745  -51.490  -53.418  5.230 0.1000000015
17756  -42.472  -57.689  20.771 0.2000000030
18687  -42.318  -58.140  19.036 0.2000000030
17755  -41.497  -57.748  20.726 0.2000000030
18654  -41.844  -57.542  20.116 0.2000000030
18686  -41.633  -57.606  18.621 0.2000000030
18698  -36.342  -57.961  17.682 0.3000000119
18699  -37.384  -58.154  17.668 0.3000000119
18683  -37.631  -58.243  18.405 0.3000000119
18684  -38.294  -57.846  18.577 0.3000000119
19630  -35.583  -56.741  17.867 0.3000000119
18682  -36.080  -58.073  18.484 0.3000000119
22457  -36.527  -53.932  19.134 0.2000000030
20528  -35.690  -55.784  18.625 0.3000000119
19600  -39.904  -56.685  18.671 0.2000000030
19601  -40.739  -56.760  18.790 0.2000000030
22475  -36.490  -53.963  18.167 0.2000000030
22498  -36.850  -53.422  17.798 0.2000000030
23494  -37.424  -52.739  17.982 0.2000000030
22523  -37.815  -53.033  16.403 0.3000000119
23526  -37.785  -52.662  17.068 0.3000000119
22545  -38.884  -52.885  15.084 0.2000000030
23527  -38.553  -52.437  16.555 0.3000000119
23528  -39.581  -52.233  16.332 0.2000000030
23551  -41.028  -52.566  15.424 0.2000000030
23552  -42.044  -52.513  15.517 0.1000000015
22604  -45.939  -53.600  12.500 0.1000000015
22588  -46.472  -53.768  13.303 0.1000000015
21560  -46.823  -54.195  13.976 0.1000000015
21561  -47.603  -54.619  14.440 0.1000000015
22624  -45.550  -53.878  11.754 0.1000000015
22625  -46.399  -53.807  11.844 0.1000000015
22605  -46.768  -53.792  12.555 0.1000000015
21581  -48.603  -54.860  13.712 0.1000000015
21629  -45.974  -54.146  11.158 0.1000000015
21630  -46.892  -54.067  11.253 0.1000000015
21631  -48.062  -54.085  11.688 0.1000000015
21603  -49.289  -54.645  12.620 0.1000000015
21647  -46.340  -54.390  10.452 0.1000000015
21649  -48.537  -54.452  10.354 0.1000000015
21662  -47.769  -54.590  9.359 0.1000000015
21663  -48.910  -54.733  9.205 0.1000000015
21683  -48.202  -54.832  8.244 0.1000000015
21758  -51.427  -54.469  5.039 0.1000000015
16861  -41.778  -58.817  21.881 0.3000000119
17739  -41.132  -58.421  21.209 0.3000000119
17754  -40.537  -57.901  20.560 0.3000000119
18653  -40.926  -57.314  20.113 0.2000000030
18667  -41.307  -57.168  19.364 0.2000000030
17738  -40.121  -58.679  20.975 0.3000000119
18652  -40.015  -57.473  19.994 0.3000000119
19602  -41.207  -57.027  18.767 0.2000000030
18681  -35.657  -57.412  18.842 0.3000000119
17751  -37.272  -59.208  20.148 0.3000000119
17752  -38.816  -58.589  20.116 0.3000000119
18651  -39.611  -57.646  19.880 0.3000000119
18666  -40.356  -57.064  19.416 0.2000000030
21453  -36.353  -54.689  19.918 0.2000000030
18662  -35.615  -57.305  19.616 0.3000000119
18650  -35.764  -57.482  20.422 0.3000000119
21454  -36.856  -53.850  19.915 0.2000000030
22458  -37.055  -53.266  19.485 0.2000000030
23473  -37.361  -52.652  19.081 0.2000000030
23495  -38.345  -51.981  17.720 0.3000000119
23496  -39.288  -51.833  17.200 0.2000000030
23497  -40.233  -51.943  17.088 0.2000000030
21650  -49.671  -54.702  10.141 0.1000000015
21664  -49.999  -54.864  9.042 0.1000000015
21684  -49.324  -54.815  8.004 0.1000000015
21710  -49.863  -54.916  6.781 0.1000000015
15932  -43.324  -60.015  22.802 0.1000000015
15931  -42.254  -60.241  22.716 0.2000000030
16840  -41.568  -59.626  22.282 0.3000000119
15946  -40.715  -59.837  22.242 0.3000000119
16859  -39.522  -59.583  21.354 0.3000000119
16874  -38.483  -59.305  20.653 0.3000000119
19587  -36.051  -56.403  21.132 0.3000000119
17737  -36.270  -58.378  21.347 0.3000000119
16872  -36.713  -59.140  21.266 0.3000000119
16873  -37.459  -59.374  20.858 0.3000000119
20498  -36.666  -55.449  21.428 0.2000000030
21442  -37.007  -54.183  20.640 0.2000000030
22441  -37.514  -53.308  20.334 0.1000000015
23474  -37.920  -51.987  18.811 0.2000000030
24464  -38.475  -52.127  20.135 0.1000000015
24482  -38.763  -51.525  18.730 0.2000000030
24499  -39.178  -51.527  18.016 0.2000000030
24483  -39.666  -51.177  18.738 0.2000000030
24500  -39.943  -51.494  17.852 0.3000000119
15930  -41.002  -60.250  22.656 0.3000000119
15944  -39.350  -60.190  22.108 0.3000000119
15928  -38.874  -60.290  22.775 0.3000000119
16858  -38.356  -59.905  21.721 0.3000000119
18636  -36.563  -57.313  22.307 0.3000000119
16856  -36.652  -58.880  22.048 0.3000000119
16857  -37.248  -59.504  21.920 0.3000000119
19578  -36.716  -56.353  22.137 0.2000000030
20499  -37.053  -55.221  21.840 0.2000000030
22402  -38.513  -53.881  21.860 0.1000000015
23426  -38.801  -52.820  21.136 0.1000000015
24465  -39.151  -51.838  20.526 0.1000000015
25389  -39.670  -51.132  20.206 0.1000000015
25399  -39.939  -50.889  19.608 0.1000000015
15912  -39.487  -60.403  23.692 0.3000000119
15895  -39.138  -59.881  24.258 0.2000000030
16838  -37.894  -59.800  22.770 0.3000000119
16822  -37.841  -59.333  23.577 0.3000000119
19579  -37.398  -56.288  22.869 0.2000000030
17717  -37.212  -58.178  23.373 0.3000000119
16837  -37.047  -58.914  22.831 0.3000000119
20485  -38.602  -55.191  22.764 0.2000000030
19565  -37.828  -56.715  23.586 0.2000000030
21408  -40.190  -54.430  23.017 0.1000000015
21407  -39.427  -54.623  22.779 0.1000000015
22391  -41.216  -53.821  23.230 0.1000000015
22404  -40.213  -53.626  22.690 0.1000000015
23411  -39.724  -52.926  22.197 0.1000000015
23427  -39.255  -52.753  21.585 0.1000000015
23412  -40.470  -52.451  22.266 0.1000000015
23428  -39.828  -52.447  21.953 0.1000000015
24455  -39.999  -51.815  21.578 0.1000000015
25377  -40.426  -51.068  21.183 0.1000000015
16807  -39.419  -59.429  24.849 0.2000000030
17707  -38.297  -58.390  24.433 0.2000000030
16805  -37.892  -58.862  24.046 0.2000000030
19550  -38.432  -56.971  24.170 0.2000000030
17706  -37.705  -58.243  23.937 0.2000000030
20469  -39.697  -55.504  23.379 0.1000000015
19566  -38.817  -56.168  23.738 0.2000000030
21386  -40.667  -54.793  23.539 0.1000000015
22405  -41.078  -53.081  22.713 0.1000000015
24440  -40.484  -51.923  22.007 0.1000000015
24441  -41.067  -51.603  22.063 0.1000000015
25378  -41.307  -50.474  21.420 0.1000000015
23400  -41.882  -53.016  23.019 0.1000000015
23414  -42.144  -52.432  22.864 0.1000000015
24442  -42.405  -51.741  22.661 0.1000000015
25366  -41.848  -51.047  22.115 0.1000000015
23401  -42.754  -52.538  23.236 0.1000000015
24431  -43.261  -51.929  23.086 0.1000000015
24443  -43.563  -51.240  22.686 0.1000000015
15164  -44.326  -60.724  13.851 0.4000000060
16028  -44.143  -60.205  14.072 0.4000000060
16970  -44.210  -59.847  13.370 0.5000000000
15163  -43.737  -60.831  14.320 0.5000000000
13596  -42.442  -63.617  11.623 0.5000000000
15177  -44.819  -61.043  13.400 0.5000000000
15176  -44.206  -61.265  13.790 0.6000000238
13595  -41.358  -63.659  11.671 0.5000000000
16062  -43.292  -60.235  11.490 0.3000000119
14367  -45.122  -61.505  13.048 0.6000000238
17895  -40.550  -58.704  10.648 0.3000000119
16072  -42.053  -60.038  10.739 0.4000000060
15178  -45.372  -61.191  12.824 0.6000000238
14381  -44.353  -62.353  12.842 0.6000000238
14383  -46.185  -62.014  12.043 0.5000000000
13598  -44.409  -63.556  11.673 0.5000000000
13581  -43.904  -62.996  12.273 0.5000000000
17015  -42.517  -59.549  9.600 0.4000000060
15189  -46.340  -61.749  11.697 0.5000000000
14392  -45.948  -62.607  11.858 0.4000000060
17016  -43.282  -59.866  9.268 0.3000000119
16065  -46.283  -60.908  10.969 0.5000000000
14401  -46.117  -62.826  11.027 0.4000000060
17831  -41.992  -58.455  15.178 0.5000000000
18830  -40.319  -57.613  10.598 0.3000000119
18848  -42.819  -57.816  8.674 0.3000000119
16111  -44.653  -60.289  8.736 0.3000000119
17034  -44.663  -59.903  8.054 0.3000000119
17916  -43.769  -58.658  8.004 0.2000000030
16113  -46.810  -60.669  8.355 0.3000000119
16132  -45.961  -59.878  7.525 0.2000000030
16114  -47.524  -60.923  8.163 0.3000000119
16092  -47.456  -61.322  8.499 0.4000000060
14415  -47.257  -61.777  8.665 0.4000000060
16135  -47.932  -60.628  7.148 0.2000000030
15249  -47.880  -61.193  7.455 0.3000000119
14443  -47.704  -61.518  7.657 0.2000000030
17060  -47.376  -59.825  6.925 0.2000000030
15267  -48.328  -60.398  6.124 0.2000000030
17999  -49.535  -58.605  3.938 0.1000000015
18911  -48.930  -57.661  4.758 0.1000000015
15149  -41.854  -60.434  15.512 0.4000000060
17841  -39.446  -58.510  14.816 0.5000000000
18786  -37.518  -57.207  13.626 0.4000000060
20648  -38.856  -55.479  12.169 0.3000000119
20649  -39.294  -55.075  12.059 0.2000000030
21595  -39.316  -54.475  12.547 0.1000000015
19749  -42.458  -56.449  9.607 0.2000000030
19763  -43.166  -57.301  8.662 0.2000000030
19755  -43.319  -56.480  9.005 0.2000000030
18872  -44.160  -58.046  7.806 0.2000000030
18849  -43.511  -57.775  8.274 0.2000000030
20719  -44.060  -56.023  8.782 0.2000000030
18873  -44.904  -57.478  7.468 0.1000000015
17059  -46.343  -59.357  6.885 0.2000000030
19785  -45.075  -56.865  7.608 0.1000000015
18874  -45.731  -57.585  6.732 0.1000000015
18892  -46.616  -57.634  6.274 0.1000000015
17959  -47.177  -58.434  5.949 0.1000000015
17083  -47.325  -59.194  6.318 0.1000000015
17960  -47.904  -58.832  5.829 0.1000000015
16185  -49.024  -59.865  4.755 0.1000000015
17979  -48.596  -58.540  5.338 0.1000000015
17100  -49.111  -59.338  4.948 0.1000000015
18894  -48.433  -57.157  5.244 0.1000000015
19823  -48.878  -56.752  4.924 0.1000000015
15139  -40.401  -61.272  17.110 0.3000000119
15990  -40.720  -60.786  17.461 0.3000000119
15999  -40.645  -60.772  17.018 0.3000000119
18747  -40.608  -57.440  15.615 0.4000000060
18722  -40.850  -57.111  16.139 0.4000000060
18767  -37.131  -57.253  14.411 0.4000000060
18769  -40.026  -58.104  15.063 0.4000000060
18743  -36.639  -57.075  15.329 0.4000000060
20615  -37.121  -55.432  13.923 0.3000000119
22599  -40.829  -53.714  12.932 0.1000000015
21625  -42.476  -54.676  11.517 0.1000000015
20698  -43.367  -56.002  9.393 0.2000000030
21626  -43.461  -54.568  11.388 0.1000000015
20762  -47.307  -56.090  6.532 0.1000000015
20780  -49.222  -56.307  5.069 0.1000000015
21777  -50.046  -55.203  3.987 0.1000000015
15973  -41.525  -60.016  18.499 0.2000000030
15128  -40.648  -61.461  17.806 0.2000000030
18746  -39.710  -57.678  15.634 0.4000000060
19651  -35.858  -56.757  16.814 0.3000000119
22600  -41.719  -53.586  12.843 0.1000000015
22567  -40.795  -53.026  14.039 0.1000000015
23580  -42.447  -52.694  14.105 0.1000000015
22584  -42.253  -53.041  13.451 0.1000000015
21600  -43.921  -54.161  12.078 0.1000000015
21645  -44.542  -54.744  10.477 0.1000000015
20721  -46.008  -55.154  8.656 0.1000000015
20701  -45.913  -54.834  9.325 0.1000000015
21734  -48.946  -55.532  5.995 0.1000000015
17786  -42.101  -58.482  18.560 0.2000000030
18717  -35.984  -57.373  17.251 0.3000000119
18700  -38.444  -57.574  17.441 0.3000000119
20546  -35.750  -55.523  17.816 0.3000000119
20545  -35.581  -56.230  18.136 0.3000000119
21468  -36.029  -54.850  18.653 0.3000000119
22566  -40.073  -53.071  14.050 0.1000000015
23550  -39.837  -52.513  15.247 0.2000000030
23569  -41.581  -52.738  14.488 0.1000000015
23571  -43.445  -52.671  14.828 0.1000000015
22569  -44.228  -53.058  14.796 0.1000000015
22546  -44.540  -53.106  15.848 0.1000000015
22547  -45.226  -53.514  15.431 0.1000000015
22586  -44.498  -53.339  13.591 0.1000000015
22548  -45.770  -53.801  14.926 0.1000000015
21512  -48.065  -54.810  16.667 0.1000000015
20571  -48.371  -55.121  16.573 0.1000000015
22603  -44.814  -53.689  12.351 0.1000000015
22571  -46.064  -53.806  14.193 0.1000000015
20572  -48.757  -55.323  16.723 0.1000000015
21628  -45.179  -54.343  11.197 0.1000000015
17740  -42.072  -58.067  21.402 0.2000000030
18668  -42.237  -57.751  19.521 0.2000000030
17783  -36.568  -58.344  18.446 0.3000000119
18664  -38.653  -57.870  19.127 0.3000000119
19598  -35.573  -56.627  19.199 0.3000000119
17765  -36.597  -58.491  19.080 0.3000000119
17767  -38.430  -58.289  19.401 0.3000000119
17766  -37.461  -58.956  19.443 0.3000000119
18665  -39.274  -57.552  19.358 0.3000000119
20516  -35.795  -55.787  19.486 0.3000000119
19599  -35.659  -56.429  19.686 0.3000000119
23549  -38.982  -52.537  15.733 0.2000000030
23530  -41.579  -52.314  16.313 0.2000000030
23570  -42.581  -52.545  14.807 0.1000000015
22589  -47.037  -53.989  13.060 0.1000000015
21580  -47.511  -54.332  13.368 0.1000000015
21538  -48.531  -55.426  15.129 0.1000000015
22626  -47.218  -53.881  12.014 0.1000000015
21601  -47.652  -54.306  12.915 0.1000000015
22607  -47.800  -54.135  12.315 0.1000000015
21648  -47.358  -54.305  10.422 0.1000000015
16860  -40.737  -59.332  21.816 0.3000000119
17753  -39.554  -58.040  20.217 0.3000000119
16875  -39.296  -58.854  20.652 0.3000000119
18663  -35.902  -58.044  19.429 0.3000000119
16884  -38.218  -58.983  19.903 0.3000000119
17750  -36.548  -58.806  20.216 0.3000000119
19593  -35.753  -56.415  20.207 0.3000000119
20506  -36.161  -55.585  20.529 0.3000000119
21441  -36.687  -54.927  20.890 0.2000000030
23457  -37.510  -52.837  19.770 0.2000000030
23498  -41.173  -51.958  17.047 0.2000000030
16842  -43.908  -59.380  22.580 0.1000000015
18643  -36.199  -57.361  21.665 0.3000000119
21426  -37.232  -54.719  21.482 0.2000000030
22422  -37.701  -53.811  21.094 0.2000000030
23458  -37.937  -52.334  19.765 0.1000000015
23443  -38.342  -52.670  20.612 0.1000000015
24473  -38.514  -51.751  19.615 0.2000000030
15913  -40.598  -60.658  23.656 0.3000000119
15929  -39.901  -60.434  22.806 0.3000000119
17728  -36.856  -58.176  22.936 0.3000000119
21406  -38.436  -54.490  22.202 0.2000000030
21427  -38.062  -54.176  21.635 0.2000000030
22423  -38.501  -53.320  21.436 0.1000000015
22424  -38.946  -53.203  21.725 0.1000000015
22403  -39.077  -53.558  22.137 0.1000000015
24466  -39.911  -51.294  20.794 0.1000000015
15911  -38.598  -59.910  23.662 0.3000000119
16821  -37.485  -58.741  23.586 0.3000000119
19549  -37.909  -57.188  24.000 0.2000000030
20486  -39.159  -55.247  23.004 0.1000000015
21385  -40.011  -54.863  23.134 0.1000000015
24456  -40.677  -51.209  21.582 0.1000000015
17708  -39.179  -58.516  24.885 0.2000000030
18612  -38.808  -57.621  24.612 0.2000000030
20470  -40.424  -55.539  23.758 0.1000000015
23413  -41.522  -52.403  22.563 0.1000000015
24430  -42.804  -52.056  23.026 0.1000000015
12814  -42.550  -65.146  10.707 0.3000000119
12040  -40.852  -65.868  10.396 0.3000000119
12041  -41.996  -66.009  10.335 0.3000000119
9726  -39.433  -68.846  9.571 0.2000000030
8994  -37.534  -69.784  9.494 0.2000000030
10462  -40.463  -67.322  9.999 0.3000000119
10472  -40.033  -67.971  9.683 0.3000000119
11280  -41.923  -67.361  10.095 0.4000000060
8995  -38.759  -69.827  9.410 0.2000000030
12042  -43.075  -66.087  10.470 0.4000000060
11275  -42.536  -67.121  10.266 0.4000000060
10473  -41.133  -67.884  9.872 0.4000000060
11279  -41.634  -67.518  10.046 0.4000000060
9727  -40.585  -68.819  9.575 0.3000000119
8996  -39.999  -69.773  9.382 0.3000000119
11276  -43.540  -66.974  10.381 0.4000000060
10474  -42.091  -67.904  10.060 0.4000000060
9728  -41.691  -68.782  9.733 0.3000000119
12043  -43.950  -66.081  10.503 0.4000000060
10463  -42.792  -67.948  10.272 0.4000000060
8997  -41.149  -69.734  9.503 0.3000000119
10464  -43.281  -67.726  10.332 0.4000000060
9729  -42.796  -68.707  10.019 0.4000000060
12044  -44.459  -66.014  10.042 0.4000000060
9712  -43.138  -68.196  10.272 0.4000000060
8998  -42.182  -69.673  9.598 0.3000000119
10465  -43.883  -67.714  10.206 0.4000000060
9713  -43.512  -68.305  10.184 0.4000000060
11277  -44.143  -66.951  10.108 0.4000000060
10475  -44.282  -67.785  9.737 0.4000000060
9714  -43.986  -68.329  9.945 0.4000000060
9730  -43.570  -68.889  9.773 0.4000000060
8281  -42.476  -70.463  9.336 0.3000000119
9731  -44.099  -68.654  9.353 0.4000000060
8999  -43.012  -69.620  9.565 0.3000000119
11281  -44.357  -66.939  9.501 0.4000000060
9000  -43.545  -69.453  9.182 0.4000000060
8282  -43.038  -70.238  9.087 0.2000000030
6945  -42.245  -71.676  8.991 0.3000000119
12049  -44.359  -65.940  9.272 0.3000000119
9013  -43.522  -69.475  8.632 0.3000000119
8303  -42.910  -70.501  8.479 0.2000000030
8283  -43.295  -70.020  8.784 0.2000000030
7611  -42.547  -71.070  8.870 0.2000000030
6238  -41.636  -72.816  8.649 0.2000000030
13615  -44.828  -63.968  9.383 0.3000000119
10478  -44.352  -67.866  8.952 0.4000000060
8304  -43.221  -69.943  8.257 0.1000000015
13631  -44.689  -63.810  8.743 0.3000000119
12061  -43.948  -65.965  8.519 0.3000000119
10477  -44.039  -67.595  8.434 0.2000000030
9741  -43.675  -68.816  8.328 0.2000000030
7631  -42.568  -71.257  8.142 0.1000000015
6964  -41.991  -72.531  8.334 0.2000000030
12060  -43.543  -66.331  8.168 0.2000000030
11283  -43.767  -66.957  8.315 0.2000000030
9740  -43.470  -68.749  7.980 0.1000000015
8319  -43.136  -69.805  7.887 0.1000000015
7653  -42.214  -71.487  7.275 0.1000000015
6982  -42.305  -71.986  7.929 0.1000000015
12848  -44.453  -64.810  8.824 0.3000000119
14441  -46.123  -62.416  7.833 0.2000000030
13651  -44.391  -64.006  8.227 0.1000000015
12080  -43.607  -65.789  8.141 0.2000000030
10489  -43.487  -67.867  8.038 0.1000000015
8318  -42.741  -70.458  7.631 0.1000000015
7670  -42.108  -71.348  6.856 0.1000000015
6981  -41.754  -72.394  7.342 0.1000000015
12868  -43.812  -64.913  7.972 0.2000000030
11299  -43.231  -66.955  7.959 0.1000000015
9739  -42.971  -68.632  7.612 0.1000000015
9016  -42.410  -69.281  7.177 0.1000000015
8325  -42.252  -71.009  6.696 0.1000000015
7669  -41.837  -71.571  6.678 0.1000000015
6291  -41.143  -73.028  6.868 0.1000000015
12887  -43.661  -64.373  7.453 0.1000000015
12079  -43.220  -65.930  7.810 0.2000000030
11298  -42.581  -66.791  7.605 0.1000000015
9738  -42.364  -68.503  7.400 0.1000000015
9026  -41.936  -69.740  6.490 0.1000000015
8336  -42.114  -70.632  6.462 0.1000000015
8335  -41.718  -71.011  6.082 0.1000000015
7000  -41.330  -72.342  6.347 0.1000000015
6290  -40.634  -73.554  6.660 0.1000000015
9752  -41.666  -68.890  6.937 0.1000000015
7017  -40.774  -72.470  5.654 0.1000000015
6307  -40.245  -73.431  5.863 0.1000000015
9038  -41.510  -70.210  5.849 0.1000000015
24484  -40.489  -51.216  18.486 0.2000000030
13678  -45.361  -62.709  7.288 0.1000000015
13677  -44.207  -63.459  7.371 0.1000000015
10487  -41.901  -67.750  7.348 0.1000000015
7684  -41.436  -71.719  6.062 0.1000000015
9039  -41.979  -70.360  6.314 0.1000000015
11274  -41.353  -66.950  10.143 0.3000000119
7610  -42.082  -71.336  9.276 0.2000000030
11284  -44.206  -66.904  8.814 0.3000000119
9736  -44.006  -68.651  8.712 0.2000000030
6965  -42.333  -71.858  8.597 0.2000000030
9018  -43.434  -69.289  8.154 0.2000000030
9735  -43.906  -68.279  8.373 0.4000000060
9017  -43.007  -69.500  7.573 0.1000000015
10488  -42.790  -67.769  7.658 0.1000000015
9027  -42.470  -70.148  6.813 0.1000000015
8324  -41.934  -71.182  6.463 0.1000000015
12867  -43.238  -64.973  7.364 0.1000000015
6999  -40.896  -73.009  6.226 0.1000000015
5569  -40.137  -73.936  6.432 0.1000000015
13577  -39.754  -63.310  12.387 0.3000000119
13593  -39.291  -63.756  11.824 0.2000000030
12795  -38.844  -64.332  11.420 0.3000000119
12796  -39.834  -64.323  11.290 0.2000000030
14362  -40.189  -62.632  13.570 0.4000000060
13565  -40.111  -62.971  12.862 0.2000000030
14377  -40.543  -62.866  12.947 0.4000000060
13594  -40.307  -63.719  11.751 0.3000000119
12811  -39.311  -64.949  10.959 0.2000000030
13578  -40.722  -63.194  12.408 0.4000000060
12810  -38.494  -64.849  11.131 0.1000000015
12038  -38.579  -65.573  10.743 0.1000000015
12797  -40.884  -64.335  11.202 0.3000000119
12034  -37.877  -65.063  11.101 0.1000000015
12039  -39.742  -65.735  10.578 0.2000000030
11271  -38.031  -66.464  10.536 0.1000000015
11272  -39.123  -66.472  10.395 0.1000000015
10460  -38.581  -67.262  10.251 0.1000000015
9710  -36.701  -68.122  10.102 0.1000000015
10459  -37.486  -67.418  10.389 0.1000000015
10470  -38.193  -67.961  10.134 0.1000000015
9724  -37.092  -68.926  9.835 0.1000000015
9711  -37.553  -68.253  10.086 0.1000000015
12812  -40.349  -65.019  10.807 0.2000000030
11273  -40.194  -66.602  10.285 0.2000000030
9723  -36.044  -68.864  9.743 0.1000000015
12798  -41.967  -64.282  11.054 0.2000000030
10461  -39.572  -67.262  10.073 0.2000000030
8993  -36.453  -69.656  9.487 0.1000000015
12813  -41.445  -65.091  10.720 0.3000000119
10471  -38.997  -67.981  9.829 0.2000000030
9725  -38.229  -68.794  9.773 0.1000000015
8276  -36.703  -70.466  9.225 0.1000000015
8301  -36.706  -71.346  8.872 0.1000000015
8277  -37.966  -71.067  9.178 0.1000000015
8278  -39.415  -70.777  9.198 0.1000000015
7626  -35.778  -71.972  8.292 0.1000000015
7628  -37.890  -72.141  8.757 0.1000000015
8302  -37.362  -71.666  8.867 0.1000000015
7650  -34.718  -72.133  7.810 0.1000000015
7629  -38.778  -72.347  8.857 0.1000000015
6962  -38.392  -73.136  8.673 0.1000000015
6963  -39.442  -73.123  8.952 0.2000000030
6255  -37.846  -74.149  8.350 0.1000000015
7608  -40.111  -71.724  9.173 0.2000000030
7630  -39.491  -72.291  9.024 0.2000000030
6256  -38.941  -74.054  8.664 0.2000000030
6942  -40.074  -72.586  9.119 0.1000000015
5522  -38.477  -74.918  8.464 0.1000000015
6236  -40.404  -73.221  9.066 0.1000000015
8279  -40.611  -70.706  9.350 0.2000000030
6257  -39.910  -74.054  9.015 0.1000000015
6943  -40.840  -72.438  9.152 0.1000000015
7609  -41.224  -71.547  9.293 0.1000000015
8280  -41.666  -70.607  9.418 0.2000000030
6237  -41.206  -73.047  8.898 0.1000000015
6944  -41.798  -72.252  9.028 0.1000000015
6258  -40.687  -73.731  8.679 0.1000000015
7607  -39.032  -71.644  8.976 0.1000000015
14302  -40.249  -62.072  17.538 0.1000000015
15974  -42.718  -60.483  19.077 0.1000000015
17769  -42.860  -58.334  19.462 0.1000000015
17741  -43.070  -58.017  21.431 0.2000000030
17757  -43.505  -58.161  20.530 0.1000000015
15975  -43.737  -60.559  19.216 0.1000000015
18655  -42.648  -57.729  20.154 0.1000000015
17770  -43.634  -58.587  19.812 0.1000000015
16901  -43.467  -59.513  19.208 0.1000000015
15957  -43.301  -60.818  19.238 0.1000000015
18669  -42.990  -58.067  19.886 0.1000000015
16862  -42.602  -58.494  21.876 0.2000000030
15111  -42.937  -61.557  19.046 0.1000000015
15096  -43.399  -61.174  19.152 0.1000000015
17788  -43.303  -58.803  19.397 0.1000000015
17771  -44.161  -58.687  20.200 0.1000000015
14361  -39.059  -62.681  13.788 0.1000000015
13564  -39.348  -62.931  13.056 0.1000000015
16808  -39.925  -59.500  25.178 0.1000000015
15896  -40.192  -60.121  24.803 0.1000000015
15897  -41.399  -60.612  24.529 0.1000000015
15898  -42.557  -60.680  24.393 0.1000000015
15916  -44.067  -60.172  23.358 0.1000000015
15914  -41.803  -60.774  23.501 0.1000000015
16792  -41.885  -59.650  25.728 0.1000000015
16793  -42.631  -59.791  25.708 0.1000000015
15881  -43.249  -60.250  25.254 0.1000000015
15883  -45.281  -60.229  24.948 0.1000000015
15878  -40.698  -59.857  25.445 0.1000000015
15879  -41.220  -60.128  25.344 0.1000000015
15899  -43.672  -60.566  24.291 0.1000000015
15901  -45.638  -60.151  24.224 0.1000000015
16790  -40.400  -59.362  25.568 0.1000000015
16776  -44.466  -59.672  26.396 0.1000000015
16773  -41.711  -59.007  26.152 0.1000000015
16774  -42.506  -59.232  26.217 0.1000000015
16775  -43.402  -59.608  26.184 0.1000000015
15868  -44.061  -59.999  25.729 0.1000000015
16772  -40.970  -58.873  26.054 0.1000000015
15882  -44.315  -60.323  25.049 0.1000000015
15870  -45.851  -59.944  25.531 0.1000000015
17697  -39.870  -58.245  25.290 0.1000000015
18613  -39.762  -57.589  24.987 0.1000000015
16755  -43.960  -59.086  27.019 0.1000000015
17688  -42.402  -58.337  26.707 0.1000000015
17687  -41.449  -58.363  26.314 0.1000000015
18601  -40.756  -57.424  25.678 0.1000000015
19551  -39.453  -56.805  24.298 0.1000000015
24501  -40.806  -51.589  17.774 0.1000000015
23500  -43.068  -52.297  17.499 0.1000000015
19537  -41.553  -56.866  25.897 0.1000000015
23529  -40.577  -52.287  16.252 0.1000000015
24485  -41.283  -51.309  18.441 0.1000000015
22477  -44.516  -52.839  17.587 0.1000000015
23531  -42.529  -52.376  16.429 0.1000000015
23501  -43.986  -52.720  17.030 0.1000000015
17689  -43.101  -58.928  26.694 0.1000000015
16756  -45.032  -59.241  27.155 0.1000000015
15915  -42.998  -60.647  23.429 0.1000000015
15933  -43.873  -59.853  22.890 0.1000000015
16789  -39.825  -58.923  25.321 0.1000000015
23499  -42.104  -52.075  17.163 0.1000000015
15880  -42.154  -60.217  25.171 0.1000000015
15917  -45.097  -60.012  23.556 0.1000000015
15900  -44.699  -60.362  24.227 0.1000000015
17686  -40.962  -58.389  26.101 0.1000000015
18590  -41.043  -57.919  26.146 0.1000000015
24503  -42.497  -51.937  17.892 0.1000000015
23532  -43.379  -52.566  16.411 0.1000000015
14442  -46.993  -61.962  7.216 0.1000000015
14464  -46.960  -61.715  6.503 0.1000000015
15265  -47.580  -61.374  6.494 0.1000000015
13562  -37.286  -63.657  13.815 0.1000000015
13575  -37.568  -63.622  12.655 0.1000000015
13550  -37.473  -63.894  14.878 0.1000000015
13574  -36.993  -63.876  13.145 0.1000000015
13563  -38.292  -63.011  13.419 0.1000000015
12765  -37.700  -64.507  15.342 0.1000000015
13543  -38.023  -63.660  15.598 0.1000000015
13551  -38.049  -63.106  14.465 0.1000000015
12773  -37.181  -64.666  14.441 0.1000000015
11993  -37.794  -65.014  15.342 0.1000000015
13542  -37.661  -64.011  15.319 0.1000000015
12014  -38.155  -65.638  15.112 0.1000000015
12766  -38.044  -64.439  15.844 0.1000000015
10370  -42.400  -67.636  17.413 0.1000000015
9606  -42.918  -68.114  17.012 0.1000000015
8208  -43.023  -70.677  14.686 0.1000000015
7560  -42.411  -71.166  14.078 0.1000000015
8230  -42.575  -70.663  14.086 0.1000000015
8228  -41.248  -70.612  13.382 0.1000000015
8227  -40.319  -70.620  13.219 0.1000000015
8956  -40.646  -69.865  13.343 0.1000000015
12013  -37.560  -65.267  14.782 0.1000000015
11220  -38.398  -66.244  14.637 0.1000000015
13592  -38.290  -63.810  11.906 0.1000000015
8226  -39.344  -70.507  13.104 0.1000000015
8954  -38.712  -69.467  13.034 0.1000000015
9676  -38.050  -68.415  13.342 0.1000000015
11237  -37.573  -66.446  14.119 0.1000000015
10411  -38.590  -66.820  14.155 0.1000000015
11994  -38.324  -65.200  15.743 0.1000000015
8225  -38.288  -70.465  13.204 0.1000000015
10412  -39.197  -67.003  14.143 0.1000000015
11221  -39.649  -66.626  14.726 0.1000000015
9629  -43.248  -68.606  16.559 0.1000000015
8897  -42.783  -69.141  16.110 0.1000000015
8189  -43.262  -70.178  15.084 0.1000000015
14327  -38.697  -62.796  15.064 0.1000000015
14360  -38.490  -62.790  13.994 0.1000000015
8229  -41.988  -70.405  13.627 0.1000000015
8932  -43.150  -69.764  14.477 0.1000000015
13576  -38.742  -63.344  12.498 0.1000000015
9677  -39.211  -68.550  13.291 0.1000000015
10429  -39.754  -67.770  13.620 0.1000000015
10428  -38.494  -67.391  13.801 0.1000000015
11201  -39.031  -66.079  15.400 0.1000000015
10413  -40.296  -67.246  14.073 0.1000000015
11202  -40.189  -66.294  15.450 0.1000000015
11180  -43.580  -67.220  17.903 0.1000000015
9607  -43.621  -68.200  16.953 0.1000000015
11164  -43.765  -66.577  18.361 0.1000000015
11940  -42.944  -65.258  19.412 0.1000000015
8898  -43.479  -68.948  16.071 0.1000000015
8917  -43.807  -68.927  15.846 0.1000000015
8934  -43.790  -69.029  15.473 0.1000000015
12744  -38.527  -64.333  16.377 0.1000000015
8933  -43.607  -69.520  15.047 0.1000000015
8958  -42.327  -69.502  13.870 0.1000000015
9679  -41.558  -68.525  13.680 0.1000000015
9678  -40.463  -68.822  13.390 0.1000000015
11222  -40.821  -66.869  14.729 0.1000000015
10430  -40.829  -67.919  13.609 0.1000000015
11956  -43.954  -65.869  18.774 0.1000000015
13525  -38.572  -63.571  16.254 0.1000000015
11181  -44.461  -67.013  17.848 0.1000000015
11941  -44.346  -65.211  19.240 0.1000000015
12704  -43.790  -64.604  19.766 0.1000000015
14318  -38.793  -62.928  15.996 0.1000000015
10372  -44.294  -67.744  17.192 0.1000000015
11977  -38.579  -64.865  16.263 0.1000000015
9658  -44.030  -68.686  15.216 0.1000000015
9644  -44.299  -68.576  15.751 0.1000000015
11995  -39.546  -65.685  16.143 0.1000000015
9680  -42.266  -68.727  13.930 0.1000000015
9655  -42.192  -68.207  14.010 0.1000000015
10414  -41.473  -67.593  14.016 0.1000000015
11165  -44.660  -66.386  18.338 0.1000000015
11978  -39.029  -64.993  16.528 0.1000000015
14343  -39.425  -62.494  14.465 0.1000000015
11996  -40.780  -65.872  16.187 0.1000000015
10415  -42.622  -67.625  14.451 0.1000000015
9657  -43.646  -68.852  14.754 0.1000000015
9656  -42.885  -68.674  14.288 0.1000000015
11979  -40.247  -65.109  17.028 0.1000000015
12729  -39.760  -63.854  17.533 0.1000000015
10373  -44.803  -67.154  17.348 0.1000000015
11203  -41.380  -66.413  15.424 0.1000000015
11997  -41.909  -65.951  16.034 0.1000000015
10388  -44.736  -67.968  16.256 0.1000000015
11223  -41.947  -66.924  14.724 0.1000000015
10416  -43.700  -67.950  14.737 0.1000000015
10399  -43.300  -67.127  14.963 0.1000000015
12746  -39.935  -64.469  17.402 0.1000000015
12730  -40.569  -64.346  17.662 0.1000000015
11980  -41.481  -65.391  16.756 0.1000000015
11182  -45.271  -66.510  17.575 0.1000000015
11205  -43.876  -66.436  15.373 0.1000000015
11191  -42.769  -66.035  15.933 0.1000000015
11224  -42.643  -67.022  14.853 0.1000000015
11204  -42.630  -66.440  15.428 0.1000000015
10401  -44.630  -67.787  15.339 0.1000000015
13507  -41.442  -63.817  18.036 0.1000000015
12731  -41.681  -64.768  17.322 0.1000000015
11981  -42.697  -65.546  16.464 0.1000000015
12748  -42.328  -65.088  16.929 0.1000000015
11166  -45.226  -66.058  18.266 0.1000000015
10400  -44.137  -67.204  15.050 0.1000000015
10402  -45.089  -67.285  16.076 0.1000000015
10389  -45.020  -67.232  16.795 0.1000000015
13450  -43.843  -63.264  22.678 0.1000000015
13459  -43.729  -63.252  21.546 0.1000000015
12690  -44.150  -64.019  20.186 0.1000000015
13468  -43.635  -63.655  20.697 0.1000000015
8957  -41.398  -69.627  13.509 0.1000000015
8955  -39.783  -69.629  13.182 0.1000000015
11238  -38.264  -66.709  14.148 0.1000000015
8916  -43.236  -69.547  15.541 0.1000000015
9630  -44.042  -68.543  16.433 0.1000000015
12745  -39.357  -64.403  17.065 0.1000000015
11970  -41.060  -65.111  17.198 0.1000000015
11969  -40.869  -64.882  17.381 0.1000000015
2200  -30.800  -80.270  8.417 0.1000000015
2258  -30.811  -81.078  3.992 0.1000000015
1801  -30.842  -81.158  4.370 0.1000000015
2733  -31.545  -80.529  4.984 0.1000000015
2242  -31.228  -80.872  5.482 0.1000000015
2224  -29.773  -80.649  6.208 0.1000000015
2281  -31.476  -80.450  3.267 0.1000000015
2297  -31.979  -80.067  2.498 0.1000000015
2312  -32.215  -79.667  1.622 0.1000000015
2673  -31.410  -79.459  8.864 0.1000000015
2659  -30.607  -79.102  9.193 0.1000000015
2212  -31.216  -80.695  7.634 0.1000000015
2225  -30.760  -80.938  6.567 0.1000000015
2672  -30.282  -79.628  8.960 0.1000000015
2259  -31.266  -80.734  4.305 0.1000000015
2241  -30.336  -81.152  5.489 0.1000000015
2260  -31.836  -80.233  3.803 0.1000000015
6285  -31.389  -73.642  6.518 0.1000000015
4238  -30.320  -76.247  7.636 0.1000000015
5563  -31.832  -74.434  6.431 0.1000000015
3157  -31.002  -78.884  9.082 0.1000000015
3167  -31.470  -78.467  8.722 0.1000000015
3166  -30.898  -77.838  8.603 0.1000000015
3655  -30.667  -77.120  8.095 0.1000000015
4239  -31.221  -76.145  7.264 0.1000000015
2201  -31.754  -80.257  8.315 0.1000000015
2226  -31.675  -80.540  6.814 0.1000000015
2213  -31.949  -80.448  7.702 0.1000000015
2282  -31.929  -80.113  3.252 0.1000000015
6286  -32.316  -73.616  6.468 0.1000000015
4893  -31.408  -75.142  6.690 0.1000000015
6995  -31.895  -72.870  6.549 0.1000000015
3656  -31.536  -77.618  8.183 0.1000000015
3671  -31.418  -76.922  7.613 0.1000000015
3168  -32.502  -78.834  8.578 0.1000000015
2703  -31.762  -80.278  6.041 0.1000000015
2720  -31.695  -80.336  5.397 0.1000000015
2734  -32.020  -80.005  4.730 0.1000000015
2202  -32.303  -80.170  8.029 0.1000000015
5562  -31.001  -74.534  6.735 0.1000000015
4258  -31.777  -75.793  6.791 0.1000000015
2227  -32.236  -80.238  7.356 0.1000000015
4869  -30.789  -75.323  7.080 0.1000000015
2674  -32.550  -79.587  8.321 0.1000000015
5542  -30.250  -74.535  7.092 0.1000000015
2675  -33.532  -79.368  7.954 0.1000000015
3169  -33.553  -78.880  8.357 0.1000000015
3170  -34.645  -78.698  7.981 0.1000000015
4240  -32.001  -76.556  7.057 0.1000000015
3672  -32.244  -77.317  7.574 0.1000000015
3657  -32.404  -78.082  8.154 0.1000000015
3658  -33.409  -78.236  8.254 0.1000000015
3673  -33.228  -77.566  7.675 0.1000000015
1789  -31.026  -81.092  4.748 0.1000000015
2214  -32.304  -80.213  7.734 0.1000000015
3670  -30.914  -76.603  7.671 0.1000000015
4870  -31.286  -75.613  6.922 0.1000000015
4892  -31.055  -75.007  6.805 0.1000000015
4949  -39.196  -75.147  1.328 0.1000000015
4976  -39.080  -75.160  0.826 0.1000000015
5614  -37.152  -74.136  3.755 0.1000000015
5662  -39.024  -74.416  0.991 0.1000000015
5663  -39.231  -74.957  1.052 0.1000000015
6304  -37.950  -73.062  5.197 0.1000000015
6365  -35.068  -73.081  2.055 0.1000000015
6380  -36.494  -73.186  1.809 0.1000000015
6399  -38.242  -73.909  -0.758 0.1000000015
7027  -34.047  -72.316  3.895 0.1000000015
7031  -37.486  -72.929  5.087 0.1000000015
7548  -42.507  -71.237  14.319 0.1000000015
7627  -36.931  -72.144  8.587 0.1000000015
7652  -41.905  -71.797  7.100 0.1000000015
7692  -39.254  -71.359  4.385 0.2000000030
7694  -40.635  -71.363  4.863 0.2000000030
7703  -32.805  -70.887  2.762 0.1000000015
8209  -43.306  -70.088  14.842 0.1000000015
8341  -38.581  -71.097  4.377 0.2000000030
8342  -38.952  -70.887  4.282 0.2000000030
8344  -40.398  -70.947  4.567 0.2000000030
8352  -32.823  -70.590  2.883 0.1000000015
9001  -43.839  -69.078  8.878 0.3000000119
9014  -43.677  -69.036  8.485 0.2000000030
9019  -43.552  -68.991  8.203 0.2000000030
9806  -34.306  -68.235  2.953 0.1000000015
10371  -43.282  -67.725  17.424 0.1000000015
10417  -44.091  -68.347  14.956 0.1000000015
10431  -41.308  -67.971  13.694 0.1000000015
11178  -42.011  -67.207  17.811 0.1000000015
11192  -43.225  -66.038  15.846 0.1000000015
11200  -38.459  -65.795  15.230 0.1000000015
11289  -33.827  -66.328  6.884 0.1000000015
11957  -44.947  -65.792  18.764 0.1000000015
11998  -42.500  -66.006  15.966 0.1000000015
12056  -34.692  -64.888  7.964 0.1000000015
12059  -36.884  -64.601  8.231 0.1000000015
12093  -33.717  -65.823  6.023 0.1000000015
12122  -33.856  -65.760  5.297 0.1000000015
12125  -35.713  -64.972  4.417 0.1000000015
12139  -35.423  -65.572  4.264 0.1000000015
12747  -42.034  -65.173  16.849 0.1000000015
12774  -37.376  -64.508  14.787 0.1000000015
12843  -35.157  -64.246  8.341 0.1000000015
12845  -36.804  -64.031  8.532 0.1000000015
12898  -34.612  -64.289  5.788 0.1000000015
13646  -35.095  -63.172  8.053 0.1000000015
13673  -34.763  -63.235  6.566 0.1000000015
14342  -38.719  -62.717  14.354 0.1000000015
14347  -43.736  -61.381  14.070 0.6000000238
14410  -35.789  -62.398  8.924 0.1000000015
14411  -36.083  -62.257  9.124 0.1000000015
14457  -34.856  -62.985  7.076 0.1000000015
14482  -46.619  -61.808  6.216 0.1000000015
14512  -37.581  -62.497  4.032 0.1000000015
15097  -43.649  -61.010  19.208 0.1000000015
15140  -40.709  -60.886  16.679 0.3000000119
15219  -47.557  -61.510  8.368 0.4000000060
15245  -35.440  -61.473  7.769 0.1000000015
15248  -47.781  -61.391  7.134 0.2000000030
15278  -35.531  -62.021  6.400 0.1000000015
15279  -35.906  -61.458  6.081 0.1000000015
15280  -36.435  -61.018  5.534 0.1000000015
15318  -38.528  -61.397  3.344 0.1000000015
15894  -38.736  -59.752  24.091 0.3000000119
15945  -40.194  -59.986  22.153 0.3000000119
15956  -43.059  -61.002  19.233 0.1000000015
16115  -47.975  -61.039  8.165 0.3000000119
16148  -35.863  -60.580  6.579 0.1000000015
16152  -48.268  -60.317  6.356 0.2000000030
16170  -48.898  -60.011  5.318 0.1000000015
16218  -38.867  -59.985  2.971 0.1000000015
16791  -41.121  -59.542  25.809 0.1000000015
16806  -38.571  -59.323  24.295 0.2000000030
16836  -36.714  -58.686  22.422 0.3000000119
16839  -40.990  -59.756  22.275 0.3000000119
16883  -37.762  -59.247  20.184 0.3000000119
16950  -44.258  -59.957  13.751 0.6000000238
17008  -42.083  -59.768  10.264 0.4000000060
17078  -35.820  -60.222  7.238 0.1000000015
17082  -46.748  -58.889  6.357 0.1000000015
17085  -48.830  -59.773  5.549 0.1000000015
17129  -38.047  -59.359  3.723 0.1000000015
17698  -40.462  -58.370  25.753 0.1000000015
17727  -36.534  -58.172  22.366 0.3000000119
17768  -38.995  -58.082  19.804 0.3000000119
17784  -37.145  -58.511  18.533 0.3000000119
17785  -37.776  -58.385  18.870 0.3000000119
17800  -36.398  -58.212  18.150 0.3000000119
17801  -36.733  -58.288  18.072 0.3000000119
17828  -38.743  -58.353  15.316 0.4000000060
17894  -39.988  -58.265  10.845 0.3000000119
17936  -44.195  -58.603  7.756 0.2000000030
17980  -49.212  -58.487  4.691 0.1000000015
18022  -39.034  -58.332  2.838 0.1000000015
18600  -40.223  -57.805  25.406 0.1000000015
18602  -41.222  -57.421  26.105 0.1000000015
18611  -38.053  -57.646  24.234 0.2000000030
18626  -37.587  -57.551  23.705 0.2000000030
18637  -37.006  -57.335  22.965 0.3000000119
18649  -35.602  -57.238  19.970 0.3000000119
18697  -35.712  -57.402  17.962 0.3000000119
18721  -39.592  -57.051  16.420 0.4000000060
18771  -40.921  -57.686  15.313 0.4000000060
18805  -37.604  -56.974  13.294 0.4000000060
18923  -38.113  -56.902  3.800 0.1000000015
18928  -49.475  -57.869  4.121 0.1000000015
18937  -37.949  -57.964  3.646 0.1000000015
19536  -40.934  -56.996  25.554 0.1000000015
19567  -39.534  -56.168  23.838 0.1000000015
19592  -35.567  -56.907  19.863 0.3000000119
19614  -35.549  -56.794  18.439 0.3000000119
19633  -40.932  -56.715  17.580 0.3000000119
19650  -35.686  -56.945  17.435 0.3000000119
19674  -39.988  -56.978  16.119 0.4000000060
19753  -42.125  -57.317  9.378 0.3000000119
19824  -49.419  -56.568  4.615 0.1000000015
19849  -38.915  -56.095  3.202 0.1000000015
20467  -38.153  -55.850  23.117 0.2000000030
20468  -38.881  -55.591  23.202 0.1000000015
20483  -36.940  -55.554  21.981 0.2000000030
20484  -37.547  -55.322  22.317 0.2000000030
20515  -35.631  -56.113  18.997 0.3000000119
20527  -35.590  -56.304  18.675 0.3000000119
20669  -39.105  -55.774  11.840 0.2000000030
20792  -37.737  -55.564  4.562 0.1000000015
20793  -38.295  -55.586  4.011 0.1000000015
20797  -50.120  -55.618  3.977 0.1000000015
20822  -39.888  -55.541  2.704 0.1000000015
21405  -37.814  -54.668  21.917 0.2000000030
21425  -36.831  -55.007  21.283 0.2000000030
21513  -48.441  -54.951  16.918 0.1000000015
21534  -37.073  -54.056  15.497 0.3000000119
21576  -37.524  -54.943  13.699 0.3000000119
21578  -38.866  -54.016  13.188 0.3000000119
21579  -46.949  -54.082  13.422 0.1000000015
21660  -45.783  -54.672  9.842 0.1000000015
22390  -40.574  -54.170  23.106 0.1000000015
22442  -37.976  -53.236  20.910 0.1000000015
22476  -36.869  -53.264  18.605 0.2000000030
22522  -37.049  -53.442  16.853 0.3000000119
22568  -43.695  -52.872  14.486 0.1000000015
22580  -38.656  -53.738  13.767 0.3000000119
22606  -47.453  -54.104  12.640 0.1000000015
22627  -47.630  -54.038  12.161 0.1000000015
22735  -49.427  -54.334  4.381 0.1000000015
22770  -40.914  -53.898  2.871 0.1000000015
22771  -41.704  -53.546  2.626 0.1000000015
23442  -37.793  -52.751  20.149 0.1000000015
23444  -39.032  -52.501  20.959 0.1000000015
23553  -42.955  -52.471  15.600 0.1000000015
23581  -42.986  -52.568  14.359 0.1000000015
23742  -38.432  -52.489  5.413 0.1000000015
23744  -50.868  -53.586  5.044 0.1000000015
23760  -40.232  -51.980  4.201 0.1000000015
23774  -40.572  -52.480  3.660 0.1000000015
23794  -42.273  -52.990  2.639 0.1000000015
24454  -39.371  -52.230  21.155 0.1000000015
24474  -39.222  -51.279  19.576 0.2000000030
24486  -42.121  -51.427  18.425 0.1000000015
24714  -39.168  -51.211  5.418 0.1000000015
25618  -38.981  -50.893  5.755 0.1000000015
25628  -39.983  -50.825  4.922 0.1000000015
26591  -41.463  -49.181  4.873 0.1000000015
27608  -41.446  -48.182  5.642 0.1000000015
27622  -42.649  -48.382  5.125 0.1000000015
29552  -40.692  -46.527  7.916 0.1000000015
