#!ascii label  , from subject sub.01.bl.01 vox2ras=TkReg
945
57238  -29.559  -19.325  0.636 0.4285714328
58405  -30.224  -17.814  -0.637 0.2857142985
58404  -29.927  -18.421  -0.502 0.4285714328
58389  -30.333  -18.109  0.232 0.4285714328
59491  -30.986  -17.003  0.640 0.4285714328
59506  -30.424  -17.086  -0.745 0.2857142985
60633  -30.694  -16.646  -0.275 0.4285714328
61747  -31.182  -15.686  -0.441 0.4285714328
61770  -31.141  -15.366  -1.435 0.4285714328
62810  -31.544  -14.345  -1.830 0.4285714328
62811  -31.878  -13.722  -2.140 0.4285714328
63934  -32.266  -13.444  -3.545 0.5714285970
63918  -32.229  -13.273  -2.460 0.5714285970
65031  -32.649  -12.406  -1.897 0.2857142985
66299  -32.792  -12.033  -3.345 0.7142857313
66277  -32.889  -11.920  -2.588 0.7142857313
67548  -33.713  -10.501  -3.378 0.7142857313
67549  -34.073  -10.282  -2.672 0.4285714328
66300  -33.205  -11.300  -2.937 0.7142857313
68676  -34.607  -9.707  -2.921 0.5714285970
68692  -34.010  -10.289  -4.034 0.5714285970
68693  -34.525  -9.761  -4.290 0.5714285970
68694  -35.749  -9.231  -3.859 0.5714285970
67570  -33.976  -10.279  -4.481 0.5714285970
69882  -36.242  -9.027  -5.020 0.5714285970
68721  -37.381  -9.387  -4.209 0.5714285970
68738  -35.837  -9.275  -5.949 0.7142857313
69883  -36.882  -9.064  -5.455 0.7142857313
69884  -37.467  -8.429  -5.733 0.7142857313
69863  -37.871  -8.848  -4.424 0.5714285970
68737  -34.829  -9.874  -6.591 0.5714285970
69891  -37.008  -8.870  -6.325 0.8571428657
71072  -37.749  -7.684  -5.159 0.7142857313
68753  -36.463  -9.134  -6.774 0.7142857313
68763  -36.685  -9.328  -7.860 0.5714285970
72279  -37.861  -6.742  -5.690 0.7142857313
72258  -37.923  -6.833  -4.745 0.5714285970
69892  -37.329  -8.281  -6.731 0.7142857313
71081  -37.680  -7.557  -6.223 0.7142857313
73358  -38.003  -5.762  -6.103 0.5714285970
73351  -37.739  -5.929  -5.141 0.5714285970
71086  -37.585  -7.470  -7.247 0.7142857313
74389  -37.924  -4.729  -6.498 0.7142857313
74375  -37.715  -4.899  -5.470 0.7142857313
73365  -37.932  -5.624  -7.128 0.7142857313
75365  -38.331  -2.894  -6.697 0.7142857313
75341  -37.825  -3.774  -5.841 0.5714285970
74395  -38.000  -4.615  -7.477 0.7142857313
71092  -37.218  -7.289  -8.206 0.5714285970
76399  -38.521  -2.288  -7.007 0.5714285970
77468  -38.572  -1.434  -6.625 0.5714285970
74402  -37.789  -4.346  -8.279 0.8571428657
73373  -37.496  -5.446  -8.139 0.8571428657
76423  -38.529  -2.393  -7.835 0.7142857313
75384  -38.190  -3.714  -7.793 0.8571428657
75394  -38.304  -3.025  -8.040 0.7142857313
79742  -38.394  0.248  -8.548 0.8571428657
78623  -38.590  -0.678  -7.229 0.5714285970
77499  -38.458  -1.807  -8.283 0.8571428657
77508  -38.062  -1.649  -9.051 0.8571428657
75393  -37.846  -3.404  -8.493 0.8571428657
76437  -38.176  -2.511  -8.562 0.8571428657
80824  -38.036  0.633  -9.239 0.8571428657
80809  -37.924  1.828  -8.767 0.8571428657
82860  -37.122  3.005  -8.638 0.8571428657
78656  -38.090  -0.622  -8.930 0.8571428657
80823  -37.502  1.416  -9.529 0.8571428657
80822  -36.862  1.957  -9.781 1.0000000000
81867  -37.102  2.409  -9.168 1.0000000000
79758  -37.960  -0.059  -9.245 0.8571428657
81883  -36.511  2.587  -9.985 1.0000000000
83919  -35.974  4.171  -9.748 1.0000000000
84958  -34.868  5.057  -10.590 0.7142857313
82879  -36.505  3.395  -9.454 1.0000000000
82899  -36.053  3.314  -10.341 1.0000000000
89045  -33.947  8.588  -9.879 1.0000000000
88024  -33.747  8.232  -11.294 0.8571428657
90109  -33.750  10.435  -11.438 0.8571428657
90099  -33.814  9.849  -10.389 1.0000000000
92336  -34.176  13.031  -11.655 0.8571428657
91199  -34.289  12.069  -11.660 0.8571428657
90110  -34.150  11.264  -11.207 1.0000000000
95229  -34.345  15.612  -12.085 0.8571428657
94355  -34.413  14.664  -11.562 0.8571428657
95244  -34.037  15.690  -12.946 0.7142857313
94369  -33.670  14.363  -13.311 0.5714285970
96101  -33.350  16.665  -13.563 0.7142857313
96085  -33.711  16.877  -13.035 0.5714285970
95272  -32.009  16.142  -14.586 0.5714285970
94383  -32.505  14.818  -14.431 0.5714285970
95271  -31.452  16.057  -14.561 0.4285714328
96980  -31.707  18.057  -14.898 0.4285714328
97856  -32.159  18.924  -15.816 0.4285714328
96084  -30.819  16.782  -12.551 0.2857142985
96074  -30.975  16.669  -11.840 0.2857142985
96956  -30.878  16.954  -12.890 0.2857142985
96946  -31.201  17.389  -11.556 0.2857142985
68720  -35.477  -9.199  -4.834 0.5714285970
75385  -38.394  -3.015  -7.392 0.7142857313
78640  -38.391  -0.860  -8.199 0.8571428657
80810  -38.365  1.258  -8.706 0.8571428657
81868  -37.572  2.029  -8.981 0.8571428657
85947  -34.829  6.169  -9.694 0.8571428657
96918  -31.397  17.739  -9.634 0.1428571492
58431  -30.167  -17.554  -1.272 0.2857142985
59532  -30.388  -16.930  -1.485 0.2857142985
60651  -30.703  -16.312  -0.848 0.2857142985
62789  -31.656  -14.530  -0.666 0.4285714328
60676  -31.048  -15.717  -1.998 0.2857142985
62833  -31.865  -14.003  -2.776 0.4285714328
61769  -30.868  -15.872  -1.049 0.4285714328
63898  -31.795  -13.952  -0.942 0.4285714328
65061  -32.569  -12.630  -2.917 0.5714285970
66325  -32.702  -12.260  -4.010 0.2857142985
66326  -33.011  -11.495  -3.977 0.7142857313
68675  -34.206  -10.044  -3.635 0.4285714328
67602  -33.921  -10.368  -5.175 0.5714285970
68695  -36.919  -9.334  -3.676 0.4285714328
68719  -34.696  -9.680  -5.511 0.7142857313
69839  -36.111  -9.155  -4.110 0.7142857313
69862  -36.863  -9.292  -4.507 0.5714285970
68752  -35.651  -9.521  -7.214 0.5714285970
74346  -37.666  -5.193  -4.495 0.5714285970
69897  -37.044  -8.896  -7.089 0.5714285970
73323  -37.771  -6.102  -4.282 0.5714285970
72287  -37.935  -6.636  -6.707 0.7142857313
79728  -38.653  0.035  -7.765 0.5714285970
80835  -36.515  1.550  -10.557 1.0000000000
83938  -35.380  4.323  -10.624 0.8571428657
85966  -34.338  6.510  -11.019 0.7142857313
85946  -34.528  6.716  -10.173 1.0000000000
85926  -34.700  6.894  -9.363 1.0000000000
88025  -33.939  7.754  -10.993 0.7142857313
86957  -34.329  7.488  -9.863 1.0000000000
89044  -33.835  9.004  -10.217 0.8571428657
91210  -33.947  12.625  -12.256 0.8571428657
90100  -34.143  10.799  -10.401 1.0000000000
94370  -34.051  14.599  -12.849 0.7142857313
96099  -31.423  16.974  -14.309 0.7142857313
94384  -33.287  14.665  -13.781 0.5714285970
95260  -32.566  15.710  -14.292 0.7142857313
96100  -32.736  16.646  -14.063 0.7142857313
94393  -31.277  15.087  -14.470 0.4285714328
96957  -31.099  17.477  -12.630 0.2857142985
96968  -31.229  17.765  -13.947 0.4285714328
96970  -32.825  17.754  -14.196 0.4285714328
97844  -31.510  19.085  -14.834 0.4285714328
67601  -33.473  -11.103  -5.315 0.4285714328
96111  -31.841  16.983  -14.571 0.7142857313
58388  -29.874  -18.725  0.081 0.4285714328
58430  -29.660  -18.241  -1.412 0.2857142985
59467  -30.834  -17.514  0.840 0.4285714328
59490  -30.592  -17.214  0.077 0.4285714328
61746  -30.875  -15.943  -0.769 0.4285714328
61789  -31.190  -15.299  -2.291 0.2857142985
62832  -31.464  -14.798  -2.920 0.4285714328
65088  -32.574  -12.671  -3.666 0.2857142985
67569  -33.526  -10.781  -4.488 0.5714285970
68739  -36.556  -9.069  -6.126 0.7142857313
69898  -37.131  -8.362  -7.726 0.7142857313
72294  -37.628  -6.480  -7.650 0.8571428657
75364  -38.152  -3.702  -6.864 0.7142857313
72299  -37.227  -6.335  -8.235 0.8571428657
77485  -38.542  -1.580  -7.541 0.8571428657
76436  -37.722  -2.819  -8.954 0.8571428657
79757  -37.540  0.209  -9.825 1.0000000000
84940  -34.651  5.832  -10.384 0.8571428657
93428  -34.148  13.814  -12.011 0.8571428657
94385  -33.714  15.322  -13.383 0.7142857313
95262  -33.646  15.934  -13.354 0.7142857313
95261  -33.228  15.803  -13.746 0.5714285970
96112  -32.262  16.759  -14.443 0.5714285970
94394  -31.955  15.284  -14.722 0.5714285970
95270  -30.936  15.697  -14.295 0.4285714328
95259  -31.001  16.278  -14.212 0.4285714328
96981  -32.225  17.859  -14.869 0.4285714328
95228  -31.184  16.262  -11.301 0.2857142985
96098  -30.973  16.744  -13.784 0.2857142985
96932  -31.344  17.615  -10.694 0.2857142985
60675  -30.778  -16.187  -1.777 0.2857142985
66359  -33.206  -11.787  -5.038 0.2857142985
86973  -34.191  7.335  -10.682 1.0000000000
96969  -32.459  17.259  -14.373 0.5714285970
100692  -32.447  21.547  -13.088 0.2857142985
100691  -32.160  20.876  -12.654 0.1428571492
98784  -32.512  19.574  -13.954 0.2857142985
99715  -32.947  20.565  -13.552 0.2857142985
100679  -32.013  21.926  -12.253 0.1428571492
97833  -31.664  18.703  -13.231 0.1428571492
97834  -31.824  19.346  -13.863 0.2857142985
98770  -31.720  19.459  -12.087 0.1428571492
99716  -33.650  20.491  -12.811 0.2857142985
98757  -36.652  19.376  -10.551 0.2857142985
98771  -34.798  19.566  -11.666 0.2857142985
100678  -31.823  21.269  -11.901 0.1428571492
97845  -31.940  19.705  -14.756 0.2857142985
96947  -34.501  17.631  -11.391 0.2857142985
98785  -33.258  19.539  -13.382 0.2857142985
96919  -36.281  17.429  -9.755 0.1428571492
97823  -34.928  19.064  -11.327 0.2857142985
98786  -34.116  19.573  -12.449 0.2857142985
99713  -32.042  20.305  -12.356 0.1428571492
97836  -33.801  18.772  -12.762 0.2857142985
96047  -38.664  16.092  -9.721 0.1428571492
96045  -37.060  16.569  -9.165 0.1428571492
96933  -34.911  17.806  -10.783 0.4285714328
96959  -33.898  17.608  -12.505 0.2857142985
93402  -35.645  13.637  -9.109 0.2857142985
95218  -34.631  15.700  -10.764 0.4285714328
96075  -34.373  16.646  -11.654 0.2857142985
96982  -32.585  18.744  -15.023 0.2857142985
93383  -36.854  12.726  -7.825 0.1428571492
94338  -35.917  14.733  -9.135 0.2857142985
94345  -34.671  14.581  -10.527 0.5714285970
92274  -35.905  11.505  -7.797 0.1428571492
92290  -36.295  12.732  -8.094 0.1428571492
96086  -34.061  16.442  -12.573 0.4285714328
90076  -36.333  10.187  -7.257 0.2857142985
91154  -35.748  10.805  -7.649 0.7142857313
93416  -34.400  13.750  -11.072 0.7142857313
92288  -34.970  11.669  -8.790 0.8571428657
92325  -34.498  12.789  -10.727 0.5714285970
89015  -36.854  8.788  -6.808 0.2857142985
89024  -37.042  9.522  -6.983 0.2857142985
92307  -34.917  12.516  -9.441 0.7142857313
91209  -33.651  11.908  -12.849 0.5714285970
91190  -34.501  11.771  -10.515 0.8571428657
87981  -37.435  8.144  -6.730 0.1428571492
90074  -34.976  9.654  -7.672 0.7142857313
86921  -37.010  7.196  -6.633 0.1428571492
78669  -35.532  -0.321  -11.712 0.5714285970
81882  -36.182  2.408  -10.617 0.8571428657
81893  -35.767  2.570  -11.172 0.8571428657
82915  -35.320  3.526  -11.454 0.5714285970
88002  -34.175  8.214  -9.526 0.8571428657
85927  -35.238  6.220  -8.940 0.8571428657
89034  -34.212  9.042  -9.523 0.8571428657
85907  -36.707  6.059  -6.789 0.2857142985
87996  -35.009  7.881  -8.434 0.8571428657
89028  -34.510  9.298  -8.629 0.8571428657
84881  -38.320  5.484  -6.681 0.4285714328
86929  -35.761  7.093  -7.444 0.7142857313
89022  -35.316  9.248  -7.475 0.7142857313
77527  -35.049  -0.988  -11.503 0.2857142985
80844  -36.153  0.876  -11.349 0.5714285970
84921  -35.630  5.449  -8.845 0.8571428657
86942  -34.994  7.138  -8.594 0.8571428657
86941  -34.619  7.686  -9.068 0.8571428657
84901  -36.437  5.264  -7.215 0.4285714328
85906  -35.809  6.034  -7.363 0.8571428657
86928  -35.351  7.529  -7.940 0.8571428657
84902  -37.404  5.012  -6.887 0.4285714328
72304  -36.164  -6.151  -9.046 0.7142857313
73383  -35.473  -5.144  -9.874 0.4285714328
73378  -36.786  -5.429  -8.940 0.7142857313
75399  -36.978  -3.430  -9.709 0.8571428657
75407  -36.474  -3.443  -10.193 0.5714285970
76451  -35.446  -2.448  -10.723 0.5714285970
76453  -36.998  -2.400  -10.154 0.8571428657
77517  -36.026  -1.631  -10.730 0.5714285970
78661  -35.624  -0.862  -11.042 0.5714285970
78655  -37.582  -0.838  -9.531 0.8571428657
79770  -36.927  0.044  -10.319 0.7142857313
78662  -36.399  -0.620  -10.547 0.5714285970
81850  -37.696  2.496  -8.420 0.7142857313
83903  -36.787  3.962  -8.308 0.7142857313
84922  -36.150  5.048  -8.202 0.8571428657
82843  -39.602  2.948  -7.099 0.2857142985
82841  -38.243  3.261  -7.597 0.4285714328
83890  -38.111  4.024  -7.242 0.5714285970
68764  -36.942  -8.805  -8.242 0.4285714328
69902  -36.339  -7.718  -8.832 0.4285714328
72303  -35.444  -6.263  -9.536 0.4285714328
74407  -37.523  -4.052  -8.825 0.7142857313
75400  -37.443  -3.422  -9.171 0.7142857313
77507  -37.564  -1.649  -9.630 0.8571428657
81852  -38.942  1.611  -8.128 0.7142857313
81830  -39.268  2.338  -7.562 0.2857142985
81851  -38.469  2.037  -8.244 0.5714285970
68777  -37.374  -9.731  -9.493 0.5714285970
71091  -36.608  -7.382  -8.652 0.5714285970
72298  -36.720  -6.516  -8.646 0.5714285970
73379  -37.378  -4.736  -8.749 0.7142857313
79710  -38.975  0.141  -7.006 0.4285714328
80793  -39.300  1.395  -7.604 0.4285714328
80773  -39.613  1.826  -6.994 0.4285714328
67622  -34.182  -10.440  -6.119 0.5714285970
72237  -38.181  -6.830  -3.926 0.4285714328
77431  -38.524  -1.454  -4.971 0.4285714328
75342  -38.131  -3.138  -6.237 0.4285714328
78604  -38.735  -0.458  -6.255 0.4285714328
64996  -32.749  -12.703  -0.864 0.1428571492
75313  -37.750  -4.040  -4.621 0.4285714328
76344  -37.970  -3.070  -5.178 0.4285714328
76345  -38.305  -2.340  -4.628 0.4285714328
65032  -33.207  -12.002  -1.214 0.1428571492
66252  -33.710  -11.525  -1.036 0.1428571492
68677  -35.959  -9.297  -2.671 0.2857142985
71009  -39.077  -7.790  -2.730 0.2857142985
73266  -39.048  -5.988  -2.163 0.2857142985
72217  -38.798  -6.789  -2.902 0.2857142985
69841  -38.163  -9.018  -3.771 0.4285714328
74316  -38.768  -5.010  -2.178 0.2857142985
73299  -38.292  -6.138  -3.300 0.2857142985
71032  -38.479  -7.558  -3.610 0.2857142985
75300  -38.152  -3.771  -3.386 0.2857142985
75299  -37.780  -4.690  -3.786 0.4285714328
67506  -34.648  -10.680  -1.080 0.2857142985
67529  -35.151  -10.075  -1.205 0.2857142985
68656  -37.819  -9.375  -1.527 0.2857142985
68657  -39.018  -9.401  -1.846 0.2857142985
68680  -38.736  -9.164  -2.688 0.2857142985
68678  -37.200  -9.257  -2.513 0.2857142985
67508  -35.888  -10.195  -0.242 0.2857142985
66253  -34.395  -11.324  -0.493 0.2857142985
68655  -36.267  -9.536  -1.196 0.2857142985
66279  -34.127  -11.057  -1.291 0.2857142985
60634  -31.131  -16.411  0.340 0.2857142985
62790  -32.078  -14.390  -0.101 0.1428571492
63857  -32.652  -13.890  0.290 0.1428571492
57221  -29.761  -19.804  1.656 0.2857142985
57237  -29.070  -19.844  0.596 0.2857142985
61732  -31.771  -15.651  0.536 0.2857142985
57222  -30.379  -19.027  1.578 0.1428571492
56086  -28.717  -20.421  0.734 0.1428571492
67487  -35.533  -10.759  0.163 0.2857142985
68634  -37.434  -9.555  -0.345 0.2857142985
69818  -39.210  -8.739  -2.335 0.2857142985
68679  -38.211  -9.304  -2.533 0.2857142985
72218  -39.250  -7.046  -2.417 0.2857142985
71051  -38.223  -7.658  -4.249 0.4285714328
73298  -37.951  -6.166  -3.781 0.4285714328
74328  -38.092  -5.023  -2.883 0.2857142985
75288  -38.575  -4.158  -2.316 0.2857142985
74405  -36.323  -4.776  -9.599 0.7142857313
75314  -38.082  -3.134  -4.269 0.4285714328
76371  -38.411  -2.343  -5.883 0.4285714328
79729  -39.092  0.654  -7.613 0.4285714328
79711  -39.394  1.004  -6.794 0.2857142985
81829  -38.479  2.733  -7.830 0.5714285970
84923  -36.735  4.622  -7.557 0.7142857313
90088  -34.007  9.433  -9.858 0.8571428657
93438  -33.585  13.870  -13.244 0.4285714328
93439  -33.881  13.685  -12.646 0.5714285970
90089  -34.255  10.093  -9.358 0.8571428657
89023  -36.094  9.227  -7.117 0.5714285970
97835  -33.303  18.466  -13.668 0.2857142985
93389  -35.914  13.031  -8.501 0.4285714328
99701  -31.549  20.342  -11.414 0.1428571492
96934  -35.625  17.619  -10.165 0.2857142985
96044  -36.109  16.745  -9.524 0.1428571492
57239  -30.128  -18.675  0.735 0.1428571492
57255  -29.413  -19.008  -0.578 0.2857142985
62773  -31.927  -14.967  0.058 0.1428571492
63880  -33.098  -12.929  -0.102 0.1428571492
64998  -34.112  -11.855  0.133 0.1428571492
66232  -34.686  -11.562  0.241 0.1428571492
68653  -34.730  -9.946  -2.289 0.2857142985
67530  -35.565  -9.995  -0.723 0.2857142985
68658  -39.596  -9.166  -1.577 0.2857142985
69819  -39.512  -8.083  -2.089 0.2857142985
68771  -36.942  -9.138  -8.761 0.5714285970
68696  -37.943  -9.286  -3.452 0.2857142985
68697  -38.392  -9.167  -3.039 0.2857142985
71096  -35.279  -7.277  -9.485 0.2857142985
76308  -38.584  -2.928  -2.350 0.2857142985
73377  -36.005  -5.530  -9.355 0.7142857313
75405  -34.848  -3.291  -10.778 0.4285714328
74412  -36.020  -4.239  -10.218 0.5714285970
76325  -38.321  -2.532  -3.537 0.4285714328
78668  -34.832  -0.678  -12.077 0.2857142985
77516  -35.024  -1.579  -10.990 0.5714285970
76370  -38.052  -3.061  -5.797 0.4285714328
76452  -36.419  -2.564  -10.461 0.7142857313
79776  -35.594  0.563  -11.995 0.2857142985
78567  -38.643  -0.636  -4.287 0.1428571492
78586  -39.031  0.118  -5.525 0.4285714328
78605  -39.157  0.324  -6.283 0.4285714328
79690  -39.434  0.887  -5.771 0.1428571492
84942  -35.895  4.862  -9.116 0.8571428657
80750  -39.650  1.905  -6.088 0.1428571492
82842  -39.046  3.392  -7.148 0.2857142985
83904  -37.260  4.132  -7.508 0.5714285970
86930  -36.272  6.812  -7.037 0.7142857313
85891  -38.789  6.259  -6.615 0.2857142985
86922  -38.331  7.352  -6.757 0.1428571492
86920  -36.143  7.592  -6.964 0.4285714328
85890  -37.759  6.229  -6.653 0.4285714328
89016  -37.547  8.887  -6.864 0.1428571492
92289  -35.614  12.235  -8.358 0.5714285970
91155  -36.515  11.028  -7.497 0.1428571492
92275  -36.542  11.989  -7.702 0.1428571492
91156  -37.352  11.238  -7.554 0.1428571492
93390  -36.646  13.586  -8.270 0.1428571492
96060  -34.805  16.926  -10.638 0.2857142985
96061  -35.312  16.674  -9.987 0.2857142985
95199  -37.011  15.096  -8.534 0.1428571492
95200  -37.626  15.445  -8.637 0.1428571492
96046  -37.866  16.303  -9.117 0.1428571492
97810  -36.144  18.618  -10.337 0.2857142985
97811  -37.113  18.669  -10.260 0.1428571492
96936  -37.494  17.867  -9.882 0.1428571492
59448  -31.827  -17.328  1.802 0.1428571492
63858  -33.173  -13.589  0.699 0.1428571492
71010  -39.458  -7.483  -2.154 0.2857142985
82828  -39.832  3.431  -6.664 0.2857142985
96938  -38.967  16.882  -10.501 0.1428571492
98758  -37.728  19.553  -10.694 0.2857142985
58368  -30.603  -18.215  1.166 0.1428571492
58369  -31.228  -17.707  1.575 0.1428571492
63899  -32.104  -13.405  -1.475 0.1428571492
67527  -33.740  -10.738  -2.549 0.2857142985
67528  -34.395  -10.376  -1.969 0.2857142985
66278  -33.475  -11.396  -1.919 0.1428571492
69864  -38.327  -8.150  -3.936 0.4285714328
77448  -38.591  -1.259  -5.808 0.4285714328
73372  -37.023  -5.924  -8.465 0.7142857313
76445  -37.889  -2.376  -9.067 0.7142857313
80836  -37.084  0.735  -10.298 0.8571428657
83920  -36.329  4.325  -8.999 0.8571428657
84941  -35.299  5.256  -9.736 0.8571428657
92349  -33.935  13.218  -12.270 0.5714285970
96958  -33.466  17.467  -13.433 0.2857142985
98798  -32.790  19.161  -14.339 0.2857142985
80811  -38.937  0.939  -8.201 0.4285714328
63879  -32.322  -13.747  -0.303 0.1428571492
79769  -36.498  0.370  -10.860 0.5714285970
87995  -34.601  8.485  -8.711 0.8571428657
91180  -34.523  11.309  -9.503 0.8571428657
76444  -37.440  -2.482  -9.598 0.8571428657
99714  -32.554  20.381  -13.066 0.2857142985
98783  -32.302  19.516  -13.105 0.1428571492
98756  -35.837  19.307  -10.719 0.2857142985
99702  -34.588  20.386  -12.128 0.2857142985
97822  -34.460  18.632  -11.738 0.2857142985
97809  -35.209  18.599  -10.871 0.2857142985
96935  -36.581  17.942  -9.950 0.1428571492
96920  -36.873  17.300  -9.584 0.1428571492
96922  -38.235  16.761  -9.548 0.1428571492
95208  -36.572  15.660  -8.919 0.1428571492
96921  -37.703  17.086  -9.493 0.1428571492
93403  -36.254  14.136  -8.838 0.1428571492
95206  -34.828  15.154  -10.093 0.4285714328
93391  -37.896  13.518  -8.137 0.1428571492
95207  -35.288  15.727  -9.631 0.2857142985
94337  -35.152  14.583  -9.725 0.4285714328
93401  -34.801  13.648  -10.054 0.5714285970
91170  -35.348  11.293  -8.197 0.4285714328
92308  -35.477  12.878  -8.816 0.5714285970
90075  -35.411  10.008  -7.504 0.5714285970
90081  -34.691  10.013  -8.155 0.7142857313
91169  -34.756  10.863  -8.629 0.7142857313
89014  -36.357  8.655  -6.902 0.5714285970
87986  -34.725  8.863  -8.216 0.8571428657
78670  -36.042  -0.246  -11.158 0.5714285970
80843  -35.746  1.620  -11.513 0.5714285970
81905  -35.166  2.527  -12.025 0.4285714328
85928  -35.528  5.827  -8.225 0.8571428657
86943  -35.391  6.635  -8.045 0.8571428657
87978  -35.533  8.259  -7.359 0.8571428657
71097  -35.997  -7.066  -8.930 0.5714285970
74406  -37.042  -4.291  -9.312 0.7142857313
74413  -36.617  -4.063  -9.876 0.7142857313
76443  -36.857  -2.863  -10.028 0.7142857313
75406  -35.758  -3.407  -10.555 0.4285714328
77518  -37.014  -1.601  -10.186 0.7142857313
78663  -37.090  -0.552  -10.076 0.8571428657
81828  -37.969  2.892  -7.867 0.5714285970
82861  -37.548  3.337  -7.879 0.7142857313
69903  -36.766  -8.242  -8.606 0.5714285970
69908  -37.046  -8.871  -9.324 0.5714285970
72238  -38.450  -6.826  -3.445 0.2857142985
74327  -37.810  -5.556  -3.713 0.4285714328
68654  -35.175  -9.786  -2.024 0.2857142985
73283  -38.795  -5.813  -2.450 0.2857142985
69842  -38.461  -8.663  -3.330 0.2857142985
64997  -33.556  -12.107  -0.442 0.1428571492
67507  -35.195  -10.616  -0.515 0.2857142985
68633  -36.567  -9.883  0.055 0.2857142985
57205  -30.562  -19.868  2.301 0.1428571492
56087  -29.239  -19.973  1.081 0.1428571492
57223  -31.031  -18.399  1.868 0.1428571492
59468  -31.497  -16.897  1.228 0.1428571492
98755  -31.371  19.464  -10.919 0.1428571492
90118  -33.582  10.805  -12.582 0.5714285970
89062  -33.561  9.706  -12.356 0.4285714328
88033  -33.634  8.641  -12.100 0.4285714328
91198  -33.824  11.312  -11.931 0.4285714328
85986  -33.903  6.302  -11.898 0.4285714328
86988  -33.937  7.366  -11.569 0.4285714328
87000  -33.787  6.972  -12.209 0.4285714328
86987  -33.737  8.000  -11.882 0.5714285970
89055  -33.594  9.213  -11.229 0.5714285970
83952  -35.075  4.196  -11.267 0.5714285970
73248  -39.966  -5.624  -1.074 0.1428571492
74317  -39.082  -5.258  -1.976 0.1428571492
75269  -39.000  -4.244  -1.871 0.1428571492
72199  -39.121  -6.369  -2.270 0.1428571492
72162  -41.617  -6.348  -0.021 0.1428571492
72179  -40.450  -6.633  -1.017 0.1428571492
73231  -41.593  -5.739  -0.091 0.1428571492
73250  -41.568  -5.246  -0.090 0.1428571492
62852  -31.702  -14.307  -3.681 0.2857142985
69774  -40.294  -8.987  -1.090 0.1428571492
69775  -40.581  -8.456  -0.869 0.1428571492
70988  -39.852  -7.622  -1.647 0.1428571492
70965  -40.743  -7.537  -0.822 0.1428571492
72163  -42.019  -6.714  0.762 0.1428571492
70966  -41.155  -7.451  -0.405 0.1428571492
74227  -42.929  -4.841  2.949 0.1428571492
73219  -42.350  -5.773  1.287 0.1428571492
74254  -42.632  -4.956  1.765 0.1428571492
62865  -31.455  -14.473  -4.191 0.2857142985
68615  -38.194  -9.607  0.473 0.1428571492
68616  -39.368  -9.538  0.344 0.1428571492
68635  -38.639  -9.455  -0.657 0.1428571492
68636  -39.808  -9.381  -0.924 0.1428571492
68618  -41.214  -8.994  0.451 0.1428571492
68617  -40.515  -9.435  0.198 0.1428571492
70934  -41.525  -7.832  0.730 0.1428571492
69756  -41.017  -8.792  -0.241 0.1428571492
70922  -41.950  -7.660  2.515 0.1428571492
72141  -42.136  -6.563  2.991 0.1428571492
73195  -42.777  -5.583  3.333 0.1428571492
73208  -42.315  -5.700  2.324 0.1428571492
61803  -30.502  -15.508  -3.475 0.2857142985
60708  -30.577  -16.096  -3.109 0.2857142985
68613  -36.627  -10.070  0.515 0.1428571492
68599  -37.771  -9.953  1.282 0.1428571492
68602  -41.046  -9.476  1.236 0.1428571492
69730  -41.714  -8.565  2.546 0.1428571492
70911  -42.253  -7.477  3.610 0.1428571492
74229  -44.301  -4.859  3.405 0.1428571492
73196  -43.773  -5.544  3.715 0.1428571492
68614  -37.089  -9.928  0.752 0.1428571492
67469  -36.601  -10.534  1.220 0.1428571492
67472  -39.136  -10.317  2.070 0.1428571492
67471  -38.129  -10.449  2.165 0.1428571492
68587  -41.014  -10.279  2.394 0.1428571492
68600  -38.795  -9.855  1.375 0.1428571492
68601  -40.047  -10.034  1.592 0.1428571492
69729  -41.350  -9.051  2.025 0.1428571492
72120  -42.825  -6.937  4.138 0.1428571492
69720  -41.881  -8.426  3.383 0.1428571492
72130  -44.242  -6.419  4.081 0.1428571492
72129  -43.343  -6.281  4.023 0.1428571492
66217  -36.286  -11.011  1.598 0.1428571492
66254  -35.047  -11.147  0.030 0.1428571492
66198  -38.474  -11.357  2.755 0.1428571492
66219  -37.906  -11.041  2.536 0.1428571492
67470  -37.126  -10.363  1.497 0.1428571492
67451  -39.272  -10.768  2.498 0.1428571492
67450  -38.763  -10.682  2.415 0.1428571492
67436  -41.184  -11.101  3.462 0.1428571492
67453  -40.560  -11.201  3.070 0.1428571492
68575  -41.519  -10.199  3.561 0.1428571492
69707  -41.851  -9.336  3.981 0.1428571492
70899  -42.768  -7.299  4.182 0.1428571492
69719  -41.572  -9.321  2.975 0.1428571492
64904  -38.685  -12.427  3.124 0.1428571492
66197  -37.801  -11.357  2.632 0.1428571492
66218  -37.218  -11.096  2.427 0.1428571492
66183  -40.096  -12.176  3.304 0.1428571492
66182  -39.461  -11.992  3.167 0.1428571492
66201  -40.362  -11.731  3.247 0.1428571492
68561  -42.579  -9.741  4.606 0.1428571492
67417  -41.742  -10.966  4.188 0.1428571492
66199  -39.398  -11.330  2.871 0.1428571492
67452  -40.071  -10.682  2.522 0.1428571492
73197  -44.646  -5.632  3.739 0.1428571492
74243  -44.847  -4.266  3.036 0.1428571492
72128  -42.708  -6.694  3.827 0.1428571492
70935  -41.809  -7.599  1.356 0.1428571492
72200  -39.534  -6.809  -1.865 0.1428571492
74280  -39.703  -4.749  -1.194 0.1428571492
60709  -30.862  -16.041  -2.835 0.2857142985
69708  -42.653  -8.405  4.357 0.1428571492
70900  -43.395  -7.547  4.387 0.1428571492
75207  -45.339  -3.684  2.519 0.1428571492
84957  -34.440  5.395  -11.266 0.4285714328
75205  -43.836  -3.803  2.277 0.1428571492
74240  -42.709  -5.042  2.568 0.1428571492
74241  -43.195  -4.348  2.357 0.1428571492
74255  -43.104  -4.271  1.242 0.1428571492
75270  -39.364  -4.059  -1.452 0.1428571492
76285  -38.930  -3.659  -1.788 0.1428571492
90127  -33.323  11.250  -13.335 0.4285714328
92348  -33.608  12.988  -12.827 0.4285714328
98774  -38.663  19.492  -11.524 0.1428571492
61804  -31.061  -15.604  -3.035 0.2857142985
99691  -36.923  20.020  -10.847 0.1428571492
73267  -39.283  -5.776  -1.822 0.1428571492
67488  -36.249  -10.495  0.708 0.1428571492
66233  -35.342  -11.372  0.801 0.1428571492
69797  -39.852  -8.633  -1.515 0.1428571492
77413  -38.474  -1.542  -3.902 0.1428571492
73268  -39.818  -6.370  -1.401 0.1428571492
73247  -39.549  -5.239  -1.462 0.1428571492
72180  -41.151  -6.853  -0.500 0.1428571492
73249  -41.009  -5.734  -0.500 0.1428571492
70947  -41.498  -7.372  0.132 0.1428571492
70989  -40.291  -7.346  -1.249 0.1428571492
74281  -40.313  -4.786  -0.648 0.1428571492
74282  -41.133  -4.652  -0.290 0.1428571492
73232  -42.004  -5.607  0.357 0.1428571492
69798  -40.294  -7.939  -1.244 0.1428571492
69776  -41.110  -8.004  -0.357 0.1428571492
72152  -42.052  -6.652  1.870 0.1428571492
69757  -41.332  -8.277  0.286 0.1428571492
69743  -41.489  -8.544  1.106 0.1428571492
69744  -41.738  -8.318  1.882 0.1428571492
66234  -35.899  -11.057  1.102 0.1428571492
68586  -40.406  -10.302  2.175 0.1428571492
67473  -39.667  -10.405  2.197 0.1428571492
66181  -39.002  -11.762  3.043 0.1428571492
68560  -41.966  -10.205  4.289 0.1428571492
67418  -42.533  -10.842  4.786 0.1428571492
66200  -40.013  -11.522  3.027 0.1428571492
54951  -28.212  -21.469  0.720 0.1428571492
57254  -28.892  -19.731  -0.054 0.1428571492
56114  -27.482  -20.066  -1.124 0.1428571492
56115  -27.960  -19.813  -1.012 0.1428571492
57275  -28.564  -19.386  -1.139 0.1428571492
57276  -29.175  -18.871  -1.306 0.1428571492
58441  -29.132  -18.034  -2.002 0.1428571492
59549  -29.674  -17.120  -2.469 0.1428571492
59531  -30.034  -17.497  -1.915 0.1428571492
59550  -30.322  -16.843  -2.243 0.1428571492
59530  -28.751  -17.948  -1.974 0.1428571492
60691  -29.128  -16.299  -2.893 0.1428571492
60692  -30.107  -16.599  -2.924 0.1428571492
61802  -29.727  -15.304  -3.539 0.1428571492
62864  -30.996  -14.526  -4.478 0.1428571492
62850  -30.344  -14.797  -3.879 0.1428571492
63951  -31.777  -13.822  -4.678 0.1428571492
65112  -32.445  -12.868  -4.455 0.1428571492
65113  -32.747  -12.476  -5.108 0.2857142985
68761  -35.089  -10.535  -7.942 0.4285714328
68770  -36.470  -9.613  -8.988 0.4285714328
82928  -35.011  3.234  -12.011 0.2857142985
83951  -34.618  4.259  -11.790 0.2857142985
83937  -34.854  4.629  -11.097 0.2857142985
88040  -32.609  8.612  -13.684 0.2857142985
88041  -33.286  8.919  -13.161 0.2857142985
89071  -33.280  10.222  -13.408 0.2857142985
62851  -31.159  -14.971  -3.746 0.1428571492
63950  -30.807  -13.786  -4.867 0.1428571492
63965  -31.771  -13.366  -5.102 0.2857142985
58429  -28.796  -18.468  -1.690 0.1428571492
59548  -28.780  -17.339  -2.261 0.1428571492
60706  -29.403  -15.761  -3.321 0.1428571492
62863  -30.195  -14.074  -4.276 0.1428571492
63964  -31.376  -13.319  -5.223 0.2857142985
65129  -32.061  -12.875  -5.419 0.2857142985
67639  -33.829  -10.906  -6.473 0.4285714328
67640  -34.240  -10.690  -6.950 0.4285714328
67650  -35.026  -10.616  -8.266 0.2857142985
82927  -34.557  3.311  -12.501 0.2857142985
83963  -34.102  4.404  -12.751 0.2857142985
84968  -34.059  5.245  -12.167 0.2857142985
86002  -33.729  6.625  -12.297 0.2857142985
87011  -33.161  7.744  -13.297 0.2857142985
86016  -32.331  6.909  -14.129 0.2857142985
65130  -33.015  -12.292  -5.918 0.2857142985
81904  -34.438  2.109  -12.739 0.2857142985
84989  -33.595  4.912  -13.249 0.2857142985
84976  -33.487  5.815  -13.126 0.2857142985
84967  -33.702  5.945  -12.508 0.2857142985
85985  -33.707  6.396  -12.363 0.2857142985
86017  -33.012  6.619  -13.637 0.2857142985
86999  -33.685  7.779  -12.473 0.2857142985
83980  -33.621  4.147  -13.249 0.2857142985
83979  -33.067  4.378  -13.592 0.2857142985
68751  -34.970  -10.247  -7.494 0.4285714328
60693  -30.667  -16.354  -2.600 0.1428571492
66377  -33.376  -11.589  -5.816 0.4285714328
86001  -33.533  6.738  -12.743 0.2857142985
60707  -29.931  -16.003  -3.311 0.1428571492
56101  -28.204  -20.481  -0.473 0.1428571492
58442  -29.492  -17.718  -2.094 0.1428571492
67649  -34.538  -10.652  -7.766 0.4285714328
66393  -33.460  -11.448  -6.701 0.4285714328
84988  -33.054  5.418  -13.653 0.2857142985
67664  -37.637  -10.122  -10.088 0.2857142985
68776  -36.737  -10.193  -9.495 0.2857142985
69907  -36.101  -8.095  -9.261 0.2857142985
102436  -36.153  23.159  -14.278 0.1428571492
101596  -36.601  22.577  -13.510 0.1428571492
101582  -35.980  22.230  -12.849 0.1428571492
100681  -35.979  21.172  -11.626 0.1428571492
99704  -36.505  20.541  -11.214 0.1428571492
130095  -35.892  23.568  -14.811 0.1428571492
100695  -35.463  21.654  -12.322 0.1428571492
100693  -33.273  21.426  -13.255 0.1428571492
101593  -33.247  22.569  -13.870 0.1428571492
69913  -36.707  -8.793  -9.922 0.2857142985
69912  -35.653  -8.330  -10.001 0.2857142985
100683  -37.512  20.922  -11.882 0.1428571492
101597  -37.417  22.171  -13.295 0.1428571492
99690  -36.157  19.936  -10.830 0.1428571492
100696  -36.507  21.686  -12.241 0.1428571492
100682  -36.967  21.077  -11.755 0.1428571492
98772  -35.339  19.418  -11.161 0.1428571492
100694  -34.355  21.373  -12.598 0.1428571492
99703  -35.494  20.253  -11.376 0.1428571492
101594  -34.415  22.861  -13.652 0.1428571492
101580  -33.793  22.166  -13.208 0.1428571492
100707  -32.916  21.831  -13.713 0.1428571492
100680  -35.143  21.009  -11.937 0.1428571492
68762  -35.627  -10.069  -8.252 0.2857142985
101595  -35.534  22.733  -13.586 0.1428571492
102435  -35.198  23.329  -14.348 0.1428571492
101583  -36.875  22.130  -12.798 0.1428571492
101581  -34.896  22.253  -12.939 0.1428571492
102444  -35.174  24.039  -15.386 0.1428571492
81916  -33.851  2.729  -13.170 0.1428571492
82941  -33.906  3.603  -13.056 0.1428571492
84987  -32.582  5.932  -14.264 0.1428571492
84997  -30.161  5.465  -14.326 0.1428571492
86029  -30.726  6.579  -14.411 0.1428571492
80853  -34.929  1.285  -12.389 0.1428571492
87021  -30.211  7.625  -14.528 0.1428571492
88049  -30.509  8.474  -14.952 0.1428571492
89077  -30.897  9.489  -15.033 0.2857142985
74411  -35.138  -4.379  -10.638 0.2857142985
77533  -34.269  -0.958  -12.419 0.1428571492
79788  -35.026  0.393  -12.622 0.1428571492
80852  -34.302  1.350  -12.826 0.1428571492
84903  -38.371  4.762  -6.765 0.1428571492
82940  -33.301  3.446  -13.471 0.1428571492
87010  -32.435  7.740  -13.791 0.1428571492
89070  -32.392  9.666  -14.262 0.1428571492
89078  -31.712  9.313  -14.693 0.1428571492
89068  -31.106  9.866  -14.922 0.2857142985
90125  -31.843  10.799  -14.740 0.2857142985
93448  -30.690  13.833  -13.681 0.2857142985
94392  -30.777  15.218  -14.021 0.2857142985
97821  -31.345  18.401  -11.626 0.1428571492
95205  -31.013  15.902  -9.606 0.1428571492
91216  -32.130  12.050  -14.299 0.2857142985
93451  -33.086  13.717  -13.728 0.2857142985
92356  -32.065  13.184  -14.457 0.2857142985
92355  -31.164  12.900  -14.238 0.2857142985
93450  -32.497  13.981  -14.250 0.2857142985
93449  -31.527  14.107  -14.353 0.2857142985
96083  -30.672  16.507  -13.054 0.1428571492
93437  -30.026  13.904  -12.760 0.2857142985
97807  -31.413  18.577  -10.289 0.1428571492
92346  -30.083  12.590  -13.364 0.1428571492
90132  -30.253  9.812  -14.887 0.2857142985
95243  -30.479  15.692  -12.701 0.1428571492
94368  -30.274  14.845  -12.184 0.2857142985
95227  -30.817  15.693  -11.588 0.1428571492
94354  -30.541  14.712  -11.153 0.1428571492
88047  -28.890  8.455  -14.381 0.2857142985
93427  -30.180  13.979  -11.607 0.1428571492
94336  -30.592  15.404  -9.394 0.1428571492
87008  -27.735  7.417  -13.106 0.1428571492
81809  -39.868  2.551  -6.633 0.1428571492
77526  -34.409  -1.634  -11.746 0.1428571492
79787  -34.196  0.575  -12.875 0.1428571492
84882  -39.259  5.105  -6.581 0.1428571492
79798  -33.615  0.764  -13.174 0.1428571492
81923  -32.300  2.813  -13.895 0.1428571492
82951  -32.453  3.589  -14.001 0.1428571492
83992  -32.659  4.151  -13.982 0.1428571492
84998  -31.185  5.426  -14.750 0.1428571492
87020  -29.456  7.713  -14.224 0.1428571492
88051  -31.886  8.811  -14.099 0.1428571492
89076  -29.952  9.203  -15.121 0.2857142985
91215  -30.891  11.573  -14.168 0.1428571492
91207  -29.963  11.545  -13.747 0.1428571492
93415  -30.315  13.820  -10.303 0.1428571492
94344  -30.526  14.660  -10.452 0.1428571492
96073  -30.675  16.281  -12.337 0.1428571492
95204  -30.708  15.291  -9.767 0.1428571492
95217  -31.260  16.046  -10.670 0.1428571492
82827  -39.442  3.588  -6.802 0.1428571492
83891  -38.816  4.228  -6.775 0.1428571492
83875  -39.405  3.992  -6.641 0.1428571492
93459  -32.055  14.555  -14.606 0.2857142985
96059  -31.311  16.782  -11.030 0.1428571492
94382  -30.882  14.611  -14.041 0.2857142985
94381  -30.501  14.856  -13.316 0.2857142985
95258  -30.660  15.866  -13.677 0.2857142985
91208  -33.377  12.092  -13.268 0.2857142985
77515  -34.631  -1.778  -11.218 0.1428571492
76449  -34.021  -2.479  -11.166 0.1428571492
92358  -33.282  13.186  -13.417 0.2857142985
81789  -39.906  2.389  -6.162 0.1428571492
92347  -33.315  12.490  -13.324 0.2857142985
89079  -32.000  9.315  -14.435 0.1428571492
90126  -32.765  10.993  -14.070 0.1428571492
80863  -33.680  1.525  -13.230 0.1428571492
82952  -32.841  3.730  -13.763 0.1428571492
83978  -32.629  4.883  -14.098 0.1428571492
81915  -33.009  2.458  -13.587 0.1428571492
80862  -32.774  1.560  -13.563 0.1428571492
84999  -32.086  5.216  -14.646 0.1428571492
86030  -31.681  6.485  -14.451 0.1428571492
87022  -31.022  7.601  -14.537 0.1428571492
87023  -31.707  7.706  -14.165 0.1428571492
88048  -29.624  8.412  -14.847 0.1428571492
88050  -31.308  8.585  -14.662 0.1428571492
78679  -34.634  -0.246  -12.649 0.1428571492
89069  -31.536  9.917  -14.942 0.2857142985
90124  -30.808  10.228  -14.629 0.2857142985
91217  -33.124  11.915  -13.588 0.2857142985
92335  -30.079  12.983  -12.044 0.1428571492
92357  -32.786  12.925  -13.903 0.2857142985
91214  -30.111  10.947  -14.185 0.1428571492
95216  -30.848  15.225  -10.412 0.1428571492
65127  -30.117  -12.204  -5.319 0.1428571492
65142  -31.657  -12.314  -6.021 0.1428571492
65143  -32.322  -12.243  -6.286 0.1428571492
66375  -30.382  -11.524  -5.682 0.1428571492
67636  -30.775  -10.479  -6.487 0.1428571492
67637  -31.778  -10.681  -6.937 0.1428571492
66391  -31.599  -11.545  -6.418 0.1428571492
67646  -32.099  -10.340  -7.374 0.1428571492
66392  -32.512  -11.524  -6.816 0.1428571492
65144  -32.868  -11.992  -6.504 0.1428571492
68760  -32.666  -9.793  -7.910 0.1428571492
66403  -33.778  -10.677  -7.840 0.1428571492
66394  -34.009  -10.918  -7.240 0.1428571492
66404  -33.995  -10.672  -8.086 0.1428571492
66402  -34.061  -10.785  -7.816 0.1428571492
68759  -31.794  -9.410  -7.713 0.1428571492
68766  -32.885  -9.389  -8.554 0.1428571492
67654  -35.229  -10.449  -8.869 0.1428571492
67662  -35.964  -10.252  -10.232 0.1428571492
71102  -34.909  -7.748  -9.882 0.1428571492
72302  -34.994  -6.813  -9.673 0.1428571492
90131  -29.534  9.727  -14.841 0.1428571492
65111  -29.828  -12.597  -4.956 0.1428571492
72308  -35.037  -5.768  -9.914 0.1428571492
65128  -31.064  -12.497  -5.583 0.1428571492
67657  -35.660  -10.488  -9.643 0.1428571492
66376  -31.158  -11.853  -5.949 0.1428571492
67638  -32.441  -10.885  -7.207 0.1428571492
67647  -32.767  -10.424  -7.590 0.1428571492
66400  -32.955  -11.177  -7.259 0.1428571492
67652  -33.679  -10.292  -8.182 0.1428571492
66401  -33.523  -10.895  -7.453 0.1428571492
68767  -33.942  -10.049  -8.745 0.1428571492
65126  -29.444  -12.090  -5.097 0.1428571492
60652  -30.883  -16.249  -0.288 0.4285714328
60694  -30.989  -15.916  -2.448 0.2857142985
63878  -31.888  -14.056  -0.615 0.1428571492
66358  -32.811  -12.202  -4.545 0.2857142985
67489  -36.763  -10.316  1.048 0.1428571492
67621  -33.660  -10.991  -5.958 0.4285714328
67648  -33.411  -10.499  -7.779 0.1428571492
67651  -33.061  -9.915  -7.965 0.1428571492
67653  -34.398  -10.508  -8.438 0.1428571492
67658  -36.534  -10.485  -9.854 0.1428571492
67659  -37.196  -10.310  -9.825 0.2857142985
67663  -36.882  -10.193  -10.219 0.2857142985
68598  -37.334  -10.069  1.178 0.1428571492
68637  -40.520  -9.082  -0.640 0.1428571492
68722  -37.622  -9.395  -3.983 0.4285714328
68768  -34.319  -10.241  -8.898 0.1428571492
68769  -35.999  -10.169  -9.189 0.2857142985
68774  -34.195  -10.120  -9.112 0.1428571492
68775  -36.281  -10.392  -9.564 0.1428571492
68780  -35.330  -9.694  -10.559 0.1428571492
68781  -36.282  -9.778  -10.487 0.1428571492
68782  -37.069  -9.531  -10.331 0.2857142985
68783  -37.775  -9.658  -9.999 0.2857142985
69709  -43.854  -8.397  4.600 0.1428571492
69796  -39.501  -9.065  -1.872 0.2857142985
69840  -36.381  -9.246  -4.113 0.7142857313
69861  -36.147  -9.135  -4.398 0.7142857313
69906  -35.371  -7.951  -9.520 0.2857142985
69914  -37.433  -9.282  -9.853 0.2857142985
70948  -41.729  -7.385  0.733 0.1428571492
71031  -38.324  -7.356  -3.945 0.2857142985
71052  -38.361  -7.813  -3.943 0.4285714328
71095  -34.976  -7.074  -9.634 0.2857142985
71101  -34.786  -7.104  -9.861 0.1428571492
72121  -43.091  -6.902  4.239 0.1428571492
72122  -43.689  -6.907  4.261 0.1428571492
72201  -39.989  -6.962  -1.425 0.1428571492
72307  -34.724  -6.359  -10.101 0.1428571492
73284  -38.992  -5.452  -2.113 0.2857142985
74228  -43.433  -4.785  3.222 0.1428571492
74242  -44.004  -4.229  2.816 0.1428571492
74298  -38.879  -4.552  -2.015 0.2857142985
74299  -39.229  -4.845  -1.767 0.1428571492
76450  -34.543  -2.211  -10.962 0.1428571492
78680  -35.238  -0.110  -12.348 0.2857142985
79743  -38.783  0.491  -8.048 0.4285714328
79777  -36.007  0.244  -11.461 0.5714285970
80834  -35.978  2.008  -10.925 0.8571428657
81849  -37.295  2.614  -8.731 0.8571428657
81914  -32.422  2.114  -13.803 0.1428571492
81924  -32.767  3.182  -13.748 0.1428571492
82878  -36.191  3.635  -9.859 1.0000000000
82900  -36.356  3.100  -9.934 1.0000000000
82914  -34.878  3.570  -11.945 0.2857142985
82950  -31.961  3.525  -14.270 0.1428571492
83991  -32.265  4.262  -14.329 0.1428571492
84977  -33.867  5.279  -12.818 0.2857142985
86919  -35.596  7.886  -7.363 0.8571428657
87979  -35.850  8.398  -7.087 0.5714285970
87980  -36.593  8.148  -6.719 0.2857142985
87987  -35.203  8.461  -7.741 0.7142857313
87988  -35.593  8.845  -7.299 0.5714285970
88013  -33.677  8.625  -10.776 0.8571428657
88014  -33.820  8.099  -10.369 0.7142857313
89021  -34.806  9.252  -7.909 0.7142857313
89033  -34.020  9.165  -9.860 0.8571428657
89075  -29.098  9.179  -14.828 0.2857142985
90082  -35.136  10.632  -7.973 0.7142857313
90133  -30.665  9.851  -14.930 0.2857142985
91218  -33.385  11.678  -13.278 0.2857142985
92306  -30.382  13.541  -10.268 0.1428571492
92324  -30.404  13.606  -10.513 0.1428571492
93400  -30.298  13.655  -10.472 0.1428571492
93414  -30.334  14.032  -10.581 0.1428571492
93458  -31.707  14.747  -14.595 0.2857142985
94339  -36.613  14.633  -8.634 0.2857142985
95209  -37.277  16.019  -8.913 0.1428571492
95219  -34.922  16.274  -10.187 0.4285714328
96034  -38.243  15.759  -9.056 0.1428571492
96102  -33.794  16.301  -13.111 0.7142857313
96937  -38.528  17.383  -10.171 0.1428571492
96967  -30.982  17.076  -13.285 0.2857142985
96990  -31.979  18.456  -15.530 0.4285714328
96991  -32.353  18.704  -15.407 0.4285714328
97808  -34.735  18.175  -11.163 0.2857142985
97846  -32.727  18.830  -14.636 0.2857142985
97857  -31.711  18.956  -15.631 0.4285714328
98773  -38.081  20.015  -11.206 0.1428571492
98796  -31.723  19.499  -15.577 0.4285714328
98797  -32.412  19.266  -15.192 0.4285714328
98802  -32.894  19.096  -15.070 0.2857142985
99689  -35.698  19.739  -10.993 0.1428571492
101603  -37.166  22.531  -13.714 0.1428571492
101604  -37.572  22.424  -13.894 0.1428571492
130091  -32.669  18.989  -15.008 0.4285714328
130092  -32.569  18.966  -15.247 0.4285714328
130093  -32.621  19.046  -15.174 0.4285714328
130094  -32.641  19.052  -15.036 0.4285714328
130097  -36.210  23.413  -14.672 0.1428571492
