#!ascii label  , from subject sub.01.bl.01 vox2ras=TkReg
1073
108509  44.100  29.598  11.673 0.0000000000
113350  49.147  36.496  13.122 0.0000000000
104319  50.409  23.320  15.327 0.0000000000
107106  39.928  27.897  15.912 0.0000000000
104994  41.971  23.947  14.708 0.0000000000
114008  47.573  37.646  9.809 0.0000000000
115280  46.010  39.815  18.696 0.0000000000
115991  45.328  40.770  15.220 0.0000000000
103539  51.650  22.533  21.072 0.0000000000
103584  45.754  22.606  18.709 0.0000000000
109801  48.884  32.362  7.562 0.0000000000
106401  47.944  25.988  12.232 0.0000000000
109068  46.096  30.449  14.054 0.0000000000
107796  49.079  28.858  19.641 0.0000000000
117433  42.457  42.236  11.137 0.0000000000
116038  48.348  40.924  10.690 0.0000000000
102095  44.501  20.571  10.145 0.0000000000
107847  42.107  29.128  13.648 0.0000000000
106366  41.360  25.885  16.145 0.0000000000
107114  43.277  27.350  13.835 0.0000000000
111308  46.070  32.918  10.534 0.0000000000
109728  43.414  31.564  12.796 0.0000000000
116630  45.261  41.941  20.551 0.0000000000
103522  52.366  22.403  24.295 0.0000000000
102766  50.263  21.518  22.797 0.0000000000
101961  51.172  20.197  26.123 0.0000000000
118176  43.354  43.621  6.674 0.0000000000
112045  50.013  34.506  10.060 0.0000000000
109751  47.217  31.761  10.724 0.0000000000
111261  48.471  33.109  12.977 0.0000000000
111195  46.575  33.271  20.450 0.0000000000
109694  47.491  31.881  18.325 0.0000000000
109017  48.129  31.053  20.800 0.0000000000
107758  50.224  28.304  22.222 0.0000000000
115989  47.620  40.670  15.424 0.0000000000
116709  46.989  41.948  13.696 0.0000000000
114644  48.485  38.543  12.376 0.0000000000
114019  49.415  37.306  9.196 0.0000000000
105668  49.160  25.168  13.145 0.0000000000
104365  47.052  22.718  11.826 0.0000000000
102892  48.432  21.342  12.584 0.0000000000
104322  38.947  23.287  14.895 0.0000000000
104371  39.553  23.057  11.345 0.0000000000
116752  47.226  41.297  9.328 0.0000000000
115332  45.760  39.294  11.106 0.0000000000
114622  46.259  38.650  15.107 0.0000000000
112005  48.605  34.709  15.619 0.0000000000
115963  40.127  41.336  17.914 0.0000000000
115314  41.816  39.817  15.548 0.0000000000
116677  46.993  41.164  17.624 0.0000000000
103578  50.944  23.168  18.296 0.0000000000
103607  48.049  22.639  16.289 0.0000000000
103554  49.763  22.275  20.001 0.0000000000
102791  46.429  21.777  21.740 0.0000000000
109778  45.926  30.866  8.999 0.0000000000
107144  45.570  27.576  10.988 0.0000000000
107877  47.231  28.388  8.909 0.0000000000
107852  47.877  28.351  12.091 0.0000000000
107101  48.626  27.333  14.685 0.0000000000
110433  47.776  32.294  15.741 0.0000000000
107823  46.723  28.483  16.680 0.0000000000
106355  49.949  26.432  17.351 0.0000000000
106338  51.322  26.563  20.090 0.0000000000
105587  51.397  25.485  23.113 0.0000000000
118149  41.450  43.313  8.335 0.0000000000
118132  44.028  44.274  9.428 0.0000000000
117429  45.978  43.206  11.744 0.0000000000
118116  47.483  43.978  9.450 0.0000000000
116054  48.397  40.272  8.721 0.0000000000
112065  48.474  34.858  8.138 0.0000000000
104991  44.675  24.436  14.206 0.0000000000
103676  43.397  22.529  10.390 0.0000000000
102124  40.841  20.867  8.830 0.0000000000
102862  44.740  21.621  15.217 0.0000000000
107855  43.048  29.110  12.634 0.0000000000
107115  42.396  27.807  14.108 0.0000000000
107136  43.647  28.244  12.411 0.0000000000
109754  44.760  31.356  11.245 0.0000000000
110495  44.985  32.520  11.483 0.0000000000
109084  43.652  30.289  12.230 0.0000000000
109076  42.704  30.422  13.203 0.0000000000
102743  52.616  21.637  26.030 0.0000000000
101965  52.605  20.785  25.682 0.0000000000
101959  52.914  20.529  26.766 0.0000000000
103667  36.926  22.287  11.901 0.0000000000
112727  50.148  35.519  11.954 0.0000000000
111287  49.939  33.667  12.011 0.0000000000
112022  49.670  34.547  13.728 0.0000000000
110388  45.601  32.615  20.679 0.0000000000
110386  47.395  32.053  20.433 0.0000000000
114639  48.048  38.274  13.661 0.0000000000
115319  48.212  39.131  13.246 0.0000000000
113364  49.105  37.044  12.503 0.0000000000
113380  49.609  36.460  11.217 0.0000000000
104989  49.885  24.237  14.304 0.0000000000
103654  49.355  22.031  12.140 0.0000000000
103631  49.804  22.055  13.800 0.0000000000
107096  39.399  27.851  16.407 0.0000000000
106368  39.721  26.802  16.768 0.0000000000
104982  41.566  24.373  15.451 0.0000000000
104983  40.630  24.089  15.607 0.0000000000
104320  41.010  23.727  14.769 0.0000000000
104338  39.306  23.205  13.814 0.0000000000
104356  41.011  23.122  12.947 0.0000000000
115354  47.119  39.717  9.600 0.0000000000
116039  46.400  40.755  10.093 0.0000000000
114662  46.749  38.772  10.377 0.0000000000
108482  40.385  29.657  15.193 0.0000000000
107824  39.302  28.904  16.264 0.0000000000
115296  45.830  39.246  16.592 0.0000000000
113955  45.651  37.543  15.579 0.0000000000
114603  45.096  38.946  17.288 0.0000000000
116649  46.772  41.359  19.688 0.0000000000
116667  46.141  41.341  18.781 0.0000000000
115957  47.224  40.665  18.657 0.0000000000
115294  47.186  40.367  17.090 0.0000000000
104282  51.372  23.513  19.479 0.0000000000
103566  50.700  22.280  18.851 0.0000000000
102805  51.158  21.761  20.439 0.0000000000
101977  49.067  20.733  24.530 0.0000000000
102777  48.186  21.725  22.298 0.0000000000
102761  47.056  21.045  23.773 0.0000000000
109790  46.896  31.086  7.648 0.0000000000
108533  46.687  29.179  8.240 0.0000000000
109121  47.878  30.172  7.935 0.0000000000
109739  46.512  31.319  12.131 0.0000000000
108507  46.930  29.705  11.199 0.0000000000
108500  47.251  28.917  12.575 0.0000000000
107836  48.169  27.977  13.608 0.0000000000
107837  47.587  28.265  14.139 0.0000000000
111993  47.739  34.743  16.554 0.0000000000
111242  49.023  33.535  15.747 0.0000000000
111222  48.503  33.579  17.338 0.0000000000
108460  48.031  29.852  19.275 0.0000000000
108468  46.826  29.809  17.988 0.0000000000
107805  47.515  28.861  18.440 0.0000000000
107084  48.629  26.998  17.106 0.0000000000
107073  49.512  26.988  18.258 0.0000000000
106345  50.621  26.277  18.564 0.0000000000
107051  50.789  27.801  20.234 0.0000000000
106303  49.472  26.690  22.552 0.0000000000
106302  50.293  26.924  22.645 0.0000000000
118122  41.329  43.226  10.103 0.0000000000
118133  42.951  43.829  9.347 0.0000000000
118120  43.433  43.671  10.094 0.0000000000
115993  43.180  40.002  15.577 0.0000000000
116014  42.466  40.301  13.733 0.0000000000
116002  44.391  40.610  14.355 0.0000000000
116720  47.502  41.801  12.622 0.0000000000
117419  46.286  42.510  12.565 0.0000000000
117427  47.396  42.504  11.751 0.0000000000
118109  46.438  43.917  11.070 0.0000000000
117444  47.967  42.502  10.281 0.0000000000
116750  48.397  41.471  9.134 0.0000000000
116037  48.625  40.779  10.022 0.0000000000
112064  49.544  34.704  8.036 0.0000000000
112768  49.031  35.747  7.550 0.0000000000
111354  48.639  33.797  7.744 0.0000000000
111339  47.082  32.529  8.535 0.0000000000
107133  46.402  26.944  11.837 0.0000000000
106394  44.900  26.485  13.341 0.0000000000
105671  46.110  25.044  13.394 0.0000000000
102931  46.031  21.361  9.765 0.0000000000
103660  44.720  22.572  11.398 0.0000000000
102934  43.976  21.396  8.953 0.0000000000
103691  41.991  22.234  9.078 0.0000000000
102110  42.176  20.739  9.269 0.0000000000
103595  46.857  22.787  17.505 0.0000000000
103623  45.917  22.104  15.685 0.0000000000
103610  44.758  22.388  16.849 0.0000000000
107117  40.830  28.264  14.857 0.0000000000
106377  40.825  27.212  15.716 0.0000000000
106385  41.836  27.419  14.703 0.0000000000
106375  42.823  26.136  15.268 0.0000000000
105654  42.920  25.318  15.271 0.0000000000
112746  47.543  35.475  10.222 0.0000000000
108488  41.573  29.772  14.174 0.0000000000
104263  52.313  22.604  23.121 0.0000000000
102774  51.691  21.811  21.694 0.0000000000
102756  52.162  21.367  23.843 0.0000000000
101976  50.319  20.828  24.582 0.0000000000
110534  49.383  32.847  8.562 0.0000000000
109775  48.369  31.632  8.643 0.0000000000
110507  48.717  32.975  10.530 0.0000000000
110492  47.822  32.647  11.407 0.0000000000
110462  47.162  32.446  13.236 0.0000000000
111950  46.705  34.276  19.368 0.0000000000
111214  47.752  33.480  18.689 0.0000000000
111203  47.360  33.247  19.732 0.0000000000
109680  47.760  31.631  20.288 0.0000000000
109016  48.993  30.562  20.660 0.0000000000
107783  50.313  28.934  21.175 0.0000000000
108423  49.433  29.634  21.533 0.0000000000
107034  48.549  27.893  21.735 0.0000000000
106317  47.690  26.823  21.712 0.0000000000
116738  41.092  41.394  11.789 0.0000000000
116690  47.206  41.216  15.641 0.0000000000
116700  45.932  41.192  14.761 0.0000000000
116698  47.300  41.238  14.588 0.0000000000
115324  47.773  39.959  12.548 0.0000000000
115329  48.169  39.460  11.749 0.0000000000
114660  48.784  38.566  10.060 0.0000000000
114006  49.236  37.446  10.377 0.0000000000
112745  49.760  35.436  9.501 0.0000000000
105677  48.392  25.619  12.595 0.0000000000
105002  46.988  24.125  12.904 0.0000000000
104348  48.650  23.340  12.504 0.0000000000
102911  47.618  21.667  11.967 0.0000000000
102912  46.546  20.984  11.531 0.0000000000
102818  44.164  22.124  19.863 0.0000000000
103598  44.054  22.300  18.157 0.0000000000
104973  38.281  24.155  16.675 0.0000000000
105647  39.826  25.543  16.994 0.0000000000
104972  39.276  24.367  16.574 0.0000000000
104323  37.937  23.388  14.906 0.0000000000
104339  38.248  23.226  13.927 0.0000000000
104373  37.827  22.856  12.217 0.0000000000
103681  37.849  22.284  10.546 0.0000000000
117464  46.093  42.567  9.162 0.0000000000
116040  45.073  40.894  10.571 0.0000000000
113957  47.412  37.633  14.089 0.0000000000
112707  48.498  35.412  14.219 0.0000000000
113330  47.007  36.258  14.768 0.0000000000
112693  46.398  35.896  15.478 0.0000000000
111995  45.716  35.083  16.573 0.0000000000
111964  46.329  34.523  18.531 0.0000000000
111952  44.657  34.348  19.402 0.0000000000
115983  41.360  39.981  16.585 0.0000000000
115981  43.016  40.099  16.542 0.0000000000
115980  43.979  40.301  16.357 0.0000000000
116685  46.420  41.083  16.830 0.0000000000
115977  47.512  40.859  16.458 0.0000000000
115312  47.462  39.512  15.005 0.0000000000
104297  50.599  23.452  17.121 0.0000000000
103605  49.893  22.021  15.936 0.0000000000
103592  49.848  22.353  16.950 0.0000000000
103581  48.978  22.644  18.155 0.0000000000
103569  47.735  22.649  19.335 0.0000000000
103537  50.022  22.041  21.508 0.0000000000
103543  47.466  22.260  21.022 0.0000000000
103558  45.613  22.200  20.640 0.0000000000
109103  44.986  30.227  10.427 0.0000000000
107145  44.839  28.113  10.961 0.0000000000
107869  45.314  28.797  9.737 0.0000000000
107153  46.515  27.475  10.210 0.0000000000
107152  47.507  27.321  10.353 0.0000000000
109100  47.377  30.286  9.774 0.0000000000
107859  48.087  27.550  10.742 0.0000000000
107141  48.344  26.971  11.207 0.0000000000
107131  49.117  26.633  12.649 0.0000000000
107111  49.328  26.774  13.604 0.0000000000
105660  50.131  25.274  14.881 0.0000000000
111259  49.573  33.858  14.331 0.0000000000
110460  48.517  32.942  14.461 0.0000000000
109717  46.359  31.479  14.595 0.0000000000
109701  47.579  32.018  17.338 0.0000000000
109056  46.391  30.600  16.582 0.0000000000
108486  46.269  29.447  14.685 0.0000000000
107103  47.152  27.897  15.689 0.0000000000
106365  49.295  26.608  16.087 0.0000000000
105644  50.406  25.643  16.467 0.0000000000
105634  50.734  25.314  17.995 0.0000000000
104952  51.313  24.455  19.136 0.0000000000
104939  51.613  24.782  21.227 0.0000000000
107031  51.348  27.612  21.607 0.0000000000
105601  51.600  25.755  22.092 0.0000000000
104932  51.715  24.545  22.419 0.0000000000
104909  51.479  24.137  24.077 0.0000000000
118162  42.364  43.381  7.438 0.0000000000
118147  43.597  44.205  8.618 0.0000000000
118790  45.109  45.047  8.210 0.0000000000
116710  45.864  41.717  13.467 0.0000000000
117431  44.248  42.678  11.258 0.0000000000
118111  45.005  43.445  10.855 0.0000000000
118769  46.092  45.071  9.629 0.0000000000
118767  47.199  44.670  8.861 0.0000000000
117462  47.754  42.618  9.216 0.0000000000
116764  48.210  41.027  8.665 0.0000000000
114684  48.235  38.642  8.285 0.0000000000
114682  49.288  37.850  7.782 0.0000000000
114030  48.622  37.558  7.731 0.0000000000
112755  48.002  35.659  9.477 0.0000000000
111322  47.676  33.868  9.278 0.0000000000
109765  45.600  31.306  9.807 0.0000000000
107124  44.401  27.075  12.789 0.0000000000
105663  44.095  25.206  14.686 0.0000000000
104334  43.333  23.716  13.987 0.0000000000
104351  45.616  23.391  12.834 0.0000000000
104353  43.744  23.500  13.169 0.0000000000
104355  42.034  23.324  12.893 0.0000000000
103663  41.420  22.932  11.351 0.0000000000
103693  39.663  22.431  9.445 0.0000000000
103633  48.227  21.641  14.384 0.0000000000
102877  46.109  21.327  14.071 0.0000000000
102914  44.552  20.585  12.486 0.0000000000
102850  43.613  21.852  16.403 0.0000000000
102082  43.120  20.450  11.662 0.0000000000
101177  52.266  19.251  27.939 0.0000000000
101180  49.674  19.118  26.979 0.0000000000
108502  43.572  29.628  12.176 0.0000000000
107137  43.124  28.721  12.692 0.0000000000
107854  43.506  29.024  12.117 0.0000000000
109092  44.585  30.277  11.108 0.0000000000
109755  44.229  30.854  11.799 0.0000000000
109093  44.160  30.237  11.737 0.0000000000
108503  43.075  29.680  12.649 0.0000000000
102731  52.717  21.278  27.173 0.0000000000
113349  49.549  36.161  12.929 0.0000000000
112029  50.053  34.564  12.606 0.0000000000
112717  49.631  35.580  13.111 0.0000000000
113963  48.018  37.527  13.589 0.0000000000
113962  48.532  37.614  13.032 0.0000000000
113363  49.587  36.349  12.412 0.0000000000
104330  50.165  23.346  14.551 0.0000000000
103630  50.014  22.744  14.207 0.0000000000
103618  50.181  22.595  14.728 0.0000000000
107095  40.165  27.361  16.107 0.0000000000
104337  40.416  23.307  13.818 0.0000000000
104336  41.467  23.462  13.889 0.0000000000
114661  47.288  38.475  9.911 0.0000000000
114675  47.200  38.961  9.712 0.0000000000
114009  47.128  38.045  10.571 0.0000000000
107831  40.428  28.918  15.147 0.0000000000
108483  39.829  29.578  15.742 0.0000000000
107832  39.855  28.507  15.796 0.0000000000
114614  45.193  38.661  16.721 0.0000000000
115288  45.521  39.334  17.553 0.0000000000
115270  46.780  40.423  19.306 0.0000000000
115950  47.271  41.085  19.022 0.0000000000
115279  46.797  40.321  18.949 0.0000000000
115287  46.866  40.216  17.903 0.0000000000
104275  51.522  23.498  20.565 0.0000000000
103552  51.347  22.411  19.882 0.0000000000
102760  47.502  21.145  23.818 0.0000000000
109803  47.971  31.227  7.168 0.0000000000
109133  47.795  30.582  7.331 0.0000000000
109131  48.368  31.259  7.589 0.0000000000
109075  46.357  30.396  12.778 0.0000000000
108501  46.747  29.543  12.182 0.0000000000
108494  46.759  29.224  13.379 0.0000000000
108493  47.190  28.877  13.047 0.0000000000
111977  48.128  34.375  17.677 0.0000000000
111976  48.739  34.037  17.342 0.0000000000
108459  48.742  29.541  19.648 0.0000000000
107804  48.384  28.872  19.140 0.0000000000
107065  48.766  28.372  19.137 0.0000000000
107074  48.326  27.855  18.467 0.0000000000
107064  49.317  27.957  19.254 0.0000000000
107063  50.438  27.341  19.499 0.0000000000
107795  49.938  28.563  20.282 0.0000000000
105590  48.907  25.944  22.702 0.0000000000
117450  41.875  42.730  10.589 0.0000000000
118121  42.348  43.404  10.056 0.0000000000
117449  42.881  42.932  10.602 0.0000000000
115992  44.211  40.371  15.364 0.0000000000
116034  47.989  40.968  11.215 0.0000000000
116733  47.865  41.750  11.446 0.0000000000
116743  48.268  41.489  10.580 0.0000000000
116742  48.365  41.801  9.890 0.0000000000
110549  49.195  33.055  7.697 0.0000000000
111353  49.302  34.030  7.747 0.0000000000
110550  48.616  32.544  7.610 0.0000000000
110536  47.675  32.224  7.696 0.0000000000
106402  46.944  26.454  12.243 0.0000000000
106392  47.152  25.739  12.967 0.0000000000
102094  45.446  20.641  9.857 0.0000000000
102945  45.259  21.334  9.141 0.0000000000
102108  44.692  20.939  9.332 0.0000000000
102109  43.627  20.905  9.374 0.0000000000
102096  43.324  20.556  10.395 0.0000000000
103596  45.779  22.675  17.703 0.0000000000
103609  45.856  22.525  16.701 0.0000000000
103597  44.833  22.610  17.934 0.0000000000
107116  41.502  28.198  14.369 0.0000000000
107104  41.143  27.588  15.067 0.0000000000
106384  42.645  26.988  14.674 0.0000000000
106374  43.421  25.660  14.980 0.0000000000
111290  46.231  33.683  10.752 0.0000000000
112038  46.245  34.148  10.975 0.0000000000
111291  45.800  33.425  11.028 0.0000000000
110479  44.453  32.404  12.123 0.0000000000
111276  44.472  33.068  12.289 0.0000000000
108496  42.140  29.767  13.694 0.0000000000
107839  41.579  29.126  14.057 0.0000000000
107840  40.958  28.821  14.510 0.0000000000
104251  52.282  22.827  23.579 0.0000000000
103531  52.394  22.161  23.357 0.0000000000
101966  51.916  20.429  25.425 0.0000000000
101975  51.501  20.840  24.637 0.0000000000
101967  50.844  20.531  25.381 0.0000000000
101968  49.566  20.374  25.414 0.0000000000
101962  50.252  20.275  26.008 0.0000000000
118194  43.363  43.492  5.702 0.0000000000
111320  49.779  33.702  9.315 0.0000000000
110521  49.298  33.148  9.757 0.0000000000
111304  49.666  33.659  10.641 0.0000000000
111274  49.133  33.428  12.605 0.0000000000
111289  48.440  33.068  11.547 0.0000000000
111275  48.430  33.126  12.108 0.0000000000
110478  46.961  32.251  12.356 0.0000000000
110477  47.773  32.780  12.637 0.0000000000
111204  46.942  33.873  19.910 0.0000000000
109666  47.307  31.616  20.649 0.0000000000
109031  48.897  30.403  20.245 0.0000000000
108437  49.597  30.095  21.066 0.0000000000
109005  48.922  30.420  21.308 0.0000000000
107768  48.048  28.827  21.462 0.0000000000
107035  47.319  27.842  21.305 0.0000000000
106316  48.442  27.178  21.841 0.0000000000
116000  47.644  40.530  14.290 0.0000000000
115323  48.196  39.213  12.826 0.0000000000
114647  48.609  38.477  11.260 0.0000000000
112737  49.984  35.447  10.691 0.0000000000
113391  49.594  36.398  9.987 0.0000000000
112054  49.835  34.570  8.886 0.0000000000
105676  48.815  25.554  12.747 0.0000000000
105669  48.401  24.996  12.881 0.0000000000
105000  48.843  24.188  12.995 0.0000000000
102891  49.125  21.481  12.466 0.0000000000
102910  48.622  21.693  12.051 0.0000000000
102893  47.446  21.246  12.662 0.0000000000
104974  37.354  24.080  16.673 0.0000000000
106367  40.693  26.463  16.350 0.0000000000
105646  40.837  25.432  16.473 0.0000000000
104984  39.645  23.807  15.760 0.0000000000
104310  38.615  23.623  15.852 0.0000000000
104357  39.822  23.078  12.483 0.0000000000
104358  38.563  23.085  12.854 0.0000000000
104372  38.731  22.993  11.556 0.0000000000
103666  38.053  22.705  11.322 0.0000000000
104378  38.847  22.884  11.082 0.0000000000
117475  47.312  43.089  8.773 0.0000000000
117445  46.747  42.109  9.351 0.0000000000
115342  46.252  39.524  10.578 0.0000000000
115343  45.522  40.006  10.868 0.0000000000
115333  44.962  39.315  11.270 0.0000000000
113958  46.829  37.747  14.529 0.0000000000
113339  47.227  36.517  14.395 0.0000000000
113340  46.834  37.206  14.540 0.0000000000
113332  45.742  36.668  15.578 0.0000000000
112679  46.121  35.429  16.041 0.0000000000
112669  44.152  35.374  17.261 0.0000000000
111965  45.219  34.474  18.517 0.0000000000
115984  40.393  40.248  16.314 0.0000000000
115972  40.845  40.394  17.404 0.0000000000
115971  41.815  40.315  17.432 0.0000000000
115970  42.767  40.299  17.400 0.0000000000
116666  46.952  41.262  18.636 0.0000000000
116678  46.319  41.158  17.811 0.0000000000
116686  45.654  40.786  17.017 0.0000000000
116684  47.058  41.175  16.650 0.0000000000
115304  46.357  39.302  15.769 0.0000000000
115303  47.228  40.072  16.151 0.0000000000
114631  46.898  38.472  14.634 0.0000000000
104290  50.779  23.616  17.974 0.0000000000
103591  50.370  22.654  16.599 0.0000000000
103579  50.531  22.816  17.833 0.0000000000
103567  49.904  22.274  18.996 0.0000000000
103568  48.846  22.530  19.168 0.0000000000
103582  47.878  22.817  18.347 0.0000000000
103555  48.652  22.394  20.111 0.0000000000
102765  51.403  21.462  22.705 0.0000000000
102775  50.663  21.704  21.652 0.0000000000
102778  47.138  21.564  22.441 0.0000000000
102790  47.352  21.910  21.712 0.0000000000
103545  45.995  21.972  21.254 0.0000000000
102792  45.359  21.707  21.409 0.0000000000
109102  45.401  30.208  9.724 0.0000000000
108515  45.304  29.464  9.766 0.0000000000
108524  45.619  29.367  9.221 0.0000000000
107885  46.789  28.510  8.467 0.0000000000
107172  46.313  28.137  8.665 0.0000000000
107162  47.068  27.744  9.481 0.0000000000
106417  47.019  27.060  10.696 0.0000000000
110523  48.040  31.770  9.355 0.0000000000
109776  47.811  31.057  9.033 0.0000000000
108506  47.332  28.964  11.561 0.0000000000
108513  47.293  29.138  10.392 0.0000000000
107860  47.869  28.254  11.007 0.0000000000
107851  48.361  27.624  11.591 0.0000000000
107132  48.849  26.962  12.099 0.0000000000
107112  48.773  27.406  13.724 0.0000000000
106381  49.224  26.977  14.278 0.0000000000
106380  49.727  26.268  14.325 0.0000000000
106373  49.258  26.788  15.077 0.0000000000
112016  48.779  34.929  14.730 0.0000000000
112706  49.222  35.145  14.095 0.0000000000
112015  49.336  34.478  14.864 0.0000000000
110432  48.477  33.081  16.196 0.0000000000
110445  48.501  32.910  15.281 0.0000000000
110447  47.024  32.312  14.134 0.0000000000
110434  47.148  31.986  14.992 0.0000000000
110408  47.584  32.656  19.009 0.0000000000
110416  48.067  32.964  17.775 0.0000000000
107815  46.826  29.032  17.744 0.0000000000
108475  46.467  29.669  17.163 0.0000000000
109062  46.043  30.566  15.652 0.0000000000
108480  46.145  29.532  15.934 0.0000000000
107830  46.748  28.408  15.364 0.0000000000
107094  46.906  27.995  16.017 0.0000000000
107083  49.383  26.685  17.401 0.0000000000
106356  49.468  26.560  16.862 0.0000000000
106364  50.060  26.238  16.389 0.0000000000
106363  50.340  25.957  16.954 0.0000000000
105643  50.518  25.237  17.053 0.0000000000
106354  50.483  26.016  17.628 0.0000000000
106339  51.035  26.453  19.384 0.0000000000
105626  51.140  25.462  18.907 0.0000000000
105620  51.300  25.889  19.656 0.0000000000
104946  51.412  24.511  20.065 0.0000000000
105619  51.487  25.674  20.402 0.0000000000
107766  49.930  28.848  21.846 0.0000000000
107764  51.142  28.105  21.320 0.0000000000
107032  51.150  28.009  22.083 0.0000000000
105588  50.660  26.061  23.129 0.0000000000
106301  51.229  26.869  22.513 0.0000000000
104925  51.650  24.331  23.361 0.0000000000
118135  40.666  43.260  9.380 0.0000000000
118136  39.676  43.050  9.263 0.0000000000
118150  40.249  42.884  8.233 0.0000000000
118791  44.482  44.600  8.783 0.0000000000
118781  44.576  44.592  9.245 0.0000000000
117420  45.613  42.581  12.156 0.0000000000
116722  45.689  42.233  12.644 0.0000000000
117430  45.081  42.881  11.458 0.0000000000
117447  44.574  43.254  10.908 0.0000000000
118110  45.546  43.711  10.976 0.0000000000
118108  47.267  43.563  10.800 0.0000000000
118117  46.795  44.542  10.139 0.0000000000
118768  46.955  45.093  9.173 0.0000000000
118130  47.453  43.581  8.838 0.0000000000
116763  48.420  40.777  8.758 0.0000000000
116055  48.250  40.500  8.620 0.0000000000
115361  48.205  39.644  8.555 0.0000000000
114659  49.207  38.090  9.366 0.0000000000
114673  48.949  38.823  8.955 0.0000000000
114672  49.339  38.086  8.493 0.0000000000
112769  48.883  35.840  7.694 0.0000000000
113414  48.874  36.503  7.631 0.0000000000
113407  48.552  36.629  8.037 0.0000000000
113399  48.335  36.801  8.522 0.0000000000
112754  48.404  35.722  8.748 0.0000000000
112056  47.846  34.939  9.417 0.0000000000
111321  48.063  34.138  8.881 0.0000000000
109777  46.452  31.415  8.461 0.0000000000
110524  46.587  32.234  8.945 0.0000000000
110525  46.116  31.624  9.229 0.0000000000
107135  44.584  27.622  11.969 0.0000000000
106404  45.045  27.004  12.470 0.0000000000
105672  45.417  25.741  13.689 0.0000000000
106382  44.669  25.781  14.065 0.0000000000
104333  44.250  23.784  13.891 0.0000000000
104350  46.594  23.376  12.536 0.0000000000
104366  46.139  22.852  11.982 0.0000000000
103675  44.425  22.404  10.415 0.0000000000
104368  44.193  23.160  12.281 0.0000000000
103661  43.720  22.851  11.454 0.0000000000
104369  43.247  23.199  12.449 0.0000000000
103662  42.458  23.037  11.792 0.0000000000
103646  41.598  23.151  12.253 0.0000000000
103677  42.250  22.569  10.337 0.0000000000
103704  42.057  21.974  8.446 0.0000000000
103692  40.745  22.635  9.203 0.0000000000
103706  40.426  22.155  8.573 0.0000000000
103707  39.684  21.730  8.776 0.0000000000
102950  40.142  21.307  8.634 0.0000000000
103606  49.008  22.248  16.218 0.0000000000
103620  49.106  21.777  15.179 0.0000000000
103621  48.135  22.156  15.321 0.0000000000
102861  45.575  21.617  14.829 0.0000000000
103635  46.349  21.794  14.972 0.0000000000
102895  45.228  20.837  13.193 0.0000000000
102878  44.922  21.090  14.219 0.0000000000
102840  42.406  21.858  17.497 0.0000000000
102839  43.323  22.015  17.363 0.0000000000
102851  42.523  21.675  16.484 0.0000000000
107846  42.567  29.087  13.107 0.0000000000
107127  42.173  28.586  13.749 0.0000000000
107126  42.965  28.188  13.244 0.0000000000
109753  45.359  31.824  10.626 0.0000000000
109740  44.390  31.764  11.983 0.0000000000
109741  43.797  31.262  12.370 0.0000000000
109729  42.936  31.387  13.182 0.0000000000
109085  43.151  30.300  12.692 0.0000000000
108495  42.623  29.720  13.167 0.0000000000
103506  52.350  22.219  25.178 0.0000000000
102753  52.482  21.523  24.994 0.0000000000
101960  52.175  20.173  26.284 0.0000000000
112037  50.178  34.499  11.345 0.0000000000
111273  49.729  33.814  13.215 0.0000000000
111196  45.399  33.467  20.618 0.0000000000
110387  46.797  32.358  20.562 0.0000000000
109018  47.072  30.660  20.885 0.0000000000
115320  48.003  39.436  13.631 0.0000000000
114638  48.315  38.712  13.171 0.0000000000
113974  48.862  37.730  12.058 0.0000000000
113989  49.318  37.149  11.179 0.0000000000
113973  49.281  37.060  11.792 0.0000000000
104999  49.429  24.214  13.518 0.0000000000
104347  49.268  23.297  12.935 0.0000000000
104331  49.766  23.149  13.727 0.0000000000
102873  49.443  21.739  12.905 0.0000000000
102874  49.173  21.350  13.200 0.0000000000
105645  41.347  25.381  16.154 0.0000000000
104970  41.174  24.811  16.105 0.0000000000
104321  39.979  23.573  14.795 0.0000000000
116048  47.175  40.592  9.461 0.0000000000
114648  46.140  38.894  11.036 0.0000000000
109064  40.365  30.433  15.272 0.0000000000
107825  38.690  28.429  16.701 0.0000000000
113954  46.260  37.653  15.008 0.0000000000
114623  45.695  38.360  15.716 0.0000000000
116629  46.104  41.864  20.622 0.0000000000
116650  45.756  41.545  19.729 0.0000000000
116648  47.056  41.249  19.120 0.0000000000
115956  47.411  41.044  18.263 0.0000000000
115966  47.407  40.830  17.473 0.0000000000
115286  47.242  40.468  17.524 0.0000000000
115295  46.584  39.703  16.879 0.0000000000
103565  51.142  22.856  18.771 0.0000000000
103553  50.806  21.855  19.922 0.0000000000
102758  49.718  21.170  23.750 0.0000000000
102767  49.014  21.463  22.955 0.0000000000
102759  48.526  21.202  23.822 0.0000000000
102768  47.871  21.441  23.133 0.0000000000
102769  46.829  21.134  23.303 0.0000000000
109791  46.475  30.531  8.289 0.0000000000
109123  46.494  29.762  8.308 0.0000000000
109122  47.138  30.108  7.755 0.0000000000
108532  47.212  29.234  8.320 0.0000000000
109752  46.696  31.146  11.202 0.0000000000
109101  47.081  30.374  10.407 0.0000000000
109083  46.567  30.401  11.716 0.0000000000
107843  48.449  27.716  12.731 0.0000000000
107844  47.573  28.500  13.166 0.0000000000
107113  48.181  27.763  14.247 0.0000000000
112004  49.301  34.269  15.886 0.0000000000
111991  49.272  34.115  16.358 0.0000000000
111232  49.017  33.787  16.620 0.0000000000
110424  48.052  32.536  16.768 0.0000000000
109040  47.482  30.823  18.748 0.0000000000
109048  47.258  31.219  18.133 0.0000000000
108461  47.302  29.832  18.507 0.0000000000
107806  47.059  29.367  18.203 0.0000000000
107814  47.221  28.334  17.585 0.0000000000
107822  47.215  27.986  17.038 0.0000000000
107075  47.599  28.111  18.054 0.0000000000
106346  50.170  26.510  18.064 0.0000000000
107072  50.174  26.753  18.605 0.0000000000
107062  51.087  27.016  19.805 0.0000000000
107023  49.576  27.722  22.230 0.0000000000
107022  50.705  27.901  22.369 0.0000000000
118123  40.490  43.091  10.276 0.0000000000
118134  41.867  43.498  9.294 0.0000000000
116004  42.133  39.902  14.845 0.0000000000
116003  43.351  40.217  14.520 0.0000000000
116721  47.281  41.928  13.240 0.0000000000
117411  46.701  42.241  13.229 0.0000000000
117418  47.120  42.433  12.827 0.0000000000
117428  46.790  43.105  11.843 0.0000000000
117461  48.213  42.128  9.640 0.0000000000
117443  48.241  42.172  9.885 0.0000000000
116046  48.642  40.493  9.039 0.0000000000
115360  48.566  39.618  8.777 0.0000000000
112753  49.560  35.503  8.501 0.0000000000
113406  49.425  36.442  8.069 0.0000000000
112761  49.286  35.621  7.852 0.0000000000
112074  49.131  34.852  7.681 0.0000000000
111337  48.204  34.004  8.525 0.0000000000
111338  47.726  32.954  8.301 0.0000000000
110537  47.007  32.066  7.976 0.0000000000
107143  46.379  27.188  11.120 0.0000000000
107134  45.662  27.284  11.862 0.0000000000
106403  45.885  26.826  12.575 0.0000000000
106393  46.137  26.153  13.194 0.0000000000
105661  45.536  24.919  13.737 0.0000000000
103658  46.600  22.279  11.262 0.0000000000
103659  45.694  22.386  11.314 0.0000000000
103674  45.298  22.152  10.488 0.0000000000
103690  43.178  22.031  9.330 0.0000000000
102935  42.930  21.380  8.617 0.0000000000
103594  48.076  22.864  17.235 0.0000000000
103622  47.072  22.226  15.551 0.0000000000
103608  46.942  22.600  16.481 0.0000000000
103624  45.077  22.225  16.043 0.0000000000
107105  40.408  27.935  15.469 0.0000000000
106376  41.680  26.662  15.502 0.0000000000
105655  41.982  25.395  15.776 0.0000000000
104981  42.462  24.627  15.230 0.0000000000
113392  47.460  36.564  10.409 0.0000000000
113381  47.094  36.561  10.959 0.0000000000
112739  46.378  35.279  11.530 0.0000000000
111292  44.977  33.710  11.789 0.0000000000
109077  42.187  30.493  13.738 0.0000000000
109070  41.609  30.545  14.278 0.0000000000
108489  40.957  29.716  14.648 0.0000000000
116628  46.333  41.562  20.972 0.0000000000
115934  46.755  40.971  20.487 0.0000000000
103535  52.005  22.501  22.036 0.0000000000
102773  52.139  22.022  22.261 0.0000000000
102757  50.951  21.196  23.721 0.0000000000
101974  52.278  20.906  24.882 0.0000000000
109787  49.072  32.202  7.793 0.0000000000
109788  48.555  31.517  7.917 0.0000000000
110535  48.931  32.071  8.382 0.0000000000
110522  48.725  32.373  9.306 0.0000000000
110508  47.929  32.242  10.140 0.0000000000
111305  49.194  33.322  10.751 0.0000000000
110491  48.496  33.048  11.225 0.0000000000
110493  46.903  31.909  11.526 0.0000000000
109727  46.470  31.600  13.318 0.0000000000
111963  47.301  34.302  18.511 0.0000000000
111962  47.902  34.046  18.470 0.0000000000
111949  47.404  33.932  19.182 0.0000000000
109688  47.618  31.727  19.464 0.0000000000
111194  47.184  32.701  20.324 0.0000000000
110398  47.526  32.380  19.958 0.0000000000
109032  48.383  30.906  19.939 0.0000000000
108451  48.741  30.157  19.899 0.0000000000
108450  49.297  29.782  20.307 0.0000000000
108449  49.945  29.505  20.842 0.0000000000
108436  49.899  29.497  21.391 0.0000000000
107767  48.988  28.937  21.725 0.0000000000
107033  49.284  28.387  21.913 0.0000000000
107024  48.837  27.369  21.951 0.0000000000
106304  48.623  26.705  22.153 0.0000000000
105591  47.941  25.808  22.482 0.0000000000
117434  41.449  42.094  11.197 0.0000000000
115990  45.885  40.982  15.595 0.0000000000
116699  46.650  41.454  14.672 0.0000000000
116708  47.393  41.394  13.637 0.0000000000
116010  47.658  40.692  13.179 0.0000000000
116022  47.710  40.933  12.127 0.0000000000
115330  47.857  40.311  11.696 0.0000000000
116033  48.262  40.346  10.979 0.0000000000
115341  48.493  39.560  10.568 0.0000000000
113398  49.492  36.393  8.898 0.0000000000
111336  49.667  33.779  8.245 0.0000000000
105670  47.464  24.916  13.073 0.0000000000
106391  47.884  25.415  12.710 0.0000000000
105001  48.042  24.121  12.807 0.0000000000
104349  47.734  23.130  12.274 0.0000000000
103644  48.586  22.707  11.974 0.0000000000
103656  48.104  22.229  11.908 0.0000000000
103657  47.372  22.085  11.410 0.0000000000
102923  47.057  21.487  11.178 0.0000000000
102079  46.095  20.732  10.433 0.0000000000
102080  45.450  20.522  10.868 0.0000000000
103585  44.826  22.510  18.907 0.0000000000
103586  44.054  22.270  19.064 0.0000000000
104971  40.281  24.596  16.374 0.0000000000
104311  37.651  23.665  15.827 0.0000000000
104324  37.089  23.568  14.888 0.0000000000
104359  37.635  23.077  13.103 0.0000000000
116744  46.616  41.783  9.553 0.0000000000
116745  45.627  41.900  9.882 0.0000000000
113991  47.116  37.216  10.846 0.0000000000
113992  46.319  37.844  11.419 0.0000000000
113351  48.054  36.600  13.608 0.0000000000
112718  48.826  35.826  13.658 0.0000000000
112719  48.266  35.860  13.867 0.0000000000
112708  47.798  35.802  14.230 0.0000000000
112691  48.059  35.172  14.850 0.0000000000
113331  46.645  36.550  14.941 0.0000000000
112692  47.182  35.763  14.978 0.0000000000
112006  47.694  35.045  15.568 0.0000000000
112678  46.989  35.341  15.922 0.0000000000
111994  46.571  34.920  16.676 0.0000000000
111978  47.011  34.566  17.589 0.0000000000
111951  45.732  34.413  19.437 0.0000000000
111940  46.145  34.040  20.148 0.0000000000
115297  41.318  39.837  16.245 0.0000000000
115994  42.192  39.905  15.902 0.0000000000
115979  44.973  40.547  16.200 0.0000000000
116668  45.130  41.225  18.860 0.0000000000
115968  44.733  40.512  17.167 0.0000000000
115978  45.814  40.854  16.094 0.0000000000
116691  46.400  41.155  15.710 0.0000000000
114630  47.634  38.682  14.235 0.0000000000
104307  50.516  23.340  16.190 0.0000000000
103604  50.313  22.553  15.611 0.0000000000
103593  48.999  22.596  17.151 0.0000000000
103580  49.889  22.426  17.979 0.0000000000
104299  48.479  22.741  17.112 0.0000000000
103583  46.764  22.724  18.530 0.0000000000
103570  46.681  22.556  19.482 0.0000000000
102787  51.115  21.717  20.803 0.0000000000
103540  50.443  21.959  20.761 0.0000000000
103541  49.509  22.166  20.993 0.0000000000
102776  49.390  21.873  21.914 0.0000000000
102788  48.906  22.066  21.350 0.0000000000
103542  48.408  22.266  20.900 0.0000000000
103556  47.588  22.471  20.227 0.0000000000
103571  45.688  22.480  19.674 0.0000000000
103559  44.930  22.192  20.467 0.0000000000
108508  44.547  29.573  11.070 0.0000000000
107862  44.073  28.988  11.629 0.0000000000
107861  44.573  28.942  11.033 0.0000000000
107155  45.047  28.520  10.423 0.0000000000
107154  45.566  27.968  10.024 0.0000000000
107878  45.773  28.720  8.914 0.0000000000
107164  45.761  28.166  9.087 0.0000000000
106411  47.034  26.806  11.315 0.0000000000
106410  47.793  26.588  11.430 0.0000000000
109789  48.170  30.898  8.269 0.0000000000
109110  47.690  30.349  8.726 0.0000000000
108523  47.397  29.334  9.063 0.0000000000
108514  47.079  29.959  10.513 0.0000000000
107868  47.620  28.078  9.972 0.0000000000
107867  47.842  27.503  10.450 0.0000000000
107142  47.923  26.903  10.791 0.0000000000
106409  48.383  26.530  11.857 0.0000000000
106400  48.785  26.163  12.439 0.0000000000
106390  49.126  25.854  12.876 0.0000000000
107123  49.122  27.097  12.942 0.0000000000
107122  49.261  26.592  13.076 0.0000000000
106389  49.430  26.054  13.369 0.0000000000
105667  49.629  25.228  13.933 0.0000000000
104988  50.274  24.203  15.076 0.0000000000
111260  48.971  33.326  13.751 0.0000000000
111251  49.470  33.894  15.346 0.0000000000
111252  49.046  33.414  14.836 0.0000000000
110461  47.993  32.743  13.704 0.0000000000
110415  48.362  33.299  17.385 0.0000000000
109709  47.425  31.935  16.513 0.0000000000
109695  47.259  31.435  17.690 0.0000000000
109702  46.977  31.401  16.955 0.0000000000
109710  46.663  31.503  15.801 0.0000000000
109711  46.027  31.059  15.172 0.0000000000
109063  45.855  30.530  15.002 0.0000000000
107838  46.890  28.644  14.309 0.0000000000
107829  47.180  28.224  14.702 0.0000000000
107102  47.637  27.760  15.083 0.0000000000
107093  47.485  27.649  16.353 0.0000000000
107092  48.491  27.166  15.724 0.0000000000
106372  49.917  26.210  15.403 0.0000000000
105652  50.326  25.589  15.798 0.0000000000
104979  50.443  24.152  15.842 0.0000000000
104969  50.543  24.239  16.658 0.0000000000
104959  50.674  24.375  17.522 0.0000000000
104953  50.995  24.469  18.339 0.0000000000
104289  51.149  23.634  18.634 0.0000000000
104267  51.752  23.490  21.701 0.0000000000
107794  50.510  27.987  20.225 0.0000000000
107050  51.183  27.469  20.474 0.0000000000
106331  51.562  26.703  20.930 0.0000000000
107021  51.171  27.679  22.195 0.0000000000
106315  51.559  26.629  21.723 0.0000000000
105612  51.630  25.943  21.292 0.0000000000
104264  52.075  23.269  22.841 0.0000000000
104252  51.979  23.546  23.771 0.0000000000
104234  52.203  23.081  24.065 0.0000000000
103523  52.137  22.742  24.841 0.0000000000
118161  43.424  43.918  7.688 0.0000000000
118148  42.600  43.690  8.468 0.0000000000
118799  44.316  44.460  7.918 0.0000000000
118779  46.021  45.290  8.663 0.0000000000
116737  42.108  41.538  11.669 0.0000000000
116001  45.248  40.983  14.126 0.0000000000
116011  45.111  41.242  13.561 0.0000000000
117432  43.422  42.434  11.154 0.0000000000
117448  43.866  43.178  10.708 0.0000000000
118119  44.762  44.039  10.198 0.0000000000
118118  45.882  44.499  10.399 0.0000000000
118770  45.500  44.718  9.873 0.0000000000
118778  46.705  44.867  8.475 0.0000000000
118777  47.207  44.253  8.571 0.0000000000
116751  47.807  41.617  8.822 0.0000000000
116047  47.733  40.550  8.842 0.0000000000
114674  47.672  38.842  9.079 0.0000000000
115352  48.676  39.683  9.498 0.0000000000
114683  48.838  38.645  7.953 0.0000000000
114039  49.266  37.224  7.721 0.0000000000
114691  49.063  37.866  7.489 0.0000000000
114031  48.393  38.189  7.954 0.0000000000
114021  48.045  37.717  8.445 0.0000000000
113400  47.998  36.534  9.405 0.0000000000
112046  47.358  34.360  9.991 0.0000000000
111307  46.714  33.478  10.233 0.0000000000
111323  47.167  32.851  9.191 0.0000000000
110509  46.652  32.672  9.610 0.0000000000
110510  46.100  32.301  9.984 0.0000000000
109766  45.086  30.877  10.476 0.0000000000
107853  44.193  28.476  11.689 0.0000000000
107125  43.766  27.550  12.921 0.0000000000
106395  43.963  26.915  13.416 0.0000000000
106383  43.750  26.344  14.350 0.0000000000
105653  43.439  25.252  15.027 0.0000000000
104980  43.287  24.797  14.978 0.0000000000
104993  42.878  24.155  14.612 0.0000000000
105003  45.989  24.041  13.266 0.0000000000
104332  45.126  23.890  13.613 0.0000000000
104367  45.159  22.911  12.195 0.0000000000
104352  44.670  23.480  13.026 0.0000000000
104354  42.884  23.409  13.218 0.0000000000
104335  42.420  23.618  13.939 0.0000000000
103647  40.825  23.035  12.094 0.0000000000
103664  40.405  22.993  11.322 0.0000000000
103678  41.094  22.688  10.257 0.0000000000
103679  39.878  22.908  10.409 0.0000000000
103619  49.826  21.988  14.905 0.0000000000
103632  49.164  21.512  14.163 0.0000000000
102875  48.325  21.298  13.438 0.0000000000
103634  47.185  21.728  14.666 0.0000000000
102876  47.282  21.304  13.687 0.0000000000
102894  46.343  21.027  12.863 0.0000000000
102913  45.427  20.648  12.062 0.0000000000
102081  44.309  20.477  11.414 0.0000000000
103611  44.105  22.232  17.338 0.0000000000
102849  44.337  21.931  15.959 0.0000000000
102863  43.669  21.376  15.354 0.0000000000
102864  42.671  21.295  15.492 0.0000000000
102879  43.878  20.898  14.430 0.0000000000
102896  44.061  20.659  13.312 0.0000000000
102068  43.806  20.534  12.334 0.0000000000
102097  42.137  20.652  10.868 0.0000000000
101182  52.877  19.913  27.575 0.0000000000
101184  51.329  19.710  26.811 0.0000000000
101179  50.480  19.173  27.182 0.0000000000
101185  50.189  19.746  26.607 0.0000000000
101178  51.428  19.141  27.448 0.0000000000
101183  52.295  19.753  27.117 0.0000000000
102093  46.039  20.905  9.715 0.0000000000
102106  45.820  21.084  9.247 0.0000000000
102107  45.458  20.992  9.209 0.0000000000
102120  45.596  21.149  9.125 0.0000000000
102121  45.469  21.032  8.973 0.0000000000
102122  41.565  21.103  8.348 0.0000000000
102123  41.459  20.954  8.611 0.0000000000
102131  41.363  21.257  8.286 0.0000000000
102132  40.853  20.949  8.283 0.0000000000
102133  41.000  21.029  8.415 0.0000000000
102764  52.130  21.754  22.728 0.0000000000
102786  51.382  21.941  20.649 0.0000000000
102789  48.291  22.020  21.548 0.0000000000
102804  51.231  21.885  20.209 0.0000000000
102806  45.072  22.029  20.771 0.0000000000
102890  49.348  21.818  12.381 0.0000000000
102908  49.310  21.834  12.079 0.0000000000
102909  49.199  21.755  12.085 0.0000000000
102924  46.354  21.292  10.569 0.0000000000
102932  45.302  21.139  8.977 0.0000000000
102933  44.877  21.328  8.989 0.0000000000
102944  45.649  21.363  9.344 0.0000000000
102946  44.827  21.620  9.137 0.0000000000
102947  41.762  21.327  8.388 0.0000000000
102948  42.053  21.485  8.549 0.0000000000
102949  40.700  21.117  8.449 0.0000000000
102955  41.605  21.516  8.383 0.0000000000
102956  41.136  21.536  8.232 0.0000000000
102957  40.668  21.432  8.318 0.0000000000
102958  40.152  21.584  8.373 0.0000000000
103490  52.188  22.259  25.620 0.0000000000
103507  51.718  22.847  25.269 0.0000000000
103534  52.252  22.323  22.710 0.0000000000
103536  50.236  21.990  21.231 0.0000000000
103544  46.577  22.118  21.147 0.0000000000
103557  46.598  22.378  20.379 0.0000000000
103572  44.696  22.354  19.862 0.0000000000
103573  44.101  22.180  19.571 0.0000000000
103642  49.504  22.342  12.830 0.0000000000
103643  49.183  22.652  12.209 0.0000000000
103645  42.005  23.230  12.325 0.0000000000
103655  48.958  22.108  11.721 0.0000000000
103665  38.480  22.802  11.177 0.0000000000
103672  46.784  21.776  10.921 0.0000000000
103673  46.149  21.847  10.514 0.0000000000
103680  38.773  22.702  10.667 0.0000000000
103687  45.684  21.787  9.817 0.0000000000
103688  45.005  22.048  9.714 0.0000000000
103689  44.387  21.985  9.306 0.0000000000
103701  45.336  21.644  9.363 0.0000000000
103702  44.938  21.765  9.228 0.0000000000
103703  44.679  21.814  9.154 0.0000000000
103705  41.327  22.072  8.500 0.0000000000
103712  41.384  21.963  8.239 0.0000000000
103713  40.900  21.857  8.202 0.0000000000
103714  40.304  21.738  8.343 0.0000000000
103715  39.974  21.723  8.404 0.0000000000
104298  48.644  22.659  16.953 0.0000000000
104308  48.640  22.578  16.692 0.0000000000
104309  48.380  22.713  16.860 0.0000000000
104364  47.599  22.500  11.836 0.0000000000
104370  42.633  23.252  12.614 0.0000000000
104377  39.123  22.932  11.010 0.0000000000
104898  51.478  23.881  24.350 0.0000000000
104990  45.409  24.580  13.733 0.0000000000
104992  43.805  24.263  14.573 0.0000000000
105625  51.347  25.205  19.614 0.0000000000
105651  50.458  24.980  16.223 0.0000000000
105659  50.367  24.866  15.559 0.0000000000
105662  45.152  25.101  14.020 0.0000000000
106305  47.927  26.313  22.075 0.0000000000
106399  49.207  26.277  12.849 0.0000000000
106416  47.517  26.893  10.853 0.0000000000
107085  47.659  27.706  17.480 0.0000000000
107151  48.009  27.193  10.643 0.0000000000
107163  46.333  27.787  9.272 0.0000000000
107171  46.808  27.963  8.805 0.0000000000
107173  45.980  28.400  8.640 0.0000000000
107757  50.482  28.436  22.116 0.0000000000
107765  50.851  28.387  21.732 0.0000000000
107781  51.216  27.925  21.057 0.0000000000
107782  50.847  28.248  20.792 0.0000000000
107845  47.194  28.651  13.745 0.0000000000
107870  44.952  28.920  10.393 0.0000000000
107886  46.290  28.621  8.449 0.0000000000
107887  45.988  28.673  8.553 0.0000000000
108422  49.764  29.371  21.589 0.0000000000
108481  45.898  30.016  15.196 0.0000000000
108487  45.929  30.169  14.692 0.0000000000
108516  44.933  29.539  10.402 0.0000000000
108534  46.049  29.147  8.518 0.0000000000
109041  47.073  30.294  18.267 0.0000000000
109049  46.877  30.682  17.726 0.0000000000
109069  45.908  30.493  14.599 0.0000000000
109091  46.825  30.401  10.898 0.0000000000
109111  45.964  29.975  8.799 0.0000000000
109120  48.266  30.942  7.742 0.0000000000
109132  48.189  30.930  7.421 0.0000000000
109665  47.663  31.616  20.570 0.0000000000
109718  45.926  30.841  14.665 0.0000000000
109742  43.247  30.865  12.725 0.0000000000
109763  47.539  31.349  9.887 0.0000000000
109764  47.052  30.894  10.452 0.0000000000
109802  48.458  31.737  7.552 0.0000000000
109804  47.480  30.874  7.317 0.0000000000
110423  48.434  33.251  17.019 0.0000000000
110446  47.912  32.394  14.698 0.0000000000
110494  45.637  32.597  10.729 0.0000000000
110506  49.260  33.287  10.405 0.0000000000
110551  48.075  31.952  7.484 0.0000000000
110552  47.510  31.554  7.445 0.0000000000
111223  48.306  33.793  17.943 0.0000000000
111231  49.307  33.887  16.373 0.0000000000
111241  49.403  33.933  16.119 0.0000000000
111288  49.007  33.341  11.430 0.0000000000
111306  47.259  33.881  9.863 0.0000000000
111355  48.185  32.639  7.763 0.0000000000
111992  48.823  34.337  16.646 0.0000000000
112047  46.911  34.641  10.700 0.0000000000
112055  48.160  34.582  8.823 0.0000000000
112075  48.851  35.169  7.719 0.0000000000
112762  48.719  35.795  7.929 0.0000000000
113413  49.147  36.498  7.664 0.0000000000
113990  49.013  37.628  11.248 0.0000000000
114007  48.841  37.996  10.733 0.0000000000
114020  48.382  37.217  8.103 0.0000000000
114029  49.436  37.272  8.275 0.0000000000
114040  49.071  37.271  7.496 0.0000000000
114690  49.174  37.586  7.582 0.0000000000
115298  41.068  39.797  16.190 0.0000000000
115305  45.737  38.918  16.175 0.0000000000
115306  41.842  39.846  15.796 0.0000000000
115307  41.520  39.794  15.948 0.0000000000
115313  46.689  39.072  15.044 0.0000000000
115315  41.370  39.734  15.258 0.0000000000
115331  46.078  39.260  10.962 0.0000000000
115353  47.709  39.716  8.940 0.0000000000
115951  46.961  40.674  19.505 0.0000000000
115962  40.502  41.041  18.093 0.0000000000
115967  47.316  40.683  18.094 0.0000000000
115982  42.164  40.082  16.686 0.0000000000
115995  41.810  39.934  16.279 0.0000000000
116012  44.554  40.947  13.589 0.0000000000
116680  39.946  41.481  17.786 0.0000000000
116692  45.908  41.056  15.332 0.0000000000
117410  46.980  42.233  13.306 0.0000000000
117417  47.343  42.256  12.400 0.0000000000
117446  46.466  42.177  9.447 0.0000000000
117463  47.049  42.314  9.146 0.0000000000
118131  44.617  44.497  9.531 0.0000000000
118780  45.136  44.898  9.274 0.0000000000
