#!ascii label  , from subject sub.01.bl.01 vox2ras=TkReg
1523
70620  52.885  -10.333  36.972 0.0000000000
47472  40.704  -29.162  52.453 0.0000000000
44945  26.923  -31.142  58.476 0.0000000000
47384  21.435  -29.677  60.426 0.0000000000
41589  36.582  -34.520  60.462 0.0000000000
43900  30.425  -32.369  51.454 0.0000000000
65891  46.673  -14.472  38.368 0.0000000000
73039  50.964  -7.997  32.482 0.0000000000
64584  47.905  -15.464  47.087 0.0000000000
55026  40.240  -23.786  45.673 0.0000000000
50027  32.086  -27.671  43.542 0.0000000000
42610  28.508  -32.577  62.754 0.0000000000
44927  23.131  -31.775  59.395 0.0000000000
43682  24.965  -31.802  64.657 0.0000000000
43779  31.951  -32.410  59.591 0.0000000000
68175  50.936  -12.165  46.550 0.0000000000
47419  43.990  -29.541  57.386 0.0000000000
49916  45.796  -27.363  53.074 0.0000000000
54927  44.476  -23.136  50.469 0.0000000000
48730  41.392  -28.072  48.105 0.0000000000
51222  37.370  -26.736  44.108 0.0000000000
48718  36.124  -28.322  48.419 0.0000000000
47525  25.706  -29.287  49.478 0.0000000000
45159  26.520  -31.071  46.239 0.0000000000
71803  53.692  -9.109  35.270 0.0000000000
68351  53.752  -12.506  33.139 0.0000000000
47459  23.755  -29.593  53.290 0.0000000000
46249  20.225  -30.821  53.873 0.0000000000
43823  39.197  -32.843  56.621 0.0000000000
46257  35.205  -29.963  52.346 0.0000000000
42684  33.903  -33.272  56.288 0.0000000000
46217  29.457  -30.999  54.619 0.0000000000
68285  49.400  -12.180  37.466 0.0000000000
48438  22.995  -27.963  67.666 0.0000000000
48503  18.241  -28.623  64.167 0.0000000000
74092  52.543  -7.465  38.147 0.0000000000
70566  53.687  -9.716  40.521 0.0000000000
67019  50.230  -12.857  41.817 0.0000000000
65820  46.748  -14.909  42.789 0.0000000000
63465  43.766  -16.835  44.106 0.0000000000
62216  48.278  -17.785  50.959 0.0000000000
59835  43.976  -19.807  47.447 0.0000000000
58683  39.544  -20.634  43.252 0.0000000000
55104  36.693  -23.588  41.446 0.0000000000
47550  30.629  -30.017  47.403 0.0000000000
44857  28.740  -31.415  64.267 0.0000000000
43701  27.112  -32.362  63.559 0.0000000000
46078  27.176  -30.474  64.174 0.0000000000
42561  31.011  -32.536  63.640 0.0000000000
46209  43.032  -30.275  54.765 0.0000000000
47469  43.618  -29.231  52.437 0.0000000000
49936  43.910  -28.112  50.925 0.0000000000
48683  41.166  -28.697  50.116 0.0000000000
48715  39.230  -28.795  48.361 0.0000000000
48686  38.107  -28.526  50.285 0.0000000000
46301  23.400  -30.452  49.322 0.0000000000
45134  23.937  -31.031  47.766 0.0000000000
71792  55.511  -9.264  36.203 0.0000000000
71819  56.203  -9.720  34.883 0.0000000000
70634  54.925  -10.340  35.885 0.0000000000
46194  25.429  -30.303  55.645 0.0000000000
46247  22.161  -29.899  53.639 0.0000000000
46174  23.963  -30.377  56.494 0.0000000000
44909  22.332  -31.305  60.440 0.0000000000
44979  21.473  -31.547  57.839 0.0000000000
44953  19.961  -30.677  58.147 0.0000000000
47407  18.904  -29.720  59.674 0.0000000000
42640  40.769  -32.904  58.635 0.0000000000
41609  38.509  -34.050  58.526 0.0000000000
43826  35.986  -32.677  56.538 0.0000000000
41622  35.373  -33.986  58.682 0.0000000000
44920  29.538  -31.577  59.071 0.0000000000
44970  30.561  -31.345  57.025 0.0000000000
46170  28.060  -30.591  56.374 0.0000000000
46244  26.805  -30.043  53.820 0.0000000000
67058  48.249  -13.157  38.165 0.0000000000
65930  48.936  -14.249  36.424 0.0000000000
65932  47.236  -14.908  36.814 0.0000000000
48484  17.537  -28.269  65.372 0.0000000000
69363  51.744  -11.665  41.755 0.0000000000
69335  52.242  -11.472  43.809 0.0000000000
65764  49.132  -14.205  47.052 0.0000000000
65784  49.043  -13.938  44.807 0.0000000000
65786  47.254  -14.983  45.678 0.0000000000
64625  45.296  -15.899  43.566 0.0000000000
63449  45.965  -16.504  45.954 0.0000000000
54962  42.408  -23.703  48.499 0.0000000000
57360  43.893  -21.415  48.547 0.0000000000
57405  42.093  -21.793  46.810 0.0000000000
58652  41.763  -20.426  45.698 0.0000000000
57448  40.188  -21.894  44.718 0.0000000000
56264  38.039  -22.271  42.017 0.0000000000
55069  38.534  -23.709  43.392 0.0000000000
51272  34.491  -26.125  41.818 0.0000000000
46260  32.552  -31.507  52.111 0.0000000000
47509  32.788  -29.984  50.490 0.0000000000
45119  30.595  -31.526  49.282 0.0000000000
46372  25.938  -30.576  44.441 0.0000000000
73079  53.908  -8.376  29.890 0.0000000000
71881  52.168  -9.362  30.707 0.0000000000
43782  28.129  -32.137  60.163 0.0000000000
44947  24.965  -31.157  58.774 0.0000000000
43758  26.294  -32.175  60.948 0.0000000000
43721  24.001  -32.105  62.182 0.0000000000
46092  23.608  -30.768  63.445 0.0000000000
42584  35.116  -33.199  62.128 0.0000000000
41604  34.417  -34.138  60.446 0.0000000000
42587  32.581  -33.317  62.600 0.0000000000
42628  30.111  -32.645  61.710 0.0000000000
69312  51.858  -11.308  45.545 0.0000000000
65744  49.203  -14.336  49.489 0.0000000000
52479  44.620  -25.392  51.935 0.0000000000
52515  42.492  -26.037  49.386 0.0000000000
52558  40.801  -26.038  46.962 0.0000000000
52618  39.067  -25.472  44.648 0.0000000000
49981  39.319  -27.423  46.213 0.0000000000
48770  36.904  -27.775  46.189 0.0000000000
48773  34.370  -28.025  45.814 0.0000000000
46286  28.530  -31.130  49.845 0.0000000000
43929  28.586  -32.150  48.420 0.0000000000
46328  26.740  -30.629  47.486 0.0000000000
71823  51.622  -9.533  34.472 0.0000000000
70678  52.403  -10.652  33.114 0.0000000000
70654  54.126  -9.887  33.945 0.0000000000
45003  22.022  -31.299  57.246 0.0000000000
43820  42.113  -32.045  57.056 0.0000000000
46211  40.445  -30.735  54.754 0.0000000000
47455  38.262  -29.562  52.917 0.0000000000
45043  37.458  -31.124  54.903 0.0000000000
45046  34.527  -31.666  54.574 0.0000000000
42701  32.105  -33.017  53.943 0.0000000000
42668  33.100  -33.418  57.543 0.0000000000
43841  31.419  -32.570  55.260 0.0000000000
43888  30.140  -32.086  52.844 0.0000000000
46262  27.715  -29.855  52.450 0.0000000000
47499  24.858  -29.240  51.371 0.0000000000
69430  51.943  -11.091  37.004 0.0000000000
68324  53.165  -12.205  35.490 0.0000000000
67114  50.760  -13.050  35.652 0.0000000000
46039  23.922  -30.067  66.514 0.0000000000
48499  22.238  -28.659  64.766 0.0000000000
48463  21.006  -27.662  65.956 0.0000000000
48529  20.270  -28.557  62.641 0.0000000000
72996  50.533  -8.332  35.625 0.0000000000
72977  53.668  -8.149  37.115 0.0000000000
71777  54.308  -8.695  38.443 0.0000000000
70595  52.825  -9.940  38.525 0.0000000000
69395  51.551  -10.911  39.563 0.0000000000
68263  49.833  -12.260  39.854 0.0000000000
67032  48.679  -13.376  40.425 0.0000000000
66987  50.549  -12.888  43.777 0.0000000000
67006  48.895  -14.059  42.292 0.0000000000
65853  46.773  -14.661  40.744 0.0000000000
64648  45.478  -15.540  41.763 0.0000000000
63495  43.525  -16.449  42.497 0.0000000000
63416  48.034  -16.515  49.006 0.0000000000
58553  46.225  -20.771  50.839 0.0000000000
61062  46.348  -18.608  49.070 0.0000000000
62254  45.593  -17.797  47.442 0.0000000000
61108  43.390  -18.228  45.518 0.0000000000
61129  41.380  -18.875  44.079 0.0000000000
52652  36.544  -25.439  42.611 0.0000000000
47506  35.637  -28.863  50.634 0.0000000000
47533  33.362  -29.039  47.980 0.0000000000
48777  30.743  -28.582  45.701 0.0000000000
45157  28.302  -31.409  46.419 0.0000000000
47595  28.367  -29.086  44.873 0.0000000000
46077  28.321  -30.579  64.409 0.0000000000
47301  27.871  -29.614  64.339 0.0000000000
46233  41.506  -29.942  53.697 0.0000000000
47440  43.501  -29.753  54.128 0.0000000000
47471  41.703  -29.232  52.359 0.0000000000
47489  42.244  -29.033  51.679 0.0000000000
48663  41.139  -28.835  51.734 0.0000000000
48673  39.724  -28.626  51.017 0.0000000000
48665  39.312  -28.768  51.778 0.0000000000
70618  54.695  -9.864  36.506 0.0000000000
70617  55.399  -9.663  36.133 0.0000000000
70635  54.359  -10.343  36.172 0.0000000000
46172  26.090  -30.546  56.615 0.0000000000
46195  24.398  -30.189  55.625 0.0000000000
46154  25.597  -30.582  57.168 0.0000000000
46124  22.039  -30.635  60.414 0.0000000000
46131  21.341  -30.515  59.535 0.0000000000
46132  20.532  -30.109  59.145 0.0000000000
46133  19.679  -29.882  59.014 0.0000000000
47385  20.413  -29.310  60.314 0.0000000000
43732  36.636  -32.944  61.485 0.0000000000
42623  37.613  -33.931  60.658 0.0000000000
42643  38.664  -33.869  59.726 0.0000000000
41600  37.591  -34.449  59.461 0.0000000000
41620  37.127  -34.050  58.375 0.0000000000
41612  36.108  -34.423  59.235 0.0000000000
44944  27.939  -31.153  58.397 0.0000000000
44972  28.319  -30.742  57.353 0.0000000000
45001  27.186  -30.581  57.007 0.0000000000
46171  27.055  -30.584  56.424 0.0000000000
65890  47.183  -14.051  38.432 0.0000000000
65910  47.245  -14.081  37.744 0.0000000000
65911  46.894  -14.719  37.276 0.0000000000
71676  52.647  -9.843  43.231 0.0000000000
69334  52.581  -10.966  43.198 0.0000000000
69322  52.430  -10.975  44.153 0.0000000000
65765  48.594  -14.979  47.521 0.0000000000
65775  48.142  -14.768  46.457 0.0000000000
65776  47.506  -15.157  46.314 0.0000000000
64605  46.164  -15.846  45.443 0.0000000000
64597  46.343  -16.182  46.113 0.0000000000
55005  41.151  -23.820  46.852 0.0000000000
56153  42.008  -23.072  47.526 0.0000000000
56178  41.034  -23.236  46.429 0.0000000000
57431  41.146  -21.760  45.779 0.0000000000
56201  40.100  -23.241  45.394 0.0000000000
56234  39.287  -22.946  44.028 0.0000000000
55048  39.304  -23.730  44.502 0.0000000000
43898  31.616  -32.030  51.616 0.0000000000
45108  31.464  -31.456  50.557 0.0000000000
43911  30.754  -32.017  50.105 0.0000000000
73064  52.407  -8.160  30.821 0.0000000000
73065  51.721  -8.901  31.091 0.0000000000
43734  28.860  -32.639  61.984 0.0000000000
43736  26.679  -32.493  61.979 0.0000000000
43681  25.623  -32.056  64.372 0.0000000000
43719  25.823  -32.508  62.795 0.0000000000
43703  24.950  -32.364  63.764 0.0000000000
44885  23.724  -31.489  62.627 0.0000000000
44873  24.105  -31.507  63.962 0.0000000000
43692  34.375  -32.428  63.056 0.0000000000
42586  33.568  -33.440  62.260 0.0000000000
42571  33.170  -33.170  63.102 0.0000000000
42590  29.900  -32.514  62.818 0.0000000000
42589  30.768  -32.690  62.841 0.0000000000
42629  29.398  -32.632  61.970 0.0000000000
43756  28.931  -32.577  61.242 0.0000000000
48644  45.776  -28.207  54.380 0.0000000000
51047  46.468  -26.313  55.130 0.0000000000
52440  46.636  -25.399  53.912 0.0000000000
53724  46.188  -24.453  52.889 0.0000000000
51105  45.482  -26.453  52.615 0.0000000000
48711  42.399  -28.057  49.198 0.0000000000
51147  43.155  -26.694  49.948 0.0000000000
51165  42.398  -26.888  49.027 0.0000000000
52536  41.549  -25.981  48.262 0.0000000000
49967  41.175  -27.520  47.612 0.0000000000
49980  40.051  -27.034  46.506 0.0000000000
49968  40.321  -27.525  47.003 0.0000000000
48717  37.182  -28.262  48.459 0.0000000000
48752  37.397  -27.923  46.729 0.0000000000
48753  36.423  -27.916  46.780 0.0000000000
48772  35.250  -27.899  45.775 0.0000000000
48755  34.610  -28.207  46.560 0.0000000000
46287  27.845  -30.119  50.114 0.0000000000
46298  28.099  -30.906  49.139 0.0000000000
47536  26.628  -29.691  48.779 0.0000000000
71845  53.625  -9.874  33.991 0.0000000000
71821  54.252  -9.506  34.456 0.0000000000
70651  56.988  -10.447  34.687 0.0000000000
47501  23.225  -29.365  51.493 0.0000000000
47483  22.226  -29.668  52.593 0.0000000000
44948  23.917  -31.225  58.893 0.0000000000
44977  23.236  -31.226  58.059 0.0000000000
44949  22.957  -31.756  58.813 0.0000000000
45006  19.412  -31.413  56.551 0.0000000000
45005  20.606  -31.428  57.056 0.0000000000
42660  40.419  -33.211  57.774 0.0000000000
43800  41.341  -32.594  58.321 0.0000000000
43822  40.477  -32.659  56.765 0.0000000000
45018  41.785  -31.605  56.114 0.0000000000
45020  39.923  -31.726  55.777 0.0000000000
45042  38.530  -31.176  54.963 0.0000000000
43835  38.607  -32.310  56.071 0.0000000000
43827  34.862  -32.819  56.437 0.0000000000
43838  35.189  -32.198  55.608 0.0000000000
43839  33.950  -32.802  55.678 0.0000000000
43854  33.082  -32.580  54.485 0.0000000000
42691  32.866  -33.091  55.096 0.0000000000
42645  33.303  -33.291  60.129 0.0000000000
42644  33.866  -33.784  59.775 0.0000000000
43801  32.504  -32.629  58.917 0.0000000000
44999  29.873  -31.052  56.019 0.0000000000
44997  31.441  -32.174  55.946 0.0000000000
45026  30.524  -31.727  55.212 0.0000000000
43857  30.669  -32.180  54.493 0.0000000000
45049  29.677  -31.478  54.141 0.0000000000
45068  29.258  -31.091  52.568 0.0000000000
46242  28.616  -30.508  53.047 0.0000000000
47458  24.950  -29.761  53.490 0.0000000000
47457  26.060  -29.778  53.267 0.0000000000
47481  24.171  -29.350  52.260 0.0000000000
69431  50.682  -11.582  37.094 0.0000000000
68298  51.042  -11.862  36.336 0.0000000000
68300  49.588  -12.403  36.613 0.0000000000
64752  49.559  -15.045  36.506 0.0000000000
47262  23.756  -28.941  67.028 0.0000000000
47287  23.510  -29.864  65.682 0.0000000000
48461  22.615  -28.457  66.601 0.0000000000
49738  18.964  -28.031  65.731 0.0000000000
48482  19.767  -28.123  65.102 0.0000000000
48501  20.422  -28.202  64.399 0.0000000000
48517  19.173  -28.716  63.154 0.0000000000
47341  19.058  -29.094  61.646 0.0000000000
47322  18.282  -29.197  62.874 0.0000000000
74141  50.308  -7.333  34.905 0.0000000000
72956  51.858  -7.847  37.458 0.0000000000
74107  53.315  -7.664  37.793 0.0000000000
72954  54.349  -8.098  37.960 0.0000000000
74090  54.081  -7.709  38.879 0.0000000000
71742  54.045  -9.180  39.961 0.0000000000
71743  53.696  -9.465  39.526 0.0000000000
70583  53.120  -9.914  39.696 0.0000000000
70596  52.149  -10.438  38.955 0.0000000000
70584  52.372  -10.594  40.084 0.0000000000
69364  51.048  -12.078  41.438 0.0000000000
69380  51.046  -11.818  40.893 0.0000000000
68247  49.923  -12.654  40.765 0.0000000000
68248  49.360  -12.809  40.272 0.0000000000
67020  49.633  -13.180  41.428 0.0000000000
68186  51.480  -11.765  46.066 0.0000000000
68199  51.659  -11.794  45.173 0.0000000000
68187  51.134  -12.298  45.614 0.0000000000
65796  48.326  -14.282  44.120 0.0000000000
65795  49.094  -13.966  43.755 0.0000000000
65805  48.551  -14.260  42.960 0.0000000000
65818  48.329  -14.270  41.916 0.0000000000
65836  46.896  -14.928  41.755 0.0000000000
64664  46.128  -15.160  41.207 0.0000000000
64647  46.218  -15.248  42.146 0.0000000000
63478  44.401  -16.439  43.706 0.0000000000
63494  44.223  -16.358  42.894 0.0000000000
63479  43.516  -16.773  43.373 0.0000000000
62310  42.512  -17.366  43.560 0.0000000000
62227  48.038  -17.484  50.337 0.0000000000
54926  45.244  -22.861  50.996 0.0000000000
57296  46.503  -21.382  51.516 0.0000000000
56093  45.118  -22.209  50.331 0.0000000000
58609  43.947  -20.595  47.955 0.0000000000
58590  44.951  -20.515  49.014 0.0000000000
59833  45.215  -19.155  48.364 0.0000000000
61063  45.767  -18.548  48.498 0.0000000000
61076  44.680  -18.748  47.404 0.0000000000
62267  44.715  -17.797  46.202 0.0000000000
61091  43.711  -18.619  46.287 0.0000000000
58668  40.768  -20.525  44.539 0.0000000000
59890  41.343  -19.517  44.531 0.0000000000
59909  40.958  -19.204  43.904 0.0000000000
61149  40.501  -18.339  42.943 0.0000000000
59911  39.507  -19.902  42.680 0.0000000000
58701  38.972  -20.629  42.363 0.0000000000
56252  37.764  -22.878  42.217 0.0000000000
57494  37.444  -21.755  40.828 0.0000000000
51221  37.993  -26.580  44.311 0.0000000000
52635  38.134  -25.525  43.797 0.0000000000
51251  36.444  -26.094  43.130 0.0000000000
52669  34.569  -25.185  41.131 0.0000000000
46256  36.370  -29.711  52.627 0.0000000000
47476  36.751  -29.412  52.034 0.0000000000
47477  35.966  -29.392  51.971 0.0000000000
46310  32.176  -29.956  49.316 0.0000000000
47522  33.750  -29.179  49.220 0.0000000000
47534  32.415  -29.637  48.601 0.0000000000
47561  32.334  -28.922  46.691 0.0000000000
47562  31.692  -29.113  46.811 0.0000000000
43939  27.990  -32.148  47.449 0.0000000000
43938  28.627  -32.269  47.608 0.0000000000
45158  27.568  -31.480  46.549 0.0000000000
47580  27.523  -29.972  45.215 0.0000000000
48797  28.748  -28.488  44.394 0.0000000000
69484  53.213  -11.264  33.201 0.0000000000
69494  52.823  -11.560  32.449 0.0000000000
67111  53.600  -13.153  35.462 0.0000000000
43699  28.726  -32.242  63.535 0.0000000000
43717  27.843  -32.537  63.032 0.0000000000
43678  28.270  -31.886  63.835 0.0000000000
44859  26.433  -31.208  64.340 0.0000000000
44840  25.859  -30.821  64.766 0.0000000000
43676  30.171  -32.114  63.787 0.0000000000
46166  44.110  -30.098  56.427 0.0000000000
47427  44.490  -29.178  56.501 0.0000000000
46185  44.284  -29.895  55.275 0.0000000000
47448  44.715  -29.344  53.698 0.0000000000
48660  45.029  -28.565  52.502 0.0000000000
49926  45.221  -27.641  52.283 0.0000000000
48661  44.191  -28.613  51.869 0.0000000000
48681  42.713  -28.433  50.233 0.0000000000
48697  41.555  -28.638  49.349 0.0000000000
48714  40.235  -28.669  48.415 0.0000000000
48699  39.717  -28.705  49.254 0.0000000000
48700  38.680  -28.591  49.303 0.0000000000
48701  37.601  -28.457  49.373 0.0000000000
47526  24.549  -29.365  49.410 0.0000000000
47538  25.110  -29.469  48.722 0.0000000000
46316  24.186  -30.273  48.416 0.0000000000
72992  55.297  -8.693  35.832 0.0000000000
71801  55.686  -9.090  35.270 0.0000000000
72991  55.684  -9.001  35.698 0.0000000000
70633  55.788  -10.346  35.547 0.0000000000
47442  24.803  -30.036  54.121 0.0000000000
47460  22.719  -29.669  53.387 0.0000000000
46223  23.779  -29.981  54.761 0.0000000000
46196  23.258  -30.172  55.622 0.0000000000
46197  22.089  -30.446  55.690 0.0000000000
43762  22.912  -31.773  60.113 0.0000000000
44950  22.088  -31.804  58.516 0.0000000000
44951  21.471  -31.382  58.743 0.0000000000
44952  20.523  -30.959  58.245 0.0000000000
46143  17.795  -31.017  58.617 0.0000000000
42654  39.619  -33.655  58.594 0.0000000000
42662  39.022  -33.649  57.599 0.0000000000
43824  38.176  -32.775  56.629 0.0000000000
42664  37.392  -33.615  57.786 0.0000000000
42665  36.414  -33.619  57.882 0.0000000000
42678  34.539  -33.347  56.972 0.0000000000
43780  30.707  -31.863  59.443 0.0000000000
43802  31.755  -32.156  58.280 0.0000000000
44942  30.178  -31.448  58.184 0.0000000000
44971  29.501  -31.026  57.273 0.0000000000
46169  28.917  -30.668  55.908 0.0000000000
46219  27.591  -30.366  54.548 0.0000000000
46192  27.309  -30.518  55.497 0.0000000000
46221  25.731  -30.187  54.857 0.0000000000
68286  48.787  -12.640  37.850 0.0000000000
68301  48.881  -12.732  36.895 0.0000000000
67093  47.962  -13.548  36.943 0.0000000000
65931  47.665  -14.232  36.680 0.0000000000
49726  18.086  -27.573  66.327 0.0000000000
48504  17.547  -28.800  64.601 0.0000000000
47306  17.921  -29.111  63.548 0.0000000000
47307  17.329  -29.443  64.146 0.0000000000
70549  53.445  -9.874  41.689 0.0000000000
69378  52.528  -10.856  40.889 0.0000000000
70550  52.966  -10.573  41.759 0.0000000000
69348  52.201  -11.595  42.863 0.0000000000
68231  51.552  -12.050  42.599 0.0000000000
66947  49.752  -13.392  46.550 0.0000000000
66958  49.746  -13.374  45.451 0.0000000000
65774  48.962  -13.946  45.948 0.0000000000
65785  48.170  -14.363  45.273 0.0000000000
65797  47.424  -14.632  44.551 0.0000000000
64624  46.143  -15.343  43.316 0.0000000000
64616  46.111  -15.557  44.279 0.0000000000
64617  45.473  -15.994  44.617 0.0000000000
63464  44.355  -16.791  44.550 0.0000000000
54943  43.107  -23.489  49.296 0.0000000000
56112  44.365  -22.266  49.544 0.0000000000
56128  43.344  -22.377  48.675 0.0000000000
57380  42.909  -21.727  47.780 0.0000000000
58631  42.798  -20.461  46.989 0.0000000000
59853  42.808  -19.730  46.416 0.0000000000
57430  41.721  -21.429  46.228 0.0000000000
57447  40.751  -21.482  45.143 0.0000000000
57465  39.624  -21.756  44.020 0.0000000000
57480  39.000  -21.654  43.041 0.0000000000
56250  39.059  -22.478  43.473 0.0000000000
56251  38.482  -22.831  42.779 0.0000000000
55086  37.754  -23.637  42.557 0.0000000000
50024  35.587  -27.074  43.321 0.0000000000
50041  35.312  -26.703  42.750 0.0000000000
50042  34.695  -26.935  42.619 0.0000000000
50062  33.212  -26.948  41.820 0.0000000000
51295  32.045  -25.876  40.606 0.0000000000
46258  34.062  -30.520  52.501 0.0000000000
46273  34.287  -30.036  51.714 0.0000000000
46274  33.242  -30.275  51.530 0.0000000000
46295  31.435  -30.859  49.869 0.0000000000
46312  30.831  -30.786  49.007 0.0000000000
45170  26.601  -30.853  45.561 0.0000000000
45183  24.748  -31.151  44.419 0.0000000000
74189  53.409  -7.292  30.495 0.0000000000
73063  53.172  -8.251  30.329 0.0000000000
70695  53.504  -10.423  30.205 0.0000000000
44922  27.522  -31.559  59.320 0.0000000000
44946  25.943  -31.188  58.573 0.0000000000
44923  26.509  -31.503  59.340 0.0000000000
43785  25.359  -31.589  59.942 0.0000000000
44907  24.269  -31.566  60.170 0.0000000000
43718  26.933  -32.583  62.912 0.0000000000
43738  24.501  -32.050  61.531 0.0000000000
43760  24.044  -31.705  60.659 0.0000000000
43740  22.969  -31.675  60.919 0.0000000000
46116  22.743  -30.865  61.343 0.0000000000
47362  22.580  -30.079  61.486 0.0000000000
41575  35.447  -34.043  61.393 0.0000000000
41603  35.178  -34.336  60.217 0.0000000000
41576  34.625  -33.925  61.516 0.0000000000
42604  33.673  -33.626  61.584 0.0000000000
42626  32.120  -33.047  61.313 0.0000000000
42588  31.675  -33.004  62.757 0.0000000000
42606  31.896  -33.154  62.106 0.0000000000
43754  31.422  -32.572  60.556 0.0000000000
43781  29.329  -32.042  60.020 0.0000000000
44921  28.566  -31.637  59.222 0.0000000000
64715  45.902  -15.000  38.925 0.0000000000
64737  46.197  -15.381  37.741 0.0000000000
64716  45.187  -15.686  38.406 0.0000000000
70507  52.168  -10.638  44.573 0.0000000000
68165  50.729  -11.914  47.506 0.0000000000
66937  50.194  -12.606  48.029 0.0000000000
65755  49.148  -14.434  48.233 0.0000000000
65756  48.712  -15.080  48.098 0.0000000000
54895  46.229  -23.666  52.491 0.0000000000
53762  44.551  -23.989  51.228 0.0000000000
51122  44.535  -26.500  51.652 0.0000000000
52498  43.637  -25.426  50.740 0.0000000000
53779  43.278  -24.521  50.094 0.0000000000
53780  42.655  -24.620  49.318 0.0000000000
53801  41.499  -24.976  47.968 0.0000000000
53840  40.736  -24.664  46.659 0.0000000000
53863  39.815  -24.567  45.528 0.0000000000
52580  39.865  -25.858  45.884 0.0000000000
51207  39.025  -26.682  45.112 0.0000000000
49995  38.445  -27.196  45.189 0.0000000000
48750  39.204  -28.086  46.975 0.0000000000
49982  38.027  -27.681  46.059 0.0000000000
49996  37.138  -27.556  45.413 0.0000000000
49997  35.934  -27.771  45.114 0.0000000000
48791  34.167  -27.827  45.073 0.0000000000
48792  33.208  -27.771  44.993 0.0000000000
43913  29.472  -32.146  50.514 0.0000000000
43921  29.404  -32.207  49.363 0.0000000000
45120  28.648  -31.712  49.439 0.0000000000
45133  28.140  -31.634  48.538 0.0000000000
45145  26.235  -30.804  46.751 0.0000000000
46330  24.784  -30.430  47.493 0.0000000000
45146  25.121  -30.752  46.723 0.0000000000
71847  50.966  -9.461  33.809 0.0000000000
70688  51.411  -10.181  32.371 0.0000000000
70679  51.395  -9.990  33.332 0.0000000000
70677  53.772  -10.457  33.581 0.0000000000
69483  54.108  -11.549  33.438 0.0000000000
71820  55.385  -9.456  34.584 0.0000000000
70675  55.565  -10.933  33.829 0.0000000000
44976  24.269  -30.910  58.078 0.0000000000
46175  22.865  -30.541  56.556 0.0000000000
46198  21.034  -31.040  55.855 0.0000000000
45004  21.503  -31.386  57.097 0.0000000000
45028  20.949  -31.337  56.509 0.0000000000
46150  43.533  -30.544  57.413 0.0000000000
46168  42.754  -31.327  56.365 0.0000000000
46188  41.372  -31.095  55.419 0.0000000000
46234  40.826  -30.030  53.858 0.0000000000
47454  39.189  -29.528  53.062 0.0000000000
46236  38.598  -30.068  53.612 0.0000000000
46213  37.980  -30.636  54.180 0.0000000000
46214  36.809  -30.551  54.221 0.0000000000
43837  36.470  -32.122  56.010 0.0000000000
45045  35.337  -31.506  54.751 0.0000000000
46216  35.197  -31.137  54.156 0.0000000000
46241  33.322  -31.508  53.066 0.0000000000
45066  32.752  -32.080  53.254 0.0000000000
43886  31.245  -32.463  52.357 0.0000000000
41614  34.588  -34.088  59.590 0.0000000000
42667  34.373  -33.702  57.909 0.0000000000
42679  33.628  -33.481  56.763 0.0000000000
43817  32.255  -32.701  57.222 0.0000000000
42669  32.418  -33.111  56.569 0.0000000000
42686  32.507  -33.203  55.402 0.0000000000
42687  31.862  -33.073  54.903 0.0000000000
43874  31.387  -32.631  53.442 0.0000000000
43901  29.921  -32.247  51.818 0.0000000000
45084  29.261  -31.247  51.615 0.0000000000
46277  28.021  -29.991  51.322 0.0000000000
47510  27.439  -29.735  50.867 0.0000000000
46263  27.135  -29.835  53.137 0.0000000000
47478  27.145  -29.698  52.194 0.0000000000
47512  25.339  -29.185  50.420 0.0000000000
47513  24.267  -29.212  50.436 0.0000000000
69429  53.089  -10.787  36.356 0.0000000000
69452  51.730  -11.717  35.981 0.0000000000
67091  49.459  -13.272  36.137 0.0000000000
65929  50.067  -14.282  35.959 0.0000000000
63573  46.600  -16.444  37.212 0.0000000000
48497  26.375  -28.612  64.395 0.0000000000
47303  25.949  -29.387  64.683 0.0000000000
46047  25.253  -30.097  66.176 0.0000000000
47260  24.853  -29.224  66.829 0.0000000000
44827  24.597  -31.051  66.159 0.0000000000
46064  23.794  -30.452  65.299 0.0000000000
46082  23.320  -29.986  63.931 0.0000000000
47339  22.576  -29.607  62.434 0.0000000000
48450  22.127  -27.717  66.994 0.0000000000
48480  21.634  -28.174  65.439 0.0000000000
47320  21.907  -28.684  63.606 0.0000000000
47364  20.731  -29.056  61.087 0.0000000000
47365  19.757  -29.066  61.089 0.0000000000
74152  50.840  -7.333  33.579 0.0000000000
73013  50.506  -8.205  34.321 0.0000000000
71805  51.291  -9.058  35.235 0.0000000000
71804  52.368  -9.196  35.291 0.0000000000
72979  51.225  -8.205  36.721 0.0000000000
72978  52.383  -8.234  36.832 0.0000000000
72993  54.344  -8.611  36.040 0.0000000000
72976  54.793  -8.538  36.709 0.0000000000
71793  54.989  -9.060  37.124 0.0000000000
71778  54.074  -9.360  38.030 0.0000000000
72936  54.307  -8.116  39.038 0.0000000000
70606  52.843  -10.057  37.670 0.0000000000
70607  52.282  -10.457  37.925 0.0000000000
69419  51.004  -11.231  38.062 0.0000000000
69409  50.324  -11.540  38.790 0.0000000000
69379  51.905  -11.166  40.631 0.0000000000
69396  50.761  -11.633  39.816 0.0000000000
68275  49.460  -12.126  38.677 0.0000000000
68276  48.733  -12.736  38.687 0.0000000000
67044  48.357  -13.210  39.171 0.0000000000
65867  47.237  -14.036  39.149 0.0000000000
69323  52.108  -11.379  44.701 0.0000000000
68220  51.737  -11.955  43.415 0.0000000000
68221  51.076  -12.494  43.000 0.0000000000
66971  49.762  -13.447  44.325 0.0000000000
66988  49.619  -13.605  43.211 0.0000000000
67005  49.421  -13.674  42.280 0.0000000000
67021  48.861  -13.775  41.574 0.0000000000
65852  47.521  -14.047  40.308 0.0000000000
65868  46.646  -14.505  39.604 0.0000000000
64688  46.020  -15.095  40.107 0.0000000000
64665  45.294  -15.420  40.699 0.0000000000
64636  45.697  -15.503  42.673 0.0000000000
63508  44.170  -16.220  42.142 0.0000000000
64557  48.932  -15.262  49.002 0.0000000000
64574  47.567  -16.273  47.944 0.0000000000
59800  47.429  -19.285  50.733 0.0000000000
58574  45.274  -20.750  49.715 0.0000000000
59802  45.992  -19.741  49.801 0.0000000000
61052  47.354  -18.678  50.334 0.0000000000
62229  46.935  -18.079  49.160 0.0000000000
63418  46.712  -17.008  47.985 0.0000000000
63431  46.530  -16.878  47.372 0.0000000000
63443  45.632  -16.982  46.138 0.0000000000
62279  44.444  -17.502  45.573 0.0000000000
62293  43.587  -17.468  44.665 0.0000000000
59869  42.441  -19.409  45.673 0.0000000000
61109  42.528  -18.617  45.057 0.0000000000
62294  42.845  -17.683  44.262 0.0000000000
62311  41.585  -17.490  43.177 0.0000000000
57493  38.022  -21.534  41.371 0.0000000000
57506  37.875  -21.165  40.440 0.0000000000
53878  38.771  -24.606  44.167 0.0000000000
53893  38.122  -24.621  43.418 0.0000000000
53908  36.672  -24.540  42.043 0.0000000000
52653  35.707  -25.693  42.161 0.0000000000
52668  35.493  -25.151  41.550 0.0000000000
47491  37.925  -28.900  51.738 0.0000000000
48676  37.032  -28.941  51.048 0.0000000000
48703  35.357  -28.588  49.363 0.0000000000
47495  34.403  -29.599  51.151 0.0000000000
47521  34.584  -28.863  49.443 0.0000000000
48719  35.171  -28.520  48.286 0.0000000000
48738  33.905  -28.618  47.270 0.0000000000
48775  32.609  -28.186  45.685 0.0000000000
48794  31.343  -28.019  44.945 0.0000000000
43920  30.149  -32.105  49.216 0.0000000000
45143  29.540  -31.542  47.681 0.0000000000
46343  29.529  -30.559  46.958 0.0000000000
46358  27.129  -30.611  45.451 0.0000000000
46356  28.418  -30.497  45.975 0.0000000000
47564  29.550  -29.906  46.425 0.0000000000
48778  29.975  -28.650  45.428 0.0000000000
48795  30.476  -28.150  44.874 0.0000000000
70691  51.706  -10.195  31.476 0.0000000000
69503  52.823  -11.070  30.634 0.0000000000
69502  53.611  -11.822  30.604 0.0000000000
69450  53.871  -10.983  35.761 0.0000000000
47452  41.188  -29.619  53.145 0.0000000000
47451  42.125  -29.712  53.346 0.0000000000
48664  40.221  -28.819  51.744 0.0000000000
47473  39.715  -29.123  52.423 0.0000000000
70619  53.808  -10.276  36.535 0.0000000000
44974  26.268  -30.769  57.574 0.0000000000
46153  26.036  -30.624  57.106 0.0000000000
47383  22.164  -29.963  60.896 0.0000000000
47404  20.813  -29.777  59.743 0.0000000000
41574  36.376  -34.227  61.105 0.0000000000
42601  37.129  -33.609  61.162 0.0000000000
41573  37.073  -34.290  60.807 0.0000000000
41588  37.470  -34.411  60.215 0.0000000000
41601  36.784  -34.621  59.739 0.0000000000
44973  27.296  -30.785  57.571 0.0000000000
45002  26.782  -30.596  57.043 0.0000000000
70520  52.697  -10.291  43.355 0.0000000000
71661  52.271  -10.179  43.965 0.0000000000
64595  47.648  -15.264  46.589 0.0000000000
64596  47.000  -15.709  46.435 0.0000000000
55006  40.669  -23.793  46.255 0.0000000000
56200  40.696  -22.697  45.772 0.0000000000
55027  39.713  -23.762  45.182 0.0000000000
43899  31.168  -32.265  51.185 0.0000000000
43912  30.221  -32.412  50.285 0.0000000000
74162  51.633  -7.224  32.502 0.0000000000
73052  51.513  -8.075  31.641 0.0000000000
43735  28.038  -32.630  62.208 0.0000000000
44872  24.601  -31.815  64.338 0.0000000000
44871  34.146  -31.852  63.413 0.0000000000
43693  33.659  -32.369  63.417 0.0000000000
43694  32.820  -32.501  63.482 0.0000000000
42591  29.104  -32.530  62.893 0.0000000000
42609  29.118  -32.601  62.443 0.0000000000
48643  46.076  -27.770  53.878 0.0000000000
49900  46.285  -27.305  54.621 0.0000000000
49915  46.204  -27.125  53.672 0.0000000000
51068  46.478  -26.338  54.238 0.0000000000
51088  46.173  -26.228  53.412 0.0000000000
51089  45.943  -26.828  53.190 0.0000000000
48712  41.926  -28.251  48.696 0.0000000000
49956  42.254  -27.568  48.777 0.0000000000
49957  41.698  -27.521  48.228 0.0000000000
51166  41.917  -26.846  48.443 0.0000000000
48731  40.733  -28.229  47.773 0.0000000000
48735  36.788  -28.097  47.584 0.0000000000
48736  35.807  -28.210  47.519 0.0000000000
48754  35.510  -28.009  46.673 0.0000000000
46288  27.106  -29.744  49.724 0.0000000000
46299  27.290  -29.983  49.012 0.0000000000
47524  26.583  -29.544  49.345 0.0000000000
71822  52.940  -9.621  34.430 0.0000000000
71802  54.882  -8.856  35.155 0.0000000000
47482  23.052  -29.430  52.464 0.0000000000
44926  23.665  -31.570  59.651 0.0000000000
42673  39.549  -33.253  57.210 0.0000000000
43815  40.627  -33.000  57.429 0.0000000000
43833  40.216  -32.126  56.173 0.0000000000
43834  39.582  -32.257  56.180 0.0000000000
45021  39.030  -31.707  55.648 0.0000000000
43828  34.272  -33.118  56.338 0.0000000000
43840  33.265  -33.000  55.256 0.0000000000
42685  33.252  -33.314  55.788 0.0000000000
43778  32.729  -32.879  59.747 0.0000000000
45027  29.861  -31.288  54.952 0.0000000000
45048  30.159  -31.773  54.605 0.0000000000
45050  29.278  -31.026  53.439 0.0000000000
46218  28.825  -30.600  54.242 0.0000000000
69432  49.928  -11.856  37.033 0.0000000000
48437  23.363  -28.041  67.548 0.0000000000
48448  23.238  -28.335  67.341 0.0000000000
47273  23.224  -28.789  66.767 0.0000000000
48449  22.822  -28.198  67.322 0.0000000000
48483  18.819  -28.192  65.147 0.0000000000
48465  19.346  -28.043  65.648 0.0000000000
48502  19.419  -28.344  64.242 0.0000000000
48518  18.409  -28.884  63.428 0.0000000000
75229  50.389  -6.368  35.471 0.0000000000
72955  53.794  -7.783  37.824 0.0000000000
74091  53.555  -7.553  38.436 0.0000000000
70582  53.718  -9.598  39.957 0.0000000000
70567  53.020  -10.501  40.838 0.0000000000
68232  50.880  -12.473  41.937 0.0000000000
68246  50.600  -12.343  41.148 0.0000000000
68233  50.240  -12.703  41.419 0.0000000000
65806  47.554  -14.526  43.426 0.0000000000
65819  47.633  -14.586  42.354 0.0000000000
63480  42.905  -16.787  42.859 0.0000000000
62309  43.250  -17.222  43.989 0.0000000000
56077  45.798  -22.142  51.248 0.0000000000
58608  44.544  -20.253  48.388 0.0000000000
59834  44.586  -19.505  47.897 0.0000000000
61075  45.251  -18.558  47.818 0.0000000000
59851  44.228  -19.174  47.274 0.0000000000
61090  44.415  -18.428  46.753 0.0000000000
59852  43.552  -19.421  46.856 0.0000000000
58682  40.176  -20.558  43.955 0.0000000000
59891  40.679  -19.831  44.058 0.0000000000
59910  40.195  -19.381  43.276 0.0000000000
55103  37.311  -23.279  42.024 0.0000000000
56265  37.369  -22.518  41.455 0.0000000000
56266  36.729  -22.779  40.903 0.0000000000
51235  37.716  -26.177  43.873 0.0000000000
51236  36.882  -26.409  43.595 0.0000000000
46238  36.027  -30.208  53.421 0.0000000000
47535  31.671  -29.951  48.459 0.0000000000
47549  31.379  -29.728  47.721 0.0000000000
47563  30.421  -29.522  46.619 0.0000000000
69493  53.365  -11.876  32.959 0.0000000000
43677  29.168  -31.952  63.881 0.0000000000
44858  27.707  -31.316  64.137 0.0000000000
46079  26.054  -30.285  64.587 0.0000000000
46075  30.095  -30.904  64.658 0.0000000000
44855  30.671  -31.444  64.453 0.0000000000
44856  29.709  -31.452  64.247 0.0000000000
43698  29.449  -32.267  63.482 0.0000000000
46186  43.559  -30.438  55.558 0.0000000000
46208  43.856  -30.016  54.776 0.0000000000
47449  43.980  -29.466  53.435 0.0000000000
47439  44.203  -29.623  54.244 0.0000000000
47467  45.198  -29.006  53.194 0.0000000000
47468  44.527  -29.150  52.806 0.0000000000
48662  43.590  -28.905  51.722 0.0000000000
48671  41.664  -28.760  51.037 0.0000000000
48670  42.520  -28.720  50.968 0.0000000000
48682  42.005  -28.696  50.165 0.0000000000
48698  40.696  -28.767  49.261 0.0000000000
48685  39.194  -28.522  50.201 0.0000000000
46300  23.872  -29.800  49.128 0.0000000000
72975  55.511  -8.936  36.193 0.0000000000
69449  55.161  -11.203  35.435 0.0000000000
46222  24.818  -30.083  54.753 0.0000000000
43763  22.435  -31.625  59.938 0.0000000000
43789  22.121  -31.735  59.351 0.0000000000
44928  21.917  -31.253  59.755 0.0000000000
46139  20.855  -30.699  58.794 0.0000000000
44981  19.690  -30.935  57.613 0.0000000000
46159  18.714  -30.737  57.733 0.0000000000
46158  19.043  -30.516  57.937 0.0000000000
46134  18.667  -29.982  59.375 0.0000000000
46142  18.439  -30.501  58.408 0.0000000000
46135  17.894  -30.716  59.314 0.0000000000
43751  39.249  -32.796  60.358 0.0000000000
41599  38.444  -34.178  59.199 0.0000000000
42642  39.308  -33.670  59.323 0.0000000000
41598  39.051  -34.065  58.761 0.0000000000
41617  39.133  -33.777  57.912 0.0000000000
41618  38.688  -33.851  58.016 0.0000000000
42663  38.277  -33.619  57.663 0.0000000000
41619  37.974  -33.890  58.222 0.0000000000
41621  36.232  -34.057  58.545 0.0000000000
42666  35.401  -33.618  57.910 0.0000000000
45000  28.963  -30.712  56.622 0.0000000000
46191  28.325  -30.534  55.299 0.0000000000
46193  26.370  -30.445  55.618 0.0000000000
46246  25.227  -30.073  54.253 0.0000000000
67074  48.325  -13.180  37.304 0.0000000000
67075  47.772  -13.585  37.511 0.0000000000
64754  47.619  -15.214  36.664 0.0000000000
48466  17.351  -27.780  66.117 0.0000000000
49739  18.522  -27.921  65.750 0.0000000000
47289  17.144  -29.019  64.838 0.0000000000
70532  52.959  -10.423  42.524 0.0000000000
69347  52.613  -11.080  42.266 0.0000000000
65798  46.715  -15.186  44.886 0.0000000000
64606  45.485  -16.227  45.142 0.0000000000
63463  45.004  -16.440  44.903 0.0000000000
63450  45.321  -16.720  45.535 0.0000000000
54961  42.887  -23.100  48.717 0.0000000000
56129  42.764  -22.909  48.424 0.0000000000
56176  42.202  -22.142  47.152 0.0000000000
56152  42.515  -22.553  47.787 0.0000000000
57404  42.536  -21.537  47.267 0.0000000000
58610  43.162  -21.008  47.591 0.0000000000
57429  42.280  -21.136  46.703 0.0000000000
56217  40.360  -22.201  45.133 0.0000000000
57464  40.303  -21.246  44.477 0.0000000000
55068  38.872  -23.705  43.910 0.0000000000
56235  38.846  -23.136  43.523 0.0000000000
55085  38.210  -23.809  42.983 0.0000000000
50025  34.394  -27.437  43.374 0.0000000000
51274  32.631  -26.360  41.229 0.0000000000
46259  33.108  -31.205  52.468 0.0000000000
46275  32.517  -31.107  51.628 0.0000000000
45118  30.932  -31.511  49.841 0.0000000000
46285  31.696  -30.980  50.362 0.0000000000
46296  30.900  -31.164  49.533 0.0000000000
71880  53.082  -9.191  30.350 0.0000000000
70696  52.568  -10.179  30.568 0.0000000000
43783  27.000  -31.942  60.169 0.0000000000
43784  25.986  -31.764  60.065 0.0000000000
43759  25.099  -31.725  60.640 0.0000000000
43720  24.809  -32.341  62.529 0.0000000000
43739  23.673  -31.792  61.342 0.0000000000
44897  23.297  -31.332  61.639 0.0000000000
44886  23.427  -31.094  62.220 0.0000000000
46105  23.136  -30.548  62.059 0.0000000000
43716  35.043  -32.455  62.560 0.0000000000
42583  35.712  -33.276  61.785 0.0000000000
42603  35.423  -33.608  61.712 0.0000000000
41558  34.847  -33.719  61.842 0.0000000000
41560  33.895  -33.622  61.873 0.0000000000
42605  32.829  -33.375  61.887 0.0000000000
42625  33.059  -33.214  61.012 0.0000000000
43696  31.439  -32.474  63.738 0.0000000000
43695  32.034  -32.497  63.607 0.0000000000
42573  31.391  -32.717  63.311 0.0000000000
42607  30.958  -32.828  62.254 0.0000000000
42627  31.132  -32.807  61.494 0.0000000000
43755  30.247  -32.485  60.761 0.0000000000
66928  49.648  -12.989  48.680 0.0000000000
48620  44.938  -28.566  56.159 0.0000000000
53725  45.575  -24.740  52.532 0.0000000000
53744  45.064  -24.363  51.935 0.0000000000
49935  44.343  -27.685  51.405 0.0000000000
49934  44.827  -27.239  51.837 0.0000000000
49940  43.984  -27.255  50.895 0.0000000000
51135  43.759  -26.548  50.748 0.0000000000
52514  43.122  -25.657  50.050 0.0000000000
52557  41.195  -25.822  47.493 0.0000000000
53822  41.136  -24.746  47.300 0.0000000000
52578  40.848  -25.387  46.982 0.0000000000
52579  40.379  -25.613  46.421 0.0000000000
51195  39.958  -26.509  46.200 0.0000000000
49994  39.101  -26.990  45.483 0.0000000000
48732  39.781  -28.400  47.478 0.0000000000
48733  38.773  -28.458  47.573 0.0000000000
49983  37.372  -27.729  46.089 0.0000000000
48790  34.849  -27.841  45.235 0.0000000000
45110  28.950  -31.702  50.308 0.0000000000
43914  28.871  -32.099  49.969 0.0000000000
46297  28.471  -31.338  49.389 0.0000000000
46313  27.419  -30.768  48.238 0.0000000000
45144  27.386  -31.383  47.366 0.0000000000
46331  24.298  -30.717  47.702 0.0000000000
46315  25.357  -29.819  48.008 0.0000000000
45147  24.279  -31.121  47.095 0.0000000000
45161  24.508  -31.322  46.190 0.0000000000
70656  51.447  -9.824  33.897 0.0000000000
71846  52.954  -10.145  33.795 0.0000000000
70652  55.934  -10.358  34.119 0.0000000000
47461  22.019  -29.798  53.191 0.0000000000
44975  25.310  -30.769  57.953 0.0000000000
46157  22.591  -31.034  57.322 0.0000000000
46156  23.575  -30.721  57.336 0.0000000000
46176  21.861  -30.955  56.670 0.0000000000
45029  20.242  -31.497  55.995 0.0000000000
43776  40.959  -32.315  59.311 0.0000000000
43775  41.564  -31.790  59.039 0.0000000000
43813  42.043  -32.113  57.651 0.0000000000
44968  42.696  -31.541  57.591 0.0000000000
44994  42.701  -31.647  56.938 0.0000000000
46167  43.278  -30.977  56.476 0.0000000000
45017  42.376  -31.514  56.372 0.0000000000
46189  40.744  -31.222  55.404 0.0000000000
46235  39.732  -30.074  53.831 0.0000000000
46212  39.138  -30.646  54.418 0.0000000000
43825  37.123  -32.624  56.688 0.0000000000
43836  37.580  -32.179  56.094 0.0000000000
43852  34.812  -31.892  54.990 0.0000000000
45024  36.067  -31.751  55.350 0.0000000000
45063  34.844  -31.322  54.176 0.0000000000
45064  34.175  -31.408  53.947 0.0000000000
43855  32.398  -32.859  54.087 0.0000000000
43872  32.816  -32.291  53.688 0.0000000000
43873  32.188  -32.565  53.358 0.0000000000
42656  33.209  -33.181  58.976 0.0000000000
42655  33.973  -33.748  58.757 0.0000000000
44941  31.067  -31.574  57.758 0.0000000000
44969  31.502  -31.986  56.894 0.0000000000
45025  31.116  -32.024  55.463 0.0000000000
43829  31.870  -32.684  56.244 0.0000000000
42681  32.075  -33.160  55.774 0.0000000000
43876  30.116  -32.057  53.756 0.0000000000
43875  30.696  -32.396  53.568 0.0000000000
43887  30.634  -32.390  52.579 0.0000000000
45083  29.653  -31.734  52.210 0.0000000000
46261  28.612  -30.595  51.981 0.0000000000
47497  27.096  -29.643  51.609 0.0000000000
46243  27.788  -30.180  53.564 0.0000000000
47480  25.450  -29.454  52.410 0.0000000000
47479  26.652  -29.643  52.483 0.0000000000
47498  26.014  -29.362  51.463 0.0000000000
68327  50.543  -12.478  35.950 0.0000000000
68326  51.266  -12.404  35.747 0.0000000000
67092  48.483  -13.504  36.646 0.0000000000
65928  51.157  -14.494  36.070 0.0000000000
64738  45.645  -16.101  37.647 0.0000000000
48496  27.388  -28.669  64.203 0.0000000000
48498  25.501  -28.621  64.856 0.0000000000
47286  25.448  -29.356  65.291 0.0000000000
46063  25.531  -30.100  65.368 0.0000000000
47271  25.140  -29.373  66.055 0.0000000000
46038  24.367  -29.894  66.778 0.0000000000
44814  25.001  -30.442  66.582 0.0000000000
44816  24.301  -30.523  66.478 0.0000000000
44843  24.036  -30.904  65.474 0.0000000000
46048  23.709  -30.376  65.972 0.0000000000
47305  23.113  -29.487  64.969 0.0000000000
47319  22.557  -29.215  63.715 0.0000000000
48452  20.447  -27.675  66.456 0.0000000000
48451  21.162  -27.632  66.747 0.0000000000
49710  21.329  -27.361  67.487 0.0000000000
48462  21.900  -27.965  66.250 0.0000000000
48516  20.208  -28.361  63.518 0.0000000000
48515  21.218  -28.411  63.737 0.0000000000
48528  20.932  -28.406  63.015 0.0000000000
48544  21.113  -28.599  62.356 0.0000000000
48545  20.634  -28.736  61.829 0.0000000000
48546  20.200  -28.901  61.502 0.0000000000
47366  18.819  -29.512  60.957 0.0000000000
47343  17.872  -29.877  62.604 0.0000000000
75250  51.126  -6.639  33.868 0.0000000000
73028  50.602  -8.231  33.584 0.0000000000
71824  50.786  -8.984  34.551 0.0000000000
72995  51.745  -8.706  36.016 0.0000000000
72980  50.552  -7.643  36.661 0.0000000000
72994  53.062  -8.703  36.128 0.0000000000
71758  54.202  -8.593  39.447 0.0000000000
71760  53.497  -9.515  38.823 0.0000000000
71759  53.960  -9.089  39.049 0.0000000000
71779  53.359  -9.682  38.076 0.0000000000
69407  51.422  -10.834  38.728 0.0000000000
69408  50.912  -11.106  39.008 0.0000000000
69362  52.550  -11.015  41.359 0.0000000000
68262  50.432  -12.166  40.491 0.0000000000
69397  50.030  -11.821  39.321 0.0000000000
68264  49.014  -12.697  39.543 0.0000000000
67033  48.041  -13.699  40.230 0.0000000000
67045  47.904  -13.658  39.643 0.0000000000
70494  52.034  -10.737  45.090 0.0000000000
69311  52.213  -10.944  45.026 0.0000000000
68200  51.207  -12.332  44.633 0.0000000000
68211  51.754  -11.835  44.286 0.0000000000
68212  51.292  -12.295  43.834 0.0000000000
66970  50.439  -12.765  44.977 0.0000000000
65804  49.142  -14.034  43.167 0.0000000000
66989  49.157  -13.996  42.771 0.0000000000
65835  47.574  -14.447  41.358 0.0000000000
64666  44.423  -15.621  40.184 0.0000000000
64649  44.535  -15.855  41.354 0.0000000000
63509  43.517  -16.194  41.512 0.0000000000
64545  48.601  -16.374  50.160 0.0000000000
64558  48.576  -16.094  49.399 0.0000000000
64573  48.239  -15.770  48.226 0.0000000000
57319  46.336  -20.961  51.070 0.0000000000
58532  46.993  -20.768  51.504 0.0000000000
58552  46.786  -20.432  50.978 0.0000000000
59784  47.772  -19.556  51.191 0.0000000000
59785  47.254  -19.804  50.882 0.0000000000
56127  43.986  -21.844  48.953 0.0000000000
56111  44.948  -21.822  49.815 0.0000000000
57359  44.419  -21.384  48.993 0.0000000000
59817  45.593  -19.436  49.079 0.0000000000
58589  45.505  -20.159  49.607 0.0000000000
59816  46.302  -19.197  49.585 0.0000000000
59801  46.716  -19.595  50.328 0.0000000000
61053  46.871  -18.666  49.679 0.0000000000
62242  45.809  -17.948  48.048 0.0000000000
62241  46.549  -17.721  48.491 0.0000000000
62253  46.188  -17.413  47.747 0.0000000000
63442  46.223  -16.682  46.612 0.0000000000
62265  46.002  -17.280  47.145 0.0000000000
61107  44.108  -18.069  46.094 0.0000000000
62280  43.908  -17.607  45.190 0.0000000000
59889  42.013  -19.135  44.949 0.0000000000
61128  42.040  -18.374  44.292 0.0000000000
61127  42.872  -18.058  44.763 0.0000000000
61147  41.826  -17.894  43.672 0.0000000000
61170  39.907  -18.494  42.268 0.0000000000
57481  38.518  -21.641  42.206 0.0000000000
57507  37.221  -21.694  40.023 0.0000000000
53864  39.341  -24.600  44.902 0.0000000000
52636  37.506  -25.544  43.440 0.0000000000
53894  37.532  -24.987  43.186 0.0000000000
53907  37.381  -24.586  42.728 0.0000000000
51252  35.860  -26.322  42.771 0.0000000000
51253  35.084  -26.299  42.337 0.0000000000
53929  34.858  -24.665  40.849 0.0000000000
53928  35.297  -24.545  40.959 0.0000000000
47474  38.672  -29.003  52.222 0.0000000000
47475  37.581  -29.355  52.339 0.0000000000
47493  36.366  -29.019  51.225 0.0000000000
47492  37.213  -29.108  51.565 0.0000000000
47505  36.210  -28.721  50.617 0.0000000000
48687  36.917  -28.593  50.415 0.0000000000
48688  35.972  -28.516  50.114 0.0000000000
47496  33.848  -29.840  51.281 0.0000000000
47508  33.520  -29.674  50.591 0.0000000000
48704  34.601  -28.731  48.902 0.0000000000
48720  34.254  -28.697  48.185 0.0000000000
47547  33.304  -28.957  47.350 0.0000000000
48758  32.093  -28.644  46.270 0.0000000000
48757  32.894  -28.609  46.455 0.0000000000
48776  31.723  -28.337  45.625 0.0000000000
43949  28.685  -31.930  47.129 0.0000000000
43937  29.083  -32.131  47.547 0.0000000000
43948  29.068  -31.845  47.303 0.0000000000
45142  30.061  -31.122  47.916 0.0000000000
45156  28.964  -31.420  46.991 0.0000000000
45181  26.190  -30.700  44.913 0.0000000000
47579  28.041  -29.777  45.395 0.0000000000
46355  29.038  -30.189  46.385 0.0000000000
47578  29.211  -29.360  45.710 0.0000000000
47577  30.069  -28.995  45.892 0.0000000000
48813  28.400  -28.145  43.550 0.0000000000
48796  29.536  -28.426  44.783 0.0000000000
48811  30.210  -27.840  44.054 0.0000000000
74206  54.459  -7.424  29.812 0.0000000000
71872  51.349  -9.353  31.674 0.0000000000
70687  52.095  -10.951  31.991 0.0000000000
69497  52.777  -11.716  31.440 0.0000000000
69451  52.606  -11.465  35.927 0.0000000000
46076  29.355  -30.678  64.656 0.0000000000
47441  42.739  -29.905  54.021 0.0000000000
47450  43.123  -29.552  53.312 0.0000000000
47470  42.665  -29.363  52.438 0.0000000000
47488  43.047  -29.100  51.641 0.0000000000
47490  41.720  -28.946  51.701 0.0000000000
48672  40.707  -28.672  50.952 0.0000000000
48684  40.219  -28.603  50.111 0.0000000000
48674  38.666  -28.645  51.287 0.0000000000
46173  25.043  -30.383  56.465 0.0000000000
46155  24.638  -30.527  57.282 0.0000000000
46117  22.453  -30.938  60.875 0.0000000000
46141  19.378  -30.331  58.360 0.0000000000
47405  20.051  -29.567  59.612 0.0000000000
47406  19.258  -29.628  59.628 0.0000000000
42600  38.038  -33.180  60.651 0.0000000000
42599  38.763  -33.088  60.411 0.0000000000
42622  38.275  -33.767  60.239 0.0000000000
41587  38.094  -34.210  59.783 0.0000000000
41610  37.772  -34.254  58.789 0.0000000000
41611  36.939  -34.475  58.996 0.0000000000
44943  28.992  -31.284  58.255 0.0000000000
46151  28.017  -30.614  56.910 0.0000000000
67059  47.683  -13.669  38.535 0.0000000000
48485  16.756  -28.662  65.779 0.0000000000
70519  53.117  -9.990  43.062 0.0000000000
65787  46.727  -15.357  45.446 0.0000000000
64604  46.778  -15.452  45.763 0.0000000000
54987  41.659  -23.795  47.682 0.0000000000
54986  42.164  -23.279  47.853 0.0000000000
56177  41.641  -22.663  46.830 0.0000000000
56199  41.296  -22.132  46.149 0.0000000000
56218  39.828  -22.747  44.897 0.0000000000
45094  32.089  -31.746  51.777 0.0000000000
45107  31.994  -31.368  51.163 0.0000000000
45095  31.634  -31.793  51.271 0.0000000000
74176  52.410  -7.204  31.453 0.0000000000
73051  52.048  -7.775  31.237 0.0000000000
43757  27.499  -32.447  61.110 0.0000000000
43680  26.440  -32.050  64.186 0.0000000000
43702  26.143  -32.420  63.645 0.0000000000
43704  24.256  -32.080  63.038 0.0000000000
42569  34.536  -32.916  62.562 0.0000000000
42585  34.337  -33.378  62.235 0.0000000000
42570  33.957  -33.055  62.846 0.0000000000
42574  30.473  -32.497  63.342 0.0000000000
42608  30.049  -32.610  62.367 0.0000000000
48631  45.577  -28.264  55.187 0.0000000000
49901  45.941  -27.819  54.915 0.0000000000
49884  46.314  -26.942  55.228 0.0000000000
53703  47.126  -24.444  54.326 0.0000000000
53723  46.772  -24.487  53.523 0.0000000000
52460  46.240  -25.322  53.300 0.0000000000
52461  45.750  -25.394  52.852 0.0000000000
51106  44.926  -25.966  52.205 0.0000000000
49942  42.958  -28.048  50.031 0.0000000000
49941  43.468  -27.624  50.451 0.0000000000
49948  42.716  -27.586  49.568 0.0000000000
51148  42.774  -26.915  49.527 0.0000000000
52535  42.035  -26.205  48.757 0.0000000000
51182  41.471  -26.758  47.828 0.0000000000
51183  40.966  -26.731  47.223 0.0000000000
51194  40.450  -26.587  46.708 0.0000000000
49969  39.677  -27.895  46.899 0.0000000000
48716  38.206  -28.563  48.421 0.0000000000
48734  37.798  -28.272  47.583 0.0000000000
48771  36.188  -27.798  45.978 0.0000000000
46314  26.507  -30.019  48.159 0.0000000000
70655  52.074  -10.091  33.908 0.0000000000
71818  56.619  -9.933  35.099 0.0000000000
46248  21.407  -30.172  53.509 0.0000000000
44925  24.694  -31.427  59.660 0.0000000000
44978  22.258  -31.543  57.827 0.0000000000
45030  19.134  -31.876  55.495 0.0000000000
42659  40.788  -33.023  57.686 0.0000000000
43814  41.177  -32.785  57.541 0.0000000000
43821  41.638  -32.423  56.986 0.0000000000
44995  42.022  -31.925  56.675 0.0000000000
44996  41.404  -32.151  56.483 0.0000000000
45019  40.805  -31.757  55.960 0.0000000000
45041  39.563  -31.219  55.158 0.0000000000
45022  38.032  -31.712  55.519 0.0000000000
43853  34.187  -32.134  55.010 0.0000000000
45047  33.800  -31.867  54.397 0.0000000000
42624  33.763  -33.759  60.736 0.0000000000
43816  32.578  -32.842  58.144 0.0000000000
44998  30.946  -31.585  56.047 0.0000000000
43842  30.958  -32.148  55.072 0.0000000000
45067  29.696  -31.625  53.160 0.0000000000
46245  25.889  -30.028  54.094 0.0000000000
47500  23.965  -29.251  51.220 0.0000000000
68299  50.280  -12.134  36.504 0.0000000000
68328  49.951  -12.619  36.107 0.0000000000
47252  23.850  -28.303  67.262 0.0000000000
47272  23.540  -29.570  66.396 0.0000000000
47288  23.062  -29.193  66.098 0.0000000000
48479  22.471  -28.640  65.725 0.0000000000
49725  19.226  -27.745  66.279 0.0000000000
48464  20.042  -27.912  65.901 0.0000000000
48481  20.700  -27.965  65.219 0.0000000000
48530  19.704  -28.852  62.030 0.0000000000
47321  18.879  -28.991  62.316 0.0000000000
74108  52.777  -7.807  37.468 0.0000000000
71741  54.201  -8.567  40.201 0.0000000000
67031  49.407  -13.035  40.722 0.0000000000
63477  44.907  -16.297  44.271 0.0000000000
64626  44.714  -16.169  43.165 0.0000000000
63496  42.777  -16.490  42.142 0.0000000000
62333  42.144  -16.888  42.688 0.0000000000
63403  48.172  -16.903  49.774 0.0000000000
56076  46.345  -22.374  51.926 0.0000000000
57274  46.702  -21.914  52.106 0.0000000000
57297  46.036  -21.617  51.225 0.0000000000
57320  45.856  -21.339  50.862 0.0000000000
58591  44.357  -20.842  48.559 0.0000000000
59818  44.940  -19.759  48.560 0.0000000000
61089  45.032  -18.186  47.230 0.0000000000
62266  45.350  -17.558  46.684 0.0000000000
58667  41.295  -20.484  45.096 0.0000000000
59870  41.725  -19.771  45.218 0.0000000000
61148  41.175  -18.410  43.552 0.0000000000
59930  39.623  -19.261  42.498 0.0000000000
61171  39.491  -19.027  42.106 0.0000000000
58720  38.778  -20.185  41.501 0.0000000000
56280  36.990  -22.190  40.696 0.0000000000
51220  38.647  -26.362  44.596 0.0000000000
52619  38.576  -25.533  44.185 0.0000000000
51234  38.246  -26.065  44.125 0.0000000000
52637  36.881  -25.731  43.206 0.0000000000
51273  33.662  -26.107  41.324 0.0000000000
52670  33.636  -25.301  40.770 0.0000000000
46237  37.327  -29.962  53.238 0.0000000000
46255  37.006  -29.631  52.554 0.0000000000
47494  35.284  -29.352  51.336 0.0000000000
47523  32.656  -29.821  49.817 0.0000000000
47548  32.604  -29.152  47.296 0.0000000000
48759  31.317  -28.794  46.237 0.0000000000
43930  27.913  -32.100  47.956 0.0000000000
43950  28.230  -31.987  46.999 0.0000000000
46388  26.101  -30.144  44.226 0.0000000000
46371  26.555  -30.311  44.866 0.0000000000
67112  52.511  -13.138  35.517 0.0000000000
42576  28.985  -32.417  63.248 0.0000000000
42577  28.541  -32.368  63.328 0.0000000000
43700  28.027  -32.281  63.466 0.0000000000
43679  27.318  -31.910  63.916 0.0000000000
44860  25.849  -31.539  64.575 0.0000000000
43659  25.331  -31.474  64.972 0.0000000000
43675  31.039  -32.235  64.059 0.0000000000
42562  30.700  -32.414  63.707 0.0000000000
43697  29.963  -32.318  63.403 0.0000000000
42575  29.659  -32.433  63.182 0.0000000000
46149  43.918  -30.113  57.097 0.0000000000
47434  44.789  -29.195  55.569 0.0000000000
46207  44.284  -29.736  54.744 0.0000000000
47438  44.754  -29.437  54.615 0.0000000000
47437  45.312  -28.868  54.833 0.0000000000
47447  45.290  -28.905  53.992 0.0000000000
48655  45.654  -28.220  53.308 0.0000000000
49927  44.729  -28.168  51.999 0.0000000000
48668  44.030  -28.298  51.250 0.0000000000
48669  43.439  -28.518  51.003 0.0000000000
48680  43.174  -28.208  50.391 0.0000000000
48696  42.234  -28.439  49.516 0.0000000000
48713  41.132  -28.541  48.546 0.0000000000
46317  23.581  -30.918  48.809 0.0000000000
45135  23.657  -31.517  48.378 0.0000000000
71800  55.927  -9.598  35.502 0.0000000000
71799  56.459  -9.918  35.266 0.0000000000
47443  24.256  -29.900  54.064 0.0000000000
47444  23.400  -29.773  54.003 0.0000000000
46224  22.488  -29.985  54.449 0.0000000000
46225  21.205  -30.445  54.774 0.0000000000
43787  23.155  -31.796  59.804 0.0000000000
43804  22.863  -31.860  59.315 0.0000000000
43805  22.439  -31.891  59.072 0.0000000000
43806  21.985  -31.891  58.922 0.0000000000
44980  20.770  -31.355  57.887 0.0000000000
44954  18.006  -31.021  57.896 0.0000000000
42621  39.187  -33.286  60.038 0.0000000000
42620  39.826  -33.088  59.697 0.0000000000
42641  40.216  -33.175  59.120 0.0000000000
42653  40.290  -33.305  58.333 0.0000000000
42661  39.680  -33.559  57.855 0.0000000000
42674  38.683  -33.302  57.127 0.0000000000
42675  37.750  -33.221  57.191 0.0000000000
42676  36.718  -33.136  57.253 0.0000000000
42677  35.617  -33.125  57.231 0.0000000000
43803  30.977  -31.635  58.440 0.0000000000
46190  29.263  -30.758  55.176 0.0000000000
46220  26.603  -30.302  54.747 0.0000000000
64753  48.488  -15.196  36.564 0.0000000000
49712  18.866  -27.262  67.228 0.0000000000
47308  16.801  -29.628  64.814 0.0000000000
66957  50.418  -12.751  46.055 0.0000000000
65807  46.785  -15.025  43.869 0.0000000000
61042  48.343  -18.371  51.398 0.0000000000
54942  43.851  -23.054  49.728 0.0000000000
56094  44.667  -22.534  50.091 0.0000000000
56113  43.641  -22.766  49.319 0.0000000000
56151  43.022  -22.039  48.097 0.0000000000
57379  43.374  -21.524  48.107 0.0000000000
58630  43.475  -20.245  47.389 0.0000000000
58651  42.272  -20.424  46.297 0.0000000000
57446  41.339  -21.117  45.573 0.0000000000
50010  36.526  -27.242  44.221 0.0000000000
50023  36.311  -26.881  43.587 0.0000000000
50060  34.573  -26.560  42.202 0.0000000000
50061  34.124  -26.811  41.939 0.0000000000
46283  32.892  -30.049  50.862 0.0000000000
46284  32.260  -30.620  50.608 0.0000000000
46294  32.025  -30.274  49.750 0.0000000000
46325  31.223  -30.252  48.442 0.0000000000
46326  30.560  -30.568  47.969 0.0000000000
45171  25.609  -31.040  45.390 0.0000000000
45182  25.768  -30.874  44.787 0.0000000000
46373  25.394  -30.763  44.191 0.0000000000
46390  24.840  -30.709  43.559 0.0000000000
74207  53.885  -7.677  29.979 0.0000000000
74190  52.697  -7.517  30.874 0.0000000000
71889  53.872  -9.493  29.927 0.0000000000
44924  25.589  -31.473  59.385 0.0000000000
44908  23.953  -31.596  60.105 0.0000000000
43737  25.519  -32.281  61.755 0.0000000000
43786  23.601  -31.688  60.157 0.0000000000
43761  23.370  -31.730  60.490 0.0000000000
43741  22.666  -31.606  60.468 0.0000000000
44896  23.642  -31.744  61.948 0.0000000000
44898  22.688  -31.374  60.987 0.0000000000
46123  22.400  -30.555  61.009 0.0000000000
43733  36.076  -33.140  61.663 0.0000000000
42602  36.117  -33.618  61.512 0.0000000000
41590  35.759  -34.405  60.730 0.0000000000
41591  34.951  -34.196  60.964 0.0000000000
41592  34.253  -33.975  61.205 0.0000000000
41559  34.197  -33.647  61.868 0.0000000000
41577  34.117  -33.791  61.647 0.0000000000
43753  32.367  -32.849  60.474 0.0000000000
42572  32.283  -33.015  63.199 0.0000000000
70495  51.725  -10.754  45.709 0.0000000000
69300  51.449  -11.294  46.392 0.0000000000
68174  51.114  -11.666  46.818 0.0000000000
68164  50.947  -11.628  47.164 0.0000000000
66946  50.355  -12.698  47.083 0.0000000000
66938  49.709  -13.358  47.618 0.0000000000
66927  50.032  -12.546  48.446 0.0000000000
54911  46.455  -23.059  52.336 0.0000000000
54912  45.746  -23.263  51.812 0.0000000000
54913  45.018  -23.516  51.278 0.0000000000
51121  45.096  -26.993  52.043 0.0000000000
51123  44.000  -25.993  51.128 0.0000000000
52480  44.118  -25.406  51.352 0.0000000000
53745  44.402  -24.686  51.508 0.0000000000
53763  43.899  -24.351  50.880 0.0000000000
54928  43.657  -23.659  50.130 0.0000000000
54944  42.643  -23.898  49.072 0.0000000000
54963  41.833  -24.378  48.246 0.0000000000
53800  42.002  -25.126  48.665 0.0000000000
53841  40.319  -24.613  46.053 0.0000000000
52601  39.953  -25.217  45.874 0.0000000000
52602  39.524  -25.476  45.344 0.0000000000
51219  39.240  -26.139  44.973 0.0000000000
51206  39.489  -26.472  45.564 0.0000000000
50008  38.211  -26.854  44.641 0.0000000000
50009  37.653  -27.114  44.592 0.0000000000
48751  38.423  -28.013  46.841 0.0000000000
50011  35.092  -27.639  44.437 0.0000000000
49998  35.290  -27.788  45.129 0.0000000000
50012  33.847  -27.669  44.214 0.0000000000
43922  28.904  -32.070  49.446 0.0000000000
45132  28.619  -31.879  48.934 0.0000000000
45121  28.427  -31.443  49.091 0.0000000000
47537  25.998  -29.505  48.696 0.0000000000
46329  25.795  -30.320  47.344 0.0000000000
45160  25.431  -31.024  46.036 0.0000000000
71861  50.799  -9.026  32.749 0.0000000000
70653  54.780  -9.973  33.989 0.0000000000
70676  54.912  -10.761  33.769 0.0000000000
46226  20.447  -31.130  54.946 0.0000000000
46177  21.307  -31.213  56.553 0.0000000000
43799  41.786  -31.974  58.598 0.0000000000
47420  43.663  -29.985  57.766 0.0000000000
46187  42.514  -30.949  55.705 0.0000000000
46210  41.839  -30.356  54.439 0.0000000000
47453  40.223  -29.567  53.153 0.0000000000
45023  36.997  -31.654  55.498 0.0000000000
45044  36.378  -31.179  54.898 0.0000000000
46215  35.729  -30.819  54.232 0.0000000000
46239  34.880  -30.813  53.500 0.0000000000
46240  33.790  -31.182  53.211 0.0000000000
45065  33.319  -31.823  53.642 0.0000000000
45082  32.483  -31.886  52.586 0.0000000000
43885  31.781  -32.216  52.142 0.0000000000
41602  35.960  -34.563  59.989 0.0000000000
41613  35.336  -34.266  59.442 0.0000000000
41623  34.743  -33.927  58.886 0.0000000000
42680  32.785  -33.384  56.284 0.0000000000
42692  32.351  -33.043  54.572 0.0000000000
42693  31.784  -32.993  54.137 0.0000000000
43856  31.305  -32.677  54.299 0.0000000000
45096  29.532  -31.820  51.276 0.0000000000
45097  29.279  -31.477  50.885 0.0000000000
46276  28.750  -30.846  50.833 0.0000000000
47511  26.662  -29.482  50.386 0.0000000000
47456  26.652  -29.806  53.196 0.0000000000
47527  23.662  -29.564  49.741 0.0000000000
47514  23.401  -29.425  50.585 0.0000000000
68325  52.116  -12.335  35.586 0.0000000000
65948  50.228  -13.501  35.730 0.0000000000
65947  50.928  -13.748  35.749 0.0000000000
64755  46.947  -15.512  36.896 0.0000000000
63580  47.160  -16.101  36.885 0.0000000000
47302  26.759  -29.526  64.202 0.0000000000
46062  25.676  -30.569  64.978 0.0000000000
44841  25.570  -30.903  65.256 0.0000000000
43645  25.210  -31.231  65.636 0.0000000000
44826  25.117  -30.758  66.232 0.0000000000
43660  24.843  -31.408  65.456 0.0000000000
44861  24.462  -31.341  64.900 0.0000000000
44862  24.060  -30.930  64.838 0.0000000000
46081  23.692  -30.469  64.523 0.0000000000
47304  23.609  -30.043  65.132 0.0000000000
46093  23.313  -30.050  62.984 0.0000000000
47363  21.702  -29.229  61.631 0.0000000000
49708  22.768  -27.733  67.677 0.0000000000
48500  21.355  -28.301  64.617 0.0000000000
48514  21.889  -28.597  64.096 0.0000000000
47340  21.785  -28.788  62.901 0.0000000000
47386  19.504  -29.368  60.251 0.0000000000
47387  18.856  -29.648  60.052 0.0000000000
74151  51.359  -7.050  33.152 0.0000000000
74163  50.941  -7.654  32.866 0.0000000000
71862  50.664  -8.568  33.273 0.0000000000
71848  50.676  -8.774  33.714 0.0000000000
74126  50.168  -7.184  36.031 0.0000000000
71794  54.263  -9.626  37.107 0.0000000000
70605  53.555  -9.834  37.378 0.0000000000
74075  53.657  -7.413  39.299 0.0000000000
70621  52.465  -10.498  37.373 0.0000000000
69418  51.722  -10.777  38.106 0.0000000000
69420  50.091  -11.693  37.838 0.0000000000
70568  52.488  -10.784  40.646 0.0000000000
67004  50.222  -13.069  42.478 0.0000000000
65834  48.159  -13.926  41.047 0.0000000000
65851  48.097  -13.764  40.512 0.0000000000
64635  46.204  -15.237  42.730 0.0000000000
64637  44.901  -15.980  42.501 0.0000000000
64572  48.783  -15.130  48.398 0.0000000000
64585  47.475  -16.028  47.409 0.0000000000
61035  48.202  -18.980  51.426 0.0000000000
61043  47.937  -18.703  50.915 0.0000000000
57340  45.290  -21.320  50.099 0.0000000000
58573  45.951  -20.430  50.368 0.0000000000
58572  46.499  -20.162  50.559 0.0000000000
62217  47.790  -18.073  50.494 0.0000000000
62228  47.495  -17.793  49.749 0.0000000000
63404  47.689  -17.097  49.180 0.0000000000
62240  47.264  -17.521  48.964 0.0000000000
63417  47.394  -16.783  48.445 0.0000000000
63430  47.092  -16.536  47.712 0.0000000000
63441  46.884  -16.374  47.096 0.0000000000
62278  45.163  -17.377  45.979 0.0000000000
63451  44.648  -16.918  45.131 0.0000000000
62292  44.214  -17.281  45.002 0.0000000000
59868  43.166  -19.067  46.154 0.0000000000
58702  38.513  -20.898  41.685 0.0000000000
53892  38.599  -24.161  43.718 0.0000000000
53879  38.433  -25.082  43.877 0.0000000000
53906  37.892  -24.166  42.917 0.0000000000
55087  37.150  -23.918  42.186 0.0000000000
51237  36.217  -26.591  43.279 0.0000000000
52654  35.050  -25.681  41.841 0.0000000000
52667  36.145  -25.119  41.902 0.0000000000
53927  36.091  -24.527  41.394 0.0000000000
48666  38.868  -28.750  51.794 0.0000000000
48675  37.626  -28.746  51.078 0.0000000000
48702  36.514  -28.370  49.366 0.0000000000
46272  34.807  -29.768  51.624 0.0000000000
47507  34.712  -29.060  50.251 0.0000000000
48689  35.398  -28.733  50.102 0.0000000000
48737  34.871  -28.369  47.411 0.0000000000
48756  33.768  -28.400  46.469 0.0000000000
48739  33.311  -28.822  46.940 0.0000000000
48774  33.514  -28.087  45.773 0.0000000000
48793  32.249  -27.910  44.855 0.0000000000
48809  31.806  -27.836  44.319 0.0000000000
43928  29.362  -32.190  48.306 0.0000000000
43927  29.810  -31.944  48.573 0.0000000000
45130  30.171  -31.478  48.473 0.0000000000
46327  29.979  -30.828  47.554 0.0000000000
46342  30.234  -30.314  47.277 0.0000000000
45169  27.594  -31.104  45.821 0.0000000000
46357  27.718  -30.514  45.555 0.0000000000
45168  28.050  -31.033  45.816 0.0000000000
46344  28.806  -30.845  46.559 0.0000000000
47594  28.966  -28.828  44.951 0.0000000000
48810  31.157  -27.930  44.123 0.0000000000
50028  30.926  -27.553  43.294 0.0000000000
71882  51.712  -9.596  31.115 0.0000000000
70697  51.955  -10.072  30.879 0.0000000000
70690  52.238  -10.751  31.107 0.0000000000
67133  53.631  -12.964  32.715 0.0000000000
69428  53.585  -10.670  36.177 0.0000000000
68323  54.371  -12.176  35.396 0.0000000000
41608  39.118  -33.885  58.248 0.0000000000
42592  28.486  -32.490  63.114 0.0000000000
42652  40.858  -33.045  58.048 0.0000000000
42672  40.161  -33.164  57.398 0.0000000000
42702  31.852  -32.871  53.719 0.0000000000
43646  24.968  -31.232  65.958 0.0000000000
43752  32.876  -33.062  60.369 0.0000000000
43788  22.653  -31.801  59.577 0.0000000000
43858  30.122  -31.947  54.261 0.0000000000
43919  30.602  -31.856  49.610 0.0000000000
44815  24.740  -30.499  66.570 0.0000000000
44828  23.973  -30.885  66.081 0.0000000000
44842  24.366  -31.175  65.632 0.0000000000
44967  43.129  -31.306  57.373 0.0000000000
44993  43.292  -31.240  57.051 0.0000000000
45040  40.304  -31.327  55.419 0.0000000000
45069  19.937  -31.465  54.469 0.0000000000
45081  32.997  -31.714  53.003 0.0000000000
45109  29.331  -31.838  50.716 0.0000000000
45131  29.718  -31.849  48.248 0.0000000000
46037  25.014  -30.054  66.876 0.0000000000
46080  25.663  -29.826  64.952 0.0000000000
46104  23.474  -30.821  62.647 0.0000000000
46140  20.181  -30.429  58.560 0.0000000000
46152  27.641  -30.600  56.957 0.0000000000
46311  31.654  -30.204  49.082 0.0000000000
46370  27.199  -30.168  45.174 0.0000000000
47251  24.113  -28.535  67.113 0.0000000000
47263  23.220  -28.569  67.079 0.0000000000
48654  45.948  -27.652  53.491 0.0000000000
48695  42.597  -28.143  49.695 0.0000000000
49947  43.053  -27.236  49.841 0.0000000000
51048  46.207  -26.605  55.579 0.0000000000
51104  45.913  -25.879  53.068 0.0000000000
51134  44.193  -27.027  51.144 0.0000000000
52462  45.181  -25.396  52.431 0.0000000000
52651  37.164  -25.255  43.049 0.0000000000
53743  45.770  -24.102  52.337 0.0000000000
57295  47.065  -20.953  51.792 0.0000000000
57341  44.877  -21.359  49.504 0.0000000000
58551  47.398  -20.044  51.161 0.0000000000
67115  50.112  -12.950  35.709 0.0000000000
71675  53.077  -9.826  42.905 0.0000000000
73040  50.690  -8.142  33.058 0.0000000000
