#!ascii label  , from subject sub.01.bl.01 vox2ras=TkReg
876
78004  13.595  -4.345  -15.254 0.2500000000
78003  14.153  -4.301  -15.841 0.2500000000
76964  14.164  -5.205  -15.518 0.7500000000
81124  13.005  -1.498  -15.860 0.2500000000
80146  13.195  -2.238  -15.915 0.1250000000
81123  13.293  -0.945  -16.546 0.3750000000
80130  13.326  -2.591  -15.890 0.2500000000
79081  13.303  -3.540  -15.210 0.2500000000
75917  14.631  -5.905  -15.904 0.8750000000
76975  14.690  -5.156  -16.159 0.8750000000
75916  15.279  -6.062  -16.497 0.8750000000
80145  13.609  -2.252  -16.377 0.3750000000
79093  13.966  -3.047  -16.195 0.3750000000
79092  14.547  -3.115  -16.616 0.8750000000
79079  14.171  -3.595  -16.145 0.7500000000
78030  16.066  -4.400  -17.812 1.0000000000
78016  15.311  -4.094  -17.055 1.0000000000
78017  14.692  -4.239  -16.410 0.8750000000
75934  15.832  -5.782  -16.935 1.0000000000
76974  15.327  -5.095  -16.700 0.8750000000
75933  16.499  -5.925  -17.167 1.0000000000
80157  13.995  -1.927  -16.973 0.7500000000
80156  14.661  -2.320  -17.177 0.8750000000
79105  14.944  -2.990  -17.069 0.8750000000
80144  14.181  -2.386  -16.762 0.7500000000
78047  16.491  -4.299  -18.217 1.0000000000
79104  15.442  -3.206  -17.549 1.0000000000
77006  17.645  -5.053  -18.085 1.0000000000
77007  17.127  -4.938  -17.961 1.0000000000
76987  17.490  -5.521  -17.658 1.0000000000
76988  16.740  -5.251  -17.613 1.0000000000
82163  12.759  -0.277  -16.124 0.1250000000
81136  14.811  -1.619  -17.547 1.0000000000
81137  14.186  -1.249  -17.422 0.8750000000
80155  15.298  -2.163  -17.611 1.0000000000
78063  17.497  -3.921  -18.788 1.0000000000
128963  16.925  -3.778  -18.778 1.0000000000
79112  16.251  -3.713  -18.245 1.0000000000
80166  15.998  -2.515  -18.253 1.0000000000
78045  17.864  -4.517  -18.465 1.0000000000
78046  16.966  -4.312  -18.542 1.0000000000
77004  19.380  -5.413  -18.314 1.0000000000
77005  18.459  -5.332  -18.085 1.0000000000
87431  11.859  4.607  -16.010 0.2500000000
83204  12.951  0.637  -16.852 0.3750000000
82162  13.061  0.088  -16.769 0.5000000000
83235  13.871  0.191  -17.803 1.0000000000
83221  13.246  0.713  -17.253 0.6250000000
82192  14.462  -0.515  -17.890 1.0000000000
81147  16.192  -1.278  -18.609 1.0000000000
81148  15.297  -1.318  -17.943 1.0000000000
128965  18.080  -3.411  -18.841 1.0000000000
80164  17.258  -3.402  -18.835 1.0000000000
81158  16.848  -1.569  -19.202 1.0000000000
79126  19.261  -3.073  -19.111 1.0000000000
78043  19.608  -4.625  -18.657 1.0000000000
79125  20.265  -3.025  -19.235 1.0000000000
78060  19.871  -3.905  -19.089 1.0000000000
86463  12.937  3.928  -17.460 0.5000000000
86464  12.492  3.545  -16.609 0.3750000000
85409  12.777  2.333  -16.752 0.3750000000
84289  13.257  1.795  -17.338 0.5000000000
85423  13.644  2.306  -17.977 0.5000000000
84306  13.809  1.231  -17.876 0.8750000000
83234  14.597  0.597  -18.374 1.0000000000
84319  14.994  1.297  -18.864 1.0000000000
83233  15.121  0.366  -18.697 1.0000000000
81156  18.378  -1.879  -19.790 1.0000000000
81157  17.543  -1.417  -19.667 1.0000000000
80178  20.452  -2.572  -20.010 1.0000000000
80179  19.268  -2.370  -19.907 1.0000000000
78059  20.860  -4.060  -19.439 0.8750000000
87450  12.870  4.743  -17.568 0.5000000000
85408  13.128  2.868  -17.354 0.5000000000
86475  13.478  3.367  -18.054 0.6250000000
85422  13.931  2.837  -18.674 0.6250000000
85435  14.758  2.484  -19.094 1.0000000000
84305  14.322  1.809  -18.436 0.7500000000
82209  19.428  -0.417  -20.648 1.0000000000
82210  18.681  -0.553  -20.646 1.0000000000
82211  17.999  -0.788  -20.298 1.0000000000
82200  17.332  -0.114  -19.876 1.0000000000
81166  19.372  -1.289  -20.494 1.0000000000
81167  18.742  -1.468  -20.281 1.0000000000
81168  18.191  -1.385  -20.002 1.0000000000
81165  20.179  -1.351  -20.490 0.8750000000
80188  19.861  -2.012  -20.497 1.0000000000
80177  21.289  -2.791  -20.122 0.8750000000
87461  13.393  4.464  -18.064 0.5000000000
86474  13.845  3.869  -18.624 0.8750000000
85444  16.659  2.440  -20.616 1.0000000000
84328  16.164  1.774  -19.886 1.0000000000
83251  18.716  0.156  -21.292 1.0000000000
84335  18.125  1.216  -21.395 1.0000000000
83242  16.553  0.749  -19.734 1.0000000000
83258  19.064  1.062  -21.927 1.0000000000
82207  21.232  -0.849  -20.463 1.0000000000
83250  19.416  0.640  -21.266 1.0000000000
82208  20.403  -0.407  -20.357 1.0000000000
88440  13.119  5.170  -17.846 0.5000000000
87460  13.777  4.724  -18.607 0.8750000000
86482  14.875  3.618  -19.433 1.0000000000
86501  16.674  3.635  -21.107 1.0000000000
86492  15.510  3.320  -19.880 1.0000000000
86489  19.304  3.409  -21.349 1.0000000000
85451  18.701  2.397  -21.679 1.0000000000
85442  19.678  2.426  -20.869 1.0000000000
85450  19.272  2.438  -21.520 1.0000000000
84333  19.247  1.584  -21.836 1.0000000000
84324  20.270  1.538  -20.440 1.0000000000
84325  19.749  1.547  -21.217 1.0000000000
83240  20.864  0.697  -20.126 0.8750000000
90631  16.606  7.071  -21.670 1.0000000000
90589  15.943  7.135  -19.883 0.3750000000
89520  16.894  6.689  -21.972 0.8750000000
88487  16.624  5.246  -21.341 1.0000000000
87480  19.473  4.432  -21.190 1.0000000000
87488  18.964  4.417  -21.973 1.0000000000
91696  17.390  8.135  -22.151 0.8750000000
90647  17.579  7.312  -22.360 1.0000000000
90648  17.091  7.018  -22.026 1.0000000000
89519  17.339  6.443  -22.176 1.0000000000
88486  17.330  5.303  -21.986 1.0000000000
88484  18.877  5.452  -21.451 1.0000000000
90646  18.310  7.397  -22.928 1.0000000000
89518  18.056  6.511  -22.355 1.0000000000
89500  19.288  6.580  -21.561 1.0000000000
89501  18.490  6.245  -21.820 1.0000000000
91710  18.197  7.918  -23.489 1.0000000000
89517  18.711  6.816  -22.353 1.0000000000
96434  18.552  13.086  -21.281 0.1250000000
97365  18.995  14.022  -20.853 0.1250000000
96445  18.436  13.286  -22.550 0.2500000000
97393  18.409  14.394  -22.922 0.1250000000
96452  18.354  13.390  -23.768 0.3750000000
96460  18.044  13.538  -24.928 0.5000000000
97401  18.116  14.447  -24.019 0.2500000000
97409  17.545  14.565  -24.838 0.3750000000
98271  18.660  15.460  -22.238 0.2500000000
98288  17.879  15.440  -24.227 0.2500000000
98280  18.330  15.468  -23.286 0.2500000000
99202  18.063  16.582  -23.597 0.2500000000
98289  17.176  15.439  -24.818 0.2500000000
98290  16.842  15.485  -25.416 0.3750000000
98298  16.981  15.646  -26.182 0.3750000000
99213  16.812  15.918  -25.645 0.2500000000
78005  13.234  -4.080  -14.850 0.1250000000
79080  13.621  -3.277  -15.778 0.2500000000
80131  13.141  -2.571  -15.426 0.1250000000
75948  18.526  -5.999  -17.727 1.0000000000
86483  14.290  3.438  -19.038 0.8750000000
85452  17.965  2.258  -21.335 1.0000000000
76952  12.813  -5.330  -13.988 0.1250000000
74847  15.753  -6.869  -16.306 0.7500000000
81108  12.822  -1.577  -15.184 0.1250000000
74846  16.606  -7.331  -16.402 1.0000000000
79067  13.117  -3.422  -14.789 0.1250000000
75914  17.020  -6.647  -16.873 1.0000000000
75931  18.061  -6.222  -17.417 1.0000000000
75947  19.154  -6.120  -17.986 1.0000000000
83205  12.691  0.856  -16.402 0.3750000000
85388  12.305  2.712  -16.116 0.2500000000
84273  12.529  1.805  -16.373 0.2500000000
80186  21.653  -2.623  -20.279 0.8750000000
79124  21.174  -3.256  -19.641 0.8750000000
81155  21.564  -1.134  -20.255 0.8750000000
90590  15.806  8.570  -19.870 0.1250000000
89457  13.288  5.974  -18.159 0.3750000000
88462  14.358  5.405  -19.376 0.6250000000
82198  21.433  -0.381  -19.996 0.8750000000
90630  17.147  7.563  -21.729 0.8750000000
90612  15.364  7.535  -20.166 0.3750000000
89485  15.634  6.301  -20.475 0.8750000000
87479  19.787  4.424  -20.279 1.0000000000
88471  19.586  5.466  -20.868 1.0000000000
91722  17.635  8.892  -23.920 0.8750000000
91721  18.375  8.606  -23.976 1.0000000000
90660  19.010  7.882  -23.760 1.0000000000
90629  19.883  7.269  -21.808 1.0000000000
96420  18.930  13.415  -19.983 0.1250000000
95528  18.336  12.280  -20.387 0.1250000000
95554  18.317  12.305  -23.409 0.6250000000
96468  18.184  13.592  -25.885 0.5000000000
97381  18.743  14.354  -21.737 0.2500000000
96469  17.564  14.333  -26.197 0.5000000000
98255  19.051  15.481  -21.351 0.2500000000
97410  17.068  14.747  -25.587 0.5000000000
97430  17.368  14.779  -26.495 0.5000000000
99188  18.385  16.532  -22.529 0.1250000000
99211  17.609  16.201  -24.394 0.2500000000
99220  17.071  16.505  -25.992 0.2500000000
98306  17.494  15.687  -26.680 0.3750000000
99227  17.398  16.966  -27.125 0.2500000000
99203  17.482  16.994  -24.053 0.1250000000
77987  13.302  -4.692  -14.744 0.1250000000
76965  13.623  -5.306  -14.961 0.3750000000
75903  14.181  -6.234  -15.258 0.5000000000
75902  14.993  -6.743  -15.909 0.7500000000
75915  16.177  -6.457  -16.724 1.0000000000
79091  15.074  -3.352  -17.051 1.0000000000
76989  15.924  -5.151  -17.302 1.0000000000
75932  17.271  -6.044  -17.280 1.0000000000
76986  18.036  -5.635  -17.769 1.0000000000
82181  13.600  -0.453  -17.300 0.8750000000
78044  18.670  -4.559  -18.454 1.0000000000
79111  16.700  -3.382  -18.668 1.0000000000
80165  16.881  -2.460  -18.929 1.0000000000
84290  12.869  1.386  -16.851 0.3750000000
82191  15.331  -0.314  -18.584 1.0000000000
82190  15.968  -0.542  -18.800 1.0000000000
78061  18.730  -3.654  -18.780 1.0000000000
80180  18.062  -2.771  -19.112 1.0000000000
80181  17.326  -2.070  -19.249 1.0000000000
83244  15.067  0.692  -18.736 1.0000000000
84318  15.692  1.677  -19.510 1.0000000000
82201  16.474  -0.485  -19.238 1.0000000000
83243  15.597  0.472  -19.058 1.0000000000
80187  20.775  -2.212  -20.497 0.8750000000
78058  21.835  -4.097  -19.605 0.8750000000
84317  16.275  1.439  -19.830 1.0000000000
83241  17.186  0.507  -20.130 1.0000000000
83252  17.733  0.486  -20.710 1.0000000000
81164  21.282  -1.568  -20.512 0.8750000000
85443  17.212  2.518  -20.993 1.0000000000
85434  15.348  2.706  -19.589 1.0000000000
84326  17.384  1.720  -20.914 1.0000000000
84327  16.691  1.473  -20.275 1.0000000000
83259  18.724  0.807  -21.708 1.0000000000
83253  17.045  0.819  -20.221 1.0000000000
84334  18.657  1.533  -21.759 1.0000000000
83249  20.194  0.700  -20.596 1.0000000000
88451  13.937  5.430  -18.820 0.6250000000
87470  14.689  4.580  -19.537 0.7500000000
87482  15.321  4.342  -19.890 1.0000000000
86491  16.042  3.505  -20.553 1.0000000000
87491  16.348  4.419  -20.970 1.0000000000
86500  17.305  3.144  -21.252 1.0000000000
87490  17.168  4.169  -21.561 1.0000000000
87489  18.084  4.301  -22.048 1.0000000000
86499  18.043  3.282  -21.590 1.0000000000
86488  19.684  3.404  -20.577 1.0000000000
86498  18.772  3.373  -21.732 1.0000000000
90611  16.175  6.835  -20.839 0.7500000000
89503  16.684  6.189  -21.766 1.0000000000
88472  15.994  5.346  -20.697 1.0000000000
91711  17.587  8.248  -23.161 0.8750000000
89502  17.169  5.940  -22.175 1.0000000000
88485  18.176  5.507  -22.141 1.0000000000
88499  17.552  5.848  -22.210 1.0000000000
90661  18.651  7.739  -23.533 1.0000000000
90645  19.393  7.510  -22.904 1.0000000000
97380  19.164  14.777  -20.970 0.2500000000
96461  17.677  14.145  -25.546 0.5000000000
99212  17.074  16.565  -24.921 0.2500000000
75891  13.052  -6.295  -14.099 0.1250000000
91663  14.479  8.463  -19.716 0.5000000000
89455  14.087  5.985  -18.999 0.6250000000
88461  14.781  5.113  -19.820 0.8750000000
88474  14.650  5.832  -19.798 0.7500000000
88473  15.215  5.458  -20.223 0.8750000000
90613  14.741  7.706  -20.002 0.7500000000
89486  14.803  6.696  -20.064 0.8750000000
89484  16.273  5.996  -20.980 1.0000000000
92728  18.962  9.072  -24.381 1.0000000000
91709  19.844  8.296  -23.172 1.0000000000
95541  18.392  11.969  -21.303 0.3750000000
95563  18.137  12.398  -24.550 0.7500000000
98311  18.005  16.450  -27.461 0.3750000000
70176  16.590  -11.497  -14.193 0.7500000000
70174  18.277  -11.937  -15.156 0.7500000000
70177  15.779  -10.815  -14.068 0.7500000000
71344  16.257  -10.506  -14.581 0.7500000000
70193  18.696  -11.653  -15.526 0.7500000000
71343  17.157  -10.761  -14.885 0.7500000000
71365  16.635  -10.057  -15.116 0.7500000000
71366  15.961  -9.911  -14.861 0.7500000000
71363  18.403  -10.389  -15.873 0.7500000000
71364  17.475  -10.169  -15.479 0.7500000000
73755  15.276  -8.158  -15.397 0.7500000000
74833  14.671  -7.490  -15.242 0.6250000000
72574  16.882  -9.441  -15.523 0.7500000000
73753  17.210  -8.762  -15.935 0.8750000000
73754  15.888  -8.789  -15.539 0.8750000000
71362  19.395  -10.726  -16.159 0.7500000000
72572  18.452  -9.754  -16.236 0.7500000000
72589  18.261  -9.364  -16.359 0.7500000000
73770  17.244  -8.079  -16.301 0.8750000000
73768  19.118  -8.896  -16.767 0.7500000000
74844  18.669  -7.973  -16.949 0.8750000000
74845  17.679  -7.506  -16.763 0.8750000000
74843  19.626  -8.170  -16.981 0.7500000000
74860  18.363  -7.086  -17.215 0.8750000000
75928  20.628  -7.010  -18.034 0.8750000000
75929  19.627  -6.944  -17.963 0.8750000000
75946  19.963  -6.322  -18.462 0.8750000000
75943  23.317  -6.328  -18.858 0.3750000000
75944  22.240  -6.224  -18.341 0.6250000000
77002  21.399  -5.500  -18.724 0.7500000000
77003  20.326  -5.519  -18.633 0.7500000000
75942  23.970  -6.352  -19.279 0.5000000000
77001  22.562  -5.442  -18.832 0.5000000000
78040  22.644  -4.787  -19.367 0.7500000000
78041  21.649  -4.787  -19.183 0.7500000000
77014  25.055  -5.333  -19.970 0.1250000000
77015  24.345  -5.547  -19.833 0.3750000000
78039  23.238  -4.830  -19.655 0.6250000000
78057  22.720  -4.233  -19.820 0.6250000000
79123  21.909  -3.344  -20.045 0.6250000000
76997  27.132  -5.194  -20.165 0.1250000000
77013  26.038  -5.120  -20.516 0.1250000000
79121  23.985  -3.678  -20.049 0.1250000000
79120  25.067  -3.566  -19.918 0.1250000000
80175  23.095  -2.820  -19.943 0.6250000000
81154  22.340  -1.695  -20.063 0.6250000000
81163  21.909  -2.179  -20.370 0.7500000000
79109  25.596  -3.073  -19.550 0.1250000000
80162  24.956  -2.677  -18.796 0.1250000000
81145  23.443  -1.975  -19.144 0.1250000000
81146  22.407  -1.262  -19.107 0.5000000000
82197  21.963  -0.977  -19.567 0.6250000000
79118  26.863  -3.436  -19.936 0.1250000000
81134  22.900  -1.221  -18.297 0.5000000000
82175  22.395  -0.404  -18.194 0.5000000000
83232  21.670  0.531  -19.080 0.6250000000
83239  21.337  0.582  -19.596 0.7500000000
92708  17.550  9.234  -22.076 0.6250000000
92717  17.485  9.762  -22.774 0.5000000000
92718  17.350  9.382  -23.378 0.7500000000
84303  21.525  1.350  -18.591 0.6250000000
85433  20.510  2.394  -19.215 0.6250000000
85441  20.123  2.403  -20.045 0.8750000000
85402  21.336  2.310  -17.771 0.5000000000
85421  20.846  2.178  -18.433 0.6250000000
86473  20.533  3.262  -18.727 0.6250000000
86481  20.022  3.367  -19.660 0.7500000000
93692  17.357  9.969  -23.230 0.7500000000
89483  19.993  6.409  -20.784 0.8750000000
90609  19.960  6.921  -21.308 0.8750000000
87469  20.171  4.401  -19.336 0.7500000000
88470  20.123  5.439  -20.070 0.8750000000
90608  20.392  7.610  -20.912 0.8750000000
86456  21.468  3.198  -17.270 0.3750000000
86457  20.903  3.350  -17.929 0.5000000000
87459  20.618  4.382  -18.387 0.5000000000
87445  21.495  4.120  -16.902 0.2500000000
87446  20.989  4.243  -17.497 0.3750000000
93700  17.410  10.301  -23.942 0.6250000000
91727  17.787  9.010  -24.459 0.8750000000
92729  17.518  9.501  -24.338 0.7500000000
91726  18.066  9.051  -24.671 0.8750000000
90644  19.957  8.120  -22.760 0.8750000000
91708  20.330  8.833  -22.671 0.7500000000
91695  20.446  8.728  -21.610 0.8750000000
88460  20.570  5.457  -19.099 0.6250000000
89482  20.336  6.521  -19.834 0.7500000000
88450  20.999  5.575  -17.900 0.3750000000
91660  20.717  8.642  -20.078 0.7500000000
88434  21.001  5.005  -17.044 0.2500000000
93699  17.818  10.821  -23.496 0.6250000000
93708  17.996  9.912  -25.677 0.8750000000
92735  19.018  9.696  -24.823 0.8750000000
92727  19.623  9.439  -24.097 0.8750000000
93698  19.359  10.393  -24.651 0.7500000000
92726  20.359  9.584  -23.339 0.8750000000
90587  20.628  7.649  -19.400 0.5000000000
90569  21.352  7.710  -17.915 0.2500000000
90570  20.984  7.316  -18.569 0.5000000000
89465  20.803  6.519  -18.826 0.5000000000
88433  21.614  5.977  -16.840 0.2500000000
94642  18.304  11.298  -23.069 0.5000000000
94649  17.744  11.381  -24.098 0.5000000000
94658  17.766  11.536  -25.231 0.6250000000
94669  17.804  10.733  -26.108 0.7500000000
93707  18.744  10.332  -25.731 0.7500000000
94667  18.640  11.408  -25.939 0.7500000000
94657  19.327  11.376  -25.185 0.7500000000
94647  20.391  11.444  -23.627 0.7500000000
94648  19.784  11.073  -24.338 0.7500000000
93697  20.098  10.392  -23.848 0.7500000000
93681  21.090  10.069  -22.425 0.7500000000
93690  20.914  10.511  -22.937 0.7500000000
92694  21.110  10.035  -20.576 0.5000000000
93668  21.448  10.758  -20.928 0.3750000000
92705  21.248  10.044  -21.337 0.6250000000
91643  21.578  8.794  -18.306 0.2500000000
91659  21.033  8.776  -19.156 0.3750000000
92681  20.982  9.723  -19.702 0.3750000000
95572  18.280  12.408  -25.452 0.6250000000
94668  17.993  11.360  -26.119 0.7500000000
95562  19.049  12.383  -25.654 0.7500000000
95561  19.620  12.462  -24.876 0.7500000000
95553  20.185  12.490  -24.005 0.7500000000
94641  20.925  11.528  -22.614 0.6250000000
94634  21.043  11.782  -21.917 0.3750000000
92668  22.228  9.837  -18.125 0.1250000000
93655  21.893  11.296  -19.447 0.1250000000
93656  21.427  10.842  -19.840 0.2500000000
95571  18.503  12.384  -25.736 0.6250000000
95540  20.746  12.378  -22.164 0.3750000000
95546  20.539  12.421  -23.044 0.3750000000
95527  21.410  12.425  -20.696 0.2500000000
94633  21.321  11.519  -21.344 0.3750000000
93689  21.250  10.962  -22.451 0.6250000000
94607  23.530  11.823  -18.942 0.1250000000
94608  22.479  11.768  -19.352 0.1250000000
93641  22.858  10.902  -18.080 0.1250000000
96459  19.415  13.419  -25.378 0.3750000000
96467  18.725  13.489  -26.064 0.3750000000
96458  19.958  13.459  -24.444 0.3750000000
97379  20.876  14.076  -21.679 0.2500000000
96444  20.606  13.314  -22.440 0.3750000000
96417  22.569  13.600  -20.123 0.1250000000
96432  21.043  13.226  -21.025 0.3750000000
95539  20.938  12.345  -21.411 0.3750000000
95526  22.312  12.611  -20.114 0.1250000000
97419  18.143  15.168  -26.810 0.3750000000
97408  19.172  14.469  -25.844 0.3750000000
97400  20.229  14.545  -23.882 0.3750000000
97407  19.679  14.491  -24.866 0.3750000000
97392  20.576  14.565  -22.709 0.3750000000
97361  24.072  14.661  -20.660 0.1250000000
97378  21.463  14.143  -20.929 0.1250000000
96400  23.937  13.337  -19.699 0.1250000000
98296  18.651  15.547  -26.010 0.2500000000
98287  19.236  15.579  -25.139 0.2500000000
98279  20.469  15.711  -23.388 0.1250000000
98286  19.903  15.652  -24.285 0.3750000000
98270  21.000  15.803  -22.392 0.1250000000
99169  23.429  15.871  -22.060 0.1250000000
98253  20.779  14.992  -21.905 0.1250000000
98305  18.042  15.894  -27.087 0.3750000000
98297  18.298  15.664  -26.723 0.3750000000
99218  18.923  16.735  -25.488 0.2500000000
99209  20.352  16.810  -23.978 0.1250000000
100039  20.600  17.745  -24.922 0.1250000000
99201  21.185  16.737  -23.384 0.1250000000
100028  21.127  17.475  -24.172 0.1250000000
99168  23.712  15.662  -22.141 0.1250000000
99200  22.178  16.884  -23.467 0.1250000000
100048  20.421  18.139  -25.926 0.1250000000
100026  22.643  16.958  -24.263 0.1250000000
100038  21.816  17.666  -25.128 0.1250000000
99198  23.703  16.072  -23.487 0.1250000000
98278  24.102  15.592  -23.122 0.1250000000
84302  22.081  0.922  -18.109 0.6250000000
88449  21.369  6.284  -17.556 0.3750000000
94650  17.534  10.828  -24.877 0.6250000000
93719  17.772  10.409  -25.889 0.8750000000
93718  18.029  10.502  -26.309 0.7500000000
92716  20.762  9.709  -22.680 0.7500000000
92682  20.832  9.323  -20.466 0.7500000000
98251  22.728  15.808  -21.583 0.1250000000
99210  19.594  16.789  -24.652 0.2500000000
100027  21.975  17.292  -24.197 0.1250000000
99199  23.097  16.624  -23.728 0.1250000000
79122  22.806  -3.494  -20.005 0.5000000000
79131  22.435  -3.136  -20.118 0.6250000000
80176  21.623  -2.920  -20.143 0.7500000000
83216  22.470  0.376  -17.625 0.3750000000
84284  22.078  1.417  -17.682 0.3750000000
86455  22.119  3.046  -16.799 0.2500000000
87444  21.770  3.717  -16.571 0.1250000000
69000  17.171  -12.693  -13.776 0.7500000000
69001  16.306  -12.185  -13.642 0.7500000000
67887  18.425  -13.373  -14.301 0.7500000000
70175  17.780  -11.648  -14.939 0.7500000000
69029  18.963  -12.395  -15.265 0.7500000000
73737  14.929  -8.604  -14.854 0.6250000000
72575  16.139  -9.529  -15.230 0.7500000000
70192  19.720  -11.799  -16.099 0.6250000000
72587  19.665  -9.897  -16.466 0.7500000000
72586  20.716  -9.669  -16.609 0.6250000000
74842  20.362  -8.384  -17.127 0.6250000000
74857  21.223  -7.715  -17.679 0.5000000000
74856  22.199  -7.929  -17.795 0.3750000000
75927  21.756  -6.987  -17.878 0.5000000000
75925  24.047  -6.653  -18.783 0.1250000000
76999  24.779  -6.265  -19.567 0.1250000000
76998  25.991  -5.711  -19.852 0.1250000000
78038  26.785  -5.408  -19.158 0.1250000000
78052  27.256  -3.983  -20.141 0.1250000000
80171  26.878  -2.615  -19.354 0.1250000000
80154  25.762  -2.043  -18.014 0.1250000000
81133  24.286  -1.518  -17.807 0.1250000000
83196  23.014  0.422  -16.906 0.1250000000
84267  22.551  1.306  -16.883 0.2500000000
85401  22.265  2.246  -17.018 0.2500000000
93691  17.966  10.329  -22.860 0.5000000000
88432  22.395  6.247  -16.412 0.1250000000
87426  22.176  4.988  -16.723 0.2500000000
91630  22.568  8.623  -17.161 0.1250000000
93653  24.181  10.920  -18.830 0.1250000000
94606  24.784  11.701  -19.641 0.1250000000
97375  25.582  13.840  -22.321 0.1250000000
100050  18.660  17.413  -26.842 0.2500000000
100059  18.998  18.158  -26.977 0.1250000000
100810  19.702  18.440  -26.938 0.1250000000
100037  22.821  17.306  -25.139 0.1250000000
100047  21.616  18.073  -26.243 0.1250000000
99208  23.230  16.802  -24.720 0.1250000000
97391  24.959  14.651  -23.275 0.1250000000
99207  24.022  16.255  -24.952 0.1250000000
78042  20.605  -4.777  -19.022 0.7500000000
84316  20.874  1.457  -19.536 0.7500000000
75930  18.822  -6.656  -17.637 0.8750000000
74832  15.679  -7.656  -15.846 0.7500000000
74831  16.537  -8.126  -16.014 0.8750000000
74861  17.715  -6.682  -17.054 0.8750000000
80185  22.331  -2.742  -20.183 0.6250000000
91720  19.372  8.417  -23.805 0.8750000000
91719  20.045  8.809  -23.542 0.8750000000
90628  20.195  7.929  -22.183 0.8750000000
96478  17.986  14.138  -26.575 0.3750000000
97429  17.908  14.791  -26.791 0.3750000000
99229  17.911  16.903  -27.759 0.1250000000
99228  18.199  16.790  -27.587 0.2500000000
69016  16.911  -12.125  -13.961 0.7500000000
69014  18.334  -12.441  -14.889 0.7500000000
71345  15.439  -10.069  -14.321 0.7500000000
70194  17.885  -10.947  -15.405 0.7500000000
72573  17.819  -9.446  -16.021 0.7500000000
73752  17.716  -8.975  -16.146 0.8750000000
72588  18.749  -9.473  -16.490 0.7500000000
73769  18.007  -8.768  -16.550 0.8750000000
73767  20.094  -8.945  -16.724 0.7500000000
74858  20.234  -7.669  -17.479 0.7500000000
74859  19.230  -7.401  -17.353 0.8750000000
73782  20.886  -8.225  -17.373 0.6250000000
75945  21.039  -6.269  -18.364 0.7500000000
75926  23.059  -7.219  -18.189 0.2500000000
77000  23.629  -5.573  -19.436 0.5000000000
78055  25.031  -4.509  -20.202 0.2500000000
78056  23.861  -4.701  -19.969 0.3750000000
78054  26.011  -4.337  -20.329 0.1250000000
76996  27.214  -4.480  -20.282 0.1250000000
80174  23.988  -2.821  -19.778 0.5000000000
80163  24.242  -2.565  -19.209 0.1250000000
81153  23.219  -2.340  -19.795 0.5000000000
80161  26.014  -2.602  -18.964 0.1250000000
81144  24.218  -2.200  -18.748 0.1250000000
82188  21.931  -0.373  -19.043 0.6250000000
82174  23.162  -0.540  -17.522 0.1250000000
84315  21.431  1.017  -19.249 0.6250000000
84304  20.862  1.780  -18.910 0.6250000000
91678  20.615  8.752  -20.842 0.7500000000
94659  17.654  10.812  -25.664 0.6250000000
89450  21.171  6.693  -18.032 0.3750000000
92695  20.889  9.407  -21.142 0.6250000000
92706  20.942  9.601  -21.991 0.7500000000
91642  22.183  9.009  -17.773 0.1250000000
90553  21.913  7.733  -17.160 0.1250000000
89449  21.582  6.885  -17.385 0.2500000000
89432  22.113  6.920  -16.796 0.1250000000
94656  19.862  11.760  -24.420 0.7500000000
93680  21.367  10.562  -21.977 0.6250000000
92669  21.341  9.785  -18.777 0.1250000000
93643  21.280  10.377  -19.223 0.3750000000
94623  21.720  11.654  -20.382 0.3750000000
93642  21.890  10.898  -18.813 0.1250000000
94622  22.254  11.924  -19.935 0.1250000000
94594  22.744  11.446  -18.651 0.1250000000
96433  20.746  13.048  -21.701 0.3750000000
96451  20.372  13.457  -23.428 0.3750000000
96418  21.791  13.365  -20.513 0.2500000000
95511  23.115  12.689  -19.540 0.1250000000
95510  24.080  12.743  -19.600 0.1250000000
94593  23.156  11.383  -18.466 0.1250000000
95512  22.560  12.242  -19.755 0.1250000000
96477  18.234  14.030  -26.404 0.3750000000
96416  23.463  13.667  -19.842 0.1250000000
97362  22.959  14.471  -20.335 0.1250000000
97363  22.141  14.223  -20.547 0.1250000000
97418  18.402  14.621  -26.510 0.3750000000
98234  22.343  15.017  -20.811 0.1250000000
98250  23.732  15.394  -21.601 0.1250000000
97377  24.301  14.952  -21.477 0.1250000000
98235  21.821  14.673  -20.862 0.1250000000
98252  21.480  15.204  -21.362 0.1250000000
95524  24.818  12.656  -20.287 0.1250000000
96415  24.374  13.568  -20.146 0.1250000000
99219  18.520  16.648  -26.382 0.2500000000
99226  18.383  16.613  -27.119 0.2500000000
99185  23.193  16.351  -22.554 0.1250000000
98269  21.959  16.062  -22.136 0.1250000000
99184  23.680  15.843  -22.612 0.1250000000
100049  19.245  17.908  -26.195 0.1250000000
100040  19.664  17.611  -25.315 0.1250000000
98266  24.492  15.111  -22.695 0.1250000000
99187  21.718  16.454  -22.784 0.1250000000
100809  20.384  18.402  -26.665 0.1250000000
67874  16.574  -13.096  -13.320 0.7500000000
69015  17.444  -12.236  -14.352 0.7500000000
67888  17.790  -12.949  -14.232 0.7500000000
70159  16.127  -11.738  -13.783 0.7500000000
67875  15.889  -12.636  -13.247 0.7500000000
72553  15.477  -9.331  -14.869 0.6250000000
73781  21.587  -8.401  -17.415 0.5000000000
81117  24.148  -0.796  -17.302 0.1250000000
128974  25.398  -0.522  -17.110 0.1250000000
97360  24.754  14.130  -20.753 0.1250000000
97376  24.947  14.398  -21.847 0.1250000000
69002  15.702  -12.185  -13.367 0.7500000000
71346  14.859  -10.047  -13.986 0.5000000000
67873  17.544  -13.793  -13.590 0.6250000000
67886  19.066  -13.563  -14.102 0.3750000000
68998  20.278  -12.622  -14.373 0.2500000000
69012  20.197  -12.480  -15.325 0.3750000000
94635  18.361  11.152  -21.964 0.2500000000
95547  18.507  12.171  -22.262 0.2500000000
70191  20.594  -11.921  -15.888 0.5000000000
72570  20.530  -10.479  -16.382 0.5000000000
67871  19.173  -13.647  -13.388 0.5000000000
73766  20.981  -8.928  -17.112 0.5000000000
65436  17.313  -15.352  -12.485 0.6250000000
71308  14.205  -10.548  -12.841 0.3750000000
70144  14.481  -11.616  -12.673 0.3750000000
67858  17.175  -14.376  -13.020 0.6250000000
67840  18.751  -14.100  -12.194 0.3750000000
66617  18.363  -14.742  -12.513 0.5000000000
66618  17.681  -14.686  -12.917 0.6250000000
71327  14.375  -10.076  -13.542 0.2500000000
67856  19.192  -13.546  -12.559 0.3750000000
70158  20.671  -11.915  -13.727 0.2500000000
68981  20.156  -12.563  -13.398 0.2500000000
70190  21.083  -11.566  -15.465 0.2500000000
71360  21.007  -11.150  -16.011 0.3750000000
72569  21.437  -10.110  -15.875 0.2500000000
73765  21.811  -8.878  -16.945 0.2500000000
73780  22.337  -8.476  -17.225 0.2500000000
84251  12.284  1.845  -15.709 0.1250000000
88441  12.741  5.473  -17.311 0.2500000000
74855  23.020  -8.082  -17.467 0.2500000000
90592  13.950  8.067  -19.451 0.3750000000
89456  13.613  6.566  -18.545 0.2500000000
86442  12.066  3.765  -15.734 0.1250000000
75890  13.884  -6.879  -14.506 0.2500000000
89470  13.892  7.324  -19.219 0.3750000000
71361  20.236  -11.198  -16.365 0.5000000000
70160  15.479  -11.569  -13.519 0.5000000000
70161  14.711  -10.872  -13.296 0.5000000000
69013  19.331  -12.935  -14.819 0.5000000000
69027  20.030  -12.288  -15.872 0.5000000000
72534  14.171  -9.572  -13.701 0.3750000000
72554  14.610  -9.496  -14.196 0.3750000000
74816  14.175  -7.855  -14.456 0.2500000000
72555  14.079  -9.303  -13.799 0.3750000000
72585  21.504  -9.345  -16.553 0.2500000000
66634  18.274  -14.438  -13.139 0.6250000000
67872  18.480  -13.977  -13.621 0.5000000000
68999  19.673  -13.162  -13.883 0.2500000000
68982  19.653  -13.042  -12.996 0.2500000000
67857  18.746  -14.144  -12.946 0.5000000000
67859  16.692  -13.940  -12.904 0.6250000000
66598  18.594  -14.650  -11.851 0.3750000000
66600  15.863  -14.807  -11.726 0.5000000000
65412  18.312  -15.491  -11.771 0.2500000000
64270  17.916  -16.132  -11.796 0.3750000000
66620  16.128  -14.138  -12.315 0.5000000000
65416  15.364  -15.216  -11.236 0.3750000000
67841  15.322  -13.846  -11.918 0.5000000000
68963  14.895  -12.914  -12.244 0.3750000000
67860  15.803  -13.282  -12.721 0.5000000000
65383  13.990  -15.488  -9.802 0.1250000000
66580  14.397  -14.789  -10.569 0.3750000000
68964  14.145  -12.311  -11.948 0.2500000000
63082  14.562  -17.079  -9.282 0.1250000000
65382  14.506  -15.791  -10.017 0.2500000000
64261  15.627  -16.512  -10.776 0.3750000000
64258  18.097  -16.578  -11.150 0.2500000000
64272  16.675  -16.451  -11.562 0.3750000000
64248  13.620  -16.191  -9.275 0.1250000000
65396  14.903  -15.627  -10.569 0.3750000000
64273  16.168  -16.459  -11.229 0.3750000000
66581  13.866  -14.523  -10.093 0.1250000000
67843  13.573  -12.803  -11.309 0.1250000000
68984  14.648  -12.298  -12.481 0.3750000000
65435  17.914  -15.299  -12.462 0.3750000000
66619  16.779  -14.903  -12.478 0.5000000000
65437  16.974  -15.382  -12.433 0.5000000000
70126  14.103  -11.861  -12.220 0.2500000000
65415  15.925  -15.801  -11.346 0.5000000000
66599  16.370  -15.328  -11.926 0.5000000000
66601  14.854  -14.576  -11.213 0.5000000000
65413  17.668  -15.835  -12.203 0.3750000000
65414  16.841  -15.783  -12.171 0.3750000000
64271  17.428  -16.380  -11.800 0.3750000000
65395  15.473  -15.988  -10.909 0.3750000000
67842  14.333  -13.423  -11.394 0.1250000000
64247  14.562  -16.342  -9.806 0.1250000000
65397  14.266  -15.105  -10.258 0.2500000000
66568  13.369  -14.819  -9.478 0.1250000000
64233  14.043  -16.712  -9.145 0.1250000000
64262  15.067  -16.298  -10.336 0.3750000000
64259  17.266  -17.009  -11.341 0.2500000000
67820  14.197  -14.120  -10.709 0.1250000000
63093  15.513  -17.162  -10.385 0.2500000000
63092  16.094  -17.432  -10.677 0.2500000000
73738  13.992  -8.692  -13.983 0.2500000000
63081  15.106  -17.327  -9.854 0.1250000000
64260  16.483  -16.984  -11.114 0.2500000000
61918  16.279  -18.192  -10.392 0.1250000000
74801  13.203  -8.032  -13.153 0.1250000000
91679  17.394  8.333  -21.318 0.1250000000
92696  17.637  9.245  -20.776 0.1250000000
93683  17.636  9.903  -21.112 0.1250000000
93669  17.724  10.483  -20.817 0.1250000000
92707  17.710  9.897  -22.337 0.1250000000
93670  17.493  10.227  -20.252 0.1250000000
94624  18.007  11.173  -20.705 0.1250000000
94625  17.569  10.776  -20.397 0.1250000000
94596  17.003  11.569  -18.824 0.1250000000
90610  16.653  7.637  -20.858 0.1250000000
89417  12.842  6.141  -16.839 0.1250000000
72536  13.366  -9.094  -12.755 0.1250000000
91637  13.908  8.634  -18.519 0.1250000000
90588  16.401  7.806  -19.975 0.1250000000
91661  17.330  8.387  -20.318 0.1250000000
92683  17.433  9.418  -19.766 0.1250000000
93644  16.682  10.522  -18.229 0.1250000000
94610  17.736  11.696  -19.704 0.1250000000
75904  13.485  -6.031  -14.697 0.1250000000
93682  17.939  10.276  -21.679 0.1250000000
72535  13.739  -9.335  -13.124 0.1250000000
72514  13.542  -9.560  -12.645 0.1250000000
90558  13.554  7.796  -18.124 0.1250000000
73720  13.503  -8.444  -13.345 0.1250000000
74802  12.848  -7.534  -12.844 0.1250000000
73721  13.185  -8.605  -12.838 0.1250000000
92670  16.993  9.528  -18.880 0.1250000000
94611  17.102  11.102  -20.004 0.1250000000
95502  17.524  11.873  -17.828 0.1250000000
67819  18.830  -14.133  -11.545 0.1250000000
68943  19.560  -13.013  -11.095 0.1250000000
68962  19.640  -12.728  -12.040 0.1250000000
70142  20.012  -12.494  -12.666 0.1250000000
70173  21.021  -11.861  -14.887 0.1250000000
71342  21.306  -11.237  -14.589 0.1250000000
72532  22.491  -9.351  -13.983 0.1250000000
72552  21.894  -10.167  -14.760 0.1250000000
73735  22.722  -8.564  -14.750 0.1250000000
72584  21.969  -9.121  -16.575 0.1250000000
73750  22.905  -8.231  -15.324 0.1250000000
73763  22.925  -8.372  -16.119 0.1250000000
73779  22.832  -8.395  -16.828 0.1250000000
63090  17.718  -17.350  -10.957 0.1250000000
63091  17.087  -17.831  -10.857 0.1250000000
64245  18.796  -16.585  -10.264 0.1250000000
65394  18.729  -15.564  -10.612 0.1250000000
68928  19.642  -13.314  -10.580 0.1250000000
67818  19.219  -13.837  -10.912 0.1250000000
70124  20.507  -11.710  -11.803 0.1250000000
71307  20.817  -11.179  -13.014 0.1250000000
71324  21.494  -10.672  -14.286 0.1250000000
72513  22.112  -9.777  -13.341 0.1250000000
74815  22.889  -8.095  -14.641 0.1250000000
75913  23.423  -7.268  -17.137 0.1250000000
75901  23.547  -7.173  -16.081 0.1250000000
74830  23.255  -7.801  -15.688 0.1250000000
66579  18.761  -14.697  -11.155 0.1250000000
67839  19.164  -13.535  -11.716 0.1250000000
70141  20.429  -11.915  -12.734 0.1250000000
72568  22.081  -9.328  -16.117 0.1250000000
66578  19.248  -14.605  -10.394 0.1250000000
68961  20.067  -12.216  -11.819 0.1250000000
71325  21.121  -11.194  -13.962 0.1250000000
72551  22.275  -9.441  -15.219 0.1250000000
72533  21.907  -10.068  -13.916 0.1250000000
73751  22.580  -8.812  -15.687 0.1250000000
74841  23.226  -7.904  -16.579 0.1250000000
74814  23.176  -7.772  -14.804 0.1250000000
63079  18.206  -17.664  -10.153 0.1250000000
68942  20.025  -12.297  -11.279 0.1250000000
63078  18.945  -17.093  -9.865 0.1250000000
64246  15.140  -16.744  -10.260 0.2500000000
66635  18.008  -14.345  -13.430 0.6250000000
68983  15.183  -12.328  -12.984 0.3750000000
69028  19.501  -12.324  -15.553 0.5000000000
70125  20.129  -12.201  -12.202 0.1250000000
70143  15.001  -11.856  -13.110 0.3750000000
70172  21.193  -11.538  -15.219 0.2500000000
71285  20.741  -11.401  -12.380 0.1250000000
71326  15.106  -10.554  -13.788 0.7500000000
71341  21.385  -11.097  -15.171 0.2500000000
71375  19.365  -10.218  -16.293 0.7500000000
71376  19.020  -10.061  -16.235 0.7500000000
72571  19.945  -10.614  -16.519 0.5000000000
73734  22.885  -8.143  -14.885 0.1250000000
73736  15.426  -8.914  -15.081 0.6250000000
73764  22.393  -8.805  -16.534 0.1250000000
74798  22.918  -8.043  -14.376 0.1250000000
76951  13.166  -5.339  -14.455 0.1250000000
77011  27.055  -4.368  -20.444 0.1250000000
77012  26.776  -4.679  -20.572 0.1250000000
78029  16.692  -4.659  -18.050 1.0000000000
78053  26.736  -4.117  -20.343 0.1250000000
78062  18.085  -3.933  -18.748 1.0000000000
78070  17.801  -3.732  -18.788 1.0000000000
79110  25.069  -3.121  -19.451 0.1250000000
79119  26.136  -3.658  -19.961 0.1250000000
79132  22.194  -3.086  -20.165 0.6250000000
80172  26.312  -3.026  -19.670 0.1250000000
80173  24.645  -3.010  -19.449 0.1250000000
80189  19.266  -1.863  -20.482 1.0000000000
81135  22.339  -0.861  -18.620 0.5000000000
81138  13.687  -1.366  -16.946 0.7500000000
81149  14.669  -1.153  -17.689 1.0000000000
82154  23.734  -0.299  -17.077 0.1250000000
82155  23.229  -0.065  -17.207 0.1250000000
82173  23.825  -0.791  -17.399 0.1250000000
82180  14.015  -0.631  -17.589 0.8750000000
82189  21.590  0.095  -19.441 0.6250000000
82193  13.951  -0.348  -17.671 0.8750000000
82199  20.686  0.150  -20.209 0.8750000000
82202  15.814  -0.213  -18.936 1.0000000000
83197  22.479  0.871  -17.221 0.2500000000
83215  22.961  0.053  -17.294 0.1250000000
83222  12.890  0.891  -16.882 0.3750000000
83231  22.048  0.420  -18.453 0.6250000000
83260  18.343  0.648  -21.361 1.0000000000
84285  21.532  1.703  -18.022 0.6250000000
85382  22.773  1.766  -16.608 0.1250000000
85403  20.854  2.764  -18.182 0.5000000000
85420  21.248  1.832  -18.152 0.6250000000
85445  15.985  2.413  -20.052 1.0000000000
86435  22.166  3.529  -16.594 0.1250000000
86490  16.749  3.034  -20.924 1.0000000000
87451  12.414  4.646  -16.899 0.5000000000
87471  14.252  4.435  -19.078 0.8750000000
87481  15.765  4.617  -20.459 1.0000000000
88452  13.446  5.437  -18.304 0.6250000000
88453  13.151  5.658  -17.887 0.3750000000
88498  17.779  6.070  -22.255 1.0000000000
89440  13.155  6.146  -17.739 0.3750000000
89469  14.265  6.487  -19.366 0.7500000000
90574  13.693  7.898  -18.861 0.1250000000
90586  21.057  8.058  -18.651 0.5000000000
90591  14.323  7.479  -19.664 0.3750000000
91631  21.838  8.412  -17.613 0.1250000000
91647  14.461  9.236  -19.091 0.5000000000
91648  14.049  8.536  -19.185 0.1250000000
91664  14.124  8.404  -19.462 0.5000000000
91680  15.130  8.572  -20.144 0.5000000000
91681  14.904  8.146  -20.097 0.5000000000
92736  18.401  9.453  -24.914 0.8750000000
92737  17.859  9.480  -24.922 0.8750000000
93654  23.500  11.142  -18.462 0.1250000000
93709  17.620  10.155  -25.113 0.8750000000
93717  18.344  10.867  -26.246 0.7500000000
94609  21.936  11.521  -19.798 0.1250000000
94640  21.271  11.265  -22.084 0.6250000000
95525  22.856  13.165  -19.825 0.1250000000
96401  23.668  13.120  -19.633 0.1250000000
96479  17.702  14.462  -26.589 0.3750000000
97411  16.785  15.093  -25.727 0.3750000000
97420  17.118  14.678  -26.158 0.5000000000
97421  16.846  14.918  -26.026 0.5000000000
97428  18.100  14.355  -26.636 0.3750000000
97431  16.985  14.876  -26.257 0.5000000000
98233  23.183  15.185  -20.879 0.1250000000
98249  24.326  15.125  -21.969 0.1250000000
98267  24.012  15.482  -22.345 0.1250000000
98268  22.575  16.272  -22.207 0.1250000000
98299  16.771  15.393  -25.911 0.3750000000
98307  16.991  15.150  -26.326 0.3750000000
98312  17.824  16.335  -27.297 0.3750000000
99186  22.452  16.548  -22.763 0.1250000000
99221  16.815  15.821  -25.952 0.2500000000
100060  18.598  17.684  -27.466 0.2500000000
100808  20.984  18.275  -26.516 0.1250000000
128959  17.788  -3.420  -18.832 1.0000000000
128960  18.039  -3.077  -18.856 1.0000000000
128961  17.072  -3.935  -18.757 1.0000000000
128962  18.263  -3.254  -18.892 1.0000000000
128964  18.049  -3.696  -18.728 1.0000000000
128973  24.747  -0.571  -17.071 0.1250000000
128984  26.157  -1.984  -17.987 0.1250000000
