#!ascii label  , from subject sub.01.bl.01 vox2ras=TkReg
258
78057  22.720  -4.233  -19.820 0.0000000000
68998  20.278  -12.622  -14.373 0.0000000000
84324  20.270  1.538  -20.440 0.0000000000
94667  18.640  11.408  -25.939 0.0000000000
67872  18.480  -13.977  -13.621 0.0000000000
87459  20.618  4.382  -18.387 0.0000000000
91660  20.717  8.642  -20.078 0.0000000000
77003  20.326  -5.519  -18.633 0.0000000000
73781  21.587  -8.401  -17.415 0.0000000000
75925  24.047  -6.653  -18.783 0.0000000000
81144  24.218  -2.200  -18.748 0.0000000000
76997  27.132  -5.194  -20.165 0.0000000000
81155  21.564  -1.134  -20.255 0.0000000000
84284  22.078  1.417  -17.682 0.0000000000
92727  19.623  9.439  -24.097 0.0000000000
93680  21.367  10.562  -21.977 0.0000000000
72552  21.894  -10.167  -14.760 0.0000000000
89483  19.993  6.409  -20.784 0.0000000000
90608  20.392  7.610  -20.912 0.0000000000
78041  21.649  -4.787  -19.183 0.0000000000
75944  22.240  -6.224  -18.341 0.0000000000
77000  23.629  -5.573  -19.436 0.0000000000
67886  19.066  -13.563  -14.102 0.0000000000
83240  20.864  0.697  -20.126 0.0000000000
83232  21.670  0.531  -19.080 0.0000000000
84304  20.862  1.780  -18.910 0.0000000000
89450  21.171  6.693  -18.032 0.0000000000
88434  21.001  5.005  -17.044 0.0000000000
94659  17.654  10.812  -25.664 0.0000000000
91721  18.375  8.606  -23.976 0.0000000000
93698  19.359  10.393  -24.651 0.0000000000
97400  20.229  14.545  -23.882 0.0000000000
96444  20.606  13.314  -22.440 0.0000000000
94641  20.925  11.528  -22.614 0.0000000000
95539  20.938  12.345  -21.411 0.0000000000
93668  21.448  10.758  -20.928 0.0000000000
73779  22.832  -8.395  -16.828 0.0000000000
72585  21.504  -9.345  -16.553 0.0000000000
66618  17.681  -14.686  -12.917 0.0000000000
86481  20.022  3.367  -19.660 0.0000000000
87469  20.171  4.401  -19.336 0.0000000000
89465  20.803  6.519  -18.826 0.0000000000
91659  21.033  8.776  -19.156 0.0000000000
74858  20.234  -7.669  -17.479 0.0000000000
75928  20.628  -7.010  -18.034 0.0000000000
74856  22.199  -7.929  -17.795 0.0000000000
75913  23.423  -7.268  -17.137 0.0000000000
80174  23.988  -2.821  -19.778 0.0000000000
78055  25.031  -4.509  -20.202 0.0000000000
79109  25.596  -3.073  -19.550 0.0000000000
79124  21.174  -3.256  -19.641 0.0000000000
80187  20.775  -2.212  -20.497 0.0000000000
80185  22.331  -2.742  -20.183 0.0000000000
81146  22.407  -1.262  -19.107 0.0000000000
82174  23.162  -0.540  -17.522 0.0000000000
84266  23.220  1.218  -16.420 0.0000000000
86457  20.903  3.350  -17.929 0.0000000000
86455  22.119  3.046  -16.799 0.0000000000
91709  19.844  8.296  -23.172 0.0000000000
95561  19.620  12.462  -24.876 0.0000000000
94647  20.391  11.444  -23.627 0.0000000000
93690  20.914  10.511  -22.937 0.0000000000
91695  20.446  8.728  -21.610 0.0000000000
92695  20.889  9.407  -21.142 0.0000000000
92681  20.982  9.723  -19.702 0.0000000000
70191  20.594  -11.921  -15.888 0.0000000000
73767  20.094  -8.945  -16.724 0.0000000000
76999  24.779  -6.265  -19.567 0.0000000000
75912  23.945  -6.621  -17.764 0.0000000000
90609  19.960  6.921  -21.308 0.0000000000
90629  19.883  7.269  -21.808 0.0000000000
78040  22.644  -4.787  -19.367 0.0000000000
78039  23.238  -4.830  -19.655 0.0000000000
65414  16.841  -15.783  -12.171 0.0000000000
65436  17.313  -15.352  -12.485 0.0000000000
68999  19.673  -13.162  -13.883 0.0000000000
84316  20.874  1.457  -19.536 0.0000000000
90569  21.352  7.710  -17.915 0.0000000000
89449  21.582  6.885  -17.385 0.0000000000
94669  17.804  10.733  -26.108 0.0000000000
93719  17.772  10.409  -25.889 0.0000000000
93707  18.744  10.332  -25.731 0.0000000000
96433  20.746  13.048  -21.701 0.0000000000
96432  21.043  13.226  -21.025 0.0000000000
73763  22.925  -8.372  -16.119 0.0000000000
73751  22.580  -8.812  -15.687 0.0000000000
69014  18.334  -12.441  -14.889 0.0000000000
87479  19.787  4.424  -20.279 0.0000000000
89482  20.336  6.521  -19.834 0.0000000000
90587  20.628  7.649  -19.400 0.0000000000
95572  18.280  12.408  -25.452 0.0000000000
75945  21.039  -6.269  -18.364 0.0000000000
75943  23.317  -6.328  -18.858 0.0000000000
75926  23.059  -7.219  -18.189 0.0000000000
74855  23.020  -8.082  -17.467 0.0000000000
66634  18.274  -14.438  -13.139 0.0000000000
66617  18.363  -14.742  -12.513 0.0000000000
80163  24.242  -2.565  -19.209 0.0000000000
79120  25.067  -3.566  -19.918 0.0000000000
80162  24.956  -2.677  -18.796 0.0000000000
78059  20.860  -4.060  -19.439 0.0000000000
82207  21.232  -0.849  -20.463 0.0000000000
81164  21.282  -1.568  -20.512 0.0000000000
80186  21.653  -2.623  -20.279 0.0000000000
81163  21.909  -2.179  -20.370 0.0000000000
81154  22.340  -1.695  -20.063 0.0000000000
82197  21.963  -0.977  -19.567 0.0000000000
84302  22.081  0.922  -18.109 0.0000000000
82175  22.395  -0.404  -18.194 0.0000000000
83216  22.470  0.376  -17.625 0.0000000000
83196  23.014  0.422  -16.906 0.0000000000
84267  22.551  1.306  -16.883 0.0000000000
86473  20.533  3.262  -18.727 0.0000000000
87445  21.495  4.120  -16.902 0.0000000000
86454  22.742  2.763  -16.671 0.0000000000
92728  18.962  9.072  -24.381 0.0000000000
91710  18.197  7.918  -23.489 0.0000000000
91720  19.372  8.417  -23.805 0.0000000000
90660  19.010  7.882  -23.760 0.0000000000
91719  20.045  8.809  -23.542 0.0000000000
97407  19.679  14.491  -24.866 0.0000000000
95553  20.185  12.490  -24.005 0.0000000000
93689  21.250  10.962  -22.451 0.0000000000
93681  21.090  10.069  -22.425 0.0000000000
92716  20.762  9.709  -22.680 0.0000000000
92706  20.942  9.601  -21.991 0.0000000000
92705  21.248  10.044  -21.337 0.0000000000
94623  21.720  11.654  -20.382 0.0000000000
93656  21.427  10.842  -19.840 0.0000000000
93643  21.280  10.377  -19.223 0.0000000000
70192  19.720  -11.799  -16.099 0.0000000000
73782  20.886  -8.225  -17.373 0.0000000000
74842  20.362  -8.384  -17.127 0.0000000000
73766  20.981  -8.928  -17.112 0.0000000000
72569  21.437  -10.110  -15.875 0.0000000000
70190  21.083  -11.566  -15.465 0.0000000000
77013  26.038  -5.120  -20.516 0.0000000000
77014  25.055  -5.333  -19.970 0.0000000000
76998  25.991  -5.711  -19.852 0.0000000000
88471  19.586  5.466  -20.868 0.0000000000
77002  21.399  -5.500  -18.724 0.0000000000
77001  22.562  -5.442  -18.832 0.0000000000
75942  23.970  -6.352  -19.279 0.0000000000
67871  19.173  -13.647  -13.388 0.0000000000
67857  18.746  -14.144  -12.946 0.0000000000
67856  19.192  -13.546  -12.559 0.0000000000
81133  24.286  -1.518  -17.807 0.0000000000
82208  20.403  -0.407  -20.357 0.0000000000
82198  21.433  -0.381  -19.996 0.0000000000
83239  21.337  0.582  -19.596 0.0000000000
84315  21.431  1.017  -19.249 0.0000000000
84303  21.525  1.350  -18.591 0.0000000000
88450  20.999  5.575  -17.900 0.0000000000
88449  21.369  6.284  -17.556 0.0000000000
88433  21.614  5.977  -16.840 0.0000000000
92735  19.018  9.696  -24.823 0.0000000000
97392  20.576  14.565  -22.709 0.0000000000
96451  20.372  13.457  -23.428 0.0000000000
95546  20.539  12.421  -23.044 0.0000000000
95540  20.746  12.378  -22.164 0.0000000000
94634  21.043  11.782  -21.917 0.0000000000
94633  21.321  11.519  -21.344 0.0000000000
95527  21.410  12.425  -20.696 0.0000000000
73780  22.337  -8.476  -17.225 0.0000000000
73765  21.811  -8.878  -16.945 0.0000000000
72584  21.969  -9.121  -16.575 0.0000000000
72568  22.081  -9.328  -16.117 0.0000000000
67873  17.544  -13.793  -13.590 0.0000000000
67887  18.425  -13.373  -14.301 0.0000000000
69013  19.331  -12.935  -14.819 0.0000000000
69012  20.197  -12.480  -15.325 0.0000000000
85442  19.678  2.426  -20.869 0.0000000000
85441  20.123  2.403  -20.045 0.0000000000
88470  20.123  5.439  -20.070 0.0000000000
88460  20.570  5.457  -19.099 0.0000000000
90570  20.984  7.316  -18.569 0.0000000000
91643  21.578  8.794  -18.306 0.0000000000
94658  17.766  11.536  -25.231 0.0000000000
94668  17.993  11.360  -26.119 0.0000000000
95571  18.503  12.384  -25.736 0.0000000000
74857  21.223  -7.715  -17.679 0.0000000000
75927  21.756  -6.987  -17.878 0.0000000000
74841  23.226  -7.904  -16.579 0.0000000000
79122  22.806  -3.494  -20.005 0.0000000000
78056  23.861  -4.701  -19.969 0.0000000000
79121  23.985  -3.678  -20.049 0.0000000000
78054  26.011  -4.337  -20.329 0.0000000000
80161  26.014  -2.602  -18.964 0.0000000000
79118  26.863  -3.436  -19.936 0.0000000000
76996  27.214  -4.480  -20.282 0.0000000000
78058  21.835  -4.097  -19.605 0.0000000000
79123  21.909  -3.344  -20.045 0.0000000000
80177  21.289  -2.791  -20.122 0.0000000000
80176  21.623  -2.920  -20.143 0.0000000000
79131  22.435  -3.136  -20.118 0.0000000000
80175  23.095  -2.820  -19.943 0.0000000000
81153  23.219  -2.340  -19.795 0.0000000000
81145  23.443  -1.975  -19.144 0.0000000000
82188  21.931  -0.373  -19.043 0.0000000000
81134  22.900  -1.221  -18.297 0.0000000000
82154  23.734  -0.299  -17.077 0.0000000000
85433  20.510  2.394  -19.215 0.0000000000
85421  20.846  2.178  -18.433 0.0000000000
85402  21.336  2.310  -17.771 0.0000000000
87446  20.989  4.243  -17.497 0.0000000000
86456  21.468  3.198  -17.270 0.0000000000
85401  22.265  2.246  -17.018 0.0000000000
90644  19.957  8.120  -22.760 0.0000000000
95562  19.049  12.383  -25.654 0.0000000000
94657  19.327  11.376  -25.185 0.0000000000
94648  19.784  11.073  -24.338 0.0000000000
93697  20.098  10.392  -23.848 0.0000000000
92726  20.359  9.584  -23.339 0.0000000000
91708  20.330  8.833  -22.671 0.0000000000
90628  20.195  7.929  -22.183 0.0000000000
91678  20.615  8.752  -20.842 0.0000000000
92682  20.832  9.323  -20.466 0.0000000000
92694  21.110  10.035  -20.576 0.0000000000
92669  21.341  9.785  -18.777 0.0000000000
69027  20.030  -12.288  -15.872 0.0000000000
72586  20.716  -9.669  -16.609 0.0000000000
72570  20.530  -10.479  -16.382 0.0000000000
71360  21.007  -11.150  -16.011 0.0000000000
77015  24.345  -5.547  -19.833 0.0000000000
76984  25.768  -5.863  -19.049 0.0000000000
76985  24.860  -5.984  -18.349 0.0000000000
65413  17.668  -15.835  -12.203 0.0000000000
66635  18.008  -14.345  -13.430 0.0000000000
69028  19.501  -12.324  -15.553 0.0000000000
70172  21.193  -11.538  -15.219 0.0000000000
71341  21.385  -11.097  -15.171 0.0000000000
73764  22.393  -8.805  -16.534 0.0000000000
77011  27.055  -4.368  -20.444 0.0000000000
77012  26.776  -4.679  -20.572 0.0000000000
78053  26.736  -4.117  -20.343 0.0000000000
79110  25.069  -3.121  -19.451 0.0000000000
79119  26.136  -3.658  -19.961 0.0000000000
79132  22.194  -3.086  -20.165 0.0000000000
80172  26.312  -3.026  -19.670 0.0000000000
80173  24.645  -3.010  -19.449 0.0000000000
81135  22.339  -0.861  -18.620 0.0000000000
82155  23.229  -0.065  -17.207 0.0000000000
82173  23.825  -0.791  -17.399 0.0000000000
82189  21.590  0.095  -19.441 0.0000000000
82199  20.686  0.150  -20.209 0.0000000000
83197  22.479  0.871  -17.221 0.0000000000
83215  22.961  0.053  -17.294 0.0000000000
83231  22.048  0.420  -18.453 0.0000000000
84285  21.532  1.703  -18.022 0.0000000000
85382  22.773  1.766  -16.608 0.0000000000
85400  22.578  2.584  -16.731 0.0000000000
85403  20.854  2.764  -18.182 0.0000000000
85420  21.248  1.832  -18.152 0.0000000000
90586  21.057  8.058  -18.651 0.0000000000
93709  17.620  10.155  -25.113 0.0000000000
93717  18.344  10.867  -26.246 0.0000000000
94640  21.271  11.265  -22.084 0.0000000000
94650  17.534  10.828  -24.877 0.0000000000
