#!ascii label  , from subject sub.01.bl.01 vox2ras=TkReg
630
59435  15.995  -20.038  -8.219 0.1428571492
59419  15.265  -20.495  -7.841 0.1428571492
61893  15.160  -18.724  -8.963 0.1428571492
60654  17.128  -20.090  -6.599 0.1428571492
60699  16.468  -19.561  -8.179 0.2857142985
60686  15.321  -20.111  -8.219 0.1428571492
61905  16.412  -18.868  -9.913 0.5714285970
60715  17.141  -19.136  -8.723 0.1428571492
63065  18.622  -17.882  -9.348 0.2857142985
61903  18.186  -18.230  -9.288 0.2857142985
63064  19.307  -17.450  -9.271 0.1428571492
66578  19.248  -14.605  -10.394 0.2857142985
65394  18.729  -15.564  -10.612 0.1428571492
68962  19.640  -12.728  -12.040 0.2857142985
68928  19.642  -13.314  -10.580 0.2857142985
70141  20.429  -11.915  -12.734 0.2857142985
70142  20.012  -12.494  -12.666 0.2857142985
71324  21.494  -10.672  -14.286 0.2857142985
73751  22.580  -8.812  -15.687 0.8571428657
72552  21.894  -10.167  -14.760 0.4285714328
71307  20.817  -11.179  -13.014 0.2857142985
75913  23.423  -7.268  -17.137 0.7142857313
74841  23.226  -7.904  -16.579 0.7142857313
73763  22.925  -8.372  -16.119 0.7142857313
72568  22.081  -9.328  -16.117 0.7142857313
75912  23.945  -6.621  -17.764 0.8571428657
75926  23.059  -7.219  -18.189 0.8571428657
73779  22.832  -8.395  -16.828 0.7142857313
76984  25.768  -5.863  -19.049 0.4285714328
76985  24.860  -5.984  -18.349 0.7142857313
78052  27.256  -3.983  -20.141 0.2857142985
79118  26.863  -3.436  -19.936 0.5714285970
76998  25.991  -5.711  -19.852 0.8571428657
76997  27.132  -5.194  -20.165 0.7142857313
76999  24.779  -6.265  -19.567 0.8571428657
128979  26.478  -2.043  -18.282 0.1428571492
79117  27.601  -3.161  -19.622 0.1428571492
80171  26.878  -2.615  -19.354 0.4285714328
78054  26.011  -4.337  -20.329 0.5714285970
77013  26.038  -5.120  -20.516 0.8571428657
128982  25.239  -0.050  -16.989 0.1428571492
128978  26.215  -0.977  -17.293 0.1428571492
128985  26.181  -1.800  -17.807 0.1428571492
80154  25.762  -2.043  -18.014 0.4285714328
78055  25.031  -4.509  -20.202 0.8571428657
85380  24.486  2.086  -16.282 0.1428571492
84264  25.176  1.033  -16.690 0.1428571492
84265  24.057  1.393  -16.357 0.1428571492
128974  25.398  -0.522  -17.110 0.1428571492
81117  24.148  -0.796  -17.302 0.4285714328
80162  24.956  -2.677  -18.796 0.5714285970
79121  23.985  -3.678  -20.049 0.8571428657
85362  23.449  2.884  -16.161 0.1428571492
82154  23.734  -0.299  -17.077 0.5714285970
81144  24.218  -2.200  -18.748 0.8571428657
79120  25.067  -3.566  -19.918 0.8571428657
80163  24.242  -2.565  -19.209 0.8571428657
86417  23.633  3.406  -15.934 0.1428571492
86434  22.912  3.268  -16.491 0.2857142985
85381  23.198  2.274  -16.343 0.1428571492
85401  22.265  2.246  -17.018 0.8571428657
82174  23.162  -0.540  -17.522 0.8571428657
81133  24.286  -1.518  -17.807 0.7142857313
88432  22.395  6.247  -16.412 0.1428571492
89431  22.663  6.917  -16.476 0.1428571492
87444  21.770  3.717  -16.571 0.4285714328
86456  21.468  3.198  -17.270 0.8571428657
83216  22.470  0.376  -17.625 0.8571428657
82175  22.395  -0.404  -18.194 0.8571428657
87426  22.176  4.988  -16.723 0.4285714328
85402  21.336  2.310  -17.771 0.8571428657
84284  22.078  1.417  -17.682 0.8571428657
84303  21.525  1.350  -18.591 0.8571428657
89432  22.113  6.920  -16.796 0.1428571492
90553  21.913  7.733  -17.160 0.2857142985
88433  21.614  5.977  -16.840 0.5714285970
88449  21.369  6.284  -17.556 0.8571428657
88434  21.001  5.005  -17.044 0.8571428657
87446  20.989  4.243  -17.497 0.8571428657
86457  20.903  3.350  -17.929 0.8571428657
87459  20.618  4.382  -18.387 0.8571428657
85421  20.846  2.178  -18.433 0.8571428657
91642  22.183  9.009  -17.773 0.2857142985
90569  21.352  7.710  -17.915 0.7142857313
89449  21.582  6.885  -17.385 0.5714285970
89450  21.171  6.693  -18.032 0.8571428657
87469  20.171  4.401  -19.336 0.8571428657
86473  20.533  3.262  -18.727 0.8571428657
90570  20.984  7.316  -18.569 0.8571428657
90587  20.628  7.649  -19.400 0.8571428657
88460  20.570  5.457  -19.099 0.8571428657
89482  20.336  6.521  -19.834 0.7142857313
91659  21.033  8.776  -19.156 0.8571428657
89465  20.803  6.519  -18.826 0.8571428657
91660  20.717  8.642  -20.078 0.8571428657
92682  20.832  9.323  -20.466 0.8571428657
93656  21.427  10.842  -19.840 0.7142857313
92694  21.110  10.035  -20.576 0.8571428657
93668  21.448  10.758  -20.928 0.8571428657
92705  21.248  10.044  -21.337 0.8571428657
93689  21.250  10.962  -22.451 0.7142857313
92695  20.889  9.407  -21.142 0.8571428657
98235  21.821  14.673  -20.862 0.1428571492
94633  21.321  11.519  -21.344 0.8571428657
94634  21.043  11.782  -21.917 0.7142857313
95540  20.746  12.378  -22.164 0.7142857313
93680  21.367  10.562  -21.977 0.8571428657
98270  21.000  15.803  -22.392 0.1428571492
96433  20.746  13.048  -21.701 0.5714285970
96444  20.606  13.314  -22.440 0.5714285970
97400  20.229  14.545  -23.882 0.5714285970
97392  20.576  14.565  -22.709 0.1428571492
99200  22.178  16.884  -23.467 0.1428571492
97407  19.679  14.491  -24.866 0.5714285970
100028  21.127  17.475  -24.172 0.1428571492
100038  21.816  17.666  -25.128 0.1428571492
98279  20.469  15.711  -23.388 0.1428571492
100047  21.616  18.073  -26.243 0.1428571492
100039  20.600  17.745  -24.922 0.1428571492
100040  19.664  17.611  -25.315 0.1428571492
100817  21.403  18.507  -27.143 0.1428571492
100809  20.384  18.402  -26.665 0.1428571492
58161  15.528  -20.789  -7.429 0.1428571492
58162  15.036  -20.953  -7.310 0.1428571492
60716  16.495  -19.351  -9.172 0.2857142985
60698  17.325  -19.048  -7.907 0.1428571492
61892  17.856  -18.604  -8.549 0.2857142985
61904  17.423  -18.753  -9.652 0.2857142985
65393  19.310  -15.227  -9.942 0.2857142985
65381  19.168  -15.892  -9.919 0.2857142985
64245  18.796  -16.585  -10.264 0.1428571492
71325  21.121  -11.194  -13.962 0.2857142985
70158  20.671  -11.915  -13.727 0.2857142985
72551  22.275  -9.441  -15.219 0.4285714328
72584  21.969  -9.121  -16.575 0.7142857313
78038  26.785  -5.408  -19.158 0.1428571492
75942  23.970  -6.352  -19.279 0.8571428657
79109  25.596  -3.073  -19.550 0.7142857313
85361  23.821  2.607  -15.999 0.1428571492
84266  23.220  1.218  -16.420 0.8571428657
83196  23.014  0.422  -16.906 0.8571428657
81134  22.900  -1.221  -18.297 0.8571428657
84302  22.081  0.922  -18.109 0.8571428657
91643  21.578  8.794  -18.306 0.8571428657
92681  20.982  9.723  -19.702 0.8571428657
95539  20.938  12.345  -21.411 0.7142857313
97379  20.876  14.076  -21.679 0.2857142985
99201  21.185  16.737  -23.384 0.1428571492
100046  22.696  17.725  -26.124 0.1428571492
58163  14.458  -21.028  -7.047 0.1428571492
63079  18.206  -17.664  -10.153 0.2857142985
63080  17.450  -18.259  -10.310 0.4285714328
61917  16.961  -18.552  -10.376 0.2857142985
67805  19.722  -13.770  -10.154 0.2857142985
68943  19.560  -13.013  -11.095 0.2857142985
67839  19.164  -13.535  -11.716 0.2857142985
67819  18.830  -14.133  -11.545 0.2857142985
72569  21.437  -10.110  -15.875 0.7142857313
128983  25.767  0.261  -17.133 0.1428571492
86433  24.789  2.973  -16.028 0.1428571492
88412  22.985  5.504  -16.049 0.1428571492
88413  22.165  5.477  -16.399 0.2857142985
86455  22.119  3.046  -16.799 0.8571428657
81145  23.443  -1.975  -19.144 0.8571428657
81153  23.219  -2.340  -19.795 1.0000000000
91630  22.568  8.623  -17.161 0.1428571492
92668  22.228  9.837  -18.125 0.2857142985
92669  21.341  9.785  -18.777 0.5714285970
94623  21.720  11.654  -20.382 0.5714285970
96432  21.043  13.226  -21.025 0.4285714328
96418  21.791  13.365  -20.513 0.2857142985
97378  21.463  14.143  -20.929 0.2857142985
98253  20.779  14.992  -21.905 0.1428571492
98287  19.236  15.579  -25.139 0.2857142985
99210  19.594  16.789  -24.652 0.1428571492
100049  19.245  17.908  -26.195 0.1428571492
100027  21.975  17.292  -24.197 0.1428571492
100810  19.702  18.440  -26.938 0.1428571492
93642  21.890  10.898  -18.813 0.4285714328
93655  21.893  11.296  -19.447 0.4285714328
94622  22.254  11.924  -19.935 0.4285714328
95526  22.312  12.611  -20.114 0.4285714328
95527  21.410  12.425  -20.696 0.5714285970
60700  15.573  -19.687  -8.647 0.1428571492
59420  14.443  -20.413  -7.446 0.1428571492
60717  15.800  -19.114  -9.393 0.4285714328
61874  17.874  -18.743  -7.837 0.1428571492
63078  18.945  -17.093  -9.865 0.1428571492
67818  19.219  -13.837  -10.912 0.2857142985
74855  23.020  -8.082  -17.467 0.7142857313
75925  24.047  -6.653  -18.783 0.8571428657
76996  27.214  -4.480  -20.282 0.5714285970
80161  26.014  -2.602  -18.964 0.5714285970
83195  24.166  0.420  -16.663 0.2857142985
86454  22.742  2.763  -16.671 0.5714285970
84267  22.551  1.306  -16.883 0.8571428657
87445  21.495  4.120  -16.902 0.8571428657
88450  20.999  5.575  -17.900 0.8571428657
98252  21.480  15.204  -21.362 0.1428571492
96451  20.372  13.457  -23.428 0.5714285970
100026  22.643  16.958  -24.263 0.1428571492
98286  19.903  15.652  -24.285 0.4285714328
99209  20.352  16.810  -23.978 0.1428571492
100037  22.821  17.306  -25.139 0.1428571492
100048  20.421  18.139  -25.926 0.1428571492
65380  19.819  -15.575  -9.309 0.1428571492
93643  21.280  10.377  -19.223 0.5714285970
63091  17.087  -17.831  -10.857 0.4285714328
67856  19.192  -13.546  -12.559 0.5714285970
99218  18.923  16.735  -25.488 0.1428571492
67857  18.746  -14.144  -12.946 0.5714285970
66634  18.274  -14.438  -13.139 0.5714285970
67858  17.175  -14.376  -13.020 0.2857142985
67886  19.066  -13.563  -14.102 0.5714285970
67887  18.425  -13.373  -14.301 0.5714285970
65437  16.974  -15.382  -12.433 0.4285714328
67871  19.173  -13.647  -13.388 0.5714285970
67859  16.692  -13.940  -12.904 0.2857142985
67873  17.544  -13.793  -13.590 0.4285714328
69012  20.197  -12.480  -15.325 0.5714285970
69014  18.334  -12.441  -14.889 0.5714285970
70190  21.083  -11.566  -15.465 0.5714285970
70191  20.594  -11.921  -15.888 0.5714285970
69029  18.963  -12.395  -15.265 0.4285714328
71360  21.007  -11.150  -16.011 0.7142857313
71361  20.236  -11.198  -16.365 0.4285714328
67888  17.790  -12.949  -14.232 0.4285714328
67874  16.574  -13.096  -13.320 0.2857142985
70174  18.277  -11.937  -15.156 0.4285714328
72585  21.504  -9.345  -16.553 0.7142857313
73767  20.094  -8.945  -16.724 0.4285714328
73782  20.886  -8.225  -17.373 0.7142857313
74858  20.234  -7.669  -17.479 0.5714285970
75928  20.628  -7.010  -18.034 0.7142857313
75929  19.627  -6.944  -17.963 0.2857142985
73765  21.811  -8.878  -16.945 0.5714285970
73766  20.981  -8.928  -17.112 0.7142857313
75927  21.756  -6.987  -17.878 0.7142857313
75945  21.039  -6.269  -18.364 0.7142857313
77002  21.399  -5.500  -18.724 0.7142857313
77003  20.326  -5.519  -18.633 0.7142857313
75946  19.963  -6.322  -18.462 0.4285714328
78042  20.605  -4.777  -19.022 0.4285714328
74856  22.199  -7.929  -17.795 0.5714285970
75944  22.240  -6.224  -18.341 0.5714285970
77001  22.562  -5.442  -18.832 0.7142857313
78041  21.649  -4.787  -19.183 0.7142857313
79123  21.909  -3.344  -20.045 0.7142857313
78059  20.860  -4.060  -19.439 0.7142857313
80177  21.289  -2.791  -20.122 0.5714285970
77014  25.055  -5.333  -19.970 0.7142857313
77000  23.629  -5.573  -19.436 0.5714285970
78039  23.238  -4.830  -19.655 0.7142857313
78040  22.644  -4.787  -19.367 0.7142857313
79131  22.435  -3.136  -20.118 0.8571428657
78060  19.871  -3.905  -19.089 0.4285714328
80185  22.331  -2.742  -20.183 0.7142857313
80186  21.653  -2.623  -20.279 0.7142857313
81163  21.909  -2.179  -20.370 0.7142857313
80187  20.775  -2.212  -20.497 0.5714285970
81164  21.282  -1.568  -20.512 0.7142857313
77015  24.345  -5.547  -19.833 0.5714285970
78057  22.720  -4.233  -19.820 0.7142857313
80175  23.095  -2.820  -19.943 0.8571428657
81154  22.340  -1.695  -20.063 0.8571428657
81155  21.564  -1.134  -20.255 0.7142857313
82207  21.232  -0.849  -20.463 0.5714285970
83249  20.194  0.700  -20.596 0.2857142985
80174  23.988  -2.821  -19.778 0.7142857313
82197  21.963  -0.977  -19.567 0.7142857313
84324  20.270  1.538  -20.440 0.7142857313
81146  22.407  -1.262  -19.107 0.7142857313
82198  21.433  -0.381  -19.996 0.8571428657
85433  20.510  2.394  -19.215 0.8571428657
83239  21.337  0.582  -19.596 0.8571428657
84316  20.874  1.457  -19.536 0.8571428657
85441  20.123  2.403  -20.045 0.8571428657
85442  19.678  2.426  -20.869 0.7142857313
83232  21.670  0.531  -19.080 0.8571428657
84304  20.862  1.780  -18.910 0.8571428657
86481  20.022  3.367  -19.660 0.8571428657
87479  19.787  4.424  -20.279 0.7142857313
90608  20.392  7.610  -20.912 0.7142857313
91678  20.615  8.752  -20.842 0.5714285970
90629  19.883  7.269  -21.808 0.7142857313
91695  20.446  8.728  -21.610 0.7142857313
92706  20.942  9.601  -21.991 0.8571428657
93690  20.914  10.511  -22.937 0.7142857313
91708  20.330  8.833  -22.671 0.7142857313
93697  20.098  10.392  -23.848 0.7142857313
94648  19.784  11.073  -24.338 0.7142857313
92735  19.018  9.696  -24.823 0.5714285970
94647  20.391  11.444  -23.627 0.7142857313
93698  19.359  10.393  -24.651 0.5714285970
94656  19.862  11.760  -24.420 0.4285714328
94657  19.327  11.376  -25.185 0.5714285970
93707  18.744  10.332  -25.731 0.5714285970
95561  19.620  12.462  -24.876 0.5714285970
94667  18.640  11.408  -25.939 0.5714285970
93718  18.029  10.502  -26.309 0.4285714328
93719  17.772  10.409  -25.889 0.5714285970
93708  17.996  9.912  -25.677 0.4285714328
94668  17.993  11.360  -26.119 0.5714285970
94669  17.804  10.733  -26.108 0.5714285970
95562  19.049  12.383  -25.654 0.5714285970
94650  17.534  10.828  -24.877 0.4285714328
92718  17.350  9.382  -23.378 0.4285714328
94658  17.766  11.536  -25.231 0.5714285970
94659  17.654  10.812  -25.664 0.5714285970
95554  18.317  12.305  -23.409 0.4285714328
73735  22.722  -8.564  -14.750 0.2857142985
95563  18.137  12.398  -24.550 0.2857142985
94642  18.304  11.298  -23.069 0.2857142985
66617  18.363  -14.742  -12.513 0.5714285970
65436  17.313  -15.352  -12.485 0.5714285970
68981  20.156  -12.563  -13.398 0.2857142985
68982  19.653  -13.042  -12.996 0.4285714328
66618  17.681  -14.686  -12.917 0.5714285970
68998  20.278  -12.622  -14.373 0.5714285970
66619  16.779  -14.903  -12.478 0.2857142985
69015  17.444  -12.236  -14.352 0.4285714328
70193  18.696  -11.653  -15.526 0.4285714328
70192  19.720  -11.799  -16.099 0.5714285970
69001  16.306  -12.185  -13.642 0.2857142985
70175  17.780  -11.648  -14.939 0.2857142985
72586  20.716  -9.669  -16.609 0.5714285970
74830  23.255  -7.801  -15.688 0.2857142985
74844  18.669  -7.973  -16.949 0.2857142985
82188  21.931  -0.373  -19.043 0.8571428657
83240  20.864  0.697  -20.126 0.7142857313
89483  19.993  6.409  -20.784 0.7142857313
92726  20.359  9.584  -23.339 0.7142857313
93700  17.410  10.301  -23.942 0.2857142985
94641  20.925  11.528  -22.614 0.5714285970
95553  20.185  12.490  -24.005 0.5714285970
95546  20.539  12.421  -23.044 0.5714285970
95571  18.503  12.384  -25.736 0.5714285970
71363  18.403  -10.389  -15.873 0.4285714328
73780  22.337  -8.476  -17.225 0.5714285970
79122  22.806  -3.494  -20.005 0.7142857313
78056  23.861  -4.701  -19.969 0.7142857313
84315  21.431  1.017  -19.249 0.7142857313
93681  21.090  10.069  -22.425 0.8571428657
67872  18.480  -13.977  -13.621 0.5714285970
68999  19.673  -13.162  -13.883 0.5714285970
69013  19.331  -12.935  -14.819 0.5714285970
65414  16.841  -15.783  -12.171 0.5714285970
69000  17.171  -12.693  -13.776 0.4285714328
69027  20.030  -12.288  -15.872 0.5714285970
72570  20.530  -10.479  -16.382 0.5714285970
72587  19.665  -9.897  -16.466 0.4285714328
74842  20.362  -8.384  -17.127 0.5714285970
74843  19.626  -8.170  -16.981 0.4285714328
73768  19.118  -8.896  -16.767 0.4285714328
73781  21.587  -8.401  -17.415 0.7142857313
74857  21.223  -7.715  -17.679 0.7142857313
74859  19.230  -7.401  -17.353 0.2857142985
75943  23.317  -6.328  -18.858 0.5714285970
78058  21.835  -4.097  -19.605 0.7142857313
79124  21.174  -3.256  -19.641 0.7142857313
80176  21.623  -2.920  -20.143 0.7142857313
80178  20.452  -2.572  -20.010 0.2857142985
82208  20.403  -0.407  -20.357 0.5714285970
82209  19.428  -0.417  -20.648 0.2857142985
92716  20.762  9.709  -22.680 0.7142857313
95572  18.280  12.408  -25.452 0.5714285970
94649  17.744  11.381  -24.098 0.4285714328
71343  17.157  -10.761  -14.885 0.1428571492
70106  20.599  -11.763  -10.828 0.1428571492
68961  20.067  -12.216  -11.819 0.1428571492
70124  20.507  -11.710  -11.803 0.1428571492
72533  21.907  -10.068  -13.916 0.1428571492
72532  22.491  -9.351  -13.983 0.1428571492
71284  21.217  -10.842  -12.012 0.1428571492
70123  21.067  -11.314  -11.295 0.1428571492
71306  21.504  -10.365  -13.210 0.1428571492
75901  23.547  -7.173  -16.081 0.2857142985
76973  24.484  -5.857  -17.147 0.1428571492
88470  20.123  5.439  -20.070 0.5714285970
102401  20.753  20.294  -28.225 0.1428571492
102406  19.264  19.885  -28.776 0.1428571492
100059  18.998  18.158  -26.977 0.1428571492
88484  18.877  5.452  -21.451 0.4285714328
90609  19.960  6.921  -21.308 0.5714285970
98306  17.494  15.687  -26.680 0.2857142985
96477  18.234  14.030  -26.404 0.2857142985
96467  18.725  13.489  -26.064 0.2857142985
97418  18.402  14.621  -26.510 0.2857142985
89518  18.056  6.511  -22.355 0.1428571492
90644  19.957  8.120  -22.760 0.5714285970
96469  17.564  14.333  -26.197 0.2857142985
90646  18.310  7.397  -22.928 0.4285714328
91720  19.372  8.417  -23.805 0.5714285970
96468  18.184  13.592  -25.885 0.2857142985
91710  18.197  7.918  -23.489 0.4285714328
96460  18.044  13.538  -24.928 0.1428571492
91711  17.587  8.248  -23.161 0.1428571492
91727  17.787  9.010  -24.459 0.4285714328
96452  18.354  13.390  -23.768 0.1428571492
97409  17.545  14.565  -24.838 0.1428571492
91722  17.635  8.892  -23.920 0.2857142985
95528  18.336  12.280  -20.387 0.1428571492
97401  18.116  14.447  -24.019 0.1428571492
96445  18.436  13.286  -22.550 0.1428571492
97393  18.409  14.394  -22.922 0.1428571492
97381  18.743  14.354  -21.737 0.1428571492
61919  15.696  -17.713  -10.244 0.4285714328
64262  15.067  -16.298  -10.336 0.2857142985
68942  20.025  -12.297  -11.279 0.1428571492
71283  22.000  -9.998  -12.252 0.1428571492
74815  22.889  -8.095  -14.641 0.1428571492
88471  19.586  5.466  -20.868 0.2857142985
97408  19.172  14.469  -25.844 0.2857142985
97410  17.068  14.747  -25.587 0.2857142985
97419  18.143  15.168  -26.810 0.2857142985
98289  17.176  15.439  -24.818 0.2857142985
64247  14.562  -16.342  -9.806 0.2857142985
64244  19.348  -16.535  -9.618 0.1428571492
68927  20.142  -12.704  -10.253 0.1428571492
75900  23.981  -6.520  -16.574 0.1428571492
73750  22.905  -8.231  -15.324 0.1428571492
90647  17.579  7.312  -22.360 0.1428571492
87480  19.473  4.432  -21.190 0.4285714328
89519  17.339  6.443  -22.176 0.2857142985
92728  18.962  9.072  -24.381 0.5714285970
96458  19.958  13.459  -24.444 0.4285714328
98298  16.981  15.646  -26.182 0.2857142985
97429  17.908  14.791  -26.791 0.2857142985
98297  18.298  15.664  -26.723 0.2857142985
98311  18.005  16.450  -27.461 0.2857142985
99229  17.911  16.903  -27.759 0.1428571492
100064  17.690  17.888  -28.046 0.1428571492
100819  19.473  18.594  -27.571 0.1428571492
98288  17.879  15.440  -24.227 0.2857142985
98290  16.842  15.485  -25.416 0.2857142985
100063  18.345  17.683  -28.042 0.1428571492
100827  18.718  18.519  -28.321 0.1428571492
99219  18.520  16.648  -26.382 0.1428571492
100050  18.660  17.413  -26.842 0.1428571492
78028  25.124  -5.305  -17.463 0.2857142985
99220  17.071  16.505  -25.992 0.2857142985
98296  18.651  15.547  -26.010 0.2857142985
99226  18.383  16.613  -27.119 0.1428571492
61918  16.279  -18.192  -10.392 0.4285714328
61906  15.599  -18.295  -9.735 0.4285714328
89500  19.288  6.580  -21.561 0.4285714328
90628  20.195  7.929  -22.183 0.5714285970
91709  19.844  8.296  -23.172 0.5714285970
92727  19.623  9.439  -24.097 0.5714285970
96459  19.415  13.419  -25.378 0.2857142985
95547  18.507  12.171  -22.262 0.2857142985
91719  20.045  8.809  -23.542 0.5714285970
91721  18.375  8.606  -23.976 0.5714285970
72513  22.112  -9.777  -13.341 0.1428571492
71262  21.448  -10.919  -11.235 0.1428571492
73719  22.859  -8.367  -13.886 0.1428571492
97430  17.368  14.779  -26.495 0.2857142985
96478  17.986  14.138  -26.575 0.2857142985
90645  19.393  7.510  -22.904 0.4285714328
96461  17.677  14.145  -25.546 0.1428571492
90661  18.651  7.739  -23.533 0.4285714328
90660  19.010  7.882  -23.760 0.5714285970
63081  15.106  -17.327  -9.854 0.2857142985
87488  18.964  4.417  -21.973 0.2857142985
98305  18.042  15.894  -27.087 0.2857142985
99228  18.199  16.790  -27.587 0.2857142985
100065  18.232  18.175  -28.419 0.1428571492
79125  20.265  -3.025  -19.235 0.4285714328
99203  17.482  16.994  -24.053 0.1428571492
99213  16.812  15.918  -25.645 0.1428571492
100030  17.031  18.130  -23.910 0.1428571492
98255  19.051  15.481  -21.351 0.1428571492
100029  17.614  17.563  -23.418 0.1428571492
99211  17.609  16.201  -24.394 0.1428571492
99212  17.074  16.565  -24.921 0.1428571492
98271  18.660  15.460  -22.238 0.1428571492
99188  18.385  16.532  -22.529 0.1428571492
99202  18.063  16.582  -23.597 0.1428571492
100013  17.993  17.647  -22.668 0.1428571492
100014  17.561  18.600  -22.926 0.1428571492
99988  18.597  17.786  -20.872 0.1428571492
81165  20.179  -1.351  -20.490 0.2857142985
99171  18.799  16.567  -21.515 0.1428571492
99999  18.335  17.525  -21.851 0.1428571492
71342  21.306  -11.237  -14.589 0.2857142985
100041  16.693  18.040  -25.096 0.1428571492
99153  19.133  16.950  -20.765 0.1428571492
70173  21.021  -11.861  -14.887 0.4285714328
64270  17.916  -16.132  -11.796 0.4285714328
64258  18.097  -16.578  -11.150 0.2857142985
65412  18.312  -15.491  -11.771 0.2857142985
66598  18.594  -14.650  -11.851 0.2857142985
64259  17.266  -17.009  -11.341 0.2857142985
91726  18.066  9.051  -24.671 0.4285714328
67840  18.751  -14.100  -12.194 0.2857142985
64271  17.428  -16.380  -11.800 0.4285714328
66579  18.761  -14.697  -11.155 0.1428571492
65435  17.914  -15.299  -12.462 0.4285714328
65413  17.668  -15.835  -12.203 0.2857142985
89517  18.711  6.816  -22.353 0.2857142985
64260  16.483  -16.984  -11.114 0.2857142985
63092  16.094  -17.432  -10.677 0.2857142985
64272  16.675  -16.451  -11.562 0.2857142985
64273  16.168  -16.459  -11.229 0.2857142985
71362  19.395  -10.726  -16.159 0.2857142985
72588  18.749  -9.473  -16.490 0.2857142985
75947  19.154  -6.120  -17.986 0.1428571492
77004  19.380  -5.413  -18.314 0.1428571492
83250  19.416  0.640  -21.266 0.1428571492
84325  19.749  1.547  -21.217 0.1428571492
83258  19.064  1.062  -21.927 0.1428571492
85450  19.272  2.438  -21.520 0.1428571492
85451  18.701  2.397  -21.679 0.1428571492
89501  18.490  6.245  -21.820 0.1428571492
88499  17.552  5.848  -22.210 0.1428571492
88485  18.176  5.507  -22.141 0.1428571492
92729  17.518  9.501  -24.338 0.1428571492
92708  17.550  9.234  -22.076 0.1428571492
93699  17.818  10.821  -23.496 0.1428571492
93691  17.966  10.329  -22.860 0.1428571492
86488  19.684  3.404  -20.577 0.2857142985
86498  18.772  3.373  -21.732 0.1428571492
63066  14.899  -17.793  -9.100 0.2857142985
72572  18.452  -9.754  -16.236 0.2857142985
72589  18.261  -9.364  -16.359 0.2857142985
78044  18.670  -4.559  -18.454 0.1428571492
80179  19.268  -2.370  -19.907 0.1428571492
80188  19.861  -2.012  -20.497 0.1428571492
82210  18.681  -0.553  -20.646 0.1428571492
83251  18.716  0.156  -21.292 0.1428571492
83259  18.724  0.807  -21.708 0.1428571492
84334  18.657  1.533  -21.759 0.1428571492
88486  17.330  5.303  -21.986 0.1428571492
92717  17.485  9.762  -22.774 0.1428571492
93692  17.357  9.969  -23.230 0.1428571492
72573  17.819  -9.446  -16.021 0.2857142985
78043  19.608  -4.625  -18.657 0.1428571492
70194  17.885  -10.947  -15.405 0.1428571492
86489  19.304  3.409  -21.349 0.1428571492
64261  15.627  -16.512  -10.776 0.2857142985
73769  18.007  -8.768  -16.550 0.1428571492
84333  19.247  1.584  -21.836 0.1428571492
83252  17.733  0.486  -20.710 0.1428571492
63067  14.042  -17.367  -8.735 0.1428571492
63082  14.562  -17.079  -9.282 0.1428571492
64234  13.390  -16.710  -8.800 0.1428571492
65415  15.925  -15.801  -11.346 0.1428571492
94594  22.744  11.446  -18.651 0.1428571492
61894  14.420  -18.256  -8.549 0.1428571492
65382  14.506  -15.791  -10.017 0.1428571492
65395  15.473  -15.988  -10.909 0.1428571492
66599  16.370  -15.328  -11.926 0.1428571492
65396  14.903  -15.627  -10.569 0.1428571492
66620  16.128  -14.138  -12.315 0.1428571492
93641  22.858  10.902  -18.080 0.1428571492
94608  22.479  11.768  -19.352 0.1428571492
67860  15.803  -13.282  -12.721 0.1428571492
78027  26.009  -5.119  -18.135 0.1428571492
69016  16.911  -12.125  -13.961 0.1428571492
63093  15.513  -17.162  -10.385 0.1428571492
64233  14.043  -16.712  -9.145 0.1428571492
66600  15.863  -14.807  -11.726 0.1428571492
59436  15.662  -20.178  -8.132 0.1428571492
64246  15.140  -16.744  -10.260 0.1428571492
66635  18.008  -14.345  -13.430 0.5714285970
69028  19.501  -12.324  -15.553 0.5714285970
70125  20.129  -12.201  -12.202 0.2857142985
70172  21.193  -11.538  -15.219 0.7142857313
71341  21.385  -11.097  -15.171 0.7142857313
71375  19.365  -10.218  -16.293 0.2857142985
71376  19.020  -10.061  -16.235 0.2857142985
72571  19.945  -10.614  -16.519 0.4285714328
73734  22.885  -8.143  -14.885 0.1428571492
73764  22.393  -8.805  -16.534 0.7142857313
74798  22.918  -8.043  -14.376 0.1428571492
77011  27.055  -4.368  -20.444 0.5714285970
77012  26.776  -4.679  -20.572 0.5714285970
78053  26.736  -4.117  -20.343 0.5714285970
79110  25.069  -3.121  -19.451 0.7142857313
79119  26.136  -3.658  -19.961 0.5714285970
79132  22.194  -3.086  -20.165 0.8571428657
80172  26.312  -3.026  -19.670 0.5714285970
80173  24.645  -3.010  -19.449 0.7142857313
80189  19.266  -1.863  -20.482 0.1428571492
81135  22.339  -0.861  -18.620 0.8571428657
82155  23.229  -0.065  -17.207 0.8571428657
82173  23.825  -0.791  -17.399 0.8571428657
82189  21.590  0.095  -19.441 0.8571428657
82199  20.686  0.150  -20.209 0.7142857313
83197  22.479  0.871  -17.221 0.8571428657
83215  22.961  0.053  -17.294 0.8571428657
83231  22.048  0.420  -18.453 0.8571428657
83260  18.343  0.648  -21.361 0.1428571492
84285  21.532  1.703  -18.022 0.8571428657
85382  22.773  1.766  -16.608 0.8571428657
85400  22.578  2.584  -16.731 0.5714285970
85403  20.854  2.764  -18.182 0.8571428657
85420  21.248  1.832  -18.152 0.8571428657
86435  22.166  3.529  -16.594 0.4285714328
87424  23.340  4.403  -16.010 0.1428571492
87425  22.188  4.744  -16.903 0.2857142985
88498  17.779  6.070  -22.255 0.1428571492
90586  21.057  8.058  -18.651 0.8571428657
91631  21.838  8.412  -17.613 0.2857142985
92707  17.710  9.897  -22.337 0.1428571492
92736  18.401  9.453  -24.914 0.4285714328
92737  17.859  9.480  -24.922 0.4285714328
93709  17.620  10.155  -25.113 0.5714285970
93717  18.344  10.867  -26.246 0.5714285970
94609  21.936  11.521  -19.798 0.4285714328
94640  21.271  11.265  -22.084 0.7142857313
96479  17.702  14.462  -26.589 0.2857142985
97411  16.785  15.093  -25.727 0.2857142985
97420  17.118  14.678  -26.158 0.2857142985
97421  16.846  14.918  -26.026 0.2857142985
97428  18.100  14.355  -26.636 0.2857142985
97431  16.985  14.876  -26.257 0.2857142985
98299  16.771  15.393  -25.911 0.2857142985
98307  16.991  15.150  -26.326 0.2857142985
98312  17.824  16.335  -27.297 0.2857142985
99221  16.815  15.821  -25.952 0.1428571492
100060  18.598  17.684  -27.466 0.1428571492
100066  17.994  18.314  -28.532 0.1428571492
100808  20.984  18.275  -26.516 0.1428571492
100820  18.900  18.337  -27.935 0.1428571492
100826  19.511  18.965  -28.349 0.1428571492
102402  19.685  20.325  -28.380 0.1428571492
102407  18.803  20.018  -28.573 0.1428571492
128973  24.747  -0.571  -17.071 0.4285714328
128984  26.157  -1.984  -17.987 0.4285714328
