#!ascii label  , from subject sub.01.bl.01.long.sub.01.base.03 vox2ras=TkReg
1422
92074  -36.392  24.625  15.151 0.0000000000
87938  -47.937  20.983  4.449 0.0000000000
98141  -44.082  31.503  15.591 0.0000000000
87857  -44.737  20.261  10.847 0.0000000000
90997  -42.112  23.521  19.948 0.0000000000
93086  -41.613  24.819  4.971 0.0000000000
98265  -44.565  30.848  4.462 0.0000000000
101833  -39.628  35.806  2.458 0.0000000000
88725  -34.862  21.346  25.508 0.0000000000
86751  -39.538  19.870  12.755 0.0000000000
87909  -41.824  20.586  6.898 0.0000000000
92112  -39.651  24.263  10.955 0.0000000000
98134  -48.126  31.974  15.793 0.0000000000
96404  -47.158  29.282  10.069 0.0000000000
98178  -43.555  32.037  11.553 0.0000000000
99123  -38.730  32.487  6.428 0.0000000000
102585  -43.999  36.676  7.064 0.0000000000
86876  -44.455  19.546  2.031 0.0000000000
97220  -32.989  30.009  17.270 0.0000000000
96369  -38.740  29.585  12.971 0.0000000000
89975  -49.570  23.589  14.847 0.0000000000
88852  -43.757  21.244  16.047 0.0000000000
86705  -37.674  19.376  17.883 0.0000000000
90990  -35.580  23.439  21.437 0.0000000000
87957  -43.858  20.731  2.843 0.0000000000
91206  -43.374  23.784  -0.414 0.0000000000
94703  -43.664  27.430  10.477 0.0000000000
95606  -44.928  29.265  4.158 0.0000000000
94795  -43.907  27.535  -1.024 0.0000000000
97390  -40.157  30.773  -0.332 0.0000000000
98303  -36.131  31.535  0.332 0.0000000000
88868  -37.771  22.002  13.638 0.0000000000
88905  -38.867  21.835  11.215 0.0000000000
92088  -38.654  24.006  13.292 0.0000000000
100853  -49.022  33.890  15.281 0.0000000000
99072  -46.706  32.139  13.990 0.0000000000
100872  -45.754  34.894  12.630 0.0000000000
100886  -43.370  35.392  10.717 0.0000000000
86869  -46.355  20.344  2.711 0.0000000000
97174  -31.745  30.656  20.569 0.0000000000
97207  -35.675  30.683  18.565 0.0000000000
89936  -43.260  22.667  17.836 0.0000000000
86718  -41.394  19.980  17.309 0.0000000000
88824  -40.064  21.475  18.964 0.0000000000
89811  -35.096  22.755  22.985 0.0000000000
91028  -30.486  23.572  18.756 0.0000000000
92992  -29.705  25.773  17.659 0.0000000000
92042  -28.115  24.359  19.025 0.0000000000
88931  -46.445  21.260  8.492 0.0000000000
90071  -40.953  22.106  5.651 0.0000000000
87934  -43.154  20.581  5.217 0.0000000000
90091  -41.637  22.305  3.850 0.0000000000
89021  -42.658  22.167  1.094 0.0000000000
92172  -42.354  24.579  3.011 0.0000000000
98161  -41.030  31.503  13.717 0.0000000000
95514  -41.233  28.503  12.118 0.0000000000
96383  -43.694  29.207  12.302 0.0000000000
97326  -46.253  30.444  7.597 0.0000000000
95579  -46.786  29.619  6.777 0.0000000000
97360  -46.152  30.182  4.383 0.0000000000
95631  -45.327  28.513  0.856 0.0000000000
97374  -44.746  30.768  0.588 0.0000000000
96517  -42.890  29.856  -0.649 0.0000000000
98309  -42.527  31.466  0.931 0.0000000000
100932  -38.158  34.158  4.804 0.0000000000
99149  -37.270  31.921  3.211 0.0000000000
100040  -36.911  34.175  1.971 0.0000000000
99154  -35.271  33.204  1.480 0.0000000000
101839  -36.906  35.411  1.266 0.0000000000
86778  -41.997  19.120  11.610 0.0000000000
87885  -43.162  20.201  8.787 0.0000000000
86805  -40.635  20.136  9.635 0.0000000000
90047  -39.528  22.499  8.377 0.0000000000
93058  -40.237  24.768  7.828 0.0000000000
98131  -45.911  31.485  16.294 0.0000000000
96373  -46.070  29.414  13.058 0.0000000000
97270  -47.412  30.556  13.661 0.0000000000
97281  -46.172  30.414  10.957 0.0000000000
98207  -43.519  31.045  8.463 0.0000000000
98246  -41.322  31.444  5.039 0.0000000000
99107  -41.258  32.319  9.149 0.0000000000
100908  -40.213  34.739  8.091 0.0000000000
102612  -41.576  36.733  4.967 0.0000000000
86874  -42.660  19.296  1.767 0.0000000000
95500  -34.714  28.147  15.308 0.0000000000
94672  -37.371  27.456  14.205 0.0000000000
97244  -35.785  30.247  15.480 0.0000000000
97246  -38.046  31.285  16.464 0.0000000000
98126  -40.324  31.306  17.363 0.0000000000
97200  -40.442  30.836  20.963 0.0000000000
98106  -43.454  31.487  18.802 0.0000000000
88880  -46.928  21.848  12.717 0.0000000000
89972  -46.620  22.152  15.093 0.0000000000
87821  -44.560  20.380  13.673 0.0000000000
85780  -42.357  18.837  14.273 0.0000000000
86732  -38.808  19.411  14.757 0.0000000000
88771  -41.654  21.984  22.178 0.0000000000
89781  -37.449  23.121  25.648 0.0000000000
90952  -38.041  23.197  22.985 0.0000000000
91015  -39.151  23.306  20.263 0.0000000000
87753  -36.125  20.781  20.210 0.0000000000
92067  -34.219  24.947  15.842 0.0000000000
90094  -48.349  22.606  3.641 0.0000000000
87912  -44.705  20.919  6.576 0.0000000000
88979  -45.288  21.337  4.417 0.0000000000
89014  -46.652  21.576  2.230 0.0000000000
87969  -44.712  20.481  1.939 0.0000000000
86895  -43.534  20.386  0.944 0.0000000000
89026  -42.429  22.184  -0.814 0.0000000000
93881  -39.761  26.503  12.667 0.0000000000
93035  -41.345  25.904  10.602 0.0000000000
94731  -41.692  26.882  7.634 0.0000000000
95544  -45.907  28.256  10.088 0.0000000000
95576  -44.509  28.568  7.524 0.0000000000
94748  -42.880  27.401  5.092 0.0000000000
93969  -43.616  26.593  2.009 0.0000000000
92203  -44.185  25.411  -1.556 0.0000000000
92200  -42.187  24.354  -1.061 0.0000000000
98277  -39.988  31.342  2.758 0.0000000000
98317  -37.779  31.001  -0.448 0.0000000000
96471  -37.210  29.468  2.247 0.0000000000
97358  -34.668  30.410  2.228 0.0000000000
98257  -33.534  31.737  3.869 0.0000000000
91064  -37.215  23.588  14.445 0.0000000000
91074  -38.246  23.476  13.519 0.0000000000
92076  -37.689  25.150  14.075 0.0000000000
100867  -47.987  34.857  13.867 0.0000000000
101717  -46.370  35.582  11.498 0.0000000000
87950  -47.165  20.660  3.498 0.0000000000
89922  -42.768  23.295  18.263 0.0000000000
88826  -41.629  22.004  18.040 0.0000000000
89905  -40.733  23.314  18.935 0.0000000000
91011  -30.025  22.892  19.080 0.0000000000
91027  -29.459  23.388  18.754 0.0000000000
88907  -46.494  21.238  10.723 0.0000000000
87873  -45.978  20.771  9.765 0.0000000000
92157  -40.836  23.724  5.785 0.0000000000
90081  -41.283  22.267  4.791 0.0000000000
91174  -41.460  23.261  4.494 0.0000000000
91192  -41.823  23.025  2.818 0.0000000000
92165  -42.075  24.842  3.814 0.0000000000
98151  -42.002  31.738  14.783 0.0000000000
98171  -42.490  30.863  12.888 0.0000000000
98163  -43.461  30.963  13.510 0.0000000000
98235  -45.576  30.589  6.250 0.0000000000
98251  -46.410  30.440  5.451 0.0000000000
98282  -45.056  30.666  3.733 0.0000000000
97366  -45.558  30.139  2.252 0.0000000000
98296  -44.703  30.704  2.648 0.0000000000
98310  -43.581  31.345  1.176 0.0000000000
98280  -43.130  31.087  3.196 0.0000000000
101815  -39.239  35.359  3.792 0.0000000000
100941  -38.071  34.440  3.634 0.0000000000
100950  -38.508  34.963  2.609 0.0000000000
100965  -37.207  34.900  1.189 0.0000000000
101840  -38.030  35.436  1.497 0.0000000000
86760  -40.436  19.269  12.167 0.0000000000
86792  -41.087  19.584  10.554 0.0000000000
86776  -40.376  19.630  11.065 0.0000000000
91111  -38.954  23.384  10.584 0.0000000000
90025  -38.920  22.396  10.015 0.0000000000
91122  -39.123  23.279  9.536 0.0000000000
92142  -39.553  23.746  8.304 0.0000000000
92124  -39.934  24.686  9.386 0.0000000000
98132  -46.833  31.502  16.326 0.0000000000
97249  -46.954  30.606  14.961 0.0000000000
98145  -47.607  31.400  15.240 0.0000000000
99077  -45.410  32.323  13.128 0.0000000000
98167  -46.193  31.602  13.233 0.0000000000
98179  -44.333  31.678  11.729 0.0000000000
98197  -44.381  30.672  9.241 0.0000000000
98196  -43.359  31.210  9.686 0.0000000000
98206  -42.181  31.584  8.890 0.0000000000
99097  -42.062  32.414  10.334 0.0000000000
101751  -42.961  36.172  9.226 0.0000000000
100897  -41.288  34.873  9.267 0.0000000000
101784  -42.059  36.072  7.722 0.0000000000
101796  -41.056  36.114  6.601 0.0000000000
102598  -42.698  36.875  6.086 0.0000000000
86875  -43.506  19.432  1.697 0.0000000000
96352  -33.322  29.024  16.259 0.0000000000
96358  -35.157  29.256  15.266 0.0000000000
97236  -34.896  30.190  16.361 0.0000000000
97195  -36.936  30.669  19.531 0.0000000000
97238  -37.125  31.053  17.082 0.0000000000
97225  -38.305  30.554  18.380 0.0000000000
98125  -39.432  31.079  17.626 0.0000000000
97226  -39.114  30.770  18.722 0.0000000000
98071  -40.146  31.208  22.241 0.0000000000
98096  -42.066  31.282  20.210 0.0000000000
98097  -43.279  31.550  19.963 0.0000000000
98099  -45.210  31.942  19.044 0.0000000000
98087  -44.332  31.776  20.918 0.0000000000
89991  -48.621  22.929  12.352 0.0000000000
91065  -49.088  23.391  13.791 0.0000000000
89963  -46.453  22.118  16.119 0.0000000000
88854  -45.422  21.864  15.837 0.0000000000
88870  -45.383  21.339  14.360 0.0000000000
87813  -44.355  20.710  14.666 0.0000000000
86754  -43.420  19.418  13.584 0.0000000000
86735  -42.954  19.664  15.387 0.0000000000
86716  -39.274  19.084  17.236 0.0000000000
86725  -39.967  18.772  16.536 0.0000000000
86715  -38.153  18.953  17.072 0.0000000000
89779  -36.229  22.430  25.673 0.0000000000
90950  -36.341  23.793  22.545 0.0000000000
90969  -37.044  23.852  21.885 0.0000000000
89854  -38.766  23.195  21.855 0.0000000000
90992  -37.682  23.226  21.277 0.0000000000
88803  -37.864  22.034  20.370 0.0000000000
89879  -36.115  22.667  21.031 0.0000000000
92999  -33.276  25.514  16.236 0.0000000000
92998  -32.343  25.571  16.661 0.0000000000
91175  -49.036  23.280  4.048 0.0000000000
87898  -42.468  20.285  7.755 0.0000000000
87899  -43.484  20.414  7.748 0.0000000000
87910  -42.742  20.475  6.876 0.0000000000
87948  -43.608  20.681  3.870 0.0000000000
87936  -44.523  20.865  4.620 0.0000000000
87949  -44.647  20.906  3.615 0.0000000000
88995  -46.197  21.985  3.292 0.0000000000
89005  -45.723  21.481  2.735 0.0000000000
87970  -45.983  21.195  1.992 0.0000000000
87968  -43.793  20.753  1.915 0.0000000000
90118  -42.695  22.870  0.694 0.0000000000
89022  -42.694  22.089  0.318 0.0000000000
87984  -42.656  21.952  -0.162 0.0000000000
87983  -42.581  21.733  -0.117 0.0000000000
90124  -43.138  22.987  -1.247 0.0000000000
95507  -38.239  28.502  13.376 0.0000000000
94676  -38.568  27.425  13.385 0.0000000000
95508  -38.975  28.328  12.805 0.0000000000
94692  -42.696  27.527  11.244 0.0000000000
93893  -41.461  26.751  11.470 0.0000000000
93912  -42.425  26.630  10.413 0.0000000000
93918  -41.547  26.222  9.194 0.0000000000
94722  -42.921  27.157  9.071 0.0000000000
96387  -47.193  29.397  12.056 0.0000000000
95519  -45.704  28.722  11.693 0.0000000000
95534  -46.651  28.594  10.666 0.0000000000
95597  -45.582  29.442  5.213 0.0000000000
95577  -45.256  28.853  7.312 0.0000000000
95596  -44.398  28.947  5.248 0.0000000000
94741  -43.522  28.200  5.863 0.0000000000
94749  -43.543  28.056  4.655 0.0000000000
93961  -43.420  26.853  2.976 0.0000000000
94763  -43.974  27.573  2.620 0.0000000000
94797  -44.925  28.071  -0.759 0.0000000000
94789  -44.774  27.543  -0.469 0.0000000000
93135  -44.007  26.000  -1.889 0.0000000000
92209  -42.957  24.718  -1.940 0.0000000000
93125  -42.744  25.604  -1.439 0.0000000000
93115  -42.254  25.420  -0.469 0.0000000000
93990  -43.041  26.690  -0.932 0.0000000000
97392  -41.799  30.517  -0.550 0.0000000000
96498  -42.195  29.180  0.761 0.0000000000
98231  -40.424  31.763  6.532 0.0000000000
98261  -40.486  31.241  3.930 0.0000000000
98260  -39.274  31.426  3.899 0.0000000000
98288  -36.583  31.718  1.087 0.0000000000
98289  -37.471  31.475  1.178 0.0000000000
97373  -36.220  31.031  -0.522 0.0000000000
96494  -37.763  29.768  0.192 0.0000000000
96481  -35.962  30.383  0.703 0.0000000000
96470  -36.153  29.788  1.838 0.0000000000
96480  -35.476  30.626  1.138 0.0000000000
100038  -35.170  33.733  1.882 0.0000000000
98273  -34.180  31.764  2.783 0.0000000000
99147  -34.113  32.673  3.228 0.0000000000
99139  -33.337  32.644  4.260 0.0000000000
87819  -38.833  20.775  12.947 0.0000000000
87827  -39.125  20.620  12.128 0.0000000000
89989  -38.474  22.472  12.619 0.0000000000
91097  -38.727  23.172  12.094 0.0000000000
92101  -39.760  24.523  11.876 0.0000000000
99067  -47.851  32.471  14.764 0.0000000000
99955  -47.890  33.437  14.641 0.0000000000
99959  -45.885  33.717  13.660 0.0000000000
99963  -44.889  33.770  12.934 0.0000000000
99966  -42.885  34.101  11.747 0.0000000000
100877  -44.931  35.135  11.794 0.0000000000
101731  -45.301  35.888  10.492 0.0000000000
86868  -45.397  19.588  2.866 0.0000000000
97191  -32.503  30.766  19.565 0.0000000000
97221  -34.126  30.370  17.444 0.0000000000
97192  -33.757  31.062  19.788 0.0000000000
88843  -43.607  21.716  16.713 0.0000000000
87794  -42.838  20.749  16.483 0.0000000000
87784  -42.011  20.870  17.343 0.0000000000
86708  -40.657  20.184  17.910 0.0000000000
87772  -38.955  20.201  18.763 0.0000000000
88738  -34.980  21.385  24.334 0.0000000000
89831  -33.684  22.812  22.204 0.0000000000
92046  -31.524  24.052  18.326 0.0000000000
92994  -31.189  25.509  17.229 0.0000000000
92044  -30.029  24.489  18.194 0.0000000000
92989  -29.264  25.323  18.160 0.0000000000
90060  -40.826  21.704  6.311 0.0000000000
87919  -42.140  20.646  6.259 0.0000000000
88977  -41.561  21.436  5.240 0.0000000000
88991  -41.747  21.567  4.482 0.0000000000
88993  -43.108  21.059  3.059 0.0000000000
89004  -43.194  21.251  2.237 0.0000000000
90103  -42.130  22.463  2.492 0.0000000000
90111  -42.464  22.746  1.627 0.0000000000
92187  -42.992  24.540  0.968 0.0000000000
97264  -39.356  30.804  13.229 0.0000000000
96379  -39.728  29.541  12.526 0.0000000000
97275  -41.663  30.295  12.509 0.0000000000
96382  -42.832  29.268  12.226 0.0000000000
95530  -43.301  28.176  11.462 0.0000000000
97308  -46.646  29.742  8.824 0.0000000000
95557  -46.688  29.462  8.729 0.0000000000
97328  -47.041  30.079  6.997 0.0000000000
96465  -46.901  29.889  5.002 0.0000000000
95615  -45.411  29.439  3.371 0.0000000000
95622  -45.018  28.242  1.715 0.0000000000
96487  -45.664  29.727  2.759 0.0000000000
96511  -45.397  29.373  0.318 0.0000000000
96519  -44.307  29.456  -0.561 0.0000000000
95643  -43.662  28.590  -0.583 0.0000000000
97394  -43.548  30.536  -0.808 0.0000000000
98337  -42.715  30.974  -1.256 0.0000000000
98320  -41.176  31.276  -0.205 0.0000000000
100007  -38.445  33.249  6.203 0.0000000000
98243  -37.836  31.920  4.531 0.0000000000
100016  -37.369  32.754  4.578 0.0000000000
100032  -36.589  32.924  2.813 0.0000000000
99161  -35.935  32.340  1.231 0.0000000000
98302  -35.626  31.702  0.852 0.0000000000
100044  -36.061  33.614  0.854 0.0000000000
101837  -35.613  34.822  0.948 0.0000000000
101820  -35.907  35.361  2.290 0.0000000000
87856  -43.621  19.708  11.075 0.0000000000
87871  -43.946  20.100  9.843 0.0000000000
87855  -43.044  19.539  10.668 0.0000000000
87869  -41.631  19.775  9.366 0.0000000000
87883  -41.259  20.200  8.585 0.0000000000
87853  -39.551  20.751  10.277 0.0000000000
88917  -39.713  21.103  9.228 0.0000000000
88940  -40.446  21.106  7.996 0.0000000000
90059  -40.411  22.023  6.853 0.0000000000
92150  -40.372  23.844  6.579 0.0000000000
92151  -40.865  24.462  5.999 0.0000000000
98142  -45.196  31.348  15.429 0.0000000000
98165  -45.147  30.492  13.894 0.0000000000
98155  -46.083  30.602  14.696 0.0000000000
96365  -47.216  29.882  13.838 0.0000000000
97283  -47.203  29.883  11.501 0.0000000000
98168  -47.099  31.149  13.385 0.0000000000
98176  -47.073  30.616  12.548 0.0000000000
97282  -46.720  30.284  11.225 0.0000000000
97306  -45.869  30.297  9.522 0.0000000000
98220  -44.993  30.548  7.143 0.0000000000
98234  -44.451  30.672  6.280 0.0000000000
98247  -42.735  31.250  5.272 0.0000000000
98218  -42.673  31.268  7.546 0.0000000000
98217  -41.252  31.692  7.772 0.0000000000
99125  -40.019  32.183  7.331 0.0000000000
99972  -41.803  34.124  10.545 0.0000000000
99992  -40.272  33.657  8.775 0.0000000000
100000  -39.030  33.559  7.137 0.0000000000
100917  -39.463  34.639  6.836 0.0000000000
101806  -40.177  35.737  4.887 0.0000000000
102625  -40.441  36.140  3.826 0.0000000000
93872  -35.595  26.959  15.270 0.0000000000
93874  -36.944  26.503  14.504 0.0000000000
94670  -35.796  27.451  14.981 0.0000000000
96362  -36.098  29.273  14.619 0.0000000000
97262  -37.338  30.040  13.953 0.0000000000
97237  -36.024  30.730  16.660 0.0000000000
97245  -36.835  31.087  15.861 0.0000000000
97263  -38.083  30.698  13.976 0.0000000000
98149  -39.718  31.525  15.189 0.0000000000
98138  -40.558  31.398  16.175 0.0000000000
98139  -41.739  31.592  15.961 0.0000000000
97198  -39.306  30.754  20.222 0.0000000000
98103  -40.212  31.151  19.636 0.0000000000
98114  -42.451  31.486  17.973 0.0000000000
98129  -43.829  31.585  16.652 0.0000000000
98116  -44.718  31.602  17.477 0.0000000000
99047  -46.090  31.976  17.861 0.0000000000
99048  -46.719  32.091  17.606 0.0000000000
90004  -47.954  22.318  11.493 0.0000000000
88893  -46.271  21.122  11.881 0.0000000000
89964  -47.499  22.423  15.876 0.0000000000
89973  -47.667  22.536  14.823 0.0000000000
89982  -46.952  22.165  14.252 0.0000000000
88879  -46.062  21.382  13.021 0.0000000000
87842  -44.566  20.174  11.916 0.0000000000
86764  -43.755  19.581  12.799 0.0000000000
86762  -42.140  18.745  12.605 0.0000000000
86743  -40.199  18.980  13.462 0.0000000000
85764  -41.533  18.840  15.855 0.0000000000
85769  -39.862  18.686  14.912 0.0000000000
86742  -39.666  19.234  13.773 0.0000000000
87811  -38.267  20.621  14.058 0.0000000000
90899  -38.714  23.643  25.715 0.0000000000
89813  -36.360  22.674  24.147 0.0000000000
90933  -38.033  22.951  23.856 0.0000000000
89795  -39.199  22.794  24.120 0.0000000000
89834  -39.319  22.453  22.535 0.0000000000
90973  -40.355  22.843  21.205 0.0000000000
90995  -40.478  23.220  20.571 0.0000000000
89903  -39.106  22.771  19.822 0.0000000000
87763  -38.222  20.730  19.398 0.0000000000
87771  -37.868  19.761  18.810 0.0000000000
92069  -35.612  24.598  15.525 0.0000000000
93868  -34.264  26.486  15.759 0.0000000000
95497  -33.496  28.011  16.054 0.0000000000
96351  -32.699  28.714  16.527 0.0000000000
96337  -31.285  29.754  17.986 0.0000000000
90085  -50.062  22.384  4.805 0.0000000000
88998  -48.784  22.338  3.979 0.0000000000
88997  -48.245  21.938  3.619 0.0000000000
87887  -45.444  20.778  8.614 0.0000000000
87901  -45.294  20.893  7.520 0.0000000000
87921  -43.796  20.596  5.814 0.0000000000
88954  -44.917  21.229  5.989 0.0000000000
88968  -46.575  22.359  5.146 0.0000000000
88981  -46.768  22.432  4.127 0.0000000000
90104  -47.690  22.367  3.310 0.0000000000
87960  -47.136  21.118  2.600 0.0000000000
86878  -46.280  20.754  2.090 0.0000000000
86877  -45.478  20.129  2.050 0.0000000000
86887  -44.379  20.218  1.614 0.0000000000
89013  -43.050  21.468  1.300 0.0000000000
86896  -43.759  20.348  1.211 0.0000000000
86886  -43.684  19.898  1.219 0.0000000000
86894  -43.148  20.230  0.679 0.0000000000
87975  -42.187  21.160  0.190 0.0000000000
89019  -41.549  21.723  0.043 0.0000000000
93009  -38.065  25.672  14.006 0.0000000000
93013  -39.300  25.639  12.999 0.0000000000
93025  -40.325  25.098  11.726 0.0000000000
94681  -40.833  27.618  12.246 0.0000000000
93892  -40.844  26.288  11.664 0.0000000000
92113  -40.291  24.866  10.422 0.0000000000
93051  -40.821  25.732  8.933 0.0000000000
93926  -41.103  26.201  8.033 0.0000000000
93934  -41.406  26.287  6.734 0.0000000000
96372  -45.199  29.558  12.946 0.0000000000
95518  -44.770  28.668  11.821 0.0000000000
94704  -44.522  27.730  10.329 0.0000000000
95556  -46.646  28.921  8.870 0.0000000000
94717  -45.332  28.097  9.398 0.0000000000
94723  -43.794  27.727  8.615 0.0000000000
94732  -42.523  27.518  7.827 0.0000000000
94740  -42.533  27.533  6.333 0.0000000000
93087  -41.898  25.512  4.620 0.0000000000
93094  -42.409  25.557  3.550 0.0000000000
92188  -43.480  24.943  0.348 0.0000000000
94780  -44.464  27.200  0.936 0.0000000000
93118  -44.392  26.102  -0.272 0.0000000000
91211  -43.624  24.016  -1.023 0.0000000000
90131  -42.948  23.596  -1.790 0.0000000000
91210  -42.320  23.527  -1.357 0.0000000000
94788  -42.981  27.664  -0.167 0.0000000000
98279  -42.120  31.415  2.985 0.0000000000
98292  -40.690  31.543  1.696 0.0000000000
98307  -40.333  31.446  0.577 0.0000000000
98276  -38.876  31.491  2.634 0.0000000000
98290  -38.500  31.409  1.405 0.0000000000
97382  -39.328  30.689  0.004 0.0000000000
96495  -38.877  29.759  0.701 0.0000000000
96472  -38.415  29.614  2.730 0.0000000000
96461  -38.780  29.619  4.074 0.0000000000
98287  -34.833  31.734  1.823 0.0000000000
97357  -34.185  30.906  2.882 0.0000000000
102651  -40.559  36.627  2.087 0.0000000000
102662  -39.821  36.516  1.703 0.0000000000
103426  -38.744  36.553  1.848 0.0000000000
102636  -37.097  36.036  2.948 0.0000000000
101814  -36.678  35.759  3.610 0.0000000000
92082  -37.640  24.080  14.203 0.0000000000
92075  -37.257  24.622  14.494 0.0000000000
90998  -42.778  23.431  19.824 0.0000000000
91034  -43.381  23.525  19.029 0.0000000000
91019  -42.492  23.704  19.338 0.0000000000
91032  -42.181  23.675  18.725 0.0000000000
91018  -41.688  23.716  19.387 0.0000000000
89898  -30.145  22.094  19.566 0.0000000000
87858  -45.674  20.720  10.784 0.0000000000
92158  -41.333  24.136  5.242 0.0000000000
92164  -41.762  24.315  4.322 0.0000000000
98152  -43.215  31.557  14.623 0.0000000000
98249  -45.019  30.699  5.371 0.0000000000
98266  -45.450  30.641  4.677 0.0000000000
98281  -44.160  30.909  3.436 0.0000000000
98295  -43.846  31.048  2.307 0.0000000000
101823  -39.064  35.408  2.833 0.0000000000
100951  -38.763  35.161  2.914 0.0000000000
101822  -38.841  35.327  2.315 0.0000000000
101831  -38.630  35.312  1.917 0.0000000000
101832  -39.142  35.576  2.118 0.0000000000
86759  -39.710  19.981  11.647 0.0000000000
92123  -39.541  24.111  9.991 0.0000000000
92133  -39.431  23.976  9.041 0.0000000000
98133  -47.653  31.707  16.100 0.0000000000
99081  -44.297  32.365  12.336 0.0000000000
98173  -44.677  32.007  12.397 0.0000000000
98185  -44.488  30.757  10.533 0.0000000000
98184  -43.166  31.619  10.949 0.0000000000
98195  -42.472  31.760  10.053 0.0000000000
99085  -43.100  32.365  11.504 0.0000000000
102559  -43.624  36.483  8.489 0.0000000000
101770  -42.413  36.109  8.239 0.0000000000
102571  -43.284  36.488  8.032 0.0000000000
102584  -42.726  36.492  7.155 0.0000000000
85901  -44.802  19.255  2.892 0.0000000000
85900  -44.282  18.904  2.733 0.0000000000
85909  -43.925  19.173  2.145 0.0000000000
97234  -33.231  29.675  16.655 0.0000000000
96353  -34.360  29.497  15.972 0.0000000000
97235  -33.800  29.850  16.623 0.0000000000
97209  -37.626  30.500  18.933 0.0000000000
97210  -38.461  30.533  19.204 0.0000000000
98086  -43.067  31.519  21.175 0.0000000000
91066  -49.791  23.933  14.192 0.0000000000
89974  -48.822  23.081  14.463 0.0000000000
88863  -44.875  21.455  14.969 0.0000000000
87805  -44.186  21.012  15.274 0.0000000000
87812  -43.908  20.284  15.011 0.0000000000
87804  -43.684  20.628  15.612 0.0000000000
86706  -38.591  19.424  18.021 0.0000000000
86722  -36.894  19.883  16.318 0.0000000000
86714  -37.175  19.424  17.087 0.0000000000
88726  -35.632  22.057  25.526 0.0000000000
90968  -35.976  23.990  21.802 0.0000000000
90991  -36.611  23.426  21.339 0.0000000000
89880  -37.243  22.671  20.819 0.0000000000
92060  -32.703  24.541  16.856 0.0000000000
92059  -32.182  24.994  17.064 0.0000000000
90072  -47.400  22.840  5.021 0.0000000000
88994  -45.480  21.431  3.441 0.0000000000
87958  -44.917  20.813  2.657 0.0000000000
90119  -42.962  23.035  -0.198 0.0000000000
89028  -42.912  22.611  -0.612 0.0000000000
90125  -43.324  23.262  -0.835 0.0000000000
96368  -37.740  29.477  13.562 0.0000000000
94702  -42.964  27.133  10.745 0.0000000000
93902  -42.284  26.882  11.038 0.0000000000
93919  -42.347  26.586  9.572 0.0000000000
94714  -43.081  26.946  10.018 0.0000000000
96394  -47.291  29.327  10.898 0.0000000000
95521  -47.164  28.898  11.142 0.0000000000
95535  -47.181  28.887  10.361 0.0000000000
95587  -45.404  29.137  6.242 0.0000000000
95605  -44.109  28.510  3.946 0.0000000000
95613  -44.072  28.069  3.269 0.0000000000
95651  -44.538  27.901  -0.985 0.0000000000
94000  -44.297  26.879  -1.360 0.0000000000
93999  -43.826  26.668  -1.521 0.0000000000
93134  -43.387  25.735  -1.910 0.0000000000
93998  -43.276  26.340  -1.541 0.0000000000
93991  -43.557  26.919  -1.177 0.0000000000
97391  -40.772  30.662  -0.444 0.0000000000
97384  -41.102  30.284  -0.244 0.0000000000
96508  -40.748  29.941  0.291 0.0000000000
97383  -40.259  30.475  -0.143 0.0000000000
98230  -39.188  31.826  6.071 0.0000000000
98245  -39.847  31.532  5.117 0.0000000000
96492  -35.972  30.574  -0.203 0.0000000000
97372  -35.624  31.052  0.220 0.0000000000
100031  -34.965  33.907  2.670 0.0000000000
100037  -34.799  33.288  2.665 0.0000000000
88869  -38.247  21.615  13.230 0.0000000000
91081  -38.692  23.455  12.861 0.0000000000
91082  -39.176  23.860  12.280 0.0000000000
92089  -39.168  24.570  12.868 0.0000000000
99956  -48.483  33.223  15.207 0.0000000000
100866  -46.870  34.568  13.542 0.0000000000
100860  -47.092  33.935  14.191 0.0000000000
100865  -45.966  34.391  13.364 0.0000000000
99958  -45.381  33.689  13.328 0.0000000000
99964  -45.511  34.146  13.268 0.0000000000
100871  -44.531  34.488  12.285 0.0000000000
101732  -46.307  35.922  10.490 0.0000000000
101753  -45.104  36.207  9.749 0.0000000000
86861  -46.473  19.963  3.694 0.0000000000
97175  -32.643  31.029  20.890 0.0000000000
89949  -43.748  22.401  17.371 0.0000000000
88836  -43.324  22.162  17.378 0.0000000000
88842  -42.907  21.412  16.933 0.0000000000
88835  -42.628  21.859  17.527 0.0000000000
88825  -40.534  21.874  18.664 0.0000000000
87774  -41.207  20.969  18.061 0.0000000000
87773  -40.066  20.803  18.692 0.0000000000
86707  -39.677  19.737  18.092 0.0000000000
91013  -31.914  23.281  19.537 0.0000000000
91029  -31.316  23.606  18.804 0.0000000000
91030  -31.937  23.693  18.501 0.0000000000
92045  -31.009  24.242  18.287 0.0000000000
92043  -28.958  24.358  18.469 0.0000000000
88964  -41.410  21.141  6.090 0.0000000000
88992  -42.423  21.254  3.785 0.0000000000
90092  -42.019  22.001  3.158 0.0000000000
89003  -42.556  21.621  2.734 0.0000000000
91182  -42.084  23.953  3.133 0.0000000000
91193  -42.202  23.546  2.468 0.0000000000
91200  -42.627  23.638  1.324 0.0000000000
92179  -42.567  24.498  1.945 0.0000000000
97265  -40.151  31.302  13.307 0.0000000000
97274  -40.459  30.691  12.667 0.0000000000
98170  -41.592  31.122  12.934 0.0000000000
97266  -43.375  30.389  12.897 0.0000000000
97276  -42.691  30.092  12.577 0.0000000000
95516  -43.076  28.689  11.824 0.0000000000
95517  -43.902  28.702  11.851 0.0000000000
97317  -46.568  30.140  8.201 0.0000000000
97318  -47.067  30.239  7.780 0.0000000000
97327  -46.749  30.263  7.271 0.0000000000
98284  -46.172  30.444  4.805 0.0000000000
97345  -46.880  30.266  5.724 0.0000000000
96476  -46.439  29.836  4.574 0.0000000000
96464  -46.468  29.884  4.796 0.0000000000
96475  -45.957  29.960  3.993 0.0000000000
97375  -45.246  30.287  0.953 0.0000000000
97386  -45.244  30.026  0.116 0.0000000000
96510  -45.018  29.685  -0.227 0.0000000000
97385  -44.660  30.486  -0.162 0.0000000000
98322  -43.244  31.344  0.115 0.0000000000
98321  -42.241  31.335  -0.112 0.0000000000
98329  -42.086  31.021  -0.903 0.0000000000
98308  -41.448  31.472  0.732 0.0000000000
100925  -38.309  33.885  5.661 0.0000000000
100017  -37.708  33.249  5.097 0.0000000000
100949  -37.568  34.415  2.523 0.0000000000
100940  -37.255  33.988  3.487 0.0000000000
100033  -36.856  33.718  2.767 0.0000000000
99155  -36.347  32.297  2.036 0.0000000000
100039  -36.417  33.378  1.808 0.0000000000
100957  -36.703  34.290  1.324 0.0000000000
100964  -36.434  34.661  0.890 0.0000000000
101838  -36.007  35.097  0.862 0.0000000000
101828  -35.593  35.025  1.359 0.0000000000
101830  -36.560  35.605  1.919 0.0000000000
86795  -43.150  19.429  11.479 0.0000000000
86794  -42.693  19.462  11.005 0.0000000000
86807  -41.779  19.593  10.172 0.0000000000
86806  -41.048  19.811  9.826 0.0000000000
87868  -40.885  20.130  9.208 0.0000000000
88892  -38.991  21.258  11.471 0.0000000000
87840  -39.351  20.691  11.143 0.0000000000
88906  -39.127  21.548  10.664 0.0000000000
90036  -39.330  22.342  9.102 0.0000000000
88916  -39.384  21.496  9.691 0.0000000000
90037  -39.596  21.915  8.535 0.0000000000
88929  -39.981  21.249  8.618 0.0000000000
90048  -39.912  21.991  7.788 0.0000000000
88952  -40.477  21.383  7.393 0.0000000000
92143  -39.844  23.948  7.556 0.0000000000
93068  -40.294  24.433  7.220 0.0000000000
93069  -40.728  25.128  6.991 0.0000000000
98143  -46.269  30.969  15.320 0.0000000000
97259  -47.362  30.607  14.434 0.0000000000
97258  -46.816  30.181  14.370 0.0000000000
96366  -47.407  30.204  13.785 0.0000000000
96375  -47.390  29.911  13.182 0.0000000000
97279  -47.342  30.246  12.613 0.0000000000
99073  -47.305  31.961  14.294 0.0000000000
98181  -46.318  30.609  11.421 0.0000000000
98175  -46.500  30.864  12.208 0.0000000000
97293  -46.299  30.101  10.288 0.0000000000
98208  -44.606  30.647  8.136 0.0000000000
98219  -43.916  30.864  7.318 0.0000000000
98233  -43.276  31.067  6.366 0.0000000000
98205  -41.374  31.881  8.604 0.0000000000
99116  -40.892  32.111  8.508 0.0000000000
98216  -40.495  31.963  7.431 0.0000000000
99106  -40.491  32.710  8.791 0.0000000000
100875  -42.760  34.506  11.278 0.0000000000
99973  -42.314  33.852  11.158 0.0000000000
100885  -42.440  35.031  10.442 0.0000000000
100909  -40.938  35.246  8.431 0.0000000000
100896  -40.575  34.325  8.921 0.0000000000
99991  -39.602  33.654  8.051 0.0000000000
100907  -39.455  34.191  7.618 0.0000000000
100918  -40.021  35.125  7.206 0.0000000000
102596  -41.125  36.473  5.468 0.0000000000
101795  -40.569  36.045  5.953 0.0000000000
102611  -40.841  36.363  4.851 0.0000000000
86884  -41.910  19.702  1.248 0.0000000000
94668  -35.192  27.406  15.230 0.0000000000
96359  -35.761  29.710  15.020 0.0000000000
96361  -35.614  28.760  14.788 0.0000000000
97253  -36.107  29.917  14.917 0.0000000000
96363  -36.946  29.364  14.013 0.0000000000
97254  -36.803  30.335  14.661 0.0000000000
97206  -34.546  30.676  18.545 0.0000000000
97222  -35.277  30.550  17.546 0.0000000000
97255  -37.761  31.225  15.246 0.0000000000
98136  -38.441  31.360  15.804 0.0000000000
98148  -38.690  31.401  15.127 0.0000000000
98127  -41.500  31.390  17.100 0.0000000000
97184  -40.385  31.001  21.457 0.0000000000
97182  -39.473  30.757  20.831 0.0000000000
97199  -39.992  30.856  20.513 0.0000000000
97212  -39.704  30.988  19.906 0.0000000000
98094  -40.175  31.037  20.142 0.0000000000
98105  -42.257  31.394  19.094 0.0000000000
98115  -43.613  31.539  17.709 0.0000000000
98107  -44.526  31.671  18.480 0.0000000000
98108  -45.544  31.877  18.255 0.0000000000
99043  -46.285  32.143  18.336 0.0000000000
99044  -46.922  32.547  18.655 0.0000000000
91083  -49.433  23.559  12.207 0.0000000000
89990  -47.765  22.415  12.532 0.0000000000
88894  -47.172  21.707  11.670 0.0000000000
89965  -48.561  22.794  15.625 0.0000000000
87822  -45.022  20.875  13.967 0.0000000000
88878  -45.563  21.200  13.669 0.0000000000
87829  -45.203  20.657  12.909 0.0000000000
87828  -44.408  20.014  12.828 0.0000000000
86744  -42.990  19.282  14.351 0.0000000000
86753  -42.679  18.975  13.505 0.0000000000
85788  -41.973  18.622  13.519 0.0000000000
85802  -41.676  18.579  13.068 0.0000000000
85779  -41.555  18.580  14.247 0.0000000000
86719  -41.968  20.204  16.974 0.0000000000
86727  -42.144  19.696  16.331 0.0000000000
86726  -41.022  19.107  16.602 0.0000000000
85768  -39.302  18.819  15.372 0.0000000000
85762  -39.703  18.672  15.750 0.0000000000
86733  -39.534  19.017  14.428 0.0000000000
87802  -38.095  20.079  14.686 0.0000000000
89836  -41.844  22.270  21.520 0.0000000000
89774  -37.620  23.488  26.196 0.0000000000
90898  -37.971  23.444  25.618 0.0000000000
88753  -35.317  21.959  23.701 0.0000000000
89812  -35.887  22.547  23.731 0.0000000000
90951  -37.292  23.637  22.773 0.0000000000
90932  -37.452  23.188  23.669 0.0000000000
89814  -38.702  22.714  23.413 0.0000000000
89815  -39.566  22.330  23.416 0.0000000000
89833  -38.664  22.951  22.389 0.0000000000
90993  -38.649  23.335  20.867 0.0000000000
90971  -39.024  23.301  21.387 0.0000000000
90994  -39.497  23.390  20.703 0.0000000000
91016  -39.841  23.273  19.969 0.0000000000
88802  -36.799  21.601  20.481 0.0000000000
88816  -38.611  21.818  19.812 0.0000000000
88814  -37.060  20.992  20.110 0.0000000000
87762  -37.025  20.396  19.640 0.0000000000
92062  -34.340  24.070  16.236 0.0000000000
89947  -35.168  22.897  16.399 0.0000000000
91055  -35.351  23.788  15.981 0.0000000000
92068  -34.719  24.546  15.863 0.0000000000
93004  -35.278  25.432  15.526 0.0000000000
93003  -34.491  25.569  15.696 0.0000000000
93865  -32.817  26.423  16.382 0.0000000000
93867  -33.554  26.468  16.052 0.0000000000
92993  -30.385  25.545  17.484 0.0000000000
93860  -30.671  25.981  17.102 0.0000000000
93859  -30.123  26.529  17.294 0.0000000000
96346  -30.674  29.197  17.723 0.0000000000
96347  -31.506  29.093  17.418 0.0000000000
96336  -30.521  29.683  18.545 0.0000000000
97203  -31.098  30.195  18.776 0.0000000000
90074  -50.258  22.528  5.041 0.0000000000
91167  -50.134  22.800  5.113 0.0000000000
90083  -48.268  23.149  4.031 0.0000000000
91184  -49.197  23.016  3.955 0.0000000000
90105  -47.929  22.366  3.390 0.0000000000
87872  -45.027  20.490  9.751 0.0000000000
87886  -44.261  20.476  8.729 0.0000000000
87900  -44.503  20.607  7.640 0.0000000000
87920  -42.835  20.528  5.909 0.0000000000
88966  -45.104  21.264  5.378 0.0000000000
88967  -45.825  21.757  5.291 0.0000000000
88980  -46.014  21.918  4.252 0.0000000000
89006  -46.364  21.721  2.505 0.0000000000
88996  -46.964  22.322  3.235 0.0000000000
89007  -47.200  21.954  2.599 0.0000000000
89015  -46.855  21.679  2.242 0.0000000000
87971  -46.618  21.355  2.168 0.0000000000
86888  -45.509  20.659  2.038 0.0000000000
89012  -42.608  21.887  1.853 0.0000000000
87977  -43.361  20.983  0.847 0.0000000000
87976  -42.819  20.922  0.400 0.0000000000
87982  -42.382  21.627  -0.207 0.0000000000
89020  -41.972  21.825  -0.601 0.0000000000
93875  -37.773  26.493  14.244 0.0000000000
94677  -39.327  27.344  12.842 0.0000000000
93878  -39.021  26.502  13.217 0.0000000000
93016  -40.146  25.547  12.261 0.0000000000
96380  -40.849  29.492  12.240 0.0000000000
95513  -40.287  28.443  12.452 0.0000000000
93901  -41.858  26.330  10.840 0.0000000000
93027  -41.383  26.143  11.074 0.0000000000
93026  -40.760  25.693  11.280 0.0000000000
93034  -40.841  25.504  10.364 0.0000000000
93043  -40.532  25.317  9.624 0.0000000000
93044  -41.192  25.770  9.813 0.0000000000
93927  -41.992  26.803  8.587 0.0000000000
97256  -45.502  30.288  13.927 0.0000000000
97268  -44.960  30.140  13.430 0.0000000000
95533  -45.870  28.451  10.939 0.0000000000
95532  -44.908  28.249  11.087 0.0000000000
95543  -45.278  28.107  10.498 0.0000000000
95568  -46.396  29.258  7.902 0.0000000000
95566  -45.020  28.556  8.163 0.0000000000
95565  -44.306  28.282  8.122 0.0000000000
94716  -44.588  27.720  9.472 0.0000000000
94733  -43.599  28.190  7.296 0.0000000000
93944  -42.098  26.612  5.328 0.0000000000
93952  -42.631  26.513  4.245 0.0000000000
93968  -43.163  26.266  2.542 0.0000000000
93102  -43.256  25.984  2.080 0.0000000000
93110  -43.395  25.592  1.297 0.0000000000
95630  -45.080  27.976  1.076 0.0000000000
93127  -44.465  25.781  -0.886 0.0000000000
93986  -44.529  26.733  -0.274 0.0000000000
93126  -44.146  25.175  -0.707 0.0000000000
92202  -44.056  24.805  -1.256 0.0000000000
91218  -43.486  24.151  -1.558 0.0000000000
92208  -42.582  24.187  -1.631 0.0000000000
90116  -41.502  22.443  -0.458 0.0000000000
91199  -41.352  23.876  0.077 0.0000000000
95637  -43.141  28.767  -0.161 0.0000000000
95628  -42.239  28.556  1.120 0.0000000000
98263  -42.378  31.269  4.106 0.0000000000
98262  -41.473  31.386  3.793 0.0000000000
98278  -41.080  31.470  2.845 0.0000000000
98291  -39.588  31.425  1.563 0.0000000000
99142  -37.367  32.275  4.135 0.0000000000
98259  -38.127  31.765  3.725 0.0000000000
98275  -37.851  31.612  2.405 0.0000000000
98305  -38.105  31.262  0.312 0.0000000000
98318  -38.721  30.827  0.007 0.0000000000
97381  -38.166  30.630  -0.334 0.0000000000
96506  -38.511  30.237  -0.007 0.0000000000
96482  -36.892  29.614  0.888 0.0000000000
96460  -37.542  29.600  3.637 0.0000000000
96458  -35.377  29.914  2.661 0.0000000000
96459  -36.360  29.607  3.144 0.0000000000
96446  -35.478  29.873  3.955 0.0000000000
97352  -34.665  30.305  3.339 0.0000000000
99160  -35.446  32.646  1.221 0.0000000000
98301  -35.187  31.770  1.236 0.0000000000
99159  -35.180  32.151  1.558 0.0000000000
98258  -33.979  31.322  3.347 0.0000000000
97350  -33.475  31.067  4.463 0.0000000000
103427  -39.594  37.001  1.629 0.0000000000
102661  -38.847  36.217  1.667 0.0000000000
102637  -37.740  36.435  3.041 0.0000000000
89971  -37.302  22.780  14.334 0.0000000000
89980  -37.737  22.699  13.827 0.0000000000
91073  -37.762  23.529  14.037 0.0000000000
92083  -38.181  24.592  13.693 0.0000000000
100862  -48.551  34.550  14.669 0.0000000000
101704  -47.813  35.267  13.229 0.0000000000
101709  -46.724  35.390  12.196 0.0000000000
101718  -47.416  35.591  11.474 0.0000000000
101733  -47.305  35.689  10.490 0.0000000000
97164  -31.808  30.432  21.613 0.0000000000
89923  -43.634  23.139  18.675 0.0000000000
88827  -42.176  22.434  17.916 0.0000000000
89921  -41.900  23.032  18.205 0.0000000000
89920  -40.934  22.798  18.601 0.0000000000
89919  -40.447  22.519  18.809 0.0000000000
91010  -29.609  22.968  18.987 0.0000000000
88908  -47.328  21.692  10.589 0.0000000000
88918  -46.632  21.265  9.690 0.0000000000
87888  -46.159  20.956  9.121 0.0000000000
91163  -40.665  23.003  5.973 0.0000000000
91164  -41.025  23.094  5.285 0.0000000000
90102  -41.801  22.633  3.132 0.0000000000
91181  -41.773  23.425  3.456 0.0000000000
92171  -42.024  24.223  3.562 0.0000000000
98162  -42.323  31.462  13.668 0.0000000000
98172  -43.037  30.634  12.878 0.0000000000
97267  -44.046  30.287  13.171 0.0000000000
97336  -46.371  30.503  6.645 0.0000000000
98250  -45.849  30.604  5.401 0.0000000000
98267  -45.866  30.782  5.073 0.0000000000
98283  -45.735  30.386  4.198 0.0000000000
97359  -45.853  30.175  3.416 0.0000000000
98297  -45.390  30.433  3.036 0.0000000000
98312  -45.147  30.528  2.034 0.0000000000
98311  -44.545  30.882  1.409 0.0000000000
98323  -44.200  31.144  0.374 0.0000000000
98294  -42.831  31.294  2.061 0.0000000000
100933  -38.731  34.835  4.340 0.0000000000
100958  -37.361  34.636  1.609 0.0000000000
100959  -38.063  34.862  1.771 0.0000000000
86761  -41.295  18.812  12.083 0.0000000000
86793  -41.843  19.451  10.871 0.0000000000
86777  -41.152  19.212  11.339 0.0000000000
86791  -40.369  20.072  10.162 0.0000000000
90016  -38.794  22.394  10.853 0.0000000000
91133  -39.377  23.169  8.690 0.0000000000
91143  -39.594  23.061  7.913 0.0000000000
92134  -39.803  24.431  8.453 0.0000000000
98144  -47.152  31.121  15.531 0.0000000000
97250  -47.351  30.860  15.071 0.0000000000
99071  -45.958  32.558  13.585 0.0000000000
98174  -45.383  31.656  12.539 0.0000000000
98180  -45.545  30.810  11.337 0.0000000000
97291  -45.163  30.497  10.374 0.0000000000
99108  -41.838  32.131  9.697 0.0000000000
101729  -43.377  35.747  10.146 0.0000000000
100898  -42.146  35.452  9.501 0.0000000000
101750  -42.059  35.647  8.917 0.0000000000
101768  -40.912  35.531  7.871 0.0000000000
101782  -40.578  35.618  7.115 0.0000000000
101783  -41.568  36.073  7.193 0.0000000000
102597  -41.627  36.540  6.027 0.0000000000
85908  -43.370  18.948  2.311 0.0000000000
86885  -42.827  19.752  0.929 0.0000000000
96357  -34.215  28.740  15.697 0.0000000000
96354  -34.856  29.764  15.773 0.0000000000
97243  -35.141  29.920  15.669 0.0000000000
97194  -36.039  30.821  19.379 0.0000000000
97223  -36.381  30.666  17.757 0.0000000000
97208  -36.695  30.609  18.706 0.0000000000
97224  -37.402  30.615  18.046 0.0000000000
97239  -38.121  30.889  17.535 0.0000000000
97247  -38.762  31.106  17.226 0.0000000000
97240  -38.902  30.696  17.910 0.0000000000
98111  -39.368  30.884  18.204 0.0000000000
98112  -40.010  31.186  18.568 0.0000000000
98084  -40.977  31.084  21.379 0.0000000000
98095  -40.855  31.004  20.423 0.0000000000
98098  -44.530  31.807  19.604 0.0000000000
91075  -49.274  23.475  13.165 0.0000000000
89984  -48.547  22.930  13.332 0.0000000000
89983  -47.624  22.425  13.667 0.0000000000
88855  -46.082  21.903  15.516 0.0000000000
88864  -45.769  21.701  14.988 0.0000000000
87814  -44.885  21.134  14.462 0.0000000000
86746  -44.245  20.161  14.125 0.0000000000
86755  -44.099  19.825  13.597 0.0000000000
86745  -43.790  19.832  14.524 0.0000000000
85772  -42.623  19.131  14.802 0.0000000000
86717  -40.347  19.407  17.333 0.0000000000
86724  -38.933  18.820  16.084 0.0000000000
86723  -37.747  19.514  15.860 0.0000000000
86731  -37.969  19.833  15.040 0.0000000000
90929  -35.178  23.412  22.587 0.0000000000
90930  -35.765  23.296  22.902 0.0000000000
90970  -38.156  23.445  21.907 0.0000000000
89881  -38.334  22.721  20.512 0.0000000000
89945  -33.844  23.129  16.963 0.0000000000
91047  -34.076  23.618  16.518 0.0000000000
92061  -33.819  24.505  16.246 0.0000000000
93000  -33.913  25.266  15.900 0.0000000000
93864  -32.002  26.484  16.582 0.0000000000
91166  -49.587  23.331  4.957 0.0000000000
90073  -48.124  23.331  4.857 0.0000000000
90082  -47.545  22.790  4.085 0.0000000000
87911  -43.693  20.530  6.750 0.0000000000
87947  -43.018  20.655  4.520 0.0000000000
87935  -43.779  20.631  4.923 0.0000000000
87959  -45.594  21.141  2.286 0.0000000000
89027  -42.744  22.411  -0.836 0.0000000000
95505  -37.454  28.474  13.784 0.0000000000
94673  -38.085  27.145  13.975 0.0000000000
95515  -42.148  28.483  11.834 0.0000000000
94682  -41.466  27.688  11.842 0.0000000000
93894  -42.102  27.212  11.253 0.0000000000
93911  -41.832  26.184  10.093 0.0000000000
96386  -46.395  29.112  12.325 0.0000000000
95520  -46.609  28.752  11.526 0.0000000000
95588  -46.474  29.486  6.001 0.0000000000
95578  -46.023  29.128  6.985 0.0000000000
95586  -44.448  28.677  6.590 0.0000000000
94755  -43.199  27.267  4.276 0.0000000000
93953  -43.191  26.870  3.696 0.0000000000
94756  -43.627  27.603  3.637 0.0000000000
94782  -45.207  28.021  -0.039 0.0000000000
93992  -44.502  26.801  -0.979 0.0000000000
92211  -44.100  25.587  -1.810 0.0000000000
92210  -43.680  25.033  -1.812 0.0000000000
93124  -42.438  25.002  -1.194 0.0000000000
92193  -41.648  24.443  -0.146 0.0000000000
93116  -42.624  26.088  -0.817 0.0000000000
96509  -42.090  29.748  0.176 0.0000000000
98274  -36.969  31.741  2.171 0.0000000000
98304  -37.032  31.359  -0.142 0.0000000000
98316  -37.288  31.089  -0.812 0.0000000000
96505  -37.613  30.326  -0.492 0.0000000000
96493  -36.751  30.301  -0.308 0.0000000000
96469  -35.407  30.300  1.627 0.0000000000
97364  -34.971  30.778  1.354 0.0000000000
99153  -35.049  32.610  2.127 0.0000000000
98272  -33.809  32.116  3.357 0.0000000000
99146  -33.621  32.301  3.646 0.0000000000
99140  -33.902  33.121  3.764 0.0000000000
86750  -39.207  20.304  13.025 0.0000000000
87826  -38.816  21.018  12.366 0.0000000000
88876  -38.605  21.576  12.392 0.0000000000
88891  -38.754  21.739  11.727 0.0000000000
89981  -38.180  22.622  13.261 0.0000000000
90003  -38.634  22.360  11.933 0.0000000000
91110  -38.680  22.923  11.379 0.0000000000
91098  -39.175  23.691  11.537 0.0000000000
98146  -47.989  31.996  15.253 0.0000000000
99068  -48.174  32.446  15.197 0.0000000000
99066  -47.307  32.785  14.423 0.0000000000
100861  -47.638  34.148  14.241 0.0000000000
99954  -47.330  33.525  14.382 0.0000000000
99960  -46.680  33.322  14.114 0.0000000000
99070  -45.328  33.090  13.335 0.0000000000
99076  -44.809  32.568  12.844 0.0000000000
99075  -44.147  33.145  12.578 0.0000000000
99079  -42.884  33.188  11.726 0.0000000000
99967  -43.494  33.759  12.219 0.0000000000
100876  -43.665  34.856  11.513 0.0000000000
100878  -45.613  35.346  11.814 0.0000000000
101715  -44.691  35.476  11.139 0.0000000000
101730  -44.203  35.720  10.515 0.0000000000
101752  -44.121  36.173  9.576 0.0000000000
102560  -44.157  36.492  8.718 0.0000000000
102573  -45.102  36.590  8.015 0.0000000000
86867  -44.720  19.325  2.600 0.0000000000
97205  -33.348  30.489  18.491 0.0000000000
97193  -35.066  31.044  19.437 0.0000000000
97176  -33.383  31.262  20.663 0.0000000000
98092  -34.637  31.309  20.113 0.0000000000
87795  -43.482  21.083  16.220 0.0000000000
87793  -42.247  20.368  16.797 0.0000000000
88834  -41.979  21.538  17.644 0.0000000000
87783  -41.443  20.552  17.617 0.0000000000
87673  -34.644  21.058  24.795 0.0000000000
87693  -34.440  20.972  24.226 0.0000000000
88752  -34.569  21.734  23.367 0.0000000000
89832  -34.369  22.626  22.677 0.0000000000
88769  -34.006  22.062  22.726 0.0000000000
90948  -34.481  23.471  22.294 0.0000000000
92053  -31.801  24.527  17.644 0.0000000000
92052  -30.781  24.863  17.723 0.0000000000
92990  -29.943  25.229  17.845 0.0000000000
88953  -40.922  21.045  6.899 0.0000000000
88965  -42.048  20.915  5.674 0.0000000000
88978  -42.413  21.023  4.982 0.0000000000
91205  -43.000  23.674  0.369 0.0000000000
96370  -39.302  30.105  12.736 0.0000000000
97273  -39.666  30.333  12.681 0.0000000000
96381  -41.897  29.341  12.250 0.0000000000
95529  -42.643  28.114  11.538 0.0000000000
94693  -43.485  27.682  11.071 0.0000000000
97294  -46.809  29.678  10.201 0.0000000000
96413  -46.823  29.464  9.306 0.0000000000
96422  -46.715  29.780  8.334 0.0000000000
96431  -47.097  30.063  7.505 0.0000000000
96430  -46.977  29.856  7.160 0.0000000000
97337  -46.890  30.305  6.475 0.0000000000
97346  -47.229  30.141  6.022 0.0000000000
96440  -47.036  29.690  5.970 0.0000000000
95598  -46.329  29.650  5.172 0.0000000000
95607  -45.845  29.653  4.433 0.0000000000
95614  -44.671  28.527  2.890 0.0000000000
95623  -45.359  28.987  2.163 0.0000000000
96499  -45.543  29.509  1.513 0.0000000000
95638  -45.237  28.541  -0.124 0.0000000000
95646  -45.013  28.344  -0.545 0.0000000000
95645  -44.722  28.294  -0.704 0.0000000000
95644  -44.285  28.222  -0.804 0.0000000000
96518  -43.632  29.422  -0.636 0.0000000000
96526  -43.159  30.150  -0.968 0.0000000000
98331  -43.798  31.047  -0.395 0.0000000000
97393  -43.098  30.911  -1.232 0.0000000000
97400  -42.533  30.596  -1.023 0.0000000000
98328  -41.023  30.907  -0.604 0.0000000000
98229  -38.566  32.049  5.888 0.0000000000
99134  -38.187  32.484  5.679 0.0000000000
100026  -37.490  33.859  4.281 0.0000000000
100025  -36.887  33.138  3.931 0.0000000000
100024  -36.739  32.691  3.346 0.0000000000
100043  -35.436  33.728  1.082 0.0000000000
100963  -35.743  34.456  0.765 0.0000000000
100956  -35.394  34.474  1.287 0.0000000000
100947  -35.343  34.723  2.328 0.0000000000
100948  -35.681  35.117  2.714 0.0000000000
87870  -42.730  19.623  9.967 0.0000000000
86808  -42.277  19.523  10.500 0.0000000000
87884  -42.122  19.905  8.631 0.0000000000
87897  -41.450  20.434  7.740 0.0000000000
86775  -39.821  20.180  10.736 0.0000000000
87854  -39.909  20.458  9.918 0.0000000000
87866  -39.700  20.824  9.662 0.0000000000
87867  -40.223  20.563  9.369 0.0000000000
87882  -40.606  20.614  8.623 0.0000000000
87896  -40.880  20.579  8.072 0.0000000000
88941  -40.783  20.839  7.575 0.0000000000
90070  -40.657  22.345  6.248 0.0000000000
91144  -40.002  22.958  7.131 0.0000000000
98153  -44.363  31.231  14.544 0.0000000000
98154  -45.438  30.770  14.465 0.0000000000
97257  -46.082  30.190  14.281 0.0000000000
97248  -46.469  30.511  14.711 0.0000000000
96364  -46.512  29.724  13.767 0.0000000000
96374  -46.891  29.491  13.077 0.0000000000
98156  -47.562  31.512  14.524 0.0000000000
97307  -46.415  30.024  9.253 0.0000000000
97316  -46.053  30.349  8.541 0.0000000000
97315  -45.283  30.425  8.842 0.0000000000
97325  -45.533  30.503  7.879 0.0000000000
97335  -45.801  30.613  7.095 0.0000000000
98248  -43.917  30.828  5.327 0.0000000000
98264  -43.501  31.074  4.301 0.0000000000
98232  -41.927  31.360  6.438 0.0000000000
99124  -39.441  32.255  6.892 0.0000000000
99084  -42.464  32.617  11.051 0.0000000000
99083  -41.816  33.262  10.564 0.0000000000
99096  -41.414  32.819  9.937 0.0000000000
100884  -41.621  34.494  10.125 0.0000000000
99984  -41.176  33.848  10.051 0.0000000000
99095  -40.799  33.201  9.424 0.0000000000
99105  -39.896  32.969  8.385 0.0000000000
99114  -39.523  32.775  7.634 0.0000000000
99113  -39.021  32.795  7.041 0.0000000000
100008  -38.674  34.061  6.381 0.0000000000
100926  -38.883  34.619  5.551 0.0000000000
101781  -40.015  35.393  6.618 0.0000000000
101794  -39.698  35.336  5.800 0.0000000000
101805  -39.418  35.264  4.766 0.0000000000
101816  -39.811  35.651  4.116 0.0000000000
102638  -40.229  36.137  2.751 0.0000000000
93005  -35.980  25.450  15.302 0.0000000000
93007  -36.673  25.558  14.807 0.0000000000
93873  -36.082  26.480  15.118 0.0000000000
94671  -36.495  27.416  14.634 0.0000000000
95501  -35.355  28.203  14.925 0.0000000000
95503  -35.990  28.242  14.645 0.0000000000
95504  -36.715  28.368  14.282 0.0000000000
98159  -39.096  31.369  14.263 0.0000000000
98160  -39.987  31.503  14.085 0.0000000000
98137  -39.250  31.331  16.387 0.0000000000
98150  -40.828  31.556  14.998 0.0000000000
98140  -42.928  31.728  15.758 0.0000000000
97211  -39.143  30.724  19.541 0.0000000000
97227  -39.594  31.026  19.282 0.0000000000
98113  -41.254  31.387  18.252 0.0000000000
98104  -41.091  31.253  19.371 0.0000000000
98128  -42.673  31.580  16.866 0.0000000000
98130  -44.927  31.543  16.463 0.0000000000
98117  -45.768  31.779  17.263 0.0000000000
98118  -46.417  31.779  16.879 0.0000000000
99058  -47.440  32.009  16.954 0.0000000000
87843  -45.411  20.584  11.787 0.0000000000
88871  -46.196  21.625  14.149 0.0000000000
88872  -46.756  21.888  13.561 0.0000000000
87830  -45.761  20.916  12.399 0.0000000000
86780  -43.424  19.430  11.998 0.0000000000
86779  -42.763  19.212  11.892 0.0000000000
86763  -43.054  19.195  12.722 0.0000000000
85801  -41.296  18.611  12.754 0.0000000000
85800  -40.861  18.773  12.466 0.0000000000
86752  -40.092  19.239  13.042 0.0000000000
86728  -42.720  20.120  15.996 0.0000000000
86734  -42.312  19.326  15.665 0.0000000000
85771  -42.132  18.837  15.177 0.0000000000
85763  -40.520  18.627  15.807 0.0000000000
85770  -41.022  18.551  15.015 0.0000000000
85778  -40.483  18.706  14.011 0.0000000000
86741  -39.020  20.008  13.537 0.0000000000
88861  -37.825  21.385  13.890 0.0000000000
88860  -37.396  21.769  14.417 0.0000000000
89970  -36.794  22.825  14.780 0.0000000000
91063  -36.609  23.705  14.938 0.0000000000
89884  -41.742  23.029  20.527 0.0000000000
90884  -39.042  24.377  26.533 0.0000000000
90900  -39.629  23.625  25.714 0.0000000000
90917  -39.307  23.045  24.963 0.0000000000
88739  -35.528  21.873  24.570 0.0000000000
89792  -36.079  22.352  24.712 0.0000000000
89794  -37.221  22.843  25.014 0.0000000000
90931  -36.601  23.228  23.612 0.0000000000
90914  -37.140  23.014  24.313 0.0000000000
90915  -37.686  23.089  24.666 0.0000000000
90916  -38.511  23.083  24.622 0.0000000000
89796  -39.878  22.571  24.286 0.0000000000
89816  -40.493  22.039  23.479 0.0000000000
89835  -40.032  21.907  22.579 0.0000000000
89855  -39.248  22.907  21.834 0.0000000000
89856  -40.010  22.422  21.727 0.0000000000
88784  -40.562  21.889  21.916 0.0000000000
89857  -41.097  22.444  21.258 0.0000000000
89883  -41.158  23.052  20.580 0.0000000000
90996  -41.315  23.476  20.106 0.0000000000
91017  -40.731  23.567  19.521 0.0000000000
89904  -40.182  22.888  19.174 0.0000000000
88817  -39.745  21.949  19.250 0.0000000000
89902  -38.596  22.431  20.061 0.0000000000
87764  -39.276  21.081  19.275 0.0000000000
87770  -36.693  19.712  18.303 0.0000000000
89878  -34.893  22.918  21.171 0.0000000000
88801  -35.520  21.713  20.719 0.0000000000
87752  -34.945  20.826  20.029 0.0000000000
87761  -35.793  20.293  19.218 0.0000000000
91056  -35.992  23.782  15.515 0.0000000000
93870  -35.659  25.963  15.414 0.0000000000
93869  -35.176  26.458  15.519 0.0000000000
94667  -34.560  27.288  15.576 0.0000000000
93002  -33.865  25.861  15.821 0.0000000000
94666  -33.881  27.250  15.933 0.0000000000
95499  -34.065  27.981  15.671 0.0000000000
96349  -32.931  29.553  16.705 0.0000000000
92995  -31.846  25.297  17.077 0.0000000000
92997  -31.669  25.839  16.787 0.0000000000
95492  -31.759  28.328  16.954 0.0000000000
96338  -31.938  29.610  17.633 0.0000000000
97219  -32.362  29.763  17.537 0.0000000000
97204  -32.128  30.171  18.332 0.0000000000
97190  -31.490  30.548  19.524 0.0000000000
96327  -30.255  29.864  20.265 0.0000000000
97173  -30.924  30.363  20.492 0.0000000000
97163  -31.235  30.288  21.243 0.0000000000
88984  -49.815  21.793  4.627 0.0000000000
91176  -49.553  22.863  4.451 0.0000000000
90084  -49.372  22.349  4.348 0.0000000000
88983  -48.995  21.780  4.352 0.0000000000
88982  -48.321  21.481  4.130 0.0000000000
87951  -47.696  21.359  3.517 0.0000000000
88930  -45.771  21.011  8.001 0.0000000000
87922  -44.480  20.902  5.551 0.0000000000
88955  -45.597  21.438  6.396 0.0000000000
88956  -46.497  22.051  6.179 0.0000000000
90093  -47.688  22.496  3.467 0.0000000000
89008  -47.786  22.160  3.257 0.0000000000
87961  -47.561  21.744  3.078 0.0000000000
86889  -46.163  21.009  1.898 0.0000000000
87978  -43.962  20.373  1.471 0.0000000000
87967  -42.631  20.441  0.486 0.0000000000
87966  -42.036  20.343  0.609 0.0000000000
93008  -37.410  25.669  14.362 0.0000000000
92084  -38.842  25.113  13.275 0.0000000000
93877  -38.415  26.483  13.792 0.0000000000
93012  -38.659  25.664  13.520 0.0000000000
92102  -40.259  24.822  11.281 0.0000000000
95512  -39.566  28.646  12.601 0.0000000000
95509  -39.643  28.011  12.632 0.0000000000
94680  -40.082  27.411  12.507 0.0000000000
93883  -41.101  27.163  11.936 0.0000000000
93882  -40.609  26.653  12.087 0.0000000000
93017  -40.600  26.038  11.836 0.0000000000
93050  -40.261  25.116  8.722 0.0000000000
93059  -40.551  25.451  8.091 0.0000000000
93077  -41.372  25.325  5.686 0.0000000000
98164  -44.586  30.671  13.823 0.0000000000
96371  -44.332  29.699  12.801 0.0000000000
96385  -45.471  29.109  12.378 0.0000000000
96384  -44.557  29.140  12.377 0.0000000000
95531  -44.069  28.252  11.344 0.0000000000
94694  -44.134  27.841  10.887 0.0000000000
95546  -47.056  29.056  9.510 0.0000000000
95545  -46.682  28.633  9.797 0.0000000000
95567  -45.920  28.835  8.196 0.0000000000
94725  -45.430  28.395  8.774 0.0000000000
94705  -45.157  27.885  9.980 0.0000000000
94715  -43.771  27.418  9.683 0.0000000000
94739  -41.880  27.137  6.927 0.0000000000
93935  -41.887  26.790  6.207 0.0000000000
93078  -41.695  25.943  5.316 0.0000000000
93960  -42.838  26.320  3.212 0.0000000000
92194  -43.363  24.287  0.135 0.0000000000
94764  -44.561  27.842  2.041 0.0000000000
94771  -44.203  27.268  1.624 0.0000000000
94781  -44.861  27.577  0.448 0.0000000000
93978  -44.450  26.885  0.421 0.0000000000
93977  -44.069  26.507  0.918 0.0000000000
93117  -44.033  25.621  0.019 0.0000000000
92195  -43.728  24.655  -0.483 0.0000000000
90133  -43.403  23.535  -1.355 0.0000000000
90132  -43.153  23.522  -1.664 0.0000000000
90123  -42.729  23.054  -1.417 0.0000000000
91217  -43.165  24.098  -1.840 0.0000000000
91216  -42.818  23.819  -1.770 0.0000000000
90117  -42.043  22.654  -1.060 0.0000000000
94794  -43.485  27.648  -0.664 0.0000000000
95629  -42.656  28.657  0.416 0.0000000000
94779  -42.516  27.662  0.553 0.0000000000
98293  -41.782  31.524  1.861 0.0000000000
98319  -40.010  31.094  -0.260 0.0000000000
98244  -38.505  31.753  5.058 0.0000000000
98306  -39.196  31.274  0.505 0.0000000000
96507  -39.607  30.210  0.292 0.0000000000
96484  -39.298  29.674  1.889 0.0000000000
96483  -38.063  29.516  1.383 0.0000000000
96447  -36.606  29.682  4.554 0.0000000000
97371  -35.322  31.225  0.978 0.0000000000
97370  -34.860  31.301  1.394 0.0000000000
97363  -34.348  31.107  1.931 0.0000000000
98242  -32.938  31.448  4.710 0.0000000000
102586  -45.069  36.619  7.065 0.0000000000
102613  -42.476  37.141  5.093 0.0000000000
102626  -41.354  36.799  3.935 0.0000000000
102639  -40.874  36.668  2.977 0.0000000000
102650  -39.962  36.166  2.119 0.0000000000
103429  -41.195  37.512  1.142 0.0000000000
102663  -40.765  36.938  1.566 0.0000000000
101842  -39.529  35.942  1.938 0.0000000000
101841  -39.020  35.806  1.698 0.0000000000
102660  -37.897  36.077  1.629 0.0000000000
103413  -38.263  36.475  2.319 0.0000000000
102649  -37.500  36.144  2.278 0.0000000000
102659  -37.170  35.794  1.811 0.0000000000
101821  -36.514  35.668  2.708 0.0000000000
101813  -36.024  35.251  3.259 0.0000000000
85765  -42.057  19.124  15.785 0.0000000000
85777  -39.865  18.864  14.272 0.0000000000
85786  -40.607  18.786  13.025 0.0000000000
85787  -41.257  18.553  13.432 0.0000000000
86709  -41.172  20.412  17.734 0.0000000000
86736  -43.652  20.039  15.180 0.0000000000
86790  -39.886  20.327  10.257 0.0000000000
87754  -36.755  20.893  20.155 0.0000000000
87765  -39.813  21.308  19.098 0.0000000000
87775  -41.702  21.351  17.769 0.0000000000
87785  -42.583  21.240  17.058 0.0000000000
87803  -43.051  20.289  15.872 0.0000000000
87820  -39.196  20.404  12.726 0.0000000000
87841  -44.014  19.705  12.106 0.0000000000
87941  -50.157  21.335  4.843 0.0000000000
88770  -40.837  21.752  22.513 0.0000000000
88785  -41.054  21.814  21.887 0.0000000000
88804  -38.363  22.267  20.193 0.0000000000
88815  -37.614  21.235  20.005 0.0000000000
88818  -40.213  22.340  18.946 0.0000000000
88859  -37.056  22.300  14.674 0.0000000000
88862  -44.425  21.178  15.146 0.0000000000
88877  -38.819  21.212  12.004 0.0000000000
88928  -39.556  21.601  9.003 0.0000000000
89793  -36.697  22.674  24.717 0.0000000000
89882  -38.770  23.123  20.299 0.0000000000
89906  -43.601  23.302  19.333 0.0000000000
89934  -33.959  22.607  17.190 0.0000000000
89935  -42.551  22.693  17.953 0.0000000000
90015  -38.719  22.252  11.409 0.0000000000
90075  -50.453  22.307  5.332 0.0000000000
90086  -50.354  22.161  5.005 0.0000000000
90095  -49.058  22.730  3.948 0.0000000000
90972  -39.795  23.127  21.265 0.0000000000
91020  -43.142  23.530  19.395 0.0000000000
91031  -41.319  23.509  18.801 0.0000000000
91033  -42.977  23.684  18.832 0.0000000000
91048  -34.711  23.645  16.347 0.0000000000
91154  -40.388  22.843  6.514 0.0000000000
91177  -49.914  22.707  4.771 0.0000000000
91183  -48.945  22.964  3.780 0.0000000000
92051  -30.292  25.026  17.797 0.0000000000
92201  -42.602  24.735  -1.526 0.0000000000
93136  -44.312  26.058  -1.502 0.0000000000
93943  -41.635  26.225  5.818 0.0000000000
93985  -44.346  26.350  0.157 0.0000000000
94675  -37.932  27.777  13.723 0.0000000000
94691  -42.055  27.649  11.466 0.0000000000
94724  -44.767  28.068  8.763 0.0000000000
94772  -44.747  27.672  1.309 0.0000000000
94790  -45.054  28.051  -0.582 0.0000000000
94796  -44.634  27.678  -0.937 0.0000000000
94803  -44.293  27.383  -1.146 0.0000000000
94804  -44.490  27.519  -1.091 0.0000000000
95493  -32.372  28.454  16.680 0.0000000000
95555  -46.040  28.478  9.203 0.0000000000
95569  -46.720  29.734  8.182 0.0000000000
95589  -46.955  29.644  6.274 0.0000000000
95650  -44.500  27.674  -1.059 0.0000000000
96348  -32.392  29.217  16.937 0.0000000000
96378  -39.231  29.011  12.683 0.0000000000
96421  -46.855  29.847  7.789 0.0000000000
96441  -47.141  29.817  6.413 0.0000000000
96442  -47.184  29.980  6.753 0.0000000000
96451  -46.794  29.793  5.484 0.0000000000
96452  -47.172  29.970  5.820 0.0000000000
96453  -47.306  29.969  6.225 0.0000000000
96504  -37.147  30.541  -0.804 0.0000000000
96520  -44.980  28.936  -0.335 0.0000000000
96525  -42.863  30.340  -1.088 0.0000000000
96527  -43.517  30.034  -0.737 0.0000000000
97166  -39.095  30.881  21.161 0.0000000000
97169  -40.297  31.138  21.803 0.0000000000
97269  -45.717  29.797  13.634 0.0000000000
97277  -43.505  29.830  12.631 0.0000000000
97278  -47.047  30.358  12.024 0.0000000000
97292  -45.679  30.406  10.434 0.0000000000
97305  -45.150  30.413  9.824 0.0000000000
97338  -47.170  30.143  6.351 0.0000000000
97344  -46.617  30.420  6.018 0.0000000000
97353  -46.585  30.170  4.750 0.0000000000
97365  -35.469  30.827  0.841 0.0000000000
97379  -36.850  30.902  -1.054 0.0000000000
97380  -37.467  30.743  -0.826 0.0000000000
97401  -42.951  30.615  -1.222 0.0000000000
97402  -43.268  30.380  -0.997 0.0000000000
98072  -40.753  31.233  22.135 0.0000000000
98157  -47.924  32.092  14.951 0.0000000000
98166  -45.704  31.968  13.172 0.0000000000
98183  -42.506  32.052  10.617 0.0000000000
98186  -45.245  30.567  10.686 0.0000000000
98236  -46.071  30.639  6.253 0.0000000000
98252  -46.571  30.306  5.315 0.0000000000
98268  -46.332  30.457  5.141 0.0000000000
98327  -40.464  30.834  -0.489 0.0000000000
98330  -42.995  31.194  -0.827 0.0000000000
98336  -42.527  30.823  -1.194 0.0000000000
99036  -45.318  32.128  19.590 0.0000000000
99057  -46.856  31.854  16.942 0.0000000000
99080  -43.627  32.596  12.032 0.0000000000
99115  -40.349  32.330  8.002 0.0000000000
99133  -37.700  32.341  4.952 0.0000000000
99141  -36.914  32.422  3.578 0.0000000000
99148  -36.697  32.252  2.920 0.0000000000
99962  -44.160  33.910  12.500 0.0000000000
99983  -40.695  34.009  9.392 0.0000000000
99999  -38.738  33.018  6.758 0.0000000000
100870  -43.916  34.288  12.195 0.0000000000
100939  -35.613  34.947  3.032 0.0000000000
100942  -38.726  35.046  3.352 0.0000000000
100966  -37.727  34.913  1.347 0.0000000000
101716  -45.513  35.586  11.218 0.0000000000
101769  -41.571  35.674  8.268 0.0000000000
101819  -35.657  35.191  1.811 0.0000000000
101824  -39.760  35.725  3.280 0.0000000000
101829  -36.066  35.336  1.501 0.0000000000
102572  -44.192  36.615  7.903 0.0000000000
102583  -42.149  36.477  6.626 0.0000000000
102627  -42.061  37.096  4.350 0.0000000000
102648  -36.959  35.854  2.295 0.0000000000
103415  -41.050  37.140  1.682 0.0000000000
