#!ascii label  , from subject sub.01.bl.01.long.sub.01.base.03 vox2ras=TkReg
1107
51069  -2.782  -11.548  46.296 0.0000000000
57037  -29.105  -7.548  38.083 0.0000000000
61461  -26.852  -4.008  36.592 0.0000000000
58063  -21.365  -5.171  40.461 0.0000000000
73054  -31.762  5.730  27.564 0.0000000000
69732  -25.302  3.476  31.457 0.0000000000
54562  -29.329  -7.715  43.431 0.0000000000
54664  -25.474  -8.064  38.826 0.0000000000
74054  -36.042  8.302  29.893 0.0000000000
76131  -38.783  9.737  27.148 0.0000000000
80629  -40.764  13.156  25.582 0.0000000000
68366  -25.711  1.990  39.672 0.0000000000
66173  -24.618  0.366  34.520 0.0000000000
71855  -26.603  5.966  37.793 0.0000000000
70834  -30.504  6.085  34.332 0.0000000000
59170  -13.956  -5.289  39.371 0.0000000000
48689  -0.325  -13.361  49.450 0.0000000000
60285  -29.866  -4.936  37.946 0.0000000000
64853  -27.956  -0.740  42.714 0.0000000000
60292  -18.169  -3.906  36.232 0.0000000000
57107  -23.179  -7.450  33.827 0.0000000000
79634  -40.126  12.638  20.073 0.0000000000
82696  -41.718  16.374  24.813 0.0000000000
70905  -29.600  4.780  29.029 0.0000000000
71961  -33.831  5.584  32.453 0.0000000000
52267  -5.270  -10.522  43.110 0.0000000000
43095  0.812  -18.717  45.466 0.0000000000
75083  -37.319  9.073  28.299 0.0000000000
70752  -24.888  4.743  38.312 0.0000000000
54656  -13.787  -8.398  38.524 0.0000000000
49871  -1.622  -12.667  47.678 0.0000000000
57075  -31.058  -6.951  35.809 0.0000000000
57040  -30.162  -5.959  37.833 0.0000000000
59190  -20.484  -4.615  38.338 0.0000000000
59229  -20.943  -4.746  34.955 0.0000000000
58115  -22.557  -6.023  37.508 0.0000000000
54667  -27.931  -8.158  38.720 0.0000000000
54707  -26.379  -9.187  36.677 0.0000000000
54709  -28.215  -8.780  36.157 0.0000000000
58037  -20.010  -4.657  42.394 0.0000000000
60248  -18.087  -3.494  40.431 0.0000000000
76161  -35.405  9.562  23.439 0.0000000000
78524  -37.982  11.659  21.220 0.0000000000
81645  -41.647  14.904  25.602 0.0000000000
68496  -24.888  2.430  32.742 0.0000000000
70882  -27.261  5.038  29.762 0.0000000000
70847  -32.271  6.240  33.595 0.0000000000
52306  -11.340  -9.078  41.132 0.0000000000
53366  -9.688  -9.283  42.841 0.0000000000
52239  -7.702  -9.269  44.647 0.0000000000
52304  -6.967  -10.198  41.277 0.0000000000
44284  -0.366  -18.675  44.322 0.0000000000
55859  -29.336  -8.351  40.694 0.0000000000
58053  -30.405  -5.843  40.939 0.0000000000
58015  -30.698  -5.699  43.569 0.0000000000
55829  -23.112  -6.924  43.631 0.0000000000
56998  -23.562  -6.446  40.392 0.0000000000
54599  -25.217  -7.876  42.042 0.0000000000
53446  -27.666  -8.514  41.103 0.0000000000
73036  -34.080  6.867  28.835 0.0000000000
74079  -35.019  8.041  27.753 0.0000000000
76128  -36.347  9.425  26.173 0.0000000000
77357  -38.021  10.920  24.738 0.0000000000
79582  -38.669  12.099  24.120 0.0000000000
77344  -40.175  11.266  26.188 0.0000000000
66121  -25.807  -0.209  38.670 0.0000000000
62562  -24.845  -2.419  35.810 0.0000000000
67283  -24.831  1.491  37.209 0.0000000000
69667  -24.500  3.494  36.160 0.0000000000
70830  -26.316  5.174  34.080 0.0000000000
70842  -27.526  5.451  32.986 0.0000000000
71907  -28.793  6.376  36.395 0.0000000000
56964  -13.540  -6.677  41.438 0.0000000000
53463  -12.780  -8.682  39.818 0.0000000000
83761  -43.058  16.143  19.672 0.0000000000
47467  1.056  -13.750  49.572 0.0000000000
59252  -30.194  -6.782  34.438 0.0000000000
61453  -28.171  -4.578  37.890 0.0000000000
61421  -29.677  -4.519  40.663 0.0000000000
62533  -28.492  -3.785  40.338 0.0000000000
63698  -26.768  -1.751  39.788 0.0000000000
67222  -26.670  1.063  41.096 0.0000000000
55913  -24.098  -7.701  36.898 0.0000000000
61403  -16.286  -3.195  41.706 0.0000000000
60280  -15.778  -4.325  37.155 0.0000000000
81661  -39.479  14.153  23.261 0.0000000000
81675  -40.391  15.326  22.143 0.0000000000
82708  -41.588  15.870  20.972 0.0000000000
84758  -42.673  17.637  23.531 0.0000000000
48839  -1.802  -13.472  42.797 0.0000000000
48810  -1.195  -13.935  44.785 0.0000000000
70954  -30.802  4.630  27.697 0.0000000000
70858  -29.560  5.612  32.457 0.0000000000
70886  -31.253  4.779  30.642 0.0000000000
72013  -33.088  5.130  29.197 0.0000000000
71964  -34.743  6.754  30.995 0.0000000000
51107  -3.608  -11.289  44.589 0.0000000000
46411  -0.521  -15.435  46.009 0.0000000000
45312  0.172  -15.628  46.766 0.0000000000
45321  1.470  -16.707  46.589 0.0000000000
51023  -1.995  -12.262  47.367 0.0000000000
55901  -29.725  -7.670  36.843 0.0000000000
57054  -30.154  -7.251  36.780 0.0000000000
57026  -29.811  -6.588  38.778 0.0000000000
58079  -21.140  -4.830  39.148 0.0000000000
58097  -21.230  -4.868  37.889 0.0000000000
58080  -21.997  -5.563  39.456 0.0000000000
55886  -28.516  -7.994  38.461 0.0000000000
54689  -28.062  -8.425  37.376 0.0000000000
55915  -28.768  -8.302  36.791 0.0000000000
55941  -28.994  -8.865  36.147 0.0000000000
56951  -21.773  -5.700  43.320 0.0000000000
58025  -20.867  -5.110  43.751 0.0000000000
58050  -20.575  -4.744  41.406 0.0000000000
59158  -19.995  -4.563  40.600 0.0000000000
78523  -37.376  11.705  21.853 0.0000000000
61472  -27.417  -4.644  36.144 0.0000000000
61471  -26.735  -4.434  35.712 0.0000000000
69717  -25.098  3.403  32.403 0.0000000000
68520  -25.157  2.783  30.582 0.0000000000
70869  -26.505  4.592  30.513 0.0000000000
52320  -10.259  -9.412  40.531 0.0000000000
128090  -10.250  -9.414  41.683 0.0000000000
52305  -8.871  -9.495  41.213 0.0000000000
52288  -8.444  -9.656  41.714 0.0000000000
53411  -8.294  -9.674  40.762 0.0000000000
54603  -29.732  -8.017  42.199 0.0000000000
55832  -30.011  -7.137  41.987 0.0000000000
56954  -30.173  -6.758  43.596 0.0000000000
55816  -23.679  -7.231  44.241 0.0000000000
54579  -24.474  -7.492  42.613 0.0000000000
54560  -24.868  -7.881  44.127 0.0000000000
53360  -28.093  -8.557  43.779 0.0000000000
53398  -27.431  -8.578  42.457 0.0000000000
53401  -28.887  -8.943  42.140 0.0000000000
54624  -28.916  -8.789  40.789 0.0000000000
72016  -35.126  7.183  29.435 0.0000000000
73057  -34.493  7.457  28.225 0.0000000000
74065  -35.772  7.839  28.433 0.0000000000
76119  -38.299  9.468  27.651 0.0000000000
75110  -37.178  8.793  27.091 0.0000000000
76130  -37.980  9.353  26.993 0.0000000000
77341  -37.220  10.436  24.963 0.0000000000
77342  -38.082  10.454  25.394 0.0000000000
77358  -38.558  10.843  25.157 0.0000000000
77330  -39.601  10.425  26.906 0.0000000000
67254  -25.924  0.647  39.149 0.0000000000
66120  -25.354  0.077  38.327 0.0000000000
68388  -25.437  1.910  38.833 0.0000000000
71854  -25.471  5.627  37.616 0.0000000000
69643  -24.542  3.524  37.081 0.0000000000
70772  -25.306  5.305  36.593 0.0000000000
70814  -25.144  4.484  35.171 0.0000000000
71905  -26.664  5.778  35.633 0.0000000000
71921  -27.529  6.011  35.166 0.0000000000
71883  -27.645  6.334  37.084 0.0000000000
61386  -14.455  -3.838  41.835 0.0000000000
59134  -13.564  -5.138  42.251 0.0000000000
58061  -13.548  -5.935  39.877 0.0000000000
54635  -13.242  -8.583  39.238 0.0000000000
84772  -43.521  17.414  21.030 0.0000000000
84783  -44.369  17.462  20.146 0.0000000000
47450  0.293  -13.337  49.935 0.0000000000
58134  -30.499  -6.269  36.376 0.0000000000
58150  -30.759  -6.722  35.529 0.0000000000
59216  -30.128  -5.775  36.394 0.0000000000
60296  -28.705  -5.107  36.513 0.0000000000
61465  -29.022  -5.028  37.741 0.0000000000
60235  -30.516  -4.718  41.449 0.0000000000
60250  -30.083  -4.809  40.698 0.0000000000
61407  -30.099  -4.241  41.449 0.0000000000
64871  -28.501  -1.696  42.948 0.0000000000
62524  -28.457  -2.987  41.636 0.0000000000
63683  -27.812  -2.229  41.844 0.0000000000
62532  -27.792  -2.790  40.789 0.0000000000
64882  -27.458  -1.275  41.563 0.0000000000
66099  -26.722  -0.311  40.431 0.0000000000
66075  -27.158  0.413  41.525 0.0000000000
58167  -22.169  -6.469  34.271 0.0000000000
54641  -24.822  -7.466  39.553 0.0000000000
55897  -24.153  -7.630  37.904 0.0000000000
54685  -24.862  -8.085  38.043 0.0000000000
54747  -25.723  -9.044  34.556 0.0000000000
61389  -17.482  -3.320  43.212 0.0000000000
60282  -17.865  -3.518  37.204 0.0000000000
60271  -17.244  -3.172  38.172 0.0000000000
60291  -17.015  -4.202  36.362 0.0000000000
59211  -15.888  -4.965  36.167 0.0000000000
80628  -40.185  12.731  25.179 0.0000000000
80647  -38.901  13.287  23.300 0.0000000000
81643  -40.289  13.474  25.062 0.0000000000
81653  -41.517  15.664  24.890 0.0000000000
81652  -40.865  15.129  24.468 0.0000000000
81663  -40.721  15.744  23.544 0.0000000000
82704  -40.892  15.721  21.674 0.0000000000
83739  -41.466  16.777  23.355 0.0000000000
83743  -41.945  17.411  22.969 0.0000000000
84753  -42.704  17.538  24.425 0.0000000000
64936  -24.707  -0.682  34.953 0.0000000000
62574  -25.003  -2.667  34.973 0.0000000000
70953  -29.928  4.020  27.275 0.0000000000
70934  -30.194  4.546  28.344 0.0000000000
70833  -29.689  5.716  34.224 0.0000000000
70857  -28.510  5.592  32.203 0.0000000000
71936  -29.852  5.543  33.192 0.0000000000
70862  -33.398  5.917  33.061 0.0000000000
70875  -32.153  5.215  31.855 0.0000000000
70888  -32.887  4.983  31.238 0.0000000000
70908  -31.967  4.420  30.129 0.0000000000
71995  -33.512  5.226  30.517 0.0000000000
71996  -34.167  5.650  29.944 0.0000000000
71962  -34.374  5.931  31.988 0.0000000000
51110  -6.397  -10.330  44.250 0.0000000000
51109  -5.464  -10.477  44.519 0.0000000000
51090  -5.051  -10.480  45.486 0.0000000000
51128  -4.973  -10.649  43.796 0.0000000000
51149  -3.508  -11.733  42.791 0.0000000000
51150  -4.105  -11.390  42.228 0.0000000000
47604  -1.006  -15.896  43.970 0.0000000000
47557  -0.829  -14.859  45.704 0.0000000000
46440  -0.784  -16.231  44.765 0.0000000000
43096  0.294  -18.606  45.329 0.0000000000
45342  -0.210  -17.187  45.687 0.0000000000
44230  0.482  -17.127  46.131 0.0000000000
45310  0.836  -15.992  46.825 0.0000000000
44228  1.483  -17.765  46.249 0.0000000000
53357  -26.003  -8.753  44.665 0.0000000000
75064  -36.245  9.012  30.391 0.0000000000
74055  -36.438  8.486  29.258 0.0000000000
76102  -37.282  9.778  29.331 0.0000000000
69613  -25.054  2.902  39.639 0.0000000000
58096  -14.491  -6.097  37.702 0.0000000000
57007  -13.702  -6.941  38.832 0.0000000000
49811  -2.103  -12.109  49.970 0.0000000000
48691  -1.177  -12.796  48.627 0.0000000000
57074  -30.759  -7.571  36.041 0.0000000000
57055  -30.555  -6.768  36.605 0.0000000000
58117  -30.210  -5.687  37.579 0.0000000000
66059  -28.082  0.133  42.630 0.0000000000
60283  -19.039  -3.970  37.294 0.0000000000
60294  -19.730  -4.336  35.637 0.0000000000
59201  -20.585  -4.587  37.322 0.0000000000
58131  -21.930  -5.729  35.708 0.0000000000
58132  -22.704  -6.368  36.233 0.0000000000
54666  -26.981  -8.402  38.861 0.0000000000
54687  -26.260  -8.881  37.831 0.0000000000
54688  -27.168  -8.872  37.660 0.0000000000
54708  -27.319  -8.994  36.407 0.0000000000
54729  -28.616  -9.167  35.301 0.0000000000
59128  -19.201  -4.480  43.745 0.0000000000
59144  -18.795  -4.165  42.478 0.0000000000
59145  -19.377  -4.344  41.826 0.0000000000
59188  -19.308  -4.206  39.362 0.0000000000
76153  -34.982  9.539  24.302 0.0000000000
78541  -39.008  11.849  20.583 0.0000000000
80621  -41.918  13.294  26.670 0.0000000000
80630  -41.452  13.729  25.996 0.0000000000
66203  -24.593  0.597  33.587 0.0000000000
70903  -27.016  4.501  28.651 0.0000000000
70904  -28.413  5.055  29.060 0.0000000000
70819  -31.586  6.475  35.208 0.0000000000
70835  -31.411  6.344  34.371 0.0000000000
70820  -32.459  6.613  35.167 0.0000000000
53368  -12.108  -8.082  41.777 0.0000000000
54552  -11.239  -8.286  42.637 0.0000000000
53316  -9.209  -8.744  44.863 0.0000000000
52240  -8.436  -9.358  44.230 0.0000000000
51131  -7.201  -10.204  43.167 0.0000000000
52286  -6.409  -10.249  41.801 0.0000000000
52302  -5.534  -10.864  41.074 0.0000000000
52318  -6.365  -11.425  40.056 0.0000000000
57010  -29.183  -7.948  39.502 0.0000000000
57012  -30.115  -6.885  39.574 0.0000000000
56999  -30.278  -7.146  40.404 0.0000000000
58040  -30.214  -5.967  41.851 0.0000000000
56982  -22.133  -5.781  42.117 0.0000000000
58065  -23.028  -6.121  40.250 0.0000000000
56984  -23.441  -6.564  41.323 0.0000000000
54598  -24.593  -7.502  41.457 0.0000000000
54619  -25.314  -8.055  40.788 0.0000000000
53375  -26.300  -8.493  43.617 0.0000000000
53421  -26.449  -8.400  41.678 0.0000000000
53468  -26.585  -8.357  40.359 0.0000000000
54646  -27.747  -8.267  39.737 0.0000000000
55872  -29.083  -8.320  39.821 0.0000000000
56952  -22.194  -6.073  43.686 0.0000000000
72032  -32.968  6.016  28.362 0.0000000000
73068  -31.771  6.087  26.651 0.0000000000
73056  -33.428  6.998  28.139 0.0000000000
74078  -34.019  7.974  27.635 0.0000000000
75107  -34.584  9.127  26.455 0.0000000000
74081  -36.350  8.264  28.042 0.0000000000
75108  -35.544  8.896  26.584 0.0000000000
76127  -35.372  9.521  25.965 0.0000000000
76154  -35.709  10.298  24.577 0.0000000000
77355  -36.254  10.806  24.046 0.0000000000
78498  -36.930  11.502  23.387 0.0000000000
79605  -37.321  12.104  22.989 0.0000000000
78486  -38.011  11.588  24.073 0.0000000000
78488  -39.424  11.688  25.148 0.0000000000
78476  -40.669  11.995  26.062 0.0000000000
77321  -41.056  11.452  27.402 0.0000000000
79567  -42.100  12.804  27.119 0.0000000000
63718  -26.084  -2.274  37.837 0.0000000000
62555  -25.644  -2.516  36.950 0.0000000000
63716  -25.163  -1.619  37.058 0.0000000000
66134  -24.527  0.086  37.021 0.0000000000
66151  -24.582  0.184  35.587 0.0000000000
68404  -24.746  2.242  37.811 0.0000000000
68423  -24.556  2.600  36.888 0.0000000000
68463  -24.496  2.092  34.845 0.0000000000
68479  -24.640  2.313  33.760 0.0000000000
69702  -24.880  3.235  33.251 0.0000000000
69703  -25.422  4.224  33.210 0.0000000000
70841  -26.471  4.885  32.636 0.0000000000
71930  -27.255  5.670  34.501 0.0000000000
71931  -28.224  5.787  34.650 0.0000000000
70817  -29.676  6.169  35.389 0.0000000000
70775  -29.914  6.510  36.904 0.0000000000
70802  -31.032  6.458  36.122 0.0000000000
56950  -13.419  -6.989  42.324 0.0000000000
56995  -13.594  -7.145  39.854 0.0000000000
54613  -13.543  -8.145  40.785 0.0000000000
54593  -13.189  -8.477  41.220 0.0000000000
53437  -12.318  -8.802  40.378 0.0000000000
60295  -28.392  -4.945  36.357 0.0000000000
61452  -27.547  -4.177  37.644 0.0000000000
57013  -30.252  -6.183  39.400 0.0000000000
59191  -30.047  -5.200  39.063 0.0000000000
60275  -29.753  -4.915  38.897 0.0000000000
62534  -29.018  -4.177  40.236 0.0000000000
61432  -28.889  -4.364  39.615 0.0000000000
61444  -28.197  -4.481  38.784 0.0000000000
62549  -27.624  -4.171  38.503 0.0000000000
62547  -26.310  -2.591  38.047 0.0000000000
64899  -26.368  -0.902  39.399 0.0000000000
66098  -26.404  0.054  39.768 0.0000000000
68347  -26.313  1.696  40.685 0.0000000000
67195  -27.202  1.269  42.623 0.0000000000
68331  -26.471  1.674  41.651 0.0000000000
57021  -23.187  -6.304  38.832 0.0000000000
57052  -23.039  -6.701  37.108 0.0000000000
57073  -23.724  -7.152  35.428 0.0000000000
54725  -25.048  -8.718  36.384 0.0000000000
55939  -24.780  -8.459  35.473 0.0000000000
61387  -15.389  -3.274  42.360 0.0000000000
61416  -14.506  -3.654  40.061 0.0000000000
61419  -17.214  -3.421  41.088 0.0000000000
61430  -16.118  -3.098  39.517 0.0000000000
60269  -15.041  -4.320  38.135 0.0000000000
59210  -15.053  -5.375  36.600 0.0000000000
79606  -37.846  12.589  22.704 0.0000000000
80672  -38.677  13.182  21.819 0.0000000000
80673  -39.222  13.616  21.292 0.0000000000
81651  -39.967  14.216  24.421 0.0000000000
81674  -39.717  14.599  22.016 0.0000000000
81682  -39.873  14.300  20.759 0.0000000000
81695  -40.620  14.289  19.992 0.0000000000
81696  -41.315  15.204  20.173 0.0000000000
81697  -41.819  15.418  19.925 0.0000000000
82709  -42.155  16.174  20.720 0.0000000000
84767  -43.065  17.462  21.791 0.0000000000
49933  -1.808  -12.367  44.918 0.0000000000
49919  -1.853  -12.447  45.783 0.0000000000
48824  -1.425  -13.987  43.707 0.0000000000
62575  -25.632  -3.391  35.145 0.0000000000
72030  -31.534  5.101  28.120 0.0000000000
70856  -27.483  5.289  31.908 0.0000000000
70871  -28.457  5.712  31.121 0.0000000000
71975  -29.464  5.435  30.272 0.0000000000
70860  -31.303  5.666  32.480 0.0000000000
70873  -30.342  5.423  31.208 0.0000000000
70885  -30.626  4.999  30.172 0.0000000000
70907  -31.274  4.614  29.737 0.0000000000
70936  -32.010  4.703  29.387 0.0000000000
72031  -32.289  5.549  28.254 0.0000000000
72014  -33.933  6.083  29.271 0.0000000000
71997  -34.511  6.168  29.713 0.0000000000
73006  -35.045  7.158  30.895 0.0000000000
51050  -3.790  -10.705  47.322 0.0000000000
51071  -4.508  -10.589  46.470 0.0000000000
51088  -3.230  -11.458  45.531 0.0000000000
51126  -3.062  -11.776  43.614 0.0000000000
49966  -2.932  -12.698  42.424 0.0000000000
48765  -1.247  -13.499  46.646 0.0000000000
48739  -0.998  -13.660  47.264 0.0000000000
47511  -0.709  -14.174  47.361 0.0000000000
45343  -0.587  -16.556  45.407 0.0000000000
46410  -0.230  -15.645  46.390 0.0000000000
46380  -0.129  -14.701  47.773 0.0000000000
46379  0.241  -14.719  48.066 0.0000000000
46377  0.987  -14.520  48.408 0.0000000000
42028  1.486  -19.580  45.442 0.0000000000
44227  1.878  -17.761  46.463 0.0000000000
51049  -2.815  -10.995  47.089 0.0000000000
51048  -2.284  -11.757  46.899 0.0000000000
55900  -29.204  -7.765  37.218 0.0000000000
57038  -29.546  -7.104  37.663 0.0000000000
57036  -28.790  -7.824  38.386 0.0000000000
55899  -28.707  -7.948  37.689 0.0000000000
58051  -21.620  -5.356  41.879 0.0000000000
58039  -21.334  -5.429  42.989 0.0000000000
58062  -20.620  -4.741  40.129 0.0000000000
77383  -37.080  11.165  22.083 0.0000000000
60308  -27.345  -4.842  35.435 0.0000000000
62564  -26.303  -3.624  36.240 0.0000000000
68510  -24.881  2.579  31.726 0.0000000000
69742  -25.506  3.546  30.854 0.0000000000
69743  -25.761  3.798  30.212 0.0000000000
69733  -25.819  4.119  31.105 0.0000000000
128097  -9.859  -9.529  39.712 0.0000000000
128094  -10.017  -9.558  41.215 0.0000000000
53412  -9.263  -9.472  40.538 0.0000000000
54582  -29.397  -8.174  42.557 0.0000000000
55831  -29.851  -7.485  42.309 0.0000000000
54563  -29.619  -7.399  43.176 0.0000000000
54539  -24.384  -7.587  44.663 0.0000000000
54559  -24.410  -7.492  43.689 0.0000000000
54540  -24.865  -8.121  44.929 0.0000000000
54542  -28.701  -8.130  43.997 0.0000000000
53361  -28.592  -8.503  43.235 0.0000000000
54561  -29.146  -8.259  43.105 0.0000000000
54581  -29.163  -8.710  42.307 0.0000000000
55804  -23.802  -7.326  45.231 0.0000000000
73021  -35.437  7.435  29.987 0.0000000000
73037  -35.025  7.330  28.799 0.0000000000
73038  -35.762  7.655  29.091 0.0000000000
76120  -39.032  9.800  27.694 0.0000000000
76143  -38.112  9.913  26.123 0.0000000000
76144  -38.766  9.971  26.547 0.0000000000
77343  -39.096  10.764  25.728 0.0000000000
67237  -25.918  1.456  39.581 0.0000000000
67253  -25.767  1.337  39.235 0.0000000000
71881  -25.377  5.525  37.023 0.0000000000
71882  -26.239  5.949  36.699 0.0000000000
70798  -25.722  5.236  35.915 0.0000000000
71906  -27.599  6.193  36.080 0.0000000000
60232  -13.883  -4.345  40.965 0.0000000000
59156  -13.653  -5.121  40.331 0.0000000000
84768  -43.708  18.055  22.021 0.0000000000
84782  -43.692  17.217  20.370 0.0000000000
84773  -44.488  18.247  21.215 0.0000000000
48666  -0.656  -12.856  49.777 0.0000000000
48665  -0.123  -13.119  50.074 0.0000000000
47469  0.034  -13.726  49.453 0.0000000000
59217  -30.153  -5.558  37.137 0.0000000000
60298  -29.946  -5.172  37.530 0.0000000000
60297  -29.478  -5.305  37.169 0.0000000000
61455  -29.156  -4.864  38.210 0.0000000000
61391  -29.952  -3.696  42.309 0.0000000000
63674  -28.048  -2.133  42.544 0.0000000000
64883  -27.632  -1.567  42.177 0.0000000000
63682  -27.563  -1.802  41.459 0.0000000000
66087  -27.111  -0.348  41.118 0.0000000000
66076  -27.617  -0.319  41.991 0.0000000000
60303  -17.501  -4.500  35.586 0.0000000000
60304  -18.320  -4.463  35.237 0.0000000000
54642  -25.261  -7.781  39.706 0.0000000000
54663  -24.949  -7.760  38.920 0.0000000000
59212  -16.813  -4.864  35.584 0.0000000000
80638  -39.795  13.153  24.606 0.0000000000
82693  -42.065  15.953  25.494 0.0000000000
82695  -41.198  16.197  24.095 0.0000000000
82699  -41.027  16.333  23.049 0.0000000000
83740  -41.945  17.009  24.080 0.0000000000
83735  -42.366  16.976  25.200 0.0000000000
63751  -24.742  -1.599  34.289 0.0000000000
64951  -24.656  -0.469  33.870 0.0000000000
69781  -28.297  3.754  27.674 0.0000000000
70933  -29.074  4.208  28.025 0.0000000000
71947  -33.863  5.734  32.833 0.0000000000
70876  -33.068  5.267  32.209 0.0000000000
71977  -33.708  5.399  31.548 0.0000000000
51129  -5.822  -10.509  43.669 0.0000000000
52266  -4.717  -10.658  43.295 0.0000000000
52284  -4.658  -10.689  42.707 0.0000000000
46450  -0.927  -16.757  44.151 0.0000000000
44251  0.378  -17.735  45.732 0.0000000000
44250  0.801  -18.018  45.680 0.0000000000
44229  0.901  -17.569  46.043 0.0000000000
43078  1.112  -18.186  45.733 0.0000000000
70726  -25.359  4.828  40.358 0.0000000000
55893  -14.626  -7.422  37.377 0.0000000000
49855  -1.789  -12.462  48.510 0.0000000000
49835  -2.238  -12.086  49.408 0.0000000000
48715  -1.206  -12.982  47.823 0.0000000000
55943  -30.304  -8.237  35.398 0.0000000000
57039  -29.970  -6.459  37.553 0.0000000000
58116  -30.350  -6.148  37.156 0.0000000000
59200  -19.784  -4.475  37.809 0.0000000000
59213  -19.829  -4.281  36.963 0.0000000000
58098  -21.887  -5.433  38.263 0.0000000000
58114  -21.777  -5.358  36.945 0.0000000000
54728  -27.503  -9.111  35.300 0.0000000000
54730  -29.384  -9.242  35.027 0.0000000000
58011  -20.558  -4.989  44.770 0.0000000000
58024  -20.007  -4.694  43.766 0.0000000000
59136  -19.344  -4.471  42.921 0.0000000000
58049  -19.983  -4.573  41.728 0.0000000000
59173  -20.011  -4.502  39.653 0.0000000000
59189  -19.711  -4.378  38.704 0.0000000000
60273  -19.290  -4.223  38.096 0.0000000000
67345  -24.682  1.492  33.117 0.0000000000
66227  -24.763  0.625  32.583 0.0000000000
70881  -26.461  4.342  29.560 0.0000000000
70803  -31.829  6.529  35.889 0.0000000000
70849  -34.103  5.755  33.727 0.0000000000
53389  -11.663  -8.510  41.634 0.0000000000
53367  -11.672  -8.041  41.982 0.0000000000
128092  -11.246  -9.081  41.662 0.0000000000
54550  -10.057  -9.017  43.155 0.0000000000
54549  -9.675  -9.149  43.331 0.0000000000
53332  -8.870  -9.137  44.649 0.0000000000
52255  -8.757  -9.664  43.348 0.0000000000
52287  -7.467  -9.910  41.716 0.0000000000
52270  -7.937  -10.091  42.834 0.0000000000
52269  -6.967  -10.173  42.643 0.0000000000
52303  -6.581  -10.525  40.780 0.0000000000
55873  -29.521  -7.936  40.017 0.0000000000
55874  -30.027  -7.517  39.974 0.0000000000
55860  -29.885  -7.744  40.589 0.0000000000
58029  -30.420  -5.923  42.845 0.0000000000
56968  -22.627  -6.526  43.181 0.0000000000
56983  -22.772  -6.428  42.105 0.0000000000
55843  -23.208  -6.781  42.837 0.0000000000
53358  -26.702  -8.561  44.325 0.0000000000
53423  -27.882  -8.532  41.746 0.0000000000
53397  -26.701  -8.513  42.576 0.0000000000
53422  -27.192  -8.425  41.734 0.0000000000
53444  -26.182  -8.372  40.739 0.0000000000
53445  -26.923  -8.438  40.891 0.0000000000
54622  -27.451  -8.407  40.407 0.0000000000
55858  -29.027  -8.581  40.294 0.0000000000
55815  -22.976  -7.043  44.345 0.0000000000
56953  -22.620  -6.554  44.065 0.0000000000
56967  -22.137  -6.104  42.814 0.0000000000
73055  -32.425  6.474  27.548 0.0000000000
75093  -33.718  8.725  26.962 0.0000000000
75094  -34.765  8.608  27.190 0.0000000000
75074  -36.951  9.076  28.982 0.0000000000
74067  -36.649  8.590  28.729 0.0000000000
74082  -36.724  8.564  28.279 0.0000000000
76129  -37.248  9.305  26.459 0.0000000000
75109  -36.459  8.695  26.717 0.0000000000
76140  -35.093  9.863  25.210 0.0000000000
76141  -36.192  10.121  25.398 0.0000000000
77340  -36.502  10.516  24.606 0.0000000000
77356  -37.123  11.041  24.155 0.0000000000
77369  -36.636  11.097  23.725 0.0000000000
78485  -37.385  11.501  23.824 0.0000000000
78474  -39.339  11.390  25.312 0.0000000000
78475  -39.865  11.758  25.538 0.0000000000
78467  -41.692  12.346  26.748 0.0000000000
63706  -25.848  -1.445  38.108 0.0000000000
63717  -25.569  -1.773  37.492 0.0000000000
64908  -25.723  -0.894  38.266 0.0000000000
67284  -24.979  0.618  37.805 0.0000000000
66135  -24.879  0.043  37.871 0.0000000000
69612  -24.747  3.531  38.997 0.0000000000
69626  -24.620  3.546  38.002 0.0000000000
68442  -24.482  2.358  36.081 0.0000000000
69682  -24.345  3.295  35.289 0.0000000000
70829  -25.314  4.531  34.341 0.0000000000
69692  -24.750  3.664  34.196 0.0000000000
69693  -25.357  4.491  33.937 0.0000000000
71922  -28.616  6.092  35.477 0.0000000000
70816  -29.052  5.775  34.791 0.0000000000
71908  -29.346  6.347  35.995 0.0000000000
71886  -30.182  6.520  37.472 0.0000000000
70776  -30.485  6.451  36.758 0.0000000000
71909  -31.481  6.470  36.426 0.0000000000
58035  -13.375  -5.985  41.627 0.0000000000
58022  -13.407  -5.896  42.713 0.0000000000
58023  -13.351  -6.523  42.628 0.0000000000
56965  -13.598  -7.126  41.660 0.0000000000
55881  -14.193  -7.656  38.266 0.0000000000
55870  -13.669  -7.699  39.244 0.0000000000
54636  -13.517  -8.155  39.759 0.0000000000
54612  -13.181  -8.427  40.302 0.0000000000
53438  -12.854  -8.654  40.722 0.0000000000
53415  -12.873  -8.584  41.255 0.0000000000
48686  1.295  -13.372  49.681 0.0000000000
58170  -30.646  -6.971  34.822 0.0000000000
59231  -29.704  -6.155  35.013 0.0000000000
61464  -28.682  -5.031  37.394 0.0000000000
61463  -28.118  -4.813  36.840 0.0000000000
61473  -27.837  -4.726  36.384 0.0000000000
57000  -30.464  -6.400  40.239 0.0000000000
58067  -30.460  -5.683  40.074 0.0000000000
59175  -30.062  -5.284  39.982 0.0000000000
60263  -29.721  -5.015  39.884 0.0000000000
61434  -29.473  -4.741  39.841 0.0000000000
62525  -28.941  -3.877  41.051 0.0000000000
62541  -28.410  -4.280  39.468 0.0000000000
62531  -27.262  -2.340  40.330 0.0000000000
62539  -27.028  -2.837  39.777 0.0000000000
62548  -26.784  -3.290  38.488 0.0000000000
63708  -26.635  -2.448  39.199 0.0000000000
63707  -26.233  -1.763  38.601 0.0000000000
63697  -26.425  -1.463  39.269 0.0000000000
66086  -26.684  0.340  40.655 0.0000000000
67238  -26.219  1.147  39.959 0.0000000000
67196  -27.532  1.013  42.989 0.0000000000
68320  -27.394  1.661  43.156 0.0000000000
68318  -26.158  2.498  42.088 0.0000000000
60306  -20.005  -4.514  35.114 0.0000000000
60322  -19.420  -4.916  34.539 0.0000000000
59248  -20.686  -5.580  34.253 0.0000000000
58066  -23.336  -6.273  39.957 0.0000000000
58081  -22.874  -6.056  39.532 0.0000000000
57009  -23.539  -6.446  39.394 0.0000000000
57035  -23.561  -7.150  37.432 0.0000000000
57053  -23.499  -7.133  36.398 0.0000000000
55938  -24.113  -7.814  35.879 0.0000000000
54706  -25.565  -8.939  36.964 0.0000000000
54726  -25.555  -9.022  35.747 0.0000000000
61402  -15.229  -3.292  41.187 0.0000000000
60233  -18.395  -3.818  41.594 0.0000000000
60270  -16.072  -3.625  37.851 0.0000000000
61443  -16.937  -3.066  39.122 0.0000000000
61441  -15.671  -3.624  38.333 0.0000000000
61429  -15.407  -3.455  38.907 0.0000000000
59198  -14.746  -5.190  37.317 0.0000000000
59199  -15.203  -4.774  36.777 0.0000000000
79592  -37.985  12.203  23.529 0.0000000000
79616  -37.415  12.177  22.335 0.0000000000
80646  -38.362  12.776  23.130 0.0000000000
80660  -38.464  13.037  22.496 0.0000000000
80661  -39.031  13.707  22.362 0.0000000000
81644  -40.780  14.139  25.290 0.0000000000
81662  -40.210  15.060  23.251 0.0000000000
82705  -41.220  16.237  22.052 0.0000000000
82707  -41.053  15.585  21.152 0.0000000000
81684  -41.127  15.496  20.841 0.0000000000
82717  -41.738  15.600  20.288 0.0000000000
82718  -42.222  15.820  20.076 0.0000000000
83751  -42.109  16.291  21.024 0.0000000000
83749  -42.405  17.096  21.932 0.0000000000
84761  -42.868  17.600  22.563 0.0000000000
84762  -43.383  18.196  23.059 0.0000000000
49950  -2.063  -12.641  43.751 0.0000000000
49949  -1.531  -13.188  43.830 0.0000000000
48825  -1.627  -13.267  43.509 0.0000000000
62563  -25.446  -2.961  36.181 0.0000000000
70872  -29.323  5.713  31.462 0.0000000000
71959  -29.148  5.688  30.853 0.0000000000
71960  -29.711  5.524  30.848 0.0000000000
70846  -31.313  6.083  33.429 0.0000000000
70874  -31.288  5.233  31.546 0.0000000000
70906  -30.510  4.740  29.314 0.0000000000
70937  -32.481  4.607  29.730 0.0000000000
72012  -31.937  5.038  28.751 0.0000000000
71979  -34.640  6.355  30.696 0.0000000000
70910  -34.559  5.950  29.969 0.0000000000
70890  -34.760  6.370  30.255 0.0000000000
71998  -34.944  6.638  29.861 0.0000000000
51108  -4.532  -10.780  44.586 0.0000000000
51089  -4.102  -10.948  45.532 0.0000000000
51070  -3.580  -11.065  46.398 0.0000000000
51106  -2.616  -11.788  44.668 0.0000000000
49967  -3.614  -12.054  42.212 0.0000000000
49918  -1.332  -13.098  45.409 0.0000000000
49904  -1.604  -12.835  46.280 0.0000000000
48799  -1.116  -13.847  45.550 0.0000000000
47531  -1.035  -13.923  46.622 0.0000000000
47530  -0.810  -14.301  46.586 0.0000000000
46399  -0.447  -14.871  46.769 0.0000000000
45367  -0.545  -17.823  44.359 0.0000000000
45356  -0.465  -17.624  45.006 0.0000000000
45324  0.138  -16.393  46.298 0.0000000000
45325  -0.285  -16.275  45.954 0.0000000000
46398  -0.090  -15.263  46.944 0.0000000000
46397  0.193  -15.190  47.272 0.0000000000
45309  0.984  -16.113  46.962 0.0000000000
46395  1.102  -15.234  47.423 0.0000000000
47485  1.316  -14.101  48.861 0.0000000000
43093  1.892  -19.335  45.873 0.0000000000
44249  1.847  -18.473  46.301 0.0000000000
55917  -30.172  -8.091  36.275 0.0000000000
59174  -20.417  -4.527  39.077 0.0000000000
54668  -28.643  -8.081  39.266 0.0000000000
55916  -29.464  -8.290  36.496 0.0000000000
56940  -21.801  -5.560  44.157 0.0000000000
58026  -21.393  -5.383  43.737 0.0000000000
58038  -20.729  -5.024  42.702 0.0000000000
77367  -35.809  10.228  22.952 0.0000000000
60309  -28.215  -4.986  35.804 0.0000000000
67357  -24.815  1.553  32.144 0.0000000000
67368  -24.867  1.595  31.113 0.0000000000
52321  -10.895  -9.289  41.033 0.0000000000
128096  -10.865  -9.290  41.834 0.0000000000
128098  -9.466  -9.520  41.365 0.0000000000
52271  -9.093  -9.641  42.242 0.0000000000
53388  -7.990  -9.694  41.369 0.0000000000
53410  -7.347  -10.107  40.702 0.0000000000
53409  -6.953  -10.555  40.420 0.0000000000
53433  -7.146  -10.812  39.876 0.0000000000
55845  -29.491  -8.427  41.330 0.0000000000
55846  -29.910  -7.908  41.498 0.0000000000
55819  -30.000  -6.974  42.518 0.0000000000
58028  -30.468  -6.215  43.570 0.0000000000
55830  -23.737  -7.209  43.177 0.0000000000
54580  -25.128  -7.787  43.223 0.0000000000
53376  -27.022  -8.641  43.350 0.0000000000
53377  -27.712  -8.706  43.117 0.0000000000
53399  -27.926  -8.710  42.217 0.0000000000
53424  -28.487  -8.817  41.737 0.0000000000
54600  -28.633  -8.825  41.201 0.0000000000
54601  -29.006  -8.979  41.636 0.0000000000
54625  -29.235  -8.678  41.261 0.0000000000
55803  -23.215  -7.163  44.922 0.0000000000
73058  -35.252  7.709  28.210 0.0000000000
75084  -37.891  9.340  27.997 0.0000000000
75097  -37.066  8.685  27.743 0.0000000000
75098  -37.671  9.152  27.675 0.0000000000
76142  -37.215  9.976  25.786 0.0000000000
67270  -25.736  0.334  38.741 0.0000000000
67269  -25.319  1.196  38.343 0.0000000000
67268  -24.908  1.589  37.840 0.0000000000
70771  -24.755  4.801  37.259 0.0000000000
70797  -24.875  4.526  36.332 0.0000000000
70815  -26.156  5.239  35.136 0.0000000000
71920  -26.765  5.659  34.813 0.0000000000
60213  -14.094  -4.416  42.705 0.0000000000
60220  -13.834  -4.538  41.817 0.0000000000
59143  -13.578  -5.161  41.286 0.0000000000
58048  -13.516  -5.886  40.734 0.0000000000
53462  -12.315  -9.014  39.403 0.0000000000
83753  -43.382  17.029  20.514 0.0000000000
83763  -44.297  17.013  19.578 0.0000000000
47468  0.559  -13.553  49.740 0.0000000000
59232  -30.291  -6.349  35.503 0.0000000000
60311  -29.832  -5.726  35.906 0.0000000000
59147  -30.578  -5.311  41.575 0.0000000000
59159  -30.403  -5.221  40.773 0.0000000000
62515  -29.078  -2.843  42.411 0.0000000000
63675  -28.520  -2.229  42.560 0.0000000000
63684  -28.265  -2.538  42.098 0.0000000000
62523  -28.082  -2.656  41.420 0.0000000000
63691  -27.737  -2.300  41.179 0.0000000000
63690  -27.486  -1.909  40.912 0.0000000000
64891  -26.965  -1.028  40.550 0.0000000000
64900  -26.661  -1.061  39.950 0.0000000000
68306  -27.282  2.230  43.355 0.0000000000
58147  -21.824  -5.901  34.797 0.0000000000
55871  -24.331  -6.952  39.770 0.0000000000
55885  -24.219  -7.110  38.785 0.0000000000
54662  -24.614  -7.395  39.081 0.0000000000
54684  -24.568  -7.637  38.511 0.0000000000
55898  -24.583  -8.022  37.280 0.0000000000
54727  -26.515  -9.142  35.475 0.0000000000
61404  -17.377  -3.325  42.194 0.0000000000
60272  -18.699  -3.751  38.494 0.0000000000
60261  -17.912  -3.170  39.336 0.0000000000
60281  -16.712  -3.776  37.191 0.0000000000
60290  -16.349  -4.301  36.717 0.0000000000
59226  -16.427  -5.491  35.233 0.0000000000
80637  -39.125  12.851  24.138 0.0000000000
79593  -38.612  12.659  23.648 0.0000000000
81650  -39.408  13.576  23.997 0.0000000000
82698  -40.701  15.783  22.639 0.0000000000
83742  -41.610  16.761  22.482 0.0000000000
48854  -2.521  -14.343  41.657 0.0000000000
63735  -24.697  -1.724  35.437 0.0000000000
62590  -24.949  -2.740  33.666 0.0000000000
70952  -29.292  3.835  27.362 0.0000000000
70832  -28.856  5.573  34.030 0.0000000000
70843  -28.657  5.440  33.164 0.0000000000
70844  -29.524  5.510  33.353 0.0000000000
71946  -29.914  5.552  32.902 0.0000000000
70861  -32.259  5.786  32.721 0.0000000000
70887  -32.047  4.645  31.011 0.0000000000
70909  -32.723  4.667  30.299 0.0000000000
71978  -34.314  5.800  30.894 0.0000000000
71963  -34.564  6.430  31.321 0.0000000000
51092  -6.975  -9.713  44.717 0.0000000000
51091  -6.034  -10.145  45.211 0.0000000000
51127  -4.060  -10.993  43.462 0.0000000000
47605  -1.339  -14.874  44.398 0.0000000000
47584  -1.123  -14.526  45.271 0.0000000000
47583  -1.097  -15.377  44.965 0.0000000000
46428  -0.728  -15.680  45.371 0.0000000000
43114  -0.014  -19.079  44.976 0.0000000000
44266  -0.078  -18.185  45.245 0.0000000000
45311  0.438  -15.816  46.758 0.0000000000
45323  0.614  -16.679  46.439 0.0000000000
45322  1.011  -16.901  46.505 0.0000000000
53356  -25.343  -8.572  45.201 0.0000000000
54541  -28.132  -8.215  44.603 0.0000000000
75073  -36.629  8.975  29.599 0.0000000000
76110  -37.408  9.450  28.703 0.0000000000
76112  -39.100  9.952  28.155 0.0000000000
77319  -39.619  10.333  27.867 0.0000000000
69597  -25.387  3.003  40.391 0.0000000000
69596  -24.973  3.922  39.800 0.0000000000
70725  -25.148  4.514  39.818 0.0000000000
70738  -25.179  4.737  39.313 0.0000000000
70739  -25.761  5.712  39.373 0.0000000000
71833  -25.636  5.681  38.541 0.0000000000
71856  -27.790  6.072  37.996 0.0000000000
59186  -14.310  -5.208  38.776 0.0000000000
58076  -13.778  -6.124  39.112 0.0000000000
58077  -14.118  -6.211  38.418 0.0000000000
57020  -14.298  -6.874  37.989 0.0000000000
48667  -1.106  -12.704  49.392 0.0000000000
48690  -0.642  -13.249  48.881 0.0000000000
57093  -30.592  -7.507  35.061 0.0000000000
58135  -30.353  -5.881  37.044 0.0000000000
59203  -30.126  -5.198  38.052 0.0000000000
60293  -19.265  -4.131  36.098 0.0000000000
59214  -20.414  -4.370  36.107 0.0000000000
58113  -21.207  -4.855  37.240 0.0000000000
59202  -21.114  -4.766  36.730 0.0000000000
59230  -21.542  -5.319  35.180 0.0000000000
58148  -22.526  -6.208  35.088 0.0000000000
58149  -23.174  -6.652  35.268 0.0000000000
54665  -26.123  -8.387  38.812 0.0000000000
54686  -25.548  -8.484  37.893 0.0000000000
59135  -18.731  -4.195  43.299 0.0000000000
60234  -19.030  -4.157  41.262 0.0000000000
60249  -18.856  -4.028  40.692 0.0000000000
59146  -19.888  -4.535  41.299 0.0000000000
59172  -19.375  -4.339  40.167 0.0000000000
60262  -18.727  -3.849  39.751 0.0000000000
76152  -34.442  9.126  24.521 0.0000000000
79633  -39.255  12.692  20.636 0.0000000000
81638  -42.273  14.300  26.523 0.0000000000
66202  -24.529  0.951  34.198 0.0000000000
64973  -24.816  -0.165  33.006 0.0000000000
70818  -30.718  6.325  35.270 0.0000000000
70836  -32.306  6.461  34.406 0.0000000000
70848  -33.027  6.304  33.791 0.0000000000
69719  -33.459  6.038  33.646 0.0000000000
70863  -33.883  5.790  33.343 0.0000000000
71948  -34.231  5.904  33.034 0.0000000000
72978  -34.581  6.161  33.015 0.0000000000
54572  -10.789  -9.096  42.393 0.0000000000
54551  -10.563  -8.736  43.121 0.0000000000
52254  -7.819  -9.659  43.918 0.0000000000
51111  -7.202  -10.137  43.749 0.0000000000
51130  -6.635  -10.334  43.397 0.0000000000
52268  -6.089  -10.357  42.828 0.0000000000
52285  -5.414  -10.457  42.233 0.0000000000
42052  0.800  -20.095  44.978 0.0000000000
57024  -29.077  -7.717  38.883 0.0000000000
57025  -29.486  -7.131  38.730 0.0000000000
57011  -29.596  -7.454  39.448 0.0000000000
55847  -30.045  -7.157  41.473 0.0000000000
56986  -30.192  -6.635  41.090 0.0000000000
58027  -30.361  -6.400  44.134 0.0000000000
58052  -22.126  -5.673  41.581 0.0000000000
58064  -22.290  -5.739  40.729 0.0000000000
56996  -22.427  -5.958  41.531 0.0000000000
56997  -22.947  -6.142  41.078 0.0000000000
55844  -23.740  -7.015  42.058 0.0000000000
55857  -24.102  -6.962  40.901 0.0000000000
54618  -24.784  -7.424  40.360 0.0000000000
54643  -25.871  -8.217  39.912 0.0000000000
53374  -25.499  -8.277  44.074 0.0000000000
53396  -25.918  -8.146  42.679 0.0000000000
53420  -25.794  -8.244  41.473 0.0000000000
53467  -26.300  -8.344  40.183 0.0000000000
54644  -26.564  -8.330  39.738 0.0000000000
54645  -27.140  -8.301  39.799 0.0000000000
54623  -28.236  -8.539  40.647 0.0000000000
54647  -28.610  -8.364  39.934 0.0000000000
57023  -28.750  -7.904  38.758 0.0000000000
56941  -22.312  -5.987  44.619 0.0000000000
56966  -21.827  -5.637  42.565 0.0000000000
74077  -32.785  7.862  27.233 0.0000000000
73039  -36.266  8.130  29.013 0.0000000000
74066  -36.261  8.174  28.599 0.0000000000
74080  -35.782  8.087  27.854 0.0000000000
75096  -36.474  8.365  27.419 0.0000000000
75095  -35.695  8.348  27.207 0.0000000000
76126  -34.506  9.403  25.715 0.0000000000
76139  -34.278  9.328  25.034 0.0000000000
77354  -35.681  10.274  23.752 0.0000000000
77368  -36.383  10.867  23.292 0.0000000000
78511  -36.642  11.185  22.944 0.0000000000
78512  -36.986  11.537  22.543 0.0000000000
79591  -37.425  11.916  23.381 0.0000000000
79581  -38.258  11.937  23.874 0.0000000000
78487  -38.869  11.410  24.879 0.0000000000
79583  -39.542  12.216  24.856 0.0000000000
79573  -40.036  12.276  25.323 0.0000000000
79575  -41.286  12.660  26.189 0.0000000000
77320  -40.340  10.869  27.548 0.0000000000
77331  -40.560  11.227  26.848 0.0000000000
78477  -41.216  12.123  26.364 0.0000000000
62556  -26.207  -2.995  37.246 0.0000000000
63726  -25.354  -2.326  36.837 0.0000000000
63725  -24.907  -1.933  36.576 0.0000000000
64918  -25.144  -0.617  37.732 0.0000000000
64917  -24.946  -1.148  37.043 0.0000000000
64926  -24.689  -0.872  36.096 0.0000000000
68365  -25.153  2.517  39.134 0.0000000000
68387  -24.871  2.529  38.541 0.0000000000
67302  -24.460  1.204  35.974 0.0000000000
66172  -24.532  0.946  34.534 0.0000000000
67324  -24.536  1.427  34.472 0.0000000000
68478  -24.562  1.798  34.307 0.0000000000
69718  -25.626  4.285  32.036 0.0000000000
70831  -27.824  5.565  33.899 0.0000000000
71884  -28.825  6.470  37.318 0.0000000000
70799  -29.220  6.534  36.890 0.0000000000
71885  -29.474  6.505  37.541 0.0000000000
70800  -29.559  6.449  36.403 0.0000000000
70801  -30.223  6.464  36.135 0.0000000000
57006  -13.566  -6.574  39.578 0.0000000000
56994  -13.542  -6.549  40.310 0.0000000000
56980  -13.652  -7.087  40.839 0.0000000000
55856  -13.695  -7.701  40.311 0.0000000000
55842  -13.687  -7.667  41.236 0.0000000000
55828  -13.529  -7.528  42.010 0.0000000000
53391  -12.946  -8.485  41.514 0.0000000000
53414  -12.430  -8.591  41.072 0.0000000000
53413  -11.787  -8.754  40.935 0.0000000000
53436  -11.468  -9.173  40.216 0.0000000000
60310  -29.185  -5.456  35.609 0.0000000000
61462  -27.475  -4.380  36.818 0.0000000000
62557  -26.998  -3.768  37.349 0.0000000000
57027  -30.120  -6.037  38.530 0.0000000000
58085  -30.237  -5.608  39.235 0.0000000000
58102  -30.206  -5.569  38.373 0.0000000000
60274  -29.517  -4.819  38.870 0.0000000000
61406  -29.473  -3.842  41.526 0.0000000000
61420  -29.296  -4.322  40.514 0.0000000000
61433  -29.223  -4.542  39.749 0.0000000000
61447  -29.432  -4.797  39.275 0.0000000000
60284  -29.543  -4.875  38.330 0.0000000000
61454  -28.700  -4.744  38.151 0.0000000000
62540  -27.658  -3.834  39.549 0.0000000000
64909  -26.043  -0.715  38.781 0.0000000000
64890  -26.600  -0.630  40.025 0.0000000000
66107  -26.131  -0.081  39.014 0.0000000000
68367  -26.097  1.730  40.145 0.0000000000
67210  -27.548  0.504  42.233 0.0000000000
67209  -27.102  1.100  42.117 0.0000000000
68319  -26.952  1.720  42.661 0.0000000000
68330  -26.072  2.404  41.062 0.0000000000
58099  -22.622  -5.944  38.587 0.0000000000
57022  -23.669  -6.834  38.351 0.0000000000
57034  -23.100  -6.508  37.963 0.0000000000
58133  -23.266  -6.847  35.834 0.0000000000
57092  -23.518  -7.065  34.634 0.0000000000
54705  -25.047  -8.417  37.147 0.0000000000
55914  -24.617  -8.225  36.516 0.0000000000
55960  -24.124  -7.838  34.549 0.0000000000
61372  -14.684  -3.622  43.124 0.0000000000
61401  -14.473  -3.687  40.653 0.0000000000
60246  -14.256  -4.282  39.916 0.0000000000
60221  -18.225  -3.699  42.766 0.0000000000
61431  -17.083  -3.164  40.027 0.0000000000
61418  -16.138  -3.149  40.583 0.0000000000
61417  -14.981  -3.141  39.944 0.0000000000
60260  -14.680  -3.833  39.221 0.0000000000
60259  -14.423  -4.636  38.969 0.0000000000
59187  -14.472  -5.393  38.228 0.0000000000
58112  -14.850  -6.068  36.991 0.0000000000
58129  -15.253  -6.022  36.277 0.0000000000
79617  -38.001  12.552  21.750 0.0000000000
79618  -38.699  12.899  21.253 0.0000000000
80686  -39.775  13.473  20.447 0.0000000000
81694  -40.125  13.918  20.255 0.0000000000
81683  -40.540  15.193  21.050 0.0000000000
81699  -41.063  13.877  19.479 0.0000000000
83752  -42.743  16.628  20.798 0.0000000000
83748  -41.946  16.476  21.559 0.0000000000
84771  -42.929  17.136  21.403 0.0000000000
85719  -44.090  18.659  22.619 0.0000000000
51087  -2.412  -11.924  45.585 0.0000000000
51068  -2.194  -12.169  46.249 0.0000000000
49932  -1.401  -13.129  44.376 0.0000000000
48838  -1.760  -14.689  42.603 0.0000000000
47626  -1.521  -15.284  43.386 0.0000000000
61470  -26.118  -3.802  35.529 0.0000000000
63764  -24.715  -1.324  32.939 0.0000000000
72044  -31.290  5.199  27.131 0.0000000000
70855  -26.531  4.758  31.526 0.0000000000
70870  -27.373  5.246  30.847 0.0000000000
70883  -28.179  5.573  30.160 0.0000000000
71993  -28.876  5.456  29.898 0.0000000000
71994  -29.303  5.189  29.593 0.0000000000
70845  -30.317  5.722  33.276 0.0000000000
70859  -30.464  5.587  32.295 0.0000000000
71976  -30.074  5.303  30.445 0.0000000000
70884  -29.968  5.055  29.801 0.0000000000
70935  -31.235  4.732  28.755 0.0000000000
72011  -31.567  4.933  28.565 0.0000000000
73035  -33.518  6.163  28.729 0.0000000000
72015  -34.563  6.737  29.349 0.0000000000
72990  -34.535  6.259  32.663 0.0000000000
52301  -4.774  -10.834  41.865 0.0000000000
51170  -4.687  -11.525  41.328 0.0000000000
51067  -1.906  -12.462  46.335 0.0000000000
49891  -1.593  -12.842  47.000 0.0000000000
48740  -1.256  -13.264  47.212 0.0000000000
47558  -0.993  -14.061  46.103 0.0000000000
48714  -0.836  -13.461  47.970 0.0000000000
47489  -0.476  -14.065  48.155 0.0000000000
45357  -0.756  -17.133  44.647 0.0000000000
46381  -0.383  -14.607  47.410 0.0000000000
47470  -0.301  -13.761  48.933 0.0000000000
47488  -0.106  -14.294  48.631 0.0000000000
47487  0.358  -14.256  48.939 0.0000000000
47486  0.842  -14.202  49.044 0.0000000000
46396  0.584  -15.210  47.388 0.0000000000
46378  0.679  -14.651  48.219 0.0000000000
42029  1.186  -19.252  45.444 0.0000000000
43094  1.446  -18.690  45.862 0.0000000000
43077  1.304  -18.050  45.948 0.0000000000
47466  1.283  -13.767  49.437 0.0000000000
48688  0.618  -13.279  50.080 0.0000000000
48764  -1.094  -13.771  46.889 0.0000000000
48785  -1.264  -13.498  46.045 0.0000000000
49834  -1.744  -12.447  49.362 0.0000000000
49856  -2.094  -12.239  49.057 0.0000000000
49905  -1.893  -12.480  46.114 0.0000000000
51047  -1.934  -12.398  46.692 0.0000000000
52289  -11.506  -8.855  41.340 0.0000000000
53378  -28.307  -8.711  42.866 0.0000000000
53379  -28.778  -8.720  42.624 0.0000000000
53387  -7.761  -9.774  41.160 0.0000000000
53390  -12.574  -8.371  41.554 0.0000000000
53400  -28.561  -8.851  42.245 0.0000000000
53425  -28.768  -8.971  41.920 0.0000000000
53443  -25.751  -8.294  40.889 0.0000000000
53447  -28.229  -8.657  41.266 0.0000000000
54531  -9.703  -9.044  43.556 0.0000000000
54573  -12.472  -8.112  41.899 0.0000000000
54574  -12.926  -8.199  42.004 0.0000000000
54583  -29.576  -7.627  42.732 0.0000000000
54594  -13.493  -8.069  41.658 0.0000000000
54602  -29.542  -8.561  41.836 0.0000000000
54620  -25.775  -8.263  40.571 0.0000000000
54621  -26.938  -8.343  40.243 0.0000000000
55817  -29.799  -7.220  43.625 0.0000000000
55818  -29.872  -7.134  42.981 0.0000000000
55887  -28.863  -8.012  39.148 0.0000000000
56955  -30.225  -6.605  42.970 0.0000000000
56956  -30.095  -6.521  42.333 0.0000000000
56969  -30.071  -6.670  41.752 0.0000000000
56979  -13.565  -6.459  40.993 0.0000000000
56981  -21.882  -5.558  42.207 0.0000000000
56985  -30.055  -7.347  41.003 0.0000000000
57008  -23.209  -6.234  39.245 0.0000000000
57094  -30.858  -7.044  35.160 0.0000000000
58014  -30.655  -5.819  44.324 0.0000000000
58036  -13.396  -6.569  42.054 0.0000000000
58078  -20.573  -4.615  39.509 0.0000000000
58082  -23.188  -6.198  39.778 0.0000000000
58083  -29.785  -6.922  39.209 0.0000000000
58084  -29.967  -6.763  39.299 0.0000000000
58100  -29.721  -6.792  38.968 0.0000000000
58101  -29.871  -6.682  39.114 0.0000000000
59157  -19.434  -4.354  40.967 0.0000000000
59171  -14.127  -5.676  38.779 0.0000000000
59215  -21.362  -4.971  35.940 0.0000000000
59228  -18.242  -5.046  34.665 0.0000000000
59249  -21.301  -5.519  34.608 0.0000000000
60222  -30.870  -4.838  42.081 0.0000000000
60247  -14.556  -3.682  39.767 0.0000000000
60268  -14.523  -4.896  38.505 0.0000000000
60279  -15.113  -4.566  37.280 0.0000000000
60305  -19.239  -4.399  35.171 0.0000000000
60323  -20.181  -5.012  34.513 0.0000000000
61442  -16.239  -3.283  38.621 0.0000000000
61445  -28.769  -4.618  38.892 0.0000000000
61446  -29.227  -4.731  39.000 0.0000000000
61485  -26.370  -4.360  35.234 0.0000000000
64869  -27.639  -1.084  42.304 0.0000000000
64870  -27.943  -1.661  42.740 0.0000000000
67325  -24.515  1.034  34.981 0.0000000000
67344  -24.570  1.427  33.906 0.0000000000
68346  -25.935  2.121  40.378 0.0000000000
68405  -25.142  1.929  38.360 0.0000000000
68462  -24.540  1.762  34.550 0.0000000000
69720  -33.721  5.862  33.541 0.0000000000
70773  -29.218  6.554  37.137 0.0000000000
70774  -29.451  6.544  37.052 0.0000000000
70889  -34.581  6.019  30.289 0.0000000000
70891  -34.916  6.551  30.145 0.0000000000
70911  -34.700  6.197  29.966 0.0000000000
70912  -34.844  6.406  29.987 0.0000000000
70931  -27.304  4.087  28.037 0.0000000000
71923  -29.157  6.257  35.816 0.0000000000
71929  -26.793  5.512  34.467 0.0000000000
71935  -29.610  5.485  33.210 0.0000000000
71945  -29.652  5.502  32.976 0.0000000000
71958  -28.846  5.732  30.848 0.0000000000
71974  -28.857  5.647  30.529 0.0000000000
71980  -34.904  6.749  30.408 0.0000000000
72992  -34.743  6.869  31.330 0.0000000000
73022  -35.990  7.992  29.430 0.0000000000
75111  -37.456  9.016  27.377 0.0000000000
75120  -34.170  8.944  24.679 0.0000000000
76125  -34.065  9.287  25.530 0.0000000000
77346  -41.349  11.988  26.601 0.0000000000
78468  -41.971  12.501  27.095 0.0000000000
78497  -36.636  11.199  23.204 0.0000000000
78499  -37.541  11.755  23.638 0.0000000000
79566  -41.738  12.724  26.686 0.0000000000
79574  -40.501  12.391  25.635 0.0000000000
128089  -8.996  -9.596  41.774 0.0000000000
128091  -8.942  -9.542  41.547 0.0000000000
128093  -10.963  -9.271  41.493 0.0000000000
