#!ascii label  , from subject sub.01.bl.01.long.sub.01.base.03 vox2ras=TkReg
1545
65008  -33.600  -0.977  31.450 0.0000000000
77334  -48.169  10.040  27.109 0.0000000000
68555  -40.366  2.567  28.972 0.0000000000
47533  -8.245  -16.102  47.067 0.0000000000
63721  -32.808  -1.446  36.099 0.0000000000
49877  -22.393  -13.690  48.104 0.0000000000
51040  -31.345  -12.629  49.201 0.0000000000
54545  -37.956  -8.940  44.090 0.0000000000
61409  -37.669  -3.404  41.879 0.0000000000
51153  -16.677  -13.019  42.409 0.0000000000
52196  -18.938  -12.087  47.915 0.0000000000
54578  -19.587  -11.573  42.811 0.0000000000
49959  -28.071  -13.906  43.853 0.0000000000
51144  -33.798  -12.356  43.548 0.0000000000
68391  -34.379  1.416  38.247 0.0000000000
67293  -38.607  1.835  36.665 0.0000000000
74068  -44.341  6.423  28.684 0.0000000000
66270  -36.983  0.291  29.588 0.0000000000
77386  -44.746  11.069  22.689 0.0000000000
45344  -5.088  -18.275  47.044 0.0000000000
66078  -33.415  0.157  41.455 0.0000000000
66206  -30.923  -0.077  33.467 0.0000000000
49956  -22.707  -13.959  43.074 0.0000000000
48731  -26.866  -15.157  49.908 0.0000000000
68482  -40.414  2.587  33.620 0.0000000000
79638  -52.731  12.860  20.539 0.0000000000
54605  -35.736  -9.445  41.494 0.0000000000
58054  -36.222  -6.969  40.814 0.0000000000
52290  -18.240  -11.863  41.857 0.0000000000
51201  -31.501  -12.672  40.268 0.0000000000
52312  -33.929  -11.453  41.010 0.0000000000
52278  -35.799  -11.324  43.262 0.0000000000
67330  -33.932  -0.186  35.131 0.0000000000
68408  -36.429  1.287  38.129 0.0000000000
66181  -36.102  -0.423  34.168 0.0000000000
74071  -46.302  8.055  27.823 0.0000000000
76092  -44.634  8.939  31.190 0.0000000000
78480  -49.444  11.845  26.794 0.0000000000
47627  -6.574  -16.982  43.010 0.0000000000
46429  -6.125  -17.446  46.461 0.0000000000
63694  -35.616  -1.497  38.611 0.0000000000
64875  -36.331  -0.449  41.769 0.0000000000
64904  -33.029  -0.490  38.617 0.0000000000
67271  -31.904  0.351  37.505 0.0000000000
64927  -30.946  -0.845  35.404 0.0000000000
49875  -20.245  -13.789  48.417 0.0000000000
48677  -19.784  -15.128  51.331 0.0000000000
46371  -21.653  -16.811  50.334 0.0000000000
46373  -24.327  -16.780  50.523 0.0000000000
52338  -21.421  -12.281  39.312 0.0000000000
51213  -23.786  -13.750  39.532 0.0000000000
49911  -30.093  -14.459  46.770 0.0000000000
48794  -27.978  -15.672  46.037 0.0000000000
49865  -29.394  -14.090  49.590 0.0000000000
49778  -28.033  -14.582  52.174 0.0000000000
49951  -11.781  -14.254  43.856 0.0000000000
52207  -13.313  -12.052  47.941 0.0000000000
52155  -12.719  -11.408  50.499 0.0000000000
67394  -38.769  1.844  29.612 0.0000000000
67359  -38.253  1.825  32.371 0.0000000000
69735  -39.222  4.005  31.798 0.0000000000
80703  -54.422  13.019  19.304 0.0000000000
47473  -7.765  -15.455  50.403 0.0000000000
56911  -37.297  -7.193  47.101 0.0000000000
60189  -37.523  -4.309  46.254 0.0000000000
58030  -37.904  -6.243  43.545 0.0000000000
60251  -36.360  -4.573  39.616 0.0000000000
51098  -15.792  -12.535  45.326 0.0000000000
53287  -17.532  -11.419  48.196 0.0000000000
53334  -18.107  -11.520  45.244 0.0000000000
52229  -19.690  -11.633  46.062 0.0000000000
51078  -20.896  -12.490  46.033 0.0000000000
50033  -26.146  -13.877  39.909 0.0000000000
51198  -28.281  -12.963  40.548 0.0000000000
51141  -30.270  -13.242  43.986 0.0000000000
51101  -32.539  -12.986  46.419 0.0000000000
52235  -34.421  -11.451  46.534 0.0000000000
54511  -36.376  -9.568  46.834 0.0000000000
50009  -14.331  -13.770  40.535 0.0000000000
68322  -34.896  2.413  42.361 0.0000000000
70672  -37.760  4.530  44.725 0.0000000000
69599  -36.896  2.814  41.058 0.0000000000
69616  -38.757  3.561  39.710 0.0000000000
70915  -42.302  4.753  29.018 0.0000000000
71966  -40.113  5.841  31.607 0.0000000000
74032  -42.604  7.556  31.172 0.0000000000
41949  -1.342  -20.657  51.355 0.0000000000
65037  -34.705  -0.604  30.415 0.0000000000
66323  -36.725  0.810  26.449 0.0000000000
70971  -40.168  3.433  26.397 0.0000000000
72046  -42.274  4.680  25.795 0.0000000000
73082  -43.831  6.514  24.901 0.0000000000
75134  -45.345  8.434  24.683 0.0000000000
77360  -45.794  10.625  24.535 0.0000000000
76180  -43.276  9.740  22.459 0.0000000000
46365  -5.631  -17.075  51.182 0.0000000000
45286  -4.393  -17.811  51.155 0.0000000000
44171  -2.352  -18.975  51.735 0.0000000000
65982  -37.684  1.089  47.072 0.0000000000
62498  -38.070  -2.359  45.018 0.0000000000
66050  -36.605  0.338  44.090 0.0000000000
67185  -35.141  1.521  43.448 0.0000000000
68332  -33.389  1.544  40.606 0.0000000000
67287  -32.689  0.957  36.464 0.0000000000
64955  -31.971  -0.068  32.760 0.0000000000
49820  -18.874  -13.614  52.025 0.0000000000
52292  -21.315  -12.481  42.418 0.0000000000
49909  -23.009  -13.826  46.199 0.0000000000
48848  -25.397  -14.709  42.857 0.0000000000
47571  -24.401  -15.779  46.249 0.0000000000
49863  -24.507  -14.296  49.724 0.0000000000
48656  -25.913  -14.993  52.245 0.0000000000
47630  -8.104  -16.220  43.061 0.0000000000
48826  -9.786  -15.651  43.233 0.0000000000
48786  -9.434  -15.133  47.038 0.0000000000
66213  -37.466  0.161  33.003 0.0000000000
68464  -39.784  1.876  35.010 0.0000000000
69671  -42.539  2.947  36.412 0.0000000000
69708  -40.914  3.750  32.819 0.0000000000
79596  -47.298  12.611  23.905 0.0000000000
81664  -49.586  13.544  23.601 0.0000000000
80653  -51.449  13.762  23.126 0.0000000000
79636  -51.052  12.091  21.188 0.0000000000
81680  -53.503  13.897  22.410 0.0000000000
55875  -35.044  -9.009  39.786 0.0000000000
57014  -35.487  -8.374  39.113 0.0000000000
55888  -34.878  -8.725  38.704 0.0000000000
52327  -33.235  -11.790  39.778 0.0000000000
54648  -34.343  -10.445  39.749 0.0000000000
53427  -34.786  -10.396  41.320 0.0000000000
66209  -33.564  -0.416  33.193 0.0000000000
66154  -34.851  -0.095  34.988 0.0000000000
64958  -34.764  -0.784  32.768 0.0000000000
75113  -47.078  8.617  27.113 0.0000000000
76113  -46.671  8.985  29.287 0.0000000000
76114  -47.299  9.440  29.062 0.0000000000
77323  -48.303  10.332  28.397 0.0000000000
77335  -48.828  10.772  27.278 0.0000000000
47585  -7.169  -16.551  44.399 0.0000000000
46443  -6.765  -17.072  44.796 0.0000000000
47532  -7.509  -16.619  46.518 0.0000000000
63711  -33.878  -1.432  36.880 0.0000000000
63693  -34.628  -0.533  39.017 0.0000000000
63710  -32.537  -1.029  37.299 0.0000000000
64911  -31.708  -0.817  37.185 0.0000000000
63728  -31.264  -1.115  35.527 0.0000000000
52158  -15.128  -11.265  50.102 0.0000000000
49876  -21.365  -13.959  48.135 0.0000000000
47521  -21.068  -15.323  48.989 0.0000000000
46390  -22.392  -16.369  49.677 0.0000000000
45306  -23.099  -17.243  49.996 0.0000000000
47501  -23.196  -15.514  49.860 0.0000000000
49898  -30.890  -13.730  47.930 0.0000000000
48776  -29.754  -14.518  47.694 0.0000000000
51038  -30.042  -13.515  49.413 0.0000000000
50978  -29.619  -13.597  50.836 0.0000000000
51096  -14.348  -12.667  46.032 0.0000000000
52208  -14.396  -12.076  47.898 0.0000000000
52157  -14.386  -11.317  50.234 0.0000000000
68248  -37.220  2.467  47.139 0.0000000000
68554  -39.786  2.282  29.183 0.0000000000
68537  -38.716  2.527  30.428 0.0000000000
69760  -39.882  3.380  30.044 0.0000000000
55795  -37.849  -8.114  45.184 0.0000000000
56930  -38.123  -7.021  45.407 0.0000000000
56957  -37.953  -7.165  43.094 0.0000000000
59160  -36.301  -5.462  39.829 0.0000000000
60276  -35.846  -4.804  37.954 0.0000000000
62552  -35.585  -3.235  37.389 0.0000000000
51135  -16.474  -12.678  43.574 0.0000000000
52228  -17.080  -11.766  46.123 0.0000000000
52272  -17.282  -12.273  43.809 0.0000000000
53392  -18.882  -11.450  41.970 0.0000000000
53352  -19.032  -11.150  44.162 0.0000000000
53353  -19.483  -11.467  44.311 0.0000000000
52230  -19.977  -11.788  45.634 0.0000000000
53338  -19.998  -11.834  44.807 0.0000000000
51217  -27.841  -12.818  39.506 0.0000000000
51162  -31.989  -12.711  42.483 0.0000000000
51161  -30.750  -12.953  42.667 0.0000000000
51142  -31.549  -12.963  43.776 0.0000000000
49944  -31.674  -13.796  45.395 0.0000000000
51102  -33.281  -12.643  46.031 0.0000000000
51083  -32.988  -12.461  46.972 0.0000000000
52248  -34.006  -11.997  45.749 0.0000000000
53363  -37.066  -9.976  44.262 0.0000000000
53345  -36.248  -10.737  45.530 0.0000000000
54512  -37.138  -9.202  46.367 0.0000000000
55765  -36.845  -8.201  47.434 0.0000000000
49989  -15.099  -13.298  41.415 0.0000000000
68350  -34.927  1.741  40.508 0.0000000000
69581  -35.984  2.708  41.918 0.0000000000
68371  -35.845  1.759  39.768 0.0000000000
67278  -37.014  1.120  37.406 0.0000000000
69644  -38.040  2.442  38.667 0.0000000000
69645  -38.540  2.720  38.400 0.0000000000
69629  -39.585  3.557  38.678 0.0000000000
68411  -39.183  2.598  37.396 0.0000000000
72018  -43.387  5.329  28.366 0.0000000000
73009  -42.192  6.369  30.175 0.0000000000
74056  -43.241  6.567  29.646 0.0000000000
76051  -45.191  8.920  33.169 0.0000000000
70973  -41.625  4.260  26.190 0.0000000000
72071  -40.478  5.748  24.698 0.0000000000
73098  -42.588  6.668  24.098 0.0000000000
74112  -42.904  7.640  24.048 0.0000000000
74114  -44.507  7.552  24.676 0.0000000000
75146  -44.019  8.622  23.876 0.0000000000
76164  -44.255  9.402  23.749 0.0000000000
45369  -4.817  -18.091  44.522 0.0000000000
44231  -3.963  -19.285  46.937 0.0000000000
48646  -6.803  -15.040  52.695 0.0000000000
47472  -7.132  -16.135  50.633 0.0000000000
48645  -6.364  -15.421  53.085 0.0000000000
46351  -4.638  -17.243  52.323 0.0000000000
46337  -3.636  -17.706  52.900 0.0000000000
45284  -3.017  -18.842  51.170 0.0000000000
46326  -3.026  -18.019  52.995 0.0000000000
42984  -2.397  -19.288  52.682 0.0000000000
60209  -38.076  -4.223  44.238 0.0000000000
61350  -37.895  -3.200  45.865 0.0000000000
62503  -37.970  -2.430  44.014 0.0000000000
64873  -34.740  0.098  40.998 0.0000000000
64841  -37.084  -0.146  43.387 0.0000000000
66065  -35.633  0.555  42.977 0.0000000000
66049  -35.906  0.757  43.735 0.0000000000
66047  -34.852  1.237  42.571 0.0000000000
67198  -34.184  1.291  41.866 0.0000000000
66077  -32.878  0.409  41.058 0.0000000000
67303  -31.675  0.610  35.743 0.0000000000
67286  -32.106  0.968  36.529 0.0000000000
67327  -31.515  0.743  34.938 0.0000000000
66177  -32.272  -0.239  34.252 0.0000000000
66207  -31.628  -0.063  33.151 0.0000000000
52195  -18.385  -11.765  48.421 0.0000000000
52178  -18.179  -11.778  49.462 0.0000000000
51013  -19.094  -12.962  49.870 0.0000000000
51176  -22.134  -13.103  41.342 0.0000000000
52309  -21.192  -12.384  41.679 0.0000000000
51137  -21.966  -13.256  43.066 0.0000000000
51117  -21.764  -13.301  43.905 0.0000000000
49923  -22.996  -14.091  45.018 0.0000000000
49995  -27.308  -13.773  42.081 0.0000000000
49993  -25.666  -14.141  41.644 0.0000000000
49957  -26.590  -14.292  43.315 0.0000000000
47523  -27.061  -15.902  48.699 0.0000000000
47573  -26.356  -16.241  46.664 0.0000000000
47544  -25.524  -15.839  47.574 0.0000000000
48752  -24.401  -14.368  48.103 0.0000000000
49864  -25.142  -14.547  50.171 0.0000000000
49823  -24.867  -14.649  51.349 0.0000000000
49824  -25.799  -14.665  51.369 0.0000000000
53278  -33.660  -10.852  49.722 0.0000000000
48828  -11.327  -14.634  43.738 0.0000000000
48801  -10.784  -14.584  45.630 0.0000000000
48800  -10.261  -15.098  45.401 0.0000000000
53232  -12.493  -10.637  52.641 0.0000000000
65063  -35.889  -0.461  29.691 0.0000000000
66234  -36.805  -0.329  32.038 0.0000000000
66251  -36.868  0.037  31.139 0.0000000000
68498  -39.420  2.687  32.817 0.0000000000
68480  -39.065  1.945  33.270 0.0000000000
68465  -40.330  2.284  34.633 0.0000000000
68428  -40.717  2.627  36.263 0.0000000000
68447  -41.835  2.469  35.324 0.0000000000
72973  -41.086  6.455  33.051 0.0000000000
71939  -40.186  5.616  32.903 0.0000000000
71952  -41.458  5.379  32.804 0.0000000000
78513  -45.124  11.328  23.433 0.0000000000
79584  -46.511  11.978  24.227 0.0000000000
78514  -45.642  11.628  23.086 0.0000000000
78517  -47.350  12.366  22.417 0.0000000000
79611  -49.107  13.062  22.571 0.0000000000
81665  -50.387  13.698  23.657 0.0000000000
79612  -49.916  13.006  22.510 0.0000000000
78564  -51.444  11.513  19.779 0.0000000000
78563  -50.317  11.212  19.870 0.0000000000
79637  -51.790  12.303  20.698 0.0000000000
80675  -52.087  13.424  21.811 0.0000000000
80676  -53.002  13.562  21.452 0.0000000000
80690  -54.398  13.154  20.764 0.0000000000
78566  -54.987  11.420  19.737 0.0000000000
55833  -36.585  -9.174  42.136 0.0000000000
55849  -36.596  -7.980  41.723 0.0000000000
56987  -36.236  -7.909  41.107 0.0000000000
57015  -35.755  -7.428  39.210 0.0000000000
51154  -17.540  -12.605  42.129 0.0000000000
52341  -31.954  -12.238  39.020 0.0000000000
52311  -33.477  -12.199  40.632 0.0000000000
51164  -33.999  -11.978  42.813 0.0000000000
52277  -34.699  -11.861  43.312 0.0000000000
52296  -35.005  -11.300  42.715 0.0000000000
53404  -36.031  -10.392  42.567 0.0000000000
67289  -34.389  0.806  36.453 0.0000000000
68407  -35.321  1.224  37.857 0.0000000000
67290  -35.469  0.599  36.348 0.0000000000
67309  -36.266  0.267  35.671 0.0000000000
67310  -37.502  0.613  35.441 0.0000000000
73043  -45.155  6.670  27.749 0.0000000000
75076  -44.350  7.863  29.708 0.0000000000
75077  -45.457  8.234  29.415 0.0000000000
76094  -46.369  9.248  30.963 0.0000000000
79577  -49.663  12.409  26.445 0.0000000000
46442  -5.891  -17.509  45.281 0.0000000000
45345  -5.517  -17.709  46.768 0.0000000000
62527  -36.737  -2.245  40.557 0.0000000000
63678  -37.309  -1.604  41.879 0.0000000000
63686  -35.913  -1.081  40.096 0.0000000000
64886  -34.661  -0.115  40.076 0.0000000000
64885  -33.487  -0.112  40.095 0.0000000000
66088  -32.593  0.366  39.634 0.0000000000
64892  -32.204  -0.155  38.474 0.0000000000
66137  -31.590  -0.093  36.165 0.0000000000
66174  -30.599  -0.460  34.274 0.0000000000
51033  -19.502  -12.810  48.328 0.0000000000
49859  -19.398  -13.817  50.107 0.0000000000
48727  -20.170  -14.970  49.318 0.0000000000
46370  -21.004  -16.469  50.987 0.0000000000
45278  -23.666  -18.097  51.363 0.0000000000
51194  -22.483  -13.286  40.344 0.0000000000
49991  -23.394  -14.247  41.484 0.0000000000
49941  -29.251  -14.236  44.832 0.0000000000
48819  -27.897  -15.063  44.714 0.0000000000
48807  -28.965  -14.975  45.987 0.0000000000
47525  -28.626  -15.275  48.325 0.0000000000
48732  -27.710  -14.884  49.730 0.0000000000
49825  -26.976  -14.614  51.218 0.0000000000
49826  -28.306  -14.332  51.171 0.0000000000
49970  -12.807  -13.669  42.925 0.0000000000
49952  -12.430  -13.752  43.921 0.0000000000
51093  -12.130  -12.967  46.774 0.0000000000
51031  -11.635  -12.215  48.840 0.0000000000
52174  -12.998  -11.698  49.749 0.0000000000
66271  -37.387  0.724  29.232 0.0000000000
67369  -37.812  1.348  30.800 0.0000000000
67381  -38.310  1.977  30.587 0.0000000000
69734  -38.793  3.320  31.946 0.0000000000
69722  -39.552  3.559  32.481 0.0000000000
77422  -44.134  10.388  20.758 0.0000000000
77404  -45.429  11.220  21.984 0.0000000000
77423  -45.064  10.570  21.119 0.0000000000
78565  -52.298  11.723  19.440 0.0000000000
79649  -53.639  12.883  19.560 0.0000000000
78578  -53.507  12.054  18.557 0.0000000000
79669  -54.425  12.415  18.081 0.0000000000
47514  -8.891  -15.139  48.521 0.0000000000
47513  -8.189  -15.785  48.284 0.0000000000
59096  -37.386  -5.490  47.371 0.0000000000
57987  -37.435  -6.248  46.802 0.0000000000
59121  -37.950  -4.970  44.758 0.0000000000
60224  -37.683  -4.212  42.293 0.0000000000
58055  -36.715  -6.428  41.261 0.0000000000
59148  -37.085  -5.460  41.440 0.0000000000
61423  -36.846  -3.451  40.576 0.0000000000
61422  -36.443  -3.227  39.874 0.0000000000
62551  -35.101  -2.319  37.032 0.0000000000
52226  -15.639  -12.081  46.908 0.0000000000
53286  -16.799  -11.536  48.427 0.0000000000
52227  -16.560  -11.976  46.678 0.0000000000
53301  -17.678  -11.630  47.280 0.0000000000
52211  -18.691  -11.696  47.485 0.0000000000
52273  -17.914  -12.008  43.262 0.0000000000
53335  -18.794  -11.220  45.101 0.0000000000
52212  -19.374  -11.797  46.923 0.0000000000
51058  -19.859  -12.463  47.223 0.0000000000
51059  -20.703  -12.601  46.781 0.0000000000
51060  -21.663  -12.877  46.693 0.0000000000
51197  -27.256  -13.548  40.405 0.0000000000
51159  -28.291  -13.710  42.783 0.0000000000
51200  -30.505  -12.790  40.407 0.0000000000
51160  -29.572  -13.275  42.692 0.0000000000
51140  -29.252  -13.793  43.492 0.0000000000
49942  -30.122  -13.951  44.953 0.0000000000
49927  -31.389  -14.079  46.132 0.0000000000
51081  -31.791  -12.985  48.013 0.0000000000
52198  -32.383  -12.095  49.376 0.0000000000
52215  -32.559  -12.034  48.507 0.0000000000
52216  -33.355  -11.474  48.311 0.0000000000
53293  -34.514  -10.273  48.794 0.0000000000
52249  -34.950  -11.596  45.658 0.0000000000
53327  -35.034  -10.814  46.798 0.0000000000
54495  -35.307  -9.620  48.004 0.0000000000
55749  -36.172  -8.296  48.217 0.0000000000
49971  -13.786  -13.293  42.718 0.0000000000
68297  -35.387  2.607  43.949 0.0000000000
69557  -36.426  3.339  43.959 0.0000000000
70712  -37.551  3.952  42.840 0.0000000000
70727  -38.265  4.111  41.448 0.0000000000
68393  -36.727  1.802  38.983 0.0000000000
69615  -38.007  3.123  40.102 0.0000000000
69762  -41.246  3.524  29.235 0.0000000000
70893  -40.815  4.519  30.186 0.0000000000
71983  -41.107  5.487  30.395 0.0000000000
74030  -41.291  6.843  31.244 0.0000000000
74004  -41.586  7.098  32.806 0.0000000000
75052  -43.185  7.951  31.367 0.0000000000
75021  -43.093  8.036  32.942 0.0000000000
65060  -33.380  -1.439  29.761 0.0000000000
65009  -34.462  -0.842  31.301 0.0000000000
65061  -34.168  -0.997  29.492 0.0000000000
65089  -34.748  -0.881  28.672 0.0000000000
66284  -36.014  -0.469  28.319 0.0000000000
66302  -36.767  0.418  27.379 0.0000000000
66303  -37.542  0.919  27.540 0.0000000000
67424  -38.822  1.795  27.671 0.0000000000
68567  -39.753  2.325  28.021 0.0000000000
69801  -40.636  2.857  27.789 0.0000000000
69802  -41.561  3.459  27.512 0.0000000000
70956  -42.744  4.435  27.368 0.0000000000
72034  -43.475  4.936  27.488 0.0000000000
72072  -41.279  5.921  24.463 0.0000000000
72060  -43.462  5.710  25.304 0.0000000000
72048  -44.398  5.733  26.419 0.0000000000
73072  -45.338  6.735  26.524 0.0000000000
75123  -46.262  7.999  25.870 0.0000000000
76146  -46.544  8.895  25.385 0.0000000000
77347  -47.079  9.871  25.266 0.0000000000
76157  -46.408  9.812  24.838 0.0000000000
77371  -44.826  10.765  23.648 0.0000000000
77385  -43.849  10.291  22.155 0.0000000000
77402  -43.530  10.264  21.331 0.0000000000
47491  -7.266  -16.065  49.254 0.0000000000
46401  -5.950  -17.196  48.807 0.0000000000
46412  -5.466  -17.631  48.295 0.0000000000
47451  -5.383  -16.694  52.506 0.0000000000
46382  -5.089  -17.533  50.554 0.0000000000
45314  -4.276  -18.443  49.034 0.0000000000
45313  -3.739  -18.774  49.193 0.0000000000
44199  -2.863  -19.479  49.215 0.0000000000
43046  -1.744  -20.234  49.973 0.0000000000
43018  -1.234  -20.258  51.463 0.0000000000
67139  -36.262  1.936  46.914 0.0000000000
63617  -38.060  -1.427  46.204 0.0000000000
63660  -37.900  -1.667  43.453 0.0000000000
64829  -37.809  -0.738  44.720 0.0000000000
66018  -36.883  1.012  45.781 0.0000000000
66017  -36.305  1.726  45.802 0.0000000000
67158  -35.900  2.448  44.711 0.0000000000
68296  -34.950  2.219  43.505 0.0000000000
68321  -34.369  1.960  41.824 0.0000000000
68369  -33.745  1.387  39.098 0.0000000000
67240  -32.683  1.034  39.035 0.0000000000
68389  -32.957  1.469  38.268 0.0000000000
67259  -33.609  1.415  37.755 0.0000000000
67306  -33.661  0.390  35.857 0.0000000000
66178  -33.234  -0.420  34.236 0.0000000000
66232  -33.086  -0.261  32.779 0.0000000000
63737  -31.344  -1.492  34.578 0.0000000000
63753  -30.512  -1.407  33.646 0.0000000000
66204  -30.116  -0.889  33.144 0.0000000000
66229  -30.363  -0.379  32.792 0.0000000000
66249  -30.372  -0.559  32.236 0.0000000000
65005  -30.713  -0.733  31.834 0.0000000000
65006  -31.676  -0.893  31.613 0.0000000000
65034  -31.972  -1.450  30.588 0.0000000000
48676  -19.271  -14.407  51.707 0.0000000000
54616  -19.544  -10.985  40.339 0.0000000000
53441  -20.234  -11.438  40.583 0.0000000000
53395  -20.420  -11.938  42.659 0.0000000000
52258  -20.573  -12.362  44.238 0.0000000000
51079  -21.529  -12.937  45.727 0.0000000000
51037  -22.885  -13.498  47.339 0.0000000000
50031  -24.768  -14.024  39.986 0.0000000000
49992  -24.510  -14.488  41.669 0.0000000000
48846  -23.960  -14.711  42.510 0.0000000000
48804  -26.772  -15.629  44.879 0.0000000000
48816  -25.214  -15.491  44.066 0.0000000000
48814  -23.440  -14.636  44.144 0.0000000000
48792  -23.300  -14.611  45.848 0.0000000000
49896  -23.971  -13.925  47.726 0.0000000000
49844  -23.729  -14.377  49.876 0.0000000000
48678  -24.075  -14.743  50.806 0.0000000000
47442  -24.648  -15.328  51.861 0.0000000000
47629  -7.365  -16.483  42.943 0.0000000000
47586  -7.757  -16.056  44.786 0.0000000000
48842  -10.442  -15.246  42.483 0.0000000000
48840  -8.939  -15.631  41.425 0.0000000000
47631  -8.949  -16.146  43.241 0.0000000000
47587  -8.681  -15.951  45.079 0.0000000000
47534  -8.938  -15.478  47.519 0.0000000000
48718  -9.628  -14.132  49.131 0.0000000000
52154  -11.905  -11.360  50.613 0.0000000000
64959  -35.473  -0.674  32.671 0.0000000000
66182  -37.124  -0.081  34.086 0.0000000000
67331  -37.630  0.431  34.526 0.0000000000
67346  -37.937  1.022  32.630 0.0000000000
67332  -38.414  0.965  34.389 0.0000000000
67311  -38.731  1.494  35.747 0.0000000000
68427  -40.073  2.448  36.540 0.0000000000
70877  -39.602  4.767  31.557 0.0000000000
69723  -39.994  4.362  32.729 0.0000000000
68483  -41.103  2.803  33.402 0.0000000000
78478  -48.184  11.022  25.558 0.0000000000
79586  -48.384  12.079  25.110 0.0000000000
80640  -48.986  13.044  24.589 0.0000000000
79608  -46.744  12.556  23.050 0.0000000000
80649  -47.957  12.914  23.673 0.0000000000
80641  -50.050  13.587  24.860 0.0000000000
81646  -51.230  14.242  25.324 0.0000000000
81648  -52.463  14.446  24.670 0.0000000000
78530  -49.566  11.844  21.657 0.0000000000
80674  -51.362  13.218  22.081 0.0000000000
81667  -52.262  14.175  23.157 0.0000000000
79640  -54.620  12.277  21.054 0.0000000000
54670  -34.575  -9.440  38.922 0.0000000000
53470  -33.967  -10.820  39.436 0.0000000000
54669  -34.239  -10.170  39.060 0.0000000000
54649  -34.596  -9.873  39.722 0.0000000000
64978  -33.390  -0.569  32.441 0.0000000000
64957  -34.020  -0.581  32.802 0.0000000000
64979  -34.199  -0.850  32.160 0.0000000000
76133  -47.435  9.189  26.749 0.0000000000
75087  -47.244  8.959  28.317 0.0000000000
76121  -47.612  9.457  27.883 0.0000000000
47559  -7.375  -16.582  45.359 0.0000000000
63720  -31.795  -1.077  36.352 0.0000000000
63729  -32.038  -1.501  35.326 0.0000000000
53262  -15.950  -11.213  50.545 0.0000000000
52194  -15.932  -11.661  48.572 0.0000000000
49860  -22.298  -14.295  48.529 0.0000000000
48751  -21.683  -14.910  48.630 0.0000000000
48728  -22.586  -14.832  49.200 0.0000000000
48729  -23.279  -14.651  49.746 0.0000000000
49883  -30.858  -13.211  48.680 0.0000000000
51039  -30.424  -13.213  49.364 0.0000000000
51016  -30.440  -12.870  49.970 0.0000000000
52193  -15.014  -11.773  48.654 0.0000000000
68539  -40.018  2.851  29.587 0.0000000000
54527  -37.869  -8.657  44.631 0.0000000000
55808  -38.045  -8.293  44.289 0.0000000000
55821  -37.915  -8.300  43.312 0.0000000000
59205  -35.601  -5.514  37.550 0.0000000000
59192  -35.982  -5.504  38.336 0.0000000000
51136  -17.251  -12.602  43.080 0.0000000000
54577  -19.337  -11.446  42.095 0.0000000000
54557  -19.176  -11.441  43.144 0.0000000000
54558  -19.387  -11.475  43.684 0.0000000000
53354  -19.914  -11.811  44.330 0.0000000000
53371  -19.825  -11.715  43.582 0.0000000000
51143  -32.796  -12.881  43.610 0.0000000000
51121  -32.407  -13.275  45.058 0.0000000000
51122  -33.519  -12.682  44.752 0.0000000000
54544  -37.492  -9.522  43.899 0.0000000000
54526  -37.624  -9.234  44.977 0.0000000000
55794  -37.643  -8.694  45.763 0.0000000000
51172  -16.031  -13.190  41.709 0.0000000000
51152  -15.570  -13.127  42.639 0.0000000000
68370  -34.698  1.541  39.424 0.0000000000
67292  -37.856  1.361  36.749 0.0000000000
68409  -37.792  1.838  38.107 0.0000000000
68424  -38.405  1.948  37.267 0.0000000000
68410  -38.720  2.476  37.666 0.0000000000
68425  -38.891  2.278  37.055 0.0000000000
73041  -43.926  5.930  28.761 0.0000000000
73025  -43.446  6.208  29.310 0.0000000000
75036  -45.536  8.107  32.941 0.0000000000
72057  -40.159  4.990  25.241 0.0000000000
75132  -43.654  8.172  24.048 0.0000000000
75131  -43.065  8.303  23.899 0.0000000000
75145  -43.426  8.702  23.682 0.0000000000
45358  -5.061  -17.914  45.799 0.0000000000
44253  -4.542  -18.685  46.388 0.0000000000
44252  -4.073  -19.267  45.767 0.0000000000
44232  -4.423  -18.710  47.542 0.0000000000
48634  -6.526  -14.991  53.314 0.0000000000
45236  -3.406  -18.089  53.579 0.0000000000
61393  -37.782  -3.324  42.637 0.0000000000
61379  -37.901  -3.326  43.631 0.0000000000
64856  -34.091  0.151  41.480 0.0000000000
64857  -34.902  0.294  41.691 0.0000000000
66064  -35.145  0.749  42.342 0.0000000000
66063  -34.195  0.627  41.834 0.0000000000
66062  -33.458  0.751  41.590 0.0000000000
67326  -31.353  0.476  35.096 0.0000000000
66176  -31.547  -0.029  34.317 0.0000000000
52179  -18.597  -12.329  48.959 0.0000000000
49974  -22.761  -13.835  42.208 0.0000000000
49973  -22.254  -13.374  42.445 0.0000000000
49955  -22.385  -13.610  42.799 0.0000000000
51118  -22.250  -13.696  43.606 0.0000000000
49938  -22.757  -14.156  43.936 0.0000000000
51158  -27.617  -13.728  42.305 0.0000000000
49978  -27.159  -13.832  42.772 0.0000000000
49979  -27.671  -13.857  43.305 0.0000000000
47503  -26.581  -15.539  49.333 0.0000000000
47545  -26.656  -16.157  47.731 0.0000000000
47522  -26.021  -15.704  48.651 0.0000000000
48730  -25.753  -15.121  49.723 0.0000000000
48705  -25.713  -14.771  50.611 0.0000000000
48682  -26.115  -14.724  51.009 0.0000000000
53279  -34.362  -10.329  49.548 0.0000000000
51053  -10.980  -12.961  48.064 0.0000000000
65064  -36.497  -0.109  29.640 0.0000000000
65039  -36.308  -0.191  30.400 0.0000000000
66262  -36.924  0.235  30.315 0.0000000000
69706  -39.917  2.808  32.980 0.0000000000
68481  -39.539  2.049  33.682 0.0000000000
68446  -40.924  2.463  35.397 0.0000000000
68466  -41.064  2.481  34.451 0.0000000000
71942  -41.748  5.931  33.147 0.0000000000
71941  -41.092  5.734  33.048 0.0000000000
77387  -45.384  11.437  22.565 0.0000000000
79619  -48.600  12.451  22.307 0.0000000000
79620  -49.371  12.513  22.134 0.0000000000
79647  -52.285  12.167  20.037 0.0000000000
79623  -52.242  13.039  21.195 0.0000000000
80688  -53.253  13.275  20.611 0.0000000000
80677  -53.874  13.679  21.598 0.0000000000
80689  -53.813  13.399  20.380 0.0000000000
55848  -36.298  -8.802  41.686 0.0000000000
55862  -35.784  -8.768  40.667 0.0000000000
57028  -35.248  -7.928  38.364 0.0000000000
57029  -35.574  -6.996  38.207 0.0000000000
52328  -33.823  -11.592  40.262 0.0000000000
51184  -33.292  -12.402  41.342 0.0000000000
52294  -33.702  -12.009  41.465 0.0000000000
52295  -34.315  -11.465  42.076 0.0000000000
54604  -35.243  -9.922  41.424 0.0000000000
53403  -35.338  -10.612  42.185 0.0000000000
54584  -35.556  -9.904  41.886 0.0000000000
54585  -36.114  -9.741  42.300 0.0000000000
67276  -34.992  1.108  37.095 0.0000000000
67307  -34.624  0.268  35.764 0.0000000000
66180  -35.137  -0.428  34.234 0.0000000000
67308  -35.389  0.147  35.591 0.0000000000
66155  -35.741  -0.135  34.968 0.0000000000
66156  -36.684  0.050  34.879 0.0000000000
74070  -45.682  7.552  28.045 0.0000000000
74059  -45.521  7.773  28.814 0.0000000000
75085  -45.805  7.990  28.709 0.0000000000
76078  -46.633  9.361  32.154 0.0000000000
76079  -47.663  9.561  32.403 0.0000000000
78470  -49.771  12.090  27.352 0.0000000000
79568  -50.271  12.662  27.538 0.0000000000
46430  -6.848  -17.143  45.896 0.0000000000
45359  -5.612  -17.612  46.082 0.0000000000
62526  -36.425  -2.192  39.888 0.0000000000
63692  -33.874  -0.471  38.738 0.0000000000
64895  -34.042  -0.206  39.580 0.0000000000
64894  -33.509  -0.275  39.092 0.0000000000
64893  -32.670  -0.185  38.946 0.0000000000
64903  -32.602  -0.535  38.109 0.0000000000
64920  -31.342  -0.786  35.981 0.0000000000
64910  -31.241  -0.498  36.793 0.0000000000
66136  -31.270  -0.478  35.555 0.0000000000
66153  -31.379  0.058  35.289 0.0000000000
66152  -30.859  -0.366  34.974 0.0000000000
48749  -19.959  -14.379  48.952 0.0000000000
47478  -20.964  -16.291  50.156 0.0000000000
46392  -23.780  -16.669  49.986 0.0000000000
45293  -23.519  -17.621  50.531 0.0000000000
45294  -24.246  -17.506  50.947 0.0000000000
51212  -22.680  -13.202  39.082 0.0000000000
51195  -23.230  -13.924  40.630 0.0000000000
49925  -29.659  -14.618  45.734 0.0000000000
49924  -28.946  -14.715  45.300 0.0000000000
48796  -29.370  -14.895  46.766 0.0000000000
49881  -29.491  -14.345  48.950 0.0000000000
48775  -29.048  -15.058  47.804 0.0000000000
48755  -28.891  -14.825  48.900 0.0000000000
48754  -28.198  -14.973  49.300 0.0000000000
48733  -28.518  -14.572  49.728 0.0000000000
48708  -28.024  -14.533  50.208 0.0000000000
49850  -28.813  -14.213  50.421 0.0000000000
50966  -29.529  -13.673  51.255 0.0000000000
49953  -13.396  -13.165  43.892 0.0000000000
49937  -13.381  -13.138  44.679 0.0000000000
51076  -13.210  -12.372  46.971 0.0000000000
51056  -12.801  -12.227  47.460 0.0000000000
52206  -12.677  -11.977  48.487 0.0000000000
52191  -13.224  -11.885  48.940 0.0000000000
53261  -14.969  -10.991  50.877 0.0000000000
67393  -38.020  1.268  28.908 0.0000000000
67380  -37.919  1.350  29.871 0.0000000000
68523  -38.946  3.080  30.768 0.0000000000
68522  -38.435  2.816  31.224 0.0000000000
78576  -51.715  10.944  18.763 0.0000000000
78577  -52.872  11.662  18.798 0.0000000000
48716  -8.725  -14.646  49.785 0.0000000000
49768  -7.625  -13.541  53.383 0.0000000000
57986  -37.220  -6.394  47.635 0.0000000000
58016  -37.807  -6.017  44.740 0.0000000000
59130  -37.857  -5.191  43.862 0.0000000000
59139  -37.649  -5.359  42.689 0.0000000000
56988  -36.538  -7.323  41.381 0.0000000000
56970  -37.052  -7.320  41.971 0.0000000000
59161  -36.587  -5.410  40.499 0.0000000000
60252  -36.647  -4.218  40.317 0.0000000000
60236  -37.099  -4.378  41.027 0.0000000000
61435  -36.094  -3.529  38.901 0.0000000000
52244  -17.375  -11.836  45.383 0.0000000000
53318  -17.740  -11.568  46.251 0.0000000000
53302  -18.293  -11.651  46.948 0.0000000000
53336  -19.371  -11.273  44.999 0.0000000000
53320  -19.231  -11.385  45.908 0.0000000000
53303  -18.860  -11.540  46.680 0.0000000000
52231  -20.247  -12.162  45.518 0.0000000000
52214  -20.344  -12.204  46.037 0.0000000000
51035  -21.554  -13.204  47.473 0.0000000000
51179  -27.723  -13.621  41.551 0.0000000000
51180  -28.844  -13.063  41.643 0.0000000000
49961  -29.580  -13.903  44.231 0.0000000000
51119  -30.676  -13.768  44.609 0.0000000000
49928  -32.051  -13.574  46.182 0.0000000000
49913  -31.610  -13.466  47.216 0.0000000000
49914  -32.055  -13.099  46.783 0.0000000000
51082  -32.297  -12.687  47.510 0.0000000000
52234  -33.742  -11.809  47.131 0.0000000000
53307  -34.105  -10.959  48.123 0.0000000000
53326  -34.424  -11.072  47.320 0.0000000000
52261  -35.365  -11.806  44.428 0.0000000000
53329  -36.544  -10.016  46.192 0.0000000000
53344  -35.504  -10.919  45.964 0.0000000000
53328  -35.847  -10.223  46.649 0.0000000000
53309  -35.394  -10.084  47.446 0.0000000000
54482  -35.597  -8.984  48.450 0.0000000000
54496  -35.890  -9.285  47.569 0.0000000000
55778  -37.618  -8.046  46.364 0.0000000000
55750  -36.527  -7.751  48.053 0.0000000000
56896  -36.895  -7.248  47.902 0.0000000000
49972  -14.631  -13.267  42.306 0.0000000000
51115  -15.214  -12.748  44.741 0.0000000000
68309  -35.087  2.506  43.167 0.0000000000
69556  -35.641  2.901  43.548 0.0000000000
69567  -35.470  2.691  42.706 0.0000000000
69598  -36.159  2.533  41.294 0.0000000000
69582  -37.133  3.461  42.148 0.0000000000
70713  -38.064  4.183  42.238 0.0000000000
69600  -37.722  3.555  41.187 0.0000000000
69627  -38.187  2.760  39.146 0.0000000000
68373  -37.749  2.612  39.565 0.0000000000
70740  -38.336  3.872  40.750 0.0000000000
70741  -38.879  3.964  40.193 0.0000000000
70753  -39.221  3.778  39.606 0.0000000000
70755  -40.618  4.291  39.090 0.0000000000
70938  -41.971  3.882  28.623 0.0000000000
70914  -41.747  4.311  29.377 0.0000000000
71999  -41.645  5.350  29.872 0.0000000000
74031  -42.099  7.092  31.052 0.0000000000
74045  -41.838  6.702  30.664 0.0000000000
74012  -42.067  7.269  31.919 0.0000000000
75067  -44.616  8.575  30.606 0.0000000000
75066  -43.626  7.872  30.485 0.0000000000
75053  -43.861  8.570  31.535 0.0000000000
76049  -43.510  8.818  33.245 0.0000000000
41948  -0.941  -20.904  51.221 0.0000000000
41982  -0.987  -21.354  49.300 0.0000000000
40999  -0.974  -21.434  50.698 0.0000000000
65109  -34.559  -0.782  27.631 0.0000000000
65110  -35.180  -0.787  28.148 0.0000000000
66286  -37.405  0.730  28.278 0.0000000000
67423  -38.004  1.385  27.250 0.0000000000
67446  -38.331  1.900  26.969 0.0000000000
68566  -39.222  2.224  27.511 0.0000000000
68590  -38.901  2.341  27.025 0.0000000000
69824  -39.742  2.822  26.929 0.0000000000
69825  -40.764  3.240  26.876 0.0000000000
72045  -41.683  4.603  25.692 0.0000000000
70955  -42.071  3.940  26.976 0.0000000000
70974  -42.561  4.411  26.549 0.0000000000
70957  -43.221  4.661  26.979 0.0000000000
70975  -43.015  4.571  26.789 0.0000000000
73081  -43.020  6.105  24.671 0.0000000000
73070  -44.112  5.976  25.683 0.0000000000
73059  -44.975  6.186  27.015 0.0000000000
73071  -44.796  6.551  26.038 0.0000000000
75121  -45.210  8.088  24.808 0.0000000000
74101  -45.731  7.555  25.772 0.0000000000
75122  -45.723  8.276  25.150 0.0000000000
76145  -46.027  8.720  24.956 0.0000000000
76156  -45.699  9.110  24.527 0.0000000000
77370  -43.969  10.160  22.998 0.0000000000
43098  -3.483  -19.868  46.162 0.0000000000
47471  -6.379  -16.590  50.957 0.0000000000
47490  -6.604  -16.485  50.011 0.0000000000
46383  -5.853  -16.980  49.994 0.0000000000
47434  -5.894  -16.052  52.990 0.0000000000
45271  -4.388  -17.484  51.709 0.0000000000
46364  -4.889  -17.352  51.483 0.0000000000
45299  -4.478  -18.213  50.162 0.0000000000
45298  -3.799  -18.638  49.838 0.0000000000
44172  -2.749  -18.914  51.341 0.0000000000
44188  -2.632  -19.231  50.547 0.0000000000
43047  -2.266  -19.892  49.648 0.0000000000
43034  -2.065  -19.857  50.244 0.0000000000
43033  -1.639  -20.079  50.768 0.0000000000
43019  -1.683  -19.702  51.587 0.0000000000
42985  -2.874  -19.463  53.012 0.0000000000
67117  -36.790  1.927  47.078 0.0000000000
65981  -37.000  1.603  46.949 0.0000000000
59097  -37.523  -5.299  46.536 0.0000000000
60174  -37.528  -4.857  47.853 0.0000000000
62486  -38.170  -2.190  45.849 0.0000000000
62470  -38.012  -2.438  46.649 0.0000000000
63677  -36.785  -1.255  41.379 0.0000000000
63670  -37.475  -1.294  42.453 0.0000000000
63669  -37.068  -0.981  42.044 0.0000000000
64828  -37.359  -0.095  44.307 0.0000000000
64813  -37.771  -0.667  45.623 0.0000000000
66036  -37.483  -0.161  45.099 0.0000000000
66019  -37.441  0.175  45.767 0.0000000000
66035  -36.999  0.407  44.991 0.0000000000
66033  -35.621  1.391  44.042 0.0000000000
66034  -36.341  1.112  44.751 0.0000000000
67173  -36.000  1.815  44.797 0.0000000000
67172  -35.421  2.132  44.148 0.0000000000
67184  -34.780  1.785  43.181 0.0000000000
67211  -33.286  1.096  41.271 0.0000000000
67212  -33.789  1.585  41.335 0.0000000000
68349  -33.929  1.663  40.069 0.0000000000
68348  -33.199  1.403  39.624 0.0000000000
66100  -32.057  0.126  39.074 0.0000000000
67239  -32.502  0.591  39.298 0.0000000000
67256  -32.188  0.502  38.257 0.0000000000
67273  -32.616  1.126  37.247 0.0000000000
67258  -33.015  1.435  37.809 0.0000000000
67274  -33.235  1.185  37.174 0.0000000000
67288  -33.467  0.924  36.474 0.0000000000
67305  -32.780  0.685  35.756 0.0000000000
66208  -32.611  -0.159  33.233 0.0000000000
64977  -32.422  -0.322  32.354 0.0000000000
63765  -29.733  -1.634  32.874 0.0000000000
66228  -29.799  -0.935  32.871 0.0000000000
65004  -29.908  -1.102  31.599 0.0000000000
53273  -17.338  -11.511  49.185 0.0000000000
53264  -17.749  -11.509  49.737 0.0000000000
50994  -18.478  -12.803  51.268 0.0000000000
48701  -19.557  -14.385  50.705 0.0000000000
52308  -20.688  -12.029  41.296 0.0000000000
52291  -20.776  -12.149  42.333 0.0000000000
52274  -20.589  -12.112  42.973 0.0000000000
53373  -20.419  -12.169  43.865 0.0000000000
52275  -20.903  -12.385  43.318 0.0000000000
51080  -22.333  -13.507  45.505 0.0000000000
51099  -21.602  -13.278  44.782 0.0000000000
51061  -22.479  -13.327  46.609 0.0000000000
50032  -25.581  -13.932  39.946 0.0000000000
49977  -26.065  -14.174  42.632 0.0000000000
49976  -25.215  -14.514  42.282 0.0000000000
49975  -24.624  -14.682  42.252 0.0000000000
48847  -24.704  -14.877  42.713 0.0000000000
48818  -27.155  -15.061  44.399 0.0000000000
48805  -27.389  -15.678  45.411 0.0000000000
47572  -25.397  -16.089  46.440 0.0000000000
47619  -25.753  -16.024  44.945 0.0000000000
47597  -24.577  -15.742  45.118 0.0000000000
48815  -24.214  -15.304  44.344 0.0000000000
48803  -23.759  -15.408  45.475 0.0000000000
48802  -23.425  -14.878  44.946 0.0000000000
48793  -23.694  -15.100  46.431 0.0000000000
49879  -24.387  -14.002  48.722 0.0000000000
49862  -23.887  -13.995  49.309 0.0000000000
49845  -24.171  -14.369  50.135 0.0000000000
49797  -24.914  -14.757  51.799 0.0000000000
48680  -24.659  -14.769  51.709 0.0000000000
47443  -25.505  -15.899  51.904 0.0000000000
49800  -27.739  -14.423  51.874 0.0000000000
48658  -27.650  -14.709  52.286 0.0000000000
47607  -7.581  -16.267  43.833 0.0000000000
47608  -8.334  -15.962  44.046 0.0000000000
49969  -11.972  -14.141  43.057 0.0000000000
48844  -11.853  -14.451  42.494 0.0000000000
49968  -11.616  -14.445  43.354 0.0000000000
48827  -10.676  -15.076  43.547 0.0000000000
48841  -9.563  -15.675  42.033 0.0000000000
47648  -9.316  -16.008  42.637 0.0000000000
47562  -9.798  -15.292  45.890 0.0000000000
47588  -9.540  -15.548  45.216 0.0000000000
47561  -9.126  -15.602  46.294 0.0000000000
48766  -9.529  -14.743  47.772 0.0000000000
52173  -12.209  -11.685  49.915 0.0000000000
52189  -11.804  -11.896  49.466 0.0000000000
53258  -12.388  -10.982  51.147 0.0000000000
71738  -37.978  4.598  45.527 0.0000000000
64980  -35.007  -0.789  32.018 0.0000000000
65010  -35.245  -0.512  31.222 0.0000000000
66183  -37.776  0.437  33.896 0.0000000000
67370  -38.118  2.009  31.477 0.0000000000
67358  -37.784  1.247  31.710 0.0000000000
67348  -39.065  1.438  33.999 0.0000000000
67333  -39.195  1.574  34.705 0.0000000000
67312  -39.355  1.721  35.381 0.0000000000
68444  -39.592  1.928  36.020 0.0000000000
68429  -41.444  2.668  36.066 0.0000000000
69670  -41.322  2.995  36.856 0.0000000000
69648  -42.062  3.465  37.560 0.0000000000
71982  -40.382  5.581  30.936 0.0000000000
70892  -40.006  4.691  30.858 0.0000000000
71981  -39.908  5.345  31.380 0.0000000000
70852  -40.424  4.810  32.921 0.0000000000
70865  -39.924  4.870  32.944 0.0000000000
69707  -40.360  3.493  32.847 0.0000000000
77361  -46.725  10.585  24.926 0.0000000000
77362  -47.336  10.450  25.216 0.0000000000
79585  -47.211  12.031  24.361 0.0000000000
80639  -47.943  12.600  24.294 0.0000000000
80631  -49.237  12.627  25.510 0.0000000000
78526  -46.251  11.653  22.328 0.0000000000
78516  -46.784  12.254  22.541 0.0000000000
80663  -48.114  13.032  23.113 0.0000000000
80650  -48.826  13.327  23.647 0.0000000000
81654  -49.515  13.531  24.157 0.0000000000
80642  -50.689  13.987  24.906 0.0000000000
81655  -50.243  13.760  24.258 0.0000000000
80652  -50.731  13.596  23.320 0.0000000000
81656  -51.117  14.217  24.448 0.0000000000
81657  -51.992  14.598  24.140 0.0000000000
81658  -52.873  14.386  23.883 0.0000000000
78549  -51.016  11.629  20.550 0.0000000000
78548  -50.193  11.415  21.020 0.0000000000
78547  -49.007  11.053  21.137 0.0000000000
79621  -50.490  12.527  21.890 0.0000000000
81679  -52.917  13.970  22.338 0.0000000000
81678  -52.410  13.946  22.572 0.0000000000
81668  -53.164  14.259  23.019 0.0000000000
81659  -53.407  14.064  23.438 0.0000000000
80654  -53.643  13.536  23.209 0.0000000000
80696  -54.124  13.076  19.460 0.0000000000
80697  -54.457  13.163  19.775 0.0000000000
79650  -54.777  12.695  19.998 0.0000000000
55861  -35.285  -9.282  40.478 0.0000000000
52342  -32.800  -11.758  38.998 0.0000000000
53469  -33.460  -11.309  39.131 0.0000000000
53448  -33.809  -11.360  39.746 0.0000000000
53449  -34.188  -10.920  40.305 0.0000000000
53426  -34.338  -10.869  41.211 0.0000000000
53450  -34.527  -10.462  40.733 0.0000000000
54627  -34.906  -9.845  40.574 0.0000000000
66179  -34.215  -0.429  34.227 0.0000000000
66211  -35.400  -0.647  33.422 0.0000000000
75099  -46.738  8.308  27.499 0.0000000000
77302  -48.909  10.585  30.532 0.0000000000
77313  -48.941  10.943  29.378 0.0000000000
77314  -49.675  11.509  29.087 0.0000000000
77324  -49.294  11.201  28.263 0.0000000000
78469  -49.350  11.499  27.283 0.0000000000
46453  -6.688  -16.953  43.916 0.0000000000
46414  -6.804  -17.022  47.129 0.0000000000
63701  -34.835  -1.376  37.751 0.0000000000
63700  -33.501  -0.791  38.175 0.0000000000
63699  -32.845  -0.826  37.894 0.0000000000
64912  -32.194  -0.644  37.593 0.0000000000
63727  -30.948  -1.094  35.307 0.0000000000
48750  -20.692  -14.718  48.632 0.0000000000
47500  -21.778  -15.830  49.384 0.0000000000
46372  -22.357  -16.968  49.912 0.0000000000
46391  -23.030  -16.562  49.783 0.0000000000
47502  -23.562  -16.033  50.027 0.0000000000
49897  -30.363  -14.204  47.636 0.0000000000
49882  -30.076  -13.906  48.751 0.0000000000
49866  -29.833  -13.682  49.452 0.0000000000
51014  -29.398  -13.798  50.136 0.0000000000
51015  -29.817  -13.404  49.880 0.0000000000
50996  -29.964  -13.329  50.489 0.0000000000
52224  -13.896  -12.213  47.274 0.0000000000
52192  -14.087  -11.860  48.747 0.0000000000
52176  -14.681  -11.556  49.462 0.0000000000
67410  -39.351  1.854  28.845 0.0000000000
67395  -39.330  2.134  29.426 0.0000000000
68538  -39.342  2.749  29.982 0.0000000000
69745  -39.492  3.765  30.845 0.0000000000
55779  -37.905  -7.577  45.835 0.0000000000
56912  -37.791  -7.032  46.295 0.0000000000
56944  -38.139  -7.313  44.215 0.0000000000
58042  -37.743  -6.392  42.746 0.0000000000
58068  -36.039  -6.350  39.956 0.0000000000
58069  -36.360  -6.291  40.645 0.0000000000
59176  -36.229  -5.492  39.200 0.0000000000
60264  -36.076  -4.627  38.665 0.0000000000
61448  -35.816  -3.865  37.943 0.0000000000
51116  -16.079  -12.541  44.600 0.0000000000
52243  -16.585  -12.246  45.570 0.0000000000
52256  -16.944  -12.239  44.580 0.0000000000
52257  -17.709  -11.885  44.442 0.0000000000
53369  -18.734  -11.500  43.126 0.0000000000
53370  -18.962  -11.312  43.625 0.0000000000
53321  -19.647  -11.515  45.497 0.0000000000
53337  -19.798  -11.623  44.990 0.0000000000
52245  -20.018  -11.833  45.160 0.0000000000
52246  -20.222  -12.164  44.917 0.0000000000
51183  -32.500  -12.650  41.045 0.0000000000
51182  -31.222  -12.918  41.401 0.0000000000
51120  -31.288  -13.567  44.612 0.0000000000
52279  -36.348  -10.976  43.836 0.0000000000
52262  -36.133  -11.302  44.475 0.0000000000
53362  -36.616  -10.629  44.457 0.0000000000
53346  -36.979  -10.075  45.344 0.0000000000
54497  -36.500  -9.002  47.214 0.0000000000
51134  -15.394  -12.833  43.791 0.0000000000
68334  -35.111  2.284  41.506 0.0000000000
69580  -35.308  2.534  42.141 0.0000000000
68351  -36.057  2.264  40.773 0.0000000000
69628  -38.943  3.353  39.060 0.0000000000
69646  -39.608  3.204  37.844 0.0000000000
72017  -42.704  5.222  28.790 0.0000000000
72000  -42.179  5.269  29.390 0.0000000000
73024  -42.741  6.021  29.577 0.0000000000
74046  -42.851  7.063  30.274 0.0000000000
76062  -44.814  9.147  32.682 0.0000000000
76076  -44.472  9.071  31.816 0.0000000000
80626  -52.069  13.908  25.943 0.0000000000
67422  -37.336  1.071  26.871 0.0000000000
70986  -39.821  3.976  25.720 0.0000000000
70972  -40.764  3.849  26.293 0.0000000000
70987  -40.854  4.455  25.731 0.0000000000
70988  -41.386  4.563  25.685 0.0000000000
72058  -41.426  5.061  25.153 0.0000000000
74111  -42.287  7.226  23.748 0.0000000000
73099  -43.290  6.833  24.326 0.0000000000
74099  -44.337  7.122  24.899 0.0000000000
74113  -43.913  7.419  24.390 0.0000000000
75133  -44.686  8.316  24.338 0.0000000000
76155  -44.922  9.228  24.180 0.0000000000
76163  -43.184  9.233  23.084 0.0000000000
48668  -7.421  -15.306  52.000 0.0000000000
47453  -6.889  -15.986  51.828 0.0000000000
47452  -5.988  -16.487  52.029 0.0000000000
47433  -5.142  -16.687  53.135 0.0000000000
46338  -4.334  -17.320  53.217 0.0000000000
45270  -3.798  -17.746  51.909 0.0000000000
45285  -3.617  -18.547  50.887 0.0000000000
45255  -3.372  -18.026  52.429 0.0000000000
45269  -3.073  -18.579  51.790 0.0000000000
45254  -2.859  -18.474  52.395 0.0000000000
44156  -2.414  -18.863  52.535 0.0000000000
45246  -2.800  -18.410  52.868 0.0000000000
44147  -3.436  -18.729  53.401 0.0000000000
60198  -38.039  -4.202  45.301 0.0000000000
61365  -38.005  -3.290  44.684 0.0000000000
64874  -35.805  -0.326  41.170 0.0000000000
64859  -36.833  -0.474  42.374 0.0000000000
64858  -35.806  0.087  42.242 0.0000000000
64840  -36.282  0.209  43.150 0.0000000000
66048  -35.358  1.052  43.190 0.0000000000
67197  -33.488  1.045  41.672 0.0000000000
67285  -31.797  0.491  36.735 0.0000000000
67272  -32.214  0.765  37.391 0.0000000000
67304  -32.098  1.019  35.653 0.0000000000
67328  -32.185  0.574  34.910 0.0000000000
64954  -31.691  -0.071  32.764 0.0000000000
53274  -17.956  -11.442  48.834 0.0000000000
52161  -18.423  -12.298  50.062 0.0000000000
49843  -19.012  -13.718  50.946 0.0000000000
47459  -20.083  -15.771  51.871 0.0000000000
52325  -21.872  -12.841  40.344 0.0000000000
52324  -21.201  -12.416  40.510 0.0000000000
51175  -21.626  -12.702  41.433 0.0000000000
51156  -21.848  -12.910  42.199 0.0000000000
52293  -21.537  -12.727  42.910 0.0000000000
52276  -21.508  -12.851  43.464 0.0000000000
51100  -22.277  -13.676  44.479 0.0000000000
50015  -26.881  -13.866  40.943 0.0000000000
50014  -26.263  -13.926  40.649 0.0000000000
49994  -26.771  -13.863  41.688 0.0000000000
47574  -27.457  -15.965  46.697 0.0000000000
47600  -26.905  -16.117  46.029 0.0000000000
47543  -24.815  -15.693  47.107 0.0000000000
48773  -24.238  -14.962  47.392 0.0000000000
48774  -24.822  -15.427  47.680 0.0000000000
49880  -24.952  -14.490  49.391 0.0000000000
49846  -24.682  -14.519  50.533 0.0000000000
49847  -25.286  -14.598  50.884 0.0000000000
49935  -11.739  -14.028  44.829 0.0000000000
48813  -11.459  -14.412  44.258 0.0000000000
48812  -10.969  -14.728  44.627 0.0000000000
48811  -10.111  -15.375  44.381 0.0000000000
48787  -10.124  -14.686  46.559 0.0000000000
48767  -10.154  -14.147  47.568 0.0000000000
53233  -13.335  -10.543  52.550 0.0000000000
53244  -12.861  -10.791  51.843 0.0000000000
65038  -35.508  -0.346  30.413 0.0000000000
65011  -36.098  -0.348  31.196 0.0000000000
66235  -37.440  0.425  31.913 0.0000000000
68497  -38.897  2.253  32.860 0.0000000000
68445  -40.277  2.186  35.663 0.0000000000
72981  -40.446  6.265  32.474 0.0000000000
72980  -40.161  5.946  32.371 0.0000000000
72972  -40.597  6.242  32.770 0.0000000000
71940  -40.412  5.807  32.881 0.0000000000
70853  -41.104  4.695  32.783 0.0000000000
78489  -45.817  11.277  24.450 0.0000000000
78490  -46.352  11.466  24.545 0.0000000000
78501  -45.564  11.522  23.979 0.0000000000
79594  -45.985  11.884  23.500 0.0000000000
79595  -46.491  12.234  23.762 0.0000000000
79610  -48.162  12.754  22.640 0.0000000000
80664  -48.964  13.437  23.054 0.0000000000
81676  -49.524  13.486  23.265 0.0000000000
80665  -49.923  13.442  23.089 0.0000000000
78575  -50.505  10.831  18.912 0.0000000000
79622  -51.544  12.766  21.520 0.0000000000
81686  -53.310  13.799  21.969 0.0000000000
79651  -55.097  12.202  19.318 0.0000000000
79641  -54.823  12.031  20.162 0.0000000000
55820  -37.542  -8.933  42.965 0.0000000000
55834  -37.153  -8.626  42.303 0.0000000000
57001  -35.907  -7.608  40.284 0.0000000000
55876  -35.627  -8.254  39.806 0.0000000000
58086  -35.930  -6.342  38.812 0.0000000000
52307  -17.978  -11.585  40.636 0.0000000000
53417  -18.882  -11.231  41.271 0.0000000000
54596  -19.178  -11.176  41.107 0.0000000000
51220  -30.978  -12.440  39.283 0.0000000000
51221  -31.651  -12.508  39.611 0.0000000000
51202  -32.163  -12.424  39.945 0.0000000000
52326  -32.598  -12.117  39.574 0.0000000000
52310  -32.804  -12.282  40.160 0.0000000000
51163  -33.296  -12.325  42.298 0.0000000000
53402  -34.654  -10.812  41.704 0.0000000000
53380  -36.013  -10.762  42.725 0.0000000000
53381  -36.528  -10.338  43.258 0.0000000000
54564  -36.613  -9.750  42.776 0.0000000000
67275  -34.108  1.249  37.233 0.0000000000
68406  -34.696  1.301  37.594 0.0000000000
67277  -35.982  0.910  37.263 0.0000000000
67291  -36.711  0.740  36.504 0.0000000000
74069  -44.803  6.836  28.488 0.0000000000
74058  -45.000  7.478  29.014 0.0000000000
75078  -46.194  8.818  29.610 0.0000000000
75068  -45.597  9.001  30.246 0.0000000000
76093  -45.175  9.086  31.119 0.0000000000
76077  -45.536  9.167  31.959 0.0000000000
76063  -45.808  9.104  32.705 0.0000000000
78443  -49.886  11.679  29.346 0.0000000000
80623  -50.321  13.081  26.762 0.0000000000
46452  -6.129  -17.379  44.066 0.0000000000
46451  -5.370  -17.644  44.241 0.0000000000
46441  -5.196  -17.659  44.974 0.0000000000
61408  -37.258  -3.147  41.217 0.0000000000
62518  -37.541  -2.305  41.892 0.0000000000
62517  -37.160  -2.217  41.206 0.0000000000
63687  -36.501  -1.524  40.656 0.0000000000
63676  -36.187  -0.873  40.871 0.0000000000
63685  -35.170  -0.423  39.677 0.0000000000
64887  -35.354  -0.223  40.535 0.0000000000
64872  -33.823  -0.012  40.895 0.0000000000
66090  -33.073  -0.129  40.859 0.0000000000
66101  -32.514  -0.010  39.546 0.0000000000
66108  -31.785  0.126  37.761 0.0000000000
64902  -32.014  -0.259  37.792 0.0000000000
64901  -31.542  -0.279  37.360 0.0000000000
66122  -31.423  0.099  37.099 0.0000000000
66175  -31.059  0.007  34.491 0.0000000000
49874  -19.590  -13.704  49.203 0.0000000000
48726  -19.761  -14.375  49.762 0.0000000000
48702  -19.954  -15.103  50.261 0.0000000000
47499  -20.602  -15.660  49.631 0.0000000000
47477  -20.444  -15.831  50.904 0.0000000000
46357  -20.713  -16.358  51.971 0.0000000000
45292  -22.364  -17.520  50.564 0.0000000000
52339  -21.941  -12.760  39.693 0.0000000000
51177  -22.703  -13.608  41.322 0.0000000000
48862  -23.256  -14.194  42.073 0.0000000000
49960  -28.839  -13.979  44.119 0.0000000000
49940  -28.448  -14.496  44.623 0.0000000000
48806  -28.341  -15.191  45.498 0.0000000000
48795  -28.488  -15.450  46.707 0.0000000000
47575  -28.016  -15.786  47.248 0.0000000000
47546  -27.650  -15.970  47.843 0.0000000000
47504  -27.361  -15.413  49.344 0.0000000000
49848  -27.150  -14.684  50.746 0.0000000000
49849  -27.773  -14.495  50.714 0.0000000000
49827  -29.095  -13.950  50.917 0.0000000000
49801  -29.016  -13.944  51.632 0.0000000000
48643  -28.862  -14.375  52.251 0.0000000000
49936  -12.733  -13.235  44.987 0.0000000000
49922  -12.639  -13.214  45.778 0.0000000000
51074  -11.867  -12.728  47.352 0.0000000000
51054  -11.414  -12.718  47.970 0.0000000000
51032  -12.218  -12.000  48.572 0.0000000000
52190  -12.394  -11.909  49.132 0.0000000000
52175  -13.831  -11.627  49.581 0.0000000000
52156  -13.552  -11.395  50.374 0.0000000000
53259  -13.224  -11.050  51.099 0.0000000000
66263  -37.429  0.749  30.129 0.0000000000
68511  -38.408  2.635  32.123 0.0000000000
69721  -39.038  2.879  32.391 0.0000000000
77403  -44.489  10.573  21.692 0.0000000000
77424  -45.783  10.866  21.319 0.0000000000
79648  -52.972  12.426  19.648 0.0000000000
79639  -53.320  13.022  20.134 0.0000000000
79659  -53.426  12.386  19.061 0.0000000000
79660  -54.008  12.628  18.791 0.0000000000
78585  -53.320  11.550  18.290 0.0000000000
79661  -54.735  12.781  18.888 0.0000000000
47492  -8.260  -15.199  49.400 0.0000000000
49787  -7.320  -14.293  52.916 0.0000000000
58001  -37.692  -6.132  45.897 0.0000000000
59108  -37.804  -5.154  45.611 0.0000000000
60216  -37.792  -4.279  43.228 0.0000000000
55835  -37.569  -7.692  42.595 0.0000000000
56971  -37.569  -6.966  42.467 0.0000000000
58041  -37.345  -6.207  42.057 0.0000000000
59138  -37.379  -5.469  41.998 0.0000000000
60223  -37.419  -4.828  41.828 0.0000000000
60237  -37.513  -4.012  41.598 0.0000000000
62535  -36.250  -2.303  39.164 0.0000000000
62543  -35.923  -2.514  37.972 0.0000000000
63702  -35.481  -1.795  37.979 0.0000000000
63712  -34.644  -1.645  37.086 0.0000000000
62550  -34.557  -1.779  36.777 0.0000000000
53300  -17.017  -11.589  47.495 0.0000000000
53317  -17.233  -11.746  46.765 0.0000000000
53288  -18.145  -11.480  47.888 0.0000000000
53351  -18.428  -11.515  44.240 0.0000000000
53319  -18.520  -11.421  46.027 0.0000000000
51057  -19.387  -12.245  47.568 0.0000000000
51034  -20.535  -13.135  47.683 0.0000000000
52213  -19.949  -12.092  46.384 0.0000000000
51242  -27.470  -12.699  38.507 0.0000000000
51216  -26.998  -13.263  39.311 0.0000000000
51178  -27.177  -13.777  41.133 0.0000000000
51219  -29.905  -12.616  39.465 0.0000000000
51199  -29.399  -12.825  40.524 0.0000000000
51181  -30.037  -12.956  41.563 0.0000000000
51139  -28.601  -13.891  43.551 0.0000000000
49926  -30.576  -14.412  45.907 0.0000000000
49943  -31.011  -14.110  45.171 0.0000000000
49912  -30.897  -14.202  46.959 0.0000000000
49899  -31.363  -13.227  48.208 0.0000000000
49884  -31.243  -12.920  48.646 0.0000000000
51063  -31.928  -12.556  48.460 0.0000000000
52233  -33.020  -12.120  47.729 0.0000000000
52199  -32.998  -11.295  49.140 0.0000000000
53292  -33.698  -10.698  48.946 0.0000000000
52260  -34.471  -12.247  44.583 0.0000000000
52250  -35.703  -11.402  45.274 0.0000000000
53308  -34.773  -10.286  47.872 0.0000000000
54469  -35.551  -9.007  49.191 0.0000000000
55764  -36.296  -8.678  47.627 0.0000000000
49987  -13.157  -14.027  41.914 0.0000000000
49954  -14.013  -12.961  43.430 0.0000000000
51151  -14.611  -12.929  43.127 0.0000000000
51133  -14.408  -12.953  44.081 0.0000000000
52241  -15.129  -12.369  46.311 0.0000000000
69546  -36.243  3.213  44.812 0.0000000000
69568  -36.170  3.196  42.918 0.0000000000
69569  -36.917  3.619  43.188 0.0000000000
70697  -37.463  4.045  43.513 0.0000000000
70698  -38.216  4.509  43.099 0.0000000000
68392  -35.558  1.480  38.747 0.0000000000
68372  -36.995  2.386  39.898 0.0000000000
68394  -37.579  2.344  39.044 0.0000000000
69614  -37.184  2.690  40.395 0.0000000000
70754  -39.775  3.897  39.211 0.0000000000
69782  -40.895  2.933  28.776 0.0000000000
69761  -40.599  3.401  29.651 0.0000000000
70913  -41.115  3.922  29.629 0.0000000000
73008  -41.559  6.139  30.374 0.0000000000
73007  -40.935  6.281  30.830 0.0000000000
72994  -40.502  6.366  31.617 0.0000000000
74011  -41.054  6.773  32.203 0.0000000000
72974  -41.789  6.608  33.144 0.0000000000
75075  -43.818  7.570  29.831 0.0000000000
75065  -43.009  7.689  30.786 0.0000000000
75034  -43.603  8.854  32.160 0.0000000000
75033  -43.233  8.294  32.327 0.0000000000
75032  -42.761  7.627  32.246 0.0000000000
74005  -42.445  7.378  33.003 0.0000000000
41983  -1.424  -20.760  49.632 0.0000000000
65035  -33.016  -1.396  30.639 0.0000000000
65036  -33.878  -0.992  30.505 0.0000000000
65062  -35.059  -0.464  29.553 0.0000000000
65091  -36.214  -0.404  29.187 0.0000000000
66285  -36.593  -0.085  28.648 0.0000000000
66301  -35.620  -0.411  27.633 0.0000000000
67408  -38.186  1.102  28.002 0.0000000000
67409  -38.793  1.481  28.540 0.0000000000
67425  -39.196  1.838  28.248 0.0000000000
68568  -40.421  2.653  28.373 0.0000000000
69800  -40.049  2.664  27.569 0.0000000000
69783  -41.523  3.413  28.504 0.0000000000
69784  -41.993  3.726  28.140 0.0000000000
69826  -41.385  3.697  26.744 0.0000000000
69803  -42.198  3.924  27.677 0.0000000000
70939  -42.396  4.333  28.403 0.0000000000
72033  -42.916  4.878  28.066 0.0000000000
72019  -44.012  5.409  28.028 0.0000000000
73080  -42.111  5.891  24.527 0.0000000000
72059  -42.645  5.348  25.253 0.0000000000
72047  -43.454  4.976  26.278 0.0000000000
72035  -44.269  5.402  27.213 0.0000000000
73042  -44.598  6.036  28.036 0.0000000000
73060  -45.574  6.877  27.158 0.0000000000
74083  -46.020  7.356  27.107 0.0000000000
74090  -45.322  7.107  26.012 0.0000000000
74091  -45.798  7.222  26.456 0.0000000000
74092  -46.276  7.674  26.553 0.0000000000
75112  -46.749  8.404  26.552 0.0000000000
76132  -47.029  8.943  26.102 0.0000000000
76147  -47.214  9.422  25.852 0.0000000000
77359  -45.059  10.037  24.200 0.0000000000
77372  -45.257  10.791  24.137 0.0000000000
47512  -7.398  -16.345  47.771 0.0000000000
46402  -6.586  -16.699  48.308 0.0000000000
46413  -5.961  -17.340  47.629 0.0000000000
45326  -4.897  -18.187  48.161 0.0000000000
48633  -6.385  -15.318  53.620 0.0000000000
46352  -5.322  -17.019  51.932 0.0000000000
46400  -5.201  -17.783  49.295 0.0000000000
44213  -4.307  -18.609  48.280 0.0000000000
44212  -3.634  -19.154  48.382 0.0000000000
44189  -3.340  -18.848  50.208 0.0000000000
44200  -3.327  -18.999  49.561 0.0000000000
41967  -1.393  -20.468  50.212 0.0000000000
43032  -1.172  -20.546  50.987 0.0000000000
41932  -1.054  -20.495  51.865 0.0000000000
43001  -1.892  -19.505  52.222 0.0000000000
43000  -1.326  -19.971  51.982 0.0000000000
67118  -37.766  1.802  47.314 0.0000000000
61309  -37.704  -4.450  48.171 0.0000000000
62509  -37.840  -2.386  42.987 0.0000000000
63650  -38.002  -1.552  44.346 0.0000000000
64860  -37.356  -0.607  42.916 0.0000000000
64842  -37.738  -0.774  43.612 0.0000000000
63635  -38.008  -1.475  45.312 0.0000000000
65999  -37.468  0.610  46.504 0.0000000000
65998  -36.687  1.609  46.629 0.0000000000
65997  -36.279  1.827  46.399 0.0000000000
67138  -36.070  1.869  46.349 0.0000000000
68285  -35.969  2.694  44.774 0.0000000000
68308  -34.616  2.054  42.702 0.0000000000
68333  -34.122  1.927  41.000 0.0000000000
67224  -32.885  0.797  40.059 0.0000000000
67257  -32.573  1.203  38.124 0.0000000000
68368  -33.045  1.399  38.759 0.0000000000
68390  -33.420  1.456  38.329 0.0000000000
67329  -32.890  -0.073  35.221 0.0000000000
66233  -33.343  -0.374  32.800 0.0000000000
63738  -32.112  -2.027  34.357 0.0000000000
63736  -30.857  -1.148  34.877 0.0000000000
64937  -30.520  -0.828  34.560 0.0000000000
64952  -30.086  -1.146  33.159 0.0000000000
64953  -30.327  -0.828  33.740 0.0000000000
66205  -30.463  -0.467  33.517 0.0000000000
66248  -29.978  -0.727  32.240 0.0000000000
66230  -30.913  -0.312  32.574 0.0000000000
66231  -31.328  -0.141  32.701 0.0000000000
64976  -31.480  -0.283  32.442 0.0000000000
65033  -30.854  -1.426  30.586 0.0000000000
65007  -32.665  -0.964  31.545 0.0000000000
53272  -16.492  -11.475  49.447 0.0000000000
53263  -17.095  -11.384  50.417 0.0000000000
52160  -17.844  -11.910  50.750 0.0000000000
54615  -18.879  -10.714  40.213 0.0000000000
54597  -19.683  -11.392  41.614 0.0000000000
53394  -20.055  -11.685  42.529 0.0000000000
53372  -20.277  -11.991  43.482 0.0000000000
53355  -20.149  -12.037  44.327 0.0000000000
52232  -20.690  -12.520  45.431 0.0000000000
52259  -21.216  -12.792  44.095 0.0000000000
52247  -20.881  -12.745  44.870 0.0000000000
51036  -22.416  -13.370  47.385 0.0000000000
50013  -25.168  -14.102  40.779 0.0000000000
50012  -24.139  -14.317  40.627 0.0000000000
48863  -23.653  -14.445  42.034 0.0000000000
48845  -23.266  -14.263  42.532 0.0000000000
49958  -27.247  -14.184  43.743 0.0000000000
48833  -26.627  -14.753  43.840 0.0000000000
48832  -25.873  -14.845  43.482 0.0000000000
47599  -26.275  -16.117  45.467 0.0000000000
48817  -26.158  -15.529  44.404 0.0000000000
48831  -24.909  -15.226  43.343 0.0000000000
48830  -24.073  -14.849  43.393 0.0000000000
48829  -23.356  -14.429  43.265 0.0000000000
49910  -23.470  -14.329  46.879 0.0000000000
49895  -23.194  -13.692  47.195 0.0000000000
49878  -23.347  -13.575  48.145 0.0000000000
49861  -23.113  -14.117  49.005 0.0000000000
48703  -23.773  -14.886  50.523 0.0000000000
47480  -24.106  -15.612  50.661 0.0000000000
49822  -24.318  -14.652  50.790 0.0000000000
47460  -24.375  -15.274  51.642 0.0000000000
47481  -24.536  -16.271  50.910 0.0000000000
49799  -26.431  -14.557  51.900 0.0000000000
47628  -6.823  -16.759  42.933 0.0000000000
47560  -8.082  -16.153  45.852 0.0000000000
48843  -11.355  -14.739  42.797 0.0000000000
47647  -8.703  -16.125  42.068 0.0000000000
47609  -9.242  -15.821  44.212 0.0000000000
48741  -9.347  -14.546  48.783 0.0000000000
53243  -12.003  -10.908  51.901 0.0000000000
64981  -35.842  -0.601  32.029 0.0000000000
66212  -36.349  -0.451  33.076 0.0000000000
66157  -37.252  0.252  34.746 0.0000000000
66252  -37.403  0.655  31.000 0.0000000000
67347  -38.721  1.498  33.293 0.0000000000
66214  -38.102  0.796  33.432 0.0000000000
68443  -39.044  2.066  36.464 0.0000000000
68426  -39.478  2.461  36.941 0.0000000000
69668  -39.893  2.757  37.115 0.0000000000
69669  -40.411  2.897  37.068 0.0000000000
69746  -40.172  3.936  30.355 0.0000000000
71965  -39.878  5.574  32.049 0.0000000000
70864  -39.730  4.823  32.463 0.0000000000
77348  -47.881  10.290  25.883 0.0000000000
78479  -48.781  11.407  26.185 0.0000000000
78491  -47.568  11.144  25.043 0.0000000000
78492  -48.273  11.401  25.411 0.0000000000
79576  -49.015  12.178  25.801 0.0000000000
80632  -49.996  13.233  25.764 0.0000000000
78525  -45.812  11.573  22.555 0.0000000000
78515  -46.302  11.926  22.806 0.0000000000
80648  -47.164  12.691  23.459 0.0000000000
79609  -47.404  12.725  22.774 0.0000000000
80662  -47.450  12.852  23.159 0.0000000000
80633  -50.689  13.862  25.589 0.0000000000
81640  -51.233  14.015  25.928 0.0000000000
80634  -51.988  14.263  25.778 0.0000000000
80635  -52.382  14.114  25.350 0.0000000000
78529  -48.701  11.772  21.867 0.0000000000
80666  -50.833  13.320  22.691 0.0000000000
80667  -51.866  13.698  22.537 0.0000000000
44146  -2.707  -18.820  53.138 0.0000000000
44187  -2.009  -19.459  51.184 0.0000000000
45247  -3.078  -18.286  53.222 0.0000000000
45256  -3.647  -17.733  52.497 0.0000000000
45268  -2.703  -18.677  51.950 0.0000000000
45305  -22.689  -17.149  49.955 0.0000000000
45327  -5.379  -17.802  47.582 0.0000000000
46335  -3.008  -18.254  52.838 0.0000000000
46336  -3.240  -18.073  52.830 0.0000000000
46350  -3.957  -17.547  52.595 0.0000000000
46384  -6.416  -16.634  49.263 0.0000000000
46465  -6.685  -16.929  43.372 0.0000000000
47435  -6.392  -15.816  52.579 0.0000000000
47441  -24.361  -15.203  51.971 0.0000000000
47461  -24.757  -16.019  51.425 0.0000000000
47479  -23.694  -15.265  50.374 0.0000000000
47505  -27.836  -15.187  49.307 0.0000000000
47520  -20.626  -15.191  49.098 0.0000000000
47524  -28.046  -15.481  48.745 0.0000000000
47547  -28.374  -15.593  47.786 0.0000000000
47598  -25.249  -16.053  45.478 0.0000000000
47606  -7.022  -16.650  43.601 0.0000000000
47617  -24.796  -15.650  44.526 0.0000000000
47618  -25.283  -15.818  44.715 0.0000000000
48642  -28.270  -14.661  52.320 0.0000000000
48647  -7.525  -14.692  52.322 0.0000000000
48654  -24.278  -15.010  52.031 0.0000000000
48655  -24.869  -14.971  52.041 0.0000000000
48679  -24.217  -14.876  51.356 0.0000000000
48681  -25.702  -14.655  51.013 0.0000000000
48704  -23.993  -15.064  50.914 0.0000000000
48706  -26.538  -14.892  50.572 0.0000000000
48707  -27.328  -14.740  50.334 0.0000000000
48753  -24.885  -15.063  48.497 0.0000000000
48756  -29.476  -14.535  48.428 0.0000000000
48861  -11.768  -14.721  41.933 0.0000000000
49779  -28.543  -14.321  52.035 0.0000000000
49798  -25.425  -14.718  51.848 0.0000000000
49821  -23.992  -14.543  50.471 0.0000000000
49893  -11.031  -13.275  47.627 0.0000000000
49908  -11.575  -13.205  46.991 0.0000000000
49939  -27.777  -14.517  44.221 0.0000000000
50995  -29.486  -13.688  50.479 0.0000000000
51041  -32.040  -12.289  48.901 0.0000000000
51055  -12.255  -12.183  47.921 0.0000000000
51062  -31.513  -12.814  48.503 0.0000000000
51075  -12.490  -12.539  47.129 0.0000000000
51077  -13.919  -12.453  46.689 0.0000000000
51138  -22.301  -13.641  43.147 0.0000000000
51155  -21.515  -12.582  41.948 0.0000000000
51157  -22.332  -13.350  41.909 0.0000000000
51193  -21.859  -12.874  40.804 0.0000000000
52323  -20.640  -11.938  40.701 0.0000000000
53382  -37.010  -9.815  43.635 0.0000000000
53393  -19.041  -11.329  41.655 0.0000000000
54481  -35.171  -9.671  48.652 0.0000000000
54537  -19.131  -11.307  43.805 0.0000000000
54538  -19.240  -11.307  44.044 0.0000000000
54556  -19.078  -11.444  42.529 0.0000000000
54565  -37.118  -9.480  43.069 0.0000000000
54566  -37.685  -9.102  43.438 0.0000000000
54576  -19.131  -11.441  42.211 0.0000000000
54586  -36.736  -9.390  42.489 0.0000000000
54626  -34.530  -10.327  40.217 0.0000000000
54628  -35.409  -9.474  40.918 0.0000000000
60188  -37.338  -4.583  47.145 0.0000000000
61291  -37.830  -4.628  48.387 0.0000000000
62542  -35.380  -1.958  37.651 0.0000000000
63709  -31.928  -1.084  37.001 0.0000000000
63719  -31.408  -1.034  35.993 0.0000000000
63752  -30.126  -1.384  33.175 0.0000000000
63811  -33.627  -1.554  29.075 0.0000000000
64884  -32.939  -0.130  39.615 0.0000000000
64919  -31.185  -0.728  35.656 0.0000000000
64921  -31.353  -0.948  36.639 0.0000000000
64928  -31.080  -0.980  35.702 0.0000000000
64956  -33.665  -0.488  32.809 0.0000000000
64975  -31.027  -0.430  32.302 0.0000000000
65090  -35.688  -0.593  28.737 0.0000000000
66089  -32.709  0.047  40.200 0.0000000000
66109  -31.944  0.073  38.306 0.0000000000
66210  -34.509  -0.619  33.460 0.0000000000
66250  -30.849  -0.368  32.065 0.0000000000
67159  -36.096  2.321  45.326 0.0000000000
67171  -34.968  2.052  43.649 0.0000000000
67223  -32.640  0.602  39.680 0.0000000000
67255  -31.993  0.268  37.831 0.0000000000
68335  -35.786  2.439  41.387 0.0000000000
68352  -36.773  2.536  40.527 0.0000000000
68591  -39.405  2.433  27.367 0.0000000000
69533  -36.059  2.959  44.891 0.0000000000
69545  -35.834  2.974  44.364 0.0000000000
69583  -37.804  3.813  41.753 0.0000000000
69744  -38.958  3.405  31.333 0.0000000000
70660  -37.618  4.316  45.334 0.0000000000
70851  -40.048  5.356  32.926 0.0000000000
70894  -41.335  4.907  29.980 0.0000000000
71950  -40.143  5.727  32.694 0.0000000000
71951  -40.388  6.045  32.734 0.0000000000
72993  -40.111  6.005  31.958 0.0000000000
73023  -42.051  5.852  29.871 0.0000000000
73040  -43.258  5.708  28.988 0.0000000000
73083  -44.427  6.708  25.342 0.0000000000
74003  -40.907  6.570  32.688 0.0000000000
74013  -42.817  7.686  31.821 0.0000000000
74044  -41.341  6.569  30.755 0.0000000000
74047  -43.524  7.405  29.952 0.0000000000
74057  -43.911  6.961  29.342 0.0000000000
74084  -46.363  7.832  27.271 0.0000000000
74100  -44.977  7.464  25.221 0.0000000000
74102  -46.074  7.555  26.131 0.0000000000
75020  -42.616  7.538  32.613 0.0000000000
75054  -44.390  8.798  31.291 0.0000000000
75100  -47.208  8.746  27.695 0.0000000000
76060  -43.124  8.852  32.915 0.0000000000
76061  -43.779  9.063  32.629 0.0000000000
76075  -44.012  9.000  31.980 0.0000000000
77349  -48.472  10.588  26.579 0.0000000000
77439  -53.014  11.231  18.313 0.0000000000
78463  -49.940  12.264  28.106 0.0000000000
78500  -45.134  11.253  23.694 0.0000000000
78502  -46.156  11.909  24.182 0.0000000000
79607  -46.271  12.031  23.228 0.0000000000
80651  -50.332  13.560  23.375 0.0000000000
80668  -52.488  13.753  22.170 0.0000000000
80702  -54.329  12.899  19.107 0.0000000000
81641  -51.622  14.246  25.724 0.0000000000
81647  -51.877  14.523  25.127 0.0000000000
81666  -51.332  14.083  23.642 0.0000000000
81669  -53.599  13.912  22.940 0.0000000000
81677  -49.814  13.513  23.398 0.0000000000
81685  -53.080  13.796  21.939 0.0000000000
