#!ascii label  , from subject sub.01.bl.01.long.sub.01.base.03 vox2ras=TkReg
1187
101712  -48.998  35.667  12.735 0.0000000000
115569  -40.095  54.608  9.115 0.0000000000
104757  -38.726  39.654  13.510 0.0000000000
107062  -46.404  42.808  9.225 0.0000000000
113527  -43.727  51.613  4.167 0.0000000000
112142  -44.355  49.439  10.218 0.0000000000
109962  -44.659  46.732  6.476 0.0000000000
107077  -40.357  42.575  8.588 0.0000000000
98075  -44.114  31.767  22.412 0.0000000000
100790  -46.533  34.609  20.043 0.0000000000
114230  -33.337  51.633  4.206 0.0000000000
114956  -38.609  53.457  1.289 0.0000000000
114270  -43.577  52.467  -1.458 0.0000000000
102516  -44.249  36.661  13.170 0.0000000000
110718  -39.125  48.032  10.281 0.0000000000
107023  -44.958  42.562  13.873 0.0000000000
104103  -47.416  37.972  7.573 0.0000000000
104866  -44.554  39.049  2.737 0.0000000000
104123  -40.557  38.908  5.009 0.0000000000
101755  -47.113  35.800  9.331 0.0000000000
111540  -45.643  48.617  1.202 0.0000000000
112174  -45.671  49.271  4.254 0.0000000000
110019  -45.491  46.788  2.532 0.0000000000
110761  -42.357  47.065  5.605 0.0000000000
99870  -46.031  33.171  22.518 0.0000000000
99867  -44.158  33.418  23.713 0.0000000000
114905  -31.828  52.773  6.276 0.0000000000
114974  -41.185  53.715  -0.208 0.0000000000
101674  -41.866  34.819  14.930 0.0000000000
103294  -40.809  37.519  13.607 0.0000000000
115548  -36.434  54.851  10.877 0.0000000000
114166  -39.762  52.729  11.056 0.0000000000
110727  -46.320  46.749  10.645 0.0000000000
110697  -45.061  47.044  12.519 0.0000000000
107770  -47.165  43.788  11.723 0.0000000000
105570  -45.746  40.842  10.138 0.0000000000
106380  -47.741  41.434  7.658 0.0000000000
104125  -47.138  38.431  4.500 0.0000000000
105615  -45.423  40.368  7.216 0.0000000000
106405  -40.235  41.302  5.239 0.0000000000
115592  -42.442  54.715  6.581 0.0000000000
114184  -41.743  52.860  10.343 0.0000000000
112158  -42.657  50.369  6.662 0.0000000000
111484  -45.394  48.246  7.078 0.0000000000
108492  -44.328  45.465  9.149 0.0000000000
107060  -43.911  42.735  9.488 0.0000000000
109174  -42.523  45.083  8.241 0.0000000000
109184  -40.221  45.862  7.934 0.0000000000
99037  -46.067  32.250  19.317 0.0000000000
99935  -47.981  33.431  18.554 0.0000000000
102477  -48.755  36.203  16.144 0.0000000000
114878  -31.228  53.172  8.939 0.0000000000
113479  -33.761  51.636  8.556 0.0000000000
113491  -37.158  51.474  7.308 0.0000000000
114906  -39.371  53.661  4.901 0.0000000000
114932  -41.365  53.690  3.588 0.0000000000
112869  -42.592  50.848  0.530 0.0000000000
111577  -44.445  48.300  -1.501 0.0000000000
113600  -44.519  51.513  -3.521 0.0000000000
100802  -43.249  33.594  18.969 0.0000000000
101658  -45.657  35.161  16.662 0.0000000000
103300  -48.232  37.267  13.610 0.0000000000
108454  -39.405  44.065  11.880 0.0000000000
112134  -42.651  50.169  11.389 0.0000000000
108468  -42.483  44.717  11.551 0.0000000000
106310  -41.868  41.414  13.276 0.0000000000
104767  -43.492  39.546  12.465 0.0000000000
103320  -45.935  37.805  10.928 0.0000000000
102564  -49.293  36.277  9.733 0.0000000000
102618  -47.873  35.987  6.026 0.0000000000
102628  -45.037  37.073  3.419 0.0000000000
103430  -42.058  37.688  0.866 0.0000000000
105627  -42.587  40.019  6.098 0.0000000000
104864  -42.173  40.118  2.735 0.0000000000
104154  -39.880  37.820  1.825 0.0000000000
101706  -48.962  35.519  13.845 0.0000000000
101710  -47.452  35.413  12.508 0.0000000000
101734  -48.219  35.541  10.645 0.0000000000
111567  -45.803  47.653  0.108 0.0000000000
110829  -46.327  47.280  1.913 0.0000000000
110044  -45.718  46.552  0.719 0.0000000000
110828  -44.203  47.205  1.999 0.0000000000
104047  -39.740  38.737  13.723 0.0000000000
115550  -38.012  55.248  10.212 0.0000000000
109161  -46.449  45.208  10.523 0.0000000000
109163  -47.082  45.004  11.379 0.0000000000
107775  -47.162  43.899  10.705 0.0000000000
107064  -47.255  42.538  9.651 0.0000000000
107080  -47.168  42.383  8.435 0.0000000000
105617  -47.209  41.367  6.712 0.0000000000
106346  -46.440  42.366  8.717 0.0000000000
114921  -43.280  53.150  5.193 0.0000000000
114216  -42.906  52.929  6.325 0.0000000000
113512  -43.974  51.155  5.010 0.0000000000
110784  -45.871  47.644  4.798 0.0000000000
111488  -45.398  48.391  5.841 0.0000000000
110744  -45.587  47.769  6.843 0.0000000000
109933  -45.466  47.220  8.751 0.0000000000
109944  -44.614  46.529  7.701 0.0000000000
109176  -44.040  45.531  8.527 0.0000000000
109943  -43.859  46.311  7.227 0.0000000000
109959  -41.727  46.658  6.622 0.0000000000
100769  -46.423  34.034  21.621 0.0000000000
99033  -47.346  33.530  20.922 0.0000000000
100791  -47.262  34.517  19.714 0.0000000000
100824  -48.622  34.862  17.711 0.0000000000
101636  -47.243  35.294  18.378 0.0000000000
113515  -32.787  51.556  5.525 0.0000000000
113495  -32.584  51.758  7.316 0.0000000000
113497  -34.012  50.759  6.610 0.0000000000
113481  -35.881  51.492  8.326 0.0000000000
113508  -35.373  50.914  5.857 0.0000000000
114928  -37.234  53.406  2.869 0.0000000000
114234  -38.141  53.226  4.375 0.0000000000
114930  -39.052  54.132  3.281 0.0000000000
115612  -40.541  54.365  4.336 0.0000000000
114945  -40.051  54.089  2.769 0.0000000000
114975  -42.465  53.445  -0.664 0.0000000000
114265  -41.883  52.229  0.688 0.0000000000
113559  -42.833  51.638  -0.370 0.0000000000
112252  -43.696  49.519  -0.981 0.0000000000
112899  -43.672  50.504  -1.432 0.0000000000
112262  -44.215  49.275  -2.566 0.0000000000
113589  -44.347  51.476  -2.634 0.0000000000
99910  -38.780  33.462  19.695 0.0000000000
99881  -38.434  33.522  21.485 0.0000000000
99911  -39.853  33.241  19.720 0.0000000000
99913  -42.036  33.135  20.156 0.0000000000
99934  -41.197  33.628  18.363 0.0000000000
101691  -43.437  35.527  14.240 0.0000000000
100850  -43.569  34.504  16.061 0.0000000000
101692  -44.639  35.661  14.507 0.0000000000
101694  -46.833  36.448  14.848 0.0000000000
102518  -46.335  36.667  13.235 0.0000000000
109918  -38.347  47.075  10.509 0.0000000000
108463  -37.544  45.002  11.625 0.0000000000
109903  -39.658  46.219  10.827 0.0000000000
112140  -42.771  50.513  9.596 0.0000000000
112781  -42.723  51.101  11.441 0.0000000000
112761  -43.897  50.115  11.989 0.0000000000
108457  -45.051  44.742  13.321 0.0000000000
109155  -44.088  45.664  12.098 0.0000000000
108455  -43.325  43.905  12.381 0.0000000000
107758  -42.362  43.128  12.359 0.0000000000
107021  -43.052  41.979  13.539 0.0000000000
105537  -42.360  40.443  13.558 0.0000000000
105539  -43.902  41.112  12.993 0.0000000000
104804  -46.267  39.825  8.599 0.0000000000
104084  -45.709  38.981  9.513 0.0000000000
103337  -47.020  37.621  9.548 0.0000000000
103338  -47.969  37.274  10.352 0.0000000000
103357  -47.927  37.423  7.868 0.0000000000
102590  -48.756  36.063  8.225 0.0000000000
103372  -48.427  36.445  6.544 0.0000000000
104135  -46.183  38.336  3.328 0.0000000000
102654  -46.996  36.855  2.576 0.0000000000
103433  -45.537  37.667  1.111 0.0000000000
103418  -43.830  37.722  1.745 0.0000000000
104166  -43.573  38.470  0.654 0.0000000000
107058  -41.958  42.647  9.276 0.0000000000
106360  -42.792  40.937  8.835 0.0000000000
106377  -41.224  40.926  7.528 0.0000000000
104841  -40.660  39.970  4.702 0.0000000000
106417  -41.452  40.789  3.994 0.0000000000
104133  -40.710  39.123  3.812 0.0000000000
104155  -40.653  38.474  1.739 0.0000000000
104143  -39.797  37.960  2.726 0.0000000000
103400  -38.472  36.842  3.093 0.0000000000
99950  -49.199  33.329  15.937 0.0000000000
102561  -45.067  36.417  8.906 0.0000000000
112201  -44.519  49.855  2.416 0.0000000000
112827  -45.248  50.493  3.672 0.0000000000
112187  -46.402  48.978  2.909 0.0000000000
110801  -46.228  47.730  3.327 0.0000000000
109994  -45.697  46.978  4.341 0.0000000000
109978  -43.930  46.588  5.252 0.0000000000
109992  -43.878  46.813  4.286 0.0000000000
99012  -45.064  32.429  23.119 0.0000000000
99002  -45.074  32.541  24.233 0.0000000000
100779  -45.253  33.808  21.559 0.0000000000
114925  -31.562  52.922  3.734 0.0000000000
114964  -39.352  53.419  0.477 0.0000000000
115654  -43.301  54.620  -1.639 0.0000000000
114985  -43.854  54.033  -2.383 0.0000000000
100833  -40.564  34.234  16.677 0.0000000000
101689  -41.517  35.597  14.408 0.0000000000
102515  -43.090  36.482  13.407 0.0000000000
112131  -39.501  50.065  10.458 0.0000000000
111471  -45.312  48.345  10.785 0.0000000000
112116  -44.681  48.565  11.623 0.0000000000
110709  -45.878  47.108  11.980 0.0000000000
109140  -46.336  45.317  13.058 0.0000000000
107036  -46.231  43.174  12.990 0.0000000000
106312  -44.904  41.790  12.779 0.0000000000
106317  -46.485  42.281  11.178 0.0000000000
105584  -47.304  41.392  8.697 0.0000000000
104814  -47.277  40.279  7.529 0.0000000000
104117  -47.678  37.844  5.829 0.0000000000
105641  -47.315  39.874  5.843 0.0000000000
104834  -46.534  40.188  5.858 0.0000000000
104844  -44.934  38.966  4.913 0.0000000000
106376  -40.454  41.603  7.044 0.0000000000
106295  -37.509  41.701  13.009 0.0000000000
115581  -41.766  54.929  7.663 0.0000000000
115564  -41.191  55.202  9.552 0.0000000000
114894  -41.822  53.916  8.028 0.0000000000
112802  -41.821  51.484  7.719 0.0000000000
112147  -43.199  49.593  8.766 0.0000000000
112164  -44.836  49.290  5.287 0.0000000000
112160  -44.314  49.084  6.370 0.0000000000
111474  -44.879  48.880  9.020 0.0000000000
110731  -45.621  47.724  9.069 0.0000000000
109928  -45.925  46.717  9.732 0.0000000000
108481  -45.439  45.042  10.151 0.0000000000
107061  -45.134  42.900  9.515 0.0000000000
108479  -43.792  44.186  9.403 0.0000000000
107798  -43.219  44.166  9.091 0.0000000000
108489  -41.926  44.375  8.717 0.0000000000
109942  -43.002  46.180  7.065 0.0000000000
109185  -41.239  45.726  7.820 0.0000000000
99025  -46.275  32.711  21.435 0.0000000000
99045  -47.560  33.109  19.044 0.0000000000
99050  -48.632  33.060  17.485 0.0000000000
99951  -49.263  34.065  16.450 0.0000000000
101663  -49.150  35.466  16.107 0.0000000000
102507  -49.404  36.545  15.003 0.0000000000
114848  -31.701  53.394  10.385 0.0000000000
114193  -32.507  52.420  8.653 0.0000000000
114863  -33.293  53.621  10.316 0.0000000000
114179  -35.011  53.148  9.689 0.0000000000
114181  -37.273  52.973  9.278 0.0000000000
114881  -38.825  53.234  8.853 0.0000000000
114243  -34.950  52.213  3.624 0.0000000000
114221  -36.976  52.046  5.173 0.0000000000
114214  -38.431  52.407  6.203 0.0000000000
114892  -40.240  53.583  7.433 0.0000000000
115597  -41.334  54.534  6.266 0.0000000000
115607  -42.001  54.362  4.887 0.0000000000
114247  -42.308  52.590  3.801 0.0000000000
114959  -41.207  52.958  2.053 0.0000000000
114260  -41.571  52.205  2.443 0.0000000000
112837  -42.964  50.698  2.591 0.0000000000
112232  -44.062  49.334  1.169 0.0000000000
111566  -44.983  48.271  -0.287 0.0000000000
111585  -44.349  47.981  -2.604 0.0000000000
112271  -44.248  49.156  -3.642 0.0000000000
114293  -44.390  52.592  -3.672 0.0000000000
99915  -44.059  33.632  20.626 0.0000000000
100803  -44.577  33.893  19.515 0.0000000000
100835  -43.015  33.928  16.925 0.0000000000
100836  -44.241  34.296  17.090 0.0000000000
100822  -46.071  34.788  18.051 0.0000000000
101660  -47.453  36.176  16.449 0.0000000000
102486  -48.301  36.961  15.418 0.0000000000
103313  -49.458  37.012  13.505 0.0000000000
106306  -38.518  42.060  12.667 0.0000000000
114155  -41.268  53.279  11.296 0.0000000000
112780  -41.368  51.303  11.177 0.0000000000
111467  -41.136  49.173  10.579 0.0000000000
111453  -43.748  48.922  11.597 0.0000000000
110721  -42.422  47.771  10.764 0.0000000000
109904  -40.697  46.209  10.802 0.0000000000
107766  -40.728  43.793  11.707 0.0000000000
107031  -40.253  42.359  12.370 0.0000000000
106298  -40.448  40.920  13.187 0.0000000000
104760  -41.501  39.537  13.639 0.0000000000
104050  -42.390  38.647  13.212 0.0000000000
103297  -43.743  37.608  12.676 0.0000000000
105555  -44.420  40.174  11.779 0.0000000000
104059  -44.483  38.639  11.563 0.0000000000
102524  -45.487  37.227  12.356 0.0000000000
103310  -47.079  37.216  12.345 0.0000000000
103323  -48.843  37.117  12.085 0.0000000000
102546  -49.483  36.203  11.325 0.0000000000
101773  -48.843  35.730  9.073 0.0000000000
101785  -47.620  35.766  7.620 0.0000000000
102601  -46.028  36.422  6.189 0.0000000000
103394  -47.807  36.989  4.187 0.0000000000
102630  -46.767  36.423  4.201 0.0000000000
102615  -44.720  37.067  4.795 0.0000000000
103380  -43.384  37.436  4.471 0.0000000000
103390  -41.511  37.172  3.038 0.0000000000
105597  -44.812  40.516  8.143 0.0000000000
104821  -43.611  39.478  6.463 0.0000000000
104843  -43.685  39.480  4.599 0.0000000000
106406  -41.498  41.250  5.088 0.0000000000
105647  -42.496  40.675  3.962 0.0000000000
104876  -43.385  39.611  1.903 0.0000000000
104897  -42.424  38.755  0.552 0.0000000000
103439  -41.020  37.710  0.806 0.0000000000
101705  -48.459  35.384  13.389 0.0000000000
101711  -48.369  35.538  12.528 0.0000000000
101719  -48.275  35.615  11.600 0.0000000000
101720  -48.948  35.704  11.766 0.0000000000
110855  -45.759  46.850  -0.237 0.0000000000
110043  -44.783  46.461  0.355 0.0000000000
103292  -38.901  37.976  13.908 0.0000000000
104046  -38.819  38.831  13.687 0.0000000000
115561  -38.557  54.833  9.739 0.0000000000
116218  -38.794  55.369  10.393 0.0000000000
116231  -39.663  55.190  10.018 0.0000000000
107773  -46.147  44.324  10.202 0.0000000000
108476  -46.750  44.707  10.598 0.0000000000
107784  -46.759  43.515  9.907 0.0000000000
107063  -47.073  42.754  9.340 0.0000000000
107079  -46.712  42.420  8.593 0.0000000000
114237  -43.352  52.545  4.679 0.0000000000
114225  -43.577  52.630  5.280 0.0000000000
113520  -43.919  51.890  4.856 0.0000000000
109980  -45.432  47.068  5.581 0.0000000000
110762  -45.721  47.730  5.780 0.0000000000
109963  -45.252  47.201  6.687 0.0000000000
98087  -44.332  31.776  20.918 0.0000000000
100781  -46.438  34.358  20.976 0.0000000000
100782  -47.029  34.370  20.623 0.0000000000
100806  -47.629  34.804  18.779 0.0000000000
100805  -46.768  35.011  18.993 0.0000000000
114229  -32.593  51.846  4.653 0.0000000000
113516  -33.545  51.281  5.000 0.0000000000
112805  -34.654  50.686  6.318 0.0000000000
113517  -34.663  51.234  4.827 0.0000000000
114955  -37.545  53.530  1.064 0.0000000000
114942  -36.913  53.503  1.891 0.0000000000
114943  -37.903  53.560  2.062 0.0000000000
114929  -38.221  53.736  2.954 0.0000000000
114944  -38.914  53.793  2.314 0.0000000000
114976  -43.171  53.024  -1.206 0.0000000000
114268  -43.005  52.457  -0.821 0.0000000000
113573  -43.380  51.538  -1.053 0.0000000000
113574  -43.926  51.507  -1.828 0.0000000000
114271  -44.118  52.459  -2.102 0.0000000000
99922  -38.326  33.594  18.895 0.0000000000
99923  -39.505  33.681  18.680 0.0000000000
99924  -40.613  33.569  18.998 0.0000000000
101701  -44.070  35.990  13.700 0.0000000000
101702  -44.926  36.197  13.733 0.0000000000
101693  -45.792  36.129  14.497 0.0000000000
101703  -45.477  36.351  13.727 0.0000000000
111465  -38.762  49.001  10.305 0.0000000000
109902  -38.641  46.261  10.922 0.0000000000
109919  -39.413  47.095  10.530 0.0000000000
112141  -43.743  49.972  9.886 0.0000000000
112792  -43.311  50.699  10.705 0.0000000000
112135  -43.867  49.922  10.898 0.0000000000
108439  -45.249  44.111  13.661 0.0000000000
107760  -44.643  43.913  13.270 0.0000000000
107743  -44.548  43.154  13.682 0.0000000000
107759  -43.608  43.178  13.059 0.0000000000
107022  -43.971  42.210  13.667 0.0000000000
106302  -44.180  41.649  13.404 0.0000000000
104102  -47.024  38.512  7.723 0.0000000000
104094  -46.303  38.609  8.694 0.0000000000
103348  -47.240  37.792  8.440 0.0000000000
103365  -48.534  36.540  7.527 0.0000000000
103364  -48.103  37.213  6.749 0.0000000000
104134  -45.360  38.621  3.043 0.0000000000
104169  -46.170  38.125  1.240 0.0000000000
104157  -45.248  38.420  1.350 0.0000000000
104167  -44.747  38.382  1.005 0.0000000000
104877  -44.439  38.939  1.715 0.0000000000
107078  -41.265  42.096  9.006 0.0000000000
106359  -41.582  41.087  8.649 0.0000000000
106358  -40.617  41.597  8.188 0.0000000000
104124  -40.772  39.510  4.348 0.0000000000
104144  -40.609  38.637  2.881 0.0000000000
104132  -40.278  38.260  3.864 0.0000000000
103389  -39.467  37.608  3.897 0.0000000000
103378  -39.869  37.819  4.920 0.0000000000
100853  -49.022  33.890  15.281 0.0000000000
101754  -46.088  36.222  9.756 0.0000000000
102563  -46.505  36.133  9.180 0.0000000000
112202  -44.918  49.716  2.418 0.0000000000
112203  -45.830  49.449  2.568 0.0000000000
112220  -46.077  48.798  1.917 0.0000000000
110020  -46.046  46.984  2.620 0.0000000000
110815  -46.328  47.568  2.628 0.0000000000
110008  -46.079  47.148  3.351 0.0000000000
109995  -46.067  47.341  3.754 0.0000000000
110007  -45.510  46.828  3.419 0.0000000000
109993  -44.806  46.649  4.340 0.0000000000
110006  -44.643  46.753  3.360 0.0000000000
110813  -43.397  47.503  2.733 0.0000000000
98016  -44.468  32.338  25.592 0.0000000000
99888  -45.622  33.573  22.490 0.0000000000
99887  -44.821  33.576  22.734 0.0000000000
115653  -42.496  54.615  -1.318 0.0000000000
116294  -42.986  55.306  -1.763 0.0000000000
116301  -42.643  55.971  -2.128 0.0000000000
103280  -40.479  36.775  13.911 0.0000000000
102513  -41.412  37.187  13.579 0.0000000000
102500  -42.108  36.084  13.833 0.0000000000
103295  -41.792  37.781  13.400 0.0000000000
115557  -34.998  54.595  10.856 0.0000000000
113461  -39.506  51.941  10.812 0.0000000000
110726  -45.903  47.604  10.349 0.0000000000
110722  -45.688  47.669  11.431 0.0000000000
110723  -46.236  47.017  11.368 0.0000000000
108472  -47.187  44.507  11.478 0.0000000000
109157  -46.805  45.349  11.915 0.0000000000
108459  -46.816  44.646  12.585 0.0000000000
108441  -46.436  44.562  13.434 0.0000000000
107769  -46.738  43.588  12.374 0.0000000000
107040  -46.695  42.831  11.724 0.0000000000
107081  -47.380  42.226  8.812 0.0000000000
106348  -47.211  41.842  9.332 0.0000000000
106365  -47.644  41.696  8.419 0.0000000000
105601  -47.434  40.811  8.134 0.0000000000
105618  -47.599  40.647  7.292 0.0000000000
105630  -47.355  40.276  6.583 0.0000000000
106396  -47.687  41.131  6.897 0.0000000000
105616  -46.552  41.174  6.809 0.0000000000
105628  -46.729  40.775  6.260 0.0000000000
104823  -45.893  40.305  6.387 0.0000000000
104845  -46.087  39.130  5.144 0.0000000000
104833  -45.492  39.430  5.851 0.0000000000
115591  -41.893  55.050  6.810 0.0000000000
115572  -41.891  54.879  7.985 0.0000000000
114895  -42.302  54.236  7.463 0.0000000000
113502  -42.878  52.008  6.086 0.0000000000
113501  -42.233  52.280  6.740 0.0000000000
112152  -42.275  50.565  7.324 0.0000000000
112146  -42.317  50.386  8.350 0.0000000000
112153  -42.803  49.755  7.475 0.0000000000
112828  -45.655  49.947  3.902 0.0000000000
112817  -45.055  50.229  4.397 0.0000000000
112173  -45.319  49.518  4.576 0.0000000000
111487  -44.936  48.587  6.338 0.0000000000
111483  -44.855  48.650  7.348 0.0000000000
111479  -44.845  48.804  8.473 0.0000000000
111480  -45.414  48.353  8.213 0.0000000000
111475  -45.193  48.586  9.472 0.0000000000
109932  -45.049  46.673  8.629 0.0000000000
109927  -45.363  46.721  9.217 0.0000000000
109166  -45.094  45.950  9.528 0.0000000000
108480  -44.527  44.778  9.761 0.0000000000
109175  -43.377  45.233  8.339 0.0000000000
108490  -42.898  44.526  8.656 0.0000000000
107797  -42.484  43.845  9.068 0.0000000000
109977  -43.202  46.926  5.100 0.0000000000
109960  -42.788  46.591  6.153 0.0000000000
109940  -41.016  46.339  7.323 0.0000000000
99013  -45.835  32.802  22.599 0.0000000000
99024  -45.212  32.347  21.847 0.0000000000
99039  -47.588  33.292  20.075 0.0000000000
99049  -47.812  32.816  17.876 0.0000000000
99942  -49.091  33.434  17.018 0.0000000000
99936  -48.423  33.957  17.943 0.0000000000
101648  -48.599  35.473  17.186 0.0000000000
101649  -48.968  35.277  16.724 0.0000000000
101680  -49.289  35.698  15.406 0.0000000000
102488  -49.187  36.130  15.787 0.0000000000
114877  -30.234  53.250  8.783 0.0000000000
114191  -29.858  52.967  9.253 0.0000000000
114860  -30.911  53.183  9.598 0.0000000000
114847  -31.251  53.274  10.041 0.0000000000
114861  -31.548  53.364  9.752 0.0000000000
114897  -31.625  53.299  6.636 0.0000000000
114211  -31.699  52.762  6.849 0.0000000000
113487  -33.148  51.452  7.890 0.0000000000
113486  -32.634  51.945  8.097 0.0000000000
113478  -32.999  51.956  8.469 0.0000000000
114177  -32.865  53.085  9.550 0.0000000000
114194  -33.363  52.369  9.108 0.0000000000
114178  -33.882  53.115  9.760 0.0000000000
114195  -34.369  52.242  9.246 0.0000000000
113490  -36.235  51.082  7.485 0.0000000000
114197  -36.613  52.215  8.852 0.0000000000
113482  -36.818  51.606  8.111 0.0000000000
114182  -37.874  52.979  9.056 0.0000000000
114198  -37.916  52.386  8.305 0.0000000000
114232  -35.892  52.101  4.224 0.0000000000
114233  -36.948  52.520  4.422 0.0000000000
114235  -38.868  53.494  4.726 0.0000000000
114222  -37.795  52.407  5.308 0.0000000000
114223  -38.903  53.113  5.410 0.0000000000
114207  -39.578  53.055  7.225 0.0000000000
114899  -40.046  53.401  6.433 0.0000000000
114900  -40.777  54.061  6.815 0.0000000000
114908  -40.647  53.968  5.869 0.0000000000
115620  -40.832  54.124  3.355 0.0000000000
115613  -41.172  54.288  4.136 0.0000000000
115614  -41.803  53.859  4.225 0.0000000000
114919  -42.399  53.699  4.531 0.0000000000
114933  -42.075  53.078  3.923 0.0000000000
114965  -40.397  53.395  0.652 0.0000000000
114966  -41.428  53.071  0.726 0.0000000000
113558  -42.437  51.638  0.300 0.0000000000
114261  -41.700  51.892  1.567 0.0000000000
113547  -42.152  51.415  1.121 0.0000000000
113538  -42.065  51.367  2.257 0.0000000000
112853  -42.621  50.634  1.528 0.0000000000
112854  -43.489  49.991  1.848 0.0000000000
112870  -43.067  49.919  0.787 0.0000000000
112243  -44.397  48.702  -0.116 0.0000000000
111565  -44.216  48.785  -0.711 0.0000000000
110854  -45.290  47.377  -0.849 0.0000000000
112915  -44.358  50.402  -3.181 0.0000000000
112927  -44.486  50.554  -4.030 0.0000000000
114986  -44.157  53.528  -2.869 0.0000000000
99884  -41.632  32.881  22.076 0.0000000000
99926  -42.693  33.423  19.548 0.0000000000
99914  -43.032  33.379  20.448 0.0000000000
99927  -43.538  33.582  19.805 0.0000000000
100848  -41.107  34.544  15.711 0.0000000000
100834  -41.709  34.014  16.768 0.0000000000
100849  -42.365  34.386  15.878 0.0000000000
100851  -44.620  34.889  16.319 0.0000000000
100837  -45.275  34.764  17.135 0.0000000000
100821  -44.972  34.350  18.189 0.0000000000
100838  -46.025  35.007  17.196 0.0000000000
101645  -46.484  35.240  17.551 0.0000000000
101659  -46.402  35.493  16.688 0.0000000000
102504  -47.419  36.801  14.438 0.0000000000
102485  -47.722  36.846  15.118 0.0000000000
102505  -48.233  37.224  14.577 0.0000000000
103282  -48.956  37.329  14.479 0.0000000000
103312  -48.928  37.258  13.048 0.0000000000
108452  -38.139  44.180  12.118 0.0000000000
106305  -38.003  42.302  12.686 0.0000000000
114870  -41.465  54.188  9.971 0.0000000000
114856  -41.248  54.000  10.801 0.0000000000
114168  -41.646  53.124  10.660 0.0000000000
112133  -41.915  50.263  11.024 0.0000000000
112132  -40.736  50.234  10.615 0.0000000000
111468  -42.392  49.190  10.892 0.0000000000
111455  -44.717  48.246  11.907 0.0000000000
111454  -44.230  48.521  11.705 0.0000000000
110707  -44.640  47.349  12.150 0.0000000000
109154  -43.223  45.655  11.511 0.0000000000
109906  -42.839  46.794  11.122 0.0000000000
109922  -42.122  46.970  10.833 0.0000000000
109905  -41.706  46.317  10.939 0.0000000000
109152  -40.987  45.417  11.139 0.0000000000
108467  -41.380  44.621  11.424 0.0000000000
107033  -42.417  42.087  13.161 0.0000000000
107757  -41.108  42.974  11.944 0.0000000000
106309  -41.327  41.471  13.009 0.0000000000
106308  -40.378  41.618  12.807 0.0000000000
106299  -41.337  40.921  13.359 0.0000000000
105535  -40.511  40.282  13.559 0.0000000000
105536  -41.441  40.339  13.641 0.0000000000
105543  -43.442  40.096  12.817 0.0000000000
104761  -42.365  39.562  13.448 0.0000000000
104762  -42.954  39.535  12.978 0.0000000000
104051  -43.094  38.615  12.722 0.0000000000
104058  -43.766  38.675  12.195 0.0000000000
106328  -45.745  41.389  10.850 0.0000000000
105545  -44.912  41.311  12.047 0.0000000000
105556  -44.956  40.769  11.320 0.0000000000
104085  -46.195  38.190  9.988 0.0000000000
104072  -45.369  38.531  10.686 0.0000000000
104060  -45.046  38.019  11.471 0.0000000000
103309  -45.799  37.576  11.663 0.0000000000
102525  -46.116  37.020  12.563 0.0000000000
103321  -46.739  37.516  10.860 0.0000000000
103350  -48.773  36.781  9.944 0.0000000000
103339  -48.743  36.884  11.048 0.0000000000
102545  -49.280  36.449  10.675 0.0000000000
103340  -49.278  36.662  11.658 0.0000000000
102565  -49.625  36.019  10.421 0.0000000000
101758  -49.319  35.715  10.252 0.0000000000
102577  -49.391  35.834  9.675 0.0000000000
101808  -48.392  35.789  6.610 0.0000000000
101786  -48.039  35.629  7.470 0.0000000000
102603  -47.722  35.855  6.913 0.0000000000
102588  -47.124  36.099  7.576 0.0000000000
102602  -47.044  36.253  6.533 0.0000000000
104847  -47.351  38.815  5.351 0.0000000000
103382  -48.218  37.110  5.142 0.0000000000
104126  -47.597  37.778  4.764 0.0000000000
102642  -46.538  36.551  3.027 0.0000000000
102629  -45.840  36.754  3.808 0.0000000000
102616  -45.936  36.595  5.042 0.0000000000
103381  -44.007  37.407  4.649 0.0000000000
103393  -44.197  37.352  3.940 0.0000000000
103417  -42.652  37.607  1.599 0.0000000000
103404  -43.126  37.437  2.554 0.0000000000
103403  -42.075  37.408  2.414 0.0000000000
103402  -41.272  37.089  2.280 0.0000000000
103416  -41.700  37.438  1.612 0.0000000000
106344  -44.631  41.992  9.224 0.0000000000
106361  -44.091  41.050  8.864 0.0000000000
105613  -42.875  39.722  7.264 0.0000000000
105596  -43.468  40.156  8.272 0.0000000000
104832  -44.255  39.215  5.693 0.0000000000
104842  -43.031  39.871  4.877 0.0000000000
106393  -40.418  41.641  5.983 0.0000000000
105653  -41.665  40.533  3.643 0.0000000000
106413  -41.831  40.963  4.121 0.0000000000
105654  -42.196  40.495  3.249 0.0000000000
105655  -43.170  40.224  3.056 0.0000000000
104875  -42.375  39.689  2.065 0.0000000000
104885  -42.981  39.205  0.889 0.0000000000
104884  -42.076  39.100  1.042 0.0000000000
104164  -40.717  37.906  0.949 0.0000000000
104163  -40.267  37.512  1.456 0.0000000000
103428  -40.506  37.379  1.377 0.0000000000
100862  -48.551  34.550  14.669 0.0000000000
100868  -48.477  35.160  14.001 0.0000000000
100873  -46.679  35.156  12.782 0.0000000000
111553  -46.265  47.943  0.906 0.0000000000
111541  -45.968  48.542  1.318 0.0000000000
111554  -46.363  47.467  1.296 0.0000000000
110843  -46.240  46.911  1.281 0.0000000000
110030  -45.569  46.659  1.689 0.0000000000
110018  -44.869  46.811  2.309 0.0000000000
110029  -44.913  46.670  1.358 0.0000000000
103293  -39.816  37.813  13.815 0.0000000000
104048  -40.656  38.646  13.598 0.0000000000
115559  -36.583  54.543  10.343 0.0000000000
116204  -38.174  55.330  11.019 0.0000000000
114842  -40.052  53.962  11.260 0.0000000000
109929  -46.327  46.042  10.577 0.0000000000
109923  -46.469  46.157  11.294 0.0000000000
109162  -46.778  45.382  10.937 0.0000000000
108477  -47.110  44.725  10.973 0.0000000000
107047  -47.155  42.805  10.585 0.0000000000
107785  -47.215  43.147  10.010 0.0000000000
107093  -47.795  42.135  8.020 0.0000000000
106395  -47.442  41.319  6.773 0.0000000000
106364  -47.228  42.210  7.842 0.0000000000
105599  -46.499  41.554  7.467 0.0000000000
105598  -45.888  41.205  7.704 0.0000000000
114909  -42.999  53.720  5.452 0.0000000000
114901  -42.923  53.822  6.296 0.0000000000
114910  -43.277  53.262  5.671 0.0000000000
113511  -43.519  51.747  5.458 0.0000000000
112813  -43.691  50.603  5.465 0.0000000000
111501  -45.731  48.419  4.821 0.0000000000
112165  -45.418  48.970  4.921 0.0000000000
110734  -45.678  47.779  7.938 0.0000000000
109945  -45.355  47.207  7.756 0.0000000000
109177  -44.535  46.049  8.644 0.0000000000
109189  -44.292  45.961  8.184 0.0000000000
109188  -43.912  45.834  7.924 0.0000000000
109187  -43.176  45.649  7.704 0.0000000000
110743  -42.119  46.849  6.141 0.0000000000
99030  -45.469  32.291  20.445 0.0000000000
99889  -46.163  33.492  22.052 0.0000000000
99026  -46.794  33.345  21.479 0.0000000000
99027  -47.119  33.701  21.308 0.0000000000
99916  -47.444  33.974  20.317 0.0000000000
99928  -47.794  33.950  19.171 0.0000000000
99929  -48.054  34.414  18.572 0.0000000000
100807  -48.249  34.854  18.261 0.0000000000
101638  -48.279  35.321  17.781 0.0000000000
101647  -47.967  35.824  17.399 0.0000000000
114891  -30.952  53.324  7.634 0.0000000000
114220  -32.095  52.284  5.661 0.0000000000
114212  -32.023  52.355  6.771 0.0000000000
113505  -32.637  51.660  6.377 0.0000000000
113496  -33.279  51.241  6.981 0.0000000000
113488  -34.077  50.943  7.660 0.0000000000
113480  -34.800  51.428  8.521 0.0000000000
112799  -34.690  50.622  6.956 0.0000000000
113498  -35.618  50.769  6.823 0.0000000000
113499  -36.393  51.118  6.553 0.0000000000
114245  -37.280  53.063  3.693 0.0000000000
114246  -37.851  53.464  3.522 0.0000000000
114915  -38.455  53.738  3.678 0.0000000000
114916  -39.093  53.902  4.227 0.0000000000
114917  -40.099  54.134  4.712 0.0000000000
114931  -39.858  54.381  3.828 0.0000000000
115619  -40.495  54.347  3.671 0.0000000000
114946  -40.942  53.612  2.762 0.0000000000
114967  -42.076  52.822  0.149 0.0000000000
114267  -42.484  52.413  -0.110 0.0000000000
112884  -42.684  51.157  -0.014 0.0000000000
112885  -43.073  50.498  -0.386 0.0000000000
112253  -44.034  49.489  -1.733 0.0000000000
112900  -44.130  50.451  -2.274 0.0000000000
100797  -36.730  33.938  18.569 0.0000000000
99921  -37.356  33.688  19.057 0.0000000000
99897  -38.096  33.591  20.605 0.0000000000
99898  -39.093  33.177  20.617 0.0000000000
99900  -41.289  32.909  20.946 0.0000000000
99912  -40.958  33.137  19.900 0.0000000000
99925  -41.755  33.417  19.112 0.0000000000
100801  -42.501  33.501  18.904 0.0000000000
101675  -42.976  34.785  15.019 0.0000000000
101676  -44.128  35.054  15.280 0.0000000000
101677  -45.376  35.433  15.763 0.0000000000
101678  -46.549  35.992  15.611 0.0000000000
102503  -46.595  36.572  14.037 0.0000000000
102519  -47.265  36.914  13.450 0.0000000000
109901  -37.612  46.205  10.909 0.0000000000
109150  -38.886  45.512  11.354 0.0000000000
108465  -39.048  44.639  11.693 0.0000000000
112791  -42.280  51.445  10.358 0.0000000000
113464  -42.132  52.280  10.898 0.0000000000
112113  -43.348  49.850  11.575 0.0000000000
109138  -44.837  45.710  12.821 0.0000000000
109908  -44.531  46.337  12.353 0.0000000000
109137  -44.363  45.395  12.506 0.0000000000
108470  -44.052  45.120  12.355 0.0000000000
108469  -43.479  44.795  12.037 0.0000000000
107768  -42.726  44.032  11.935 0.0000000000
107034  -43.212  42.444  13.371 0.0000000000
107020  -42.601  41.767  13.423 0.0000000000
106300  -42.297  41.280  13.479 0.0000000000
106301  -43.209  41.358  13.556 0.0000000000
105538  -43.337  40.544  13.252 0.0000000000
105582  -45.819  40.389  9.523 0.0000000000
104793  -45.438  39.743  9.880 0.0000000000
104093  -45.880  39.293  8.915 0.0000000000
103349  -48.009  37.229  9.144 0.0000000000
103358  -48.687  36.562  8.774 0.0000000000
102604  -48.823  35.978  7.162 0.0000000000
102619  -48.381  36.000  6.351 0.0000000000
104136  -46.883  38.127  3.574 0.0000000000
104148  -47.100  37.673  3.072 0.0000000000
104147  -46.677  37.937  2.638 0.0000000000
102665  -46.198  37.342  1.518 0.0000000000
102652  -45.788  37.053  1.925 0.0000000000
103405  -44.415  37.366  2.758 0.0000000000
103419  -45.149  37.400  1.842 0.0000000000
103432  -44.366  37.933  1.094 0.0000000000
103431  -43.075  37.954  0.837 0.0000000000
107059  -42.830  42.599  9.337 0.0000000000
106343  -43.402  41.837  9.209 0.0000000000
106342  -42.264  41.803  9.211 0.0000000000
105595  -42.165  40.283  8.025 0.0000000000
105612  -41.904  40.395  6.823 0.0000000000
106411  -40.595  40.984  4.671 0.0000000000
106412  -41.156  41.008  4.362 0.0000000000
105645  -40.859  40.602  4.400 0.0000000000
104852  -41.221  39.904  3.930 0.0000000000
104862  -41.187  39.223  2.988 0.0000000000
104874  -41.434  39.136  1.881 0.0000000000
104873  -40.967  38.869  2.336 0.0000000000
103414  -39.094  37.146  2.271 0.0000000000
103401  -39.058  37.375  3.152 0.0000000000
103388  -38.662  37.153  3.947 0.0000000000
99064  -48.521  32.511  15.665 0.0000000000
112826  -44.464  50.793  3.504 0.0000000000
113528  -44.676  50.952  4.050 0.0000000000
112839  -45.170  50.262  2.950 0.0000000000
112840  -45.728  50.021  3.288 0.0000000000
112186  -46.056  49.354  3.502 0.0000000000
112204  -46.263  48.741  2.326 0.0000000000
111517  -45.886  48.746  4.025 0.0000000000
110785  -46.008  47.706  3.983 0.0000000000
109979  -44.810  46.638  5.377 0.0000000000
109991  -43.321  47.044  4.581 0.0000000000
110814  -44.176  47.099  2.931 0.0000000000
110799  -43.568  47.204  3.705 0.0000000000
98055  -44.424  31.995  23.852 0.0000000000
99003  -45.505  32.760  23.499 0.0000000000
99839  -44.914  33.079  25.528 0.0000000000
99853  -45.441  32.857  23.971 0.0000000000
99869  -45.662  33.145  23.236 0.0000000000
100768  -46.054  33.808  21.952 0.0000000000
100780  -45.790  34.035  21.555 0.0000000000
100789  -45.711  34.340  20.412 0.0000000000
114219  -31.730  52.764  5.264 0.0000000000
114228  -31.878  52.503  4.706 0.0000000000
114240  -32.212  52.349  4.053 0.0000000000
114241  -32.897  52.145  3.696 0.0000000000
114957  -39.658  53.548  1.559 0.0000000000
115646  -41.732  54.223  -0.856 0.0000000000
114979  -43.065  54.140  -1.260 0.0000000000
114980  -43.641  53.591  -1.758 0.0000000000
115657  -43.642  54.588  -2.252 0.0000000000
116302  -43.384  55.444  -2.575 0.0000000000
101688  -40.670  35.716  14.587 0.0000000000
101690  -42.420  35.417  14.362 0.0000000000
102501  -42.737  35.803  13.859 0.0000000000
112130  -38.332  49.933  10.371 0.0000000000
111466  -39.934  49.097  10.363 0.0000000000
112143  -44.784  48.918  10.438 0.0000000000
112136  -44.362  49.355  11.039 0.0000000000
112137  -44.749  48.756  11.223 0.0000000000
111469  -45.150  48.262  11.633 0.0000000000
109909  -45.747  46.875  12.353 0.0000000000
109910  -46.242  46.354  12.293 0.0000000000
109890  -45.921  45.861  12.868 0.0000000000
109139  -45.663  45.307  13.286 0.0000000000
108440  -45.905  44.559  13.846 0.0000000000
107024  -45.726  43.106  13.700 0.0000000000
107035  -45.451  42.528  13.335 0.0000000000
107039  -45.867  42.412  12.561 0.0000000000
106316  -45.825  41.809  11.647 0.0000000000
106329  -46.590  41.877  10.414 0.0000000000
106330  -47.185  42.283  9.997 0.0000000000
106347  -46.723  41.555  9.629 0.0000000000
105571  -46.412  41.345  9.793 0.0000000000
105600  -46.784  40.355  8.378 0.0000000000
104813  -46.761  39.710  7.831 0.0000000000
104110  -47.028  38.866  7.203 0.0000000000
104111  -47.422  38.293  6.981 0.0000000000
104836  -47.289  39.148  6.220 0.0000000000
105629  -47.189  40.755  6.255 0.0000000000
105640  -47.241  40.157  5.761 0.0000000000
104846  -47.008  39.591  5.186 0.0000000000
104857  -46.512  38.651  4.353 0.0000000000
104856  -45.622  38.737  4.103 0.0000000000
104855  -44.626  39.023  3.804 0.0000000000
107091  -39.886  42.247  7.666 0.0000000000
107108  -39.723  42.172  6.658 0.0000000000
107117  -39.562  42.016  5.872 0.0000000000
105636  -40.301  40.659  5.007 0.0000000000
104840  -40.094  39.914  5.555 0.0000000000
104116  -39.873  39.035  6.134 0.0000000000
115570  -40.726  54.867  8.727 0.0000000000
115563  -40.322  55.016  9.537 0.0000000000
115571  -41.459  54.840  8.435 0.0000000000
114884  -41.628  54.358  8.560 0.0000000000
114201  -41.686  53.408  8.533 0.0000000000
114209  -42.381  53.250  6.985 0.0000000000
113492  -41.685  52.712  8.217 0.0000000000
113483  -41.649  52.666  9.046 0.0000000000
112796  -41.794  51.143  9.131 0.0000000000
113521  -44.254  51.021  4.521 0.0000000000
112814  -44.321  50.338  4.973 0.0000000000
112163  -44.063  49.742  5.579 0.0000000000
112159  -43.362  49.770  6.320 0.0000000000
112154  -43.962  49.159  7.689 0.0000000000
112148  -44.412  49.207  9.161 0.0000000000
112149  -44.727  49.058  9.819 0.0000000000
109167  -45.983  45.626  10.233 0.0000000000
107783  -45.697  43.961  10.077 0.0000000000
107782  -44.351  43.673  9.696 0.0000000000
108491  -43.700  44.859  9.028 0.0000000000
107781  -43.255  43.474  9.346 0.0000000000
107780  -42.283  43.150  9.277 0.0000000000
107779  -41.863  43.029  9.256 0.0000000000
107796  -41.400  43.297  9.083 0.0000000000
109961  -43.868  46.518  6.270 0.0000000000
109186  -42.247  45.651  7.715 0.0000000000
109941  -42.015  46.234  7.162 0.0000000000
99031  -46.463  32.527  20.382 0.0000000000
99032  -47.142  32.852  20.797 0.0000000000
99038  -47.064  32.664  19.754 0.0000000000
99044  -46.922  32.547  18.655 0.0000000000
99059  -48.487  32.465  16.657 0.0000000000
99937  -48.746  34.491  17.501 0.0000000000
100839  -49.174  34.766  16.540 0.0000000000
100854  -49.225  34.687  15.533 0.0000000000
100863  -49.068  35.001  14.819 0.0000000000
101697  -49.296  35.644  14.613 0.0000000000
101707  -49.543  35.954  13.721 0.0000000000
114192  -31.694  52.789  8.299 0.0000000000
114204  -32.122  52.279  7.758 0.0000000000
114879  -32.005  53.114  9.239 0.0000000000
114862  -32.296  53.572  10.049 0.0000000000
114849  -32.619  53.682  10.965 0.0000000000
114850  -33.736  53.866  10.889 0.0000000000
114864  -34.547  54.034  10.377 0.0000000000
114865  -35.737  54.033  9.941 0.0000000000
114196  -35.483  52.198  9.127 0.0000000000
114180  -36.153  53.091  9.471 0.0000000000
114866  -36.854  53.906  9.705 0.0000000000
114867  -38.007  53.761  9.321 0.0000000000
114868  -39.137  54.104  9.275 0.0000000000
113525  -34.527  51.611  4.071 0.0000000000
114231  -35.164  51.672  4.275 0.0000000000
113509  -36.512  51.478  5.581 0.0000000000
113500  -37.209  51.555  6.343 0.0000000000
114213  -37.743  51.993  6.082 0.0000000000
114205  -37.962  51.889  6.916 0.0000000000
114206  -38.801  52.458  7.198 0.0000000000
114199  -39.244  52.910  8.048 0.0000000000
114882  -39.975  53.937  8.470 0.0000000000
114893  -40.744  54.243  7.707 0.0000000000
115590  -41.365  54.637  7.219 0.0000000000
115598  -41.940  54.772  5.848 0.0000000000
115606  -40.987  54.427  5.093 0.0000000000
115599  -42.598  54.373  5.666 0.0000000000
115608  -42.682  54.018  5.039 0.0000000000
114236  -42.929  52.863  4.529 0.0000000000
113526  -43.117  51.659  3.779 0.0000000000
114958  -40.605  53.428  1.769 0.0000000000
114947  -41.444  52.949  3.087 0.0000000000
113537  -41.881  51.770  3.044 0.0000000000
113532  -42.474  51.616  3.354 0.0000000000
112825  -43.489  51.073  3.399 0.0000000000
112838  -44.188  50.234  2.691 0.0000000000
112218  -44.391  49.619  2.075 0.0000000000
112219  -45.251  48.975  1.575 0.0000000000
112242  -43.763  49.233  0.035 0.0000000000
112233  -44.656  48.733  0.538 0.0000000000
111552  -45.584  48.399  0.735 0.0000000000
114981  -44.147  53.050  -2.369 0.0000000000
114280  -44.379  52.459  -2.859 0.0000000000
99886  -43.827  33.431  22.580 0.0000000000
99901  -42.379  33.095  21.211 0.0000000000
99902  -43.441  33.414  21.467 0.0000000000
99903  -44.581  33.629  21.699 0.0000000000
100788  -45.049  33.887  20.900 0.0000000000
100804  -45.801  34.520  19.220 0.0000000000
100818  -41.006  33.854  17.570 0.0000000000
100819  -42.280  33.649  18.061 0.0000000000
100820  -43.768  33.833  18.094 0.0000000000
100823  -46.754  35.220  18.136 0.0000000000
101646  -47.155  35.569  17.566 0.0000000000
101661  -48.343  36.103  16.695 0.0000000000
101679  -47.287  36.477  15.464 0.0000000000
102475  -47.809  36.630  15.712 0.0000000000
102487  -48.864  36.669  15.633 0.0000000000
102521  -49.572  36.461  14.057 0.0000000000
102527  -49.596  36.450  13.174 0.0000000000
106296  -38.525  41.288  12.988 0.0000000000
105533  -38.621  40.472  13.311 0.0000000000
116220  -40.547  55.152  10.530 0.0000000000
114154  -40.622  53.166  11.413 0.0000000000
113463  -41.647  52.377  11.320 0.0000000000
113447  -41.065  52.805  11.492 0.0000000000
113462  -40.615  52.352  11.324 0.0000000000
112779  -40.161  51.163  10.821 0.0000000000
110719  -40.250  48.082  10.438 0.0000000000
112115  -44.240  49.045  11.572 0.0000000000
112114  -43.991  49.472  11.734 0.0000000000
109907  -43.984  46.591  11.663 0.0000000000
110705  -43.067  47.759  11.153 0.0000000000
110720  -41.392  48.058  10.496 0.0000000000
109920  -40.479  47.093  10.551 0.0000000000
109151  -39.902  45.426  11.257 0.0000000000
107765  -39.887  43.773  11.830 0.0000000000
107767  -41.821  43.818  11.693 0.0000000000
107756  -40.043  43.093  11.935 0.0000000000
106307  -39.403  41.823  12.711 0.0000000000
106297  -39.490  41.086  13.107 0.0000000000
105534  -39.577  40.337  13.416 0.0000000000
104758  -39.664  39.564  13.598 0.0000000000
104759  -40.589  39.528  13.656 0.0000000000
104049  -41.574  38.635  13.474 0.0000000000
103296  -42.661  37.684  13.142 0.0000000000
103298  -44.484  37.108  12.714 0.0000000000
105544  -44.152  40.641  12.463 0.0000000000
104768  -44.064  39.571  11.924 0.0000000000
104781  -44.972  39.804  10.628 0.0000000000
104780  -44.538  39.692  11.337 0.0000000000
103307  -44.159  38.131  12.146 0.0000000000
103308  -44.772  37.587  12.162 0.0000000000
102517  -45.295  36.695  12.968 0.0000000000
102526  -46.715  36.917  12.887 0.0000000000
103299  -47.720  37.104  13.015 0.0000000000
103322  -47.970  37.187  11.559 0.0000000000
103311  -48.169  37.179  12.624 0.0000000000
103324  -49.396  36.897  12.609 0.0000000000
102532  -49.511  36.352  12.269 0.0000000000
101721  -49.347  35.956  11.994 0.0000000000
101735  -48.923  35.603  10.853 0.0000000000
101757  -48.888  35.505  9.996 0.0000000000
101756  -48.142  35.486  9.643 0.0000000000
101787  -48.549  35.826  7.864 0.0000000000
101772  -48.103  35.579  8.547 0.0000000000
102575  -46.740  36.094  8.584 0.0000000000
102574  -46.048  36.452  8.241 0.0000000000
102587  -46.102  36.497  7.251 0.0000000000
103371  -48.236  36.970  5.949 0.0000000000
103383  -48.253  36.483  5.729 0.0000000000
102632  -48.074  36.243  5.555 0.0000000000
102643  -47.269  36.636  3.545 0.0000000000
102631  -47.627  36.399  4.796 0.0000000000
102617  -46.954  36.318  5.410 0.0000000000
102600  -44.949  36.708  6.039 0.0000000000
102599  -43.797  37.061  6.150 0.0000000000
102614  -43.525  37.311  5.265 0.0000000000
103392  -43.368  37.423  3.558 0.0000000000
103391  -42.298  37.305  3.449 0.0000000000
106345  -45.806  42.236  8.943 0.0000000000
106362  -45.384  41.411  8.613 0.0000000000
105614  -44.203  39.743  7.444 0.0000000000
104822  -44.866  39.581  6.596 0.0000000000
104854  -43.824  39.598  3.455 0.0000000000
106407  -42.097  40.997  4.486 0.0000000000
105638  -42.486  40.500  4.939 0.0000000000
105648  -43.150  40.182  4.097 0.0000000000
104865  -43.885  39.530  2.531 0.0000000000
104886  -43.925  39.074  1.004 0.0000000000
104177  -42.833  38.581  0.453 0.0000000000
103441  -42.226  37.887  0.233 0.0000000000
104883  -41.549  38.687  0.995 0.0000000000
104175  -41.512  38.141  0.334 0.0000000000
103440  -41.523  37.798  0.519 0.0000000000
97997  -44.015  32.129  26.116 0.0000000000
97998  -44.408  32.463  25.896 0.0000000000
98015  -44.067  31.980  25.501 0.0000000000
98978  -44.580  32.597  25.772 0.0000000000
98993  -44.853  32.562  25.210 0.0000000000
99014  -46.241  33.139  22.037 0.0000000000
99824  -44.547  32.774  25.978 0.0000000000
99852  -45.120  33.034  24.673 0.0000000000
99890  -46.814  33.837  21.498 0.0000000000
99904  -45.305  33.685  22.023 0.0000000000
99905  -47.203  33.999  21.063 0.0000000000
99909  -37.746  33.647  19.765 0.0000000000
99943  -48.991  34.254  17.128 0.0000000000
100770  -46.853  34.205  21.236 0.0000000000
100798  -37.745  33.714  18.228 0.0000000000
100825  -48.933  34.874  17.181 0.0000000000
100852  -45.208  35.119  16.500 0.0000000000
100867  -47.987  34.857  13.867 0.0000000000
101637  -47.787  35.350  18.092 0.0000000000
101662  -48.820  35.757  16.517 0.0000000000
101695  -47.330  36.646  14.973 0.0000000000
101696  -48.949  35.220  14.521 0.0000000000
101713  -49.469  35.926  12.940 0.0000000000
101736  -49.364  35.847  11.069 0.0000000000
101771  -47.488  35.754  8.162 0.0000000000
101774  -49.199  35.681  9.725 0.0000000000
101797  -48.198  35.751  6.700 0.0000000000
101798  -48.484  35.763  6.967 0.0000000000
101807  -48.240  35.828  6.469 0.0000000000
102476  -48.266  36.550  16.062 0.0000000000
102478  -49.023  35.918  16.164 0.0000000000
102499  -41.124  36.498  13.930 0.0000000000
102502  -45.900  36.458  13.694 0.0000000000
102506  -48.917  37.155  15.075 0.0000000000
102514  -42.007  36.950  13.514 0.0000000000
102520  -47.783  37.110  14.040 0.0000000000
102562  -45.943  36.331  9.075 0.0000000000
102576  -49.092  36.055  9.081 0.0000000000
102589  -47.670  35.786  7.366 0.0000000000
102640  -45.121  37.139  2.776 0.0000000000
102641  -45.644  36.897  2.588 0.0000000000
102653  -46.297  36.986  2.110 0.0000000000
102664  -45.847  37.208  1.573 0.0000000000
103281  -48.626  37.353  14.149 0.0000000000
103283  -49.248  37.099  14.745 0.0000000000
103301  -49.007  37.351  13.857 0.0000000000
103302  -49.402  37.056  14.294 0.0000000000
103356  -47.385  37.875  7.872 0.0000000000
103379  -42.700  37.360  4.203 0.0000000000
103395  -48.155  36.514  4.990 0.0000000000
103406  -45.154  37.220  2.453 0.0000000000
103407  -46.985  37.517  2.662 0.0000000000
103408  -47.312  37.192  2.963 0.0000000000
103420  -46.656  37.395  2.210 0.0000000000
103421  -47.083  37.105  2.471 0.0000000000
103434  -46.236  37.774  1.297 0.0000000000
103442  -42.805  38.219  0.378 0.0000000000
104071  -44.778  39.147  11.015 0.0000000000
104073  -46.025  37.938  10.593 0.0000000000
104137  -47.373  37.686  3.792 0.0000000000
104145  -45.233  38.524  2.057 0.0000000000
104146  -46.015  38.346  2.326 0.0000000000
104156  -41.200  38.647  1.324 0.0000000000
104158  -45.886  38.342  1.499 0.0000000000
104159  -46.407  38.047  1.754 0.0000000000
104165  -41.149  38.402  0.877 0.0000000000
104168  -45.748  38.174  0.982 0.0000000000
104174  -41.173  37.858  0.508 0.0000000000
104176  -42.284  38.334  0.271 0.0000000000
104803  -45.842  39.877  9.192 0.0000000000
104824  -46.469  40.677  6.292 0.0000000000
104825  -46.850  39.167  7.375 0.0000000000
104826  -47.193  39.596  7.077 0.0000000000
104831  -43.198  39.667  5.444 0.0000000000
104835  -47.032  40.287  5.722 0.0000000000
104853  -41.526  40.295  3.661 0.0000000000
104863  -41.735  39.961  3.013 0.0000000000
104895  -41.511  38.434  0.597 0.0000000000
104896  -41.887  38.567  0.544 0.0000000000
105583  -46.540  40.900  9.080 0.0000000000
105639  -43.042  40.010  4.604 0.0000000000
105646  -41.337  40.581  4.005 0.0000000000
105661  -42.400  40.106  2.666 0.0000000000
105662  -42.713  40.085  2.561 0.0000000000
106303  -44.919  42.097  13.510 0.0000000000
106311  -44.229  41.366  12.924 0.0000000000
106363  -46.584  41.966  8.078 0.0000000000
106378  -46.790  41.700  7.372 0.0000000000
106379  -47.348  41.747  7.350 0.0000000000
106418  -41.655  40.777  3.875 0.0000000000
107029  -38.456  42.749  12.477 0.0000000000
107032  -41.332  42.214  12.559 0.0000000000
107041  -47.188  43.330  11.189 0.0000000000
107046  -46.754  42.485  10.960 0.0000000000
107092  -47.505  42.204  7.853 0.0000000000
107742  -43.711  42.570  13.514 0.0000000000
107744  -45.472  43.561  13.822 0.0000000000
107745  -46.208  43.802  13.705 0.0000000000
107755  -39.147  43.379  12.121 0.0000000000
107761  -46.667  43.966  13.010 0.0000000000
107762  -46.931  44.077  12.365 0.0000000000
107774  -46.496  44.214  10.278 0.0000000000
108453  -38.799  43.961  12.086 0.0000000000
108456  -44.257  44.565  12.662 0.0000000000
108458  -45.508  44.700  13.625 0.0000000000
108460  -47.099  44.366  12.032 0.0000000000
108464  -38.126  44.896  11.741 0.0000000000
108466  -40.181  44.537  11.576 0.0000000000
108471  -47.073  44.774  11.951 0.0000000000
108475  -46.165  44.736  10.300 0.0000000000
109124  -46.072  45.109  13.630 0.0000000000
109125  -46.247  44.911  13.632 0.0000000000
109149  -37.951  45.541  11.392 0.0000000000
109153  -42.113  45.566  11.217 0.0000000000
109156  -44.482  45.805  12.477 0.0000000000
109158  -47.096  44.922  11.675 0.0000000000
109168  -46.420  45.572  10.552 0.0000000000
109888  -44.926  46.714  12.568 0.0000000000
109889  -45.470  46.444  12.672 0.0000000000
109921  -41.479  47.048  10.656 0.0000000000
110005  -44.079  46.911  3.702 0.0000000000
110031  -46.027  46.810  1.891 0.0000000000
110045  -45.997  46.623  1.385 0.0000000000
110696  -44.849  47.064  12.409 0.0000000000
110706  -43.707  47.826  11.540 0.0000000000
110708  -45.329  47.448  12.205 0.0000000000
110783  -43.390  47.094  4.301 0.0000000000
110800  -44.134  46.964  3.428 0.0000000000
110842  -46.262  47.156  0.608 0.0000000000
111452  -43.170  48.592  11.245 0.0000000000
111502  -45.928  48.190  4.214 0.0000000000
111518  -46.188  48.448  3.526 0.0000000000
111530  -46.386  48.287  2.749 0.0000000000
111542  -46.391  48.160  1.869 0.0000000000
111576  -44.084  48.987  -1.277 0.0000000000
112221  -46.272  48.587  2.031 0.0000000000
112760  -43.454  50.463  11.806 0.0000000000
112762  -44.035  49.711  11.823 0.0000000000
112782  -43.575  50.383  11.540 0.0000000000
112783  -44.030  49.832  11.584 0.0000000000
112790  -41.705  52.034  9.570 0.0000000000
112795  -41.609  52.011  8.608 0.0000000000
112800  -35.171  50.622  6.977 0.0000000000
112801  -41.677  52.184  7.981 0.0000000000
112806  -35.090  50.658  6.502 0.0000000000
112807  -42.366  51.246  6.652 0.0000000000
112808  -42.983  50.927  5.963 0.0000000000
112811  -34.823  50.740  5.980 0.0000000000
112812  -34.997  50.696  6.153 0.0000000000
112818  -45.485  49.784  4.262 0.0000000000
113446  -40.808  52.775  11.487 0.0000000000
113473  -41.687  52.601  9.656 0.0000000000
113474  -41.831  52.456  10.233 0.0000000000
113477  -32.711  52.111  8.395 0.0000000000
113489  -35.230  50.836  7.599 0.0000000000
113493  -41.857  52.570  7.498 0.0000000000
113506  -33.405  51.178  6.029 0.0000000000
113507  -34.332  50.847  5.756 0.0000000000
113510  -37.264  51.858  5.678 0.0000000000
113518  -35.704  51.462  4.873 0.0000000000
113519  -36.432  51.873  4.817 0.0000000000
113524  -33.970  51.413  4.284 0.0000000000
113531  -42.089  51.864  3.319 0.0000000000
114153  -39.871  53.327  11.188 0.0000000000
114167  -40.252  52.889  11.298 0.0000000000
114169  -41.861  52.694  10.592 0.0000000000
114183  -41.639  53.227  9.651 0.0000000000
114200  -39.798  53.318  7.815 0.0000000000
114208  -41.935  53.386  7.756 0.0000000000
114215  -39.246  52.877  6.385 0.0000000000
114217  -43.332  52.694  5.813 0.0000000000
114224  -39.534  53.214  5.915 0.0000000000
114242  -33.856  51.859  3.635 0.0000000000
114248  -42.770  52.346  4.034 0.0000000000
114249  -43.299  52.175  4.349 0.0000000000
114256  -42.044  52.259  3.466 0.0000000000
114257  -42.412  52.077  3.642 0.0000000000
114264  -41.503  52.477  1.475 0.0000000000
114841  -39.085  53.965  11.176 0.0000000000
114855  -39.240  53.239  10.919 0.0000000000
114869  -39.716  54.343  9.143 0.0000000000
114880  -38.190  53.023  8.974 0.0000000000
114883  -40.697  54.473  8.236 0.0000000000
114885  -42.078  54.712  7.860 0.0000000000
114898  -31.743  52.762  6.608 0.0000000000
114902  -43.268  53.251  6.055 0.0000000000
114904  -31.786  53.279  5.712 0.0000000000
114907  -39.894  53.603  5.473 0.0000000000
114918  -40.429  54.045  5.266 0.0000000000
114920  -42.926  53.344  4.847 0.0000000000
114926  -32.331  52.529  3.545 0.0000000000
114934  -42.625  53.097  4.402 0.0000000000
115546  -35.046  54.532  11.159 0.0000000000
115547  -35.587  54.723  11.055 0.0000000000
115549  -37.464  54.972  10.632 0.0000000000
115551  -40.680  54.849  10.826 0.0000000000
115552  -41.122  54.832  10.461 0.0000000000
115558  -35.599  54.607  10.575 0.0000000000
115560  -37.522  54.683  9.935 0.0000000000
115562  -39.528  54.768  9.563 0.0000000000
115580  -41.267  54.597  8.061 0.0000000000
115582  -42.210  54.964  7.426 0.0000000000
115605  -40.568  54.341  4.691 0.0000000000
116207  -40.394  54.966  10.917 0.0000000000
116217  -38.069  55.375  10.599 0.0000000000
116219  -39.753  55.262  10.549 0.0000000000
116221  -41.049  55.242  10.230 0.0000000000
116230  -39.117  55.143  9.897 0.0000000000
116232  -40.421  55.281  10.057 0.0000000000
116233  -40.850  55.354  10.102 0.0000000000
116295  -43.415  55.055  -1.986 0.0000000000
