#!ascii label  , from subject sub.01.bl.01.long.sub.01.base.03 vox2ras=TkReg
1022
64647  -24.041  -1.122  -25.092 0.5555555820
64649  -25.668  -1.463  -25.532 0.6666666865
65851  -26.164  -0.335  -26.670 0.7777777910
65852  -27.329  -1.086  -26.954 0.7777777910
67003  -27.007  0.534  -27.668 0.8888888955
65872  -29.573  -0.481  -28.681 0.8888888955
64632  -23.592  -1.490  -24.652 0.5555555820
65836  -24.008  -0.342  -25.461 0.5555555820
66983  -24.382  0.265  -26.002 0.6666666865
65850  -25.349  0.170  -26.556 0.8888888955
65863  -27.076  -0.312  -27.375 0.8888888955
67004  -27.619  -0.102  -27.774 0.8888888955
67014  -28.419  0.292  -29.316 1.0000000000
65877  -29.459  -0.794  -29.526 0.8888888955
65882  -29.739  -0.513  -30.232 1.0000000000
66982  -23.802  0.783  -25.870 0.7777777910
68134  -25.081  1.739  -27.586 1.0000000000
68137  -25.437  2.089  -28.091 1.0000000000
67007  -26.773  1.403  -28.397 1.0000000000
68147  -27.149  1.533  -30.236 1.0000000000
68138  -26.060  1.929  -28.482 1.0000000000
67018  -27.755  1.124  -30.187 1.0000000000
68146  -26.422  2.022  -29.949 1.0000000000
68153  -27.306  1.824  -31.044 1.0000000000
68154  -28.283  1.647  -31.092 1.0000000000
68149  -29.879  1.386  -30.678 1.0000000000
68155  -29.223  1.595  -31.093 1.0000000000
69405  -29.578  2.107  -30.587 1.0000000000
70546  -29.596  3.180  -30.693 1.0000000000
70547  -30.205  3.876  -30.163 0.7777777910
69398  -25.096  3.330  -28.706 0.8888888955
68141  -25.839  2.443  -28.611 1.0000000000
69403  -26.272  3.389  -29.740 1.0000000000
69408  -26.695  2.755  -31.252 1.0000000000
69413  -27.796  2.959  -32.240 1.0000000000
69415  -29.160  3.390  -32.050 1.0000000000
70551  -29.313  3.786  -31.328 1.0000000000
70552  -29.730  3.904  -30.740 1.0000000000
71638  -30.477  4.596  -30.388 0.8888888955
71643  -29.891  4.734  -30.774 1.0000000000
72706  -30.750  5.225  -30.535 0.7777777910
72707  -31.691  5.479  -30.205 0.7777777910
71636  -24.784  4.864  -29.719 0.5555555820
72709  -26.342  5.751  -30.916 0.7777777910
71637  -25.354  4.924  -30.187 0.8888888955
70554  -26.925  3.697  -32.485 1.0000000000
69412  -27.110  2.940  -32.020 1.0000000000
71644  -26.292  4.908  -31.825 0.8888888955
71646  -27.449  4.633  -32.831 1.0000000000
71647  -28.274  4.748  -31.746 1.0000000000
72712  -29.250  5.771  -30.820 1.0000000000
72713  -30.130  5.953  -30.585 0.8888888955
73769  -29.579  6.828  -30.908 1.0000000000
73770  -30.377  6.903  -30.607 0.8888888955
74782  -31.458  7.985  -30.591 0.7777777910
73765  -32.385  6.797  -30.281 0.6666666865
74783  -32.423  7.527  -30.259 0.6666666865
74769  -23.903  6.929  -29.854 0.4444444478
72705  -25.468  5.682  -30.497 0.7777777910
74781  -24.878  6.871  -30.707 0.6666666865
73767  -26.801  6.703  -31.481 0.7777777910
72715  -27.013  6.171  -31.354 0.8888888955
72720  -27.492  5.658  -31.898 0.8888888955
72711  -28.606  5.502  -31.257 1.0000000000
73773  -27.780  6.341  -31.808 1.0000000000
73768  -28.779  6.624  -31.424 1.0000000000
74796  -29.380  7.319  -31.695 1.0000000000
74797  -30.096  7.688  -31.472 0.8888888955
75796  -31.418  8.591  -30.903 0.7777777910
75798  -32.812  8.234  -29.977 0.5555555820
75812  -31.496  8.986  -31.121 0.7777777910
76871  -32.362  9.482  -30.558 0.6666666865
75809  -25.484  7.915  -31.583 0.6666666865
74792  -24.572  7.740  -31.030 0.6666666865
74794  -26.134  7.419  -31.521 0.7777777910
74804  -26.788  7.354  -32.015 0.8888888955
74805  -27.528  7.350  -32.104 0.8888888955
75823  -27.875  8.273  -32.513 1.0000000000
74807  -29.217  7.656  -32.284 1.0000000000
75826  -30.453  8.977  -32.297 0.8888888955
76899  -30.780  9.621  -32.142 0.8888888955
75811  -30.832  8.518  -31.555 0.7777777910
76898  -30.018  9.536  -32.635 0.8888888955
78050  -31.324  10.277  -31.623 0.7777777910
76883  -31.818  9.622  -30.980 0.7777777910
78041  -32.446  10.159  -30.607 0.6666666865
75820  -25.226  8.463  -31.796 0.6666666865
75807  -24.265  8.287  -31.020 0.5555555820
75821  -25.990  8.215  -32.175 0.8888888955
75822  -26.978  8.232  -32.492 0.8888888955
76895  -27.313  9.126  -32.764 1.0000000000
76897  -29.101  9.412  -33.029 1.0000000000
75825  -29.868  8.417  -32.298 0.8888888955
78064  -30.803  10.337  -32.162 0.7777777910
80252  -30.899  11.702  -31.943 0.7777777910
79195  -31.601  11.481  -30.917 0.6666666865
79196  -32.266  11.180  -30.288 0.5555555820
76893  -25.209  9.228  -32.288 0.7777777910
76894  -26.340  9.217  -32.798 0.8888888955
76906  -27.510  9.824  -33.311 1.0000000000
76907  -28.314  9.960  -33.445 1.0000000000
78062  -29.467  10.488  -33.093 0.8888888955
79233  -29.544  11.785  -33.087 0.8888888955
78063  -30.254  10.388  -32.499 0.8888888955
80237  -30.690  12.770  -31.768 0.7777777910
80238  -31.209  12.202  -31.478 0.7777777910
80222  -31.792  12.128  -30.468 0.5555555820
81248  -29.719  13.080  -32.585 0.7777777910
81237  -30.998  13.171  -31.175 0.5555555820
81225  -31.473  13.075  -30.478 0.5555555820
82257  -30.445  14.072  -31.076 0.6666666865
79206  -23.603  11.081  -31.262 0.4444444478
78059  -24.659  10.305  -32.237 0.5555555820
78060  -25.635  10.289  -33.045 0.7777777910
76905  -26.873  9.733  -33.102 1.0000000000
78061  -26.404  9.936  -33.132 0.8888888955
78075  -27.682  10.651  -33.686 1.0000000000
78076  -28.484  10.750  -33.579 0.8888888955
79231  -27.995  11.593  -33.872 0.8888888955
79232  -29.098  11.387  -33.394 0.8888888955
80266  -29.408  12.509  -33.070 0.8888888955
80250  -29.813  12.616  -32.710 0.8888888955
81249  -30.178  13.406  -31.868 0.6666666865
83266  -30.821  14.660  -30.134 0.5555555820
80263  -25.515  12.642  -33.712 0.6666666865
79228  -25.311  11.522  -33.293 0.6666666865
79242  -26.691  12.050  -34.317 0.7777777910
79244  -27.860  12.475  -34.180 0.8888888955
79243  -27.303  12.197  -34.365 0.7777777910
80265  -28.505  12.419  -33.740 0.8888888955
80278  -28.027  13.242  -34.159 0.7777777910
82283  -28.765  14.429  -33.545 0.7777777910
81261  -29.292  13.708  -33.108 0.7777777910
82270  -29.511  14.064  -32.386 0.6666666865
83317  -28.846  15.352  -33.402 0.6666666865
83297  -29.452  15.105  -32.253 0.6666666865
82271  -29.798  14.515  -31.677 0.5555555820
85315  -29.441  17.302  -32.309 0.6666666865
84324  -29.774  16.162  -32.091 0.5555555820
84300  -29.966  16.413  -30.910 0.5555555820
83281  -30.222  15.122  -31.145 0.4444444478
85308  -29.622  17.059  -31.518 0.5555555820
82281  -24.454  14.700  -33.737 0.3333333433
81271  -26.012  13.877  -34.548 0.5555555820
80275  -25.916  13.090  -34.276 0.6666666865
82292  -26.204  14.914  -34.632 0.5555555820
81272  -26.829  13.934  -34.941 0.7777777910
81273  -27.583  13.931  -34.611 0.7777777910
82306  -27.799  15.467  -34.501 0.6666666865
81274  -28.165  14.264  -34.126 0.6666666865
81285  -28.164  15.022  -34.422 0.6666666865
82294  -28.537  15.118  -34.012 0.6666666865
83336  -28.846  16.063  -33.064 0.6666666865
84348  -28.932  16.863  -33.371 0.6666666865
85322  -29.238  17.593  -33.020 0.6666666865
87285  -29.574  18.793  -30.798 0.5555555820
86277  -29.314  18.037  -31.611 0.6666666865
83315  -24.802  15.965  -33.682 0.4444444478
83314  -23.893  15.810  -33.508 0.4444444478
82282  -25.350  14.833  -34.258 0.4444444478
83316  -25.633  15.854  -34.118 0.5555555820
82304  -26.660  15.331  -34.611 0.6666666865
82293  -26.824  14.769  -34.870 0.6666666865
82305  -27.204  15.243  -34.679 0.6666666865
82307  -28.275  15.647  -34.259 0.6666666865
85331  -28.817  17.797  -33.504 0.6666666865
87300  -29.314  19.433  -32.503 0.6666666865
87293  -29.489  19.111  -31.718 0.5555555820
84336  -25.106  16.764  -34.108 0.4444444478
84357  -26.914  16.849  -34.478 0.6666666865
83352  -27.355  16.081  -34.402 0.6666666865
84358  -27.458  16.912  -34.222 0.6666666865
83354  -28.340  16.079  -34.148 0.6666666865
84346  -27.862  17.061  -33.904 0.6666666865
86288  -29.019  18.621  -33.103 0.6666666865
65862  -26.495  0.226  -27.305 0.8888888955
66992  -24.713  0.876  -26.668 1.0000000000
67006  -25.975  1.591  -28.140 1.0000000000
67019  -28.632  0.733  -30.343 1.0000000000
74780  -24.209  7.364  -30.464 0.5555555820
76881  -24.584  8.811  -31.587 0.5555555820
79215  -24.132  11.430  -31.912 0.5555555820
80251  -30.311  12.285  -32.438 0.8888888955
83351  -26.785  16.007  -34.427 0.6666666865
84356  -26.318  16.784  -34.650 0.6666666865
88374  -29.951  19.827  -30.988 0.5555555820
87286  -30.145  19.525  -29.982 0.5555555820
63458  -24.125  -2.429  -24.250 0.5555555820
63459  -24.999  -2.464  -24.613 0.5555555820
64634  -25.080  -1.772  -25.021 0.6666666865
64650  -26.402  -1.867  -25.823 0.5555555820
64680  -28.748  -1.487  -27.292 0.7777777910
65866  -29.401  -0.635  -27.941 0.8888888955
63457  -23.234  -2.206  -24.047 0.5555555820
64665  -26.904  -1.628  -26.342 0.6666666865
65864  -28.090  -0.850  -27.474 0.8888888955
64683  -29.825  -0.726  -28.270 0.7777777910
64687  -30.537  -1.133  -29.456 0.7777777910
65883  -30.867  -0.512  -30.398 0.8888888955
64631  -22.808  -1.441  -24.099 0.4444444478
65835  -23.500  0.165  -25.321 0.5555555820
67021  -31.094  0.281  -30.475 1.0000000000
68125  -23.591  1.652  -26.301 0.2222222239
68126  -24.021  1.784  -26.765 0.6666666865
69401  -30.463  2.031  -29.251 0.8888888955
70541  -30.639  3.172  -29.520 0.6666666865
71639  -31.009  4.520  -30.026 0.7777777910
71632  -31.687  4.655  -29.749 0.6666666865
69388  -24.256  2.746  -27.696 0.5555555820
72700  -32.532  5.499  -29.524 0.6666666865
70532  -23.930  4.065  -28.386 0.4444444478
73756  -32.867  6.746  -29.828 0.5555555820
75788  -33.322  8.523  -29.467 0.5555555820
72697  -23.845  5.669  -29.031 0.2222222239
76872  -33.013  9.339  -30.126 0.5555555820
79197  -32.885  10.557  -30.056 0.5555555820
75794  -23.510  8.519  -30.005 0.3333333433
79177  -32.953  11.186  -29.439 0.5555555820
78049  -24.022  10.364  -31.483 0.4444444478
81211  -32.379  12.762  -29.384 0.4444444478
78048  -23.494  10.413  -30.880 0.3333333433
82226  -31.776  13.761  -29.518 0.5555555820
84288  -30.797  15.653  -29.450 0.4444444478
82269  -23.958  14.186  -33.239 0.3333333433
81258  -24.731  13.583  -33.325 0.4444444478
84301  -30.281  16.111  -30.559 0.4444444478
86273  -30.025  18.348  -29.933 0.4444444478
84335  -24.675  16.937  -33.776 0.3333333433
84345  -25.644  16.733  -34.547 0.6666666865
85329  -27.582  17.734  -34.015 0.6666666865
85330  -28.232  17.850  -33.827 0.6666666865
86298  -28.611  18.909  -33.781 0.6666666865
87306  -28.895  19.749  -33.126 0.6666666865
88385  -29.733  20.151  -31.821 0.6666666865
88386  -30.438  20.711  -31.256 0.4444444478
88375  -30.428  20.592  -30.285 0.3333333433
85337  -26.613  17.643  -34.949 0.5555555820
65820  -23.672  -0.866  -25.035 0.5555555820
64648  -24.713  -1.105  -25.297 0.6666666865
64633  -24.406  -1.730  -24.829 0.5555555820
65837  -25.089  -0.333  -26.025 0.6666666865
65838  -25.770  -0.844  -26.083 0.7777777910
64664  -26.190  -1.230  -26.084 0.7777777910
67008  -27.836  0.345  -28.431 1.0000000000
67002  -25.758  0.960  -27.527 1.0000000000
65876  -29.063  -0.155  -29.055 1.0000000000
65871  -28.739  -0.314  -28.178 0.8888888955
65865  -28.917  -0.897  -27.627 0.8888888955
65819  -23.218  -0.474  -24.804 0.5555555820
66993  -25.480  0.429  -26.859 0.8888888955
67009  -28.518  0.025  -28.741 1.0000000000
65881  -28.809  -0.373  -29.864 1.0000000000
64692  -30.725  -1.185  -30.068 1.0000000000
67020  -29.882  0.606  -30.618 1.0000000000
66991  -24.006  1.300  -26.399 0.6666666865
68133  -24.536  1.908  -27.268 0.8888888955
68136  -24.800  2.293  -27.755 0.8888888955
67001  -24.974  1.362  -27.302 1.0000000000
69395  -25.369  2.773  -28.531 1.0000000000
67012  -26.968  1.678  -29.081 1.0000000000
68142  -26.459  2.188  -29.051 1.0000000000
67013  -27.594  1.168  -29.420 1.0000000000
69400  -26.326  2.713  -29.588 1.0000000000
69404  -26.420  2.747  -30.274 1.0000000000
67026  -29.152  1.006  -30.811 1.0000000000
68150  -30.247  1.252  -29.820 0.8888888955
69410  -28.563  2.200  -31.979 1.0000000000
69409  -27.631  2.352  -31.651 1.0000000000
69411  -29.340  2.692  -31.637 1.0000000000
69406  -29.920  2.641  -29.835 0.8888888955
70548  -30.688  3.967  -29.608 0.7777777910
70540  -25.838  3.703  -29.506 1.0000000000
70533  -24.388  3.773  -28.562 0.5555555820
70525  -24.258  3.223  -28.135 0.6666666865
69399  -25.849  3.125  -29.059 1.0000000000
69407  -26.350  3.445  -30.489 1.0000000000
70549  -26.323  3.933  -31.344 1.0000000000
70555  -27.925  3.796  -32.301 1.0000000000
70556  -28.657  3.776  -32.030 1.0000000000
71642  -28.936  4.800  -31.201 1.0000000000
73763  -30.965  6.185  -30.581 0.8888888955
72708  -32.260  6.250  -30.098 0.6666666865
71631  -24.300  4.759  -29.082 0.5555555820
71623  -24.015  4.429  -28.607 0.5555555820
72698  -24.308  5.640  -29.524 0.6666666865
70539  -25.188  4.043  -29.289 0.7777777910
70544  -25.323  4.514  -29.784 0.7777777910
73762  -25.502  6.480  -30.710 0.6666666865
72710  -26.785  6.137  -31.209 0.8888888955
71640  -26.078  4.935  -30.742 0.8888888955
72714  -26.783  5.471  -31.643 0.8888888955
70545  -26.025  4.226  -29.987 0.8888888955
71650  -26.822  5.322  -33.042 0.8888888955
72716  -27.799  5.147  -32.118 1.0000000000
74798  -30.840  7.508  -30.761 0.8888888955
73771  -30.970  6.842  -30.579 0.7777777910
73764  -31.671  6.796  -30.519 0.7777777910
75797  -32.057  8.753  -30.478 0.6666666865
74770  -32.893  7.368  -29.990 0.5555555820
73761  -24.819  6.400  -30.406 0.5555555820
73754  -23.866  6.456  -29.448 0.3333333433
73755  -24.322  6.425  -29.919 0.4444444478
72704  -24.783  5.632  -30.069 0.6666666865
73766  -26.245  6.726  -30.986 0.7777777910
73772  -27.299  6.430  -31.756 0.8888888955
72717  -28.214  5.885  -31.626 1.0000000000
74806  -28.388  7.333  -32.059 1.0000000000
75810  -30.295  8.177  -31.844 0.7777777910
76882  -31.318  9.395  -31.569 0.7777777910
75824  -28.784  8.340  -32.649 1.0000000000
79207  -31.234  11.240  -31.521 0.7777777910
78051  -31.798  10.187  -31.005 0.7777777910
78040  -31.689  10.722  -30.917 0.6666666865
75795  -23.797  8.429  -30.527 0.4444444478
76896  -28.164  9.193  -32.887 1.0000000000
76908  -28.888  10.236  -33.411 0.8888888955
79219  -30.709  11.076  -32.197 0.7777777910
80202  -31.879  12.607  -30.036 0.5555555820
79176  -32.443  11.544  -29.819 0.5555555820
76892  -24.420  9.595  -31.756 0.5555555820
79218  -29.822  11.296  -32.842 0.8888888955
81238  -31.393  12.652  -30.928 0.6666666865
82242  -31.394  13.858  -29.984 0.5555555820
78074  -26.674  10.498  -33.565 1.0000000000
78073  -25.956  10.948  -33.513 0.7777777910
79230  -27.111  11.327  -34.189 0.7777777910
83267  -31.211  14.293  -29.885 0.5555555820
80262  -24.674  12.561  -33.065 0.5555555820
81259  -25.388  13.795  -33.929 0.4444444478
80264  -26.165  12.408  -34.249 0.6666666865
79229  -26.194  11.590  -33.912 0.7777777910
79216  -24.857  11.057  -32.644 0.7777777910
79227  -24.571  11.794  -32.687 0.6666666865
80277  -27.387  13.081  -34.527 0.7777777910
81260  -28.639  13.418  -33.581 0.7777777910
82284  -29.214  14.729  -32.970 0.6666666865
84337  -29.287  16.630  -32.839 0.6666666865
83318  -29.171  15.689  -32.772 0.6666666865
84325  -29.892  15.838  -31.799 0.5555555820
83298  -29.818  15.448  -31.738 0.5555555820
85302  -29.802  16.787  -30.850 0.4444444478
86272  -29.611  17.697  -30.787 0.5555555820
81283  -27.252  14.498  -34.874 0.7777777910
86283  -29.243  18.340  -32.425 0.6666666865
84347  -28.468  16.985  -33.669 0.6666666865
76880  -23.829  9.321  -31.082 0.4444444478
74779  -23.668  7.952  -30.149 0.4444444478
76868  -23.566  9.103  -30.416 0.4444444478
89397  -30.639  21.513  -30.602 0.3333333433
64681  -29.381  -1.108  -27.525 0.6666666865
63442  -23.604  -2.817  -23.717 0.5555555820
67022  -32.056  0.042  -30.313 0.7777777910
64615  -22.306  -1.852  -23.590 0.3333333433
70542  -31.292  3.910  -29.185 0.6666666865
72689  -23.443  5.644  -28.457 0.1111111119
73742  -23.407  6.482  -28.967 0.1111111119
76879  -23.483  9.768  -30.501 0.3333333433
80249  -24.074  12.508  -32.377 0.3333333433
88392  -29.550  20.591  -32.575 0.6666666865
88393  -30.238  20.904  -31.997 0.4444444478
62309  -27.299  -3.836  -24.398 0.4444444478
62270  -27.573  -3.629  -22.546 0.2222222239
62307  -25.372  -3.405  -24.261 0.4444444478
61141  -25.945  -3.880  -24.455 0.4444444478
63460  -25.684  -2.814  -24.782 0.4444444478
62308  -26.124  -3.368  -24.717 0.4444444478
62322  -27.280  -3.417  -24.878 0.4444444478
63477  -28.078  -2.830  -25.378 0.4444444478
63461  -28.216  -2.551  -24.164 0.2222222239
63493  -26.841  -2.370  -25.888 0.4444444478
63476  -27.152  -2.903  -25.457 0.4444444478
64636  -28.833  -1.360  -24.659 0.1111111119
64617  -28.853  -1.198  -23.552 0.1111111119
63495  -28.207  -2.322  -26.369 0.4444444478
64652  -28.819  -1.774  -25.695 0.3333333433
63494  -27.511  -2.431  -26.115 0.4444444478
63478  -28.558  -2.186  -26.193 0.3333333433
63496  -28.578  -2.039  -26.549 0.4444444478
64666  -27.801  -1.852  -26.747 0.5555555820
65855  -30.165  -0.662  -27.134 0.2222222239
65840  -30.129  -0.327  -25.922 0.1111111119
66995  -31.550  0.254  -26.394 0.1111111119
65854  -29.589  -1.255  -26.922 0.3333333433
64684  -30.213  -0.789  -28.736 0.4444444478
64685  -30.788  -0.881  -29.181 0.5555555820
65878  -31.991  -0.825  -29.436 0.6666666865
67005  -32.067  0.553  -28.021 0.4444444478
64695  -33.095  -0.836  -30.164 0.6666666865
69389  -32.923  2.358  -27.611 0.3333333433
67015  -31.975  0.227  -29.645 0.6666666865
69396  -31.582  2.001  -28.505 0.5555555820
68145  -30.921  1.091  -28.890 0.6666666865
69397  -32.281  2.666  -28.249 0.5555555820
70535  -32.425  3.845  -28.546 0.3333333433
69402  -31.091  2.580  -28.951 0.5555555820
72690  -32.981  5.316  -28.759 0.4444444478
71624  -32.656  4.727  -28.908 0.4444444478
73757  -33.430  6.994  -29.235 0.4444444478
86297  -27.857  18.632  -34.230 0.5555555820
87316  -28.682  20.123  -33.787 0.5555555820
88401  -28.958  20.792  -33.140 0.5555555820
89425  -29.547  21.370  -32.905 0.5555555820
61143  -26.986  -4.326  -24.433 0.4444444478
62293  -27.915  -3.146  -23.436 0.2222222239
63474  -25.574  -2.200  -25.003 0.4444444478
65868  -30.870  -0.419  -28.008 0.4444444478
65856  -31.113  -0.041  -27.174 0.3333333433
65873  -30.571  -0.507  -28.707 0.4444444478
67016  -32.876  0.004  -29.601 0.6666666865
67011  -32.024  0.162  -28.856 0.4444444478
71625  -33.046  4.547  -28.289 0.3333333433
73743  -33.183  6.167  -28.982 0.4444444478
76859  -33.628  9.347  -29.244 0.4444444478
87315  -28.266  19.626  -34.294 0.5555555820
87323  -27.965  20.086  -34.502 0.5555555820
66996  -32.231  0.600  -26.743 0.2222222239
89426  -30.009  21.679  -32.300 0.5555555820
60003  -25.408  -5.186  -22.990 0.4444444478
60004  -26.217  -5.167  -23.257 0.4444444478
59986  -26.729  -4.994  -23.144 0.4444444478
62253  -27.920  -2.824  -21.676 0.1111111119
62290  -24.423  -3.415  -23.656 0.4444444478
61125  -24.911  -4.387  -23.341 0.4444444478
63443  -28.260  -2.409  -23.145 0.1111111119
65790  -29.521  -0.357  -23.017 0.1111111119
65822  -30.148  0.008  -24.749 0.1111111119
66969  -31.126  0.453  -24.055 0.1111111119
66985  -32.184  0.491  -25.551 0.1111111119
68127  -32.933  1.453  -26.204 0.2222222239
68135  -32.571  1.384  -27.259 0.2222222239
70536  -32.812  3.919  -28.121 0.2222222239
71617  -33.396  4.679  -27.519 0.2222222239
72691  -33.582  5.582  -28.173 0.3333333433
74771  -33.160  7.607  -29.656 0.4444444478
76838  -33.739  9.199  -28.854 0.3333333433
78026  -33.498  10.210  -29.642 0.3333333433
81210  -31.992  13.121  -29.676 0.4444444478
85294  -30.520  16.673  -29.365 0.3333333433
85336  -25.778  17.492  -35.202 0.4444444478
86306  -27.108  18.664  -34.630 0.5555555820
86307  -27.751  19.373  -34.518 0.5555555820
88410  -28.622  21.038  -33.594 0.5555555820
89438  -29.151  21.801  -33.313 0.5555555820
87322  -27.416  19.919  -34.492 0.5555555820
62306  -24.731  -2.924  -24.193 0.4444444478
65853  -27.863  -1.410  -27.119 0.5555555820
64667  -28.485  -1.961  -26.866 0.5555555820
64688  -31.397  -1.188  -29.608 0.6666666865
70534  -31.768  3.159  -28.696 0.5555555820
71633  -32.151  4.462  -29.297 0.5555555820
85303  -29.850  17.181  -29.995 0.3333333433
63475  -26.299  -2.561  -25.271 0.4444444478
64669  -29.600  -1.166  -27.245 0.3333333433
64668  -29.139  -1.784  -26.803 0.3333333433
61155  -27.027  -3.901  -24.587 0.4444444478
62292  -27.481  -3.881  -23.659 0.4444444478
62323  -27.557  -3.316  -24.754 0.4444444478
61128  -27.159  -4.514  -23.945 0.4444444478
62271  -27.988  -2.840  -22.615 0.1111111119
62291  -25.169  -3.878  -23.740 0.4444444478
61126  -25.764  -4.418  -23.918 0.4444444478
61142  -26.550  -4.014  -24.520 0.4444444478
62321  -26.769  -3.339  -24.903 0.4444444478
62310  -27.736  -3.290  -24.340 0.4444444478
64651  -28.526  -2.142  -24.856 0.4444444478
64616  -28.422  -1.920  -23.582 0.1111111119
65805  -29.469  -0.585  -24.143 0.1111111119
64600  -29.173  -0.961  -22.440 0.1111111119
65839  -29.496  -1.125  -26.343 0.3333333433
65821  -29.375  -0.798  -25.297 0.2222222239
66994  -30.761  0.021  -26.440 0.1111111119
66984  -31.092  0.439  -25.405 0.1111111119
64682  -29.859  -0.826  -27.833 0.3333333433
65874  -31.199  -0.339  -29.065 0.4444444478
65875  -31.792  -0.054  -29.034 0.4444444478
65869  -31.702  -0.059  -27.853 0.4444444478
65857  -31.732  0.101  -27.024 0.3333333433
69381  -33.188  1.980  -26.856 0.1111111119
68140  -32.087  1.317  -28.203 0.4444444478
68139  -31.548  1.168  -28.527 0.5555555820
67010  -31.757  0.404  -28.874 0.5555555820
70543  -31.937  3.848  -28.945 0.5555555820
70526  -32.739  3.338  -27.919 0.3333333433
61127  -26.609  -4.714  -24.067 0.4444444478
60005  -26.807  -4.884  -23.548 0.4444444478
88415  -27.832  20.834  -34.225 0.5555555820
58926  -26.061  -5.428  -22.933 0.4444444478
61106  -26.817  -4.893  -22.896 0.4444444478
61084  -27.062  -4.342  -21.995 0.2222222239
61107  -27.134  -4.592  -23.052 0.4444444478
62289  -23.349  -3.481  -23.394 0.4444444478
64599  -28.612  -1.676  -22.788 0.1111111119
63424  -28.395  -2.224  -22.193 0.1111111119
55503  -24.749  -9.833  -18.068 0.1111111119
56738  -23.466  -8.185  -20.907 0.3333333433
55550  -24.330  -9.719  -19.296 0.2222222239
55527  -24.423  -9.889  -18.608 0.2222222239
55528  -24.972  -9.266  -18.697 0.1111111119
58904  -22.412  -5.916  -21.671 0.3333333433
57799  -22.655  -7.444  -20.850 0.3333333433
56737  -22.838  -8.206  -20.629 0.3333333433
56739  -24.284  -7.855  -21.360 0.3333333433
55589  -24.718  -8.265  -21.089 0.3333333433
55551  -24.842  -9.023  -19.685 0.2222222239
56721  -25.200  -8.039  -20.803 0.2222222239
56655  -25.576  -8.693  -18.367 0.1111111119
56700  -25.310  -8.301  -20.020 0.2222222239
61102  -21.313  -4.469  -21.910 0.2222222239
59980  -21.869  -5.144  -21.818 0.2222222239
58879  -22.966  -6.650  -21.412 0.3333333433
57800  -23.568  -7.343  -21.333 0.3333333433
57741  -25.634  -7.823  -19.538 0.1111111119
61122  -22.345  -3.835  -23.017 0.2222222239
61103  -22.176  -4.350  -22.552 0.3333333433
61123  -22.855  -4.086  -23.104 0.3333333433
59981  -22.716  -5.325  -22.261 0.3333333433
61104  -23.140  -4.783  -22.733 0.3333333433
61105  -23.672  -4.977  -22.795 0.3333333433
58905  -23.258  -6.112  -21.997 0.3333333433
59982  -23.635  -5.523  -22.534 0.3333333433
57821  -25.129  -6.934  -22.035 0.3333333433
59983  -24.461  -5.709  -22.640 0.3333333433
57802  -25.246  -7.057  -21.731 0.3333333433
58907  -25.319  -6.282  -22.413 0.3333333433
58881  -25.683  -6.744  -21.483 0.3333333433
58861  -25.652  -6.938  -20.622 0.1111111119
58862  -26.055  -6.325  -20.857 0.2222222239
63440  -22.225  -2.596  -23.277 0.2222222239
62288  -22.589  -3.364  -23.202 0.3333333433
61124  -23.867  -4.434  -23.113 0.3333333433
59984  -24.905  -5.584  -22.699 0.3333333433
58925  -25.842  -5.529  -22.830 0.3333333433
58882  -26.163  -6.104  -21.862 0.3333333433
58908  -26.073  -5.603  -22.631 0.3333333433
59985  -26.495  -5.163  -22.784 0.3333333433
73744  -33.806  6.780  -28.479 0.2222222239
74755  -33.632  7.796  -28.915 0.2222222239
74756  -33.950  7.580  -28.258 0.2222222239
80204  -32.817  11.733  -29.153 0.3333333433
79151  -33.098  11.581  -28.967 0.2222222239
55588  -24.154  -8.620  -20.847 0.3333333433
56676  -25.476  -8.412  -19.092 0.1111111119
57801  -24.268  -7.071  -21.630 0.3333333433
56760  -25.000  -7.224  -21.790 0.3333333433
56740  -24.975  -7.662  -21.433 0.3333333433
57782  -25.367  -7.338  -21.078 0.3333333433
59959  -26.403  -5.355  -22.122 0.3333333433
54312  -23.996  -10.386  -18.876 0.1111111119
54294  -24.246  -10.383  -18.130 0.1111111119
57780  -21.926  -7.819  -20.527 0.3333333433
57781  -22.468  -8.026  -20.573 0.3333333433
55569  -22.937  -9.516  -20.467 0.3333333433
55570  -24.031  -9.544  -20.273 0.3333333433
54277  -24.828  -10.490  -17.329 0.1111111119
55504  -25.499  -9.386  -17.753 0.1111111119
58878  -22.105  -6.523  -21.188 0.3333333433
56677  -25.817  -8.201  -18.498 0.1111111119
62269  -21.529  -3.649  -22.374 0.2222222239
57763  -25.792  -7.397  -19.578 0.1111111119
62287  -22.063  -3.424  -22.852 0.2222222239
59934  -26.435  -5.839  -20.117 0.1111111119
59943  -26.442  -5.428  -21.110 0.1111111119
61083  -26.706  -4.845  -22.464 0.1111111119
64614  -21.739  -1.811  -23.186 0.1111111119
75771  -33.644  8.783  -28.857 0.2222222239
81196  -32.460  13.139  -28.967 0.2222222239
80183  -32.904  12.156  -28.737 0.2222222239
65818  -22.580  -0.622  -24.137 0.2222222239
63456  -22.658  -2.178  -23.729 0.3333333433
63441  -22.910  -2.770  -23.557 0.4444444478
76860  -33.898  9.948  -29.069 0.2222222239
56720  -23.056  -8.719  -20.617 0.3333333433
55587  -23.549  -8.940  -20.634 0.3333333433
58903  -21.627  -5.807  -21.363 0.2222222239
58877  -21.420  -6.294  -20.939 0.2222222239
57798  -21.693  -6.992  -20.749 0.3333333433
55571  -24.744  -8.684  -20.507 0.3333333433
56759  -24.708  -7.354  -21.622 0.3333333433
58880  -23.693  -6.687  -21.661 0.3333333433
57762  -25.561  -7.475  -20.224 0.1111111119
60001  -24.056  -5.156  -22.807 0.3333333433
58906  -24.210  -6.394  -22.196 0.3333333433
58845  -25.990  -6.800  -19.824 0.1111111119
63439  -21.816  -2.894  -22.857 0.2222222239
60002  -24.617  -5.069  -22.886 0.3333333433
54293  -23.713  -10.993  -18.343 0.1111111119
56719  -22.376  -8.642  -20.561 0.3333333433
56718  -21.418  -8.546  -20.265 0.2222222239
54327  -23.756  -10.199  -19.508 0.3333333433
58902  -21.130  -5.778  -21.073 0.2222222239
75772  -33.877  8.358  -28.322 0.1111111119
73745  -34.156  7.128  -27.869 0.1111111119
75735  -34.295  8.604  -27.170 0.1111111119
75753  -34.155  8.711  -27.854 0.1111111119
77984  -34.776  9.999  -28.017 0.1111111119
76818  -34.884  9.806  -27.318 0.1111111119
79178  -33.649  10.701  -29.092 0.1111111119
78007  -34.820  10.725  -28.050 0.1111111119
78006  -34.221  10.462  -28.646 0.1111111119
79153  -34.459  11.141  -28.191 0.1111111119
83227  -31.362  15.047  -28.915 0.2222222239
79152  -33.686  11.376  -28.618 0.1111111119
79130  -34.415  11.790  -27.916 0.1111111119
85284  -30.996  16.160  -28.624 0.1111111119
86266  -30.488  17.776  -29.163 0.1111111119
84280  -31.456  15.555  -28.018 0.1111111119
86256  -31.751  17.664  -27.674 0.1111111119
86296  -27.361  18.206  -34.287 0.4444444478
87279  -30.525  19.045  -28.823 0.1111111119
86295  -25.370  19.024  -35.120 0.4444444478
87280  -31.273  19.883  -28.472 0.1111111119
88409  -28.214  20.694  -34.038 0.4444444478
89413  -30.399  21.647  -31.440 0.3333333433
89382  -30.913  21.439  -29.726 0.1111111119
88359  -30.815  20.379  -29.220 0.1111111119
89383  -31.463  21.333  -28.962 0.1111111119
89447  -28.066  21.515  -34.181 0.4444444478
90546  -28.711  22.806  -34.171 0.4444444478
89448  -28.505  21.853  -33.858 0.4444444478
90535  -29.185  22.725  -33.729 0.4444444478
90536  -29.646  22.742  -33.111 0.4444444478
91584  -30.145  23.567  -32.708 0.4444444478
91573  -30.326  23.456  -31.867 0.2222222239
92557  -30.586  23.973  -31.401 0.2222222239
91567  -30.602  23.419  -31.119 0.2222222239
92545  -31.177  23.993  -30.059 0.2222222239
91559  -31.548  23.450  -29.908 0.2222222239
96799  -32.276  29.304  -31.874 0.1111111119
95131  -32.419  27.739  -31.015 0.1111111119
92547  -32.842  24.389  -29.357 0.1111111119
87314  -26.793  20.293  -34.351 0.4444444478
88408  -26.853  21.399  -34.323 0.4444444478
88414  -27.434  21.056  -34.240 0.3333333433
89456  -27.928  21.908  -34.484 0.4444444478
91616  -28.773  23.630  -34.428 0.4444444478
92596  -29.542  24.578  -33.971 0.4444444478
91601  -29.737  23.599  -33.529 0.4444444478
92609  -29.222  25.146  -34.153 0.3333333433
93502  -30.338  25.432  -32.491 0.3333333433
93488  -30.597  25.489  -31.656 0.1111111119
92569  -30.644  25.008  -31.287 0.1111111119
94306  -31.235  25.900  -30.867 0.1111111119
92558  -30.866  24.512  -30.680 0.2222222239
93476  -31.320  25.487  -30.515 0.1111111119
94307  -31.752  26.227  -30.668 0.1111111119
88407  -26.181  20.706  -34.236 0.2222222239
90554  -27.862  22.905  -34.480 0.3333333433
92595  -29.163  24.111  -34.361 0.3333333433
93514  -29.555  26.077  -33.960 0.2222222239
93515  -29.903  25.604  -33.437 0.2222222239
94322  -30.521  26.102  -32.026 0.2222222239
95129  -30.646  26.829  -32.058 0.1111111119
94345  -29.713  26.851  -33.543 0.1111111119
95146  -30.380  27.626  -32.670 0.1111111119
94324  -31.722  26.997  -31.018 0.1111111119
95159  -29.830  27.886  -33.580 0.1111111119
95147  -30.899  28.139  -32.219 0.1111111119
95130  -31.235  27.653  -31.651 0.1111111119
89455  -27.441  22.069  -34.499 0.3333333433
90545  -26.850  23.009  -34.241 0.3333333433
91628  -27.723  23.805  -34.697 0.3333333433
91629  -28.280  23.773  -34.665 0.3333333433
92608  -28.786  24.739  -34.401 0.3333333433
93528  -29.079  25.872  -34.305 0.2222222239
94344  -29.342  26.686  -34.231 0.2222222239
95158  -29.337  27.706  -34.349 0.1111111119
95987  -30.172  28.467  -33.237 0.1111111119
95972  -30.783  28.706  -32.626 0.1111111119
97689  -31.428  30.698  -33.220 0.1111111119
90533  -26.238  23.073  -33.299 0.1111111119
91614  -26.522  24.187  -33.776 0.1111111119
92620  -26.892  24.602  -34.529 0.2222222239
93540  -27.287  25.390  -34.675 0.2222222239
92621  -27.467  24.675  -34.797 0.3333333433
92622  -28.075  24.794  -34.800 0.3333333433
93541  -27.793  25.749  -34.701 0.3333333433
94366  -28.034  26.936  -35.388 0.2222222239
94367  -28.405  27.366  -35.442 0.1111111119
95179  -28.542  27.879  -35.796 0.1111111119
95169  -29.019  28.029  -34.890 0.1111111119
95996  -29.248  28.687  -35.031 0.1111111119
95986  -29.538  28.785  -33.952 0.1111111119
96827  -29.635  29.689  -33.775 0.1111111119
96811  -30.882  29.458  -32.774 0.1111111119
96813  -32.564  29.752  -32.149 0.1111111119
96800  -32.901  29.231  -31.781 0.1111111119
91598  -26.374  23.866  -33.323 0.1111111119
92594  -26.475  24.600  -33.013 0.1111111119
92607  -26.586  24.572  -34.075 0.1111111119
93512  -26.516  25.104  -33.574 0.1111111119
94354  -27.216  26.602  -33.991 0.1111111119
94365  -27.625  26.515  -34.756 0.2222222239
95168  -27.604  27.615  -34.648 0.1111111119
95177  -28.145  27.847  -36.022 0.1111111119
96849  -28.547  29.158  -36.175 0.1111111119
96006  -28.786  28.825  -36.094 0.1111111119
96839  -28.908  29.708  -35.052 0.1111111119
96840  -29.224  29.600  -34.670 0.1111111119
93501  -27.165  25.799  -32.438 0.1111111119
92579  -27.373  25.416  -31.850 0.1111111119
94343  -27.278  26.675  -33.004 0.1111111119
95157  -27.625  27.500  -33.500 0.1111111119
95985  -28.470  28.336  -33.813 0.1111111119
96838  -28.620  29.367  -34.816 0.1111111119
94334  -27.350  26.793  -31.973 0.1111111119
94321  -27.622  26.814  -30.956 0.1111111119
95145  -27.566  27.616  -32.452 0.1111111119
74717  -34.172  7.814  -26.755 0.1111111119
76817  -34.507  9.289  -27.639 0.1111111119
76801  -34.679  9.254  -26.859 0.1111111119
81197  -33.066  12.969  -27.873 0.1111111119
80184  -33.688  12.179  -28.055 0.1111111119
82206  -32.278  13.855  -28.209 0.1111111119
87269  -31.012  18.135  -28.337 0.1111111119
87321  -26.693  19.360  -34.630 0.4444444478
90512  -30.269  22.569  -31.631 0.3333333433
90498  -30.668  22.515  -30.758 0.2222222239
90485  -31.003  22.146  -30.134 0.1111111119
90486  -31.659  22.430  -29.449 0.1111111119
88360  -31.524  20.595  -28.654 0.1111111119
92559  -31.375  25.080  -30.083 0.2222222239
94323  -31.037  26.352  -31.334 0.1111111119
94309  -33.604  26.400  -30.356 0.1111111119
95973  -31.336  28.505  -32.078 0.1111111119
95971  -28.050  28.120  -32.829 0.1111111119
95128  -27.650  27.741  -31.411 0.1111111119
76786  -34.764  9.338  -26.006 0.1111111119
75722  -34.408  8.554  -26.292 0.1111111119
84279  -31.215  15.359  -28.814 0.2222222239
86305  -26.162  18.604  -35.225 0.4444444478
91600  -29.271  23.545  -34.143 0.4444444478
90555  -28.280  22.881  -34.382 0.4444444478
92580  -30.225  24.528  -33.118 0.4444444478
92578  -27.021  24.777  -32.094 0.1111111119
92566  -26.963  24.573  -30.916 0.1111111119
93487  -27.414  25.999  -31.507 0.1111111119
73729  -34.031  6.382  -27.608 0.1111111119
73730  -34.182  7.112  -27.174 0.1111111119
76766  -34.838  9.515  -25.256 0.1111111119
75709  -34.515  8.679  -25.173 0.1111111119
77970  -35.388  10.708  -26.338 0.1111111119
77985  -35.124  10.594  -27.314 0.1111111119
79112  -35.605  11.608  -26.870 0.1111111119
82207  -32.858  13.900  -27.553 0.1111111119
81198  -33.788  12.658  -27.723 0.1111111119
80167  -34.266  12.421  -27.681 0.1111111119
83229  -32.229  14.782  -27.470 0.1111111119
84281  -32.257  15.974  -27.517 0.1111111119
86246  -32.145  17.813  -27.519 0.1111111119
87270  -31.759  18.920  -27.969 0.1111111119
90487  -32.703  22.762  -28.849 0.1111111119
89374  -32.748  21.163  -28.388 0.1111111119
87313  -25.952  19.650  -34.636 0.4444444478
91562  -34.142  23.659  -29.044 0.1111111119
93471  -33.448  24.975  -29.664 0.1111111119
88400  -26.623  21.891  -34.354 0.2222222239
89446  -26.941  22.271  -34.443 0.2222222239
95115  -33.868  27.108  -30.755 0.1111111119
89436  -26.177  22.150  -33.458 0.1111111119
91627  -27.182  23.803  -34.467 0.2222222239
96801  -33.527  29.089  -31.735 0.1111111119
96814  -33.764  29.650  -32.380 0.1111111119
89424  -26.167  22.708  -32.714 0.1111111119
89412  -26.168  23.062  -32.253 0.1111111119
91572  -26.611  24.085  -31.479 0.1111111119
91566  -26.363  24.191  -30.678 0.1111111119
97677  -32.861  30.250  -32.647 0.1111111119
92556  -27.032  25.240  -30.274 0.1111111119
97702  -29.128  30.658  -34.639 0.1111111119
98659  -29.750  31.126  -34.031 0.1111111119
98675  -31.298  31.869  -34.413 0.1111111119
93475  -27.406  25.969  -30.539 0.1111111119
95984  -28.662  28.822  -33.046 0.1111111119
97700  -28.638  30.306  -33.865 0.1111111119
95956  -28.039  28.709  -31.865 0.1111111119
82205  -31.964  13.917  -29.047 0.1111111119
90523  -29.978  22.682  -32.411 0.4444444478
76839  -34.073  9.354  -28.516 0.1111111119
86255  -31.039  17.181  -28.507 0.2222222239
76802  -35.090  9.923  -26.630 0.1111111119
79131  -35.050  11.384  -27.713 0.1111111119
83228  -31.550  14.693  -28.612 0.1111111119
85285  -31.538  16.588  -27.891 0.1111111119
90475  -32.246  21.850  -28.652 0.1111111119
92568  -30.470  24.497  -31.910 0.2222222239
92546  -31.770  24.484  -29.738 0.2222222239
91560  -32.321  23.527  -29.398 0.1111111119
95957  -32.088  28.688  -31.601 0.1111111119
96812  -31.599  29.371  -32.245 0.1111111119
95114  -33.087  27.069  -30.668 0.1111111119
95958  -33.128  28.593  -31.384 0.1111111119
95132  -33.561  27.815  -31.073 0.1111111119
92560  -34.314  24.439  -29.589 0.1111111119
91561  -33.226  23.658  -28.934 0.1111111119
93470  -32.650  25.040  -29.703 0.2222222239
93529  -29.491  25.441  -33.997 0.3333333433
93477  -32.071  25.517  -30.074 0.2222222239
94335  -30.165  26.403  -32.671 0.2222222239
90553  -27.385  22.970  -34.422 0.3333333433
93542  -28.338  26.098  -34.704 0.2222222239
94355  -28.849  26.969  -34.693 0.1111111119
96828  -30.299  29.320  -33.275 0.1111111119
97675  -31.129  30.023  -32.821 0.1111111119
97688  -30.380  30.304  -33.459 0.1111111119
97676  -31.971  30.261  -32.560 0.1111111119
98660  -30.807  31.289  -33.778 0.1111111119
91599  -26.417  23.405  -33.614 0.1111111119
90522  -26.230  23.359  -32.638 0.1111111119
91615  -26.659  23.795  -33.990 0.1111111119
93527  -26.814  25.457  -34.222 0.1111111119
95187  -28.103  28.362  -37.125 0.1111111119
96007  -29.041  28.428  -35.455 0.1111111119
97687  -29.440  30.323  -33.999 0.1111111119
92606  -26.465  24.533  -33.653 0.1111111119
91583  -26.432  24.021  -32.390 0.1111111119
93500  -26.688  25.241  -32.922 0.1111111119
93513  -26.857  25.821  -33.406 0.1111111119
95995  -27.812  28.602  -35.451 0.1111111119
96005  -27.776  28.459  -36.797 0.1111111119
96851  -29.061  29.205  -35.599 0.1111111119
92567  -27.372  25.259  -31.192 0.1111111119
73711  -34.101  7.150  -26.479 0.1111111119
93478  -33.138  25.674  -29.950 0.1111111119
94325  -34.359  26.522  -30.735 0.1111111119
97701  -28.774  30.646  -34.525 0.1111111119
95955  -28.345  29.222  -32.047 0.1111111119
76787  -35.201  10.004  -25.744 0.1111111119
85286  -32.081  16.968  -27.328 0.1111111119
93479  -34.302  25.432  -30.171 0.1111111119
95133  -34.514  27.499  -31.333 0.1111111119
90534  -26.439  22.953  -33.818 0.1111111119
89423  -26.079  21.860  -32.538 0.1111111119
95959  -34.183  28.670  -31.664 0.1111111119
96826  -28.671  29.496  -33.223 0.1111111119
97685  -28.191  30.841  -33.005 0.1111111119
55568  -22.005  -9.475  -20.363 0.2222222239
70519  -23.567  3.457  -27.226 0.2222222239
71616  -23.543  4.277  -27.621 0.2222222239
66981  -23.118  0.623  -25.165 0.3333333433
69380  -24.023  2.405  -27.135 0.3333333433
70524  -23.834  3.591  -27.956 0.3333333433
86304  -25.255  18.267  -35.317 0.3333333433
85328  -24.806  17.529  -34.761 0.2222222239
88405  -24.907  20.070  -34.366 0.1111111119
88406  -25.446  20.257  -34.264 0.1111111119
81246  -23.532  13.381  -32.149 0.2222222239
80248  -23.529  12.456  -31.758 0.1111111119
69379  -23.550  2.541  -26.645 0.2222222239
83296  -23.423  15.719  -32.842 0.1111111119
85326  -23.945  18.473  -33.931 0.1111111119
87311  -24.530  19.620  -34.214 0.1111111119
88397  -25.029  20.374  -33.822 0.1111111119
88398  -25.739  21.131  -33.640 0.1111111119
84334  -24.080  16.808  -33.703 0.1111111119
69370  -23.304  1.996  -26.177 0.2222222239
74768  -23.475  7.512  -29.488 0.2222222239
85320  -24.376  17.488  -34.020 0.1111111119
74750  -23.074  7.021  -28.900 0.1111111119
74767  -23.134  8.075  -29.142 0.3333333433
87312  -25.052  19.653  -34.746 0.1111111119
85327  -24.124  18.186  -34.303 0.1111111119
84323  -23.540  16.750  -33.157 0.1111111119
86293  -24.097  18.887  -34.169 0.1111111119
85319  -23.768  17.923  -33.559 0.1111111119
86292  -23.957  18.777  -33.678 0.1111111119
66986  -32.658  0.936  -25.646 0.1111111119
54325  -22.294  -10.389  -20.006 0.1111111119
54326  -23.159  -10.400  -19.854 0.1111111119
53123  -22.932  -11.136  -19.558 0.1111111119
55549  -20.848  -9.489  -19.586 0.1111111119
56699  -20.897  -8.883  -19.845 0.1111111119
57779  -20.933  -7.287  -20.357 0.1111111119
58876  -20.873  -6.130  -20.622 0.1111111119
57797  -21.216  -6.652  -20.649 0.1111111119
66967  -22.517  0.086  -24.081 0.1111111119
69387  -23.830  2.956  -27.326 0.1111111119
78036  -23.172  10.480  -30.223 0.2222222239
78035  -22.831  10.911  -30.043 0.2222222239
71622  -23.718  4.598  -28.228 0.1111111119
54308  -20.824  -9.935  -19.377 0.1111111119
54310  -21.937  -10.872  -19.777 0.1111111119
53112  -22.356  -11.351  -19.525 0.1111111119
56698  -20.276  -8.799  -19.574 0.1111111119
56717  -20.490  -8.177  -19.933 0.1111111119
58860  -20.387  -6.609  -20.097 0.1111111119
59958  -20.830  -5.607  -21.052 0.1111111119
59979  -20.973  -5.295  -21.482 0.1111111119
68118  -22.778  1.123  -24.708 0.1111111119
71605  -23.414  4.043  -27.117 0.1111111119
78019  -23.222  9.990  -29.795 0.2222222239
79189  -22.866  11.221  -30.294 0.2222222239
79204  -22.815  11.792  -30.339 0.1111111119
53111  -21.749  -11.130  -19.446 0.1111111119
79205  -23.091  11.434  -30.779 0.2222222239
79214  -23.404  11.741  -31.405 0.1111111119
68120  -23.284  1.488  -25.752 0.1111111119
76867  -23.371  9.435  -29.974 0.2222222239
71630  -23.870  5.023  -28.678 0.1111111119
66968  -22.772  0.085  -24.578 0.1111111119
62268  -21.001  -3.745  -21.751 0.1111111119
53122  -22.692  -10.830  -19.753 0.1111111119
70518  -23.438  3.400  -26.659 0.1111111119
66980  -22.745  0.726  -24.663 0.1111111119
69378  -23.329  2.861  -26.298 0.1111111119
55567  -21.401  -9.455  -19.963 0.1111111119
54309  -21.427  -10.320  -19.559 0.1111111119
54292  -21.181  -10.556  -19.211 0.1111111119
68091  -22.566  0.430  -23.889 0.1111111119
78018  -23.022  10.502  -29.546 0.1111111119
57778  -19.822  -7.403  -19.739 0.1111111119
66952  -22.399  -0.258  -23.429 0.1111111119
68063  -22.631  0.311  -23.516 0.1111111119
68119  -22.977  1.443  -25.152 0.1111111119
80232  -22.882  12.464  -30.503 0.1111111119
82255  -23.176  14.115  -31.826 0.1111111119
76852  -23.212  9.451  -29.432 0.1111111119
81232  -23.269  13.383  -31.417 0.1111111119
82268  -23.333  14.503  -32.589 0.1111111119
82280  -23.652  14.948  -33.323 0.1111111119
54324  -21.773  -9.948  -20.037 0.1111111119
57820  -24.808  -6.908  -21.963 0.3333333433
58844  -25.689  -7.066  -20.221 0.1111111119
61071  -26.624  -4.851  -21.716 0.1111111119
61154  -26.939  -3.705  -24.726 0.4444444478
64635  -28.496  -1.828  -24.195 0.1111111119
64679  -28.221  -1.601  -27.141 0.5555555820
64686  -29.945  -0.955  -29.125 0.7777777910
64689  -32.367  -1.293  -29.806 0.6666666865
64690  -33.035  -1.127  -29.919 0.6666666865
64691  -30.031  -1.179  -29.780 1.0000000000
64693  -31.700  -1.101  -30.127 0.6666666865
64694  -32.564  -1.072  -30.234 0.6666666865
65867  -30.316  -0.667  -28.095 0.4444444478
65870  -28.092  -0.216  -27.930 0.8888888955
65879  -32.608  -0.618  -29.570 0.6666666865
65880  -33.278  -0.622  -29.871 0.6666666865
65884  -31.883  -0.566  -30.427 0.8888888955
65885  -32.679  -0.513  -30.325 0.6666666865
65886  -33.196  -0.411  -30.134 0.6666666865
67017  -33.401  -0.303  -29.946 0.6666666865
67023  -32.812  0.020  -30.119 0.6666666865
67024  -33.269  -0.056  -30.040 0.6666666865
67025  -28.837  1.238  -30.872 1.0000000000
68143  -26.838  1.636  -29.548 1.0000000000
68144  -30.390  1.406  -29.147 0.8888888955
68148  -27.849  1.417  -30.565 1.0000000000
68151  -31.101  0.626  -30.143 0.7777777910
68152  -26.665  2.065  -30.647 1.0000000000
69394  -24.735  2.852  -28.255 0.6666666865
69414  -28.664  3.069  -32.326 1.0000000000
70527  -33.040  3.939  -27.707 0.2222222239
70550  -26.721  3.312  -31.836 1.0000000000
70553  -26.339  4.201  -32.254 1.0000000000
70557  -29.027  3.723  -31.808 1.0000000000
71641  -28.596  5.040  -31.373 1.0000000000
71645  -26.553  4.601  -32.791 0.8888888955
71648  -28.796  4.099  -31.563 1.0000000000
71649  -26.416  5.234  -32.510 0.8888888955
71651  -27.396  5.399  -32.724 0.8888888955
72699  -32.101  4.975  -29.795 0.6666666865
72718  -26.856  5.514  -32.216 0.8888888955
72719  -27.214  5.577  -32.024 0.8888888955
73774  -28.269  6.574  -31.744 1.0000000000
73775  -27.300  5.912  -31.645 0.8888888955
73776  -27.503  6.100  -31.704 0.8888888955
74737  -34.059  7.894  -27.623 0.1111111119
74784  -32.856  7.667  -29.986 0.5555555820
74793  -25.189  7.296  -31.109 0.6666666865
74795  -28.946  7.248  -31.911 0.8888888955
74808  -29.679  7.732  -32.027 0.8888888955
75808  -24.853  8.077  -31.376 0.6666666865
78027  -33.803  10.324  -29.099 0.2222222239
78042  -33.095  10.088  -30.230 0.5555555820
78077  -28.991  10.704  -33.437 0.8888888955
79217  -29.446  11.049  -33.112 0.8888888955
80182  -32.545  12.558  -29.180 0.4444444478
80203  -32.378  12.142  -29.579 0.4444444478
80223  -32.208  11.736  -30.029 0.5555555820
80267  -29.805  11.968  -32.912 0.8888888955
80276  -26.613  12.904  -34.557 0.6666666865
81175  -33.380  13.517  -27.529 0.1111111119
81195  -32.070  13.509  -29.324 0.4444444478
81224  -31.181  13.316  -30.775 0.5555555820
81247  -24.045  13.452  -32.783 0.2222222239
81284  -27.723  14.717  -34.635 0.6666666865
82241  -31.034  13.686  -30.606 0.5555555820
83248  -31.249  14.999  -29.275 0.2222222239
83249  -31.434  14.330  -29.507 0.5555555820
83333  -26.243  15.926  -34.355 0.6666666865
83334  -28.298  16.454  -33.994 0.6666666865
83335  -28.588  16.061  -33.789 0.6666666865
83353  -27.957  16.221  -34.263 0.6666666865
84312  -29.889  16.393  -31.258 0.5555555820
84313  -30.002  15.860  -31.465 0.5555555820
84322  -23.275  16.664  -32.321 0.1111111119
85277  -32.824  16.593  -27.127 0.1111111119
85321  -24.719  17.198  -34.197 0.2222222239
85338  -27.134  17.669  -34.439 0.6666666865
86257  -32.110  17.436  -27.414 0.1111111119
86294  -24.596  18.771  -34.839 0.3333333433
87258  -32.175  18.125  -27.596 0.1111111119
89373  -32.009  21.061  -28.520 0.1111111119
89439  -29.678  22.050  -32.832 0.5555555820
89457  -28.267  22.198  -34.265 0.4444444478
90499  -31.180  22.801  -30.144 0.2222222239
91568  -30.967  23.456  -30.412 0.2222222239
92548  -33.687  24.381  -29.271 0.1111111119
93472  -33.973  24.856  -29.603 0.1111111119
93489  -30.885  25.485  -31.009 0.1111111119
93526  -26.480  24.917  -33.953 0.1111111119
94308  -32.671  26.307  -30.392 0.1111111119
95113  -32.321  26.891  -30.701 0.1111111119
95178  -28.182  27.776  -36.257 0.1111111119
95186  -28.308  28.427  -36.696 0.1111111119
96012  -28.184  28.703  -37.112 0.1111111119
96013  -28.334  28.621  -36.857 0.1111111119
96815  -34.512  29.299  -32.625 0.1111111119
96825  -28.675  29.038  -32.723 0.1111111119
96850  -28.711  29.240  -35.904 0.1111111119
96857  -28.337  29.114  -37.135 0.1111111119
96858  -28.462  28.907  -36.678 0.1111111119
97674  -30.668  29.791  -33.061 0.1111111119
