#!ascii label  , from subject sub.01.bl.01.long.sub.01.base.03 vox2ras=TkReg
1629
4450  -32.954  -64.946  -11.789 0.1000000015
3875  -32.328  -65.427  -12.350 0.1000000015
3860  -31.448  -66.273  -11.732 0.1000000015
3874  -31.788  -65.815  -12.751 0.1000000015
3873  -31.039  -66.333  -12.654 0.1000000015
4473  -31.997  -65.615  -13.302 0.1000000015
3891  -31.387  -66.275  -13.726 0.1000000015
3908  -32.198  -65.800  -14.731 0.1000000015
3921  -32.166  -66.128  -15.479 0.1000000015
3907  -31.799  -66.273  -14.734 0.1000000015
4495  -32.322  -65.492  -15.583 0.1000000015
3934  -32.200  -66.036  -16.478 0.1000000015
3920  -31.451  -66.557  -15.846 0.1000000015
3952  -32.160  -65.507  -17.068 0.1000000015
5813  -31.704  -63.979  -18.018 0.1000000015
3933  -31.510  -66.436  -16.894 0.1000000015
3951  -31.698  -65.748  -17.518 0.1000000015
5072  -33.296  -64.134  -12.158 0.1000000015
5060  -33.206  -64.444  -12.072 0.1000000015
5071  -32.549  -64.308  -12.485 0.1000000015
4464  -32.346  -65.055  -12.776 0.1000000015
4463  -32.088  -65.427  -12.947 0.1000000015
5088  -32.127  -64.925  -13.622 0.1000000015
3893  -32.195  -65.609  -14.182 0.1000000015
5108  -32.139  -65.047  -14.233 0.1000000015
4494  -32.078  -65.259  -15.040 0.1000000015
5130  -32.321  -65.160  -16.107 0.1000000015
7787  -27.233  -60.784  -18.064 0.1000000015
6483  -27.803  -62.138  -18.017 0.1000000015
6484  -28.560  -62.850  -17.743 0.1000000015
5811  -29.661  -63.340  -17.609 0.1000000015
5812  -30.800  -63.567  -17.873 0.1000000015
5799  -31.353  -63.825  -17.189 0.1000000015
5146  -31.873  -64.368  -16.815 0.1000000015
5158  -31.946  -64.573  -17.575 0.1000000015
4527  -32.251  -65.221  -17.083 0.1000000015
5729  -34.404  -63.045  -12.070 0.1000000015
6432  -32.907  -62.564  -12.538 0.2000000030
5728  -33.477  -63.495  -12.292 0.1000000015
7090  -32.268  -61.744  -12.725 0.1000000015
5727  -32.364  -63.412  -12.475 0.1000000015
6431  -31.820  -62.625  -12.519 0.1000000015
10509  -31.263  -55.988  -14.756 0.1000000015
9789  -30.962  -56.781  -15.094 0.1000000015
5726  -31.334  -63.512  -12.635 0.1000000015
5087  -31.349  -64.351  -13.233 0.1000000015
9805  -31.823  -57.360  -15.580 0.1000000015
9804  -30.661  -57.557  -15.521 0.1000000015
9803  -29.696  -57.832  -15.333 0.1000000015
8410  -28.533  -59.293  -15.956 0.1000000015
9115  -28.309  -58.740  -15.284 0.1000000015
7762  -27.223  -60.094  -15.994 0.1000000015
5106  -30.766  -64.639  -14.471 0.1000000015
5129  -32.023  -64.954  -15.787 0.1000000015
9116  -29.240  -58.554  -15.675 0.1000000015
7776  -27.285  -60.508  -16.754 0.1000000015
7124  -26.832  -60.996  -16.327 0.1000000015
6458  -27.247  -62.382  -15.957 0.1000000015
5784  -27.773  -62.909  -15.859 0.1000000015
8421  -28.704  -59.456  -16.962 0.1000000015
7125  -27.121  -61.444  -16.890 0.1000000015
5797  -29.316  -63.432  -16.643 0.1000000015
5798  -30.535  -63.687  -16.604 0.1000000015
6468  -27.616  -62.241  -17.181 0.1000000015
6469  -28.003  -62.815  -16.652 0.1000000015
5145  -31.301  -64.027  -16.614 0.1000000015
5147  -32.259  -64.911  -16.469 0.1000000015
7091  -33.345  -61.661  -12.662 0.1000000015
6434  -34.913  -62.196  -12.077 0.1000000015
7093  -35.285  -61.204  -12.024 0.2000000030
6435  -35.416  -61.775  -11.690 0.2000000030
11957  -32.370  -54.135  -14.869 0.1000000015
10510  -32.156  -55.935  -15.036 0.1000000015
6430  -30.737  -62.771  -12.542 0.1000000015
5752  -30.511  -63.566  -12.942 0.1000000015
9788  -29.938  -57.022  -14.977 0.1000000015
9802  -29.144  -58.024  -15.220 0.1000000015
9099  -28.734  -58.187  -15.137 0.1000000015
5086  -30.272  -64.231  -13.720 0.1000000015
9114  -27.710  -58.775  -14.821 0.1000000015
8409  -27.556  -59.472  -15.398 0.1000000015
7110  -26.637  -61.042  -15.689 0.1000000015
6451  -27.181  -62.529  -14.646 0.1000000015
5771  -28.466  -63.572  -15.035 0.1000000015
5772  -29.154  -63.826  -14.568 0.1000000015
5786  -29.548  -63.874  -15.559 0.1000000015
5128  -31.172  -64.398  -15.765 0.1000000015
8352  -32.214  -59.537  -11.824 0.1000000015
8353  -33.156  -59.515  -11.733 0.1000000015
8366  -31.921  -60.180  -12.384 0.1000000015
8367  -32.929  -60.194  -12.245 0.1000000015
7727  -33.679  -60.797  -12.626 0.2000000030
7728  -34.589  -60.647  -12.308 0.2000000030
7725  -31.571  -60.929  -12.757 0.1000000015
7724  -30.507  -60.983  -12.618 0.1000000015
7088  -30.138  -61.834  -12.560 0.1000000015
11225  -31.678  -55.032  -14.526 0.1000000015
11224  -30.699  -55.396  -14.195 0.1000000015
11223  -29.765  -55.681  -13.886 0.1000000015
10494  -29.102  -55.976  -13.621 0.1000000015
7089  -31.187  -61.800  -12.610 0.1000000015
6429  -29.901  -62.495  -12.671 0.1000000015
12780  -32.678  -53.195  -15.155 0.1000000015
12770  -31.950  -53.100  -14.675 0.1000000015
10508  -30.317  -56.229  -14.523 0.1000000015
9098  -28.126  -58.151  -14.706 0.1000000015
9097  -27.361  -58.399  -14.073 0.1000000015
8396  -26.819  -59.376  -14.046 0.1000000015
7736  -27.028  -60.300  -13.017 0.1000000015
7097  -28.168  -62.275  -13.192 0.1000000015
7098  -28.836  -62.538  -13.088 0.1000000015
5751  -29.499  -63.745  -13.723 0.1000000015
11975  -32.944  -53.928  -15.481 0.1000000015
8408  -26.916  -59.663  -14.790 0.1000000015
7095  -26.573  -60.877  -14.048 0.1000000015
6442  -27.790  -62.791  -13.827 0.1000000015
5750  -28.548  -63.390  -14.178 0.1000000015
13550  -33.885  -52.476  -15.807 0.1000000015
13551  -34.734  -52.637  -16.238 0.1000000015
14324  -34.378  -51.526  -16.060 0.1000000015
9055  -31.525  -58.858  -11.346 0.1000000015
9745  -30.828  -58.164  -10.875 0.1000000015
9054  -30.539  -58.859  -11.392 0.1000000015
9057  -33.399  -58.730  -11.385 0.1000000015
8368  -33.861  -60.114  -12.119 0.1000000015
8369  -34.612  -60.056  -11.790 0.2000000030
9053  -29.567  -58.841  -11.485 0.1000000015
8350  -30.227  -59.609  -11.734 0.1000000015
8351  -31.228  -59.594  -11.780 0.1000000015
7729  -35.214  -60.380  -11.766 0.2000000030
9743  -28.910  -58.153  -11.193 0.1000000015
15120  -32.411  -50.622  -14.870 0.1000000015
13539  -32.375  -52.310  -14.896 0.1000000015
13538  -31.797  -52.240  -14.370 0.1000000015
12769  -31.481  -52.876  -14.125 0.1000000015
11956  -31.446  -53.834  -14.143 0.1000000015
11209  -30.990  -54.651  -13.877 0.1000000015
11208  -30.162  -54.852  -13.540 0.1000000015
9742  -28.097  -58.124  -11.410 0.1000000015
9052  -28.652  -58.836  -11.585 0.1000000015
8364  -29.869  -60.319  -12.091 0.1000000015
10493  -28.220  -56.404  -13.440 0.1000000015
10492  -27.591  -56.895  -13.265 0.1000000015
9773  -27.409  -57.603  -13.404 0.1000000015
7722  -28.388  -60.936  -12.540 0.1000000015
15999  -32.752  -49.959  -15.139 0.1000000015
10506  -28.576  -56.980  -14.082 0.1000000015
9786  -27.960  -57.481  -13.981 0.1000000015
9082  -27.078  -58.692  -13.262 0.1000000015
8383  -27.133  -59.427  -12.868 0.1000000015
8362  -27.766  -59.862  -12.425 0.1000000015
7086  -27.869  -61.564  -12.869 0.1000000015
7087  -29.017  -61.962  -12.744 0.1000000015
14322  -32.713  -51.490  -15.156 0.1000000015
13549  -33.085  -52.382  -15.366 0.1000000015
15137  -33.056  -50.661  -15.363 0.1000000015
14323  -33.488  -51.520  -15.565 0.1000000015
15138  -33.789  -50.594  -15.781 0.1000000015
14339  -34.994  -51.106  -16.464 0.1000000015
14340  -35.707  -51.258  -16.712 0.1000000015
9056  -32.485  -58.790  -11.400 0.1000000015
9744  -29.842  -58.142  -11.041 0.1000000015
9724  -30.099  -57.432  -10.519 0.1000000015
9746  -31.821  -58.068  -10.964 0.1000000015
8354  -34.028  -59.467  -11.581 0.1000000015
9723  -29.125  -57.496  -10.690 0.1000000015
10439  -29.319  -56.735  -10.179 0.1000000015
9748  -33.601  -58.005  -11.077 0.1000000015
8355  -34.794  -59.523  -11.337 0.1000000015
10437  -27.824  -57.081  -10.848 0.1000000015
9722  -28.312  -57.545  -10.946 0.1000000015
14309  -32.090  -51.445  -14.603 0.1000000015
12759  -30.963  -53.014  -13.588 0.1000000015
11945  -30.639  -53.970  -13.415 0.1000000015
10462  -27.561  -56.848  -11.404 0.1000000015
9051  -27.878  -58.824  -11.908 0.1000000015
9059  -35.099  -58.989  -10.970 0.1000000015
14308  -31.647  -51.530  -14.070 0.1000000015
11207  -29.057  -55.157  -13.165 0.1000000015
11206  -28.235  -55.586  -12.832 0.1000000015
10477  -27.448  -56.752  -12.511 0.1000000015
9762  -27.278  -57.919  -12.689 0.1000000015
9067  -27.401  -58.754  -12.511 0.1000000015
16000  -33.304  -49.787  -15.535 0.1000000015
16001  -33.941  -49.640  -16.087 0.1000000015
16825  -34.193  -48.636  -16.219 0.1000000015
15139  -34.506  -50.453  -16.256 0.1000000015
16021  -34.773  -49.484  -16.407 0.1000000015
16022  -35.701  -49.441  -16.598 0.1000000015
11153  -29.611  -55.913  -9.754 0.1000000015
10440  -30.377  -56.625  -10.045 0.1000000015
11141  -29.111  -55.253  -9.669 0.1000000015
10441  -31.442  -56.419  -10.125 0.1000000015
9747  -32.773  -57.987  -11.093 0.1000000015
11152  -28.466  -55.847  -10.124 0.1000000015
9726  -32.152  -57.224  -10.625 0.1000000015
11192  -27.828  -55.510  -12.089 0.1000000015
11151  -27.766  -56.422  -10.726 0.1000000015
9727  -33.184  -57.257  -10.663 0.1000000015
15979  -31.800  -49.406  -14.249 0.1000000015
15119  -31.712  -50.480  -14.144 0.1000000015
14288  -31.248  -51.287  -13.503 0.1000000015
13528  -31.354  -52.181  -13.743 0.1000000015
12758  -30.173  -53.126  -13.041 0.1000000015
11943  -29.220  -54.576  -12.842 0.1000000015
11193  -28.468  -55.045  -12.534 0.1000000015
11176  -27.569  -56.256  -11.156 0.1000000015
9058  -34.333  -58.631  -11.201 0.1000000015
15980  -32.272  -49.704  -14.692 0.1000000015
11944  -29.650  -54.168  -12.882 0.1000000015
9045  -35.815  -58.603  -10.707 0.1000000015
16823  -32.765  -49.030  -15.204 0.1000000015
17710  -33.103  -48.203  -15.445 0.1000000015
16824  -33.496  -48.860  -15.717 0.1000000015
17712  -34.408  -47.596  -16.301 0.1000000015
18656  -34.843  -46.605  -16.270 0.1000000015
17729  -35.086  -47.427  -16.510 0.1000000015
18658  -36.567  -46.389  -16.714 0.1000000015
11880  -30.101  -54.262  -9.304 0.1000000015
11142  -29.906  -55.089  -9.551 0.1000000015
11154  -30.644  -55.687  -9.785 0.1000000015
11879  -29.242  -54.540  -9.530 0.1000000015
11155  -31.670  -55.171  -10.078 0.1000000015
11878  -28.568  -54.807  -9.880 0.1000000015
12678  -29.241  -53.567  -9.569 0.1000000015
10442  -32.544  -56.301  -10.279 0.1000000015
11914  -28.107  -54.787  -11.254 0.1000000015
12699  -28.495  -54.064  -10.451 0.1000000015
17694  -31.861  -47.776  -14.482 0.1000000015
11932  -29.194  -53.825  -12.521 0.1000000015
12742  -28.534  -54.099  -12.102 0.1000000015
12723  -28.763  -53.275  -11.143 0.1000000015
10443  -33.708  -56.364  -10.415 0.1000000015
9728  -34.297  -57.487  -10.794 0.1000000015
17695  -32.461  -47.955  -15.119 0.1000000015
16808  -31.565  -48.619  -14.057 0.1000000015
15959  -31.345  -49.489  -13.685 0.1000000015
13527  -30.686  -52.066  -13.031 0.1000000015
12744  -29.501  -53.268  -12.460 0.1000000015
19630  -33.632  -45.678  -15.472 0.1000000015
18643  -33.160  -46.401  -15.351 0.1000000015
20622  -34.635  -44.689  -15.667 0.1000000015
19631  -34.346  -45.720  -15.849 0.1000000015
19632  -35.211  -45.570  -16.128 0.1000000015
19633  -36.151  -45.492  -16.348 0.1000000015
20623  -35.657  -44.661  -16.075 0.1000000015
14226  -29.437  -51.815  -10.064 0.1000000015
13461  -29.258  -52.690  -9.968 0.1000000015
11144  -31.293  -54.600  -9.775 0.1000000015
15036  -29.671  -51.059  -10.456 0.1000000015
11894  -31.596  -54.465  -9.808 0.1000000015
14266  -30.191  -51.327  -12.145 0.1000000015
14265  -29.845  -51.990  -11.799 0.1000000015
13507  -29.355  -52.623  -11.690 0.1000000015
12700  -28.943  -53.206  -10.348 0.1000000015
17678  -31.381  -47.705  -13.736 0.1000000015
15097  -31.048  -50.358  -13.323 0.1000000015
13508  -29.971  -52.405  -12.359 0.1000000015
11156  -33.032  -55.263  -10.145 0.1000000015
18642  -32.464  -46.738  -14.745 0.1000000015
9729  -35.399  -57.450  -10.733 0.1000000015
19614  -32.967  -45.638  -15.017 0.1000000015
20601  -33.566  -44.528  -15.077 0.1000000015
20602  -34.317  -44.145  -15.334 0.1000000015
21564  -34.756  -43.943  -15.408 0.1000000015
21565  -35.334  -43.950  -15.688 0.1000000015
21548  -35.070  -43.424  -15.396 0.1000000015
22473  -36.136  -42.504  -15.429 0.1000000015
21566  -36.101  -43.784  -16.102 0.1000000015
12679  -30.313  -53.305  -9.059 0.1000000015
11881  -31.197  -54.040  -9.381 0.1000000015
11882  -31.814  -53.425  -9.460 0.1000000015
12701  -32.320  -53.309  -9.604 0.1000000015
18625  -31.272  -46.545  -13.299 0.1000000015
15096  -30.502  -50.333  -12.613 0.1000000015
15076  -30.099  -50.306  -11.844 0.1000000015
14245  -29.635  -51.511  -11.137 0.1000000015
19613  -32.419  -45.590  -14.429 0.1000000015
18626  -31.973  -46.270  -14.055 0.1000000015
18641  -31.806  -47.006  -14.051 0.1000000015
16789  -31.072  -48.605  -13.381 0.1000000015
15958  -30.768  -49.477  -13.032 0.1000000015
14287  -30.770  -51.077  -12.900 0.1000000015
20578  -33.234  -43.974  -14.453 0.1000000015
21546  -33.689  -43.505  -14.514 0.1000000015
22471  -34.179  -42.568  -14.370 0.1000000015
21547  -34.385  -43.512  -15.052 0.1000000015
23401  -34.930  -41.549  -14.499 0.1000000015
22472  -35.185  -42.573  -15.152 0.1000000015
23402  -36.172  -41.558  -15.088 0.1000000015
15017  -29.817  -51.118  -9.731 0.1000000015
14211  -30.281  -51.526  -9.064 0.1000000015
13442  -30.568  -52.340  -8.865 0.1000000015
12680  -31.241  -52.990  -9.044 0.1000000015
13443  -31.348  -51.941  -8.869 0.1000000015
14246  -29.947  -50.912  -11.513 0.1000000015
20577  -32.571  -44.461  -14.122 0.1000000015
22470  -33.615  -43.021  -14.071 0.1000000015
23388  -34.221  -41.384  -13.777 0.1000000015
24323  -35.715  -40.757  -14.508 0.1000000015
24313  -36.814  -39.831  -14.405 0.1000000015
14210  -29.755  -51.699  -9.490 0.1000000015
13430  -30.918  -51.580  -8.766 0.1000000015
15056  -29.884  -50.512  -10.945 0.1000000015
20576  -31.817  -44.765  -13.405 0.1000000015
19591  -31.463  -45.413  -13.095 0.1000000015
17677  -30.878  -47.730  -13.017 0.1000000015
16788  -30.613  -48.636  -12.674 0.1000000015
15921  -30.096  -49.325  -11.425 0.1000000015
22455  -33.262  -42.446  -13.547 0.1000000015
22456  -33.937  -42.030  -14.044 0.1000000015
24311  -35.069  -40.364  -13.850 0.1000000015
25273  -35.855  -39.311  -13.696 0.1000000015
24312  -36.195  -39.930  -14.312 0.1000000015
25274  -37.021  -39.262  -14.060 0.1000000015
15884  -30.498  -49.397  -9.809 0.1000000015
16748  -30.192  -48.376  -11.610 0.1000000015
16728  -30.206  -48.436  -10.863 0.1000000015
15905  -30.113  -49.524  -10.330 0.1000000015
20554  -31.981  -44.070  -13.370 0.1000000015
18608  -30.806  -46.527  -12.551 0.1000000015
18624  -30.726  -47.094  -12.652 0.1000000015
17659  -30.407  -47.849  -12.243 0.1000000015
21528  -32.598  -43.477  -13.493 0.1000000015
25272  -34.790  -39.314  -12.935 0.1000000015
26188  -35.715  -38.682  -13.139 0.1000000015
27222  -35.971  -37.741  -12.496 0.1000000015
26189  -36.555  -38.562  -13.428 0.1000000015
18590  -30.490  -46.764  -11.270 0.1000000015
19568  -31.005  -45.832  -12.460 0.1000000015
19567  -30.739  -46.356  -12.215 0.1000000015
19546  -30.708  -46.214  -11.805 0.1000000015
22441  -32.916  -41.880  -12.902 0.1000000015
24310  -33.972  -40.390  -12.911 0.1000000015
26174  -35.314  -38.267  -12.496 0.1000000015
27207  -35.810  -37.275  -11.886 0.1000000015
22440  -32.264  -42.456  -12.387 0.1000000015
23387  -33.427  -41.376  -13.047 0.1000000015
24297  -33.749  -39.877  -12.401 0.1000000015
25271  -34.115  -39.704  -12.564 0.1000000015
25261  -34.645  -38.809  -12.398 0.1000000015
26161  -34.893  -37.848  -11.937 0.1000000015
27185  -35.497  -36.750  -10.901 0.1000000015
27206  -34.792  -37.345  -11.322 0.1000000015
23372  -32.915  -41.362  -12.445 0.1000000015
25260  -33.926  -39.215  -11.986 0.1000000015
26173  -34.581  -38.453  -12.095 0.1000000015
27205  -34.114  -37.588  -10.912 0.1000000015
4474  -32.132  -65.397  -13.602 0.1000000015
3892  -32.048  -65.890  -13.857 0.1000000015
4483  -32.165  -65.308  -14.484 0.1000000015
5070  -31.917  -63.925  -12.653 0.1000000015
5107  -31.795  -64.991  -14.586 0.1000000015
7138  -27.411  -61.631  -17.755 0.1000000015
6502  -29.407  -63.298  -18.720 0.1000000015
5810  -29.019  -63.279  -17.231 0.1000000015
6485  -29.305  -63.237  -18.368 0.1000000015
6433  -33.968  -62.439  -12.492 0.1000000015
7775  -26.904  -60.562  -16.021 0.1000000015
8420  -27.858  -59.812  -16.426 0.1000000015
6457  -26.700  -61.682  -15.518 0.1000000015
6450  -26.740  -62.033  -15.060 0.1000000015
5770  -27.720  -63.087  -15.358 0.1000000015
5785  -28.403  -63.225  -16.007 0.1000000015
5787  -30.431  -64.080  -15.802 0.1000000015
7726  -32.645  -60.905  -12.651 0.1000000015
7092  -34.380  -61.501  -12.546 0.2000000030
5085  -29.825  -64.183  -13.909 0.1000000015
9787  -28.922  -57.523  -14.708 0.1000000015
8397  -27.258  -59.136  -14.623 0.1000000015
7748  -26.633  -60.282  -14.434 0.1000000015
7096  -27.025  -61.576  -13.520 0.1000000015
5105  -29.842  -64.284  -14.430 0.1000000015
8365  -30.891  -60.263  -12.261 0.1000000015
10507  -29.260  -56.540  -14.180 0.1000000015
6444  -29.478  -62.942  -12.964 0.1000000015
9096  -27.023  -58.892  -13.739 0.1000000015
8382  -26.898  -59.542  -13.392 0.1000000015
7735  -26.704  -60.328  -13.694 0.1000000015
7085  -27.400  -61.407  -12.985 0.1000000015
6443  -28.698  -62.974  -13.471 0.1000000015
12782  -34.195  -53.480  -16.136 0.1000000015
9725  -31.132  -57.356  -10.455 0.1000000015
8349  -29.256  -59.553  -11.809 0.1000000015
8356  -35.600  -59.704  -11.212 0.2000000030
9721  -27.783  -57.488  -11.261 0.1000000015
8363  -28.855  -60.184  -12.222 0.1000000015
7723  -29.461  -61.028  -12.470 0.1000000015
10478  -27.790  -55.984  -12.795 0.1000000015
9741  -27.506  -57.814  -11.919 0.1000000015
9044  -35.009  -58.232  -10.916 0.1000000015
17730  -35.717  -47.624  -16.618 0.1000000015
11177  -27.716  -55.635  -10.991 0.1000000015
18655  -33.813  -46.716  -15.896 0.1000000015
12743  -28.837  -53.565  -12.077 0.1000000015
13485  -29.187  -52.503  -10.720 0.1000000015
22485  -35.737  -43.205  -15.590 0.1000000015
23415  -36.994  -42.185  -15.500 0.1000000015
16769  -30.256  -48.720  -12.073 0.1000000015
15825  -37.017  -48.943  -4.655 0.5000000000
12622  -36.060  -53.054  -5.640 0.5000000000
13401  -35.941  -52.706  -5.107 0.5000000000
15840  -36.801  -49.351  -5.223 0.5000000000
15826  -37.537  -49.330  -4.625 0.5000000000
14959  -37.972  -49.726  -4.196 0.5000000000
15839  -35.547  -49.405  -5.148 0.5000000000
13402  -36.645  -52.705  -5.104 0.5000000000
15851  -35.934  -49.875  -6.288 0.5000000000
15852  -37.184  -50.073  -5.948 0.5000000000
15853  -37.808  -50.142  -5.866 0.4000000060
11837  -37.710  -54.302  -7.050 0.5000000000
11838  -38.588  -54.273  -7.136 0.5000000000
11856  -39.333  -54.332  -7.923 0.5000000000
11839  -39.178  -54.141  -7.358 0.5000000000
12664  -39.754  -53.546  -8.225 0.4000000060
12684  -39.520  -53.351  -9.346 0.4000000060
13376  -33.826  -52.440  -3.038 0.1000000015
12621  -35.087  -52.878  -5.167 0.5000000000
16670  -36.280  -48.948  -4.813 0.5000000000
16654  -36.606  -48.606  -4.347 0.5000000000
15809  -37.434  -49.197  -3.922 0.5000000000
14946  -38.136  -50.336  -3.982 0.4000000060
15838  -34.550  -49.384  -5.287 0.5000000000
15849  -34.194  -49.294  -5.655 0.5000000000
16677  -33.237  -48.470  -5.849 0.5000000000
16678  -33.790  -48.937  -6.315 0.5000000000
15850  -34.694  -49.566  -6.053 0.5000000000
17580  -33.683  -48.364  -6.902 0.4000000060
16679  -34.298  -49.289  -6.846 0.3000000119
14978  -36.066  -50.244  -6.982 0.4000000060
14980  -37.929  -50.380  -6.504 0.4000000060
15859  -34.940  -49.665  -6.897 0.3000000119
14970  -38.769  -50.355  -5.623 0.6999999881
14172  -39.095  -50.684  -4.987 0.5000000000
16685  -33.961  -48.735  -7.099 0.3000000119
16686  -34.577  -48.964  -7.606 0.3000000119
15860  -35.579  -49.784  -7.507 0.3000000119
14979  -36.742  -50.336  -6.805 0.4000000060
14969  -38.132  -50.166  -5.812 0.5000000000
14971  -39.524  -50.853  -6.120 0.6000000238
14164  -39.193  -51.532  -5.155 0.6000000238
13392  -38.204  -52.033  -4.718 0.6000000238
12623  -37.018  -53.169  -5.762 0.5000000000
11836  -36.701  -54.141  -7.118 0.3000000119
14989  -36.319  -50.256  -7.425 0.3000000119
14991  -38.507  -50.729  -7.597 0.4000000060
13394  -39.407  -51.776  -5.356 0.6000000238
13405  -39.710  -52.414  -5.787 0.6000000238
12624  -37.989  -53.152  -5.888 0.5000000000
12640  -38.346  -53.638  -6.553 0.5000000000
14990  -37.106  -50.561  -7.867 0.4000000060
14981  -39.054  -50.648  -6.669 0.5000000000
14180  -40.068  -51.330  -6.236 0.5000000000
13413  -40.065  -52.972  -6.421 0.5000000000
12641  -39.397  -53.467  -6.648 0.5000000000
15003  -37.230  -50.225  -9.076 0.4000000060
15004  -38.124  -50.756  -8.747 0.4000000060
15005  -39.280  -50.962  -8.432 0.5000000000
14189  -40.405  -51.444  -6.938 0.5000000000
13414  -40.531  -52.524  -6.757 0.4000000060
15006  -40.161  -51.162  -8.060 0.5000000000
14190  -40.992  -51.876  -7.328 0.5000000000
13422  -41.066  -52.417  -7.986 0.4000000060
12653  -39.769  -53.679  -7.396 0.4000000060
14216  -41.288  -51.637  -8.995 0.5000000000
13423  -41.378  -52.156  -8.319 0.4000000060
12665  -40.457  -52.845  -8.644 0.4000000060
14204  -41.478  -51.959  -8.578 0.3000000119
13432  -41.462  -52.201  -8.724 0.4000000060
13447  -40.902  -52.550  -9.482 0.3000000119
13446  -40.221  -52.791  -9.724 0.3000000119
13353  -33.633  -52.833  -1.595 0.1000000015
13363  -33.538  -52.684  -2.086 0.1000000015
13354  -34.104  -52.546  -1.338 0.1000000015
13365  -35.101  -51.745  -2.720 0.4000000060
13377  -34.749  -52.177  -3.159 0.4000000060
13389  -35.050  -52.342  -3.901 0.4000000060
12610  -35.126  -52.539  -4.476 0.5000000000
13390  -35.969  -52.365  -4.424 0.5000000000
16635  -36.896  -48.661  -3.749 0.5000000000
16655  -37.200  -48.824  -4.272 0.5000000000
13379  -36.889  -51.763  -3.825 0.5000000000
16669  -34.466  -49.254  -4.883 0.5000000000
15823  -35.021  -49.264  -4.760 0.5000000000
16653  -35.589  -48.743  -4.478 0.5000000000
16667  -32.846  -48.385  -5.081 0.5000000000
16668  -33.863  -49.072  -5.235 0.5000000000
13380  -37.696  -51.752  -4.204 0.6000000238
17572  -33.333  -47.840  -6.559 0.4000000060
17573  -33.639  -47.256  -6.940 0.2000000030
18515  -34.034  -46.709  -7.167 0.2000000030
17581  -33.983  -47.832  -7.407 0.3000000119
16687  -35.325  -48.854  -8.281 0.3000000119
15870  -35.864  -49.479  -8.284 0.4000000060
18525  -34.746  -46.872  -7.751 0.3000000119
17587  -35.605  -47.938  -8.736 0.3000000119
18526  -35.737  -46.814  -8.488 0.3000000119
17588  -36.148  -47.957  -9.195 0.4000000060
16696  -36.455  -48.765  -9.311 0.4000000060
17601  -36.697  -47.924  -9.602 0.3000000119
15888  -36.918  -49.475  -9.443 0.4000000060
15024  -38.975  -50.880  -9.570 0.4000000060
16711  -36.919  -48.689  -9.899 0.3000000119
15041  -38.184  -50.012  -10.280 0.3000000119
15043  -39.837  -50.847  -10.432 0.3000000119
15025  -40.325  -51.309  -9.225 0.4000000060
14230  -41.672  -51.586  -9.917 0.3000000119
14217  -41.839  -51.959  -9.417 0.4000000060
13448  -41.501  -52.275  -9.333 0.3000000119
15062  -41.727  -50.729  -11.288 0.2000000030
15045  -42.016  -51.252  -10.719 0.2000000030
14231  -42.136  -51.669  -10.491 0.3000000119
13467  -41.688  -52.270  -10.368 0.3000000119
15081  -42.199  -50.333  -12.178 0.1000000015
13493  -42.386  -51.538  -11.552 0.2000000030
15984  -44.331  -49.146  -15.448 0.1000000015
14124  -34.777  -51.612  -1.794 0.1000000015
13364  -34.403  -52.083  -2.358 0.1000000015
14134  -34.966  -51.630  -2.325 0.2000000030
13378  -35.742  -51.701  -3.339 0.4000000060
16634  -36.133  -48.094  -3.413 0.5000000000
15797  -36.935  -49.175  -3.382 0.4000000060
14944  -36.558  -50.243  -3.052 0.4000000060
14150  -36.546  -50.977  -3.214 0.5000000000
16652  -34.522  -48.935  -4.382 0.5000000000
16633  -35.080  -48.253  -3.690 0.5000000000
17562  -32.505  -47.667  -5.321 0.4000000060
16651  -33.509  -48.763  -4.347 0.5000000000
18498  -32.544  -46.778  -5.636 0.4000000060
17571  -32.784  -47.775  -5.840 0.5000000000
18513  -32.942  -47.265  -6.181 0.4000000060
19432  -32.861  -45.561  -5.773 0.3000000119
18499  -32.956  -46.188  -6.116 0.3000000119
19453  -34.088  -45.623  -6.777 0.3000000119
20451  -34.738  -45.057  -6.730 0.1000000015
19467  -35.341  -45.979  -7.733 0.3000000119
19455  -35.893  -45.293  -7.251 0.1000000015
19468  -36.290  -45.683  -8.005 0.3000000119
18536  -36.673  -47.054  -9.204 0.3000000119
18527  -36.848  -46.110  -8.592 0.2000000030
18552  -37.493  -46.999  -9.707 0.2000000030
16712  -37.541  -48.648  -10.330 0.2000000030
15910  -38.641  -49.249  -10.999 0.2000000030
17603  -37.923  -47.297  -10.184 0.2000000030
16752  -39.090  -48.760  -11.321 0.2000000030
15060  -39.527  -50.142  -11.156 0.2000000030
17625  -38.615  -47.431  -10.680 0.2000000030
16753  -39.738  -48.735  -11.855 0.1000000015
15080  -41.422  -50.223  -11.908 0.2000000030
17647  -40.535  -47.399  -12.201 0.1000000015
16773  -40.659  -48.804  -12.559 0.1000000015
15082  -42.749  -50.531  -12.628 0.1000000015
17664  -41.279  -47.798  -12.713 0.1000000015
16794  -42.847  -48.740  -13.876 0.1000000015
15943  -43.123  -50.072  -13.397 0.1000000015
15965  -43.675  -49.572  -14.292 0.1000000015
17699  -44.598  -48.243  -15.668 0.1000000015
18646  -43.786  -47.102  -15.197 0.1000000015
14916  -35.536  -50.033  -1.025 0.3000000119
14135  -35.640  -51.081  -2.464 0.3000000119
15783  -36.122  -49.121  -1.990 0.3000000119
14917  -35.800  -49.716  -1.711 0.3000000119
14136  -36.226  -50.575  -2.789 0.5000000000
14149  -35.992  -51.262  -2.985 0.5000000000
17527  -35.888  -47.584  -2.851 0.4000000060
16618  -36.223  -48.335  -2.425 0.5000000000
15796  -36.495  -49.116  -2.752 0.4000000060
14930  -36.659  -49.686  -3.094 0.4000000060
17523  -32.605  -48.123  -3.466 0.4000000060
17524  -33.587  -48.321  -3.030 0.4000000060
19395  -31.231  -45.903  -3.375 0.4000000060
18477  -31.555  -46.427  -3.929 0.4000000060
17544  -32.258  -47.594  -4.561 0.4000000060
16630  -32.840  -48.384  -3.773 0.5000000000
19410  -31.775  -45.674  -4.432 0.4000000060
18478  -31.958  -46.552  -4.696 0.4000000060
19409  -31.466  -45.607  -3.892 0.4000000060
20392  -31.405  -44.896  -3.444 0.3000000119
19431  -32.298  -45.706  -5.073 0.3000000119
20424  -33.228  -44.515  -5.385 0.3000000119
20426  -35.815  -44.124  -6.125 0.1000000015
20452  -35.398  -44.831  -6.691 0.1000000015
19456  -36.837  -45.043  -7.382 0.1000000015
19469  -37.320  -45.351  -8.088 0.1000000015
18528  -37.422  -45.734  -8.588 0.2000000030
19457  -37.683  -44.827  -7.447 0.1000000015
19470  -38.337  -44.835  -7.955 0.1000000015
18537  -37.664  -46.064  -9.158 0.2000000030
19479  -37.852  -45.446  -8.532 0.2000000030
18538  -38.356  -45.821  -9.417 0.2000000030
18576  -38.805  -46.752  -10.465 0.1000000015
18577  -39.461  -46.465  -10.652 0.1000000015
18595  -40.310  -46.772  -11.639 0.1000000015
17665  -42.465  -47.815  -13.597 0.1000000015
18613  -42.030  -46.948  -12.778 0.1000000015
18614  -42.993  -46.989  -13.662 0.1000000015
18631  -43.651  -47.114  -14.519 0.1000000015
18632  -44.461  -46.608  -14.682 0.1000000015
19618  -45.082  -45.916  -15.173 0.1000000015
20605  -45.030  -45.163  -14.642 0.1000000015
20582  -44.017  -44.833  -14.248 0.1000000015
21516  -44.726  -43.427  -12.941 0.1000000015
14908  -35.945  -50.091  -0.051 0.3000000119
14115  -35.421  -51.040  -0.481 0.2000000030
16596  -35.907  -48.682  -0.862 0.3000000119
16608  -35.998  -48.548  -1.383 0.4000000060
17489  -35.923  -47.611  -1.507 0.3000000119
17505  -33.036  -48.087  -2.383 0.3000000119
17507  -34.935  -47.196  -2.369 0.4000000060
17488  -35.717  -47.053  -1.868 0.3000000119
18441  -30.904  -46.987  -2.018 0.3000000119
17504  -31.830  -47.699  -2.490 0.3000000119
18417  -34.758  -47.108  -1.620 0.4000000060
18442  -35.155  -46.924  -1.890 0.4000000060
18418  -35.368  -47.042  -1.410 0.3000000119
20368  -31.147  -44.557  -2.258 0.3000000119
19374  -30.888  -45.819  -2.395 0.3000000119
20369  -31.939  -43.909  -2.746 0.3000000119
20393  -31.998  -44.151  -3.680 0.3000000119
21356  -32.524  -43.713  -3.458 0.3000000119
20409  -32.880  -44.132  -4.784 0.3000000119
21392  -33.337  -43.806  -4.844 0.3000000119
21393  -34.096  -43.648  -5.223 0.2000000030
21394  -35.255  -43.607  -5.358 0.1000000015
21395  -36.413  -43.460  -5.413 0.1000000015
21378  -37.011  -42.839  -4.726 0.1000000015
20427  -36.934  -44.034  -6.097 0.1000000015
20428  -38.008  -44.089  -6.061 0.1000000015
20454  -37.405  -44.546  -6.769 0.1000000015
20455  -38.489  -44.482  -7.016 0.1000000015
19480  -38.539  -45.387  -8.824 0.2000000030
19472  -39.855  -44.873  -8.432 0.2000000030
19481  -39.421  -45.195  -8.941 0.2000000030
19528  -40.301  -45.712  -10.366 0.1000000015
19482  -40.283  -44.985  -8.939 0.1000000015
19529  -41.141  -45.572  -10.579 0.1000000015
18596  -41.348  -46.203  -11.897 0.1000000015
18579  -41.304  -45.801  -11.191 0.1000000015
19552  -42.470  -46.259  -12.410 0.1000000015
19574  -43.284  -46.414  -13.189 0.1000000015
19575  -44.384  -46.158  -13.661 0.1000000015
19619  -45.620  -45.437  -14.501 0.1000000015
19600  -46.106  -45.513  -13.987 0.1000000015
20606  -45.813  -44.785  -14.427 0.1000000015
19620  -46.363  -44.981  -14.256 0.1000000015
20583  -44.974  -44.301  -13.944 0.1000000015
20584  -46.009  -44.224  -13.997 0.1000000015
21517  -45.743  -43.401  -12.750 0.1000000015
21531  -45.498  -43.730  -13.511 0.1000000015
21476  -45.086  -43.179  -11.075 0.1000000015
14895  -36.481  -50.427  0.494 0.2000000030
14096  -36.011  -51.223  0.371 0.2000000030
14896  -37.085  -50.102  0.896 0.2000000030
15770  -36.468  -49.243  0.031 0.3000000119
16583  -37.254  -48.645  0.704 0.2000000030
16597  -36.146  -48.440  -0.451 0.3000000119
17487  -34.382  -47.423  -1.912 0.3000000119
18419  -35.605  -47.320  -0.739 0.3000000119
18415  -30.717  -47.185  -1.271 0.3000000119
17485  -32.566  -48.061  -1.455 0.3000000119
17486  -33.725  -47.690  -1.634 0.3000000119
18389  -34.252  -47.340  -1.153 0.3000000119
18390  -34.816  -47.074  -0.914 0.3000000119
19355  -30.758  -45.108  -1.596 0.3000000119
19354  -30.636  -45.996  -1.291 0.3000000119
17466  -34.327  -47.312  -0.546 0.3000000119
18391  -35.273  -47.113  -0.550 0.2000000030
18392  -35.621  -47.256  -0.157 0.2000000030
20344  -31.189  -44.282  -1.194 0.2000000030
20345  -31.606  -43.827  -1.864 0.3000000119
21335  -32.686  -43.398  -2.716 0.3000000119
21357  -33.353  -43.189  -3.296 0.3000000119
21375  -33.786  -43.343  -4.314 0.3000000119
21358  -34.347  -42.801  -3.635 0.2000000030
21359  -35.370  -42.759  -3.751 0.2000000030
21360  -36.022  -42.801  -3.820 0.1000000015
21379  -38.104  -42.834  -4.516 0.1000000015
21362  -39.467  -43.341  -3.538 0.1000000015
21339  -40.378  -43.790  -2.321 0.1000000015
21380  -39.114  -43.358  -4.494 0.1000000015
21381  -40.242  -43.730  -4.267 0.1000000015
20394  -40.968  -44.237  -3.231 0.1000000015
20348  -42.095  -44.288  -1.692 0.1000000015
21314  -43.722  -43.921  -1.117 0.1000000015
20429  -38.983  -43.854  -6.187 0.1000000015
21398  -39.632  -43.468  -5.476 0.1000000015
21382  -40.900  -44.141  -4.723 0.1000000015
20372  -42.555  -44.997  -2.398 0.1000000015
20373  -43.257  -45.556  -2.102 0.1000000015
20456  -39.585  -44.060  -6.858 0.1000000015
20469  -39.072  -44.572  -7.557 0.1000000015
20480  -40.250  -44.754  -8.354 0.2000000030
19483  -41.280  -44.850  -9.073 0.1000000015
19503  -41.780  -45.236  -9.945 0.1000000015
19504  -42.972  -45.310  -10.031 0.1000000015
19530  -42.246  -45.677  -11.194 0.1000000015
19553  -43.426  -45.913  -12.333 0.1000000015
19576  -45.363  -45.620  -13.350 0.1000000015
19601  -46.584  -44.782  -13.484 0.1000000015
20585  -46.552  -44.408  -13.738 0.1000000015
21532  -46.385  -43.797  -13.301 0.1000000015
17415  -37.373  -48.127  1.902 0.2000000030
17414  -36.683  -47.951  1.835 0.2000000030
17433  -37.576  -48.338  1.527 0.2000000030
17449  -36.980  -48.030  0.785 0.2000000030
17468  -36.681  -48.283  0.247 0.3000000119
17467  -36.119  -47.664  -0.066 0.3000000119
17463  -31.157  -48.043  -0.150 0.3000000119
17464  -32.172  -48.258  -0.284 0.3000000119
17447  -34.118  -47.484  0.149 0.3000000119
18388  -30.418  -46.916  -0.198 0.3000000119
17462  -30.559  -47.469  0.209 0.3000000119
17445  -32.483  -48.381  0.194 0.3000000119
17446  -33.130  -48.218  0.442 0.3000000119
20304  -30.823  -44.372  0.915 0.2000000030
19324  -30.584  -45.153  0.396 0.3000000119
18374  -34.823  -47.151  -0.195 0.2000000030
18376  -35.855  -47.261  0.382 0.2000000030
21278  -31.526  -43.417  -0.539 0.2000000030
21279  -32.169  -42.665  -0.490 0.2000000030
21307  -32.381  -43.006  -1.677 0.3000000119
22241  -32.861  -42.582  -1.383 0.3000000119
21336  -33.120  -43.026  -2.436 0.3000000119
22295  -33.962  -42.640  -2.822 0.2000000030
21308  -33.125  -42.811  -1.979 0.3000000119
22274  -34.238  -42.481  -2.074 0.2000000030
22296  -34.969  -42.447  -2.802 0.2000000030
22297  -36.126  -42.573  -3.126 0.2000000030
22298  -37.210  -42.531  -3.214 0.1000000015
21421  -41.028  -43.753  -6.051 0.1000000015
20411  -41.706  -44.535  -4.420 0.1000000015
20396  -42.648  -45.363  -3.202 0.1000000015
20457  -40.637  -43.981  -6.863 0.1000000015
20458  -41.648  -44.098  -6.535 0.1000000015
20431  -41.969  -44.396  -5.602 0.1000000015
19434  -43.353  -45.357  -4.790 0.1000000015
20471  -41.209  -44.300  -7.544 0.1000000015
20472  -42.300  -44.317  -7.368 0.1000000015
20459  -42.732  -44.497  -6.310 0.1000000015
20460  -43.903  -45.025  -6.120 0.1000000015
20482  -41.804  -44.539  -8.283 0.1000000015
20483  -42.899  -44.619  -8.180 0.1000000015
20484  -43.855  -44.856  -8.009 0.1000000015
19484  -42.382  -44.833  -9.111 0.1000000015
19505  -44.237  -45.436  -9.899 0.1000000015
19531  -43.710  -45.536  -11.145 0.1000000015
19554  -44.551  -45.630  -12.313 0.1000000015
19577  -46.227  -45.225  -13.002 0.1000000015
15716  -37.790  -49.859  3.583 0.3000000119
16535  -35.981  -48.907  2.714 0.3000000119
16549  -35.558  -48.332  2.152 0.3000000119
17413  -35.892  -47.819  1.821 0.2000000030
17431  -36.145  -47.388  1.292 0.2000000030
18363  -36.039  -47.162  0.805 0.2000000030
17412  -35.211  -47.857  1.845 0.3000000119
17430  -35.254  -47.525  1.320 0.3000000119
17443  -30.441  -47.373  1.054 0.3000000119
16567  -32.241  -49.093  1.258 0.3000000119
16569  -33.892  -48.354  1.671 0.3000000119
17411  -34.790  -47.809  1.626 0.3000000119
18362  -35.617  -47.242  0.744 0.2000000030
20276  -31.164  -44.745  2.346 0.2000000030
17426  -30.420  -47.175  1.733 0.3000000119
17410  -30.717  -47.765  3.082 0.3000000119
21242  -31.643  -43.533  1.710 0.2000000030
21263  -31.774  -42.841  0.516 0.2000000030
22213  -32.844  -42.369  -0.897 0.2000000030
22214  -33.676  -41.579  -0.518 0.3000000119
22243  -34.418  -41.762  -1.347 0.2000000030
22275  -34.988  -42.326  -1.885 0.2000000030
19486  -44.836  -45.430  -8.383 0.1000000015
19532  -44.899  -45.535  -11.058 0.1000000015
15698  -38.647  -50.021  4.039 0.1000000015
14863  -37.510  -50.521  4.002 0.2000000030
15715  -36.415  -49.594  3.384 0.3000000119
14861  -35.678  -50.263  3.855 0.3000000119
15714  -35.200  -49.602  3.103 0.3000000119
16546  -32.699  -49.379  1.999 0.3000000119
15726  -33.367  -49.766  2.568 0.3000000119
18350  -30.633  -46.789  2.789 0.3000000119
15724  -31.597  -49.274  3.516 0.3000000119
15725  -32.264  -49.659  3.032 0.3000000119
20264  -31.496  -45.086  3.214 0.2000000030
21229  -32.125  -43.556  2.443 0.2000000030
22178  -32.418  -42.588  1.455 0.1000000015
22197  -32.648  -42.013  0.262 0.2000000030
23093  -33.900  -41.908  2.007 0.1000000015
22198  -33.499  -41.500  0.514 0.2000000030
23152  -34.089  -41.376  -0.217 0.2000000030
23131  -34.123  -41.287  0.218 0.2000000030
23153  -34.502  -41.315  -0.326 0.3000000119
14845  -36.080  -50.823  4.613 0.3000000119
14860  -34.625  -50.323  3.765 0.3000000119
14843  -33.835  -50.466  4.463 0.3000000119
15712  -33.093  -50.204  3.640 0.3000000119
18334  -31.522  -46.909  4.411 0.3000000119
16533  -31.309  -48.695  3.952 0.3000000119
15711  -31.921  -49.440  4.217 0.3000000119
19294  -31.934  -45.659  4.281 0.2000000030
20265  -32.223  -44.602  3.669 0.2000000030
21212  -33.749  -43.435  3.832 0.1000000015
22163  -34.154  -42.205  2.663 0.1000000015
23094  -34.627  -41.469  2.451 0.1000000015
23111  -34.122  -41.240  1.286 0.1000000015
23132  -34.926  -40.747  0.596 0.1000000015
14828  -35.403  -50.782  5.549 0.3000000119
14811  -34.905  -50.305  6.293 0.2000000030
14826  -33.490  -50.201  5.159 0.3000000119
15696  -32.912  -49.998  4.776 0.3000000119
15679  -33.218  -49.592  5.701 0.3000000119
18335  -32.207  -46.546  5.026 0.2000000030
17398  -32.055  -47.451  5.249 0.3000000119
16534  -31.589  -48.913  4.423 0.3000000119
20247  -33.614  -44.677  4.625 0.2000000030
19285  -33.016  -45.688  5.199 0.2000000030
20249  -35.225  -43.912  4.922 0.1000000015
20268  -34.644  -43.910  4.609 0.1000000015
20250  -36.173  -43.804  5.358 0.1000000015
21213  -34.782  -43.281  4.407 0.1000000015
22144  -35.002  -42.351  4.030 0.1000000015
23072  -34.627  -42.036  3.228 0.1000000015
23073  -35.426  -41.611  3.438 0.1000000015
23113  -35.613  -40.490  2.223 0.1000000015
15662  -34.467  -49.582  6.640 0.2000000030
16504  -34.337  -48.471  6.924 0.2000000030
16517  -33.154  -49.061  6.182 0.2000000030
18324  -33.988  -46.212  6.385 0.2000000030
17372  -32.895  -48.070  6.246 0.2000000030
19271  -35.025  -45.059  6.038 0.1000000015
19270  -34.076  -45.527  5.978 0.2000000030
20233  -35.666  -44.433  5.663 0.1000000015
21195  -35.827  -43.252  4.719 0.1000000015
22145  -36.146  -42.422  4.220 0.1000000015
24029  -35.999  -40.974  3.248 0.1000000015
24045  -36.064  -40.424  2.702 0.1000000015
22123  -37.229  -42.610  4.769 0.1000000015
22146  -37.063  -41.996  4.284 0.1000000015
23075  -37.660  -41.328  4.022 0.1000000015
24030  -36.821  -40.689  3.366 0.1000000015
22124  -38.374  -42.584  5.065 0.1000000015
23058  -38.621  -41.786  4.546 0.1000000015
23076  -38.870  -41.038  3.944 0.1000000015
14960  -38.586  -50.270  -4.635 0.4000000060
15827  -38.180  -49.708  -4.779 0.5000000000
15841  -37.925  -49.777  -5.399 0.5000000000
15842  -38.468  -49.919  -5.104 0.5000000000
14151  -37.841  -51.085  -3.845 0.5000000000
14945  -37.293  -50.035  -3.576 0.4000000060
12638  -36.348  -53.509  -6.433 0.5000000000
14163  -38.740  -51.230  -4.658 0.5000000000
13391  -37.201  -52.255  -4.531 0.5000000000
13403  -37.626  -52.665  -5.215 0.5000000000
12639  -37.369  -53.640  -6.485 0.3000000119
12637  -35.291  -53.411  -6.217 0.5000000000
11867  -38.970  -55.124  -8.401 0.4000000060
12685  -40.279  -52.816  -9.270 0.3000000119
14152  -38.380  -50.723  -4.238 0.4000000060
14173  -39.531  -51.280  -5.450 0.6000000238
17582  -34.888  -47.875  -8.176 0.3000000119
15861  -36.200  -50.063  -7.996 0.4000000060
13393  -38.979  -51.892  -5.211 0.6000000238
14162  -38.153  -51.529  -4.324 0.6000000238
13404  -38.579  -52.527  -5.473 0.5000000000
14992  -39.510  -50.949  -7.459 0.4000000060
14982  -39.793  -51.086  -6.772 0.5000000000
14174  -40.190  -51.777  -5.891 0.5000000000
12625  -38.852  -53.080  -6.018 0.5000000000
15871  -36.475  -49.684  -8.709 0.4000000060
14181  -40.497  -51.837  -6.499 0.5000000000
13406  -40.369  -52.151  -6.139 0.5000000000
15023  -37.922  -50.224  -9.825 0.3000000119
14993  -40.134  -51.210  -7.350 0.5000000000
14202  -40.654  -51.457  -7.666 0.5000000000
12642  -40.169  -53.246  -6.881 0.4000000060
14215  -40.768  -51.464  -8.382 0.5000000000
14191  -41.319  -52.019  -8.032 0.4000000060
12654  -40.377  -53.081  -7.610 0.4000000060
15026  -41.161  -51.471  -9.603 0.4000000060
14203  -41.147  -51.726  -8.134 0.4000000060
13431  -41.166  -52.461  -8.810 0.4000000060
16619  -36.567  -48.631  -3.171 0.5000000000
18514  -33.315  -46.671  -6.512 0.3000000119
19466  -34.632  -46.109  -7.334 0.2000000030
16695  -35.968  -48.780  -8.759 0.4000000060
18535  -36.051  -47.431  -8.892 0.3000000119
18551  -37.033  -47.431  -9.633 0.3000000119
17602  -37.309  -47.815  -10.017 0.3000000119
15889  -37.374  -49.443  -9.975 0.3000000119
15042  -38.689  -50.192  -10.551 0.3000000119
16731  -38.213  -48.523  -10.650 0.2000000030
15044  -41.095  -51.181  -10.374 0.3000000119
15061  -40.623  -50.437  -11.321 0.2000000030
15063  -42.467  -50.937  -11.478 0.2000000030
15046  -42.341  -51.343  -10.959 0.3000000119
13468  -42.277  -51.815  -11.010 0.2000000030
14251  -42.629  -51.154  -11.925 0.2000000030
15983  -43.663  -49.660  -15.288 0.1000000015
16796  -44.174  -48.757  -14.799 0.1000000015
16632  -34.091  -48.585  -3.632 0.5000000000
17543  -31.799  -47.026  -4.247 0.4000000060
19452  -33.334  -45.815  -6.306 0.3000000119
19433  -33.547  -45.134  -6.165 0.2000000030
19454  -35.006  -45.450  -7.121 0.2000000030
20425  -34.486  -44.466  -6.165 0.1000000015
18553  -38.458  -46.465  -9.989 0.2000000030
17624  -37.915  -47.938  -10.357 0.2000000030
15925  -39.307  -49.403  -11.370 0.2000000030
17645  -39.173  -48.028  -11.332 0.1000000015
15926  -39.990  -49.660  -11.698 0.2000000030
17626  -39.287  -47.277  -11.204 0.1000000015
17646  -39.827  -47.644  -11.837 0.1000000015
16772  -40.104  -48.278  -12.210 0.1000000015
16754  -40.224  -49.270  -12.122 0.2000000030
15927  -40.721  -49.757  -12.130 0.2000000030
18612  -41.041  -46.969  -12.305 0.1000000015
16774  -41.882  -48.761  -13.206 0.1000000015
15941  -41.623  -49.633  -12.575 0.1000000015
15942  -42.727  -49.653  -13.274 0.1000000015
15102  -42.963  -50.409  -13.517 0.1000000015
15964  -43.218  -49.218  -14.046 0.1000000015
17683  -43.288  -48.149  -14.187 0.1000000015
17684  -43.963  -47.967  -14.882 0.1000000015
18647  -44.460  -46.502  -15.180 0.1000000015
14125  -35.257  -50.959  -1.396 0.3000000119
15769  -35.857  -49.171  -0.629 0.3000000119
15782  -35.786  -49.202  -1.290 0.3000000119
14928  -35.631  -50.339  -1.807 0.3000000119
14929  -36.179  -49.988  -2.431 0.3000000119
17526  -35.442  -47.620  -2.996 0.4000000060
17508  -35.712  -47.252  -2.359 0.4000000060
17522  -31.794  -47.338  -3.648 0.4000000060
17525  -34.587  -48.031  -2.955 0.4000000060
18462  -31.228  -46.759  -3.034 0.4000000060
20408  -32.232  -44.651  -4.505 0.3000000119
21373  -32.314  -43.953  -4.036 0.3000000119
20453  -36.395  -44.653  -6.710 0.1000000015
19471  -39.224  -44.872  -8.249 0.2000000030
19500  -38.904  -45.651  -9.522 0.1000000015
18554  -39.099  -45.962  -10.015 0.1000000015
18594  -39.672  -47.000  -11.358 0.1000000015
18578  -40.613  -46.043  -11.053 0.1000000015
17666  -43.356  -47.599  -14.137 0.1000000015
18615  -43.826  -46.552  -13.940 0.1000000015
19598  -44.744  -46.339  -14.419 0.1000000015
19599  -45.201  -46.089  -14.504 0.1000000015
17506  -34.069  -47.842  -2.352 0.4000000060
19373  -30.751  -46.385  -1.803 0.3000000119
21396  -37.519  -43.407  -5.407 0.1000000015
21377  -35.932  -43.045  -4.504 0.1000000015
21397  -38.568  -43.484  -5.371 0.1000000015
19501  -39.722  -45.546  -9.749 0.1000000015
19502  -40.739  -45.295  -9.754 0.1000000015
15759  -37.397  -49.320  0.806 0.2000000030
15771  -36.989  -49.195  0.291 0.2000000030
16598  -36.898  -48.805  0.202 0.2000000030
17483  -30.707  -47.404  -0.605 0.3000000119
17484  -31.361  -47.742  -1.213 0.3000000119
17465  -33.459  -47.716  -0.634 0.3000000119
19336  -30.643  -45.121  -0.677 0.3000000119
19335  -30.402  -46.088  -0.185 0.3000000119
20321  -30.903  -44.290  -0.090 0.3000000119
21376  -34.805  -43.208  -4.468 0.1000000015
22309  -36.637  -42.722  -3.913 0.1000000015
22311  -37.918  -42.581  -4.084 0.1000000015
21361  -38.737  -43.000  -3.824 0.1000000015
21338  -39.663  -43.312  -2.554 0.1000000015
21363  -40.178  -43.640  -3.170 0.1000000015
20370  -40.958  -44.148  -2.085 0.1000000015
20410  -40.911  -44.245  -4.158 0.1000000015
20371  -41.628  -44.472  -2.355 0.1000000015
20395  -42.027  -44.791  -3.250 0.1000000015
20349  -43.163  -44.732  -1.512 0.1000000015
20430  -39.596  -43.653  -6.231 0.1000000015
21399  -40.577  -43.719  -5.346 0.1000000015
21400  -41.254  -44.140  -5.355 0.1000000015
20350  -44.352  -44.921  -0.885 0.1000000015
21420  -40.202  -43.603  -6.199 0.1000000015
20470  -40.086  -44.532  -7.759 0.1000000015
20481  -40.805  -44.628  -8.329 0.1000000015
16551  -37.356  -48.366  2.402 0.2000000030
16550  -36.432  -48.342  2.297 0.3000000119
17432  -36.875  -47.809  1.360 0.2000000030
16594  -31.623  -48.299  0.003 0.3000000119
18373  -30.315  -46.755  0.517 0.3000000119
16566  -31.435  -48.557  1.170 0.3000000119
16582  -32.736  -48.746  0.801 0.3000000119
16581  -32.162  -48.631  0.453 0.3000000119
17429  -34.163  -47.926  1.135 0.3000000119
18361  -34.918  -47.358  0.545 0.3000000119
19311  -30.719  -45.187  1.523 0.3000000119
19310  -30.523  -46.053  1.777 0.3000000119
22242  -33.374  -42.390  -1.545 0.3000000119
22277  -36.845  -42.321  -2.265 0.2000000030
22299  -38.090  -42.594  -3.587 0.1000000015
20412  -42.660  -45.152  -3.989 0.1000000015
19375  -43.131  -45.770  -2.804 0.1000000015
20432  -43.005  -45.039  -5.099 0.1000000015
19485  -43.528  -45.126  -8.927 0.1000000015
16536  -37.028  -48.903  2.940 0.3000000119
15728  -35.164  -48.896  2.433 0.3000000119
16548  -34.579  -48.316  2.006 0.3000000119
15727  -34.374  -49.286  2.482 0.3000000119
17427  -30.688  -47.966  1.790 0.3000000119
16545  -31.427  -49.003  2.446 0.3000000119
16547  -33.698  -48.929  2.008 0.3000000119
19300  -30.606  -46.152  2.156 0.3000000119
19301  -30.813  -45.845  2.592 0.3000000119
17409  -30.519  -47.263  2.313 0.3000000119
23179  -34.551  -41.490  -0.844 0.2000000030
22244  -35.434  -41.853  -1.435 0.2000000030
22245  -36.410  -41.908  -1.448 0.2000000030
15717  -38.890  -49.451  3.642 0.1000000015
14846  -37.175  -51.022  4.510 0.2000000030
14862  -36.780  -50.434  3.876 0.3000000119
15713  -34.132  -50.157  3.040 0.3000000119
19293  -31.340  -45.779  3.437 0.3000000119
17404  -31.132  -47.587  4.134 0.3000000119
20277  -31.857  -44.117  2.762 0.2000000030
21230  -32.681  -43.489  3.017 0.2000000030
22179  -33.236  -41.880  1.359 0.1000000015
22162  -33.245  -42.578  2.461 0.1000000015
14844  -34.943  -50.651  4.608 0.3000000119
17397  -31.614  -47.499  4.767 0.3000000119
19295  -32.740  -44.883  4.377 0.2000000030
20278  -32.465  -44.071  3.317 0.2000000030
22142  -33.362  -43.111  3.291 0.1000000015
22143  -34.089  -42.669  3.459 0.1000000015
20267  -34.046  -43.953  4.380 0.1000000015
23112  -35.141  -40.738  1.733 0.1000000015
15680  -33.965  -49.790  6.116 0.3000000119
16516  -32.687  -48.742  5.899 0.3000000119
18323  -32.998  -46.707  6.015 0.2000000030
19286  -34.225  -45.028  5.257 0.1000000015
19287  -34.933  -44.595  5.288 0.1000000015
22122  -36.545  -42.906  4.711 0.1000000015
17374  -34.351  -47.365  6.989 0.2000000030
17373  -33.477  -47.553  6.526 0.2000000030
23074  -36.516  -41.518  3.759 0.1000000015
23057  -37.773  -42.030  4.620 0.1000000015
11852  -35.992  -54.886  -7.482 0.3000000119
11121  -35.263  -55.825  -7.851 0.3000000119
9033  -33.016  -58.484  -8.358 0.2000000030
8325  -30.981  -59.569  -8.370 0.2000000030
10414  -34.271  -56.276  -7.815 0.4000000060
10419  -33.970  -56.861  -7.912 0.3000000119
11122  -36.459  -55.709  -7.780 0.4000000060
10420  -34.878  -56.822  -8.167 0.3000000119
9707  -33.132  -57.634  -8.099 0.3000000119
11853  -37.073  -54.984  -7.553 0.4000000060
11131  -35.556  -56.488  -8.149 0.4000000060
9708  -34.007  -57.607  -8.293 0.3000000119
8326  -32.328  -59.864  -8.546 0.2000000030
11133  -36.795  -56.227  -7.933 0.4000000060
11132  -36.187  -56.337  -8.075 0.4000000060
9709  -35.266  -57.815  -8.353 0.4000000060
11123  -37.376  -56.002  -7.746 0.4000000060
11854  -37.991  -55.141  -7.376 0.4000000060
9034  -34.528  -58.708  -8.511 0.3000000119
8327  -33.855  -59.781  -8.609 0.3000000119
10421  -35.913  -57.021  -8.327 0.4000000060
9710  -36.425  -57.898  -8.303 0.4000000060
8328  -35.195  -59.775  -8.616 0.3000000119
11855  -38.697  -55.000  -7.713 0.4000000060
10415  -37.434  -56.497  -7.830 0.4000000060
10422  -37.065  -56.860  -8.066 0.4000000060
9035  -35.802  -58.807  -8.455 0.4000000060
11124  -38.162  -55.926  -7.696 0.4000000060
10423  -37.887  -57.211  -7.992 0.4000000060
9711  -37.385  -57.964  -8.160 0.4000000060
9036  -36.865  -58.824  -8.335 0.4000000060
10417  -38.189  -56.570  -7.956 0.4000000060
8329  -36.325  -59.723  -8.556 0.3000000119
11125  -38.553  -55.978  -8.126 0.4000000060
9712  -38.049  -57.956  -8.379 0.4000000060
9037  -37.673  -58.772  -8.406 0.4000000060
7684  -35.791  -60.698  -8.706 0.2000000030
10424  -38.316  -56.972  -8.463 0.4000000060
9038  -38.181  -58.647  -8.709 0.4000000060
8330  -37.199  -59.543  -8.585 0.2000000030
7685  -36.755  -60.499  -8.904 0.2000000030
7047  -35.913  -62.055  -8.923 0.3000000119
11134  -38.665  -56.019  -8.828 0.3000000119
8331  -37.797  -59.352  -8.882 0.3000000119
7706  -37.340  -60.055  -9.182 0.2000000030
7686  -37.316  -59.852  -8.877 0.2000000030
7048  -36.322  -61.604  -9.356 0.2000000030
6386  -35.639  -62.736  -9.345 0.2000000030
11868  -39.223  -54.212  -8.694 0.3000000119
9713  -38.456  -57.903  -8.872 0.4000000060
11884  -39.072  -54.078  -9.163 0.3000000119
11145  -38.459  -55.910  -9.429 0.3000000119
10430  -38.252  -56.925  -9.336 0.2000000030
9042  -38.100  -58.760  -9.588 0.2000000030
7705  -36.977  -60.748  -9.579 0.1000000015
10448  -38.135  -56.155  -9.848 0.2000000030
10429  -37.994  -57.402  -9.734 0.2000000030
9041  -37.869  -58.447  -9.956 0.1000000015
7716  -37.374  -60.114  -9.700 0.1000000015
7068  -36.542  -61.472  -10.185 0.1000000015
6387  -36.165  -62.227  -9.884 0.1000000015
11883  -38.826  -54.866  -9.360 0.3000000119
11162  -38.396  -55.488  -9.884 0.3000000119
13466  -40.578  -52.657  -10.398 0.2000000030
12706  -39.359  -53.322  -10.352 0.1000000015
12683  -38.962  -53.997  -9.459 0.3000000119
9715  -37.806  -57.773  -9.899 0.1000000015
8345  -37.494  -59.585  -10.007 0.1000000015
7080  -36.552  -61.138  -10.819 0.1000000015
6403  -36.046  -62.141  -10.461 0.1000000015
13465  -39.839  -52.969  -10.206 0.2000000030
12705  -38.782  -53.873  -10.158 0.2000000030
11901  -38.416  -54.819  -10.243 0.2000000030
10447  -37.512  -56.806  -10.121 0.1000000015
9047  -37.450  -58.937  -10.279 0.1000000015
8344  -36.892  -59.680  -10.606 0.1000000015
7715  -36.956  -60.479  -10.291 0.1000000015
6417  -36.167  -61.707  -10.843 0.1000000015
5709  -35.234  -63.213  -10.646 0.1000000015
11918  -38.346  -54.250  -10.724 0.1000000015
11161  -37.909  -55.520  -10.429 0.2000000030
9731  -37.371  -58.051  -10.257 0.1000000015
8343  -36.303  -59.378  -10.785 0.1000000015
7719  -36.538  -60.541  -11.031 0.1000000015
7079  -35.992  -61.349  -11.395 0.1000000015
6416  -35.444  -62.380  -11.157 0.1000000015
5708  -34.595  -63.467  -11.307 0.1000000015
9730  -36.505  -57.501  -10.521 0.1000000015
8357  -36.309  -59.983  -11.072 0.1000000015
6415  -34.844  -62.769  -11.682 0.1000000015
7718  -35.909  -60.528  -11.523 0.1000000015
23154  -35.408  -41.108  -0.173 0.2000000030
12728  -39.123  -53.477  -10.788 0.1000000015
12727  -38.670  -53.553  -11.297 0.1000000015
11179  -37.633  -54.968  -11.073 0.1000000015
11917  -37.915  -54.237  -11.138 0.1000000015
10446  -36.669  -56.355  -10.601 0.1000000015
10416  -37.736  -56.552  -7.795 0.4000000060
9039  -38.337  -58.616  -9.141 0.2000000030
8340  -37.712  -59.580  -9.440 0.2000000030
9716  -38.206  -58.007  -9.523 0.2000000030
6402  -35.749  -62.862  -10.198 0.1000000015
13490  -39.643  -53.031  -11.210 0.1000000015
11900  -38.031  -54.763  -10.731 0.1000000015
9046  -36.768  -58.713  -10.541 0.1000000015
12635  -33.030  -53.436  -5.824 0.3000000119
11833  -33.426  -53.920  -6.555 0.2000000030
11832  -32.349  -54.029  -6.432 0.3000000119
12609  -34.395  -52.564  -4.416 0.4000000060
12620  -33.734  -52.919  -5.106 0.2000000030
12636  -34.166  -53.349  -5.994 0.3000000119
11849  -32.908  -54.481  -6.822 0.2000000030
11850  -33.710  -54.615  -7.092 0.2000000030
11115  -32.411  -54.623  -6.788 0.1000000015
11119  -32.678  -55.255  -7.169 0.2000000030
11834  -34.494  -53.952  -6.777 0.3000000119
11118  -31.409  -55.548  -7.053 0.1000000015
11120  -33.995  -55.503  -7.526 0.2000000030
10412  -32.071  -56.289  -7.432 0.1000000015
9701  -31.544  -57.136  -7.503 0.1000000015
9702  -32.601  -57.187  -7.768 0.1000000015
9021  -31.009  -57.894  -7.784 0.1000000015
9031  -30.452  -58.661  -8.104 0.1000000015
10413  -33.273  -56.352  -7.671 0.2000000030
9032  -31.649  -58.750  -8.122 0.1000000015
11835  -35.599  -53.978  -7.063 0.2000000030
11851  -34.840  -54.789  -7.306 0.3000000119
9022  -32.111  -57.926  -7.789 0.1000000015
8324  -29.909  -59.383  -8.352 0.1000000015
9023  -32.709  -57.809  -8.006 0.2000000030
7679  -30.296  -60.182  -8.551 0.1000000015
7680  -31.278  -60.523  -8.649 0.1000000015
7022  -30.437  -60.960  -8.919 0.1000000015
7681  -32.202  -60.933  -8.820 0.1000000015
7682  -33.363  -60.982  -8.918 0.1000000015
6380  -29.557  -62.275  -9.664 0.1000000015
7045  -30.454  -61.827  -9.280 0.1000000015
7023  -31.468  -61.538  -9.008 0.1000000015
7046  -31.251  -62.315  -9.320 0.1000000015
9703  -33.394  -57.136  -7.927 0.2000000030
7044  -29.391  -61.148  -9.281 0.1000000015
6367  -33.054  -62.597  -9.116 0.1000000015
6383  -32.563  -63.302  -9.282 0.1000000015
6384  -33.522  -63.396  -9.045 0.2000000030
5676  -31.957  -64.062  -9.490 0.1000000015
7025  -33.471  -61.979  -8.969 0.2000000030
5677  -33.010  -64.137  -9.298 0.2000000030
6368  -33.954  -62.680  -8.911 0.1000000015
5022  -32.329  -64.955  -9.508 0.1000000015
5659  -34.286  -63.330  -8.903 0.1000000015
7683  -34.678  -60.834  -8.691 0.2000000030
7026  -34.323  -61.853  -8.824 0.1000000015
5678  -34.086  -64.110  -8.978 0.1000000015
5660  -34.758  -63.521  -8.965 0.1000000015
6369  -34.940  -62.751  -8.837 0.1000000015
6385  -35.167  -63.273  -9.082 0.1000000015
7027  -35.377  -61.748  -8.769 0.1000000015
6370  -35.533  -62.387  -8.883 0.1000000015
13335  -34.558  -52.421  -0.651 0.1000000015
16552  -38.393  -48.543  2.251 0.1000000015
14098  -37.917  -50.930  1.137 0.1000000015
14097  -36.955  -51.018  0.724 0.1000000015
17450  -37.571  -48.603  1.173 0.1000000015
14099  -39.032  -51.258  0.904 0.1000000015
16537  -38.124  -48.896  3.028 0.2000000030
16570  -38.419  -48.943  1.563 0.1000000015
15760  -38.444  -49.559  1.331 0.1000000015
14897  -37.879  -50.025  1.197 0.1000000015
13388  -34.236  -52.413  -3.711 0.2000000030
14114  -34.766  -51.737  -0.894 0.1000000015
16584  -37.802  -49.036  1.130 0.1000000015
13319  -37.553  -51.710  0.745 0.1000000015
13320  -38.439  -51.774  0.627 0.1000000015
16571  -39.020  -48.993  1.989 0.1000000015
12608  -33.206  -52.677  -4.003 0.1000000015
15663  -35.333  -49.882  6.981 0.1000000015
15664  -36.273  -50.038  7.204 0.1000000015
14813  -37.214  -50.505  6.645 0.1000000015
14814  -38.405  -51.007  6.286 0.1000000015
14832  -39.867  -50.496  5.137 0.1000000015
14812  -35.933  -50.535  6.444 0.1000000015
14829  -36.583  -51.016  5.569 0.1000000015
16493  -37.132  -49.013  7.936 0.1000000015
15647  -38.496  -50.033  7.641 0.1000000015
14800  -38.975  -50.596  6.926 0.1000000015
14816  -40.286  -50.578  5.994 0.1000000015
15645  -36.633  -49.423  7.614 0.1000000015
15665  -36.906  -49.923  7.197 0.1000000015
14815  -39.439  -50.887  6.056 0.1000000015
15666  -40.961  -50.311  5.684 0.1000000015
15644  -35.726  -49.274  7.573 0.1000000015
15627  -40.258  -49.713  8.291 0.1000000015
16474  -37.282  -48.294  8.368 0.1000000015
15625  -37.972  -49.164  8.113 0.1000000015
15626  -39.037  -49.473  8.353 0.1000000015
15648  -39.595  -50.254  7.581 0.1000000015
14801  -39.846  -50.513  6.710 0.1000000015
15649  -40.883  -50.282  6.986 0.1000000015
17359  -35.520  -47.606  7.760 0.1000000015
17375  -35.153  -47.049  7.333 0.1000000015
16476  -39.632  -48.862  8.987 0.1000000015
16475  -38.440  -48.306  8.904 0.1000000015
16473  -36.799  -48.134  8.305 0.1000000015
17376  -35.700  -46.950  7.641 0.1000000015
18309  -34.730  -46.613  6.779 0.1000000015
23181  -35.928  -41.515  -0.751 0.1000000015
22246  -37.455  -42.091  -1.361 0.1000000015
18293  -36.491  -46.606  7.833 0.1000000015
18325  -34.943  -45.924  6.392 0.1000000015
22276  -35.804  -42.336  -2.126 0.1000000015
23182  -36.921  -41.570  -0.616 0.1000000015
22248  -39.418  -42.859  -0.992 0.1000000015
22247  -38.495  -42.428  -1.174 0.1000000015
16477  -40.826  -49.096  9.145 0.1000000015
22278  -38.022  -42.522  -2.326 0.1000000015
14831  -38.887  -50.747  5.196 0.1000000015
14848  -38.960  -50.304  4.544 0.1000000015
14830  -37.787  -51.162  5.418 0.1000000015
16490  -34.809  -48.686  7.229 0.1000000015
14799  -38.009  -50.470  7.061 0.1000000015
15681  -40.039  -50.224  4.754 0.1000000015
14833  -40.433  -50.401  5.409 0.1000000015
16492  -36.302  -48.372  8.130 0.1000000015
17361  -36.906  -47.149  8.468 0.1000000015
21309  -39.094  -42.872  -1.887 0.1000000015
13492  -41.942  -51.945  -11.623 0.1000000015
13512  -41.257  -52.003  -12.385 0.1000000015
12598  -31.573  -53.711  -3.660 0.1000000015
12606  -31.382  -53.704  -4.527 0.1000000015
12618  -31.864  -53.389  -4.981 0.1000000015
11814  -31.631  -54.450  -3.119 0.1000000015
11818  -31.086  -54.514  -3.970 0.1000000015
11824  -30.809  -54.233  -5.005 0.1000000015
12607  -32.127  -53.253  -4.266 0.1000000015
11087  -32.177  -55.338  -2.758 0.1000000015
12594  -31.824  -53.747  -3.010 0.1000000015
12599  -32.290  -53.241  -3.385 0.1000000015
11086  -31.512  -55.184  -3.450 0.1000000015
11809  -32.321  -54.443  -2.197 0.1000000015
10367  -32.795  -56.470  -3.314 0.1000000015
11067  -32.863  -55.219  -1.836 0.1000000015
9604  -35.648  -57.633  -0.691 0.1000000015
9621  -36.507  -57.884  -1.177 0.1000000015
6955  -36.631  -61.019  -2.740 0.1000000015
6964  -36.578  -61.378  -3.443 0.1000000015
6977  -35.924  -61.333  -4.312 0.1000000015
6976  -35.039  -61.573  -4.599 0.1000000015
7630  -35.320  -60.511  -4.507 0.1000000015
10366  -31.890  -55.991  -3.526 0.1000000015
12634  -31.989  -53.604  -5.637 0.1000000015
7629  -34.265  -60.611  -4.673 0.1000000015
8278  -33.443  -59.562  -4.868 0.1000000015
8998  -33.704  -58.554  -4.480 0.1000000015
9671  -32.783  -57.440  -3.994 0.1000000015
9650  -33.564  -57.136  -3.632 0.1000000015
10368  -33.788  -56.735  -3.046 0.1000000015
10348  -33.198  -56.030  -2.471 0.1000000015
6975  -33.993  -61.715  -4.722 0.1000000015
8277  -32.329  -59.620  -4.760 0.1000000015
9672  -34.055  -57.799  -4.059 0.1000000015
9651  -34.404  -57.341  -3.554 0.1000000015
8229  -36.707  -58.950  -2.088 0.1000000015
7598  -36.897  -60.499  -2.718 0.1000000015
12595  -32.340  -53.569  -2.549 0.1000000015
12600  -32.950  -52.864  -2.856 0.1000000015
6965  -36.811  -61.044  -2.949 0.1000000015
6978  -36.466  -61.151  -3.960 0.1000000015
7614  -37.198  -60.379  -3.154 0.1000000015
8279  -34.529  -59.556  -4.548 0.1000000015
8999  -34.829  -58.598  -4.380 0.1000000015
10327  -36.857  -56.797  -0.168 0.1000000015
9622  -37.016  -57.911  -1.178 0.1000000015
10313  -37.198  -56.327  0.151 0.1000000015
11023  -37.490  -55.788  0.546 0.1000000015
12596  -32.926  -53.207  -2.134 0.1000000015
8940  -37.028  -58.296  -1.499 0.1000000015
8230  -37.604  -58.750  -1.911 0.1000000015
12580  -32.677  -53.768  -1.882 0.1000000015
8246  -37.345  -59.415  -2.554 0.1000000015
11046  -33.034  -54.929  -1.523 0.1000000015
7613  -36.787  -60.639  -3.702 0.1000000015
8281  -36.333  -59.429  -4.110 0.1000000015
8280  -35.576  -59.503  -4.356 0.1000000015
9673  -35.043  -57.889  -4.010 0.1000000015
9000  -35.949  -58.550  -4.058 0.1000000015
9674  -35.633  -57.937  -3.827 0.1000000015
10328  -37.692  -56.964  -0.261 0.1000000015
10314  -38.137  -56.360  0.131 0.1000000015
11024  -38.559  -55.678  0.499 0.1000000015
11751  -38.149  -54.275  1.493 0.1000000015
11047  -33.453  -55.029  -1.398 0.1000000015
11789  -32.962  -54.455  -1.504 0.1000000015
12581  -33.366  -53.355  -1.395 0.1000000015
8941  -37.922  -58.193  -1.393 0.1000000015
9606  -38.101  -57.579  -0.821 0.1000000015
8264  -38.002  -58.841  -2.566 0.1000000015
8247  -38.081  -58.776  -2.153 0.1000000015
10369  -34.724  -56.956  -2.916 0.1000000015
11068  -33.754  -55.713  -1.767 0.1000000015
8263  -37.631  -59.229  -3.013 0.1000000015
9653  -36.242  -57.851  -3.592 0.1000000015
8262  -37.005  -59.588  -3.712 0.1000000015
9001  -36.569  -59.048  -3.970 0.1000000015
8980  -36.743  -58.569  -3.715 0.1000000015
10329  -38.643  -56.896  -0.372 0.1000000015
9652  -35.292  -57.511  -3.497 0.1000000015
10350  -35.076  -56.385  -2.229 0.1000000015
8981  -37.588  -58.608  -3.289 0.1000000015
11048  -34.649  -55.292  -1.092 0.1000000015
11791  -34.257  -54.516  -0.693 0.1000000015
10339  -35.359  -55.932  -1.718 0.1000000015
9623  -38.495  -57.795  -1.339 0.1000000015
10371  -36.800  -57.221  -2.884 0.1000000015
10370  -35.730  -57.060  -2.904 0.1000000015
10351  -36.253  -56.348  -2.173 0.1000000015
8942  -38.537  -58.230  -1.821 0.1000000015
9654  -37.279  -57.898  -3.331 0.1000000015
8959  -38.437  -58.477  -2.325 0.1000000015
9655  -38.157  -57.838  -3.042 0.1000000015
8982  -38.343  -58.312  -2.729 0.1000000015
11036  -35.191  -54.799  -0.538 0.1000000015
11071  -37.132  -56.054  -1.860 0.1000000015
11070  -36.548  -55.884  -1.705 0.1000000015
9607  -38.912  -57.312  -0.990 0.1000000015
10372  -37.790  -57.274  -2.823 0.1000000015
10352  -37.409  -56.620  -2.433 0.1000000015
11774  -35.691  -54.308  -0.335 0.1000000015
11038  -36.382  -55.181  -1.065 0.1000000015
11072  -38.017  -56.100  -2.080 0.1000000015
10315  -38.996  -56.187  -0.044 0.1000000015
9656  -38.657  -57.615  -2.566 0.1000000015
8943  -38.892  -57.811  -1.919 0.1000000015
11775  -36.944  -54.610  -0.711 0.1000000015
9624  -38.914  -57.611  -1.584 0.1000000015
11009  -37.752  -55.086  1.008 0.1000000015
12505  -38.488  -52.852  3.955 0.1000000015
12519  -38.633  -52.987  2.729 0.1000000015
11737  -38.528  -53.601  1.903 0.1000000015
11736  -37.584  -53.694  2.465 0.1000000015
8245  -36.501  -59.866  -2.411 0.1000000015
7631  -36.282  -60.352  -4.151 0.1000000015
8997  -32.570  -58.547  -4.594 0.1000000015
10384  -31.685  -56.710  -3.907 0.1000000015
10349  -34.143  -56.367  -2.336 0.1000000015
8919  -37.649  -57.812  -1.063 0.1000000015
8979  -36.317  -58.325  -3.812 0.1000000015
11069  -34.483  -55.974  -1.805 0.1000000015
11049  -35.968  -55.588  -1.428 0.1000000015
10373  -38.420  -56.923  -2.708 0.1000000015
11037  -35.797  -55.013  -0.808 0.1000000015
12518  -37.799  -53.150  3.379 0.1000000015
1886  -24.365  -70.222  -8.816 0.1000000015
1965  -24.451  -70.771  -13.471 0.1000000015
1947  -24.434  -70.891  -12.628 0.1000000015
1948  -25.054  -70.339  -12.060 0.1000000015
1929  -24.627  -70.708  -11.413 0.1000000015
1913  -23.466  -70.354  -10.470 0.1000000015
1990  -25.067  -70.332  -14.814 0.1000000015
2003  -25.248  -70.185  -15.375 0.1000000015
1887  -25.225  -70.242  -8.692 0.1000000015
2340  -24.679  -69.615  -8.310 0.1000000015
2813  -24.117  -68.727  -8.345 0.1000000015
1480  -24.244  -70.985  -11.226 0.1000000015
1914  -24.353  -70.754  -10.515 0.1000000015
1901  -24.877  -70.547  -9.502 0.1000000015
2339  -23.644  -69.440  -8.532 0.1000000015
1966  -25.028  -70.349  -13.305 0.1000000015
1979  -25.164  -70.238  -14.247 0.1000000015
2435  -25.738  -69.968  -14.834 0.1000000015
2436  -26.664  -69.589  -15.187 0.1000000015
5687  -25.222  -63.874  -11.089 0.1000000015
5020  -24.092  -65.223  -10.173 0.1000000015
2814  -25.078  -68.908  -8.439 0.1000000015
3307  -25.337  -68.455  -8.637 0.1000000015
3306  -24.665  -67.974  -8.648 0.1000000015
3817  -24.368  -67.035  -9.456 0.1000000015
4424  -24.706  -66.058  -10.087 0.1000000015
2341  -25.562  -69.610  -8.457 0.1000000015
3805  -24.036  -67.498  -8.794 0.1000000015
1888  -25.808  -70.066  -8.713 0.1000000015
1915  -25.294  -70.444  -10.443 0.1000000015
2421  -25.618  -69.893  -13.853 0.1000000015
5688  -26.131  -63.553  -11.119 0.1000000015
5040  -24.705  -64.827  -10.647 0.1000000015
6397  -25.541  -62.790  -10.957 0.1000000015
3318  -24.921  -67.587  -9.099 0.1000000015
3840  -25.437  -67.080  -9.910 0.1000000015
3839  -24.819  -66.735  -9.858 0.1000000015
3319  -25.561  -67.962  -9.051 0.1000000015
1930  -25.145  -70.349  -11.270 0.1000000015
2382  -25.692  -69.883  -11.222 0.1000000015
2397  -25.574  -69.903  -12.540 0.1000000015
2411  -26.044  -69.648  -13.186 0.1000000015
1902  -25.842  -70.271  -9.385 0.1000000015
5039  -23.823  -64.441  -10.317 0.1000000015
5041  -25.402  -64.754  -11.072 0.1000000015
1916  -25.854  -70.256  -10.047 0.1000000015
2815  -26.002  -68.856  -8.596 0.1000000015
2342  -26.370  -69.671  -8.788 0.1000000015
2354  -27.031  -69.466  -9.283 0.1000000015
2829  -27.572  -68.753  -9.123 0.1000000015
2830  -28.726  -68.421  -9.699 0.1000000015
4425  -25.720  -65.717  -10.757 0.1000000015
3339  -25.960  -67.733  -9.501 0.1000000015
2828  -26.750  -68.587  -8.849 0.1000000015
3320  -26.374  -68.145  -9.234 0.1000000015
2816  -26.872  -69.129  -8.636 0.1000000015
3340  -26.527  -67.590  -9.732 0.1000000015
3841  -26.605  -66.751  -10.367 0.1000000015
3341  -27.539  -67.361  -9.896 0.1000000015
2827  -26.180  -68.450  -8.921 0.1000000015
2355  -27.776  -69.042  -9.656 0.1000000015
3321  -27.278  -68.081  -9.297 0.1000000015
2343  -26.906  -69.434  -8.817 0.1000000015
2410  -25.559  -69.948  -13.241 0.1000000015
2817  -27.174  -69.257  -8.852 0.1000000015
3818  -25.066  -67.421  -9.377 0.1000000015
4482  -32.096  -65.192  -14.716 0.1000000015
4510  -32.325  -65.321  -16.555 0.1000000015
4526  -31.976  -65.114  -17.584 0.1000000015
5127  -30.337  -64.361  -15.237 0.1000000015
5159  -32.253  -64.887  -17.046 0.1000000015
5725  -30.859  -63.301  -12.650 0.1000000015
5749  -27.842  -63.205  -14.573 0.1000000015
5753  -31.071  -63.851  -12.884 0.1000000015
5796  -28.642  -63.154  -16.860 0.1000000015
6445  -30.144  -62.967  -12.701 0.1000000015
6459  -27.829  -62.853  -16.120 0.1000000015
7101  -26.562  -61.235  -14.739 0.1000000015
7102  -26.783  -61.895  -14.455 0.1000000015
7111  -26.811  -61.535  -16.096 0.1000000015
7721  -27.495  -60.971  -12.781 0.1000000015
7761  -26.754  -60.265  -15.334 0.1000000015
8231  -38.113  -58.570  -1.779 0.1000000015
8332  -38.221  -58.991  -8.952 0.2000000030
8341  -38.108  -59.131  -9.270 0.2000000030
8346  -37.876  -59.209  -9.647 0.1000000015
8348  -28.455  -59.444  -11.989 0.1000000015
8370  -35.081  -59.960  -11.530 0.2000000030
8918  -37.370  -57.951  -1.197 0.1000000015
9048  -37.841  -58.975  -9.953 0.1000000015
9081  -26.950  -59.130  -13.600 0.1000000015
9605  -37.025  -57.505  -0.762 0.1000000015
9774  -27.751  -57.079  -13.535 0.1000000015
9785  -27.553  -57.821  -13.816 0.1000000015
10338  -34.881  -55.918  -1.704 0.1000000015
10438  -28.413  -56.877  -10.502 0.1000000015
11143  -30.781  -54.792  -9.689 0.1000000015
11191  -27.569  -56.188  -11.610 0.1000000015
11808  -31.929  -54.136  -2.655 0.1000000015
11815  -31.952  -54.594  -2.652 0.1000000015
11893  -28.189  -55.004  -10.503 0.1000000015
11930  -28.316  -54.611  -12.037 0.1000000015
11931  -28.890  -54.365  -12.547 0.1000000015
12677  -28.759  -54.215  -9.741 0.1000000015
12722  -28.420  -54.026  -11.523 0.1000000015
12781  -33.398  -53.303  -15.638 0.1000000015
13429  -30.699  -51.760  -8.806 0.1000000015
13441  -29.714  -52.404  -9.291 0.1000000015
14200  -30.474  -51.632  -8.879 0.1000000015
14201  -30.681  -51.509  -8.854 0.1000000015
14212  -30.956  -51.124  -8.867 0.1000000015
14232  -42.436  -51.406  -11.200 0.3000000119
14798  -37.557  -50.294  7.063 0.1000000015
14810  -34.351  -50.062  6.187 0.3000000119
14827  -34.204  -50.360  5.556 0.3000000119
14847  -38.176  -50.550  4.332 0.2000000030
14849  -39.365  -50.387  4.789 0.1000000015
14859  -33.908  -50.410  3.696 0.3000000119
14909  -36.549  -49.829  0.395 0.2000000030
15022  -37.360  -49.853  -9.564 0.3000000119
15037  -29.804  -50.450  -10.124 0.1000000015
15055  -29.735  -51.028  -10.832 0.1000000015
15059  -38.982  -49.802  -11.096 0.2000000030
15153  -35.297  -50.365  -16.573 0.1000000015
15643  -34.926  -49.093  7.219 0.1000000015
15646  -37.491  -49.841  7.404 0.1000000015
15661  -33.711  -49.193  6.374 0.2000000030
15678  -32.747  -49.243  5.657 0.3000000119
15682  -40.475  -50.146  4.905 0.1000000015
15695  -32.446  -49.322  5.271 0.3000000119
15697  -38.240  -50.142  3.929 0.1000000015
15710  -31.542  -49.169  3.913 0.3000000119
15758  -36.905  -49.491  0.478 0.2000000030
15824  -35.409  -49.169  -4.781 0.5000000000
15837  -34.200  -49.259  -5.393 0.5000000000
15909  -38.022  -49.506  -10.430 0.3000000119
15938  -30.327  -49.460  -12.304 0.1000000015
15966  -44.303  -49.086  -14.939 0.1000000015
15985  -44.623  -49.214  -15.820 0.1000000015
16004  -44.148  -49.246  -15.998 0.1000000015
16005  -44.511  -48.936  -15.999 0.1000000015
16491  -35.185  -48.476  7.501 0.1000000015
16502  -32.923  -48.447  6.211 0.2000000030
16503  -33.279  -48.516  6.398 0.2000000030
16505  -34.869  -47.788  7.347 0.1000000015
16526  -31.355  -48.086  4.515 0.3000000119
16527  -31.778  -48.474  5.008 0.3000000119
16568  -33.281  -48.633  1.270 0.3000000119
16580  -31.485  -48.340  0.386 0.3000000119
16595  -31.831  -48.403  0.131 0.3000000119
16607  -35.813  -48.851  -1.030 0.3000000119
16631  -33.201  -48.517  -3.711 0.4000000060
16650  -32.791  -48.397  -4.158 0.5000000000
16671  -36.709  -48.924  -4.754 0.5000000000
16732  -38.714  -48.392  -11.010 0.2000000030
16795  -43.637  -48.734  -14.314 0.1000000015
16809  -32.047  -48.752  -14.706 0.1000000015
16812  -44.518  -48.736  -15.291 0.1000000015
16813  -44.631  -48.731  -15.779 0.1000000015
16829  -44.649  -48.563  -16.114 0.1000000015
16840  -35.117  -48.381  -16.542 0.1000000015
17346  -36.836  -47.732  8.376 0.1000000015
17360  -36.264  -47.080  8.115 0.1000000015
17388  -32.480  -47.708  5.775 0.3000000119
17389  -32.935  -47.494  6.179 0.2000000030
17428  -33.535  -48.240  0.949 0.3000000119
17444  -30.881  -48.025  0.729 0.3000000119
17448  -36.366  -47.463  0.759 0.2000000030
17509  -36.055  -47.671  -2.550 0.4000000060
17641  -30.311  -47.611  -11.427 0.1000000015
17663  -40.439  -47.969  -12.348 0.1000000015
17685  -44.301  -48.192  -14.922 0.1000000015
17700  -44.762  -48.498  -15.926 0.1000000015
17711  -33.679  -47.881  -15.835 0.1000000015
17717  -44.483  -48.202  -16.149 0.1000000015
17718  -44.754  -48.314  -16.063 0.1000000015
18307  -33.435  -47.037  6.380 0.2000000030
18308  -33.814  -46.886  6.566 0.2000000030
18322  -32.445  -47.100  5.498 0.3000000119
18336  -32.722  -46.285  5.417 0.2000000030
18342  -31.153  -46.570  3.668 0.3000000119
18343  -31.683  -46.406  4.358 0.3000000119
18349  -30.496  -46.556  2.112 0.3000000119
18360  -30.323  -46.646  1.359 0.3000000119
18375  -35.368  -47.171  0.124 0.2000000030
18414  -30.515  -46.738  -0.857 0.3000000119
18416  -34.318  -47.399  -1.574 0.3000000119
18440  -30.670  -46.682  -1.462 0.3000000119
18443  -35.447  -46.916  -2.036 0.4000000060
18607  -30.525  -46.894  -12.036 0.1000000015
18633  -44.979  -46.464  -15.189 0.1000000015
18648  -44.829  -46.344  -15.409 0.1000000015
18654  -33.076  -47.306  -15.445 0.1000000015
18657  -35.713  -46.329  -16.425 0.1000000015
18666  -35.469  -46.980  -16.521 0.1000000015
18667  -36.057  -46.962  -16.658 0.1000000015
19269  -33.441  -45.923  6.024 0.2000000030
19284  -32.379  -45.956  4.844 0.2000000030
19323  -30.317  -45.949  0.906 0.3000000119
19573  -42.662  -46.626  -13.027 0.1000000015
19592  -31.893  -45.495  -13.755 0.1000000015
20248  -34.474  -44.381  4.801 0.1000000015
20266  -33.140  -44.136  3.772 0.2000000030
20287  -31.029  -44.260  1.699 0.2000000030
20288  -31.402  -44.147  2.143 0.2000000030
20407  -31.628  -45.169  -4.130 0.3000000119
20423  -32.628  -45.082  -5.216 0.3000000119
20468  -38.645  -44.614  -7.514 0.1000000015
20600  -32.835  -45.027  -14.710 0.1000000015
20607  -46.273  -44.618  -14.194 0.1000000015
20621  -34.016  -45.130  -15.562 0.1000000015
21194  -35.289  -43.491  4.692 0.1000000015
21211  -33.237  -43.555  3.473 0.1000000015
21214  -35.446  -42.827  4.359 0.1000000015
21241  -31.046  -43.875  1.281 0.2000000030
21262  -31.165  -43.640  0.636 0.2000000030
21306  -31.626  -43.591  -1.337 0.3000000119
21374  -32.863  -43.734  -4.230 0.3000000119
21422  -41.496  -44.043  -5.884 0.1000000015
21498  -44.929  -43.375  -11.999 0.1000000015
21511  -31.943  -43.391  -12.959 0.1000000015
21529  -33.178  -43.485  -14.017 0.1000000015
21530  -44.907  -43.728  -13.525 0.1000000015
22161  -32.383  -43.115  2.244 0.1000000015
22215  -34.269  -41.488  -0.788 0.2000000030
22273  -33.577  -42.746  -2.251 0.3000000119
22294  -33.507  -42.894  -2.706 0.3000000119
22310  -37.502  -42.621  -4.032 0.1000000015
22454  -32.498  -42.927  -13.114 0.1000000015
23095  -35.427  -40.906  2.651 0.1000000015
23180  -35.039  -41.477  -0.836 0.2000000030
23389  -34.847  -41.059  -14.093 0.1000000015
23400  -34.297  -41.863  -14.210 0.1000000015
24296  -33.104  -40.286  -11.986 0.1000000015
24309  -33.366  -40.863  -12.589 0.1000000015
24322  -35.136  -40.926  -14.252 0.1000000015
25251  -33.655  -38.667  -11.392 0.1000000015
26160  -34.174  -38.150  -11.559 0.1000000015
26175  -36.190  -38.098  -12.878 0.1000000015
