#!ascii label  , from subject sub.01.bl.01.long.sub.01.base.03 vox2ras=TkReg
367
11853  -37.073  -54.984  -7.553 0.0000000000
10444  -34.819  -56.415  -10.669 0.0000000000
14190  -40.992  -51.876  -7.328 0.0000000000
10430  -38.252  -56.925  -9.336 0.0000000000
13511  -40.175  -52.458  -12.351 0.0000000000
13379  -36.889  -51.763  -3.825 0.0000000000
15851  -35.934  -49.875  -6.288 0.0000000000
17504  -31.830  -47.699  -2.490 0.0000000000
15025  -40.325  -51.309  -9.225 0.0000000000
13448  -41.501  -52.275  -9.333 0.0000000000
15063  -42.467  -50.937  -11.478 0.0000000000
14959  -37.972  -49.726  -4.196 0.0000000000
16634  -36.133  -48.094  -3.413 0.0000000000
20392  -31.405  -44.896  -3.444 0.0000000000
18499  -32.956  -46.188  -6.116 0.0000000000
9035  -35.802  -58.807  -8.455 0.0000000000
9730  -36.505  -57.501  -10.521 0.0000000000
8344  -36.892  -59.680  -10.606 0.0000000000
8355  -34.794  -59.523  -11.337 0.0000000000
12641  -39.397  -53.467  -6.648 0.0000000000
10417  -38.189  -56.570  -7.956 0.0000000000
12705  -38.782  -53.873  -10.158 0.0000000000
11916  -37.130  -54.470  -11.346 0.0000000000
14164  -39.193  -51.532  -5.155 0.0000000000
14981  -39.054  -50.648  -6.669 0.0000000000
15003  -37.230  -50.225  -9.076 0.0000000000
18417  -34.758  -47.108  -1.620 0.0000000000
16651  -33.509  -48.763  -4.347 0.0000000000
17582  -34.888  -47.875  -8.176 0.0000000000
18552  -37.493  -46.999  -9.707 0.0000000000
7686  -37.316  -59.852  -8.877 0.0000000000
14228  -34.556  -51.266  -10.271 0.0000000000
11156  -33.032  -55.263  -10.145 0.0000000000
9744  -29.842  -58.142  -11.041 0.0000000000
15060  -39.527  -50.142  -11.156 0.0000000000
15044  -41.095  -51.181  -10.374 0.0000000000
11133  -36.795  -56.227  -7.933 0.0000000000
10445  -35.853  -56.448  -10.705 0.0000000000
9045  -35.815  -58.603  -10.707 0.0000000000
9044  -35.009  -58.232  -10.916 0.0000000000
8354  -34.028  -59.467  -11.581 0.0000000000
9748  -33.601  -58.005  -11.077 0.0000000000
13414  -40.531  -52.524  -6.757 0.0000000000
12654  -40.377  -53.081  -7.610 0.0000000000
13466  -40.578  -52.657  -10.398 0.0000000000
13446  -40.221  -52.791  -9.724 0.0000000000
13490  -39.643  -53.031  -11.210 0.0000000000
11917  -37.915  -54.237  -11.138 0.0000000000
12746  -38.420  -53.289  -11.834 0.0000000000
13404  -38.579  -52.527  -5.473 0.0000000000
14162  -38.153  -51.529  -4.324 0.0000000000
15840  -36.801  -49.351  -5.223 0.0000000000
15842  -38.468  -49.919  -5.104 0.0000000000
14980  -37.929  -50.380  -6.504 0.0000000000
14991  -38.507  -50.729  -7.597 0.0000000000
14989  -36.319  -50.256  -7.425 0.0000000000
17505  -33.036  -48.087  -2.383 0.0000000000
17525  -34.587  -48.031  -2.955 0.0000000000
16630  -32.840  -48.384  -3.773 0.0000000000
19466  -34.632  -46.109  -7.334 0.0000000000
17573  -33.639  -47.256  -6.940 0.0000000000
18526  -35.737  -46.814  -8.488 0.0000000000
17588  -36.148  -47.957  -9.195 0.0000000000
10424  -38.316  -56.972  -8.463 0.0000000000
9712  -38.049  -57.956  -8.379 0.0000000000
9039  -38.337  -58.616  -9.141 0.0000000000
7080  -36.552  -61.138  -10.819 0.0000000000
15021  -33.281  -50.238  -9.590 0.0000000000
12702  -33.103  -53.022  -9.681 0.0000000000
11153  -29.611  -55.913  -9.754 0.0000000000
14215  -40.768  -51.464  -8.382 0.0000000000
13423  -41.378  -52.156  -8.319 0.0000000000
14216  -41.288  -51.637  -8.995 0.0000000000
14231  -42.136  -51.669  -10.491 0.0000000000
13492  -41.942  -51.945  -11.623 0.0000000000
14151  -37.841  -51.085  -3.845 0.0000000000
16655  -37.200  -48.824  -4.272 0.0000000000
16670  -36.280  -48.948  -4.813 0.0000000000
19395  -31.231  -45.903  -3.375 0.0000000000
17543  -31.799  -47.026  -4.247 0.0000000000
19431  -32.298  -45.706  -5.073 0.0000000000
19433  -33.547  -45.134  -6.165 0.0000000000
19455  -35.893  -45.293  -7.251 0.0000000000
10447  -37.512  -56.806  -10.121 0.0000000000
9041  -37.869  -58.447  -9.956 0.0000000000
9046  -36.768  -58.713  -10.541 0.0000000000
8357  -36.309  -59.983  -11.072 0.0000000000
7093  -35.285  -61.204  -12.024 0.0000000000
7727  -33.679  -60.797  -12.626 0.0000000000
8367  -32.929  -60.194  -12.245 0.0000000000
8351  -31.228  -59.594  -11.780 0.0000000000
11837  -37.710  -54.302  -7.050 0.0000000000
11123  -37.376  -56.002  -7.746 0.0000000000
11125  -38.553  -55.978  -8.126 0.0000000000
11134  -38.665  -56.019  -8.828 0.0000000000
12665  -40.457  -52.845  -8.644 0.0000000000
11884  -39.072  -54.078  -9.163 0.0000000000
11162  -38.396  -55.488  -9.884 0.0000000000
11161  -37.909  -55.520  -10.429 0.0000000000
11160  -37.166  -55.509  -10.948 0.0000000000
11159  -36.297  -55.535  -10.881 0.0000000000
12624  -37.989  -53.152  -5.888 0.0000000000
13405  -39.710  -52.414  -5.787 0.0000000000
14174  -40.190  -51.777  -5.891 0.0000000000
14960  -38.586  -50.270  -4.635 0.0000000000
14971  -39.524  -50.853  -6.120 0.0000000000
14982  -39.793  -51.086  -6.772 0.0000000000
15005  -39.280  -50.962  -8.432 0.0000000000
15024  -38.975  -50.880  -9.570 0.0000000000
15041  -38.184  -50.012  -10.280 0.0000000000
17526  -35.442  -47.620  -2.996 0.0000000000
16633  -35.080  -48.253  -3.690 0.0000000000
15838  -34.550  -49.384  -5.287 0.0000000000
17571  -32.784  -47.775  -5.840 0.0000000000
16678  -33.790  -48.937  -6.315 0.0000000000
15859  -34.940  -49.665  -6.897 0.0000000000
15870  -35.864  -49.479  -8.284 0.0000000000
16711  -36.919  -48.689  -9.899 0.0000000000
9711  -37.385  -57.964  -8.160 0.0000000000
9036  -36.865  -58.824  -8.335 0.0000000000
7716  -37.374  -60.114  -9.700 0.0000000000
7705  -36.977  -60.748  -9.579 0.0000000000
13509  -38.011  -52.732  -12.146 0.0000000000
12725  -36.970  -53.377  -11.512 0.0000000000
11897  -34.852  -54.343  -10.585 0.0000000000
11157  -34.247  -55.340  -10.449 0.0000000000
9726  -32.152  -57.224  -10.625 0.0000000000
9055  -31.525  -58.858  -11.346 0.0000000000
15061  -40.623  -50.437  -11.321 0.0000000000
11132  -36.187  -56.337  -8.075 0.0000000000
9729  -35.399  -57.450  -10.733 0.0000000000
9728  -34.297  -57.487  -10.794 0.0000000000
12642  -40.169  -53.246  -6.881 0.0000000000
13422  -41.066  -52.417  -7.986 0.0000000000
13491  -40.940  -52.443  -11.408 0.0000000000
13489  -39.073  -53.201  -11.607 0.0000000000
13391  -37.201  -52.255  -4.531 0.0000000000
13380  -37.696  -51.752  -4.204 0.0000000000
15852  -37.184  -50.073  -5.948 0.0000000000
14979  -36.742  -50.336  -6.805 0.0000000000
14978  -36.066  -50.244  -6.982 0.0000000000
17484  -31.361  -47.742  -1.213 0.0000000000
17485  -32.566  -48.061  -1.455 0.0000000000
17523  -32.605  -48.123  -3.466 0.0000000000
19467  -35.341  -45.979  -7.733 0.0000000000
18525  -34.746  -46.872  -7.751 0.0000000000
18527  -36.848  -46.110  -8.592 0.0000000000
9713  -38.456  -57.903  -8.872 0.0000000000
12701  -32.320  -53.309  -9.604 0.0000000000
11154  -30.644  -55.687  -9.785 0.0000000000
11142  -29.906  -55.089  -9.551 0.0000000000
15026  -41.161  -51.471  -9.603 0.0000000000
15045  -42.016  -51.252  -10.719 0.0000000000
15046  -42.341  -51.343  -10.959 0.0000000000
13468  -42.277  -51.815  -11.010 0.0000000000
13493  -42.386  -51.538  -11.552 0.0000000000
16654  -36.606  -48.606  -4.347 0.0000000000
19374  -30.888  -45.819  -2.395 0.0000000000
19409  -31.466  -45.607  -3.892 0.0000000000
19410  -31.775  -45.674  -4.432 0.0000000000
20408  -32.232  -44.651  -4.505 0.0000000000
20451  -34.738  -45.057  -6.730 0.0000000000
9731  -37.371  -58.051  -10.257 0.0000000000
9059  -35.099  -58.989  -10.970 0.0000000000
8343  -36.303  -59.378  -10.785 0.0000000000
8356  -35.600  -59.704  -11.212 0.0000000000
7729  -35.214  -60.380  -11.766 0.0000000000
7728  -34.589  -60.647  -12.308 0.0000000000
9057  -33.399  -58.730  -11.385 0.0000000000
8353  -33.156  -59.515  -11.733 0.0000000000
8352  -32.214  -59.537  -11.824 0.0000000000
8366  -31.921  -60.180  -12.384 0.0000000000
11838  -38.588  -54.273  -7.136 0.0000000000
11867  -38.970  -55.124  -8.401 0.0000000000
13432  -41.462  -52.201  -8.724 0.0000000000
13431  -41.166  -52.461  -8.810 0.0000000000
13447  -40.902  -52.550  -9.482 0.0000000000
12684  -39.520  -53.351  -9.346 0.0000000000
12683  -38.962  -53.997  -9.459 0.0000000000
11883  -38.826  -54.866  -9.360 0.0000000000
11901  -38.416  -54.819  -10.243 0.0000000000
11179  -37.633  -54.968  -11.073 0.0000000000
11178  -37.327  -55.018  -11.212 0.0000000000
11899  -36.651  -55.039  -11.220 0.0000000000
13393  -38.979  -51.892  -5.211 0.0000000000
13394  -39.407  -51.776  -5.356 0.0000000000
14946  -38.136  -50.336  -3.982 0.0000000000
14152  -38.380  -50.723  -4.238 0.0000000000
14969  -38.132  -50.166  -5.812 0.0000000000
14970  -38.769  -50.355  -5.623 0.0000000000
14992  -39.510  -50.949  -7.459 0.0000000000
15004  -38.124  -50.756  -8.747 0.0000000000
15023  -37.922  -50.224  -9.825 0.0000000000
17507  -34.935  -47.196  -2.369 0.0000000000
16632  -34.091  -48.585  -3.632 0.0000000000
16652  -34.522  -48.935  -4.382 0.0000000000
15823  -35.021  -49.264  -4.760 0.0000000000
16669  -34.466  -49.254  -4.883 0.0000000000
18498  -32.544  -46.778  -5.636 0.0000000000
17562  -32.505  -47.667  -5.321 0.0000000000
18513  -32.942  -47.265  -6.181 0.0000000000
17581  -33.983  -47.832  -7.407 0.0000000000
17580  -33.683  -48.364  -6.902 0.0000000000
16685  -33.961  -48.735  -7.099 0.0000000000
16679  -34.298  -49.289  -6.846 0.0000000000
16686  -34.577  -48.964  -7.606 0.0000000000
15860  -35.579  -49.784  -7.507 0.0000000000
16687  -35.325  -48.854  -8.281 0.0000000000
18551  -37.033  -47.431  -9.633 0.0000000000
17601  -36.697  -47.924  -9.602 0.0000000000
17602  -37.309  -47.815  -10.017 0.0000000000
16712  -37.541  -48.648  -10.330 0.0000000000
10416  -37.736  -56.552  -7.795 0.0000000000
10415  -37.434  -56.497  -7.830 0.0000000000
10423  -37.887  -57.211  -7.992 0.0000000000
9037  -37.673  -58.772  -8.406 0.0000000000
8330  -37.199  -59.543  -8.585 0.0000000000
7685  -36.755  -60.499  -8.904 0.0000000000
9047  -37.450  -58.937  -10.279 0.0000000000
8345  -37.494  -59.585  -10.007 0.0000000000
6403  -36.046  -62.141  -10.461 0.0000000000
7068  -36.542  -61.472  -10.185 0.0000000000
13510  -38.877  -52.882  -12.151 0.0000000000
14268  -38.102  -51.786  -12.547 0.0000000000
12724  -36.198  -53.329  -11.347 0.0000000000
11898  -36.029  -54.450  -11.150 0.0000000000
12704  -35.359  -53.347  -10.855 0.0000000000
11896  -33.634  -54.215  -10.228 0.0000000000
12703  -34.351  -53.247  -10.257 0.0000000000
10443  -33.708  -56.364  -10.415 0.0000000000
10442  -32.544  -56.301  -10.279 0.0000000000
9724  -30.099  -57.432  -10.519 0.0000000000
9725  -31.132  -57.356  -10.455 0.0000000000
9745  -30.828  -58.164  -10.875 0.0000000000
15043  -39.837  -50.847  -10.432 0.0000000000
15062  -41.727  -50.729  -11.288 0.0000000000
20409  -32.880  -44.132  -4.784 0.0000000000
21392  -33.337  -43.806  -4.844 0.0000000000
9710  -36.425  -57.898  -8.303 0.0000000000
10446  -36.669  -56.355  -10.601 0.0000000000
9058  -34.333  -58.631  -11.201 0.0000000000
13413  -40.065  -52.972  -6.421 0.0000000000
12653  -39.769  -53.679  -7.396 0.0000000000
12664  -39.754  -53.546  -8.225 0.0000000000
13467  -41.688  -52.270  -10.368 0.0000000000
13465  -39.839  -52.969  -10.206 0.0000000000
12728  -39.123  -53.477  -10.788 0.0000000000
11918  -38.346  -54.250  -10.724 0.0000000000
12727  -38.670  -53.553  -11.297 0.0000000000
13392  -38.204  -52.033  -4.718 0.0000000000
14163  -38.740  -51.230  -4.658 0.0000000000
15826  -37.537  -49.330  -4.625 0.0000000000
15827  -38.180  -49.708  -4.779 0.0000000000
15841  -37.925  -49.777  -5.399 0.0000000000
15853  -37.808  -50.142  -5.866 0.0000000000
14990  -37.106  -50.561  -7.867 0.0000000000
17486  -33.725  -47.690  -1.634 0.0000000000
17487  -34.382  -47.423  -1.912 0.0000000000
17506  -34.069  -47.842  -2.352 0.0000000000
17524  -33.587  -48.321  -3.030 0.0000000000
19453  -34.088  -45.623  -6.777 0.0000000000
18514  -33.315  -46.671  -6.512 0.0000000000
18515  -34.034  -46.709  -7.167 0.0000000000
17587  -35.605  -47.938  -8.736 0.0000000000
18535  -36.051  -47.431  -8.892 0.0000000000
18536  -36.673  -47.054  -9.204 0.0000000000
9038  -38.181  -58.647  -8.709 0.0000000000
8331  -37.797  -59.352  -8.882 0.0000000000
7715  -36.956  -60.479  -10.291 0.0000000000
13445  -32.712  -51.820  -9.380 0.0000000000
13462  -33.165  -51.951  -9.575 0.0000000000
13463  -34.035  -52.174  -9.886 0.0000000000
11895  -32.286  -54.107  -9.838 0.0000000000
11155  -31.670  -55.171  -10.078 0.0000000000
10440  -30.377  -56.625  -10.045 0.0000000000
14202  -40.654  -51.457  -7.666 0.0000000000
14191  -41.319  -52.019  -8.032 0.0000000000
14203  -41.147  -51.726  -8.134 0.0000000000
14204  -41.478  -51.959  -8.578 0.0000000000
14217  -41.839  -51.959  -9.417 0.0000000000
14230  -41.672  -51.586  -9.917 0.0000000000
13512  -41.257  -52.003  -12.385 0.0000000000
15809  -37.434  -49.197  -3.922 0.0000000000
15825  -37.017  -48.943  -4.655 0.0000000000
18441  -30.904  -46.987  -2.018 0.0000000000
18462  -31.228  -46.759  -3.034 0.0000000000
17522  -31.794  -47.338  -3.648 0.0000000000
18477  -31.555  -46.427  -3.929 0.0000000000
18478  -31.958  -46.552  -4.696 0.0000000000
19432  -32.861  -45.561  -5.773 0.0000000000
20424  -33.228  -44.515  -5.385 0.0000000000
19452  -33.334  -45.815  -6.306 0.0000000000
19454  -35.006  -45.450  -7.121 0.0000000000
10429  -37.994  -57.402  -9.734 0.0000000000
9716  -38.206  -58.007  -9.523 0.0000000000
9715  -37.806  -57.773  -9.899 0.0000000000
8368  -33.861  -60.114  -12.119 0.0000000000
7726  -32.645  -60.905  -12.651 0.0000000000
7725  -31.571  -60.929  -12.757 0.0000000000
11854  -37.991  -55.141  -7.376 0.0000000000
11124  -38.162  -55.926  -7.696 0.0000000000
11855  -38.697  -55.000  -7.713 0.0000000000
12685  -40.279  -52.816  -9.270 0.0000000000
11145  -38.459  -55.910  -9.429 0.0000000000
10448  -38.135  -56.155  -9.848 0.0000000000
11900  -38.031  -54.763  -10.731 0.0000000000
11158  -35.365  -55.421  -10.718 0.0000000000
12640  -38.346  -53.638  -6.553 0.0000000000
12625  -38.852  -53.080  -6.018 0.0000000000
13406  -40.369  -52.151  -6.139 0.0000000000
14181  -40.497  -51.837  -6.499 0.0000000000
14172  -39.095  -50.684  -4.987 0.0000000000
14173  -39.531  -51.280  -5.450 0.0000000000
14180  -40.068  -51.330  -6.236 0.0000000000
14189  -40.405  -51.444  -6.938 0.0000000000
14993  -40.134  -51.210  -7.350 0.0000000000
15006  -40.161  -51.162  -8.060 0.0000000000
15042  -38.689  -50.192  -10.551 0.0000000000
16653  -35.589  -48.743  -4.478 0.0000000000
15839  -35.547  -49.405  -5.148 0.0000000000
17544  -32.258  -47.594  -4.561 0.0000000000
16667  -32.846  -48.385  -5.081 0.0000000000
17572  -33.333  -47.840  -6.559 0.0000000000
16677  -33.237  -48.470  -5.849 0.0000000000
16668  -33.863  -49.072  -5.235 0.0000000000
15849  -34.194  -49.294  -5.655 0.0000000000
15850  -34.694  -49.566  -6.053 0.0000000000
15861  -36.200  -50.063  -7.996 0.0000000000
15871  -36.475  -49.684  -8.709 0.0000000000
16695  -35.968  -48.780  -8.759 0.0000000000
16696  -36.455  -48.765  -9.311 0.0000000000
15888  -36.918  -49.475  -9.443 0.0000000000
15889  -37.374  -49.443  -9.975 0.0000000000
16731  -38.213  -48.523  -10.650 0.0000000000
10422  -37.065  -56.860  -8.066 0.0000000000
8329  -36.325  -59.723  -8.556 0.0000000000
9042  -38.100  -58.760  -9.588 0.0000000000
8340  -37.712  -59.580  -9.440 0.0000000000
7706  -37.340  -60.055  -9.182 0.0000000000
15080  -41.422  -50.223  -11.908 0.0000000000
14250  -42.382  -51.452  -12.199 0.0000000000
13513  -41.930  -51.634  -12.455 0.0000000000
12745  -38.288  -53.143  -12.027 0.0000000000
12726  -37.848  -53.464  -11.693 0.0000000000
14249  -37.655  -52.210  -12.180 0.0000000000
13488  -37.386  -52.640  -11.845 0.0000000000
11915  -36.575  -53.923  -11.409 0.0000000000
9727  -33.184  -57.257  -10.663 0.0000000000
9747  -32.773  -57.987  -11.093 0.0000000000
9746  -31.821  -58.068  -10.964 0.0000000000
8332  -38.221  -58.991  -8.952 0.0000000000
8341  -38.108  -59.131  -9.270 0.0000000000
8346  -37.876  -59.209  -9.647 0.0000000000
8370  -35.081  -59.960  -11.530 0.0000000000
9048  -37.841  -58.975  -9.953 0.0000000000
12706  -39.359  -53.322  -10.352 0.0000000000
14232  -42.436  -51.406  -11.200 0.0000000000
15022  -37.360  -49.853  -9.564 0.0000000000
15824  -35.409  -49.169  -4.781 0.0000000000
15837  -34.200  -49.259  -5.393 0.0000000000
15909  -38.022  -49.506  -10.430 0.0000000000
16631  -33.201  -48.517  -3.711 0.0000000000
16650  -32.791  -48.397  -4.158 0.0000000000
16671  -36.709  -48.924  -4.754 0.0000000000
20407  -31.628  -45.169  -4.130 0.0000000000
20423  -32.628  -45.082  -5.216 0.0000000000
20452  -35.398  -44.831  -6.691 0.0000000000
