#!ascii label  , from subject sub.01.bl.01.long.sub.01.base.03 vox2ras=TkReg
971
55528  -24.972  -9.266  -18.697 0.4285714328
57741  -25.634  -7.823  -19.538 0.2857142985
56700  -25.310  -8.301  -20.020 0.4285714328
57742  -26.141  -7.518  -18.766 0.4285714328
58861  -25.652  -6.938  -20.622 0.2857142985
58845  -25.990  -6.800  -19.824 0.4285714328
59924  -26.714  -6.131  -19.219 0.4285714328
59943  -26.442  -5.428  -21.110 0.4285714328
61083  -26.706  -4.845  -22.464 0.4285714328
61084  -27.062  -4.342  -21.995 0.4285714328
62292  -27.481  -3.881  -23.659 0.5714285970
62270  -27.573  -3.629  -22.546 0.5714285970
62253  -27.920  -2.824  -21.676 0.2857142985
62293  -27.915  -3.146  -23.436 0.7142857313
62271  -27.988  -2.840  -22.615 0.7142857313
64617  -28.853  -1.198  -23.552 0.7142857313
64600  -29.173  -0.961  -22.440 0.4285714328
63443  -28.260  -2.409  -23.145 0.7142857313
64599  -28.612  -1.676  -22.788 0.5714285970
65790  -29.521  -0.357  -23.017 0.5714285970
64636  -28.833  -1.360  -24.659 0.5714285970
65805  -29.469  -0.585  -24.143 0.5714285970
65822  -30.148  0.008  -24.749 0.5714285970
65806  -30.217  0.136  -23.545 0.5714285970
66984  -31.092  0.439  -25.405 0.5714285970
66970  -32.144  0.510  -24.424 0.5714285970
65840  -30.129  -0.327  -25.922 0.7142857313
66985  -32.184  0.491  -25.551 0.7142857313
66971  -33.058  0.731  -24.635 0.5714285970
65854  -29.589  -1.255  -26.922 0.5714285970
66995  -31.550  0.254  -26.394 0.8571428657
66986  -32.658  0.936  -25.646 0.7142857313
68108  -33.313  1.174  -24.700 0.5714285970
65856  -31.113  -0.041  -27.174 0.7142857313
65868  -30.870  -0.419  -28.008 0.5714285970
68128  -33.327  2.170  -26.207 0.7142857313
68109  -33.383  1.743  -24.619 0.5714285970
66996  -32.231  0.600  -26.743 0.7142857313
68127  -32.933  1.453  -26.204 0.7142857313
69371  -33.354  2.772  -25.694 0.5714285970
68135  -32.571  1.384  -27.259 0.7142857313
70509  -33.368  3.825  -25.984 0.7142857313
69389  -32.923  2.358  -27.611 0.7142857313
69382  -33.368  2.868  -26.720 0.7142857313
70520  -33.303  3.868  -27.011 0.7142857313
72680  -33.675  5.543  -27.149 0.7142857313
71593  -33.386  4.775  -25.857 0.5714285970
69390  -33.102  3.264  -27.410 0.7142857313
68140  -32.087  1.317  -28.203 0.5714285970
73710  -33.887  6.418  -26.628 0.5714285970
73711  -34.101  7.150  -26.479 0.5714285970
70536  -32.812  3.919  -28.121 0.8571428657
70526  -32.739  3.338  -27.919 0.8571428657
73730  -34.182  7.112  -27.174 0.7142857313
73729  -34.031  6.382  -27.608 0.7142857313
71617  -33.396  4.679  -27.519 0.8571428657
72691  -33.582  5.582  -28.173 0.7142857313
75771  -33.644  8.783  -28.857 0.8571428657
75753  -34.155  8.711  -27.854 0.5714285970
74756  -33.950  7.580  -28.258 0.8571428657
73757  -33.430  6.994  -29.235 0.8571428657
73744  -33.806  6.780  -28.479 0.8571428657
78026  -33.498  10.210  -29.642 0.8571428657
79178  -33.649  10.701  -29.092 0.8571428657
80204  -32.817  11.733  -29.153 0.8571428657
74755  -33.632  7.796  -28.915 0.8571428657
79196  -32.266  11.180  -30.288 1.0000000000
79177  -32.953  11.186  -29.439 1.0000000000
76859  -33.628  9.347  -29.244 0.8571428657
79176  -32.443  11.544  -29.819 1.0000000000
79197  -32.885  10.557  -30.056 1.0000000000
81225  -31.473  13.075  -30.478 1.0000000000
82257  -30.445  14.072  -31.076 0.7142857313
80202  -31.879  12.607  -30.036 1.0000000000
80222  -31.792  12.128  -30.468 1.0000000000
82242  -31.394  13.858  -29.984 1.0000000000
86272  -29.611  17.697  -30.787 1.0000000000
85308  -29.622  17.059  -31.518 0.8571428657
87293  -29.489  19.111  -31.718 0.8571428657
91573  -30.326  23.456  -31.867 0.8571428657
89426  -30.009  21.679  -32.300 0.8571428657
88393  -30.238  20.904  -31.997 1.0000000000
93502  -30.338  25.432  -32.491 0.8571428657
92568  -30.470  24.497  -31.910 0.8571428657
93515  -29.903  25.604  -33.437 0.7142857313
91601  -29.737  23.599  -33.529 0.5714285970
93514  -29.555  26.077  -33.960 0.7142857313
94345  -29.713  26.851  -33.543 0.5714285970
92622  -28.075  24.794  -34.800 0.5714285970
92595  -29.163  24.111  -34.361 0.5714285970
94367  -28.405  27.366  -35.442 0.4285714328
95169  -29.019  28.029  -34.890 0.4285714328
93527  -26.814  25.457  -34.222 0.2857142985
94354  -27.216  26.602  -33.991 0.2857142985
93540  -27.287  25.390  -34.675 0.2857142985
93513  -26.857  25.821  -33.406 0.2857142985
57762  -25.561  -7.475  -20.224 0.2857142985
68121  -33.087  1.311  -25.207 0.5714285970
74717  -34.172  7.814  -26.755 0.5714285970
75772  -33.877  8.358  -28.322 0.8571428657
76839  -34.073  9.354  -28.516 0.8571428657
76860  -33.898  9.948  -29.069 0.8571428657
79151  -33.098  11.581  -28.967 0.8571428657
83281  -30.222  15.122  -31.145 0.8571428657
93487  -27.414  25.999  -31.507 0.1428571492
57782  -25.367  -7.338  -21.078 0.2857142985
58881  -25.683  -6.744  -21.483 0.2857142985
58862  -26.055  -6.325  -20.857 0.2857142985
59934  -26.435  -5.839  -20.117 0.4285714328
61072  -26.959  -4.482  -20.835 0.4285714328
58882  -26.163  -6.104  -21.862 0.2857142985
61106  -26.817  -4.893  -22.896 0.5714285970
63424  -28.395  -2.224  -22.193 0.4285714328
62310  -27.736  -3.290  -24.340 0.2857142985
63461  -28.216  -2.551  -24.164 0.7142857313
64616  -28.422  -1.920  -23.582 0.7142857313
66954  -32.084  0.560  -23.263 0.4285714328
65821  -29.375  -0.798  -25.297 0.7142857313
66969  -31.126  0.453  -24.055 0.7142857313
65855  -30.165  -0.662  -27.134 0.5714285970
70493  -33.274  3.405  -24.817 0.5714285970
65869  -31.702  -0.059  -27.853 0.5714285970
69357  -33.278  2.488  -24.930 0.5714285970
69381  -33.188  1.980  -26.856 0.7142857313
74771  -33.160  7.607  -29.656 1.0000000000
81211  -32.379  12.762  -29.384 1.0000000000
78041  -32.446  10.159  -30.607 1.0000000000
81237  -30.998  13.171  -31.175 0.8571428657
83298  -29.818  15.448  -31.738 0.7142857313
84301  -30.281  16.111  -30.559 1.0000000000
84325  -29.892  15.838  -31.799 0.7142857313
87285  -29.574  18.793  -30.798 0.8571428657
88386  -30.438  20.711  -31.256 1.0000000000
88374  -29.951  19.827  -30.988 1.0000000000
92580  -30.225  24.528  -33.118 0.7142857313
93542  -28.338  26.098  -34.704 0.7142857313
92596  -29.542  24.578  -33.971 0.5714285970
92609  -29.222  25.146  -34.153 0.7142857313
94344  -29.342  26.686  -34.231 0.7142857313
94365  -27.625  26.515  -34.756 0.2857142985
94366  -28.034  26.936  -35.388 0.4285714328
95158  -29.337  27.706  -34.349 0.4285714328
95179  -28.542  27.879  -35.796 0.4285714328
95177  -28.145  27.847  -36.022 0.4285714328
64651  -28.526  -2.142  -24.856 0.4285714328
64652  -28.819  -1.774  -25.695 0.4285714328
55551  -24.842  -9.023  -19.685 0.4285714328
56676  -25.476  -8.412  -19.092 0.4285714328
56721  -25.200  -8.039  -20.803 0.2857142985
55571  -24.744  -8.684  -20.507 0.2857142985
57763  -25.792  -7.397  -19.578 0.4285714328
59959  -26.403  -5.355  -22.122 0.2857142985
61071  -26.624  -4.851  -21.716 0.4285714328
59985  -26.495  -5.163  -22.784 0.4285714328
61107  -27.134  -4.592  -23.052 0.4285714328
66955  -33.045  0.437  -23.512 0.5714285970
66994  -30.761  0.021  -26.440 0.7142857313
65839  -29.496  -1.125  -26.343 0.7142857313
65857  -31.732  0.101  -27.024 0.5714285970
68122  -33.268  1.963  -25.485 0.5714285970
67005  -32.067  0.553  -28.021 0.7142857313
71609  -33.425  4.703  -26.638 0.7142857313
69397  -32.281  2.666  -28.249 0.8571428657
73745  -34.156  7.128  -27.869 0.8571428657
75788  -33.322  8.523  -29.467 0.8571428657
76838  -33.739  9.199  -28.854 0.8571428657
73743  -33.183  6.167  -28.982 0.8571428657
76872  -33.013  9.339  -30.126 1.0000000000
81238  -31.393  12.652  -30.928 1.0000000000
91584  -30.145  23.567  -32.708 0.8571428657
93529  -29.491  25.441  -33.997 0.5714285970
93528  -29.079  25.872  -34.305 0.5714285970
92608  -28.786  24.739  -34.401 0.5714285970
92621  -27.467  24.675  -34.797 0.4285714328
93541  -27.793  25.749  -34.701 0.4285714328
93512  -26.516  25.104  -33.574 0.2857142985
94343  -27.278  26.675  -33.004 0.2857142985
84300  -29.966  16.413  -30.910 1.0000000000
94355  -28.849  26.969  -34.693 0.5714285970
97701  -28.774  30.646  -34.525 0.2857142985
97686  -28.416  31.134  -33.784 0.1428571492
96839  -28.908  29.708  -35.052 0.2857142985
97702  -29.128  30.658  -34.639 0.2857142985
95995  -27.812  28.602  -35.451 0.1428571492
96849  -28.547  29.158  -36.175 0.2857142985
96838  -28.620  29.367  -34.816 0.1428571492
97687  -29.440  30.323  -33.999 0.2857142985
96800  -32.901  29.231  -31.781 0.2857142985
97675  -31.129  30.023  -32.821 0.2857142985
97685  -28.191  30.841  -33.005 0.1428571492
96007  -29.041  28.428  -35.455 0.2857142985
95147  -30.899  28.139  -32.219 0.2857142985
96851  -29.061  29.205  -35.599 0.2857142985
95114  -33.087  27.069  -30.668 0.1428571492
95972  -30.783  28.706  -32.626 0.2857142985
96828  -30.299  29.320  -33.275 0.2857142985
97700  -28.638  30.306  -33.865 0.1428571492
95986  -29.538  28.785  -33.952 0.2857142985
96840  -29.224  29.600  -34.670 0.2857142985
93491  -35.130  25.488  -31.165 0.1428571492
94325  -34.359  26.522  -30.735 0.1428571492
95957  -32.088  28.688  -31.601 0.4285714328
95159  -29.830  27.886  -33.580 0.2857142985
91560  -32.321  23.527  -29.398 0.2857142985
94306  -31.235  25.900  -30.867 0.4285714328
95129  -30.646  26.829  -32.058 0.2857142985
90476  -33.177  22.033  -28.513 0.1428571492
93470  -32.650  25.040  -29.703 0.2857142985
92558  -30.866  24.512  -30.680 0.5714285970
93488  -30.597  25.489  -31.656 0.7142857313
89374  -32.748  21.163  -28.388 0.1428571492
90487  -32.703  22.762  -28.849 0.1428571492
92569  -30.644  25.008  -31.287 0.7142857313
94335  -30.165  26.403  -32.671 0.4285714328
91559  -31.548  23.450  -29.908 0.4285714328
87271  -32.879  19.422  -27.906 0.2857142985
87280  -31.273  19.883  -28.472 0.7142857313
92557  -30.586  23.973  -31.401 0.7142857313
89382  -30.913  21.439  -29.726 0.8571428657
90498  -30.668  22.515  -30.758 0.5714285970
86247  -32.545  17.603  -27.361 0.2857142985
87259  -32.723  18.528  -27.576 0.2857142985
90485  -31.003  22.146  -30.134 0.7142857313
89425  -29.547  21.370  -32.905 0.5714285970
89397  -30.639  21.513  -30.602 0.8571428657
85278  -33.574  16.996  -27.398 0.1428571492
87279  -30.525  19.045  -28.823 0.7142857313
84274  -33.648  16.047  -27.102 0.1428571492
75811  -30.832  8.518  -31.555 0.5714285970
79195  -31.601  11.481  -30.917 0.8571428657
80238  -31.209  12.202  -31.478 0.8571428657
79207  -31.234  11.240  -31.521 0.4285714328
85302  -29.802  16.787  -30.850 0.8571428657
84279  -31.215  15.359  -28.814 0.8571428657
86273  -30.025  18.348  -29.933 0.8571428657
83211  -32.647  15.399  -27.260 0.2857142985
86255  -31.039  17.181  -28.507 0.8571428657
83213  -34.465  15.299  -27.203 0.4285714328
85285  -31.538  16.588  -27.891 0.7142857313
87269  -31.012  18.135  -28.337 0.7142857313
74797  -30.096  7.688  -31.472 0.2857142985
76883  -31.818  9.622  -30.980 0.5714285970
76882  -31.318  9.395  -31.569 0.5714285970
83267  -31.211  14.293  -29.885 0.8571428657
84288  -30.797  15.653  -29.450 0.8571428657
85294  -30.520  16.673  -29.365 0.8571428657
83229  -32.229  14.782  -27.470 0.4285714328
83228  -31.550  14.693  -28.612 0.8571428657
85284  -30.996  16.160  -28.624 0.8571428657
82180  -33.497  14.057  -27.348 0.4285714328
69402  -31.091  2.580  -28.951 0.7142857313
70548  -30.688  3.967  -29.608 0.4285714328
69396  -31.582  2.001  -28.505 0.7142857313
72700  -32.532  5.499  -29.524 0.8571428657
72707  -31.691  5.479  -30.205 0.5714285970
73771  -30.970  6.842  -30.579 0.5714285970
73770  -30.377  6.903  -30.607 0.4285714328
73756  -32.867  6.746  -29.828 0.8571428657
73764  -31.671  6.796  -30.519 0.5714285970
75796  -31.418  8.591  -30.903 0.5714285970
75797  -32.057  8.753  -30.478 0.7142857313
79152  -33.686  11.376  -28.618 0.7142857313
80183  -32.904  12.156  -28.737 0.7142857313
81196  -32.460  13.139  -28.967 0.7142857313
82205  -31.964  13.917  -29.047 0.8571428657
80168  -35.184  12.396  -27.289 0.2857142985
80167  -34.266  12.421  -27.681 0.4285714328
81198  -33.788  12.658  -27.723 0.5714285970
65875  -31.792  -0.054  -29.034 0.4285714328
67015  -31.975  0.227  -29.645 0.4285714328
69401  -30.463  2.031  -29.251 0.4285714328
71625  -33.046  4.547  -28.289 0.7142857313
71624  -32.656  4.727  -28.908 0.7142857313
72690  -32.981  5.316  -28.759 0.7142857313
74770  -32.893  7.368  -29.990 0.8571428657
78006  -34.221  10.462  -28.646 0.7142857313
79131  -35.050  11.384  -27.713 0.2857142985
79153  -34.459  11.141  -28.191 0.5714285970
65874  -31.199  -0.339  -29.065 0.4285714328
64688  -31.397  -1.188  -29.608 0.5714285970
67010  -31.757  0.404  -28.874 0.5714285970
68139  -31.548  1.168  -28.527 0.5714285970
70535  -32.425  3.845  -28.546 0.7142857313
75735  -34.295  8.604  -27.170 0.4285714328
76818  -34.884  9.806  -27.318 0.4285714328
77985  -35.124  10.594  -27.314 0.4285714328
78007  -34.820  10.725  -28.050 0.4285714328
64668  -29.139  -1.784  -26.803 0.5714285970
74702  -33.890  6.931  -25.612 0.4285714328
72666  -33.556  5.526  -26.214 0.4285714328
74703  -34.178  7.564  -25.744 0.4285714328
62252  -27.480  -3.653  -21.260 0.1428571492
71574  -33.305  4.455  -25.087 0.4285714328
72648  -33.435  5.360  -25.300 0.4285714328
73667  -33.631  5.944  -24.434 0.4285714328
64574  -28.965  -1.539  -21.833 0.1428571492
65791  -30.404  -0.027  -22.456 0.2857142985
66936  -34.557  0.975  -22.403 0.2857142985
69278  -34.880  2.975  -21.896 0.2857142985
68094  -34.201  1.948  -23.017 0.2857142985
70445  -34.428  3.532  -22.342 0.2857142985
69333  -33.912  2.443  -23.324 0.2857142985
68093  -33.770  1.707  -23.676 0.2857142985
71550  -33.604  4.253  -23.261 0.2857142985
71549  -33.346  4.287  -23.994 0.4285714328
62240  -28.190  -3.042  -20.422 0.1428571492
63408  -28.680  -2.108  -21.065 0.1428571492
64575  -29.718  -0.921  -21.484 0.2857142985
66903  -32.688  0.406  -21.401 0.2857142985
66904  -33.721  0.359  -21.642 0.2857142985
66935  -33.829  0.523  -22.566 0.2857142985
63388  -28.929  -2.427  -20.180 0.1428571492
65737  -31.536  -0.331  -20.325 0.2857142985
63389  -29.557  -1.797  -20.301 0.2857142985
65763  -31.143  -0.128  -20.829 0.2857142985
64576  -30.252  -0.780  -20.999 0.2857142985
66902  -31.557  0.204  -21.100 0.2857142985
58829  -26.465  -6.775  -18.994 0.2857142985
61061  -27.511  -4.601  -19.591 0.1428571492
59944  -26.779  -5.101  -20.212 0.2857142985
62239  -27.584  -3.868  -20.103 0.1428571492
55503  -24.749  -9.833  -18.068 0.2857142985
55527  -24.423  -9.889  -18.608 0.2857142985
59935  -26.992  -5.416  -19.575 0.2857142985
55504  -25.499  -9.386  -17.753 0.1428571492
54294  -24.246  -10.383  -18.130 0.2857142985
54312  -23.996  -10.386  -18.876 0.1428571492
63409  -29.374  -1.498  -21.081 0.1428571492
64547  -30.699  -0.777  -20.490 0.2857142985
66872  -32.382  0.089  -20.323 0.2857142985
66905  -34.637  0.456  -21.680 0.2857142985
66934  -32.928  0.471  -22.448 0.2857142985
68071  -34.708  1.745  -22.471 0.2857142985
66972  -33.509  1.179  -24.244 0.4285714328
69332  -33.443  2.637  -24.058 0.4285714328
70468  -33.742  3.418  -23.245 0.2857142985
72608  -33.637  5.016  -23.275 0.2857142985
70542  -31.292  3.910  -29.185 0.7142857313
74783  -32.423  7.527  -30.259 0.5714285970
73693  -33.931  6.886  -26.031 0.4285714328
76817  -34.507  9.289  -27.639 0.4285714328
76802  -35.090  9.923  -26.630 0.2857142985
79112  -35.605  11.608  -26.870 0.2857142985
79130  -34.415  11.790  -27.916 0.5714285970
88385  -29.733  20.151  -31.821 0.7142857313
82206  -32.278  13.855  -28.209 0.7142857313
87286  -30.145  19.525  -29.982 0.8571428657
90536  -29.646  22.742  -33.111 0.5714285970
90512  -30.269  22.569  -31.631 0.7142857313
81176  -34.102  13.214  -27.452 0.2857142985
89413  -30.399  21.647  -31.440 0.8571428657
87270  -31.759  18.920  -27.969 0.5714285970
92546  -31.770  24.484  -29.738 0.4285714328
96809  -28.517  29.327  -32.426 0.1428571492
95131  -32.419  27.739  -31.015 0.2857142985
94309  -33.604  26.400  -30.356 0.1428571492
97688  -30.380  30.304  -33.459 0.2857142985
56655  -25.576  -8.693  -18.367 0.1428571492
57743  -26.701  -7.326  -18.158 0.1428571492
63362  -29.470  -2.394  -19.545 0.1428571492
63363  -30.298  -1.824  -19.470 0.1428571492
65761  -29.874  -0.484  -22.132 0.2857142985
65762  -30.655  -0.263  -21.332 0.2857142985
66933  -31.934  0.436  -22.167 0.2857142985
66953  -31.127  0.415  -22.885 0.2857142985
65878  -31.991  -0.825  -29.436 0.5714285970
68150  -30.247  1.252  -29.820 0.2857142985
71532  -34.210  4.183  -22.831 0.2857142985
73642  -34.026  6.122  -23.233 0.2857142985
70534  -31.768  3.159  -28.696 0.7142857313
70543  -31.937  3.848  -28.945 0.5714285970
71643  -29.891  4.734  -30.774 0.4285714328
71639  -31.009  4.520  -30.026 0.5714285970
75810  -30.295  8.177  -31.844 0.2857142985
74798  -30.840  7.508  -30.761 0.5714285970
73668  -33.957  6.831  -24.124 0.2857142985
72708  -32.260  6.250  -30.098 0.7142857313
76899  -30.780  9.621  -32.142 0.2857142985
74682  -34.159  7.699  -24.544 0.1428571492
76786  -34.764  9.338  -26.006 0.4285714328
75722  -34.408  8.554  -26.292 0.4285714328
76787  -35.201  10.004  -25.744 0.1428571492
82226  -31.776  13.761  -29.518 0.8571428657
77970  -35.388  10.708  -26.338 0.1428571492
82207  -32.858  13.900  -27.553 0.5714285970
84281  -32.257  15.974  -27.517 0.7142857313
84275  -34.510  16.324  -27.531 0.1428571492
95168  -27.604  27.615  -34.648 0.2857142985
85286  -32.081  16.968  -27.328 0.4285714328
86248  -33.580  18.011  -27.550 0.1428571492
89383  -31.463  21.333  -28.962 0.5714285970
87260  -33.427  18.820  -27.778 0.1428571492
88345  -32.180  20.238  -28.216 0.1428571492
89375  -33.649  21.295  -28.528 0.1428571492
95985  -28.470  28.336  -33.813 0.1428571492
90486  -31.659  22.430  -29.449 0.5714285970
91561  -33.226  23.658  -28.934 0.1428571492
94324  -31.722  26.997  -31.018 0.2857142985
94307  -31.752  26.227  -30.668 0.2857142985
92547  -32.842  24.389  -29.357 0.2857142985
92560  -34.314  24.439  -29.589 0.1428571492
93480  -34.896  24.968  -30.553 0.1428571492
93479  -34.302  25.432  -30.171 0.1428571492
96801  -33.527  29.089  -31.735 0.2857142985
95959  -34.183  28.670  -31.664 0.1428571492
95133  -34.514  27.499  -31.333 0.1428571492
57725  -27.120  -7.536  -17.675 0.1428571492
62228  -28.224  -3.808  -19.184 0.1428571492
66937  -35.125  1.374  -21.976 0.2857142985
80149  -35.719  12.160  -26.990 0.2857142985
94336  -35.305  26.400  -31.987 0.1428571492
96814  -33.764  29.650  -32.380 0.2857142985
55550  -24.330  -9.719  -19.296 0.2857142985
56677  -25.817  -8.201  -18.498 0.1428571492
57724  -26.525  -7.645  -18.084 0.1428571492
67011  -32.024  0.162  -28.856 0.4285714328
78040  -31.689  10.722  -30.917 0.8571428657
81210  -31.992  13.121  -29.676 0.8571428657
83266  -30.821  14.660  -30.134 0.8571428657
90523  -29.978  22.682  -32.411 0.5714285970
94322  -30.521  26.102  -32.026 0.5714285970
95146  -30.380  27.626  -32.670 0.2857142985
95996  -29.248  28.687  -35.031 0.2857142985
77984  -34.776  9.999  -28.017 0.4285714328
76871  -32.362  9.482  -30.558 0.5714285970
85303  -29.850  17.181  -29.995 0.8571428657
88375  -30.428  20.592  -30.285 0.8571428657
95187  -28.103  28.362  -37.125 0.2857142985
96006  -28.786  28.825  -36.094 0.2857142985
96005  -27.776  28.459  -36.797 0.2857142985
96799  -32.276  29.304  -31.874 0.2857142985
96811  -30.882  29.458  -32.774 0.2857142985
96826  -28.671  29.496  -33.223 0.1428571492
95973  -31.336  28.505  -32.078 0.2857142985
95130  -31.235  27.653  -31.651 0.2857142985
96827  -29.635  29.689  -33.775 0.2857142985
95132  -33.561  27.815  -31.073 0.1428571492
95115  -33.868  27.108  -30.755 0.1428571492
95987  -30.172  28.467  -33.237 0.2857142985
93490  -34.645  25.980  -30.873 0.1428571492
93478  -33.138  25.674  -29.950 0.1428571492
94326  -34.867  26.512  -31.307 0.1428571492
95958  -33.128  28.593  -31.384 0.1428571492
93476  -31.320  25.487  -30.515 0.4285714328
94323  -31.037  26.352  -31.334 0.5714285970
90488  -33.696  22.837  -28.703 0.1428571492
90475  -32.246  21.850  -28.652 0.1428571492
93477  -32.071  25.517  -30.074 0.2857142985
93471  -33.448  24.975  -29.664 0.2857142985
92559  -31.375  25.080  -30.083 0.4285714328
92545  -31.177  23.993  -30.059 0.5714285970
91567  -30.602  23.419  -31.119 0.7142857313
88360  -31.524  20.595  -28.654 0.4285714328
88359  -30.815  20.379  -29.220 0.7142857313
86246  -32.145  17.813  -27.519 0.5714285970
86266  -30.488  17.776  -29.163 0.8571428657
75812  -31.496  8.986  -31.121 0.5714285970
78051  -31.798  10.187  -31.005 0.5714285970
80252  -30.899  11.702  -31.943 0.4285714328
78050  -31.324  10.277  -31.623 0.4285714328
83227  -31.362  15.047  -28.915 0.8571428657
84280  -31.456  15.555  -28.018 0.8571428657
83212  -33.342  15.022  -27.214 0.5714285970
86256  -31.751  17.664  -27.674 0.8571428657
68145  -30.921  1.091  -28.890 0.5714285970
70541  -30.639  3.172  -29.520 0.4285714328
71633  -32.151  4.462  -29.297 0.7142857313
71632  -31.687  4.655  -29.749 0.7142857313
72706  -30.750  5.225  -30.535 0.4285714328
73763  -30.965  6.185  -30.581 0.5714285970
74782  -31.458  7.985  -30.591 0.5714285970
72713  -30.130  5.953  -30.585 0.2857142985
73765  -32.385  6.797  -30.281 0.7142857313
75798  -32.812  8.234  -29.977 0.8571428657
80184  -33.688  12.179  -28.055 0.5714285970
81197  -33.066  12.969  -27.873 0.7142857313
67016  -32.876  0.004  -29.601 0.5714285970
64695  -33.095  -0.836  -30.164 0.5714285970
76801  -34.679  9.254  -26.859 0.4285714328
70467  -33.341  3.426  -23.994 0.4285714328
73692  -33.676  6.307  -25.617 0.4285714328
74681  -33.838  6.911  -25.014 0.4285714328
72631  -33.403  5.058  -24.555 0.4285714328
66932  -31.140  0.142  -21.900 0.2857142985
66957  -34.203  1.405  -23.007 0.2857142985
66956  -33.794  0.894  -23.483 0.2857142985
69306  -34.436  2.611  -22.650 0.2857142985
63361  -28.778  -2.894  -19.606 0.1428571492
64546  -29.989  -1.197  -20.752 0.2857142985
65736  -30.977  -0.358  -20.714 0.2857142985
66871  -31.804  0.045  -20.557 0.2857142985
55505  -26.494  -9.309  -17.191 0.1428571492
95984  -28.662  28.822  -33.046 0.1428571492
56656  -26.238  -8.304  -17.878 0.1428571492
58830  -27.122  -6.729  -18.262 0.1428571492
87306  -28.895  19.749  -33.126 0.5714285970
85322  -29.238  17.593  -33.020 0.4285714328
86288  -29.019  18.621  -33.103 0.4285714328
87300  -29.314  19.433  -32.503 0.5714285970
88392  -29.550  20.591  -32.575 0.4285714328
83297  -29.452  15.105  -32.253 0.4285714328
84324  -29.774  16.162  -32.091 0.4285714328
83318  -29.171  15.689  -32.772 0.4285714328
85315  -29.441  17.302  -32.309 0.5714285970
86277  -29.314  18.037  -31.611 0.5714285970
86283  -29.243  18.340  -32.425 0.5714285970
80237  -30.690  12.770  -31.768 0.5714285970
70424  -35.937  2.828  -21.053 0.1428571492
71513  -34.735  4.381  -21.847 0.1428571492
61128  -27.159  -4.514  -23.945 0.2857142985
69256  -36.947  2.227  -20.274 0.1428571492
69280  -36.024  2.140  -21.130 0.1428571492
70406  -37.299  3.433  -20.121 0.1428571492
60005  -26.807  -4.884  -23.548 0.2857142985
66875  -35.427  0.326  -20.785 0.1428571492
66876  -36.217  0.868  -20.643 0.1428571492
66906  -35.435  0.905  -21.510 0.1428571492
68012  -36.433  1.718  -20.741 0.1428571492
69227  -37.523  2.222  -18.660 0.1428571492
68013  -36.782  1.724  -20.337 0.1428571492
71475  -38.874  5.020  -18.183 0.1428571492
70381  -37.939  3.652  -18.345 0.1428571492
71474  -38.433  4.431  -18.715 0.1428571492
59986  -26.729  -4.994  -23.144 0.2857142985
60004  -26.217  -5.167  -23.257 0.2857142985
66849  -33.149  0.122  -19.852 0.1428571492
66850  -34.143  0.234  -19.913 0.1428571492
66874  -34.472  0.292  -20.815 0.1428571492
66873  -33.460  0.330  -20.679 0.1428571492
66853  -36.778  0.946  -19.826 0.1428571492
66852  -36.207  0.105  -19.660 0.1428571492
67978  -37.136  1.506  -19.172 0.1428571492
70356  -38.543  2.667  -16.424 0.1428571492
70370  -38.781  3.910  -16.902 0.1428571492
70369  -37.963  3.042  -17.160 0.1428571492
58925  -25.842  -5.529  -22.830 0.2857142985
58907  -25.319  -6.282  -22.413 0.2857142985
65707  -31.924  -0.426  -19.762 0.1428571492
65709  -33.687  -0.166  -19.121 0.1428571492
65710  -34.754  -0.131  -19.106 0.1428571492
66834  -36.611  -0.020  -18.969 0.1428571492
66851  -35.151  0.146  -19.931 0.1428571492
67952  -37.306  0.798  -17.300 0.1428571492
69206  -38.305  1.957  -16.313 0.1428571492
67967  -37.469  1.248  -17.245 0.1428571492
71452  -40.224  4.108  -16.694 0.1428571492
71451  -39.481  3.908  -16.619 0.1428571492
64548  -31.180  -0.805  -20.029 0.1428571492
65708  -32.527  -0.366  -19.330 0.1428571492
64519  -32.049  -0.776  -18.939 0.1428571492
65685  -34.314  -0.598  -18.036 0.1428571492
64492  -33.407  -0.866  -17.823 0.1428571492
64468  -36.408  -1.293  -17.228 0.1428571492
65670  -36.700  -0.601  -17.458 0.1428571492
65686  -35.370  -0.467  -18.420 0.1428571492
66823  -37.013  0.352  -17.841 0.1428571492
69207  -38.936  2.420  -15.961 0.1428571492
67953  -37.621  0.998  -16.497 0.1428571492
70358  -40.034  3.319  -16.358 0.1428571492
69208  -39.779  2.444  -15.973 0.1428571492
63329  -31.579  -1.612  -18.168 0.1428571492
63390  -30.304  -1.385  -20.174 0.1428571492
63291  -34.294  -2.166  -16.929 0.1428571492
64465  -33.600  -1.417  -17.461 0.1428571492
64491  -32.469  -0.952  -18.234 0.1428571492
65668  -35.112  -0.935  -17.710 0.1428571492
64493  -33.982  -1.075  -17.608 0.1428571492
65684  -33.179  -0.548  -18.521 0.1428571492
64444  -37.027  -1.528  -16.476 0.1428571492
64445  -37.433  -1.250  -16.088 0.1428571492
66808  -37.601  0.184  -16.241 0.1428571492
65651  -37.141  -0.697  -16.741 0.1428571492
69188  -38.539  1.572  -15.818 0.1428571492
66807  -37.280  0.042  -16.892 0.1428571492
63290  -33.752  -2.015  -17.086 0.1428571492
63289  -32.801  -1.825  -17.408 0.1428571492
63255  -35.756  -2.649  -16.699 0.1428571492
63254  -34.826  -2.499  -16.838 0.1428571492
63257  -36.982  -2.343  -16.189 0.1428571492
64443  -36.133  -1.908  -16.878 0.1428571492
66785  -38.243  0.292  -15.679 0.1428571492
64425  -37.769  -1.557  -15.737 0.1428571492
64441  -34.907  -1.976  -16.925 0.1428571492
65669  -35.941  -0.873  -17.836 0.1428571492
65687  -36.212  -0.348  -18.691 0.1428571492
71463  -40.578  4.650  -17.178 0.1428571492
70357  -39.001  3.196  -16.320 0.1428571492
69240  -37.386  2.309  -19.598 0.1428571492
70368  -37.666  2.778  -17.679 0.1428571492
69307  -34.914  2.302  -22.074 0.1428571492
70404  -35.820  3.670  -20.862 0.1428571492
67935  -38.832  1.158  -15.628 0.1428571492
67936  -39.735  1.472  -15.646 0.1428571492
71453  -40.897  4.122  -16.850 0.1428571492
72519  -41.159  5.114  -17.581 0.1428571492
82271  -29.798  14.515  -31.677 0.4285714328
72517  -39.530  5.373  -17.977 0.1428571492
71461  -38.475  4.216  -17.707 0.1428571492
71462  -39.459  4.702  -17.231 0.1428571492
70394  -37.945  3.945  -19.307 0.1428571492
71514  -35.525  4.491  -21.207 0.1428571492
72594  -34.179  5.187  -22.475 0.1428571492
88401  -28.958  20.792  -33.140 0.4285714328
89438  -29.151  21.801  -33.313 0.4285714328
95988  -35.030  28.921  -33.400 0.1428571492
58908  -26.073  -5.603  -22.631 0.2857142985
96829  -34.050  30.096  -33.088 0.1428571492
64518  -31.588  -0.787  -19.481 0.1428571492
64517  -30.889  -1.213  -19.804 0.1428571492
74656  -34.174  7.445  -23.401 0.1428571492
68039  -35.637  1.641  -21.510 0.1428571492
69279  -35.454  2.451  -21.559 0.1428571492
70422  -34.862  3.593  -21.814 0.1428571492
69255  -36.514  2.627  -20.697 0.1428571492
70405  -36.188  3.502  -20.683 0.1428571492
67992  -37.009  1.651  -19.961 0.1428571492
68040  -36.029  1.679  -21.136 0.1428571492
70393  -37.804  3.024  -19.082 0.1428571492
71499  -35.834  4.047  -20.756 0.1428571492
71500  -36.564  4.573  -20.544 0.1428571492
66877  -36.683  1.352  -20.332 0.1428571492
69217  -37.636  2.348  -17.810 0.1428571492
66848  -32.686  -0.014  -19.833 0.1428571492
66835  -36.853  0.578  -18.867 0.1428571492
65711  -35.670  -0.239  -19.228 0.1428571492
67966  -37.378  1.336  -18.034 0.1428571492
69218  -37.706  1.828  -17.167 0.1428571492
65688  -36.673  -0.006  -18.385 0.1428571492
67934  -38.234  1.231  -15.891 0.1428571492
63364  -31.157  -1.480  -19.065 0.1428571492
63330  -32.158  -1.528  -17.728 0.1428571492
64466  -34.589  -1.518  -17.250 0.1428571492
64464  -33.036  -1.204  -17.640 0.1428571492
64469  -36.719  -1.133  -17.047 0.1428571492
64467  -35.608  -1.432  -17.319 0.1428571492
64424  -37.412  -1.855  -15.971 0.1428571492
65652  -37.538  -0.652  -16.116 0.1428571492
65634  -38.257  -0.778  -15.519 0.1428571492
64442  -35.313  -1.974  -16.924 0.1428571492
53123  -22.932  -11.136  -19.558 0.1428571492
54326  -23.159  -10.400  -19.854 0.1428571492
54327  -23.756  -10.199  -19.508 0.1428571492
55570  -24.031  -9.544  -20.273 0.1428571492
55588  -24.154  -8.620  -20.847 0.1428571492
55589  -24.718  -8.265  -21.089 0.1428571492
56739  -24.284  -7.855  -21.360 0.1428571492
56760  -25.000  -7.224  -21.790 0.1428571492
56740  -24.975  -7.662  -21.433 0.1428571492
57802  -25.246  -7.057  -21.731 0.1428571492
57800  -23.568  -7.343  -21.333 0.1428571492
57801  -24.268  -7.071  -21.630 0.1428571492
57821  -25.129  -6.934  -22.035 0.1428571492
59983  -24.461  -5.709  -22.640 0.1428571492
60002  -24.617  -5.069  -22.886 0.1428571492
61126  -25.764  -4.418  -23.918 0.1428571492
60003  -25.408  -5.186  -22.990 0.1428571492
61127  -26.609  -4.714  -24.067 0.1428571492
61143  -26.986  -4.326  -24.433 0.1428571492
62309  -27.299  -3.836  -24.398 0.1428571492
61141  -25.945  -3.880  -24.455 0.2857142985
63477  -28.078  -2.830  -25.378 0.2857142985
64681  -29.381  -1.108  -27.525 0.4285714328
65873  -30.571  -0.507  -28.707 0.4285714328
64685  -30.788  -0.881  -29.181 0.4285714328
81248  -29.719  13.080  -32.585 0.2857142985
81249  -30.178  13.406  -31.868 0.2857142985
84347  -28.468  16.985  -33.669 0.2857142985
85331  -28.817  17.797  -33.504 0.2857142985
58926  -26.061  -5.428  -22.933 0.1428571492
61142  -26.550  -4.014  -24.520 0.2857142985
62323  -27.557  -3.316  -24.754 0.1428571492
59982  -23.635  -5.523  -22.534 0.1428571492
61125  -24.911  -4.387  -23.341 0.1428571492
62291  -25.169  -3.878  -23.740 0.1428571492
62308  -26.124  -3.368  -24.717 0.2857142985
62322  -27.280  -3.417  -24.878 0.2857142985
62321  -26.769  -3.339  -24.903 0.2857142985
63476  -27.152  -2.903  -25.457 0.2857142985
63478  -28.558  -2.186  -26.193 0.4285714328
65866  -29.401  -0.635  -27.941 0.2857142985
78064  -30.803  10.337  -32.162 0.2857142985
80251  -30.311  12.285  -32.438 0.2857142985
80266  -29.408  12.509  -33.070 0.2857142985
82270  -29.511  14.064  -32.386 0.2857142985
83336  -28.846  16.063  -33.064 0.2857142985
82307  -28.275  15.647  -34.259 0.2857142985
79219  -30.709  11.076  -32.197 0.2857142985
80250  -29.813  12.616  -32.710 0.2857142985
79218  -29.822  11.296  -32.842 0.2857142985
81261  -29.292  13.708  -33.108 0.2857142985
82283  -28.765  14.429  -33.545 0.2857142985
82284  -29.214  14.729  -32.970 0.2857142985
82294  -28.537  15.118  -34.012 0.2857142985
84337  -29.287  16.630  -32.839 0.2857142985
80265  -28.505  12.419  -33.740 0.2857142985
81260  -28.639  13.418  -33.581 0.2857142985
64669  -29.600  -1.166  -27.245 0.4285714328
64682  -29.859  -0.826  -27.833 0.4285714328
84348  -28.932  16.863  -33.371 0.2857142985
83317  -28.846  15.352  -33.402 0.2857142985
61155  -27.027  -3.901  -24.587 0.1428571492
59984  -24.905  -5.584  -22.699 0.1428571492
55587  -23.549  -8.940  -20.634 0.1428571492
56759  -24.708  -7.354  -21.622 0.1428571492
58906  -24.210  -6.394  -22.196 0.1428571492
63496  -28.578  -2.039  -26.549 0.4285714328
80278  -28.027  13.242  -34.159 0.2857142985
64692  -30.725  -1.185  -30.068 0.2857142985
64687  -30.537  -1.133  -29.456 0.2857142985
67022  -32.056  0.042  -30.313 0.2857142985
99534  -32.586  32.529  -35.871 0.1428571492
98686  -33.338  32.158  -35.638 0.1428571492
98676  -32.399  31.908  -34.737 0.1428571492
97690  -32.440  30.742  -33.193 0.1428571492
97677  -32.861  30.250  -32.647 0.1428571492
99544  -32.628  32.923  -36.869 0.1428571492
98661  -31.902  31.348  -33.802 0.1428571492
98659  -29.750  31.126  -34.031 0.1428571492
99530  -28.897  32.468  -36.190 0.1428571492
65883  -30.867  -0.512  -30.398 0.2857142985
67021  -31.094  0.281  -30.475 0.2857142985
97692  -34.112  30.346  -33.524 0.1428571492
96813  -32.564  29.752  -32.149 0.1428571492
98662  -32.939  31.241  -33.798 0.1428571492
98663  -33.498  30.976  -33.817 0.1428571492
96812  -31.599  29.371  -32.245 0.1428571492
97676  -31.971  30.261  -32.560 0.1428571492
99523  -30.798  32.320  -35.046 0.1428571492
99531  -29.285  32.491  -36.053 0.1428571492
99522  -29.718  32.344  -35.205 0.1428571492
98672  -28.890  31.518  -34.954 0.1428571492
98673  -29.354  31.640  -34.795 0.1428571492
97689  -31.428  30.698  -33.220 0.1428571492
98660  -30.807  31.289  -33.778 0.1428571492
64684  -30.213  -0.789  -28.736 0.2857142985
98685  -32.535  32.299  -35.456 0.1428571492
99543  -30.772  33.157  -36.695 0.1428571492
98675  -31.298  31.869  -34.413 0.1428571492
99524  -31.571  32.189  -34.935 0.1428571492
100393  -31.086  33.284  -37.677 0.1428571492
98674  -30.229  31.890  -34.432 0.1428571492
98677  -33.649  31.285  -34.468 0.1428571492
79232  -29.098  11.387  -33.394 0.1428571492
79233  -29.544  11.785  -33.087 0.1428571492
81274  -28.165  14.264  -34.126 0.1428571492
81272  -26.829  13.934  -34.941 0.1428571492
82293  -26.824  14.769  -34.870 0.1428571492
78063  -30.254  10.388  -32.499 0.1428571492
81285  -28.164  15.022  -34.422 0.1428571492
83351  -26.785  16.007  -34.427 0.1428571492
84357  -26.914  16.849  -34.478 0.1428571492
84356  -26.318  16.784  -34.650 0.2857142985
71638  -30.477  4.596  -30.388 0.2857142985
70552  -29.730  3.904  -30.740 0.1428571492
75825  -29.868  8.417  -32.298 0.1428571492
75826  -30.453  8.977  -32.297 0.1428571492
78062  -29.467  10.488  -33.093 0.1428571492
82181  -34.326  14.271  -27.167 0.1428571492
79231  -27.995  11.593  -33.872 0.1428571492
83354  -28.340  16.079  -34.148 0.1428571492
85329  -27.582  17.734  -34.015 0.1428571492
86296  -27.361  18.206  -34.287 0.2857142985
87315  -28.266  19.626  -34.294 0.2857142985
90554  -27.862  22.905  -34.480 0.2857142985
89446  -26.941  22.271  -34.443 0.2857142985
91628  -27.723  23.805  -34.697 0.2857142985
92578  -27.021  24.777  -32.094 0.1428571492
87316  -28.682  20.123  -33.787 0.2857142985
86307  -27.751  19.373  -34.518 0.2857142985
88409  -28.214  20.694  -34.038 0.2857142985
90535  -29.185  22.725  -33.729 0.2857142985
89447  -28.066  21.515  -34.181 0.2857142985
88414  -27.434  21.056  -34.240 0.2857142985
91616  -28.773  23.630  -34.428 0.2857142985
89455  -27.441  22.069  -34.499 0.2857142985
91629  -28.280  23.773  -34.665 0.2857142985
90545  -26.850  23.009  -34.241 0.2857142985
94334  -27.350  26.793  -31.973 0.1428571492
88408  -26.853  21.399  -34.323 0.1428571492
88407  -26.181  20.706  -34.236 0.1428571492
85337  -26.613  17.643  -34.949 0.2857142985
92620  -26.892  24.602  -34.529 0.1428571492
91627  -27.182  23.803  -34.467 0.2857142985
92607  -26.586  24.572  -34.075 0.1428571492
91614  -26.522  24.187  -33.776 0.1428571492
83316  -25.633  15.854  -34.118 0.2857142985
89436  -26.177  22.150  -33.458 0.1428571492
91572  -26.611  24.085  -31.479 0.1428571492
90533  -26.238  23.073  -33.299 0.1428571492
83296  -23.423  15.719  -32.842 0.1428571492
76897  -29.101  9.412  -33.029 0.1428571492
82182  -35.344  14.478  -27.039 0.1428571492
76908  -28.888  10.236  -33.411 0.1428571492
79244  -27.860  12.475  -34.180 0.1428571492
82306  -27.799  15.467  -34.501 0.1428571492
84346  -27.862  17.061  -33.904 0.1428571492
84345  -25.644  16.733  -34.547 0.2857142985
87322  -27.416  19.919  -34.492 0.1428571492
88415  -27.832  20.834  -34.225 0.2857142985
87314  -26.793  20.293  -34.351 0.1428571492
89424  -26.167  22.708  -32.714 0.1428571492
91599  -26.417  23.405  -33.614 0.1428571492
91598  -26.374  23.866  -33.323 0.1428571492
91583  -26.432  24.021  -32.390 0.1428571492
92594  -26.475  24.600  -33.013 0.1428571492
81177  -35.137  13.490  -26.999 0.1428571492
91600  -29.271  23.545  -34.143 0.2857142985
93500  -26.688  25.241  -32.922 0.1428571492
92606  -26.465  24.533  -33.653 0.1428571492
73769  -29.579  6.828  -30.908 0.1428571492
79097  -35.776  11.378  -25.963 0.1428571492
88410  -28.622  21.038  -33.594 0.2857142985
85330  -28.232  17.850  -33.827 0.1428571492
86298  -28.611  18.909  -33.781 0.1428571492
78076  -28.484  10.750  -33.579 0.1428571492
81273  -27.583  13.931  -34.611 0.1428571492
81283  -27.252  14.498  -34.874 0.1428571492
82304  -26.660  15.331  -34.611 0.1428571492
82305  -27.204  15.243  -34.679 0.1428571492
76898  -30.018  9.536  -32.635 0.1428571492
83352  -27.355  16.081  -34.402 0.1428571492
84358  -27.458  16.912  -34.222 0.1428571492
86297  -27.857  18.632  -34.230 0.2857142985
86306  -27.108  18.664  -34.630 0.2857142985
87323  -27.965  20.086  -34.502 0.2857142985
90553  -27.385  22.970  -34.422 0.2857142985
88400  -26.623  21.891  -34.354 0.1428571492
89448  -28.505  21.853  -33.858 0.2857142985
89456  -27.928  21.908  -34.484 0.2857142985
90546  -28.711  22.806  -34.171 0.2857142985
90555  -28.280  22.881  -34.382 0.2857142985
90534  -26.439  22.953  -33.818 0.2857142985
95145  -27.566  27.616  -32.452 0.1428571492
91615  -26.659  23.795  -33.990 0.2857142985
63459  -24.999  -2.464  -24.613 0.1428571492
63475  -26.299  -2.561  -25.271 0.1428571492
63493  -26.841  -2.370  -25.888 0.1428571492
64634  -25.080  -1.772  -25.021 0.1428571492
65838  -25.770  -0.844  -26.083 0.1428571492
65851  -26.164  -0.335  -26.670 0.1428571492
64650  -26.402  -1.867  -25.823 0.1428571492
64665  -26.904  -1.628  -26.342 0.1428571492
63494  -27.511  -2.431  -26.115 0.1428571492
65863  -27.076  -0.312  -27.375 0.1428571492
65864  -28.090  -0.850  -27.474 0.1428571492
64667  -28.485  -1.961  -26.866 0.1428571492
65865  -28.917  -0.897  -27.627 0.1428571492
64680  -28.748  -1.487  -27.292 0.1428571492
65862  -26.495  0.226  -27.305 0.1428571492
67004  -27.619  -0.102  -27.774 0.1428571492
65872  -29.573  -0.481  -28.681 0.1428571492
65881  -28.809  -0.373  -29.864 0.1428571492
68149  -29.879  1.386  -30.678 0.1428571492
69405  -29.578  2.107  -30.587 0.1428571492
85336  -25.778  17.492  -35.202 0.1428571492
63495  -28.207  -2.322  -26.369 0.1428571492
62306  -24.731  -2.924  -24.193 0.1428571492
64633  -24.406  -1.730  -24.829 0.1428571492
64649  -25.668  -1.463  -25.532 0.1428571492
89437  -26.486  22.322  -34.157 0.1428571492
69406  -29.920  2.641  -29.835 0.1428571492
64683  -29.825  -0.726  -28.270 0.1428571492
63460  -25.684  -2.814  -24.782 0.1428571492
64666  -27.801  -1.852  -26.747 0.1428571492
65877  -29.459  -0.794  -29.526 0.1428571492
63474  -25.574  -2.200  -25.003 0.1428571492
65837  -25.089  -0.333  -26.025 0.1428571492
64664  -26.190  -1.230  -26.084 0.1428571492
65852  -27.329  -1.086  -26.954 0.1428571492
67003  -27.007  0.534  -27.668 0.1428571492
65853  -27.863  -1.410  -27.119 0.1428571492
65871  -28.739  -0.314  -28.178 0.1428571492
66993  -25.480  0.429  -26.859 0.1428571492
63458  -24.125  -2.429  -24.250 0.1428571492
57820  -24.808  -6.908  -21.963 0.1428571492
58844  -25.689  -7.066  -20.221 0.2857142985
60001  -24.056  -5.156  -22.807 0.1428571492
61154  -26.939  -3.705  -24.726 0.1428571492
64490  -31.758  -1.131  -18.784 0.1428571492
64635  -28.496  -1.828  -24.195 0.7142857313
64679  -28.221  -1.601  -27.141 0.1428571492
64686  -29.945  -0.955  -29.125 0.2857142985
64689  -32.367  -1.293  -29.806 0.5714285970
64690  -33.035  -1.127  -29.919 0.5714285970
64691  -30.031  -1.179  -29.780 0.2857142985
64693  -31.700  -1.101  -30.127 0.5714285970
64694  -32.564  -1.072  -30.234 0.5714285970
65667  -34.685  -0.990  -17.632 0.1428571492
65683  -32.722  -0.613  -18.697 0.1428571492
65712  -36.088  -0.257  -19.253 0.1428571492
65738  -32.090  -0.257  -19.937 0.1428571492
65867  -30.316  -0.667  -28.095 0.4285714328
65870  -28.092  -0.216  -27.930 0.1428571492
65879  -32.608  -0.618  -29.570 0.5714285970
65880  -33.278  -0.622  -29.871 0.5714285970
65884  -31.883  -0.566  -30.427 0.2857142985
65885  -32.679  -0.513  -30.325 0.5714285970
65886  -33.196  -0.411  -30.134 0.5714285970
66901  -31.095  0.080  -21.436 0.2857142985
66907  -35.983  1.315  -21.141 0.1428571492
67017  -33.401  -0.303  -29.946 0.5714285970
67023  -32.812  0.020  -30.119 0.5714285970
67024  -33.269  -0.056  -30.040 0.5714285970
68072  -35.169  1.870  -21.911 0.1428571492
68144  -30.390  1.406  -29.147 0.4285714328
68151  -31.101  0.626  -30.143 0.2857142985
69189  -38.914  1.822  -15.722 0.1428571492
69190  -39.346  2.062  -15.770 0.1428571492
70380  -37.632  2.883  -18.123 0.1428571492
70423  -35.485  3.536  -21.294 0.1428571492
70527  -33.040  3.939  -27.707 0.8571428657
72518  -40.258  5.276  -17.684 0.1428571492
72531  -40.838  5.788  -18.044 0.1428571492
72607  -33.508  5.191  -23.983 0.4285714328
72699  -32.101  4.975  -29.795 0.7142857313
73641  -33.691  5.579  -23.722 0.4285714328
74737  -34.059  7.894  -27.623 0.8571428657
74784  -32.856  7.667  -29.986 0.8571428657
74808  -29.679  7.732  -32.027 0.1428571492
76907  -28.314  9.960  -33.445 0.1428571492
78027  -33.803  10.324  -29.099 0.8571428657
78042  -33.095  10.088  -30.230 1.0000000000
78077  -28.991  10.704  -33.437 0.1428571492
79217  -29.446  11.049  -33.112 0.1428571492
80182  -32.545  12.558  -29.180 1.0000000000
80203  -32.378  12.142  -29.579 1.0000000000
80223  -32.208  11.736  -30.029 1.0000000000
80267  -29.805  11.968  -32.912 0.1428571492
81175  -33.380  13.517  -27.529 0.5714285970
81195  -32.070  13.509  -29.324 0.8571428657
81224  -31.181  13.316  -30.775 0.8571428657
81284  -27.723  14.717  -34.635 0.1428571492
82241  -31.034  13.686  -30.606 0.8571428657
83230  -32.965  14.438  -27.348 0.5714285970
83248  -31.249  14.999  -29.275 0.8571428657
83249  -31.434  14.330  -29.507 0.8571428657
83333  -26.243  15.926  -34.355 0.1428571492
83334  -28.298  16.454  -33.994 0.1428571492
83335  -28.588  16.061  -33.789 0.2857142985
83353  -27.957  16.221  -34.263 0.1428571492
84273  -32.907  15.810  -27.068 0.2857142985
84312  -29.889  16.393  -31.258 1.0000000000
84313  -30.002  15.860  -31.465 1.0000000000
85277  -32.824  16.593  -27.127 0.4285714328
85338  -27.134  17.669  -34.439 0.1428571492
86257  -32.110  17.436  -27.414 0.5714285970
86258  -33.982  18.589  -27.915 0.1428571492
87258  -32.175  18.125  -27.596 0.5714285970
89373  -32.009  21.061  -28.520 0.4285714328
89439  -29.678  22.050  -32.832 0.5714285970
89457  -28.267  22.198  -34.265 0.2857142985
90499  -31.180  22.801  -30.144 0.4285714328
91568  -30.967  23.456  -30.412 0.5714285970
92548  -33.687  24.381  -29.271 0.1428571492
93472  -33.973  24.856  -29.603 0.1428571492
93489  -30.885  25.485  -31.009 0.4285714328
93526  -26.480  24.917  -33.953 0.1428571492
94308  -32.671  26.307  -30.392 0.1428571492
95113  -32.321  26.891  -30.701 0.1428571492
95178  -28.182  27.776  -36.257 0.4285714328
95186  -28.308  28.427  -36.696 0.2857142985
96012  -28.184  28.703  -37.112 0.2857142985
96013  -28.334  28.621  -36.857 0.2857142985
96815  -34.512  29.299  -32.625 0.2857142985
96825  -28.675  29.038  -32.723 0.1428571492
96850  -28.711  29.240  -35.904 0.2857142985
96857  -28.337  29.114  -37.135 0.2857142985
96858  -28.462  28.907  -36.678 0.2857142985
97674  -30.668  29.791  -33.061 0.2857142985
97691  -33.469  30.553  -33.245 0.1428571492
97703  -33.836  30.750  -33.835 0.1428571492
