#!ascii label  , from subject sub.01.bl.01.long.sub.01.base.03 vox2ras=TkReg
384
65806  -30.217  0.136  -23.545 0.0000000000
67015  -31.975  0.227  -29.645 0.0000000000
85322  -29.238  17.593  -33.020 0.0000000000
81238  -31.393  12.652  -30.928 0.0000000000
74755  -33.632  7.796  -28.915 0.0000000000
70493  -33.274  3.405  -24.817 0.0000000000
87306  -28.895  19.749  -33.126 0.0000000000
79197  -32.885  10.557  -30.056 0.0000000000
73764  -31.671  6.796  -30.519 0.0000000000
65856  -31.113  -0.041  -27.174 0.0000000000
69381  -33.188  1.980  -26.856 0.0000000000
66971  -33.058  0.731  -24.635 0.0000000000
61106  -26.817  -4.893  -22.896 0.0000000000
64652  -28.819  -1.774  -25.695 0.0000000000
93542  -28.338  26.098  -34.704 0.0000000000
93529  -29.491  25.441  -33.997 0.0000000000
91584  -30.145  23.567  -32.708 0.0000000000
89397  -30.639  21.513  -30.602 0.0000000000
87286  -30.145  19.525  -29.982 0.0000000000
83298  -29.818  15.448  -31.738 0.0000000000
85284  -30.996  16.160  -28.624 0.0000000000
82206  -32.278  13.855  -28.209 0.0000000000
79153  -34.459  11.141  -28.191 0.0000000000
75722  -34.408  8.554  -26.292 0.0000000000
71624  -32.656  4.727  -28.908 0.0000000000
72680  -33.675  5.543  -27.149 0.0000000000
75796  -31.418  8.591  -30.903 0.0000000000
73770  -30.377  6.903  -30.607 0.0000000000
66984  -31.092  0.439  -25.405 0.0000000000
66985  -32.184  0.491  -25.551 0.0000000000
66970  -32.144  0.510  -24.424 0.0000000000
57741  -25.634  -7.823  -19.538 0.0000000000
58845  -25.990  -6.800  -19.824 0.0000000000
59934  -26.435  -5.839  -20.117 0.0000000000
64669  -29.600  -1.166  -27.245 0.0000000000
63496  -28.578  -2.039  -26.549 0.0000000000
92580  -30.225  24.528  -33.118 0.0000000000
86288  -29.019  18.621  -33.103 0.0000000000
88392  -29.550  20.591  -32.575 0.0000000000
87293  -29.489  19.111  -31.718 0.0000000000
88375  -30.428  20.592  -30.285 0.0000000000
87285  -29.574  18.793  -30.798 0.0000000000
82257  -30.445  14.072  -31.076 0.0000000000
84301  -30.281  16.111  -30.559 0.0000000000
83267  -31.211  14.293  -29.885 0.0000000000
83228  -31.550  14.693  -28.612 0.0000000000
81210  -31.992  13.121  -29.676 0.0000000000
76859  -33.628  9.347  -29.244 0.0000000000
79178  -33.649  10.701  -29.092 0.0000000000
76839  -34.073  9.354  -28.516 0.0000000000
76818  -34.884  9.806  -27.318 0.0000000000
75753  -34.155  8.711  -27.854 0.0000000000
69401  -30.463  2.031  -29.251 0.0000000000
70542  -31.292  3.910  -29.185 0.0000000000
69396  -31.582  2.001  -28.505 0.0000000000
69371  -33.354  2.772  -25.694 0.0000000000
70520  -33.303  3.868  -27.011 0.0000000000
71593  -33.386  4.775  -25.857 0.0000000000
73692  -33.676  6.307  -25.617 0.0000000000
72631  -33.403  5.058  -24.555 0.0000000000
61084  -27.062  -4.342  -21.995 0.0000000000
62292  -27.481  -3.881  -23.659 0.0000000000
62270  -27.573  -3.629  -22.546 0.0000000000
63443  -28.260  -2.409  -23.145 0.0000000000
79207  -31.234  11.240  -31.521 0.0000000000
79196  -32.266  11.180  -30.288 0.0000000000
76883  -31.818  9.622  -30.980 0.0000000000
75797  -32.057  8.753  -30.478 0.0000000000
74770  -32.893  7.368  -29.990 0.0000000000
65875  -31.792  -0.054  -29.034 0.0000000000
68140  -32.087  1.317  -28.203 0.0000000000
66996  -32.231  0.600  -26.743 0.0000000000
68127  -32.933  1.453  -26.204 0.0000000000
68109  -33.383  1.743  -24.619 0.0000000000
61071  -26.624  -4.851  -21.716 0.0000000000
64688  -31.397  -1.188  -29.608 0.0000000000
65873  -30.571  -0.507  -28.707 0.0000000000
65855  -30.165  -0.662  -27.134 0.0000000000
65821  -29.375  -0.798  -25.297 0.0000000000
95179  -28.542  27.879  -35.796 0.0000000000
92622  -28.075  24.794  -34.800 0.0000000000
93528  -29.079  25.872  -34.305 0.0000000000
94335  -30.165  26.403  -32.671 0.0000000000
93488  -30.597  25.489  -31.656 0.0000000000
92569  -30.644  25.008  -31.287 0.0000000000
89425  -29.547  21.370  -32.905 0.0000000000
90512  -30.269  22.569  -31.631 0.0000000000
92545  -31.177  23.993  -30.059 0.0000000000
90486  -31.659  22.430  -29.449 0.0000000000
89383  -31.463  21.333  -28.962 0.0000000000
87280  -31.273  19.883  -28.472 0.0000000000
84324  -29.774  16.162  -32.091 0.0000000000
85302  -29.802  16.787  -30.850 0.0000000000
86266  -30.488  17.776  -29.163 0.0000000000
87270  -31.759  18.920  -27.969 0.0000000000
85286  -32.081  16.968  -27.328 0.0000000000
82180  -33.497  14.057  -27.348 0.0000000000
80204  -32.817  11.733  -29.153 0.0000000000
80184  -33.688  12.179  -28.055 0.0000000000
72706  -30.750  5.225  -30.535 0.0000000000
72700  -32.532  5.499  -29.524 0.0000000000
73743  -33.183  6.167  -28.982 0.0000000000
70526  -32.739  3.338  -27.919 0.0000000000
71617  -33.396  4.679  -27.519 0.0000000000
73729  -34.031  6.382  -27.608 0.0000000000
73711  -34.101  7.150  -26.479 0.0000000000
74703  -34.178  7.564  -25.744 0.0000000000
64651  -28.526  -2.142  -24.856 0.0000000000
64636  -28.833  -1.360  -24.659 0.0000000000
65790  -29.521  -0.357  -23.017 0.0000000000
65822  -30.148  0.008  -24.749 0.0000000000
66969  -31.126  0.453  -24.055 0.0000000000
57742  -26.141  -7.518  -18.766 0.0000000000
57763  -25.792  -7.397  -19.578 0.0000000000
87300  -29.314  19.433  -32.503 0.0000000000
86283  -29.243  18.340  -32.425 0.0000000000
86277  -29.314  18.037  -31.611 0.0000000000
80238  -31.209  12.202  -31.478 0.0000000000
80237  -30.690  12.770  -31.768 0.0000000000
81237  -30.998  13.171  -31.175 0.0000000000
83266  -30.821  14.660  -30.134 0.0000000000
82242  -31.394  13.858  -29.984 0.0000000000
82226  -31.776  13.761  -29.518 0.0000000000
81225  -31.473  13.075  -30.478 0.0000000000
75788  -33.322  8.523  -29.467 0.0000000000
76838  -33.739  9.199  -28.854 0.0000000000
75771  -33.644  8.783  -28.857 0.0000000000
75772  -33.877  8.358  -28.322 0.0000000000
68145  -30.921  1.091  -28.890 0.0000000000
69402  -31.091  2.580  -28.951 0.0000000000
68139  -31.548  1.168  -28.527 0.0000000000
70509  -33.368  3.825  -25.984 0.0000000000
71574  -33.305  4.455  -25.087 0.0000000000
71549  -33.346  4.287  -23.994 0.0000000000
70467  -33.341  3.426  -23.994 0.0000000000
78050  -31.324  10.277  -31.623 0.0000000000
78051  -31.798  10.187  -31.005 0.0000000000
76882  -31.318  9.395  -31.569 0.0000000000
74782  -31.458  7.985  -30.591 0.0000000000
74783  -32.423  7.527  -30.259 0.0000000000
75798  -32.812  8.234  -29.977 0.0000000000
73765  -32.385  6.797  -30.281 0.0000000000
65869  -31.702  -0.059  -27.853 0.0000000000
67005  -32.067  0.553  -28.021 0.0000000000
65857  -31.732  0.101  -27.024 0.0000000000
66986  -32.658  0.936  -25.646 0.0000000000
68121  -33.087  1.311  -25.207 0.0000000000
68108  -33.313  1.174  -24.700 0.0000000000
66972  -33.509  1.179  -24.244 0.0000000000
56700  -25.310  -8.301  -20.020 0.0000000000
55551  -24.842  -9.023  -19.685 0.0000000000
59943  -26.442  -5.428  -21.110 0.0000000000
61072  -26.959  -4.482  -20.835 0.0000000000
64685  -30.788  -0.881  -29.181 0.0000000000
64668  -29.139  -1.784  -26.803 0.0000000000
65854  -29.589  -1.255  -26.922 0.0000000000
65839  -29.496  -1.125  -26.343 0.0000000000
65840  -30.129  -0.327  -25.922 0.0000000000
94366  -28.034  26.936  -35.388 0.0000000000
94367  -28.405  27.366  -35.442 0.0000000000
95169  -29.019  28.029  -34.890 0.0000000000
92595  -29.163  24.111  -34.361 0.0000000000
92608  -28.786  24.739  -34.401 0.0000000000
92609  -29.222  25.146  -34.153 0.0000000000
94344  -29.342  26.686  -34.231 0.0000000000
93514  -29.555  26.077  -33.960 0.0000000000
94345  -29.713  26.851  -33.543 0.0000000000
93515  -29.903  25.604  -33.437 0.0000000000
93502  -30.338  25.432  -32.491 0.0000000000
92568  -30.470  24.497  -31.910 0.0000000000
88401  -28.958  20.792  -33.140 0.0000000000
88393  -30.238  20.904  -31.997 0.0000000000
89426  -30.009  21.679  -32.300 0.0000000000
89413  -30.399  21.647  -31.440 0.0000000000
91567  -30.602  23.419  -31.119 0.0000000000
90498  -30.668  22.515  -30.758 0.0000000000
91559  -31.548  23.450  -29.908 0.0000000000
90485  -31.003  22.146  -30.134 0.0000000000
89382  -30.913  21.439  -29.726 0.0000000000
88359  -30.815  20.379  -29.220 0.0000000000
88360  -31.524  20.595  -28.654 0.0000000000
82271  -29.798  14.515  -31.677 0.0000000000
83297  -29.452  15.105  -32.253 0.0000000000
84325  -29.892  15.838  -31.799 0.0000000000
85308  -29.622  17.059  -31.518 0.0000000000
84300  -29.966  16.413  -30.910 0.0000000000
84288  -30.797  15.653  -29.450 0.0000000000
85294  -30.520  16.673  -29.365 0.0000000000
86255  -31.039  17.181  -28.507 0.0000000000
87269  -31.012  18.135  -28.337 0.0000000000
86256  -31.751  17.664  -27.674 0.0000000000
86246  -32.145  17.813  -27.519 0.0000000000
85285  -31.538  16.588  -27.891 0.0000000000
83229  -32.229  14.782  -27.470 0.0000000000
83212  -33.342  15.022  -27.214 0.0000000000
82207  -32.858  13.900  -27.553 0.0000000000
79176  -32.443  11.544  -29.819 0.0000000000
79177  -32.953  11.186  -29.439 0.0000000000
78006  -34.221  10.462  -28.646 0.0000000000
79152  -33.686  11.376  -28.618 0.0000000000
79130  -34.415  11.790  -27.916 0.0000000000
80167  -34.266  12.421  -27.681 0.0000000000
76801  -34.679  9.254  -26.859 0.0000000000
76786  -34.764  9.338  -26.006 0.0000000000
71643  -29.891  4.734  -30.774 0.0000000000
71633  -32.151  4.462  -29.297 0.0000000000
71632  -31.687  4.655  -29.749 0.0000000000
72690  -32.981  5.316  -28.759 0.0000000000
69389  -32.923  2.358  -27.611 0.0000000000
69397  -32.281  2.666  -28.249 0.0000000000
71609  -33.425  4.703  -26.638 0.0000000000
72691  -33.582  5.582  -28.173 0.0000000000
73730  -34.182  7.112  -27.174 0.0000000000
73710  -33.887  6.418  -26.628 0.0000000000
73667  -33.631  5.944  -24.434 0.0000000000
74702  -33.890  6.931  -25.612 0.0000000000
74681  -33.838  6.911  -25.014 0.0000000000
64599  -28.612  -1.676  -22.788 0.0000000000
64616  -28.422  -1.920  -23.582 0.0000000000
64617  -28.853  -1.198  -23.552 0.0000000000
64600  -29.173  -0.961  -22.440 0.0000000000
75811  -30.832  8.518  -31.555 0.0000000000
74798  -30.840  7.508  -30.761 0.0000000000
73771  -30.970  6.842  -30.579 0.0000000000
66994  -30.761  0.021  -26.440 0.0000000000
66995  -31.550  0.254  -26.394 0.0000000000
66955  -33.045  0.437  -23.512 0.0000000000
66954  -32.084  0.560  -23.263 0.0000000000
56676  -25.476  -8.412  -19.092 0.0000000000
58862  -26.055  -6.325  -20.857 0.0000000000
59924  -26.714  -6.131  -19.219 0.0000000000
64681  -29.381  -1.108  -27.525 0.0000000000
63478  -28.558  -2.186  -26.193 0.0000000000
93541  -27.793  25.749  -34.701 0.0000000000
92596  -29.542  24.578  -33.971 0.0000000000
91601  -29.737  23.599  -33.529 0.0000000000
90536  -29.646  22.742  -33.111 0.0000000000
88385  -29.733  20.151  -31.821 0.0000000000
88386  -30.438  20.711  -31.256 0.0000000000
88374  -29.951  19.827  -30.988 0.0000000000
83281  -30.222  15.122  -31.145 0.0000000000
84279  -31.215  15.359  -28.814 0.0000000000
84280  -31.456  15.555  -28.018 0.0000000000
83227  -31.362  15.047  -28.915 0.0000000000
82205  -31.964  13.917  -29.047 0.0000000000
81196  -32.460  13.139  -28.967 0.0000000000
76872  -33.013  9.339  -30.126 0.0000000000
78026  -33.498  10.210  -29.642 0.0000000000
76860  -33.898  9.948  -29.069 0.0000000000
78007  -34.820  10.725  -28.050 0.0000000000
77984  -34.776  9.999  -28.017 0.0000000000
76817  -34.507  9.289  -27.639 0.0000000000
75735  -34.295  8.604  -27.170 0.0000000000
70548  -30.688  3.967  -29.608 0.0000000000
70541  -30.639  3.172  -29.520 0.0000000000
70534  -31.768  3.159  -28.696 0.0000000000
70543  -31.937  3.848  -28.945 0.0000000000
68128  -33.327  2.170  -26.207 0.0000000000
69382  -33.368  2.868  -26.720 0.0000000000
72666  -33.556  5.526  -26.214 0.0000000000
72648  -33.435  5.360  -25.300 0.0000000000
73642  -34.026  6.122  -23.233 0.0000000000
72608  -33.637  5.016  -23.275 0.0000000000
61107  -27.134  -4.592  -23.052 0.0000000000
62293  -27.915  -3.146  -23.436 0.0000000000
63461  -28.216  -2.551  -24.164 0.0000000000
62271  -27.988  -2.840  -22.615 0.0000000000
63424  -28.395  -2.224  -22.193 0.0000000000
80252  -30.899  11.702  -31.943 0.0000000000
80222  -31.792  12.128  -30.468 0.0000000000
79195  -31.601  11.481  -30.917 0.0000000000
78040  -31.689  10.722  -30.917 0.0000000000
78041  -32.446  10.159  -30.607 0.0000000000
75812  -31.496  8.986  -31.121 0.0000000000
76871  -32.362  9.482  -30.558 0.0000000000
74771  -33.160  7.607  -29.656 0.0000000000
67016  -32.876  0.004  -29.601 0.0000000000
67010  -31.757  0.404  -28.874 0.0000000000
67011  -32.024  0.162  -28.856 0.0000000000
68135  -32.571  1.384  -27.259 0.0000000000
68122  -33.268  1.963  -25.485 0.0000000000
69357  -33.278  2.488  -24.930 0.0000000000
69332  -33.443  2.637  -24.058 0.0000000000
55528  -24.972  -9.266  -18.697 0.0000000000
59985  -26.495  -5.163  -22.784 0.0000000000
59959  -26.403  -5.355  -22.122 0.0000000000
61083  -26.706  -4.845  -22.464 0.0000000000
64695  -33.095  -0.836  -30.164 0.0000000000
65878  -31.991  -0.825  -29.436 0.0000000000
65874  -31.199  -0.339  -29.065 0.0000000000
65868  -30.870  -0.419  -28.008 0.0000000000
64682  -29.859  -0.826  -27.833 0.0000000000
95177  -28.145  27.847  -36.022 0.0000000000
92621  -27.467  24.675  -34.797 0.0000000000
94355  -28.849  26.969  -34.693 0.0000000000
95158  -29.337  27.706  -34.349 0.0000000000
94322  -30.521  26.102  -32.026 0.0000000000
95129  -30.646  26.829  -32.058 0.0000000000
94323  -31.037  26.352  -31.334 0.0000000000
94306  -31.235  25.900  -30.867 0.0000000000
93476  -31.320  25.487  -30.515 0.0000000000
89438  -29.151  21.801  -33.313 0.0000000000
90523  -29.978  22.682  -32.411 0.0000000000
91573  -30.326  23.456  -31.867 0.0000000000
92557  -30.586  23.973  -31.401 0.0000000000
92558  -30.866  24.512  -30.680 0.0000000000
92559  -31.375  25.080  -30.083 0.0000000000
92546  -31.770  24.484  -29.738 0.0000000000
90487  -32.703  22.762  -28.849 0.0000000000
83318  -29.171  15.689  -32.772 0.0000000000
85315  -29.441  17.302  -32.309 0.0000000000
86272  -29.611  17.697  -30.787 0.0000000000
86273  -30.025  18.348  -29.933 0.0000000000
85303  -29.850  17.181  -29.995 0.0000000000
87279  -30.525  19.045  -28.823 0.0000000000
84281  -32.257  15.974  -27.517 0.0000000000
84274  -33.648  16.047  -27.102 0.0000000000
83213  -34.465  15.299  -27.203 0.0000000000
80202  -31.879  12.607  -30.036 0.0000000000
81211  -32.379  12.762  -29.384 0.0000000000
79151  -33.098  11.581  -28.967 0.0000000000
80183  -32.904  12.156  -28.737 0.0000000000
81197  -33.066  12.969  -27.873 0.0000000000
81198  -33.788  12.658  -27.723 0.0000000000
77985  -35.124  10.594  -27.314 0.0000000000
73763  -30.965  6.185  -30.581 0.0000000000
71639  -31.009  4.520  -30.026 0.0000000000
72707  -31.691  5.479  -30.205 0.0000000000
72708  -32.260  6.250  -30.098 0.0000000000
73756  -32.867  6.746  -29.828 0.0000000000
73757  -33.430  6.994  -29.235 0.0000000000
70535  -32.425  3.845  -28.546 0.0000000000
69390  -33.102  3.264  -27.410 0.0000000000
70536  -32.812  3.919  -28.121 0.0000000000
71625  -33.046  4.547  -28.289 0.0000000000
73744  -33.806  6.780  -28.479 0.0000000000
74756  -33.950  7.580  -28.258 0.0000000000
73745  -34.156  7.128  -27.869 0.0000000000
74717  -34.172  7.814  -26.755 0.0000000000
73693  -33.931  6.886  -26.031 0.0000000000
65805  -29.469  -0.585  -24.143 0.0000000000
64635  -28.496  -1.828  -24.195 0.0000000000
64689  -32.367  -1.293  -29.806 0.0000000000
64690  -33.035  -1.127  -29.919 0.0000000000
64693  -31.700  -1.101  -30.127 0.0000000000
64694  -32.564  -1.072  -30.234 0.0000000000
65867  -30.316  -0.667  -28.095 0.0000000000
65879  -32.608  -0.618  -29.570 0.0000000000
65880  -33.278  -0.622  -29.871 0.0000000000
65885  -32.679  -0.513  -30.325 0.0000000000
65886  -33.196  -0.411  -30.134 0.0000000000
67017  -33.401  -0.303  -29.946 0.0000000000
67023  -32.812  0.020  -30.119 0.0000000000
67024  -33.269  -0.056  -30.040 0.0000000000
68144  -30.390  1.406  -29.147 0.0000000000
70527  -33.040  3.939  -27.707 0.0000000000
72607  -33.508  5.191  -23.983 0.0000000000
72699  -32.101  4.975  -29.795 0.0000000000
73641  -33.691  5.579  -23.722 0.0000000000
74737  -34.059  7.894  -27.623 0.0000000000
74784  -32.856  7.667  -29.986 0.0000000000
78027  -33.803  10.324  -29.099 0.0000000000
78042  -33.095  10.088  -30.230 0.0000000000
80182  -32.545  12.558  -29.180 0.0000000000
80203  -32.378  12.142  -29.579 0.0000000000
80223  -32.208  11.736  -30.029 0.0000000000
81175  -33.380  13.517  -27.529 0.0000000000
81195  -32.070  13.509  -29.324 0.0000000000
81224  -31.181  13.316  -30.775 0.0000000000
82241  -31.034  13.686  -30.606 0.0000000000
83230  -32.965  14.438  -27.348 0.0000000000
83248  -31.249  14.999  -29.275 0.0000000000
83249  -31.434  14.330  -29.507 0.0000000000
84312  -29.889  16.393  -31.258 0.0000000000
84313  -30.002  15.860  -31.465 0.0000000000
85277  -32.824  16.593  -27.127 0.0000000000
86257  -32.110  17.436  -27.414 0.0000000000
87258  -32.175  18.125  -27.596 0.0000000000
89373  -32.009  21.061  -28.520 0.0000000000
89439  -29.678  22.050  -32.832 0.0000000000
90499  -31.180  22.801  -30.144 0.0000000000
91568  -30.967  23.456  -30.412 0.0000000000
93489  -30.885  25.485  -31.009 0.0000000000
95178  -28.182  27.776  -36.257 0.0000000000
