#!ascii label  , from subject sub.01.bl.01.long.sub.01.base.03 vox2ras=TkReg
660
49167  31.453  -14.599  48.748 0.0000000000
69869  46.326  1.233  30.951 0.0000000000
72318  54.178  3.775  28.436 0.0000000000
59197  49.916  -6.015  38.617 0.0000000000
49259  37.459  -15.712  43.914 0.0000000000
44479  35.515  -18.596  47.418 0.0000000000
69877  51.159  2.816  30.187 0.0000000000
69813  50.873  2.201  33.982 0.0000000000
57991  46.813  -8.866  41.024 0.0000000000
48109  42.678  -16.010  43.853 0.0000000000
76757  52.679  8.715  19.461 0.0000000000
72399  52.550  4.786  23.244 0.0000000000
61563  46.778  -4.664  35.401 0.0000000000
67457  48.783  0.208  36.583 0.0000000000
49203  34.749  -16.006  47.053 0.0000000000
45724  33.985  -16.682  48.478 0.0000000000
69879  48.870  1.952  30.269 0.0000000000
71058  50.932  3.241  31.906 0.0000000000
71044  48.770  2.697  32.985 0.0000000000
49354  47.747  -14.165  39.453 0.0000000000
45771  39.042  -17.629  45.651 0.0000000000
49256  40.551  -15.738  43.891 0.0000000000
44519  41.140  -18.082  44.751 0.0000000000
76751  51.716  8.033  20.223 0.0000000000
74656  52.703  6.400  20.853 0.0000000000
74641  52.504  6.398  21.385 0.0000000000
71123  52.062  3.088  26.499 0.0000000000
71165  51.428  3.210  24.350 0.0000000000
72371  53.857  4.323  25.724 0.0000000000
73496  55.160  5.258  25.647 0.0000000000
71102  55.385  3.976  27.000 0.0000000000
58002  48.429  -7.412  40.501 0.0000000000
59209  47.117  -6.631  38.832 0.0000000000
62812  48.384  -4.568  38.431 0.0000000000
63965  48.117  -2.615  36.382 0.0000000000
62821  49.259  -3.183  38.522 0.0000000000
65087  50.341  -1.133  37.327 0.0000000000
60343  50.398  -5.261  37.229 0.0000000000
48051  37.329  -16.914  46.410 0.0000000000
69900  50.184  1.936  27.388 0.0000000000
71094  52.688  3.798  29.181 0.0000000000
72278  52.733  3.699  31.316 0.0000000000
68679  52.200  2.066  32.643 0.0000000000
51818  44.581  -12.707  42.685 0.0000000000
53051  46.697  -11.714  41.894 0.0000000000
54308  48.324  -10.704  40.434 0.0000000000
55521  49.699  -9.301  38.690 0.0000000000
56758  49.354  -8.223  37.030 0.0000000000
49320  43.627  -14.514  42.084 0.0000000000
48131  44.529  -15.860  43.319 0.0000000000
74678  53.034  6.956  18.405 0.0000000000
73536  51.731  5.265  21.858 0.0000000000
74619  53.637  5.988  23.378 0.0000000000
72384  56.311  5.360  24.323 0.0000000000
69829  46.936  1.984  33.779 0.0000000000
69788  49.448  1.571  35.943 0.0000000000
66246  50.772  -0.244  35.263 0.0000000000
46876  31.686  -16.282  48.319 0.0000000000
48018  32.418  -15.439  49.048 0.0000000000
46875  32.733  -16.766  48.399 0.0000000000
69880  47.823  1.615  30.490 0.0000000000
71078  48.682  2.751  31.937 0.0000000000
69852  47.459  2.307  32.172 0.0000000000
45784  40.576  -17.568  45.179 0.0000000000
76752  51.268  7.682  20.068 0.0000000000
75687  51.789  7.156  21.126 0.0000000000
75688  51.267  7.106  20.850 0.0000000000
71104  53.362  3.771  28.132 0.0000000000
71143  53.014  3.467  25.991 0.0000000000
72352  54.207  4.127  26.938 0.0000000000
72351  54.702  4.748  26.332 0.0000000000
58001  49.177  -7.411  39.939 0.0000000000
60325  48.257  -5.554  39.503 0.0000000000
60324  48.913  -5.392  39.538 0.0000000000
62822  48.771  -3.393  38.397 0.0000000000
61528  49.797  -4.219  38.812 0.0000000000
61540  50.282  -4.020  38.401 0.0000000000
59208  50.239  -6.034  37.893 0.0000000000
48053  35.671  -16.536  47.066 0.0000000000
45737  36.582  -17.421  47.348 0.0000000000
44476  37.486  -18.122  46.676 0.0000000000
68717  49.290  1.505  29.202 0.0000000000
68730  49.456  1.245  28.031 0.0000000000
69891  50.170  1.977  28.592 0.0000000000
69899  51.098  2.370  27.976 0.0000000000
69889  51.708  2.840  29.606 0.0000000000
72294  52.763  3.871  30.564 0.0000000000
71074  51.794  3.475  30.807 0.0000000000
71025  51.098  2.949  33.203 0.0000000000
71024  52.050  2.990  32.670 0.0000000000
69826  51.538  2.475  33.193 0.0000000000
68680  51.784  1.346  32.566 0.0000000000
68666  51.506  1.692  33.366 0.0000000000
50535  45.315  -13.388  42.589 0.0000000000
53053  45.799  -11.543  42.553 0.0000000000
51830  46.213  -13.017  42.098 0.0000000000
51851  48.422  -12.165  39.959 0.0000000000
54332  48.977  -10.403  39.616 0.0000000000
48111  41.021  -16.003  43.774 0.0000000000
49276  42.279  -15.699  43.270 0.0000000000
49275  43.145  -15.298  43.036 0.0000000000
49274  43.879  -14.609  42.855 0.0000000000
48108  43.441  -15.816  43.599 0.0000000000
77788  52.457  9.532  19.353 0.0000000000
75713  52.798  7.802  19.130 0.0000000000
74639  54.772  6.362  21.964 0.0000000000
72389  52.320  3.842  24.067 0.0000000000
71198  51.206  3.441  22.597 0.0000000000
72409  51.865  4.481  22.471 0.0000000000
72420  51.193  4.630  21.701 0.0000000000
72408  52.324  5.012  22.743 0.0000000000
74620  53.053  5.694  23.062 0.0000000000
73518  53.772  5.633  23.835 0.0000000000
73495  55.760  5.075  25.725 0.0000000000
73506  55.503  5.725  24.883 0.0000000000
55454  46.190  -9.988  40.903 0.0000000000
56723  46.690  -9.072  39.420 0.0000000000
60344  46.644  -5.886  37.033 0.0000000000
60345  46.383  -6.537  37.311 0.0000000000
66229  48.417  -0.532  36.284 0.0000000000
66267  47.308  -0.818  34.847 0.0000000000
66249  47.256  0.133  35.021 0.0000000000
68656  46.157  1.083  33.970 0.0000000000
68641  48.076  1.095  35.407 0.0000000000
69803  48.445  1.780  35.345 0.0000000000
68627  48.943  1.133  36.339 0.0000000000
62835  50.915  -2.665  36.280 0.0000000000
65100  50.695  -1.183  36.677 0.0000000000
63969  51.007  -2.085  35.671 0.0000000000
65119  51.037  -1.685  34.709 0.0000000000
48034  34.487  -15.992  48.196 0.0000000000
45740  34.698  -17.234  48.084 0.0000000000
44480  34.727  -18.593  47.407 0.0000000000
44458  33.426  -18.055  47.867 0.0000000000
69866  49.526  2.500  30.944 0.0000000000
71075  51.238  2.918  31.069 0.0000000000
71077  49.280  2.779  31.751 0.0000000000
71043  49.661  3.060  32.905 0.0000000000
71014  49.794  2.590  34.190 0.0000000000
48088  38.654  -16.357  44.980 0.0000000000
49235  38.985  -15.902  44.485 0.0000000000
48068  39.709  -16.478  45.117 0.0000000000
46916  41.104  -16.739  44.634 0.0000000000
45782  41.909  -17.221  44.603 0.0000000000
45793  43.202  -17.371  43.905 0.0000000000
44537  42.341  -18.217  44.299 0.0000000000
76750  52.138  8.010  20.318 0.0000000000
75701  52.350  7.527  20.082 0.0000000000
75696  52.239  7.244  20.729 0.0000000000
74629  53.616  6.268  22.556 0.0000000000
69924  50.772  2.586  25.607 0.0000000000
71145  51.389  3.100  25.098 0.0000000000
71163  52.703  3.680  25.135 0.0000000000
72388  53.067  4.300  24.336 0.0000000000
72387  54.105  4.912  24.703 0.0000000000
72370  54.570  5.100  25.352 0.0000000000
73486  55.292  4.708  26.443 0.0000000000
57989  47.467  -8.580  41.028 0.0000000000
58015  47.116  -7.645  40.160 0.0000000000
59199  47.471  -6.618  39.843 0.0000000000
61543  47.629  -5.496  38.490 0.0000000000
62831  47.430  -4.760  36.789 0.0000000000
62837  47.728  -3.614  36.100 0.0000000000
62823  48.527  -3.902  38.028 0.0000000000
63959  48.577  -1.849  38.030 0.0000000000
66193  48.979  -0.838  38.069 0.0000000000
66207  49.443  -0.080  37.299 0.0000000000
63946  50.060  -1.718  38.015 0.0000000000
62829  50.613  -3.202  37.618 0.0000000000
61555  50.614  -4.401  36.477 0.0000000000
49239  35.409  -16.118  45.555 0.0000000000
49219  36.820  -16.422  45.594 0.0000000000
49218  37.423  -16.419  45.190 0.0000000000
46905  37.728  -17.230  46.211 0.0000000000
44502  37.936  -18.602  46.244 0.0000000000
69911  51.095  2.511  26.718 0.0000000000
69909  52.389  3.113  28.026 0.0000000000
71093  53.080  3.970  28.722 0.0000000000
72309  53.511  4.016  29.580 0.0000000000
71055  53.246  3.544  30.978 0.0000000000
69849  53.173  2.912  31.339 0.0000000000
72279  52.207  3.614  31.643 0.0000000000
69839  52.721  2.756  32.096 0.0000000000
53085  43.849  -12.299  41.344 0.0000000000
53069  44.899  -11.701  42.227 0.0000000000
55420  45.996  -10.411  42.127 0.0000000000
56634  46.908  -9.906  41.420 0.0000000000
51841  47.246  -12.585  41.166 0.0000000000
53067  47.530  -11.376  41.010 0.0000000000
56652  47.735  -9.407  40.973 0.0000000000
56670  48.240  -9.008  40.557 0.0000000000
56689  48.930  -8.615  40.173 0.0000000000
56705  49.780  -8.256  39.259 0.0000000000
58040  50.008  -7.525  37.664 0.0000000000
55538  49.441  -9.093  37.646 0.0000000000
50558  44.013  -13.574  42.377 0.0000000000
49273  44.358  -14.352  43.011 0.0000000000
49296  45.448  -15.066  42.747 0.0000000000
45800  44.156  -17.376  43.258 0.0000000000
45806  45.109  -17.206  42.255 0.0000000000
75711  54.495  8.332  17.872 0.0000000000
74643  51.007  6.459  20.863 0.0000000000
74642  51.747  6.257  21.508 0.0000000000
74618  54.444  6.404  23.424 0.0000000000
73507  54.820  5.673  24.744 0.0000000000
74605  55.066  6.305  24.201 0.0000000000
74616  56.124  6.477  23.239 0.0000000000
58041  46.509  -7.990  38.020 0.0000000000
68681  45.951  1.311  32.505 0.0000000000
69842  46.746  1.923  32.545 0.0000000000
71029  47.824  2.311  33.606 0.0000000000
71015  49.058  2.366  34.551 0.0000000000
69801  49.702  1.782  35.212 0.0000000000
66206  50.033  0.145  37.103 0.0000000000
67470  50.356  0.719  36.015 0.0000000000
67469  50.483  0.728  35.249 0.0000000000
66266  51.233  -0.350  34.383 0.0000000000
58052  49.712  -6.653  37.075 0.0000000000
60352  49.634  -5.901  36.168 0.0000000000
48019  31.664  -15.366  48.805 0.0000000000
48036  31.106  -15.531  48.130 0.0000000000
48020  31.098  -14.981  48.464 0.0000000000
49166  32.134  -14.797  48.996 0.0000000000
46859  32.072  -15.828  48.913 0.0000000000
69881  46.900  1.259  30.429 0.0000000000
69868  47.215  1.769  31.261 0.0000000000
75697  50.938  7.096  20.408 0.0000000000
71121  53.660  3.824  27.442 0.0000000000
72334  54.037  3.999  27.899 0.0000000000
72333  54.828  4.143  27.274 0.0000000000
59198  49.321  -6.220  39.335 0.0000000000
61529  49.290  -4.252  39.031 0.0000000000
60323  49.845  -5.011  39.029 0.0000000000
45739  35.428  -17.346  47.701 0.0000000000
45738  36.082  -17.437  47.484 0.0000000000
44455  35.838  -17.953  47.512 0.0000000000
44478  36.237  -18.515  47.334 0.0000000000
69878  50.107  2.192  29.895 0.0000000000
69890  51.053  2.464  29.138 0.0000000000
69876  51.575  2.946  30.003 0.0000000000
71087  51.902  3.192  30.172 0.0000000000
71088  51.555  3.106  30.575 0.0000000000
68653  50.729  1.355  34.466 0.0000000000
49295  45.849  -14.500  42.294 0.0000000000
50534  45.811  -13.470  42.238 0.0000000000
50557  46.354  -13.558  41.784 0.0000000000
48110  41.757  -16.017  43.968 0.0000000000
49255  41.565  -15.827  43.697 0.0000000000
49254  42.424  -15.752  43.536 0.0000000000
49253  43.231  -15.457  43.339 0.0000000000
77787  53.155  9.722  19.091 0.0000000000
76772  52.987  8.553  19.233 0.0000000000
72400  52.255  4.077  23.493 0.0000000000
73519  53.223  5.302  23.533 0.0000000000
72369  55.795  4.569  25.595 0.0000000000
72368  56.163  5.153  25.152 0.0000000000
56673  46.705  -9.192  40.975 0.0000000000
56706  46.686  -9.203  40.170 0.0000000000
56691  46.714  -9.120  40.653 0.0000000000
61556  46.686  -5.361  36.336 0.0000000000
61564  46.036  -5.473  35.237 0.0000000000
66228  48.697  -0.621  37.051 0.0000000000
66248  47.683  -0.397  35.349 0.0000000000
67458  48.239  0.322  35.802 0.0000000000
67471  47.592  0.484  35.254 0.0000000000
68628  48.586  0.866  36.004 0.0000000000
68640  48.602  1.348  35.847 0.0000000000
67440  49.228  0.439  36.882 0.0000000000
62843  50.703  -3.294  35.777 0.0000000000
62842  50.875  -2.679  35.864 0.0000000000
63970  50.837  -2.627  35.598 0.0000000000
63975  50.758  -2.419  34.952 0.0000000000
48016  33.877  -15.768  48.546 0.0000000000
48035  33.990  -15.619  48.347 0.0000000000
48015  34.272  -16.066  48.390 0.0000000000
46873  34.576  -16.642  48.308 0.0000000000
45723  34.293  -16.811  48.391 0.0000000000
44457  34.277  -17.931  47.730 0.0000000000
45741  33.845  -17.234  48.299 0.0000000000
68732  47.791  0.672  28.978 0.0000000000
68718  48.293  1.261  29.570 0.0000000000
71061  48.194  2.616  32.258 0.0000000000
71060  49.099  2.850  32.337 0.0000000000
71026  50.174  2.969  33.451 0.0000000000
71027  49.331  2.707  33.661 0.0000000000
48069  38.927  -16.639  45.293 0.0000000000
48087  39.443  -16.178  44.806 0.0000000000
46903  39.399  -16.975  45.471 0.0000000000
45783  41.390  -17.380  44.791 0.0000000000
46915  41.630  -16.970  44.659 0.0000000000
45795  41.861  -17.788  44.604 0.0000000000
77781  51.607  8.381  19.690 0.0000000000
77780  52.051  8.712  19.757 0.0000000000
76740  52.115  7.647  20.720 0.0000000000
75686  52.104  7.282  20.983 0.0000000000
74640  53.690  6.271  21.875 0.0000000000
71124  51.416  3.020  25.915 0.0000000000
71142  53.588  3.794  26.705 0.0000000000
72372  53.207  3.900  25.273 0.0000000000
73476  55.371  4.359  26.776 0.0000000000
73475  55.512  4.253  26.677 0.0000000000
72350  55.525  4.292  26.443 0.0000000000
58003  47.760  -7.608  40.750 0.0000000000
59187  47.481  -6.977  40.242 0.0000000000
59186  48.039  -6.862  40.470 0.0000000000
61531  48.120  -5.139  38.885 0.0000000000
61532  47.703  -5.681  39.014 0.0000000000
61549  47.482  -5.142  37.500 0.0000000000
61542  48.122  -4.829  38.200 0.0000000000
62830  48.108  -4.011  37.019 0.0000000000
63949  48.619  -2.972  38.162 0.0000000000
63948  48.792  -2.255  38.321 0.0000000000
65088  48.730  -1.268  38.038 0.0000000000
65075  49.113  -1.310  38.289 0.0000000000
65074  49.613  -1.210  38.100 0.0000000000
63947  49.490  -2.029  38.402 0.0000000000
61547  50.693  -4.255  37.485 0.0000000000
62836  50.891  -3.416  36.787 0.0000000000
49222  34.158  -15.791  46.636 0.0000000000
49240  34.563  -16.103  45.868 0.0000000000
49221  35.087  -16.175  46.314 0.0000000000
48052  36.503  -16.748  46.779 0.0000000000
49201  36.379  -16.509  46.241 0.0000000000
48071  36.883  -16.579  46.109 0.0000000000
48070  37.680  -16.732  45.666 0.0000000000
69912  50.161  1.934  26.229 0.0000000000
69898  52.059  2.868  28.592 0.0000000000
71106  52.432  3.348  28.888 0.0000000000
71105  52.669  3.430  28.402 0.0000000000
72320  53.194  4.071  29.225 0.0000000000
72310  53.002  4.014  29.811 0.0000000000
72277  53.076  3.858  30.837 0.0000000000
71056  52.942  3.531  31.523 0.0000000000
71057  51.690  3.520  31.466 0.0000000000
71041  51.713  3.403  32.206 0.0000000000
69825  52.045  2.380  32.823 0.0000000000
68694  52.573  1.938  31.670 0.0000000000
53055  44.493  -12.348  42.505 0.0000000000
53070  44.336  -12.114  42.023 0.0000000000
53054  44.969  -11.844  42.555 0.0000000000
53052  46.308  -11.730  42.340 0.0000000000
54246  45.715  -11.044  42.409 0.0000000000
54225  46.246  -10.836  42.400 0.0000000000
55419  46.368  -10.574  42.149 0.0000000000
54245  46.588  -10.954  42.166 0.0000000000
50580  47.166  -13.459  40.865 0.0000000000
50608  47.570  -13.616  40.211 0.0000000000
53097  48.231  -11.642  40.348 0.0000000000
53098  47.888  -11.855  40.570 0.0000000000
54288  47.750  -10.762  40.884 0.0000000000
55434  47.445  -10.226  41.238 0.0000000000
55452  48.068  -9.950  40.793 0.0000000000
57975  47.814  -8.830  40.891 0.0000000000
55477  48.579  -9.706  40.223 0.0000000000
54356  49.373  -10.192  39.077 0.0000000000
55501  49.137  -9.447  39.635 0.0000000000
56722  49.959  -8.342  38.170 0.0000000000
49234  39.788  -15.780  44.369 0.0000000000
49257  39.326  -15.578  43.668 0.0000000000
49321  43.102  -14.853  41.566 0.0000000000
50583  43.730  -13.538  41.720 0.0000000000
50559  43.879  -13.109  42.123 0.0000000000
49252  43.880  -15.109  43.307 0.0000000000
49251  44.407  -14.959  43.296 0.0000000000
49272  45.085  -14.485  43.010 0.0000000000
48130  45.038  -15.597  43.025 0.0000000000
46942  43.520  -16.936  43.734 0.0000000000
46957  45.687  -16.574  41.847 0.0000000000
75712  53.834  7.972  18.073 0.0000000000
74699  53.601  6.769  17.505 0.0000000000
69955  50.464  2.628  23.703 0.0000000000
71184  51.209  3.057  23.590 0.0000000000
73537  51.180  5.592  21.234 0.0000000000
74631  52.114  5.712  22.021 0.0000000000
74630  52.680  5.932  22.427 0.0000000000
72386  54.486  5.352  24.770 0.0000000000
73505  56.109  5.659  24.842 0.0000000000
74604  55.841  6.304  24.171 0.0000000000
59201  46.911  -7.597  39.364 0.0000000000
59210  46.788  -7.148  38.592 0.0000000000
62844  47.674  -3.101  35.421 0.0000000000
66268  46.892  -0.274  34.531 0.0000000000
68667  46.565  1.528  34.013 0.0000000000
68668  46.161  1.376  33.436 0.0000000000
69830  46.572  1.848  33.079 0.0000000000
69841  47.144  2.301  32.973 0.0000000000
69828  47.768  2.174  34.067 0.0000000000
69789  48.965  1.772  36.013 0.0000000000
71003  48.703  2.171  35.052 0.0000000000
69802  49.130  2.112  35.402 0.0000000000
69815  49.547  2.196  34.791 0.0000000000
66191  49.758  -0.649  37.640 0.0000000000
65110  50.918  -1.179  35.897 0.0000000000
66226  50.640  -0.426  36.161 0.0000000000
66247  50.537  0.226  35.847 0.0000000000
67484  51.016  0.609  34.358 0.0000000000
65133  51.018  -1.802  34.073 0.0000000000
56739  49.721  -8.102  37.494 0.0000000000
58039  49.885  -6.910  37.343 0.0000000000
58053  49.540  -7.201  36.981 0.0000000000
49164  33.390  -15.150  48.690 0.0000000000
48017  32.949  -15.670  49.075 0.0000000000
46874  33.312  -16.976  48.377 0.0000000000
46858  32.604  -16.094  48.867 0.0000000000
68719  47.369  1.044  29.704 0.0000000000
69867  48.288  2.433  31.441 0.0000000000
69851  47.940  2.528  31.941 0.0000000000
44500  39.645  -18.093  45.482 0.0000000000
45770  39.813  -17.378  45.479 0.0000000000
44520  40.284  -18.683  45.004 0.0000000000
76741  51.867  7.703  20.730 0.0000000000
76742  51.516  7.603  20.643 0.0000000000
71122  52.870  3.374  27.343 0.0000000000
59185  48.608  -6.476  39.987 0.0000000000
60312  47.966  -6.256  40.007 0.0000000000
61530  48.605  -4.693  39.146 0.0000000000
62811  48.596  -4.294  38.597 0.0000000000
62810  48.857  -3.928  38.780 0.0000000000
61541  49.748  -3.679  38.662 0.0000000000
60336  50.356  -5.112  38.161 0.0000000000
48032  35.976  -16.842  47.291 0.0000000000
46870  36.303  -17.077  47.306 0.0000000000
46891  36.781  -17.164  47.133 0.0000000000
46890  37.204  -17.167  46.768 0.0000000000
45760  37.087  -17.641  47.130 0.0000000000
68731  48.613  0.844  28.618 0.0000000000
71095  52.274  3.255  29.410 0.0000000000
71086  52.498  3.677  29.951 0.0000000000
71073  52.242  3.671  30.518 0.0000000000
72295  52.230  3.770  31.051 0.0000000000
71042  50.604  3.235  32.670 0.0000000000
68665  51.923  2.091  32.908 0.0000000000
67499  51.352  0.394  33.403 0.0000000000
51817  45.180  -12.535  42.647 0.0000000000
51816  45.969  -12.525  42.370 0.0000000000
51829  46.658  -12.564  41.844 0.0000000000
50634  47.961  -13.345  39.824 0.0000000000
53112  48.732  -11.218  39.740 0.0000000000
54333  48.690  -10.387  40.005 0.0000000000
53111  48.942  -10.815  39.569 0.0000000000
53146  49.194  -10.826  38.739 0.0000000000
49300  41.170  -15.783  42.564 0.0000000000
49299  42.043  -15.736  42.815 0.0000000000
49298  42.989  -15.275  42.523 0.0000000000
49297  43.730  -14.610  42.529 0.0000000000
48107  44.107  -15.661  43.486 0.0000000000
76771  53.522  8.970  18.936 0.0000000000
71183  51.827  3.567  23.882 0.0000000000
71197  51.715  3.677  23.170 0.0000000000
72410  51.305  4.030  22.098 0.0000000000
72419  51.604  4.805  21.981 0.0000000000
73528  52.231  5.318  22.393 0.0000000000
73527  52.660  5.380  22.906 0.0000000000
74607  54.024  5.869  23.874 0.0000000000
73494  56.039  5.345  25.271 0.0000000000
54309  45.807  -10.539  40.599 0.0000000000
60337  46.986  -6.192  38.107 0.0000000000
60338  46.633  -6.738  37.915 0.0000000000
60354  45.978  -6.245  36.291 0.0000000000
65111  48.200  -1.417  35.865 0.0000000000
65120  47.684  -1.370  35.031 0.0000000000
67485  46.392  0.512  34.250 0.0000000000
67472  47.067  0.539  34.757 0.0000000000
68655  46.955  1.193  34.446 0.0000000000
68654  47.620  1.285  34.872 0.0000000000
69817  47.616  1.691  34.538 0.0000000000
69804  47.952  1.479  35.055 0.0000000000
69790  48.766  1.574  35.933 0.0000000000
68626  49.328  1.291  36.392 0.0000000000
63957  50.747  -1.722  37.041 0.0000000000
63964  50.953  -1.905  36.451 0.0000000000
63974  50.969  -1.850  35.114 0.0000000000
65118  51.053  -1.219  35.059 0.0000000000
49184  34.137  -15.322  48.060 0.0000000000
49183  34.598  -15.914  47.673 0.0000000000
46872  35.040  -16.683  48.049 0.0000000000
44456  35.080  -17.901  47.510 0.0000000000
45742  33.008  -17.460  48.152 0.0000000000
69864  51.021  2.696  30.668 0.0000000000
69865  50.560  2.576  30.743 0.0000000000
71076  50.279  2.767  31.538 0.0000000000
71059  49.991  3.034  32.226 0.0000000000
71013  50.429  2.627  33.880 0.0000000000
49319  46.548  -14.542  41.401 0.0000000000
49258  38.392  -15.682  43.980 0.0000000000
48086  40.373  -16.180  44.487 0.0000000000
46917  40.229  -16.789  45.212 0.0000000000
48085  41.125  -16.222  44.143 0.0000000000
46930  41.500  -16.363  44.274 0.0000000000
46929  42.047  -16.622  44.356 0.0000000000
46928  43.152  -16.588  43.901 0.0000000000
45794  42.519  -17.382  44.325 0.0000000000
44536  42.862  -17.885  44.044 0.0000000000
43279  42.832  -18.489  43.655 0.0000000000
74628  54.577  6.514  22.690 0.0000000000
69937  50.732  2.686  24.521 0.0000000000
71144  52.094  3.334  25.544 0.0000000000
71164  52.107  3.561  24.623 0.0000000000
73509  53.707  5.165  24.111 0.0000000000
57990  46.950  -8.643  41.080 0.0000000000
58005  46.849  -8.595  40.795 0.0000000000
58004  47.144  -7.915  40.614 0.0000000000
59188  47.229  -7.412  40.183 0.0000000000
60313  47.617  -6.461  39.918 0.0000000000
60327  47.411  -6.172  38.954 0.0000000000
62845  47.342  -3.938  35.368 0.0000000000
62838  47.384  -4.428  36.175 0.0000000000
63960  48.423  -2.530  37.674 0.0000000000
65103  48.439  -1.440  37.007 0.0000000000
65102  48.650  -1.022  37.564 0.0000000000
66208  48.956  -0.425  37.514 0.0000000000
66192  49.280  -0.701  37.892 0.0000000000
65073  49.956  -1.150  37.824 0.0000000000
62820  50.049  -2.830  38.261 0.0000000000
63958  50.544  -2.176  37.607 0.0000000000
62828  50.889  -2.524  36.997 0.0000000000
49202  35.640  -16.424  46.675 0.0000000000
49237  37.070  -16.173  44.768 0.0000000000
49236  38.000  -16.226  44.686 0.0000000000
46904  38.476  -17.199  45.663 0.0000000000
45759  37.519  -17.584  46.591 0.0000000000
45772  38.161  -17.806  46.169 0.0000000000
44501  38.754  -18.385  45.851 0.0000000000
69910  51.930  2.863  27.515 0.0000000000
72319  53.650  4.005  28.792 0.0000000000
72308  53.926  3.814  29.306 0.0000000000
72292  53.710  3.803  29.877 0.0000000000
72293  53.326  3.901  30.303 0.0000000000
72266  52.295  3.516  31.895 0.0000000000
71040  52.556  3.405  31.938 0.0000000000
69838  53.040  2.987  31.762 0.0000000000
53084  44.010  -11.865  41.096 0.0000000000
54268  45.091  -11.444  41.824 0.0000000000
54247  45.304  -11.407  42.244 0.0000000000
54289  45.626  -10.676  41.447 0.0000000000
55437  46.013  -10.219  41.635 0.0000000000
55436  46.505  -10.050  41.417 0.0000000000
56654  47.011  -9.494  41.296 0.0000000000
50581  46.733  -13.745  41.290 0.0000000000
50556  46.878  -13.186  41.444 0.0000000000
53068  47.175  -11.809  41.410 0.0000000000
51852  47.817  -12.591  40.393 0.0000000000
53083  47.586  -11.915  40.854 0.0000000000
54266  47.000  -11.414  41.591 0.0000000000
55417  47.131  -10.745  41.481 0.0000000000
55435  47.145  -10.032  41.386 0.0000000000
56671  47.104  -9.069  41.201 0.0000000000
57988  48.162  -8.251  40.801 0.0000000000
56669  48.508  -8.454  40.544 0.0000000000
57987  48.721  -8.012  40.526 0.0000000000
58014  49.722  -7.025  38.971 0.0000000000
58013  50.143  -6.694  38.361 0.0000000000
58027  50.126  -7.480  38.390 0.0000000000
55539  48.880  -9.346  37.217 0.0000000000
50519  38.357  -15.417  43.292 0.0000000000
49278  40.286  -15.599  43.149 0.0000000000
51842  43.769  -12.732  41.628 0.0000000000
51831  43.997  -12.784  42.196 0.0000000000
51819  44.221  -12.786  42.512 0.0000000000
50537  44.311  -13.556  42.680 0.0000000000
50536  44.751  -13.469  42.847 0.0000000000
49271  45.489  -13.954  42.542 0.0000000000
48146  46.236  -15.263  41.941 0.0000000000
46927  43.699  -16.144  43.640 0.0000000000
46941  44.131  -16.571  43.466 0.0000000000
46950  44.527  -17.037  43.151 0.0000000000
46940  44.698  -16.164  43.193 0.0000000000
46949  45.037  -16.588  42.863 0.0000000000
49186  30.855  -14.409  48.329 0.0000000000
75729  54.118  7.548  17.573 0.0000000000
73508  54.219  5.569  24.283 0.0000000000
74606  54.395  6.040  23.998 0.0000000000
74617  55.296  6.632  23.447 0.0000000000
58016  46.887  -8.206  40.051 0.0000000000
58028  46.732  -8.122  39.014 0.0000000000
68657  45.735  0.845  33.490 0.0000000000
68696  45.538  0.782  31.382 0.0000000000
69853  46.531  1.624  31.813 0.0000000000
71046  47.482  2.396  32.649 0.0000000000
71045  47.839  2.414  33.006 0.0000000000
69827  48.211  2.200  34.345 0.0000000000
71028  48.419  2.365  33.861 0.0000000000
69814  50.123  2.221  34.528 0.0000000000
69800  50.239  1.638  34.806 0.0000000000
68613  49.519  1.061  36.646 0.0000000000
68625  49.690  1.150  36.473 0.0000000000
65101  50.429  -0.455  36.762 0.0000000000
67456  50.098  0.839  36.530 0.0000000000
68639  50.050  1.251  35.728 0.0000000000
68638  50.298  1.210  35.047 0.0000000000
66287  51.374  -0.571  33.744 0.0000000000
65132  51.298  -1.152  34.286 0.0000000000
65146  51.281  -1.174  33.620 0.0000000000
58026  50.198  -6.843  37.783 0.0000000000
59216  49.945  -6.185  37.202 0.0000000000
59226  49.644  -6.260  36.675 0.0000000000
60351  50.085  -5.457  36.247 0.0000000000
44560  42.753  -18.311  43.903 0.0000000000
45801  43.699  -17.344  43.567 0.0000000000
45807  44.579  -17.477  42.761 0.0000000000
46855  34.507  -16.312  48.286 0.0000000000
46856  34.178  -16.345  48.460 0.0000000000
46857  33.502  -16.420  48.619 0.0000000000
48106  44.638  -15.306  43.280 0.0000000000
48148  42.450  -15.458  42.428 0.0000000000
49163  33.759  -15.391  48.465 0.0000000000
49182  35.191  -16.315  47.224 0.0000000000
50458  33.044  -14.779  48.747 0.0000000000
50582  43.902  -14.038  42.190 0.0000000000
51815  46.450  -12.133  42.181 0.0000000000
51832  43.861  -12.870  41.960 0.0000000000
53036  46.517  -11.337  42.144 0.0000000000
53037  46.248  -11.222  42.442 0.0000000000
53038  46.090  -11.064  42.618 0.0000000000
53071  43.959  -12.553  41.856 0.0000000000
53082  47.871  -11.351  40.656 0.0000000000
53128  49.083  -10.842  39.297 0.0000000000
54224  46.457  -11.051  42.190 0.0000000000
54226  45.995  -10.845  42.627 0.0000000000
54243  47.100  -11.012  41.538 0.0000000000
54244  46.856  -11.059  41.756 0.0000000000
54265  47.280  -11.061  41.365 0.0000000000
54267  45.609  -10.813  42.029 0.0000000000
54290  45.116  -11.323  41.075 0.0000000000
55405  46.174  -10.679  42.422 0.0000000000
55406  46.044  -10.637  42.416 0.0000000000
55418  47.051  -10.597  41.660 0.0000000000
55453  46.524  -9.783  41.221 0.0000000000
55476  48.768  -9.194  40.036 0.0000000000
55502  48.828  -9.972  39.877 0.0000000000
56633  47.009  -10.221  41.547 0.0000000000
56653  47.273  -9.525  41.242 0.0000000000
56672  46.804  -9.265  41.152 0.0000000000
56690  48.582  -9.103  40.227 0.0000000000
57976  47.570  -9.058  41.031 0.0000000000
59200  47.151  -7.013  39.624 0.0000000000
60311  48.413  -5.933  39.716 0.0000000000
60326  47.699  -6.093  39.497 0.0000000000
61548  48.136  -4.512  37.730 0.0000000000
65086  50.623  -1.368  37.023 0.0000000000
65089  48.545  -1.577  37.748 0.0000000000
66227  50.379  0.225  36.446 0.0000000000
67438  49.787  0.874  36.787 0.0000000000
67439  49.576  0.634  36.899 0.0000000000
67486  45.760  0.504  33.729 0.0000000000
68612  49.746  1.039  36.728 0.0000000000
68614  49.341  0.924  36.647 0.0000000000
68642  47.460  0.944  34.944 0.0000000000
69816  48.182  2.025  34.679 0.0000000000
69818  46.971  1.639  34.196 0.0000000000
69840  47.441  2.286  33.491 0.0000000000
69897  52.370  3.134  28.328 0.0000000000
71004  48.453  2.082  34.981 0.0000000000
71016  48.501  2.222  34.628 0.0000000000
71039  53.020  3.197  31.646 0.0000000000
71062  47.703  2.456  32.500 0.0000000000
71071  54.018  3.569  29.840 0.0000000000
72265  52.498  3.562  31.719 0.0000000000
72332  55.365  4.191  26.899 0.0000000000
73485  55.424  4.493  26.547 0.0000000000
