#!ascii label  , from subject sub.01.bl.01.long.sub.01.base.03 vox2ras=TkReg
922
62650  17.477  -4.410  53.962 0.0000000000
56702  10.348  -8.783  41.328 0.0000000000
55347  8.937  -8.997  53.140 0.0000000000
63843  7.480  -1.986  49.721 0.0000000000
70930  9.089  2.447  42.767 0.0000000000
60206  12.373  -5.497  54.712 0.0000000000
63801  10.858  -2.781  52.830 0.0000000000
59089  20.728  -5.330  52.268 0.0000000000
56543  14.627  -6.957  52.178 0.0000000000
54145  11.213  -9.674  51.920 0.0000000000
72059  9.035  4.169  50.916 0.0000000000
66136  8.598  -0.376  46.399 0.0000000000
73275  10.557  5.149  49.015 0.0000000000
54180  7.375  -11.129  49.412 0.0000000000
57896  9.338  -8.352  48.262 0.0000000000
60223  9.225  -5.441  51.698 0.0000000000
68451  9.929  0.734  51.214 0.0000000000
61481  11.511  -4.661  45.515 0.0000000000
62798  9.092  -2.657  41.796 0.0000000000
65099  7.964  -1.445  38.180 0.0000000000
69748  12.866  1.371  41.263 0.0000000000
61377  14.782  -4.707  54.947 0.0000000000
62653  13.292  -4.248  52.802 0.0000000000
61384  18.868  -4.657  54.048 0.0000000000
57839  18.199  -6.271  53.220 0.0000000000
59066  16.775  -6.135  55.124 0.0000000000
57823  14.018  -6.287  54.228 0.0000000000
73269  9.330  4.849  49.875 0.0000000000
54172  8.260  -10.579  50.603 0.0000000000
56557  8.981  -8.655  50.757 0.0000000000
57844  9.084  -7.274  52.436 0.0000000000
66084  11.227  -0.041  50.607 0.0000000000
66056  10.177  -0.957  52.170 0.0000000000
54137  9.697  -9.793  53.351 0.0000000000
51728  9.007  -11.681  51.035 0.0000000000
52946  8.822  -11.035  51.359 0.0000000000
51737  7.654  -12.419  50.024 0.0000000000
60241  9.591  -5.213  49.333 0.0000000000
57911  10.501  -7.559  46.492 0.0000000000
62707  9.709  -3.638  47.545 0.0000000000
68535  8.954  0.970  44.363 0.0000000000
63903  8.350  -1.584  44.193 0.0000000000
66167  8.124  -0.595  42.289 0.0000000000
62819  8.537  -2.902  39.698 0.0000000000
68596  8.566  0.442  40.598 0.0000000000
57834  10.888  -6.722  54.163 0.0000000000
60213  10.447  -5.355  54.184 0.0000000000
61391  11.696  -4.635  54.179 0.0000000000
63812  12.149  -2.568  51.821 0.0000000000
59099  21.968  -5.433  50.443 0.0000000000
57905  19.226  -5.611  47.855 0.0000000000
57861  18.810  -6.120  50.530 0.0000000000
57857  16.293  -6.739  50.710 0.0000000000
55343  12.833  -8.364  52.523 0.0000000000
56538  11.924  -7.544  53.828 0.0000000000
67307  8.453  0.578  50.167 0.0000000000
64989  8.211  -1.423  48.155 0.0000000000
68496  8.331  1.439  48.042 0.0000000000
70861  8.511  2.863  46.654 0.0000000000
72103  9.591  3.417  45.530 0.0000000000
63796  19.707  -3.394  52.965 0.0000000000
60270  24.517  -3.959  47.138 0.0000000000
62690  26.078  -2.890  49.839 0.0000000000
60220  22.957  -4.428  52.327 0.0000000000
63794  21.578  -3.399  53.295 0.0000000000
53009  7.121  -12.200  47.476 0.0000000000
55394  7.719  -10.423  46.161 0.0000000000
55369  8.228  -10.231  47.983 0.0000000000
59103  9.432  -6.854  50.538 0.0000000000
62686  8.382  -3.380  50.474 0.0000000000
61401  9.546  -4.570  52.816 0.0000000000
63813  8.953  -2.262  52.151 0.0000000000
64949  8.713  -1.284  50.881 0.0000000000
69620  9.272  2.637  51.247 0.0000000000
56613  8.074  -9.446  45.187 0.0000000000
59162  9.733  -7.678  44.091 0.0000000000
59168  11.464  -6.540  42.459 0.0000000000
62734  8.919  -2.315  45.747 0.0000000000
62764  10.690  -3.373  43.365 0.0000000000
62804  11.954  -4.581  40.457 0.0000000000
60334  9.947  -4.935  38.439 0.0000000000
61553  8.512  -4.897  37.489 0.0000000000
73282  12.999  5.057  48.217 0.0000000000
70889  11.402  2.789  44.877 0.0000000000
70908  13.336  2.683  43.980 0.0000000000
69732  10.408  2.268  42.111 0.0000000000
67418  9.486  0.405  39.692 0.0000000000
61387  15.620  -4.333  54.285 0.0000000000
61399  15.920  -4.720  53.341 0.0000000000
61406  17.528  -4.405  52.636 0.0000000000
61385  17.880  -4.715  54.277 0.0000000000
60211  18.174  -5.379  54.470 0.0000000000
61375  16.978  -4.908  55.103 0.0000000000
60203  15.219  -5.308  55.127 0.0000000000
54326  10.871  -9.962  40.324 0.0000000000
58025  11.423  -7.490  39.764 0.0000000000
55352  8.609  -9.348  51.861 0.0000000000
56553  8.726  -8.405  51.783 0.0000000000
56547  8.783  -8.222  52.667 0.0000000000
57920  21.557  -5.376  46.321 0.0000000000
54138  9.079  -9.694  53.358 0.0000000000
52918  8.914  -10.263  52.945 0.0000000000
54148  8.666  -9.842  52.804 0.0000000000
54161  8.558  -10.180  51.355 0.0000000000
61432  8.987  -4.211  49.381 0.0000000000
61443  9.537  -4.401  48.757 0.0000000000
62699  8.596  -2.922  48.761 0.0000000000
69701  8.470  1.759  43.243 0.0000000000
67388  8.097  0.818  43.206 0.0000000000
68563  8.010  0.923  42.046 0.0000000000
67404  8.411  0.160  41.030 0.0000000000
69734  8.390  1.761  41.540 0.0000000000
57826  11.376  -6.366  54.479 0.0000000000
59072  11.171  -5.771  54.893 0.0000000000
61380  12.047  -5.051  54.565 0.0000000000
62667  13.201  -3.855  52.035 0.0000000000
64976  13.026  -0.979  49.698 0.0000000000
59094  20.889  -5.388  51.429 0.0000000000
57869  20.432  -5.594  50.132 0.0000000000
57853  19.626  -5.634  51.570 0.0000000000
57841  15.856  -6.798  52.572 0.0000000000
57849  17.080  -6.603  51.928 0.0000000000
56542  15.385  -7.014  51.724 0.0000000000
56544  13.640  -7.443  52.497 0.0000000000
59069  13.590  -5.891  54.534 0.0000000000
56532  12.363  -6.966  53.779 0.0000000000
56533  11.969  -6.814  53.993 0.0000000000
56539  11.262  -7.270  53.976 0.0000000000
69626  8.758  2.511  50.228 0.0000000000
68484  8.448  1.502  48.978 0.0000000000
70828  8.888  3.326  49.906 0.0000000000
73276  9.877  5.037  48.985 0.0000000000
72071  9.336  3.966  48.808 0.0000000000
72080  9.451  3.583  47.627 0.0000000000
72092  9.141  3.485  46.330 0.0000000000
72079  10.122  4.001  47.608 0.0000000000
60224  23.922  -4.458  51.622 0.0000000000
53008  7.224  -11.846  47.885 0.0000000000
54194  7.416  -11.225  47.674 0.0000000000
55364  7.691  -10.689  49.176 0.0000000000
57851  9.108  -7.514  51.363 0.0000000000
57858  9.269  -7.516  50.855 0.0000000000
59096  9.298  -6.558  50.974 0.0000000000
60233  9.448  -5.528  50.186 0.0000000000
61417  8.705  -4.452  51.166 0.0000000000
61393  10.799  -4.806  53.863 0.0000000000
61400  10.289  -4.787  53.282 0.0000000000
63802  10.313  -2.881  52.884 0.0000000000
67281  9.937  -0.232  51.577 0.0000000000
64930  9.395  -1.515  52.201 0.0000000000
66064  9.512  -0.631  51.575 0.0000000000
63826  8.548  -2.007  51.522 0.0000000000
66074  9.217  -0.297  50.922 0.0000000000
67295  9.167  0.806  51.089 0.0000000000
68460  9.522  1.434  51.299 0.0000000000
57906  18.274  -5.575  47.793 0.0000000000
57923  18.843  -5.619  46.898 0.0000000000
54159  11.343  -9.855  51.091 0.0000000000
52958  11.164  -10.603  49.903 0.0000000000
52959  10.280  -11.305  50.299 0.0000000000
50439  8.472  -12.379  50.653 0.0000000000
50453  8.718  -12.699  50.096 0.0000000000
52962  7.506  -11.701  49.718 0.0000000000
51745  6.734  -12.582  49.089 0.0000000000
56589  8.332  -9.701  46.730 0.0000000000
56600  7.776  -9.944  45.451 0.0000000000
57931  8.556  -9.269  46.068 0.0000000000
60273  11.369  -5.732  46.302 0.0000000000
57928  10.293  -7.687  45.524 0.0000000000
59145  11.341  -6.299  45.337 0.0000000000
59170  9.806  -7.445  43.333 0.0000000000
60289  11.767  -5.494  43.895 0.0000000000
64999  8.547  -0.887  46.943 0.0000000000
63873  8.630  -1.637  46.939 0.0000000000
63880  8.567  -1.562  46.052 0.0000000000
62784  8.855  -2.679  42.887 0.0000000000
62766  9.177  -3.041  43.706 0.0000000000
62782  10.110  -3.042  42.497 0.0000000000
62780  11.998  -3.777  42.251 0.0000000000
62796  10.348  -2.874  41.367 0.0000000000
62815  11.040  -4.210  39.500 0.0000000000
61526  9.458  -3.655  39.886 0.0000000000
63956  8.293  -2.261  38.898 0.0000000000
62827  8.314  -3.315  38.401 0.0000000000
63963  7.922  -2.579  37.690 0.0000000000
73285  14.275  5.082  47.264 0.0000000000
70859  12.455  3.387  46.555 0.0000000000
70873  13.110  3.110  45.827 0.0000000000
69712  14.011  2.422  42.182 0.0000000000
69713  13.117  2.105  42.463 0.0000000000
69714  12.150  2.092  42.611 0.0000000000
69731  11.477  1.964  41.993 0.0000000000
68576  10.329  1.253  40.732 0.0000000000
68575  11.245  1.043  40.763 0.0000000000
61378  13.897  -5.257  54.378 0.0000000000
61389  13.366  -5.108  53.902 0.0000000000
62638  14.836  -4.761  53.674 0.0000000000
60208  20.044  -5.140  53.492 0.0000000000
57846  19.303  -5.509  52.430 0.0000000000
59075  18.443  -5.776  53.831 0.0000000000
57829  17.365  -6.461  53.890 0.0000000000
59078  15.913  -6.396  54.138 0.0000000000
57831  14.880  -6.487  53.611 0.0000000000
57822  14.796  -6.138  54.298 0.0000000000
60204  14.297  -5.330  54.540 0.0000000000
73257  9.290  5.561  51.394 0.0000000000
73264  9.040  4.319  50.128 0.0000000000
73262  9.527  5.492  50.459 0.0000000000
74392  9.997  5.913  50.206 0.0000000000
74391  10.863  6.571  50.286 0.0000000000
54173  7.759  -10.931  49.960 0.0000000000
55359  8.338  -10.128  49.958 0.0000000000
55356  8.566  -9.550  51.065 0.0000000000
57845  8.922  -7.321  51.918 0.0000000000
59087  9.230  -6.430  52.098 0.0000000000
64937  11.297  -1.549  51.722 0.0000000000
64928  10.488  -1.851  52.531 0.0000000000
66062  10.812  -1.106  51.594 0.0000000000
67288  10.229  0.478  51.119 0.0000000000
68458  10.175  1.635  51.340 0.0000000000
69612  10.103  2.729  51.639 0.0000000000
54146  10.440  -10.135  52.291 0.0000000000
52944  9.823  -10.956  51.407 0.0000000000
51715  9.315  -10.648  52.108 0.0000000000
51717  8.947  -11.211  51.467 0.0000000000
50440  8.126  -12.591  50.661 0.0000000000
50455  7.729  -13.126  50.200 0.0000000000
51730  7.975  -12.159  50.607 0.0000000000
52961  7.897  -11.502  50.349 0.0000000000
59111  10.024  -6.685  49.119 0.0000000000
57912  9.900  -8.136  47.018 0.0000000000
60251  10.105  -5.525  48.736 0.0000000000
61451  10.785  -4.960  47.374 0.0000000000
61467  10.286  -3.897  46.862 0.0000000000
68523  9.183  0.795  45.233 0.0000000000
66143  7.964  -0.892  44.961 0.0000000000
66152  7.999  -0.574  44.290 0.0000000000
65039  8.274  -1.064  43.078 0.0000000000
63925  8.178  -1.456  41.996 0.0000000000
62809  8.739  -2.437  40.937 0.0000000000
65060  7.929  -1.577  41.220 0.0000000000
66189  7.926  -0.699  40.065 0.0000000000
67437  8.165  -0.257  39.510 0.0000000000
69747  13.858  1.543  41.000 0.0000000000
68591  11.659  0.566  40.074 0.0000000000
67414  13.052  -0.159  39.318 0.0000000000
56541  10.000  -7.694  53.708 0.0000000000
57836  9.778  -6.999  53.667 0.0000000000
59079  10.619  -5.823  54.614 0.0000000000
61392  11.177  -4.657  54.206 0.0000000000
63791  11.466  -3.926  52.947 0.0000000000
62640  12.839  -4.542  53.447 0.0000000000
62655  11.772  -3.696  52.886 0.0000000000
64926  11.611  -2.296  52.193 0.0000000000
64947  11.844  -1.250  50.987 0.0000000000
59122  22.129  -5.479  48.713 0.0000000000
57903  21.453  -5.542  47.763 0.0000000000
57887  20.714  -5.623  49.012 0.0000000000
57855  17.954  -6.262  51.247 0.0000000000
57863  17.064  -6.344  50.181 0.0000000000
57874  16.083  -6.291  49.089 0.0000000000
54143  12.540  -8.988  51.227 0.0000000000
54134  11.879  -8.982  52.388 0.0000000000
56545  13.030  -7.684  53.010 0.0000000000
55344  12.134  -8.507  52.919 0.0000000000
54135  11.051  -9.201  52.618 0.0000000000
54130  10.822  -8.643  53.343 0.0000000000
55341  10.188  -8.108  53.659 0.0000000000
66087  7.403  -0.920  49.394 0.0000000000
64978  7.557  -1.523  48.661 0.0000000000
66098  8.046  -0.397  49.112 0.0000000000
66111  8.234  -0.357  48.415 0.0000000000
68506  8.438  1.317  47.050 0.0000000000
70836  9.040  3.394  48.979 0.0000000000
69653  8.356  2.254  47.378 0.0000000000
68514  9.009  1.132  46.141 0.0000000000
69671  9.005  1.801  45.180 0.0000000000
70892  8.548  3.045  44.975 0.0000000000
72131  9.269  2.745  43.889 0.0000000000
62648  18.987  -3.657  53.534 0.0000000000
59120  23.561  -4.966  48.036 0.0000000000
63867  26.509  -1.572  47.828 0.0000000000
64984  26.614  -1.347  48.978 0.0000000000
62705  26.231  -2.007  48.177 0.0000000000
61449  25.386  -3.048  48.384 0.0000000000
60250  24.262  -4.553  48.645 0.0000000000
59107  23.653  -5.104  49.068 0.0000000000
59092  22.597  -5.203  51.067 0.0000000000
60221  22.245  -4.726  52.557 0.0000000000
62644  22.550  -3.971  53.085 0.0000000000
60215  21.383  -4.784  53.138 0.0000000000
62632  20.290  -4.362  53.905 0.0000000000
62647  19.834  -3.477  53.866 0.0000000000
55381  7.744  -10.735  47.293 0.0000000000
56565  8.679  -9.302  48.596 0.0000000000
56562  8.840  -9.148  49.658 0.0000000000
56561  9.170  -8.397  49.304 0.0000000000
57867  9.563  -7.616  49.643 0.0000000000
60232  9.731  -5.926  49.760 0.0000000000
61423  8.728  -4.424  50.313 0.0000000000
63852  8.036  -2.500  49.805 0.0000000000
59085  9.570  -6.275  53.405 0.0000000000
60218  9.455  -5.504  52.902 0.0000000000
61402  9.219  -4.836  52.481 0.0000000000
63803  9.562  -2.564  52.630 0.0000000000
62668  9.038  -3.391  52.568 0.0000000000
62669  8.559  -3.678  52.164 0.0000000000
62679  8.440  -3.386  51.371 0.0000000000
63842  8.062  -2.294  50.452 0.0000000000
64963  8.118  -1.327  50.392 0.0000000000
66085  8.590  -0.390  50.428 0.0000000000
68473  8.659  1.615  50.554 0.0000000000
70823  9.132  3.494  51.096 0.0000000000
69613  9.715  2.867  51.537 0.0000000000
72047  9.535  4.217  51.763 0.0000000000
72054  9.291  5.197  52.020 0.0000000000
51758  10.194  -11.994  48.451 0.0000000000
52960  9.613  -11.764  50.430 0.0000000000
57929  9.783  -8.193  45.935 0.0000000000
57964  9.209  -8.228  44.398 0.0000000000
57998  10.258  -7.669  41.816 0.0000000000
62700  8.637  -2.260  48.091 0.0000000000
62719  9.189  -2.755  46.669 0.0000000000
62732  9.770  -3.182  45.575 0.0000000000
62752  8.516  -2.041  44.954 0.0000000000
62749  9.801  -3.189  44.564 0.0000000000
61494  11.159  -3.738  44.539 0.0000000000
61504  12.079  -4.593  43.192 0.0000000000
60303  12.228  -5.887  41.784 0.0000000000
59183  11.623  -6.473  40.593 0.0000000000
60322  11.619  -6.162  39.388 0.0000000000
62818  8.778  -3.830  39.174 0.0000000000
61545  8.927  -4.827  38.107 0.0000000000
74397  11.680  6.028  49.540 0.0000000000
74396  12.613  6.723  49.107 0.0000000000
72067  11.684  4.804  48.522 0.0000000000
72089  11.744  3.828  47.310 0.0000000000
70875  10.905  3.164  45.697 0.0000000000
70910  10.169  2.740  44.146 0.0000000000
70888  12.532  2.774  44.768 0.0000000000
69699  11.109  2.412  43.522 0.0000000000
70946  9.549  2.386  42.214 0.0000000000
69752  9.102  1.550  40.950 0.0000000000
68610  8.942  0.514  40.009 0.0000000000
67455  8.572  -0.435  38.540 0.0000000000
67453  9.388  -0.444  38.342 0.0000000000
61386  16.947  -4.418  54.468 0.0000000000
61398  17.038  -4.480  53.523 0.0000000000
61397  17.843  -4.439  53.007 0.0000000000
62636  17.753  -4.450  54.038 0.0000000000
55496  10.651  -9.484  40.712 0.0000000000
56721  11.109  -8.552  40.310 0.0000000000
55351  8.585  -9.212  52.527 0.0000000000
59144  22.306  -5.595  46.944 0.0000000000
54149  8.680  -9.946  52.059 0.0000000000
63861  8.175  -2.476  49.266 0.0000000000
72155  8.756  2.283  43.266 0.0000000000
69717  8.163  1.742  42.611 0.0000000000
70932  8.100  2.019  42.209 0.0000000000
69735  8.218  1.504  41.675 0.0000000000
70948  8.376  2.131  41.913 0.0000000000
59071  11.878  -5.932  54.888 0.0000000000
60207  11.627  -5.345  54.977 0.0000000000
57852  20.293  -5.541  51.380 0.0000000000
59095  20.308  -5.466  51.733 0.0000000000
56550  14.598  -7.326  51.349 0.0000000000
56551  13.983  -7.502  51.852 0.0000000000
59070  12.657  -5.966  54.632 0.0000000000
57824  12.840  -6.504  54.200 0.0000000000
57825  12.054  -6.387  54.476 0.0000000000
56534  11.641  -6.653  54.216 0.0000000000
70824  8.932  3.376  50.587 0.0000000000
72070  9.779  4.268  48.491 0.0000000000
72069  10.333  4.518  48.439 0.0000000000
54187  7.207  -11.259  48.660 0.0000000000
59091  9.246  -6.476  51.536 0.0000000000
60227  9.263  -5.436  51.023 0.0000000000
63793  10.807  -3.623  52.810 0.0000000000
62656  10.614  -4.172  52.906 0.0000000000
67282  9.842  -0.065  51.398 0.0000000000
66057  9.751  -0.797  52.066 0.0000000000
67289  9.570  0.307  51.175 0.0000000000
68452  9.761  0.595  51.195 0.0000000000
54171  11.043  -10.495  50.617 0.0000000000
54160  10.693  -10.432  51.304 0.0000000000
50454  8.112  -13.162  50.343 0.0000000000
49159  8.069  -13.882  49.734 0.0000000000
52976  7.090  -11.807  49.205 0.0000000000
52993  6.984  -11.941  48.689 0.0000000000
56588  8.654  -9.109  47.091 0.0000000000
56598  8.523  -9.336  46.428 0.0000000000
57913  9.237  -8.524  47.492 0.0000000000
61465  11.425  -5.004  46.069 0.0000000000
60272  11.495  -5.406  45.661 0.0000000000
59152  11.280  -6.450  44.367 0.0000000000
60283  11.577  -5.424  44.889 0.0000000000
65008  8.536  -1.243  46.475 0.0000000000
65007  8.462  -0.871  46.023 0.0000000000
62783  9.345  -3.001  42.672 0.0000000000
62797  9.553  -2.836  41.564 0.0000000000
62806  10.424  -3.114  40.083 0.0000000000
62807  9.568  -3.122  40.538 0.0000000000
73280  14.202  5.709  47.373 0.0000000000
72087  14.111  4.328  46.862 0.0000000000
72101  14.347  4.201  46.263 0.0000000000
69729  13.432  1.924  41.691 0.0000000000
69730  12.468  1.826  41.889 0.0000000000
69749  11.839  1.426  41.365 0.0000000000
61388  14.463  -4.939  54.156 0.0000000000
61408  15.618  -4.759  52.394 0.0000000000
60209  19.641  -5.027  53.679 0.0000000000
59074  19.243  -5.305  53.517 0.0000000000
60210  18.962  -5.110  53.892 0.0000000000
59065  17.361  -6.050  55.227 0.0000000000
59076  17.682  -6.263  54.676 0.0000000000
59077  16.642  -6.475  54.460 0.0000000000
57830  16.339  -6.513  53.646 0.0000000000
59067  15.645  -6.058  54.665 0.0000000000
74386  9.895  6.655  50.815 0.0000000000
74385  10.447  6.932  50.632 0.0000000000
56548  8.747  -7.805  52.233 0.0000000000
66073  11.222  -0.726  51.045 0.0000000000
67287  10.613  -0.040  50.963 0.0000000000
68457  10.613  1.534  50.994 0.0000000000
68450  10.083  0.596  51.209 0.0000000000
69611  10.492  2.605  51.478 0.0000000000
54147  9.933  -10.155  52.827 0.0000000000
52929  9.654  -10.519  52.185 0.0000000000
52931  8.943  -10.498  52.092 0.0000000000
51716  9.114  -10.863  51.852 0.0000000000
51729  8.564  -11.766  50.902 0.0000000000
60240  9.866  -5.939  49.384 0.0000000000
59124  10.360  -6.761  48.435 0.0000000000
61453  9.523  -3.708  48.038 0.0000000000
61442  9.892  -4.789  48.584 0.0000000000
61452  10.186  -4.380  47.775 0.0000000000
66151  8.157  -0.260  44.653 0.0000000000
67381  8.256  0.556  43.976 0.0000000000
66166  8.076  -0.190  42.553 0.0000000000
66158  8.027  -0.507  43.117 0.0000000000
65046  8.202  -1.108  42.485 0.0000000000
63924  8.462  -1.819  42.470 0.0000000000
63935  8.239  -1.855  41.391 0.0000000000
65061  7.863  -1.207  41.335 0.0000000000
66179  8.112  -0.350  40.661 0.0000000000
67421  8.266  -0.033  40.268 0.0000000000
67420  8.502  0.206  39.992 0.0000000000
69728  14.362  2.100  41.448 0.0000000000
68572  14.351  1.135  40.412 0.0000000000
68573  13.343  0.880  40.624 0.0000000000
57835  10.426  -6.653  54.075 0.0000000000
61381  11.467  -4.874  54.751 0.0000000000
60212  10.825  -4.995  55.023 0.0000000000
62642  11.373  -4.367  53.475 0.0000000000
62639  13.846  -4.831  53.436 0.0000000000
63798  12.645  -3.727  52.448 0.0000000000
63799  12.039  -3.197  52.466 0.0000000000
64936  11.761  -1.856  51.580 0.0000000000
63825  12.304  -2.090  51.143 0.0000000000
59109  22.104  -5.391  49.633 0.0000000000
59123  21.553  -5.475  49.178 0.0000000000
59110  21.312  -5.437  49.832 0.0000000000
57860  19.604  -5.875  50.699 0.0000000000
57870  19.651  -5.884  49.806 0.0000000000
57871  18.772  -6.035  49.658 0.0000000000
57847  18.666  -5.807  52.241 0.0000000000
57848  18.007  -6.345  52.175 0.0000000000
57856  17.111  -6.514  51.012 0.0000000000
57864  16.156  -6.498  49.955 0.0000000000
56558  15.618  -6.746  50.034 0.0000000000
56556  14.327  -7.573  50.327 0.0000000000
55350  13.103  -8.541  51.678 0.0000000000
54133  12.495  -8.928  51.936 0.0000000000
54144  11.903  -9.322  51.584 0.0000000000
56536  13.571  -6.992  53.164 0.0000000000
57832  13.413  -6.699  53.739 0.0000000000
56537  12.654  -7.394  53.503 0.0000000000
55338  11.931  -8.278  53.435 0.0000000000
54128  11.582  -8.690  52.899 0.0000000000
54129  11.147  -8.698  53.165 0.0000000000
55339  11.284  -8.208  53.652 0.0000000000
55340  10.528  -8.392  53.573 0.0000000000
56540  10.536  -7.478  53.891 0.0000000000
66086  8.070  -0.557  49.785 0.0000000000
67319  8.340  0.517  49.439 0.0000000000
67330  8.366  0.518  48.643 0.0000000000
67342  8.431  0.486  47.755 0.0000000000
73270  9.138  4.418  49.860 0.0000000000
72064  8.995  3.965  49.771 0.0000000000
72072  9.162  4.061  49.385 0.0000000000
70847  8.913  3.021  47.761 0.0000000000
70846  9.200  3.544  48.403 0.0000000000
69662  8.563  2.075  46.319 0.0000000000
72091  9.839  3.610  46.627 0.0000000000
72104  8.762  3.300  45.336 0.0000000000
72115  8.818  2.995  44.358 0.0000000000
72114  9.306  3.206  44.580 0.0000000000
63797  19.154  -3.285  52.690 0.0000000000
64924  19.299  -2.774  52.307 0.0000000000
60271  23.883  -4.230  46.578 0.0000000000
60259  24.021  -4.455  47.590 0.0000000000
63829  26.190  -2.265  50.157 0.0000000000
64951  26.287  -1.866  49.731 0.0000000000
63846  26.230  -2.143  49.493 0.0000000000
62697  26.354  -1.971  48.590 0.0000000000
62698  26.010  -2.429  48.868 0.0000000000
61439  25.545  -3.303  49.408 0.0000000000
60239  24.276  -4.549  49.797 0.0000000000
61414  23.836  -4.423  51.893 0.0000000000
60225  23.228  -4.679  51.737 0.0000000000
60226  22.323  -5.058  51.738 0.0000000000
62661  22.316  -3.271  53.084 0.0000000000
62645  22.085  -3.768  53.418 0.0000000000
60214  21.919  -4.565  53.162 0.0000000000
61395  21.587  -4.283  53.440 0.0000000000
61396  20.836  -4.491  53.579 0.0000000000
62646  20.862  -3.843  53.720 0.0000000000
51787  6.975  -12.724  46.512 0.0000000000
53024  7.182  -11.919  46.885 0.0000000000
55370  7.670  -10.712  48.335 0.0000000000
55363  8.238  -10.104  48.977 0.0000000000
57868  9.400  -7.913  50.194 0.0000000000
59112  9.791  -7.062  49.519 0.0000000000
59102  9.640  -6.756  49.996 0.0000000000
62691  8.444  -3.304  49.679 0.0000000000
59080  10.099  -6.079  54.041 0.0000000000
64929  9.945  -1.730  52.520 0.0000000000
62678  8.504  -2.865  51.923 0.0000000000
63841  8.289  -1.895  50.925 0.0000000000
68466  8.948  1.653  51.106 0.0000000000
67306  8.808  0.683  50.756 0.0000000000
69625  8.917  2.571  50.853 0.0000000000
57904  20.240  -5.575  47.845 0.0000000000
57922  19.730  -5.479  46.835 0.0000000000
52975  10.357  -11.469  49.544 0.0000000000
52974  10.723  -11.083  49.328 0.0000000000
52945  9.536  -11.529  50.738 0.0000000000
51736  9.269  -12.029  50.536 0.0000000000
51773  7.008  -12.419  47.878 0.0000000000
51774  6.815  -12.718  47.388 0.0000000000
55404  7.481  -10.330  45.200 0.0000000000
56614  7.703  -9.798  44.819 0.0000000000
56631  8.120  -9.351  44.473 0.0000000000
59135  10.566  -7.208  47.539 0.0000000000
59154  9.809  -7.722  44.567 0.0000000000
57949  9.713  -7.853  45.018 0.0000000000
57973  8.535  -8.907  43.959 0.0000000000
57971  9.436  -7.910  43.355 0.0000000000
59169  10.576  -7.040  42.951 0.0000000000
59178  9.977  -7.272  42.735 0.0000000000
57982  9.917  -7.481  42.423 0.0000000000
59177  10.572  -6.989  42.129 0.0000000000
63862  8.154  -2.024  48.616 0.0000000000
63868  8.544  -1.753  47.810 0.0000000000
62721  8.701  -1.892  46.539 0.0000000000
62720  8.860  -2.269  46.625 0.0000000000
62717  10.261  -3.598  46.268 0.0000000000
62733  9.311  -2.746  45.701 0.0000000000
63892  8.326  -1.598  45.183 0.0000000000
62768  8.558  -2.119  44.037 0.0000000000
62765  9.881  -3.228  43.538 0.0000000000
62748  10.586  -3.471  44.405 0.0000000000
62747  11.152  -3.631  44.022 0.0000000000
61493  11.612  -4.312  44.367 0.0000000000
62763  11.476  -3.760  43.283 0.0000000000
62794  12.076  -4.172  41.139 0.0000000000
61513  12.475  -4.835  42.073 0.0000000000
61518  12.411  -5.088  40.983 0.0000000000
59176  11.546  -6.546  41.497 0.0000000000
60310  12.062  -5.912  40.761 0.0000000000
59195  11.641  -6.406  40.164 0.0000000000
60321  11.758  -5.924  39.829 0.0000000000
61537  10.487  -4.470  39.141 0.0000000000
60341  10.099  -5.538  38.047 0.0000000000
61539  9.099  -3.844  39.846 0.0000000000
62826  8.491  -4.276  37.984 0.0000000000
62825  8.701  -4.559  38.132 0.0000000000
61552  8.786  -5.301  37.618 0.0000000000
60349  8.482  -5.519  37.305 0.0000000000
74395  13.197  6.546  48.418 0.0000000000
73272  13.160  5.875  48.417 0.0000000000
73273  12.299  5.393  48.808 0.0000000000
72076  12.350  4.499  48.034 0.0000000000
72077  11.509  4.371  48.046 0.0000000000
70874  11.968  3.026  45.713 0.0000000000
70860  11.530  3.376  46.419 0.0000000000
70890  10.537  2.866  44.744 0.0000000000
69680  10.501  2.637  44.215 0.0000000000
70907  14.614  3.141  43.932 0.0000000000
70886  14.855  3.880  45.177 0.0000000000
70887  13.826  3.086  44.989 0.0000000000
69715  11.253  2.301  42.744 0.0000000000
69698  11.885  2.285  43.348 0.0000000000
69716  10.566  2.564  43.024 0.0000000000
69733  9.813  2.193  41.821 0.0000000000
70961  9.244  2.087  41.577 0.0000000000
69751  9.827  1.822  41.357 0.0000000000
68593  9.902  0.798  40.209 0.0000000000
68594  9.222  0.871  40.360 0.0000000000
67419  9.134  0.474  39.858 0.0000000000
67435  8.966  0.110  39.299 0.0000000000
67416  11.099  0.342  39.358 0.0000000000
62637  15.374  -4.564  53.716 0.0000000000
61407  16.706  -4.558  52.382 0.0000000000
61374  17.601  -5.237  54.956 0.0000000000
60201  17.133  -5.591  55.332 0.0000000000
60202  16.262  -5.461  55.349 0.0000000000
61376  15.955  -4.638  55.185 0.0000000000
56720  11.549  -8.759  39.667 0.0000000000
56552  8.586  -8.798  52.241 0.0000000000
52917  9.201  -10.194  53.260 0.0000000000
52932  8.740  -10.552  51.558 0.0000000000
60252  9.730  -4.972  48.865 0.0000000000
61444  9.128  -3.519  48.471 0.0000000000
61454  9.183  -3.316  47.933 0.0000000000
68548  8.467  1.199  43.611 0.0000000000
68554  8.211  1.368  43.014 0.0000000000
67389  8.046  0.378  42.606 0.0000000000
67390  8.228  -0.015  42.193 0.0000000000
67397  8.273  -0.168  41.668 0.0000000000
67396  8.271  0.438  41.773 0.0000000000
68579  8.400  0.984  41.191 0.0000000000
68578  8.603  1.110  40.933 0.0000000000
57827  10.878  -6.194  54.515 0.0000000000
62685  13.072  -3.055  50.911 0.0000000000
63839  13.105  -2.371  50.388 0.0000000000
63840  12.465  -1.640  50.628 0.0000000000
63851  13.299  -1.589  49.783 0.0000000000
59100  21.118  -5.416  50.645 0.0000000000
57840  17.163  -6.519  52.944 0.0000000000
57850  16.250  -6.918  51.514 0.0000000000
56549  15.521  -7.137  51.052 0.0000000000
55342  13.513  -8.027  52.013 0.0000000000
57833  12.771  -6.857  53.787 0.0000000000
68474  8.510  1.556  49.829 0.0000000000
69632  8.692  2.475  49.411 0.0000000000
73277  9.492  4.671  49.208 0.0000000000
73278  9.281  4.413  49.438 0.0000000000
72081  8.924  3.239  46.868 0.0000000000
60229  24.054  -4.478  50.977 0.0000000000
61413  24.390  -4.082  51.664 0.0000000000
61403  24.101  -4.013  52.171 0.0000000000
53023  7.340  -11.538  47.218 0.0000000000
60217  9.896  -5.443  53.511 0.0000000000
62657  9.924  -3.734  52.796 0.0000000000
64938  9.084  -1.360  51.542 0.0000000000
54170  11.550  -10.027  50.362 0.0000000000
51738  7.217  -12.502  49.509 0.0000000000
51759  6.848  -12.420  48.431 0.0000000000
55393  8.069  -10.045  46.440 0.0000000000
56599  8.205  -9.720  45.967 0.0000000000
57951  8.529  -9.098  45.607 0.0000000000
59134  10.960  -6.504  46.913 0.0000000000
59146  11.081  -7.047  45.913 0.0000000000
59153  10.489  -7.404  44.807 0.0000000000
59171  9.523  -7.830  43.662 0.0000000000
59161  10.525  -7.135  43.789 0.0000000000
59160  11.397  -6.508  43.418 0.0000000000
66126  8.400  -1.019  47.714 0.0000000000
65000  8.526  -1.324  47.385 0.0000000000
62735  8.668  -1.926  45.825 0.0000000000
62785  8.600  -2.218  43.123 0.0000000000
62781  11.050  -3.222  42.357 0.0000000000
62795  11.366  -3.302  41.177 0.0000000000
62805  11.388  -4.007  40.140 0.0000000000
61524  11.694  -4.620  40.049 0.0000000000
62816  10.695  -3.822  39.557 0.0000000000
61525  10.004  -3.825  39.470 0.0000000000
62833  8.264  -4.480  37.333 0.0000000000
73281  13.753  5.247  47.745 0.0000000000
72075  13.264  4.542  47.691 0.0000000000
72088  12.938  3.898  47.269 0.0000000000
70858  13.486  3.646  46.544 0.0000000000
69696  13.800  2.501  43.094 0.0000000000
69697  12.787  2.294  43.235 0.0000000000
69750  10.818  1.588  41.418 0.0000000000
68592  10.720  0.731  40.107 0.0000000000
60205  13.249  -5.544  54.418 0.0000000000
61379  12.841  -5.272  54.294 0.0000000000
62666  14.012  -4.187  52.238 0.0000000000
59082  19.892  -5.410  53.008 0.0000000000
59090  19.971  -5.459  52.176 0.0000000000
57837  19.211  -5.536  52.897 0.0000000000
57838  18.774  -5.747  52.902 0.0000000000
57828  17.965  -6.290  53.985 0.0000000000
57842  14.913  -6.724  52.792 0.0000000000
59068  14.598  -5.769  54.583 0.0000000000
73258  9.177  4.754  51.146 0.0000000000
72060  8.941  4.023  50.325 0.0000000000
73263  9.174  4.715  50.539 0.0000000000
73268  9.684  5.278  49.723 0.0000000000
73267  10.266  5.588  49.643 0.0000000000
74398  10.909  5.654  49.581 0.0000000000
55360  7.771  -10.754  49.596 0.0000000000
64927  11.029  -1.799  52.361 0.0000000000
66054  10.777  -1.405  51.973 0.0000000000
66055  10.547  -1.164  51.935 0.0000000000
66063  10.470  -0.458  51.436 0.0000000000
67280  10.213  -0.311  51.562 0.0000000000
68459  9.901  1.690  51.422 0.0000000000
51727  9.335  -10.924  51.736 0.0000000000
52930  9.327  -10.395  52.615 0.0000000000
52947  8.459  -11.133  50.936 0.0000000000
57877  10.038  -7.312  48.726 0.0000000000
57895  10.033  -7.912  48.156 0.0000000000
60261  10.733  -5.804  47.819 0.0000000000
60260  11.049  -5.452  47.068 0.0000000000
61466  11.008  -4.365  46.516 0.0000000000
67362  8.865  0.203  45.789 0.0000000000
66142  8.314  -0.545  45.321 0.0000000000
65038  8.165  -1.063  43.802 0.0000000000
67382  7.908  0.119  43.579 0.0000000000
63904  8.372  -1.373  43.452 0.0000000000
62799  8.692  -2.255  42.117 0.0000000000
62808  9.036  -3.248  40.511 0.0000000000
63945  8.227  -2.089  40.174 0.0000000000
66180  7.906  -0.671  41.000 0.0000000000
65071  7.881  -1.447  40.610 0.0000000000
65085  8.058  -1.439  39.467 0.0000000000
66205  8.038  -0.827  39.013 0.0000000000
66225  7.990  -0.845  38.379 0.0000000000
68574  12.260  0.887  40.739 0.0000000000
68589  13.975  0.343  39.887 0.0000000000
56546  9.408  -8.025  53.297 0.0000000000
62643  11.041  -4.387  53.266 0.0000000000
63792  11.136  -3.779  52.794 0.0000000000
61390  12.427  -4.783  54.040 0.0000000000
62641  11.937  -4.239  53.482 0.0000000000
62654  12.378  -3.944  52.941 0.0000000000
63800  11.377  -3.035  52.720 0.0000000000
64948  11.497  -1.371  51.365 0.0000000000
66072  11.567  -0.821  50.887 0.0000000000
64962  12.342  -1.018  50.385 0.0000000000
57886  21.473  -5.520  48.676 0.0000000000
57888  19.564  -5.884  48.825 0.0000000000
57889  18.588  -5.784  48.754 0.0000000000
57890  17.611  -5.655  48.641 0.0000000000
57854  18.755  -6.001  51.380 0.0000000000
57862  17.943  -6.147  50.396 0.0000000000
57873  16.909  -6.054  49.347 0.0000000000
56559  15.182  -7.018  49.981 0.0000000000
54157  12.562  -9.055  50.416 0.0000000000
56535  14.281  -6.808  52.819 0.0000000000
55337  12.544  -8.121  53.169 0.0000000000
54136  10.466  -9.334  53.146 0.0000000000
55345  10.074  -9.129  53.408 0.0000000000
55346  9.713  -8.779  53.464 0.0000000000
64965  7.135  -1.506  49.263 0.0000000000
63853  7.553  -2.076  49.194 0.0000000000
66099  7.486  -0.907  48.800 0.0000000000
66112  7.994  -0.968  48.239 0.0000000000
66125  8.467  -0.413  47.505 0.0000000000
67354  8.606  0.395  46.776 0.0000000000
69643  8.578  2.388  48.433 0.0000000000
70835  9.179  3.672  48.745 0.0000000000
72093  8.620  3.262  46.053 0.0000000000
70878  8.492  2.863  45.532 0.0000000000
69681  8.841  1.760  44.048 0.0000000000
72116  8.886  2.550  43.969 0.0000000000
72133  8.903  2.414  43.548 0.0000000000
72153  9.188  2.547  43.349 0.0000000000
62649  18.175  -4.297  53.458 0.0000000000
62662  18.760  -3.681  52.884 0.0000000000
63809  18.760  -3.092  52.240 0.0000000000
59132  23.009  -5.399  47.457 0.0000000000
63859  26.515  -1.713  48.389 0.0000000000
61450  24.991  -3.569  47.741 0.0000000000
60258  24.586  -4.170  48.072 0.0000000000
59121  22.958  -5.344  48.425 0.0000000000
59108  22.870  -5.313  49.373 0.0000000000
60230  23.241  -4.915  50.841 0.0000000000
59093  21.785  -5.388  51.233 0.0000000000
59088  21.594  -5.185  51.986 0.0000000000
60222  21.403  -5.079  52.608 0.0000000000
62659  23.840  -3.718  52.293 0.0000000000
62660  22.954  -3.655  52.725 0.0000000000
61405  22.755  -4.193  52.708 0.0000000000
59081  20.851  -5.201  52.925 0.0000000000
60216  20.575  -5.007  53.357 0.0000000000
61382  20.195  -4.783  53.697 0.0000000000
61383  19.632  -4.662  53.931 0.0000000000
62633  19.762  -4.124  54.078 0.0000000000
62634  18.963  -4.103  53.970 0.0000000000
62635  18.397  -4.269  53.892 0.0000000000
55380  8.108  -10.187  47.013 0.0000000000
56575  8.502  -9.616  47.558 0.0000000000
56574  8.803  -8.856  47.947 0.0000000000
56564  9.077  -8.531  48.626 0.0000000000
57878  9.622  -7.759  48.952 0.0000000000
59101  9.800  -6.393  49.586 0.0000000000
60242  9.336  -4.867  49.586 0.0000000000
57843  9.317  -7.221  53.051 0.0000000000
59086  9.318  -6.386  52.715 0.0000000000
60219  9.287  -5.509  52.307 0.0000000000
61409  8.874  -4.215  52.524 0.0000000000
61410  8.775  -4.524  52.005 0.0000000000
63827  8.346  -2.504  51.255 0.0000000000
64964  7.513  -1.436  49.868 0.0000000000
70813  9.712  3.904  51.737 0.0000000000
70820  9.466  3.641  51.465 0.0000000000
72055  9.263  4.484  51.566 0.0000000000
62663  18.239  -3.883  52.338 0.0000000000
57921  20.668  -5.343  46.666 0.0000000000
57941  20.092  -5.644  45.703 0.0000000000
51735  9.469  -12.151  50.069 0.0000000000
50469  9.173  -12.509  49.539 0.0000000000
57930  8.948  -8.730  46.372 0.0000000000
57950  9.026  -8.432  45.360 0.0000000000
57965  8.475  -8.835  44.828 0.0000000000
56650  8.175  -9.367  43.951 0.0000000000
57986  8.299  -9.158  43.466 0.0000000000
56684  10.308  -8.144  41.541 0.0000000000
62709  8.911  -2.791  47.677 0.0000000000
62710  8.716  -2.083  47.299 0.0000000000
62708  9.350  -3.252  47.457 0.0000000000
62718  9.751  -3.391  46.753 0.0000000000
62731  10.421  -3.542  45.451 0.0000000000
65017  8.247  -1.129  45.522 0.0000000000
62751  8.822  -2.462  44.820 0.0000000000
62767  8.744  -2.627  43.874 0.0000000000
61482  11.135  -3.878  45.204 0.0000000000
60296  12.162  -5.730  42.897 0.0000000000
59184  11.133  -7.110  41.233 0.0000000000
58012  10.888  -7.792  40.922 0.0000000000
59196  11.448  -6.746  40.112 0.0000000000
59207  11.619  -6.522  39.059 0.0000000000
61538  9.370  -4.353  39.035 0.0000000000
62817  8.798  -4.430  38.521 0.0000000000
60335  9.358  -4.883  38.352 0.0000000000
60342  9.341  -5.410  37.851 0.0000000000
75450  11.514  7.797  50.240 0.0000000000
73274  11.331  5.241  49.049 0.0000000000
72068  11.011  4.655  48.528 0.0000000000
72078  10.872  4.164  47.786 0.0000000000
72090  10.715  3.662  46.763 0.0000000000
70876  10.206  3.238  45.312 0.0000000000
70891  9.904  3.117  44.690 0.0000000000
70911  9.695  2.804  44.001 0.0000000000
70929  9.556  2.636  43.181 0.0000000000
70909  12.436  2.485  43.878 0.0000000000
69678  11.694  2.489  44.105 0.0000000000
69679  10.923  2.525  44.224 0.0000000000
69700  10.524  2.561  43.754 0.0000000000
70945  10.027  2.637  42.746 0.0000000000
70947  8.878  2.302  42.060 0.0000000000
70962  8.855  2.043  41.413 0.0000000000
69753  8.659  1.394  41.099 0.0000000000
69768  8.837  1.276  40.838 0.0000000000
68577  9.635  1.316  40.679 0.0000000000
69767  8.959  1.167  40.652 0.0000000000
68595  8.773  0.827  40.570 0.0000000000
67436  8.465  -0.066  39.292 0.0000000000
66204  8.213  -0.539  38.728 0.0000000000
66224  8.115  -0.824  37.773 0.0000000000
67434  9.652  -0.165  38.842 0.0000000000
67454  9.100  -0.389  38.411 0.0000000000
65098  7.811  -1.274  37.429 0.0000000000
51757  10.454  -11.449  48.803 0.0000000000
56554  15.599  -6.919  50.412 0.0000000000
56651  7.998  -9.458  43.644 0.0000000000
57859  20.329  -5.600  50.941 0.0000000000
57948  10.126  -7.663  45.097 0.0000000000
57963  9.573  -7.866  44.488 0.0000000000
57974  8.267  -9.229  43.698 0.0000000000
59073  19.725  -5.239  53.459 0.0000000000
59083  18.968  -5.558  53.257 0.0000000000
59084  18.574  -5.871  53.342 0.0000000000
59163  9.447  -7.999  43.925 0.0000000000
60200  17.723  -5.748  55.127 0.0000000000
60231  9.798  -6.070  49.590 0.0000000000
60348  8.834  -5.742  37.451 0.0000000000
61394  22.251  -4.287  53.168 0.0000000000
61404  23.560  -4.200  52.269 0.0000000000
61431  9.328  -4.655  49.286 0.0000000000
61441  24.607  -4.261  48.823 0.0000000000
61523  12.037  -5.161  40.086 0.0000000000
61527  9.201  -3.522  40.186 0.0000000000
61535  11.700  -5.313  39.694 0.0000000000
61536  11.381  -4.810  39.570 0.0000000000
61546  8.665  -4.641  37.899 0.0000000000
62652  14.303  -4.620  52.931 0.0000000000
62677  13.136  -3.405  51.398 0.0000000000
62750  9.241  -2.837  44.692 0.0000000000
63860  26.453  -1.767  48.871 0.0000000000
63914  8.510  -1.746  43.347 0.0000000000
63915  8.393  -1.429  42.804 0.0000000000
63936  8.027  -1.561  41.495 0.0000000000
64925  19.007  -2.807  52.250 0.0000000000
64961  12.794  -1.440  50.131 0.0000000000
64967  26.455  -1.606  49.358 0.0000000000
64977  12.656  -0.969  50.002 0.0000000000
65016  8.282  -0.878  45.613 0.0000000000
65028  8.082  -1.174  44.647 0.0000000000
65052  8.025  -1.047  41.948 0.0000000000
65072  7.779  -0.935  40.704 0.0000000000
66159  8.186  -0.845  42.751 0.0000000000
66173  8.040  -0.685  41.568 0.0000000000
66190  7.891  -0.643  40.586 0.0000000000
66203  9.628  -0.494  38.311 0.0000000000
67371  8.554  0.193  44.773 0.0000000000
67372  8.043  0.008  44.274 0.0000000000
67405  8.187  -0.340  41.170 0.0000000000
68555  8.084  1.196  42.553 0.0000000000
68611  8.727  0.298  39.844 0.0000000000
69718  7.991  1.629  42.106 0.0000000000
69754  8.423  1.445  41.383 0.0000000000
70857  13.950  3.870  46.494 0.0000000000
70877  8.525  3.136  45.255 0.0000000000
70893  8.761  2.509  44.529 0.0000000000
70912  8.778  2.205  43.602 0.0000000000
70928  10.084  2.706  43.452 0.0000000000
70931  8.554  2.190  42.742 0.0000000000
70949  8.094  1.894  41.824 0.0000000000
70960  9.575  2.155  41.712 0.0000000000
72086  14.537  4.677  46.522 0.0000000000
72102  10.216  3.409  45.983 0.0000000000
72105  8.516  3.235  45.621 0.0000000000
72132  9.017  2.598  43.729 0.0000000000
72154  8.939  2.420  43.213 0.0000000000
74401  14.116  6.106  47.405 0.0000000000
74405  14.312  6.172  47.054 0.0000000000
75451  11.068  7.274  50.505 0.0000000000
