#!ascii label  , from subject sub.01.bl.01.long.sub.01.base.03 vox2ras=TkReg
1047
54541  35.637  -10.086  28.788 0.0000000000
75769  42.929  7.617  13.997 0.0000000000
65335  35.832  -1.815  21.438 0.0000000000
54348  15.771  -10.704  39.191 0.0000000000
59306  31.145  -5.626  31.993 0.0000000000
71233  35.389  3.157  20.474 0.0000000000
55610  22.027  -9.366  33.592 0.0000000000
51935  20.261  -13.145  36.842 0.0000000000
54489  25.573  -10.866  30.803 0.0000000000
75782  47.601  7.260  13.183 0.0000000000
60437  36.552  -5.922  29.529 0.0000000000
61679  35.679  -4.486  26.469 0.0000000000
56931  39.441  -8.476  28.346 0.0000000000
80929  45.427  12.238  12.670 0.0000000000
78978  48.471  10.116  10.369 0.0000000000
76802  39.746  8.194  16.236 0.0000000000
71295  43.541  3.768  16.455 0.0000000000
71280  38.535  3.649  17.404 0.0000000000
66483  40.512  -0.799  20.016 0.0000000000
52013  34.124  -12.486  32.652 0.0000000000
50603  14.542  -14.846  41.342 0.0000000000
50553  9.927  -13.632  42.833 0.0000000000
50497  8.871  -13.646  47.740 0.0000000000
55711  33.058  -9.332  29.488 0.0000000000
54446  30.060  -10.705  32.602 0.0000000000
66391  31.747  -0.765  25.605 0.0000000000
66360  38.066  -1.593  26.638 0.0000000000
82932  51.320  14.892  9.783 0.0000000000
75766  45.573  7.143  13.509 0.0000000000
72528  45.519  4.823  14.620 0.0000000000
58212  36.208  -7.922  28.181 0.0000000000
58228  36.789  -7.547  27.008 0.0000000000
55707  37.850  -10.135  28.328 0.0000000000
78938  42.312  10.032  14.419 0.0000000000
79973  45.029  12.264  14.762 0.0000000000
77866  44.406  9.595  13.088 0.0000000000
77880  45.578  9.458  12.344 0.0000000000
43240  9.199  -19.209  46.658 0.0000000000
73618  38.823  5.638  16.717 0.0000000000
74690  37.588  6.283  18.412 0.0000000000
67692  34.624  0.538  20.412 0.0000000000
68870  37.610  1.097  18.801 0.0000000000
65353  37.837  -1.643  20.752 0.0000000000
65278  39.111  -2.191  23.049 0.0000000000
51912  18.209  -12.431  38.211 0.0000000000
50625  19.613  -14.431  39.972 0.0000000000
51864  16.960  -13.233  39.186 0.0000000000
50601  16.549  -14.460  41.188 0.0000000000
53106  14.985  -12.085  39.457 0.0000000000
53063  11.748  -11.097  43.071 0.0000000000
50515  9.285  -13.043  44.835 0.0000000000
56891  32.503  -7.059  31.214 0.0000000000
54505  30.703  -9.767  30.035 0.0000000000
56912  29.720  -8.094  29.818 0.0000000000
53219  25.267  -12.498  34.674 0.0000000000
51990  27.659  -12.735  34.218 0.0000000000
61659  39.541  -4.408  26.670 0.0000000000
64057  36.502  -2.841  26.462 0.0000000000
73542  37.227  5.317  20.560 0.0000000000
69982  35.081  3.350  22.107 0.0000000000
68815  33.464  1.588  22.687 0.0000000000
53200  23.071  -11.067  34.911 0.0000000000
53157  22.746  -12.320  36.931 0.0000000000
53202  20.838  -11.002  35.022 0.0000000000
54389  18.656  -10.194  36.890 0.0000000000
55535  17.649  -9.146  38.191 0.0000000000
58180  27.266  -7.550  30.120 0.0000000000
56893  25.723  -7.487  31.360 0.0000000000
54470  23.472  -10.149  31.949 0.0000000000
61613  34.676  -4.713  30.735 0.0000000000
61629  33.084  -4.599  29.161 0.0000000000
60455  35.311  -5.754  28.296 0.0000000000
59384  38.546  -6.108  26.314 0.0000000000
81930  48.063  13.969  11.435 0.0000000000
80014  46.658  11.350  10.956 0.0000000000
77877  48.163  8.868  11.646 0.0000000000
76812  41.322  8.348  14.709 0.0000000000
73629  43.134  5.797  15.112 0.0000000000
73631  41.107  5.885  15.164 0.0000000000
71298  40.722  3.949  16.724 0.0000000000
68882  41.852  1.502  18.731 0.0000000000
71264  36.983  3.768  18.239 0.0000000000
68885  39.192  1.410  18.319 0.0000000000
53291  34.916  -11.666  30.475 0.0000000000
53288  37.628  -11.329  30.775 0.0000000000
77830  42.213  10.016  16.684 0.0000000000
55472  14.258  -9.583  40.770 0.0000000000
53093  13.039  -11.497  40.912 0.0000000000
50605  12.126  -13.428  41.256 0.0000000000
48142  11.999  -15.919  43.480 0.0000000000
48126  10.358  -16.395  44.032 0.0000000000
48104  8.550  -16.029  45.325 0.0000000000
46901  7.758  -16.561  47.551 0.0000000000
46866  7.547  -16.031  48.772 0.0000000000
54525  34.213  -10.414  29.468 0.0000000000
53293  32.945  -11.534  30.024 0.0000000000
53231  32.196  -11.974  33.212 0.0000000000
54486  28.466  -10.467  31.544 0.0000000000
65309  33.343  -1.695  22.905 0.0000000000
62955  32.414  -3.950  25.951 0.0000000000
64103  34.311  -3.377  24.356 0.0000000000
65260  37.132  -2.777  24.022 0.0000000000
54481  39.778  -10.566  31.615 0.0000000000
81946  52.996  13.641  8.269 0.0000000000
81942  49.977  13.032  9.684 0.0000000000
78996  51.834  10.484  8.369 0.0000000000
76821  44.364  8.151  13.412 0.0000000000
74735  45.713  6.532  13.871 0.0000000000
74736  44.605  6.644  14.244 0.0000000000
55730  36.055  -9.410  28.365 0.0000000000
55749  36.556  -9.057  27.790 0.0000000000
54539  37.298  -10.368  28.702 0.0000000000
77851  42.923  9.563  13.866 0.0000000000
78947  43.677  10.264  13.489 0.0000000000
77867  43.724  9.371  13.492 0.0000000000
76838  44.689  8.728  13.097 0.0000000000
44497  8.023  -18.569  46.951 0.0000000000
74689  38.020  6.816  18.361 0.0000000000
74672  38.193  6.787  19.227 0.0000000000
66488  35.315  -0.473  20.385 0.0000000000
66487  36.350  -0.574  19.938 0.0000000000
65354  36.819  -1.490  20.407 0.0000000000
65332  38.698  -1.869  21.488 0.0000000000
65305  37.521  -2.379  22.272 0.0000000000
53141  17.111  -11.548  38.506 0.0000000000
51887  17.212  -12.685  38.767 0.0000000000
51888  16.536  -12.487  39.119 0.0000000000
51889  16.085  -12.436  39.324 0.0000000000
54349  15.520  -11.240  39.338 0.0000000000
58159  31.460  -6.295  31.155 0.0000000000
56911  30.796  -7.801  29.826 0.0000000000
58177  30.077  -6.961  29.987 0.0000000000
53198  25.147  -12.135  36.162 0.0000000000
65191  33.144  -1.614  30.581 0.0000000000
62919  39.538  -3.184  27.451 0.0000000000
68813  34.355  2.704  22.123 0.0000000000
68798  33.756  2.225  23.032 0.0000000000
54417  22.164  -10.495  34.246 0.0000000000
53201  21.843  -11.173  34.886 0.0000000000
54418  21.157  -10.111  34.351 0.0000000000
55575  19.110  -9.365  36.235 0.0000000000
55553  18.835  -8.977  37.208 0.0000000000
55554  18.322  -9.432  37.593 0.0000000000
58118  26.901  -6.295  32.914 0.0000000000
56874  22.843  -8.286  32.834 0.0000000000
55645  23.345  -9.216  32.220 0.0000000000
54451  22.827  -9.826  33.126 0.0000000000
53221  23.367  -10.789  33.808 0.0000000000
61627  35.108  -5.384  29.937 0.0000000000
60454  35.881  -6.087  28.495 0.0000000000
56969  38.389  -8.124  26.941 0.0000000000
58243  37.391  -6.935  26.435 0.0000000000
58210  39.574  -7.322  27.549 0.0000000000
59353  40.047  -6.633  27.702 0.0000000000
58209  40.170  -7.232  28.305 0.0000000000
80925  44.882  12.061  13.221 0.0000000000
80932  46.686  12.964  11.760 0.0000000000
79990  45.941  11.821  11.847 0.0000000000
75792  46.585  8.148  12.552 0.0000000000
77878  47.271  9.053  11.874 0.0000000000
76845  47.788  8.395  12.197 0.0000000000
76813  40.606  8.467  15.437 0.0000000000
75756  40.860  7.568  14.928 0.0000000000
75757  39.995  7.627  15.561 0.0000000000
72482  38.848  4.397  16.902 0.0000000000
72502  39.724  4.449  16.448 0.0000000000
71299  40.119  3.824  16.800 0.0000000000
70051  41.142  2.744  17.599 0.0000000000
70052  40.146  2.819  17.623 0.0000000000
72439  36.253  4.534  20.069 0.0000000000
73578  36.577  5.043  19.143 0.0000000000
71265  36.445  3.498  18.797 0.0000000000
66502  38.674  -0.476  19.485 0.0000000000
68869  38.610  0.832  18.663 0.0000000000
67709  39.902  0.138  19.122 0.0000000000
67719  40.567  0.664  18.874 0.0000000000
52025  34.703  -12.248  31.953 0.0000000000
52024  35.517  -12.255  32.078 0.0000000000
76789  40.986  8.954  17.157 0.0000000000
76800  40.870  9.124  16.522 0.0000000000
77843  41.168  9.248  15.288 0.0000000000
51934  21.723  -13.117  37.234 0.0000000000
50666  21.065  -13.927  38.324 0.0000000000
50602  15.651  -14.554  41.325 0.0000000000
50574  16.447  -14.495  42.341 0.0000000000
50575  15.655  -14.697  42.536 0.0000000000
50576  15.059  -15.162  42.917 0.0000000000
55450  14.071  -9.239  41.409 0.0000000000
54304  13.675  -10.306  40.819 0.0000000000
54285  12.972  -10.348  41.958 0.0000000000
51838  10.631  -12.373  42.514 0.0000000000
51849  11.559  -12.436  41.644 0.0000000000
50577  10.954  -13.206  41.856 0.0000000000
49314  11.948  -14.866  42.000 0.0000000000
49291  11.350  -15.369  42.541 0.0000000000
48143  10.864  -15.935  43.294 0.0000000000
49292  10.092  -14.889  42.649 0.0000000000
50506  8.900  -13.715  46.655 0.0000000000
49248  8.734  -14.774  45.192 0.0000000000
49231  8.690  -14.599  46.159 0.0000000000
48083  8.419  -15.996  46.134 0.0000000000
49216  8.461  -15.198  46.997 0.0000000000
55683  33.887  -8.616  30.337 0.0000000000
55682  34.764  -8.797  30.204 0.0000000000
55710  33.948  -9.449  29.459 0.0000000000
53314  33.756  -11.154  29.739 0.0000000000
54526  33.217  -10.486  29.501 0.0000000000
54462  30.505  -10.379  31.478 0.0000000000
53251  31.732  -11.616  31.886 0.0000000000
53232  31.168  -11.285  32.700 0.0000000000
55690  26.769  -9.748  30.355 0.0000000000
55689  27.725  -9.371  30.392 0.0000000000
54488  26.922  -11.121  31.011 0.0000000000
51989  28.442  -12.327  34.250 0.0000000000
72499  43.019  4.314  15.974 0.0000000000
72514  44.684  4.220  15.297 0.0000000000
71294  44.538  3.600  16.113 0.0000000000
67612  32.510  0.753  25.692 0.0000000000
67639  32.902  0.486  23.573 0.0000000000
66421  32.414  -1.237  24.007 0.0000000000
61661  34.110  -5.173  27.432 0.0000000000
61663  32.449  -4.470  27.346 0.0000000000
61681  33.949  -4.812  26.589 0.0000000000
65213  36.599  -2.540  26.257 0.0000000000
64087  35.392  -3.133  25.325 0.0000000000
65242  36.411  -2.902  25.003 0.0000000000
65261  36.402  -3.268  24.047 0.0000000000
65241  37.061  -2.688  24.866 0.0000000000
65239  38.552  -2.332  24.873 0.0000000000
54482  38.512  -11.000  31.041 0.0000000000
81939  52.337  13.554  8.684 0.0000000000
80942  48.383  12.441  9.958 0.0000000000
80941  48.914  13.013  9.958 0.0000000000
80021  49.045  11.406  9.517 0.0000000000
78987  50.369  10.301  8.906 0.0000000000
77911  51.871  9.176  8.658 0.0000000000
58121  21.986  -7.552  33.704 0.0000000000
55612  20.777  -8.825  34.049 0.0000000000
75783  46.559  7.528  13.053 0.0000000000
74751  48.107  6.390  13.478 0.0000000000
74752  46.788  6.398  13.595 0.0000000000
58211  36.372  -7.225  28.165 0.0000000000
59369  36.305  -6.602  27.539 0.0000000000
58229  36.429  -7.922  27.653 0.0000000000
56970  37.602  -8.473  27.052 0.0000000000
55727  38.799  -8.939  28.134 0.0000000000
79959  44.524  11.331  16.136 0.0000000000
79968  43.685  11.421  14.715 0.0000000000
79975  43.821  11.143  13.741 0.0000000000
79981  44.572  11.298  12.893 0.0000000000
78956  45.270  10.438  12.087 0.0000000000
77881  44.913  9.599  12.667 0.0000000000
76837  45.336  8.540  12.769 0.0000000000
44534  10.032  -18.453  46.023 0.0000000000
75735  39.283  7.842  17.422 0.0000000000
75745  39.231  7.395  16.405 0.0000000000
75736  38.696  7.094  17.144 0.0000000000
74703  38.103  6.518  17.619 0.0000000000
72483  37.880  4.571  17.492 0.0000000000
70008  35.023  2.261  20.236 0.0000000000
70024  36.217  2.519  19.278 0.0000000000
67713  35.900  0.811  19.557 0.0000000000
66503  37.660  -0.468  19.530 0.0000000000
66484  39.341  -1.022  19.986 0.0000000000
65331  39.652  -1.740  21.321 0.0000000000
65277  40.018  -1.989  22.863 0.0000000000
51987  33.944  -13.239  34.329 0.0000000000
51911  18.797  -12.832  37.702 0.0000000000
50667  19.737  -13.801  37.995 0.0000000000
51885  18.551  -13.118  38.344 0.0000000000
50626  18.606  -14.050  39.964 0.0000000000
50599  18.421  -14.306  40.929 0.0000000000
50629  15.718  -13.890  40.340 0.0000000000
50630  14.804  -13.945  40.484 0.0000000000
54262  12.704  -9.818  42.997 0.0000000000
53047  11.318  -10.972  44.196 0.0000000000
51813  9.764  -12.300  44.166 0.0000000000
50531  9.476  -13.306  43.727 0.0000000000
51800  9.717  -12.067  45.297 0.0000000000
51786  9.800  -11.981  46.467 0.0000000000
50496  9.397  -12.827  47.174 0.0000000000
55684  32.783  -8.202  30.184 0.0000000000
55712  32.156  -9.354  29.388 0.0000000000
55685  31.356  -8.879  29.569 0.0000000000
55686  30.164  -9.049  29.956 0.0000000000
55663  29.788  -9.394  31.044 0.0000000000
53256  25.197  -11.807  31.818 0.0000000000
53255  26.667  -12.103  31.803 0.0000000000
51991  26.517  -12.956  34.603 0.0000000000
71263  43.824  3.379  17.854 0.0000000000
66376  31.686  -0.833  26.627 0.0000000000
61676  38.555  -4.361  26.178 0.0000000000
62951  36.300  -3.841  26.489 0.0000000000
62933  38.246  -3.398  26.841 0.0000000000
64041  37.993  -2.401  27.402 0.0000000000
82925  50.481  14.879  10.482 0.0000000000
44473  7.221  -18.376  48.145 0.0000000000
72427  37.005  4.924  21.407 0.0000000000
71222  36.099  4.194  21.456 0.0000000000
71223  35.444  3.560  21.277 0.0000000000
70009  34.461  2.124  20.716 0.0000000000
67671  33.874  0.855  21.080 0.0000000000
66462  34.227  -0.088  21.099 0.0000000000
53177  24.332  -11.900  36.761 0.0000000000
53156  23.620  -11.998  37.390 0.0000000000
53178  23.404  -11.786  36.228 0.0000000000
53158  22.014  -12.431  36.316 0.0000000000
51957  20.793  -12.643  36.135 0.0000000000
54419  20.443  -10.226  34.883 0.0000000000
54404  19.306  -10.502  36.092 0.0000000000
53182  19.254  -11.403  36.534 0.0000000000
53159  18.533  -11.426  37.444 0.0000000000
54371  17.586  -10.343  37.997 0.0000000000
55517  16.702  -9.475  38.760 0.0000000000
59308  29.341  -5.679  31.057 0.0000000000
59291  27.703  -5.956  31.140 0.0000000000
58162  26.401  -7.386  30.761 0.0000000000
56917  25.413  -9.123  30.590 0.0000000000
56872  24.324  -8.133  32.175 0.0000000000
56895  24.303  -8.899  31.364 0.0000000000
54468  24.918  -10.984  31.328 0.0000000000
53236  24.751  -11.845  33.232 0.0000000000
53220  24.101  -11.425  34.214 0.0000000000
64014  34.413  -2.705  31.690 0.0000000000
64027  32.808  -2.846  30.414 0.0000000000
61614  34.058  -4.421  30.631 0.0000000000
60456  34.657  -5.482  28.411 0.0000000000
60488  35.722  -5.289  26.498 0.0000000000
59386  36.886  -6.682  26.580 0.0000000000
60487  36.745  -5.700  26.249 0.0000000000
60486  38.038  -5.463  25.847 0.0000000000
60485  39.079  -5.362  26.341 0.0000000000
60467  40.463  -5.219  27.811 0.0000000000
81926  47.988  14.171  12.510 0.0000000000
80943  47.562  12.387  10.523 0.0000000000
78979  47.448  10.728  10.587 0.0000000000
78968  45.936  10.382  11.620 0.0000000000
78967  46.875  10.354  11.058 0.0000000000
75770  42.013  7.841  14.249 0.0000000000
74737  43.408  6.553  14.545 0.0000000000
74739  41.874  7.277  14.480 0.0000000000
73630  42.086  5.806  15.107 0.0000000000
72500  42.047  4.511  16.083 0.0000000000
73633  39.784  5.809  15.759 0.0000000000
72501  40.934  4.653  16.121 0.0000000000
71296  42.592  3.901  16.594 0.0000000000
70049  42.595  3.230  17.616 0.0000000000
70022  42.761  1.884  18.831 0.0000000000
73577  37.079  5.824  19.054 0.0000000000
72468  37.209  4.346  17.952 0.0000000000
71281  37.653  3.588  17.850 0.0000000000
68888  36.825  2.391  18.802 0.0000000000
70040  37.932  2.473  18.225 0.0000000000
70038  39.717  2.072  17.995 0.0000000000
68884  40.291  1.185  18.509 0.0000000000
53312  35.472  -11.189  29.871 0.0000000000
53310  36.922  -11.266  29.963 0.0000000000
53290  35.927  -11.674  30.597 0.0000000000
53248  37.298  -11.936  32.583 0.0000000000
78931  42.221  10.430  15.220 0.0000000000
77842  41.720  9.765  14.819 0.0000000000
55494  15.782  -9.458  39.578 0.0000000000
56683  15.568  -8.323  40.838 0.0000000000
55495  15.248  -9.868  39.916 0.0000000000
54324  14.924  -10.733  39.910 0.0000000000
53107  14.326  -11.906  40.037 0.0000000000
51847  13.265  -12.587  40.614 0.0000000000
53094  12.218  -11.699  41.522 0.0000000000
51848  12.538  -12.555  41.049 0.0000000000
49334  13.396  -14.924  41.436 0.0000000000
49313  12.955  -15.163  42.181 0.0000000000
49267  13.146  -15.794  43.611 0.0000000000
46923  10.303  -17.274  45.267 0.0000000000
49293  9.310  -15.089  43.579 0.0000000000
46937  8.996  -16.622  44.748 0.0000000000
46924  9.387  -17.255  45.161 0.0000000000
45791  9.031  -17.747  45.572 0.0000000000
46913  8.061  -16.773  46.551 0.0000000000
45755  7.563  -17.221  47.833 0.0000000000
48065  8.380  -15.107  47.990 0.0000000000
48049  7.872  -15.663  48.274 0.0000000000
45756  7.280  -17.339  48.371 0.0000000000
56956  35.608  -9.052  28.686 0.0000000000
56934  35.126  -9.105  29.387 0.0000000000
54524  35.094  -10.452  29.286 0.0000000000
53313  34.553  -11.183  29.784 0.0000000000
53292  33.960  -11.725  30.298 0.0000000000
52026  33.858  -12.219  31.847 0.0000000000
53294  31.970  -11.352  30.058 0.0000000000
53273  32.305  -11.736  30.947 0.0000000000
53230  32.861  -12.279  32.779 0.0000000000
56913  28.811  -8.317  29.884 0.0000000000
55664  29.088  -9.466  31.118 0.0000000000
54464  29.484  -10.319  32.190 0.0000000000
53233  28.389  -11.889  32.807 0.0000000000
54448  29.051  -11.399  33.171 0.0000000000
53214  30.087  -11.607  34.220 0.0000000000
72529  44.722  5.195  14.794 0.0000000000
68799  33.252  1.506  23.335 0.0000000000
67653  33.276  0.636  22.474 0.0000000000
66436  34.638  -1.319  21.656 0.0000000000
64028  32.298  -3.025  29.564 0.0000000000
64043  31.588  -2.900  27.761 0.0000000000
64074  31.793  -2.843  25.494 0.0000000000
62953  34.679  -4.007  26.112 0.0000000000
62966  33.492  -3.829  25.177 0.0000000000
64105  32.468  -2.417  24.428 0.0000000000
64120  33.306  -2.483  23.610 0.0000000000
65282  35.003  -3.082  23.148 0.0000000000
65306  36.455  -2.362  22.169 0.0000000000
65280  37.254  -2.608  23.132 0.0000000000
54521  38.083  -10.497  29.240 0.0000000000
54520  38.747  -10.207  29.376 0.0000000000
55679  39.907  -9.629  30.191 0.0000000000
55656  40.756  -9.324  31.339 0.0000000000
55678  40.486  -8.873  30.350 0.0000000000
81945  53.818  13.503  7.823 0.0000000000
81933  50.053  14.128  10.217 0.0000000000
81941  50.580  13.816  9.618 0.0000000000
80020  49.872  11.364  9.204 0.0000000000
80019  50.957  11.384  8.766 0.0000000000
80947  51.422  12.735  8.753 0.0000000000
80026  51.846  11.870  8.479 0.0000000000
78995  52.868  10.335  7.857 0.0000000000
75768  43.950  7.433  13.830 0.0000000000
54540  36.495  -10.264  28.708 0.0000000000
76823  42.516  8.583  13.968 0.0000000000
76822  43.476  8.507  13.604 0.0000000000
66460  35.976  -1.299  20.732 0.0000000000
65334  36.884  -1.967  21.309 0.0000000000
54347  16.461  -10.669  38.661 0.0000000000
53119  16.484  -11.656  38.838 0.0000000000
53120  15.970  -11.735  39.108 0.0000000000
58176  30.949  -6.816  30.186 0.0000000000
58160  30.636  -6.277  30.539 0.0000000000
53176  25.166  -12.058  37.317 0.0000000000
51955  25.774  -12.556  36.857 0.0000000000
54436  21.832  -9.817  33.935 0.0000000000
55625  21.963  -8.807  33.413 0.0000000000
55624  22.488  -9.107  33.078 0.0000000000
54435  22.440  -9.942  33.632 0.0000000000
60438  36.073  -5.773  29.571 0.0000000000
60453  36.267  -6.117  28.944 0.0000000000
56953  39.118  -8.218  27.517 0.0000000000
56952  39.682  -7.886  28.131 0.0000000000
56930  40.119  -8.156  28.910 0.0000000000
80924  45.392  12.539  13.895 0.0000000000
80928  46.203  13.151  13.229 0.0000000000
80933  46.246  12.515  11.972 0.0000000000
80934  45.762  11.986  12.112 0.0000000000
75791  47.274  7.942  12.651 0.0000000000
75790  48.194  7.801  12.677 0.0000000000
45788  11.418  -17.472  45.986 0.0000000000
76814  40.122  8.324  15.818 0.0000000000
72481  39.351  4.134  16.757 0.0000000000
71279  39.544  3.674  17.070 0.0000000000
71232  35.822  3.973  20.645 0.0000000000
71247  35.851  3.580  19.705 0.0000000000
66501  39.627  -0.429  19.461 0.0000000000
66500  40.205  -0.263  19.432 0.0000000000
52012  35.072  -12.544  32.747 0.0000000000
76790  39.932  8.476  16.970 0.0000000000
76801  40.428  8.791  16.277 0.0000000000
50683  20.624  -13.748  37.439 0.0000000000
54284  13.396  -9.575  42.117 0.0000000000
51839  10.238  -13.002  42.710 0.0000000000
50578  10.489  -13.395  42.373 0.0000000000
49315  10.992  -14.186  42.105 0.0000000000
49316  10.359  -14.031  42.454 0.0000000000
49232  8.528  -15.256  46.577 0.0000000000
49215  8.615  -14.712  47.222 0.0000000000
54445  30.505  -10.772  32.218 0.0000000000
54430  30.570  -11.125  32.998 0.0000000000
54507  26.349  -10.426  30.558 0.0000000000
55667  26.984  -10.402  30.667 0.0000000000
72498  43.903  4.015  15.753 0.0000000000
67603  32.134  0.083  26.214 0.0000000000
67613  32.160  -0.002  25.252 0.0000000000
67626  32.252  -0.091  24.739 0.0000000000
66405  32.125  -0.749  24.646 0.0000000000
61660  34.714  -5.257  27.082 0.0000000000
61680  34.858  -4.660  26.638 0.0000000000
65212  37.517  -2.271  26.604 0.0000000000
65225  36.280  -2.525  25.801 0.0000000000
65224  37.071  -2.354  25.641 0.0000000000
66375  37.769  -1.925  26.043 0.0000000000
66390  37.556  -2.289  25.434 0.0000000000
83928  51.526  15.541  9.926 0.0000000000
82931  52.540  14.504  8.819 0.0000000000
81940  51.712  13.779  9.078 0.0000000000
80012  47.988  11.401  10.233 0.0000000000
80022  48.538  11.622  9.780 0.0000000000
78989  48.627  10.925  9.836 0.0000000000
58099  22.459  -6.898  34.288 0.0000000000
58100  21.306  -7.403  34.186 0.0000000000
58081  21.922  -6.682  34.928 0.0000000000
58120  22.855  -7.142  33.663 0.0000000000
74753  46.043  7.048  13.436 0.0000000000
73645  45.191  5.798  14.424 0.0000000000
73644  46.267  5.590  14.115 0.0000000000
55729  37.021  -9.820  27.980 0.0000000000
55748  37.152  -9.142  27.408 0.0000000000
55728  38.006  -9.463  27.636 0.0000000000
55706  38.674  -9.859  28.653 0.0000000000
78930  43.061  10.994  15.447 0.0000000000
79960  43.802  11.374  15.644 0.0000000000
78937  43.017  10.639  14.358 0.0000000000
79982  44.044  10.824  13.267 0.0000000000
78946  44.278  10.456  13.049 0.0000000000
78957  44.786  10.235  12.579 0.0000000000
75785  44.968  8.063  13.181 0.0000000000
75784  45.599  7.642  13.118 0.0000000000
76836  45.984  8.160  12.632 0.0000000000
44516  9.574  -18.788  46.361 0.0000000000
75720  39.536  7.611  18.594 0.0000000000
75721  38.550  7.326  18.187 0.0000000000
74704  37.686  5.823  17.691 0.0000000000
73604  37.732  5.300  17.571 0.0000000000
68847  35.269  1.256  19.814 0.0000000000
66486  37.303  -1.099  19.903 0.0000000000
66504  36.984  -0.488  19.625 0.0000000000
66485  38.297  -1.086  20.019 0.0000000000
65352  38.958  -1.446  20.709 0.0000000000
65304  38.479  -2.274  22.277 0.0000000000
65303  39.388  -2.070  22.153 0.0000000000
65257  39.741  -2.039  23.818 0.0000000000
75734  40.139  8.369  17.937 0.0000000000
53139  18.351  -12.031  37.881 0.0000000000
50668  18.977  -13.415  38.242 0.0000000000
50650  17.401  -13.378  39.210 0.0000000000
50649  17.937  -13.505  39.214 0.0000000000
50627  17.493  -13.826  39.868 0.0000000000
50600  17.447  -14.333  41.042 0.0000000000
51866  15.789  -12.920  39.647 0.0000000000
51867  14.850  -13.058  39.742 0.0000000000
51811  10.741  -10.907  45.082 0.0000000000
53048  10.837  -11.463  43.913 0.0000000000
51812  10.440  -11.514  44.558 0.0000000000
51799  10.397  -11.432  45.710 0.0000000000
55662  33.142  -7.601  31.188 0.0000000000
56910  31.864  -7.705  29.933 0.0000000000
54485  30.369  -9.764  30.889 0.0000000000
53235  25.959  -12.614  33.211 0.0000000000
53218  25.870  -12.999  34.083 0.0000000000
67572  32.151  -0.293  28.113 0.0000000000
66361  31.914  -0.866  27.770 0.0000000000
62949  37.896  -3.816  26.364 0.0000000000
62932  38.967  -3.528  26.914 0.0000000000
64039  39.668  -2.812  27.768 0.0000000000
64040  38.887  -2.591  27.669 0.0000000000
45757  7.006  -17.594  48.741 0.0000000000
69996  34.764  2.833  21.090 0.0000000000
69983  34.388  2.638  21.709 0.0000000000
68814  33.794  1.844  21.923 0.0000000000
67652  33.672  0.472  21.627 0.0000000000
53199  24.169  -11.880  35.492 0.0000000000
53179  22.471  -11.871  35.745 0.0000000000
53180  21.375  -12.072  35.511 0.0000000000
53181  20.104  -11.410  35.661 0.0000000000
56799  20.209  -7.783  34.885 0.0000000000
55595  20.347  -9.133  34.633 0.0000000000
55574  19.558  -8.484  35.499 0.0000000000
55536  17.179  -9.859  38.237 0.0000000000
54372  17.063  -10.561  38.285 0.0000000000
59290  28.412  -5.506  31.824 0.0000000000
58140  28.059  -5.493  32.863 0.0000000000
58142  26.453  -6.721  31.944 0.0000000000
56916  26.026  -8.537  30.483 0.0000000000
56894  24.908  -8.484  31.025 0.0000000000
55644  23.837  -9.477  31.543 0.0000000000
55669  24.441  -9.648  31.112 0.0000000000
54469  24.145  -10.767  31.676 0.0000000000
53257  24.365  -11.540  32.368 0.0000000000
53237  23.724  -11.142  32.917 0.0000000000
62894  34.158  -3.781  31.245 0.0000000000
60440  34.914  -5.552  29.107 0.0000000000
60471  35.113  -5.491  27.392 0.0000000000
58244  37.199  -7.169  26.563 0.0000000000
59368  38.462  -6.782  26.515 0.0000000000
59385  37.694  -6.465  26.242 0.0000000000
59352  40.576  -6.098  28.417 0.0000000000
59366  40.173  -5.958  27.515 0.0000000000
79966  45.407  11.891  15.631 0.0000000000
81927  47.150  13.477  11.914 0.0000000000
80001  46.624  11.929  11.170 0.0000000000
80937  46.848  12.567  11.248 0.0000000000
80013  46.963  11.611  10.762 0.0000000000
77895  46.149  9.647  11.890 0.0000000000
77894  46.687  9.666  11.604 0.0000000000
77893  47.550  9.570  11.332 0.0000000000
78966  47.859  10.041  10.867 0.0000000000
75755  41.516  7.541  14.586 0.0000000000
74724  41.582  6.725  14.706 0.0000000000
72517  41.582  5.212  15.612 0.0000000000
74714  39.085  6.558  16.322 0.0000000000
74726  39.637  6.522  15.731 0.0000000000
73617  39.325  5.692  16.261 0.0000000000
71297  41.650  4.005  16.670 0.0000000000
71276  42.232  3.497  17.174 0.0000000000
71277  41.387  3.427  17.175 0.0000000000
70036  41.952  1.981  18.113 0.0000000000
73558  37.740  5.922  19.954 0.0000000000
73559  36.811  5.240  19.858 0.0000000000
72469  36.691  4.519  18.532 0.0000000000
68871  36.790  1.641  19.047 0.0000000000
68886  38.240  1.666  18.405 0.0000000000
70039  38.756  2.246  18.071 0.0000000000
52010  36.746  -12.303  32.996 0.0000000000
53249  36.635  -12.158  32.503 0.0000000000
78921  42.571  10.563  16.147 0.0000000000
78922  41.889  10.218  16.013 0.0000000000
77853  41.574  9.089  14.616 0.0000000000
76824  41.871  8.639  14.306 0.0000000000
53137  23.808  -12.195  38.441 0.0000000000
53138  23.063  -12.292  37.994 0.0000000000
50647  20.285  -14.278  39.175 0.0000000000
50573  17.307  -14.377  42.170 0.0000000000
55493  16.589  -8.313  39.658 0.0000000000
55449  14.586  -8.489  41.867 0.0000000000
56665  15.367  -8.154  41.432 0.0000000000
55471  15.007  -9.165  40.625 0.0000000000
54303  14.419  -9.877  40.418 0.0000000000
53092  13.746  -11.349  40.434 0.0000000000
53108  13.681  -12.074  40.442 0.0000000000
53046  12.140  -10.459  43.638 0.0000000000
53062  12.383  -10.678  42.627 0.0000000000
53079  11.992  -11.250  42.185 0.0000000000
50606  11.488  -13.339  41.563 0.0000000000
50604  13.153  -13.846  40.618 0.0000000000
49335  12.479  -14.452  41.389 0.0000000000
49290  12.510  -15.566  42.877 0.0000000000
48141  12.668  -15.862  43.558 0.0000000000
48125  11.599  -16.447  44.522 0.0000000000
46935  10.677  -16.815  44.761 0.0000000000
50532  9.012  -14.191  44.316 0.0000000000
49269  8.628  -15.484  45.045 0.0000000000
48128  8.736  -16.000  44.690 0.0000000000
46925  8.526  -16.913  45.473 0.0000000000
45767  7.839  -17.537  47.104 0.0000000000
49199  8.567  -14.409  48.260 0.0000000000
49178  8.348  -14.171  48.965 0.0000000000
46887  7.503  -16.580  48.306 0.0000000000
46888  7.340  -16.640  48.755 0.0000000000
46867  7.267  -16.166  49.097 0.0000000000
55709  34.858  -9.458  29.221 0.0000000000
56909  35.148  -8.874  29.732 0.0000000000
55732  35.074  -9.617  28.953 0.0000000000
53271  34.339  -11.994  31.149 0.0000000000
53272  33.328  -12.015  31.125 0.0000000000
54504  31.477  -10.375  29.706 0.0000000000
53250  32.683  -12.122  32.024 0.0000000000
52002  33.271  -12.658  33.399 0.0000000000
59327  28.408  -6.769  29.946 0.0000000000
59326  29.241  -6.382  30.178 0.0000000000
58179  28.129  -7.656  29.728 0.0000000000
55665  28.385  -9.959  31.118 0.0000000000
55688  28.558  -9.072  30.484 0.0000000000
55642  28.935  -10.026  31.732 0.0000000000
53234  27.407  -12.587  32.998 0.0000000000
53217  28.171  -12.294  33.617 0.0000000000
53197  28.948  -12.025  34.636 0.0000000000
53216  28.832  -11.897  33.771 0.0000000000
53215  29.426  -11.742  34.152 0.0000000000
54432  29.615  -11.397  33.598 0.0000000000
74722  43.051  6.235  14.821 0.0000000000
73647  43.716  5.914  14.894 0.0000000000
73628  44.032  5.328  15.108 0.0000000000
68782  33.642  2.285  23.994 0.0000000000
68783  33.046  1.460  24.316 0.0000000000
66438  33.050  -0.792  22.794 0.0000000000
66437  33.981  -0.820  21.815 0.0000000000
65308  33.972  -1.864  22.535 0.0000000000
62905  32.833  -4.054  29.892 0.0000000000
62906  32.417  -4.040  28.977 0.0000000000
61683  32.409  -4.274  26.726 0.0000000000
62920  31.983  -3.908  28.072 0.0000000000
62937  31.926  -3.822  27.066 0.0000000000
64059  31.583  -2.904  26.575 0.0000000000
62936  36.234  -3.343  26.478 0.0000000000
62952  35.609  -3.758  26.379 0.0000000000
64058  35.985  -3.215  26.359 0.0000000000
64102  35.136  -3.265  24.715 0.0000000000
64088  34.579  -3.405  25.187 0.0000000000
64089  33.777  -3.479  24.657 0.0000000000
62977  32.670  -3.056  24.532 0.0000000000
64104  33.282  -3.018  24.144 0.0000000000
65263  32.713  -2.189  23.901 0.0000000000
64119  34.091  -3.013  23.693 0.0000000000
65281  36.243  -2.771  23.052 0.0000000000
54502  37.216  -11.249  30.017 0.0000000000
54522  37.038  -10.912  29.455 0.0000000000
54501  37.834  -11.104  30.230 0.0000000000
54500  38.980  -10.415  30.225 0.0000000000
54499  39.662  -10.136  30.756 0.0000000000
55680  39.180  -9.883  29.478 0.0000000000
55657  39.998  -9.898  30.992 0.0000000000
56904  41.142  -7.798  30.463 0.0000000000
82937  53.461  14.575  8.286 0.0000000000
80953  53.510  12.448  7.599 0.0000000000
80949  49.336  12.430  9.569 0.0000000000
81934  49.522  13.509  10.115 0.0000000000
78986  51.092  10.414  8.677 0.0000000000
80955  51.884  12.420  8.563 0.0000000000
75767  44.970  7.374  13.614 0.0000000000
55750  36.180  -8.864  28.109 0.0000000000
56972  36.317  -8.460  27.897 0.0000000000
76839  44.152  8.880  13.382 0.0000000000
44517  8.731  -19.023  46.537 0.0000000000
75705  38.923  7.447  18.951 0.0000000000
74673  37.586  6.320  19.008 0.0000000000
67691  35.720  0.240  19.809 0.0000000000
65333  37.884  -2.112  21.601 0.0000000000
51913  17.675  -12.215  38.447 0.0000000000
51865  16.550  -13.175  39.506 0.0000000000
53121  15.516  -11.846  39.302 0.0000000000
56892  31.589  -7.025  30.251 0.0000000000
51975  25.807  -12.784  35.850 0.0000000000
65192  32.453  -1.753  29.583 0.0000000000
61658  40.278  -4.378  27.330 0.0000000000
62931  39.815  -3.705  27.118 0.0000000000
62918  40.314  -3.327  27.746 0.0000000000
68797  34.425  2.751  22.679 0.0000000000
56774  19.325  -8.089  36.684 0.0000000000
56870  25.894  -6.997  32.186 0.0000000000
56847  23.232  -7.515  33.182 0.0000000000
56873  23.443  -8.089  32.602 0.0000000000
55623  22.950  -9.475  32.737 0.0000000000
54450  23.208  -10.233  32.705 0.0000000000
53238  23.309  -10.641  33.216 0.0000000000
54434  22.979  -10.341  33.413 0.0000000000
54416  22.771  -10.571  33.980 0.0000000000
61626  35.691  -5.519  29.889 0.0000000000
60439  35.525  -5.728  29.221 0.0000000000
58227  37.791  -7.409  26.588 0.0000000000
58226  38.837  -7.421  26.895 0.0000000000
59367  39.348  -6.376  26.955 0.0000000000
58192  40.703  -7.124  29.261 0.0000000000
80923  46.359  12.878  14.421 0.0000000000
81924  46.648  13.292  12.447 0.0000000000
80002  46.308  11.413  11.342 0.0000000000
76847  46.227  8.716  12.421 0.0000000000
77879  46.491  9.207  12.120 0.0000000000
76846  46.937  8.570  12.294 0.0000000000
76844  48.902  8.204  12.166 0.0000000000
74725  40.518  6.687  15.156 0.0000000000
72503  38.950  5.108  16.617 0.0000000000
71278  40.513  3.413  17.182 0.0000000000
70037  40.763  1.974  17.967 0.0000000000
72438  36.684  4.958  20.571 0.0000000000
73560  36.457  4.802  19.582 0.0000000000
72453  36.293  4.357  19.275 0.0000000000
67711  38.049  0.230  19.124 0.0000000000
67710  39.072  0.186  19.129 0.0000000000
68868  39.553  0.694  18.730 0.0000000000
68867  40.209  0.556  18.880 0.0000000000
67708  40.687  0.181  19.298 0.0000000000
53270  35.308  -12.042  31.289 0.0000000000
52011  36.053  -12.365  32.751 0.0000000000
75733  41.096  8.471  18.279 0.0000000000
76788  41.978  8.924  17.939 0.0000000000
77820  41.360  9.322  16.895 0.0000000000
77831  41.301  9.519  16.358 0.0000000000
77844  40.795  9.107  15.903 0.0000000000
51933  22.596  -12.631  37.639 0.0000000000
51909  22.011  -13.373  38.821 0.0000000000
50550  16.401  -14.486  43.425 0.0000000000
50551  15.731  -14.627  43.686 0.0000000000
49288  14.464  -15.368  43.533 0.0000000000
54305  13.049  -10.755  41.344 0.0000000000
53064  11.011  -11.480  43.245 0.0000000000
53080  11.379  -11.631  42.362 0.0000000000
49336  11.685  -14.014  41.608 0.0000000000
48144  9.947  -15.721  43.442 0.0000000000
50516  8.902  -13.828  45.528 0.0000000000
49249  8.619  -15.361  45.738 0.0000000000
48066  8.171  -15.620  47.157 0.0000000000
54484  30.809  -10.457  30.717 0.0000000000
53252  30.970  -10.975  31.634 0.0000000000
56915  27.111  -8.516  30.093 0.0000000000
56935  27.483  -8.211  30.003 0.0000000000
55666  27.494  -10.251  30.753 0.0000000000
54487  28.026  -10.716  31.309 0.0000000000
51973  27.575  -12.890  35.359 0.0000000000
51972  28.472  -12.660  34.982 0.0000000000
72515  43.560  4.799  15.503 0.0000000000
72497  44.364  3.870  15.668 0.0000000000
68756  32.725  1.392  25.995 0.0000000000
68768  32.845  1.462  25.324 0.0000000000
67625  32.546  0.449  24.660 0.0000000000
66420  32.522  -0.501  23.902 0.0000000000
65284  32.840  -1.645  23.426 0.0000000000
61645  33.402  -5.003  28.432 0.0000000000
61630  32.877  -4.601  28.716 0.0000000000
61662  33.230  -4.902  27.425 0.0000000000
61682  32.973  -4.635  26.591 0.0000000000
64072  35.540  -3.106  25.959 0.0000000000
64071  36.194  -2.666  26.161 0.0000000000
65243  35.820  -3.061  25.146 0.0000000000
64118  34.874  -3.413  24.006 0.0000000000
65262  35.684  -3.408  24.354 0.0000000000
65240  37.741  -2.462  24.844 0.0000000000
53268  37.753  -11.487  31.474 0.0000000000
54483  37.922  -11.226  30.875 0.0000000000
53267  38.822  -11.158  31.849 0.0000000000
53266  39.283  -10.987  31.993 0.0000000000
81936  47.930  12.949  10.373 0.0000000000
81935  48.502  13.480  10.489 0.0000000000
80950  48.783  11.974  9.607 0.0000000000
77912  51.270  9.507  8.842 0.0000000000
77922  51.833  9.587  8.519 0.0000000000
56849  21.655  -8.276  33.514 0.0000000000
55611  21.367  -9.138  33.777 0.0000000000
56824  21.052  -8.249  33.736 0.0000000000
58101  20.689  -7.537  34.540 0.0000000000
58119  23.616  -6.888  33.690 0.0000000000
56848  22.379  -8.054  33.230 0.0000000000
73659  47.687  5.632  13.904 0.0000000000
74734  46.251  6.176  13.858 0.0000000000
73660  46.985  5.636  13.928 0.0000000000
59354  36.467  -6.423  28.800 0.0000000000
56971  36.781  -8.459  27.393 0.0000000000
56954  38.408  -8.700  27.383 0.0000000000
55705  39.492  -9.136  29.036 0.0000000000
79967  44.432  11.825  15.188 0.0000000000
79974  44.425  11.945  14.021 0.0000000000
79980  45.076  11.710  12.567 0.0000000000
79991  45.435  11.350  12.011 0.0000000000
79992  44.901  10.847  12.276 0.0000000000
77865  44.959  9.170  12.763 0.0000000000
76848  45.789  8.727  12.540 0.0000000000
44533  10.311  -18.281  45.905 0.0000000000
76791  39.469  8.032  16.739 0.0000000000
75746  38.845  6.861  16.627 0.0000000000
74715  38.711  6.272  16.823 0.0000000000
73603  38.316  5.462  17.157 0.0000000000
71248  35.564  2.719  19.849 0.0000000000
70025  35.588  2.038  19.694 0.0000000000
68872  36.048  1.435  19.432 0.0000000000
67712  36.720  0.379  19.432 0.0000000000
67690  36.254  0.006  19.719 0.0000000000
65302  40.308  -1.958  21.945 0.0000000000
65276  40.909  -1.888  22.623 0.0000000000
52001  34.494  -12.838  33.530 0.0000000000
51986  35.030  -13.147  34.427 0.0000000000
51910  19.612  -13.207  37.338 0.0000000000
50684  20.054  -13.555  37.363 0.0000000000
50648  18.936  -13.744  38.953 0.0000000000
51886  18.028  -13.008  38.609 0.0000000000
50628  16.591  -13.866  40.182 0.0000000000
51826  10.367  -11.853  43.561 0.0000000000
51827  10.031  -12.709  43.230 0.0000000000
50505  9.336  -12.892  46.010 0.0000000000
54463  30.108  -9.976  31.859 0.0000000000
53276  26.157  -11.692  31.170 0.0000000000
52004  26.793  -12.989  33.731 0.0000000000
51992  26.003  -12.934  35.176 0.0000000000
51974  26.624  -13.016  35.634 0.0000000000
71275  43.128  3.489  17.310 0.0000000000
71274  44.164  3.555  17.132 0.0000000000
67589  32.168  0.104  27.412 0.0000000000
61678  36.469  -4.591  26.288 0.0000000000
62950  37.063  -3.868  26.409 0.0000000000
62935  36.812  -3.297  26.660 0.0000000000
64054  38.522  -3.135  27.220 0.0000000000
64055  38.072  -2.940  27.211 0.0000000000
64056  37.429  -2.760  26.930 0.0000000000
64042  37.711  -2.384  27.073 0.0000000000
65201  37.851  -2.140  27.257 0.0000000000
82924  51.007  15.205  10.240 0.0000000000
78977  48.983  9.869  10.074 0.0000000000
73541  37.886  5.535  20.943 0.0000000000
72428  36.308  4.575  20.856 0.0000000000
68848  34.626  1.550  20.354 0.0000000000
69997  34.243  2.228  21.258 0.0000000000
68830  34.127  1.550  20.884 0.0000000000
66489  34.698  -0.321  20.713 0.0000000000
66461  34.912  -1.074  21.178 0.0000000000
51956  21.502  -12.636  36.264 0.0000000000
51958  19.882  -12.292  36.338 0.0000000000
55594  20.875  -9.336  34.172 0.0000000000
54403  19.813  -9.997  35.418 0.0000000000
53203  20.301  -10.678  35.249 0.0000000000
51936  19.364  -12.408  37.011 0.0000000000
54390  18.108  -10.226  37.656 0.0000000000
53160  18.002  -10.856  37.804 0.0000000000
53140  17.809  -11.429  38.076 0.0000000000
55518  16.150  -10.057  39.024 0.0000000000
59307  30.418  -5.650  31.367 0.0000000000
59289  29.510  -5.312  32.181 0.0000000000
59309  28.450  -6.015  30.665 0.0000000000
59310  27.696  -6.532  30.325 0.0000000000
58141  27.367  -5.977  32.176 0.0000000000
58161  26.969  -6.505  30.962 0.0000000000
58181  26.672  -7.993  30.328 0.0000000000
55691  25.825  -9.756  30.453 0.0000000000
56871  25.338  -7.344  32.200 0.0000000000
55668  25.086  -9.731  30.720 0.0000000000
64015  33.543  -2.718  31.202 0.0000000000
62904  33.425  -3.939  30.711 0.0000000000
61628  33.940  -5.077  29.633 0.0000000000
61644  34.112  -5.346  28.331 0.0000000000
60489  35.165  -5.059  26.699 0.0000000000
59355  36.199  -6.317  28.311 0.0000000000
59370  36.042  -6.263  27.878 0.0000000000
60470  35.806  -6.067  27.276 0.0000000000
60469  36.400  -6.270  26.823 0.0000000000
61677  37.440  -4.592  26.032 0.0000000000
60468  39.862  -5.297  27.064 0.0000000000
81931  47.560  13.247  10.901 0.0000000000
80003  45.849  11.042  11.598 0.0000000000
78980  46.752  11.057  10.806 0.0000000000
78965  48.274  9.901  10.774 0.0000000000
74738  42.395  7.042  14.424 0.0000000000
74723  42.603  6.342  14.758 0.0000000000
72516  42.572  5.094  15.605 0.0000000000
73632  40.276  5.883  15.455 0.0000000000
73616  40.073  5.226  15.809 0.0000000000
72518  40.780  5.342  15.591 0.0000000000
70035  43.003  2.881  18.218 0.0000000000
70050  42.061  2.939  17.630 0.0000000000
73576  37.628  6.234  19.321 0.0000000000
73591  36.772  5.226  18.655 0.0000000000
73590  37.189  5.293  18.067 0.0000000000
70042  36.628  2.828  18.775 0.0000000000
70041  37.143  2.918  18.327 0.0000000000
68887  37.418  2.033  18.603 0.0000000000
70055  37.747  2.988  18.063 0.0000000000
70054  38.295  2.972  17.875 0.0000000000
70053  39.163  2.895  17.657 0.0000000000
68883  41.271  1.397  18.504 0.0000000000
67718  41.040  0.809  18.883 0.0000000000
68866  41.602  1.140  18.996 0.0000000000
54523  36.009  -10.722  29.305 0.0000000000
53311  36.395  -11.235  29.939 0.0000000000
53289  37.022  -11.465  30.562 0.0000000000
53269  36.450  -11.993  31.702 0.0000000000
78932  41.610  9.895  15.533 0.0000000000
77852  42.102  9.311  14.265 0.0000000000
53118  23.257  -12.530  39.018 0.0000000000
55470  15.914  -8.360  40.341 0.0000000000
54325  14.113  -11.032  40.171 0.0000000000
51868  13.991  -13.051  40.252 0.0000000000
50631  14.088  -14.037  40.424 0.0000000000
53078  12.596  -11.007  41.750 0.0000000000
53095  11.739  -11.696  41.870 0.0000000000
49312  14.013  -15.371  42.379 0.0000000000
49289  13.510  -15.511  43.142 0.0000000000
50554  9.414  -14.224  43.293 0.0000000000
49268  8.849  -15.265  44.419 0.0000000000
48127  9.340  -16.051  44.103 0.0000000000
46936  9.829  -16.716  44.681 0.0000000000
45789  10.877  -17.928  45.861 0.0000000000
45790  9.839  -18.074  45.613 0.0000000000
45779  9.180  -18.244  45.846 0.0000000000
45780  8.523  -18.001  46.215 0.0000000000
45768  7.544  -18.025  47.658 0.0000000000
48048  8.412  -14.968  48.767 0.0000000000
62893  35.042  -3.883  31.631 0.0000000000
56955  35.872  -8.482  28.522 0.0000000000
55708  35.165  -9.280  29.069 0.0000000000
55731  35.324  -9.465  28.842 0.0000000000
54527  32.402  -10.152  29.310 0.0000000000
54503  32.347  -10.895  29.567 0.0000000000
53274  31.412  -11.224  30.761 0.0000000000
52027  33.303  -12.201  31.842 0.0000000000
52014  33.351  -12.333  32.428 0.0000000000
59325  29.989  -6.053  30.484 0.0000000000
58178  29.083  -7.366  29.803 0.0000000000
56914  27.928  -8.483  29.975 0.0000000000
55687  29.360  -8.892  30.386 0.0000000000
55641  29.487  -9.778  31.639 0.0000000000
54467  27.341  -11.768  31.517 0.0000000000
54466  27.905  -11.419  31.599 0.0000000000
53253  28.272  -11.629  32.089 0.0000000000
54465  28.708  -10.909  32.091 0.0000000000
54447  29.533  -10.948  32.869 0.0000000000
54431  30.173  -11.198  33.402 0.0000000000
73646  44.288  5.930  14.705 0.0000000000
65193  32.068  -2.388  29.166 0.0000000000
64029  31.835  -3.040  28.783 0.0000000000
65203  31.906  -1.811  28.529 0.0000000000
65214  31.637  -1.822  27.246 0.0000000000
65227  31.588  -1.789  26.067 0.0000000000
65245  31.710  -1.584  25.688 0.0000000000
62954  33.659  -4.410  25.848 0.0000000000
64073  34.746  -3.536  25.732 0.0000000000
62965  34.275  -3.892  25.562 0.0000000000
62967  32.517  -3.439  24.988 0.0000000000
64090  32.136  -2.751  24.807 0.0000000000
65244  31.913  -1.760  25.166 0.0000000000
65264  32.333  -1.664  24.326 0.0000000000
65283  33.710  -2.375  23.126 0.0000000000
65307  35.063  -2.063  21.966 0.0000000000
65279  38.210  -2.491  23.135 0.0000000000
65259  37.964  -2.558  24.033 0.0000000000
65258  38.850  -2.337  23.973 0.0000000000
55704  40.182  -8.819  29.654 0.0000000000
56905  40.666  -8.097  29.901 0.0000000000
58172  40.997  -7.356  30.037 0.0000000000
82927  49.070  13.971  10.494 0.0000000000
82920  50.095  15.154  10.992 0.0000000000
82933  50.773  14.550  9.937 0.0000000000
78988  49.307  10.165  9.609 0.0000000000
80948  50.328  12.485  9.187 0.0000000000
80946  51.973  13.195  8.739 0.0000000000
80954  52.353  12.668  8.431 0.0000000000
80025  52.595  11.508  7.966 0.0000000000
80024  53.398  11.145  7.489 0.0000000000
43241  8.978  -19.433  46.799 0.0000000000
44515  10.414  -18.497  46.340 0.0000000000
45777  11.536  -17.674  46.524 0.0000000000
46938  8.659  -16.400  45.022 0.0000000000
49337  11.274  -13.685  41.769 0.0000000000
52005  26.265  -13.062  33.863 0.0000000000
53175  29.203  -12.502  35.268 0.0000000000
53254  27.751  -12.072  32.041 0.0000000000
53275  26.637  -11.747  31.224 0.0000000000
54323  15.428  -10.183  39.653 0.0000000000
54433  29.250  -11.597  33.687 0.0000000000
54449  23.580  -10.645  32.280 0.0000000000
54490  24.801  -10.426  31.084 0.0000000000
54506  26.742  -10.435  30.632 0.0000000000
54542  35.088  -9.863  28.853 0.0000000000
55643  28.645  -10.322  31.632 0.0000000000
55646  22.977  -8.847  32.638 0.0000000000
56825  20.597  -8.122  34.238 0.0000000000
56933  35.370  -8.881  29.209 0.0000000000
56936  27.268  -8.105  30.079 0.0000000000
58122  21.436  -7.827  33.688 0.0000000000
58195  27.618  -7.990  29.844 0.0000000000
58196  27.410  -7.958  29.977 0.0000000000
59328  27.835  -7.085  29.891 0.0000000000
60472  34.555  -5.349  27.728 0.0000000000
61646  32.638  -4.619  28.198 0.0000000000
62934  37.567  -3.335  26.782 0.0000000000
62948  38.439  -3.746  26.531 0.0000000000
62976  33.147  -3.406  24.664 0.0000000000
65226  35.770  -2.916  25.577 0.0000000000
65228  31.648  -1.447  25.886 0.0000000000
65285  32.550  -1.672  23.901 0.0000000000
66377  31.616  -1.213  25.962 0.0000000000
66392  31.695  -1.341  25.648 0.0000000000
66404  32.344  -0.195  24.475 0.0000000000
77832  40.836  9.149  16.261 0.0000000000
80930  44.958  11.859  12.814 0.0000000000
80938  46.487  12.110  11.417 0.0000000000
81928  46.659  13.103  12.017 0.0000000000
