#!ascii label  , from subject sub.01.bl.01.long.sub.01.base.03 vox2ras=TkReg
923
95715  43.844  26.914  14.702 0.0000000000
95812  47.545  27.796  2.387 0.0000000000
98387  44.133  30.478  3.476 0.0000000000
91240  49.475  22.988  -5.716 0.0000000000
95776  41.342  27.105  6.862 0.0000000000
100709  49.554  33.731  8.022 0.0000000000
95865  50.159  27.324  -2.851 0.0000000000
95012  39.010  27.112  -4.250 0.0000000000
96606  52.261  28.853  9.295 0.0000000000
96628  46.493  28.996  8.059 0.0000000000
93118  44.450  24.319  2.612 0.0000000000
100776  40.547  33.707  -0.952 0.0000000000
97532  42.564  28.341  -3.300 0.0000000000
98382  49.868  30.178  2.781 0.0000000000
97541  47.659  29.401  -4.001 0.0000000000
98466  39.325  30.468  -5.328 0.0000000000
98304  47.563  30.483  11.772 0.0000000000
97420  44.679  29.745  11.091 0.0000000000
94023  43.532  25.290  5.077 0.0000000000
100738  44.578  34.046  4.054 0.0000000000
101540  43.769  34.902  0.453 0.0000000000
99214  41.121  32.235  2.322 0.0000000000
98443  40.379  30.240  -0.707 0.0000000000
98429  42.753  30.252  0.394 0.0000000000
96651  50.281  28.489  6.346 0.0000000000
97450  51.199  29.213  6.232 0.0000000000
96672  50.242  29.316  2.832 0.0000000000
95017  51.637  25.968  -5.199 0.0000000000
96731  50.274  28.671  -3.417 0.0000000000
95915  49.721  27.511  -5.819 0.0000000000
95918  47.687  28.008  -6.220 0.0000000000
93188  48.333  24.023  -5.371 0.0000000000
89140  45.321  21.226  -3.450 0.0000000000
94871  41.076  25.808  12.629 0.0000000000
96610  42.150  28.190  10.564 0.0000000000
99978  45.800  32.257  6.516 0.0000000000
94090  46.931  25.543  -0.392 0.0000000000
95833  48.526  27.920  -0.244 0.0000000000
93166  48.818  24.828  -2.625 0.0000000000
92221  51.771  23.812  -4.472 0.0000000000
99140  54.162  31.543  12.988 0.0000000000
98300  51.434  30.345  12.238 0.0000000000
96616  49.739  29.119  9.079 0.0000000000
95779  47.260  27.510  5.392 0.0000000000
96645  43.682  28.500  7.131 0.0000000000
95781  45.027  26.909  5.433 0.0000000000
94936  45.999  26.613  3.097 0.0000000000
92190  45.704  23.671  0.393 0.0000000000
95728  38.967  26.780  13.265 0.0000000000
100788  44.501  34.310  -3.321 0.0000000000
100819  41.309  33.281  -5.481 0.0000000000
99247  39.321  31.116  -3.082 0.0000000000
95867  40.699  27.326  -3.248 0.0000000000
95023  42.844  26.437  -4.845 0.0000000000
98335  51.265  30.493  9.325 0.0000000000
98349  49.269  30.233  7.106 0.0000000000
98385  46.475  30.007  3.487 0.0000000000
97495  49.729  29.470  -0.529 0.0000000000
97486  48.183  30.137  0.183 0.0000000000
97488  45.962  29.625  -0.284 0.0000000000
97543  45.438  29.294  -4.396 0.0000000000
95907  44.812  27.638  -5.877 0.0000000000
99268  39.006  31.500  -5.688 0.0000000000
100058  40.405  32.784  -6.817 0.0000000000
127397  45.339  28.574  13.448 0.0000000000
97382  44.702  28.248  12.913 0.0000000000
99985  43.370  32.304  4.790 0.0000000000
100741  42.231  32.733  3.549 0.0000000000
98389  42.368  31.240  3.253 0.0000000000
98417  41.280  31.092  1.645 0.0000000000
98415  43.646  30.225  1.396 0.0000000000
96664  49.230  28.291  4.892 0.0000000000
96663  49.973  28.583  4.207 0.0000000000
96683  49.039  28.584  2.599 0.0000000000
92245  51.209  24.429  -5.901 0.0000000000
95032  50.849  26.404  -5.654 0.0000000000
93195  49.872  24.593  -5.995 0.0000000000
94127  49.384  25.946  -5.741 0.0000000000
92248  48.953  23.900  -5.847 0.0000000000
90229  47.064  22.073  -5.217 0.0000000000
89159  48.159  21.540  -5.237 0.0000000000
94885  40.594  26.597  10.960 0.0000000000
100721  46.808  33.672  6.040 0.0000000000
100711  47.783  32.596  7.680 0.0000000000
92200  47.483  23.802  -1.471 0.0000000000
93158  47.967  24.772  -1.794 0.0000000000
92207  48.526  23.458  -2.662 0.0000000000
91223  51.545  22.770  -4.118 0.0000000000
90213  53.327  22.649  -4.737 0.0000000000
90222  53.127  23.384  -5.067 0.0000000000
98337  46.764  30.299  10.164 0.0000000000
97417  48.850  30.037  10.234 0.0000000000
97437  47.841  29.383  8.877 0.0000000000
96641  48.020  28.422  7.459 0.0000000000
96642  47.045  28.488  7.465 0.0000000000
96633  41.294  28.356  8.369 0.0000000000
97442  42.855  29.284  9.002 0.0000000000
95765  42.242  27.977  6.865 0.0000000000
93092  43.945  24.780  4.201 0.0000000000
94904  44.272  26.185  5.276 0.0000000000
94037  44.842  25.678  3.721 0.0000000000
94927  45.812  26.727  4.018 0.0000000000
94064  45.028  25.317  2.240 0.0000000000
94076  45.498  25.353  1.503 0.0000000000
92175  45.227  23.593  1.081 0.0000000000
90154  47.240  21.009  0.187 0.0000000000
101542  41.630  34.486  -0.068 0.0000000000
101567  43.573  34.391  -1.713 0.0000000000
101585  42.359  34.102  -2.476 0.0000000000
100803  42.642  34.003  -4.175 0.0000000000
100792  40.612  33.423  -3.289 0.0000000000
100806  39.923  32.528  -4.024 0.0000000000
100030  39.428  32.137  -2.756 0.0000000000
97517  41.798  28.610  -2.216 0.0000000000
97518  40.576  28.979  -1.657 0.0000000000
96723  41.707  27.770  -3.008 0.0000000000
95897  41.391  26.735  -4.214 0.0000000000
96744  42.848  27.291  -5.163 0.0000000000
98320  52.719  30.012  10.628 0.0000000000
99160  52.782  31.107  11.031 0.0000000000
98334  52.194  29.661  9.192 0.0000000000
98359  50.321  29.649  4.378 0.0000000000
98348  50.718  29.637  6.915 0.0000000000
98360  49.629  29.778  4.745 0.0000000000
98362  47.173  30.016  5.427 0.0000000000
98384  47.896  30.241  3.219 0.0000000000
95856  48.941  27.532  -1.738 0.0000000000
96706  49.033  28.317  -0.563 0.0000000000
96711  49.463  28.507  -1.312 0.0000000000
97540  48.703  29.426  -3.772 0.0000000000
97510  49.253  29.541  -1.648 0.0000000000
97511  48.426  29.608  -1.749 0.0000000000
97487  46.950  29.849  0.042 0.0000000000
97499  46.632  29.524  -1.014 0.0000000000
97514  45.091  29.347  -2.215 0.0000000000
97542  46.569  29.345  -4.220 0.0000000000
95020  47.663  27.119  -4.785 0.0000000000
95906  46.129  27.896  -5.748 0.0000000000
95004  46.542  26.751  -3.699 0.0000000000
95005  45.128  26.778  -3.524 0.0000000000
100702  51.776  33.779  8.817 0.0000000000
97559  38.643  30.085  -4.909 0.0000000000
97558  38.902  29.856  -4.714 0.0000000000
98273  48.478  29.716  14.097 0.0000000000
97372  47.358  29.518  13.616 0.0000000000
97400  46.260  29.888  11.976 0.0000000000
97430  45.426  30.198  10.058 0.0000000000
94899  42.364  26.299  6.241 0.0000000000
101517  44.046  34.466  2.660 0.0000000000
100761  41.858  33.879  1.705 0.0000000000
100012  40.433  32.695  1.100 0.0000000000
99235  39.647  31.489  -0.624 0.0000000000
98431  40.613  30.996  0.575 0.0000000000
98442  41.876  29.977  -0.484 0.0000000000
97516  42.939  29.080  -2.331 0.0000000000
96638  51.096  28.544  7.137 0.0000000000
96636  51.893  28.987  7.621 0.0000000000
96650  51.101  28.834  5.998 0.0000000000
97454  50.562  29.438  4.046 0.0000000000
98381  50.322  29.984  2.680 0.0000000000
95018  51.205  26.382  -4.687 0.0000000000
96720  50.441  27.801  -2.977 0.0000000000
95890  51.091  27.094  -4.877 0.0000000000
96751  50.536  28.033  -5.045 0.0000000000
97564  48.876  29.068  -5.570 0.0000000000
97565  48.016  29.391  -5.914 0.0000000000
95916  49.001  27.892  -6.154 0.0000000000
95019  48.608  26.329  -4.945 0.0000000000
93176  47.750  24.603  -4.049 0.0000000000
89139  45.814  20.731  -3.914 0.0000000000
94858  42.230  26.350  13.971 0.0000000000
95745  43.093  27.311  12.365 0.0000000000
95747  41.739  27.027  11.514 0.0000000000
95753  40.942  27.600  10.102 0.0000000000
95758  40.288  27.342  8.316 0.0000000000
101499  46.431  34.272  4.830 0.0000000000
100723  44.644  32.799  5.486 0.0000000000
98364  44.572  30.883  5.185 0.0000000000
95835  47.170  27.380  0.882 0.0000000000
95822  47.651  27.830  1.410 0.0000000000
94963  47.254  26.638  -0.274 0.0000000000
94974  48.358  26.649  -1.831 0.0000000000
94104  49.743  25.744  -3.265 0.0000000000
91224  49.973  22.946  -3.459 0.0000000000
93174  49.831  24.747  -3.441 0.0000000000
94110  51.194  25.322  -4.394 0.0000000000
93181  52.333  24.732  -4.879 0.0000000000
127378  52.360  23.918  -5.585 0.0000000000
90225  50.863  22.074  -5.451 0.0000000000
89148  48.783  21.075  -4.668 0.0000000000
98282  52.737  30.662  13.580 0.0000000000
97398  51.789  29.717  11.320 0.0000000000
98302  49.333  30.562  12.063 0.0000000000
97415  50.877  29.629  10.638 0.0000000000
96615  50.853  28.729  9.396 0.0000000000
96639  50.169  28.420  7.349 0.0000000000
95778  48.561  27.950  5.760 0.0000000000
95789  48.170  27.823  4.513 0.0000000000
97421  43.612  29.031  11.052 0.0000000000
97431  44.140  29.886  10.000 0.0000000000
96629  45.421  29.079  8.002 0.0000000000
95774  43.294  27.290  6.313 0.0000000000
95773  44.638  27.472  6.146 0.0000000000
96654  45.770  27.856  6.752 0.0000000000
95780  46.054  27.376  5.461 0.0000000000
95804  46.584  27.197  3.730 0.0000000000
95813  46.706  27.257  2.716 0.0000000000
94075  46.019  25.826  1.010 0.0000000000
93150  46.615  24.624  -0.300 0.0000000000
91198  47.191  22.931  -1.202 0.0000000000
90156  45.506  22.324  0.967 0.0000000000
90173  46.473  22.382  -0.275 0.0000000000
95718  41.304  26.632  13.843 0.0000000000
94860  39.924  26.037  13.607 0.0000000000
94873  37.954  26.260  13.000 0.0000000000
101582  45.657  34.539  -2.656 0.0000000000
100829  44.584  33.736  -6.073 0.0000000000
100820  40.605  32.630  -5.678 0.0000000000
98461  39.328  30.288  -4.557 0.0000000000
97547  39.136  29.455  -4.021 0.0000000000
98450  39.457  30.144  -2.099 0.0000000000
96725  39.624  28.300  -2.893 0.0000000000
95869  39.350  27.914  -3.410 0.0000000000
99963  50.405  32.148  9.662 0.0000000000
98342  51.487  29.519  8.150 0.0000000000
98343  50.178  30.311  8.336 0.0000000000
99175  48.503  31.443  8.166 0.0000000000
98351  47.131  30.896  6.984 0.0000000000
98363  45.846  30.577  5.592 0.0000000000
98386  45.294  30.082  3.419 0.0000000000
96690  49.010  28.679  1.572 0.0000000000
97477  49.916  29.722  1.411 0.0000000000
98409  49.989  30.088  0.868 0.0000000000
97509  49.626  29.155  -1.551 0.0000000000
98438  49.678  30.179  -0.285 0.0000000000
98411  48.744  30.460  1.347 0.0000000000
98412  47.798  30.199  1.334 0.0000000000
98400  45.803  30.189  2.345 0.0000000000
98401  44.501  30.224  2.427 0.0000000000
98428  44.099  29.768  0.098 0.0000000000
97515  43.990  29.387  -2.329 0.0000000000
97531  43.576  29.035  -3.413 0.0000000000
97554  46.282  29.280  -5.340 0.0000000000
97568  44.771  28.428  -6.161 0.0000000000
96742  43.571  28.242  -5.631 0.0000000000
95908  43.827  26.973  -5.632 0.0000000000
90197  44.650  21.434  -2.507 0.0000000000
100052  39.778  32.317  -6.161 0.0000000000
100065  41.014  32.871  -7.425 0.0000000000
95714  44.504  27.337  14.925 0.0000000000
127394  44.893  27.789  13.785 0.0000000000
95723  44.370  27.417  14.172 0.0000000000
98374  43.190  31.168  4.158 0.0000000000
99196  42.688  31.991  4.171 0.0000000000
98388  42.940  30.914  3.578 0.0000000000
98402  43.271  30.584  2.521 0.0000000000
96675  48.236  28.094  3.530 0.0000000000
96674  48.875  28.348  3.729 0.0000000000
96684  48.249  28.194  2.978 0.0000000000
92246  50.607  23.914  -5.969 0.0000000000
93194  50.684  24.883  -5.940 0.0000000000
92247  49.558  23.785  -5.963 0.0000000000
91241  48.461  22.834  -5.602 0.0000000000
90227  48.716  22.268  -5.385 0.0000000000
101471  50.170  34.120  7.834 0.0000000000
100713  49.175  34.121  7.398 0.0000000000
100714  48.537  33.824  7.109 0.0000000000
100710  48.490  32.923  8.097 0.0000000000
91207  47.767  22.932  -1.805 0.0000000000
92208  48.053  23.743  -2.185 0.0000000000
91206  48.330  22.870  -2.403 0.0000000000
89144  53.144  21.478  -4.537 0.0000000000
89156  53.026  21.946  -5.322 0.0000000000
97438  46.952  29.434  8.865 0.0000000000
97428  47.426  29.919  9.644 0.0000000000
96627  47.523  28.924  8.185 0.0000000000
95766  41.055  27.501  7.344 0.0000000000
96647  41.853  28.398  7.587 0.0000000000
95775  41.871  27.172  6.618 0.0000000000
93106  44.032  24.332  3.655 0.0000000000
94038  44.341  25.334  4.182 0.0000000000
94053  44.481  25.085  3.290 0.0000000000
94052  44.971  25.542  3.014 0.0000000000
94065  44.642  25.055  2.663 0.0000000000
93129  44.863  24.422  1.728 0.0000000000
93130  44.552  23.876  2.041 0.0000000000
101543  41.026  34.188  -0.684 0.0000000000
101555  41.750  34.284  -1.149 0.0000000000
101570  41.217  33.891  -1.827 0.0000000000
100791  41.753  33.898  -2.911 0.0000000000
100783  40.878  33.696  -2.049 0.0000000000
100784  39.876  33.051  -2.425 0.0000000000
100777  39.964  33.167  -1.331 0.0000000000
96722  42.308  27.922  -3.461 0.0000000000
96733  42.537  27.732  -4.169 0.0000000000
97546  42.775  28.201  -3.992 0.0000000000
97413  52.320  29.275  9.992 0.0000000000
97424  52.417  29.235  9.352 0.0000000000
98368  49.750  30.031  3.699 0.0000000000
98369  48.769  29.867  3.962 0.0000000000
98383  49.043  30.221  2.966 0.0000000000
95866  49.416  27.231  -2.477 0.0000000000
95855  49.628  27.830  -2.196 0.0000000000
97526  49.015  29.443  -2.680 0.0000000000
97527  48.038  29.420  -2.851 0.0000000000
97512  47.351  29.436  -1.908 0.0000000000
97528  46.947  29.251  -3.045 0.0000000000
95003  47.528  26.388  -4.059 0.0000000000
95021  46.716  27.319  -4.669 0.0000000000
94989  46.408  26.098  -2.791 0.0000000000
98472  39.087  30.635  -5.690 0.0000000000
98473  38.757  30.648  -5.448 0.0000000000
97570  38.954  30.234  -5.345 0.0000000000
96746  38.473  29.251  -4.411 0.0000000000
97367  47.556  29.169  14.649 0.0000000000
127388  47.074  28.662  14.985 0.0000000000
97401  45.550  29.677  11.895 0.0000000000
97381  46.534  29.577  12.815 0.0000000000
98327  45.824  30.222  10.853 0.0000000000
97419  45.334  30.080  10.999 0.0000000000
101505  45.213  34.350  3.890 0.0000000000
101516  45.006  34.644  2.909 0.0000000000
100750  43.834  34.175  3.340 0.0000000000
100000  41.777  32.482  3.216 0.0000000000
100752  42.052  33.343  2.918 0.0000000000
100753  41.333  33.260  2.203 0.0000000000
100762  40.921  33.483  1.442 0.0000000000
100007  40.892  32.701  1.984 0.0000000000
99227  40.109  31.760  0.594 0.0000000000
99221  40.800  31.856  1.794 0.0000000000
98430  41.512  30.542  0.510 0.0000000000
97503  42.385  29.429  -1.363 0.0000000000
98441  43.031  29.873  -0.616 0.0000000000
96659  50.199  28.564  5.303 0.0000000000
96673  49.859  28.719  3.137 0.0000000000
96658  50.661  28.930  4.666 0.0000000000
96662  50.410  29.073  3.647 0.0000000000
97463  50.414  29.604  3.192 0.0000000000
96681  50.173  29.546  2.420 0.0000000000
95875  50.837  27.178  -4.029 0.0000000000
95042  50.337  26.523  -5.816 0.0000000000
95903  50.618  27.084  -5.480 0.0000000000
96763  50.002  27.974  -5.601 0.0000000000
96752  49.714  28.614  -5.247 0.0000000000
96764  49.178  28.399  -5.947 0.0000000000
93187  48.801  24.482  -5.575 0.0000000000
94128  49.042  25.714  -5.545 0.0000000000
94120  48.665  25.465  -4.988 0.0000000000
94121  48.166  25.765  -4.352 0.0000000000
93184  48.310  24.522  -4.910 0.0000000000
91233  47.434  23.151  -5.036 0.0000000000
89160  47.274  21.433  -5.279 0.0000000000
89161  46.768  21.493  -5.065 0.0000000000
94870  41.773  26.400  13.092 0.0000000000
94879  42.284  26.672  12.651 0.0000000000
94880  41.618  26.521  12.161 0.0000000000
95751  40.619  27.235  10.376 0.0000000000
95754  40.275  27.462  9.537 0.0000000000
96620  40.514  27.818  9.002 0.0000000000
95755  39.824  27.141  8.867 0.0000000000
100716  46.512  32.985  6.729 0.0000000000
100722  45.669  33.103  6.028 0.0000000000
99980  45.132  32.262  6.077 0.0000000000
99981  44.404  32.128  5.646 0.0000000000
99189  45.118  31.409  5.945 0.0000000000
94955  46.609  26.599  0.697 0.0000000000
94954  47.179  27.118  0.396 0.0000000000
93157  48.368  25.307  -2.067 0.0000000000
94097  48.091  25.808  -1.697 0.0000000000
94096  48.588  25.852  -2.244 0.0000000000
94105  49.173  25.823  -2.728 0.0000000000
93165  49.369  25.292  -3.023 0.0000000000
91214  49.486  22.502  -3.232 0.0000000000
92222  50.599  23.778  -3.885 0.0000000000
93173  50.933  24.643  -4.200 0.0000000000
93182  51.875  24.670  -4.617 0.0000000000
90223  52.435  23.125  -5.372 0.0000000000
90224  51.732  22.503  -5.548 0.0000000000
92237  51.313  23.081  -5.760 0.0000000000
90214  50.642  21.345  -5.259 0.0000000000
98283  51.645  30.591  13.438 0.0000000000
98299  52.537  30.249  12.061 0.0000000000
98286  48.539  30.322  13.002 0.0000000000
98285  49.467  30.391  13.224 0.0000000000
98303  48.397  30.585  11.945 0.0000000000
97426  49.350  29.506  9.675 0.0000000000
97416  49.723  29.847  10.425 0.0000000000
97425  50.146  29.367  9.807 0.0000000000
96625  49.962  28.591  8.348 0.0000000000
95770  47.737  27.931  6.552 0.0000000000
96653  48.536  28.239  6.908 0.0000000000
95769  48.524  28.099  6.453 0.0000000000
96604  42.489  27.675  11.336 0.0000000000
96603  43.216  27.991  11.714 0.0000000000
96609  42.996  28.483  10.916 0.0000000000
96631  43.238  29.135  8.060 0.0000000000
97432  43.226  29.389  9.889 0.0000000000
97441  43.748  29.527  8.933 0.0000000000
97440  44.833  29.689  8.903 0.0000000000
96630  44.303  29.232  7.934 0.0000000000
94905  43.196  26.180  5.756 0.0000000000
94898  42.950  26.602  6.088 0.0000000000
94903  44.786  26.451  5.109 0.0000000000
95782  44.195  26.920  5.765 0.0000000000
96655  45.241  28.033  6.635 0.0000000000
95772  45.658  27.576  6.207 0.0000000000
95763  46.182  27.771  6.739 0.0000000000
94945  46.014  26.399  1.909 0.0000000000
93142  45.487  24.456  0.932 0.0000000000
93141  45.990  24.531  0.261 0.0000000000
92189  46.297  23.725  -0.188 0.0000000000
92201  46.929  23.766  -0.760 0.0000000000
91199  46.638  22.903  -0.582 0.0000000000
89103  47.855  21.150  -0.632 0.0000000000
95725  41.220  27.100  13.881 0.0000000000
95727  39.610  26.839  13.583 0.0000000000
95726  40.552  26.719  13.684 0.0000000000
93969  39.989  25.386  13.241 0.0000000000
93970  39.282  25.535  13.371 0.0000000000
101583  44.559  34.381  -2.864 0.0000000000
101566  44.658  34.707  -1.666 0.0000000000
101599  44.973  34.247  -3.361 0.0000000000
100800  46.050  34.081  -4.191 0.0000000000
100801  44.892  34.111  -3.817 0.0000000000
100815  45.871  33.845  -4.939 0.0000000000
100816  44.753  33.705  -4.965 0.0000000000
100818  42.435  33.653  -5.283 0.0000000000
100833  40.679  32.583  -6.174 0.0000000000
100037  39.639  32.048  -4.070 0.0000000000
100044  39.666  31.537  -4.645 0.0000000000
99253  39.530  30.998  -4.193 0.0000000000
98456  39.251  30.173  -3.519 0.0000000000
98444  39.638  30.781  -1.276 0.0000000000
96724  40.503  27.837  -2.731 0.0000000000
97519  39.706  29.036  -2.171 0.0000000000
95868  39.864  27.539  -3.269 0.0000000000
95882  40.239  26.984  -3.766 0.0000000000
95898  40.888  26.663  -3.958 0.0000000000
95024  42.033  26.432  -4.464 0.0000000000
99147  54.125  32.229  11.794 0.0000000000
99161  51.885  31.155  10.309 0.0000000000
99953  52.314  31.659  10.710 0.0000000000
99962  51.623  32.164  10.323 0.0000000000
100696  51.043  32.619  9.718 0.0000000000
99169  51.060  31.406  9.882 0.0000000000
97449  51.627  29.106  6.830 0.0000000000
97436  51.948  29.130  8.099 0.0000000000
97447  51.460  29.292  6.918 0.0000000000
99174  49.445  31.259  8.752 0.0000000000
98345  48.273  31.093  7.764 0.0000000000
99178  47.805  31.469  7.664 0.0000000000
98350  47.892  30.724  7.252 0.0000000000
98370  47.520  29.858  4.277 0.0000000000
98371  46.257  29.950  4.521 0.0000000000
97456  45.707  29.913  4.170 0.0000000000
97464  45.783  29.888  3.810 0.0000000000
95834  47.874  27.655  0.390 0.0000000000
96698  48.331  28.255  1.161 0.0000000000
96697  48.928  28.534  0.451 0.0000000000
96705  49.516  28.913  -0.179 0.0000000000
96696  49.525  29.059  0.446 0.0000000000
97484  49.814  29.549  0.435 0.0000000000
96721  50.086  28.355  -2.508 0.0000000000
97525  49.759  29.150  -2.550 0.0000000000
97497  48.931  30.095  -0.686 0.0000000000
97485  48.873  30.355  -0.008 0.0000000000
98424  48.979  30.455  0.542 0.0000000000
98398  48.342  30.394  2.197 0.0000000000
97478  47.971  30.133  0.783 0.0000000000
98426  46.195  29.796  0.329 0.0000000000
98413  46.467  29.987  1.108 0.0000000000
98414  44.978  29.975  1.316 0.0000000000
97489  45.071  29.524  -0.399 0.0000000000
97530  44.679  29.312  -3.364 0.0000000000
97577  47.781  29.059  -6.602 0.0000000000
97566  47.106  29.218  -6.073 0.0000000000
96767  46.917  28.599  -6.412 0.0000000000
96755  45.507  28.220  -6.091 0.0000000000
96768  44.569  28.000  -6.377 0.0000000000
97556  43.888  28.488  -5.508 0.0000000000
96769  43.921  27.862  -6.418 0.0000000000
95921  43.584  27.263  -5.914 0.0000000000
95920  43.990  27.446  -6.212 0.0000000000
94990  45.706  26.203  -2.508 0.0000000000
95878  44.485  26.938  -4.360 0.0000000000
91227  45.949  22.494  -3.252 0.0000000000
90196  45.044  21.587  -2.836 0.0000000000
99261  38.581  31.275  -5.252 0.0000000000
99267  39.508  31.412  -5.665 0.0000000000
127389  46.584  28.910  14.311 0.0000000000
97402  44.460  28.740  12.143 0.0000000000
100730  43.769  32.965  4.869 0.0000000000
100739  43.903  33.762  3.969 0.0000000000
99986  42.907  32.358  4.384 0.0000000000
99993  42.155  32.255  3.537 0.0000000000
99213  41.562  31.791  2.772 0.0000000000
99220  41.269  31.510  2.149 0.0000000000
98403  42.130  31.068  2.624 0.0000000000
98416  42.400  30.617  1.535 0.0000000000
94126  51.890  25.344  -5.672 0.0000000000
95031  51.314  26.039  -5.589 0.0000000000
94132  51.410  25.632  -5.837 0.0000000000
94133  50.865  25.653  -5.902 0.0000000000
94134  49.800  25.745  -5.860 0.0000000000
94135  49.376  24.949  -5.779 0.0000000000
92239  48.412  23.556  -5.557 0.0000000000
91242  47.601  22.788  -5.341 0.0000000000
90228  47.825  22.119  -5.493 0.0000000000
89149  47.611  20.797  -5.005 0.0000000000
93968  40.490  25.391  12.890 0.0000000000
94881  40.821  25.966  11.741 0.0000000000
93988  40.200  25.641  11.722 0.0000000000
101489  47.382  34.018  5.961 0.0000000000
100720  47.723  33.798  6.418 0.0000000000
100715  47.466  33.132  7.120 0.0000000000
99976  46.898  32.667  7.123 0.0000000000
93149  47.260  24.689  -0.940 0.0000000000
94089  47.533  25.678  -1.056 0.0000000000
92215  48.480  24.041  -2.586 0.0000000000
91222  52.318  22.318  -3.965 0.0000000000
91221  52.737  22.602  -4.231 0.0000000000
91232  52.773  23.228  -4.534 0.0000000000
92230  52.719  23.916  -4.852 0.0000000000
98284  50.530  30.500  13.344 0.0000000000
98325  47.325  30.443  10.704 0.0000000000
98324  48.226  30.410  10.949 0.0000000000
97418  48.091  30.210  10.100 0.0000000000
97427  48.490  29.575  9.446 0.0000000000
96626  48.734  28.917  8.507 0.0000000000
96618  41.874  28.706  9.302 0.0000000000
97433  42.497  29.013  9.753 0.0000000000
96632  42.271  28.896  8.370 0.0000000000
96646  42.722  28.516  7.474 0.0000000000
94039  43.866  25.081  4.517 0.0000000000
94022  44.109  25.532  4.772 0.0000000000
94917  44.458  25.821  4.720 0.0000000000
94916  45.023  26.297  4.557 0.0000000000
95792  45.597  26.944  4.929 0.0000000000
94928  45.364  26.133  3.517 0.0000000000
94937  45.492  25.954  2.649 0.0000000000
94946  45.521  25.752  2.085 0.0000000000
90139  46.201  21.008  1.360 0.0000000000
90153  48.355  20.750  0.506 0.0000000000
101541  42.739  34.658  0.181 0.0000000000
101553  43.681  34.698  -0.681 0.0000000000
101554  42.638  34.474  -0.866 0.0000000000
101584  43.335  34.267  -2.546 0.0000000000
100802  43.812  34.148  -4.129 0.0000000000
100790  42.971  34.204  -3.245 0.0000000000
100804  41.450  33.638  -4.286 0.0000000000
100805  40.311  32.792  -4.462 0.0000000000
100793  39.891  32.720  -3.515 0.0000000000
97504  41.369  29.406  -1.213 0.0000000000
96714  41.052  28.284  -2.348 0.0000000000
95881  41.222  27.086  -3.742 0.0000000000
95880  41.778  27.173  -4.183 0.0000000000
95896  42.100  26.885  -4.688 0.0000000000
95895  42.589  26.734  -4.930 0.0000000000
98319  53.229  30.608  11.718 0.0000000000
99148  53.746  31.420  11.806 0.0000000000
99159  53.115  30.748  11.401 0.0000000000
98321  52.235  30.412  10.127 0.0000000000
98353  50.448  29.529  5.512 0.0000000000
98354  49.490  29.703  5.959 0.0000000000
98355  48.183  30.067  6.282 0.0000000000
98361  48.485  29.789  5.114 0.0000000000
95846  48.677  27.722  -0.920 0.0000000000
96712  49.068  28.029  -1.127 0.0000000000
97539  49.644  29.233  -3.565 0.0000000000
97498  47.769  29.746  -0.829 0.0000000000
97500  45.549  29.472  -1.179 0.0000000000
97513  46.222  29.291  -2.077 0.0000000000
97529  45.811  29.306  -3.226 0.0000000000
95905  47.257  27.779  -5.840 0.0000000000
96754  46.701  28.294  -6.208 0.0000000000
95891  46.730  27.595  -5.235 0.0000000000
95892  45.832  27.512  -4.934 0.0000000000
95893  44.653  27.230  -5.038 0.0000000000
95877  45.315  27.192  -4.267 0.0000000000
100708  50.679  33.728  8.185 0.0000000000
98467  38.384  30.662  -4.902 0.0000000000
96736  38.604  28.424  -3.898 0.0000000000
97371  47.861  29.470  14.021 0.0000000000
98287  47.715  30.169  12.779 0.0000000000
97380  47.202  29.809  12.898 0.0000000000
98288  47.136  30.107  12.423 0.0000000000
98326  46.476  30.384  10.861 0.0000000000
97429  46.449  29.980  9.612 0.0000000000
97439  45.949  29.629  8.851 0.0000000000
94013  42.189  25.323  5.968 0.0000000000
94024  42.785  25.256  5.570 0.0000000000
93079  42.924  24.431  5.174 0.0000000000
93093  43.543  24.348  4.455 0.0000000000
93107  43.676  23.847  3.969 0.0000000000
92152  44.196  23.584  3.018 0.0000000000
92163  44.507  23.296  2.338 0.0000000000
101527  44.877  34.797  1.891 0.0000000000
101528  43.922  34.750  1.570 0.0000000000
100751  43.159  33.977  3.111 0.0000000000
100760  42.611  34.041  2.274 0.0000000000
101529  42.846  34.531  1.350 0.0000000000
101530  42.023  34.457  0.853 0.0000000000
100769  40.589  33.678  0.228 0.0000000000
100770  40.038  33.206  -0.467 0.0000000000
100018  39.634  32.531  -0.603 0.0000000000
100013  39.885  32.711  0.225 0.0000000000
99234  40.120  31.102  -0.002 0.0000000000
96614  51.745  28.571  8.862 0.0000000000
96613  52.195  28.852  8.638 0.0000000000
96623  51.697  28.698  7.980 0.0000000000
96637  51.708  28.902  7.154 0.0000000000
96649  51.518  29.017  6.536 0.0000000000
97452  50.784  29.266  5.101 0.0000000000
98367  50.283  29.862  3.438 0.0000000000
95876  50.609  26.930  -3.530 0.0000000000
96730  50.543  27.953  -3.403 0.0000000000
96740  50.638  27.989  -4.193 0.0000000000
95889  51.151  26.516  -5.304 0.0000000000
96741  50.138  28.733  -4.375 0.0000000000
97551  49.295  29.168  -4.604 0.0000000000
97552  48.328  29.358  -4.880 0.0000000000
97553  47.327  29.382  -5.137 0.0000000000
97576  48.519  29.012  -6.299 0.0000000000
96765  48.401  28.483  -6.379 0.0000000000
95917  48.412  27.836  -6.109 0.0000000000
95043  49.257  27.081  -5.897 0.0000000000
95044  48.780  27.391  -5.930 0.0000000000
95904  48.004  27.769  -5.865 0.0000000000
95035  47.920  27.538  -5.522 0.0000000000
92224  47.276  23.793  -3.816 0.0000000000
90206  45.835  21.685  -3.785 0.0000000000
91243  47.184  22.465  -5.137 0.0000000000
90217  46.433  21.690  -4.602 0.0000000000
90218  46.137  21.520  -4.230 0.0000000000
94849  43.378  26.616  14.665 0.0000000000
95724  43.668  27.124  14.010 0.0000000000
95736  42.841  26.872  12.648 0.0000000000
95746  42.408  27.204  11.966 0.0000000000
95749  42.060  27.448  11.208 0.0000000000
94884  41.253  26.648  11.420 0.0000000000
95750  41.356  27.310  10.795 0.0000000000
96611  41.373  27.823  10.263 0.0000000000
96619  41.117  28.048  9.490 0.0000000000
95757  40.759  27.897  8.114 0.0000000000
94894  40.811  26.919  7.155 0.0000000000
101504  46.121  34.565  4.090 0.0000000000
101500  45.709  34.173  4.595 0.0000000000
100727  46.609  34.021  5.367 0.0000000000
100728  46.006  33.828  5.281 0.0000000000
100729  44.888  33.703  4.826 0.0000000000
100724  44.131  32.539  5.334 0.0000000000
99190  43.990  31.542  5.232 0.0000000000
98373  43.816  30.923  4.421 0.0000000000
95847  48.063  27.313  -0.596 0.0000000000
94975  47.852  26.588  -1.175 0.0000000000
95857  48.323  27.204  -1.287 0.0000000000
94988  48.907  26.662  -2.433 0.0000000000
94987  49.613  26.545  -2.861 0.0000000000
91215  48.960  22.869  -3.097 0.0000000000
92214  48.937  23.815  -3.029 0.0000000000
93175  49.272  24.310  -3.138 0.0000000000
94111  50.469  25.525  -3.833 0.0000000000
95002  50.251  26.401  -3.425 0.0000000000
95001  50.859  26.202  -4.179 0.0000000000
94119  51.777  25.481  -4.740 0.0000000000
94118  52.398  24.760  -5.271 0.0000000000
127375  52.711  23.817  -5.225 0.0000000000
94125  52.244  24.512  -5.716 0.0000000000
127379  51.799  23.929  -5.744 0.0000000000
91239  50.325  22.693  -5.714 0.0000000000
90226  49.674  22.226  -5.408 0.0000000000
90215  49.819  21.543  -5.134 0.0000000000
98298  53.543  30.753  12.686 0.0000000000
97397  52.349  29.625  10.865 0.0000000000
97414  51.849  29.284  10.405 0.0000000000
98272  49.497  30.059  14.388 0.0000000000
98301  50.447  30.392  11.988 0.0000000000
98323  49.097  30.403  11.082 0.0000000000
98322  49.946  30.290  11.169 0.0000000000
97399  51.214  30.075  11.486 0.0000000000
96608  51.415  29.067  10.016 0.0000000000
96607  51.837  28.835  9.681 0.0000000000
96624  50.993  28.388  8.183 0.0000000000
96640  49.130  28.438  7.529 0.0000000000
96652  49.264  28.287  6.587 0.0000000000
96660  49.533  28.335  5.786 0.0000000000
95803  47.623  27.710  3.519 0.0000000000
96589  44.066  27.868  12.752 0.0000000000
96602  43.846  28.329  12.139 0.0000000000
95764  42.993  28.102  6.908 0.0000000000
95783  43.743  26.650  5.765 0.0000000000
96656  44.354  28.048  6.604 0.0000000000
96644  44.854  28.567  7.221 0.0000000000
96643  45.975  28.229  7.310 0.0000000000
95771  46.632  27.614  6.248 0.0000000000
94915  45.665  26.820  4.537 0.0000000000
95791  46.284  27.209  4.633 0.0000000000
95790  47.201  27.445  4.372 0.0000000000
95823  46.853  27.319  1.649 0.0000000000
94082  46.361  25.493  0.280 0.0000000000
90185  47.578  22.407  -1.451 0.0000000000
92176  44.801  23.432  1.679 0.0000000000
91170  45.143  22.760  1.266 0.0000000000
91185  45.567  22.831  0.637 0.0000000000
90155  46.142  21.960  0.419 0.0000000000
91184  46.077  22.884  0.015 0.0000000000
90172  47.218  21.942  -0.782 0.0000000000
95709  43.183  26.913  15.204 0.0000000000
94850  42.975  26.551  14.743 0.0000000000
94852  41.748  26.461  14.037 0.0000000000
94859  41.021  26.034  13.497 0.0000000000
96581  40.682  27.416  13.542 0.0000000000
94862  38.572  25.960  13.301 0.0000000000
93981  38.517  25.334  13.038 0.0000000000
93026  38.837  24.799  12.585 0.0000000000
100841  45.517  33.660  -6.931 0.0000000000
100817  43.607  33.688  -5.111 0.0000000000
100830  43.422  33.698  -6.247 0.0000000000
100842  44.399  33.678  -7.164 0.0000000000
100057  40.825  32.671  -6.899 0.0000000000
100051  40.338  32.325  -6.152 0.0000000000
99266  39.763  31.706  -5.474 0.0000000000
100036  39.929  32.302  -4.544 0.0000000000
99259  39.806  31.621  -5.108 0.0000000000
96745  38.835  29.040  -4.201 0.0000000000
96735  39.080  28.520  -3.641 0.0000000000
100024  39.468  32.326  -1.567 0.0000000000
99241  39.387  31.318  -1.866 0.0000000000
98449  39.904  29.547  -1.566 0.0000000000
97534  39.260  29.230  -3.049 0.0000000000
95883  39.227  27.541  -3.824 0.0000000000
95011  39.533  26.807  -4.056 0.0000000000
95026  41.046  26.494  -4.127 0.0000000000
99149  53.263  31.645  11.375 0.0000000000
100695  51.676  32.992  9.727 0.0000000000
100703  50.557  33.081  9.024 0.0000000000
100704  49.485  32.853  8.724 0.0000000000
97435  52.245  29.086  8.517 0.0000000000
98341  52.063  29.282  8.474 0.0000000000
98336  50.430  30.650  9.058 0.0000000000
99171  49.756  31.589  9.217 0.0000000000
99968  49.500  32.109  9.144 0.0000000000
100705  49.021  32.502  8.673 0.0000000000
99972  47.975  32.109  8.081 0.0000000000
99973  47.261  32.189  7.406 0.0000000000
99180  46.641  31.718  6.976 0.0000000000
98356  46.876  30.619  6.475 0.0000000000
99188  45.773  31.003  6.176 0.0000000000
98372  45.082  30.249  4.394 0.0000000000
96691  48.289  28.279  2.020 0.0000000000
96682  49.750  29.248  2.156 0.0000000000
96689  49.491  29.205  1.069 0.0000000000
97472  50.142  29.771  2.121 0.0000000000
98396  50.028  30.132  1.894 0.0000000000
97496  49.571  29.759  -0.820 0.0000000000
98437  49.908  29.930  -0.430 0.0000000000
98423  49.665  30.314  0.372 0.0000000000
98410  49.512  30.374  1.162 0.0000000000
98397  49.327  30.445  2.051 0.0000000000
98399  47.135  30.197  2.285 0.0000000000
97479  47.483  30.011  0.711 0.0000000000
97501  44.401  29.551  -1.168 0.0000000000
98440  43.714  29.685  -0.768 0.0000000000
97502  43.395  29.513  -1.420 0.0000000000
97567  46.239  28.774  -6.185 0.0000000000
97555  45.098  29.065  -5.491 0.0000000000
97544  44.313  28.955  -4.473 0.0000000000
97545  43.245  28.408  -4.465 0.0000000000
96743  43.287  28.021  -5.217 0.0000000000
96758  42.983  27.109  -5.507 0.0000000000
95879  43.966  26.727  -4.473 0.0000000000
90216  48.979  21.828  -4.984 0.0000000000
89151  46.117  21.282  -4.308 0.0000000000
90204  49.783  22.358  -3.328 0.0000000000
90205  46.380  22.119  -4.296 0.0000000000
90207  45.371  21.484  -3.380 0.0000000000
90212  53.194  23.302  -4.792 0.0000000000
91225  49.341  23.361  -3.275 0.0000000000
91234  46.950  22.616  -4.743 0.0000000000
91247  50.332  23.215  -5.884 0.0000000000
91248  49.974  23.467  -5.936 0.0000000000
92223  49.649  23.824  -3.358 0.0000000000
92238  48.953  23.406  -5.742 0.0000000000
92240  47.893  23.601  -5.202 0.0000000000
93117  44.672  24.807  2.275 0.0000000000
93167  48.298  24.349  -2.298 0.0000000000
93183  48.755  25.023  -5.274 0.0000000000
93193  51.555  24.944  -5.943 0.0000000000
93196  49.283  24.331  -5.911 0.0000000000
93971  38.855  25.705  13.362 0.0000000000
94083  45.827  25.146  0.767 0.0000000000
94112  47.458  25.647  -3.629 0.0000000000
94117  52.522  24.029  -5.491 0.0000000000
94845  43.563  26.587  14.986 0.0000000000
94846  43.413  26.708  15.144 0.0000000000
94851  42.290  26.619  14.408 0.0000000000
94856  43.431  26.731  14.344 0.0000000000
94857  43.020  26.509  14.210 0.0000000000
94861  39.096  26.171  13.465 0.0000000000
94868  43.282  26.731  13.823 0.0000000000
94869  42.715  26.579  13.372 0.0000000000
94872  38.590  26.464  13.216 0.0000000000
94891  40.097  26.875  8.076 0.0000000000
94906  42.645  25.763  5.892 0.0000000000
94964  46.714  26.105  0.031 0.0000000000
95022  43.510  26.572  -4.583 0.0000000000
95025  41.391  26.453  -4.267 0.0000000000
95033  49.255  26.339  -5.726 0.0000000000
95034  48.637  27.123  -5.549 0.0000000000
95036  43.437  26.643  -5.138 0.0000000000
95037  43.257  26.727  -5.324 0.0000000000
95041  51.022  26.070  -5.820 0.0000000000
95707  44.532  27.616  15.331 0.0000000000
95708  43.903  26.976  15.316 0.0000000000
95713  44.903  27.831  15.093 0.0000000000
95716  42.541  26.931  14.810 0.0000000000
95722  45.011  27.831  14.461 0.0000000000
95734  44.002  27.455  13.532 0.0000000000
95735  43.444  27.102  13.101 0.0000000000
95759  39.929  27.055  8.533 0.0000000000
95761  47.408  28.218  7.077 0.0000000000
95762  46.834  28.005  6.915 0.0000000000
95767  40.512  27.192  7.686 0.0000000000
95802  48.216  28.020  3.848 0.0000000000
95864  50.580  27.462  -3.338 0.0000000000
95894  43.961  26.775  -4.942 0.0000000000
95902  50.997  26.493  -5.489 0.0000000000
95909  43.094  26.892  -5.516 0.0000000000
95910  42.708  26.942  -5.237 0.0000000000
95919  44.293  27.729  -6.324 0.0000000000
96569  43.496  27.297  15.296 0.0000000000
96577  44.471  27.653  13.508 0.0000000000
96588  44.747  27.985  13.291 0.0000000000
96590  43.455  27.560  12.486 0.0000000000
96617  49.091  29.267  9.154 0.0000000000
96622  51.957  28.945  8.037 0.0000000000
96634  40.741  27.975  8.649 0.0000000000
96713  41.509  28.237  -2.520 0.0000000000
96715  40.260  28.458  -2.316 0.0000000000
96732  43.035  28.059  -4.642 0.0000000000
96734  41.813  27.430  -3.786 0.0000000000
96753  47.278  28.127  -6.308 0.0000000000
96756  43.594  28.118  -5.950 0.0000000000
96757  43.393  27.480  -5.793 0.0000000000
96766  47.526  28.432  -6.458 0.0000000000
96770  43.704  27.524  -6.130 0.0000000000
97403  43.787  28.529  11.763 0.0000000000
97422  42.888  28.840  10.442 0.0000000000
97443  42.345  29.049  9.105 0.0000000000
97445  51.942  29.036  7.893 0.0000000000
97446  51.756  29.132  7.463 0.0000000000
97455  46.059  29.779  4.008 0.0000000000
97465  45.428  29.941  3.969 0.0000000000
97471  50.325  29.730  2.581 0.0000000000
97533  42.064  28.213  -2.781 0.0000000000
97557  43.482  28.321  -5.104 0.0000000000
97569  44.030  28.235  -6.307 0.0000000000
97571  38.871  30.354  -5.463 0.0000000000
97578  47.047  28.839  -6.490 0.0000000000
97579  46.739  28.771  -6.402 0.0000000000
97580  44.234  28.140  -6.479 0.0000000000
97581  44.046  28.093  -6.537 0.0000000000
98274  48.006  29.771  13.517 0.0000000000
98305  46.742  30.259  11.748 0.0000000000
98306  46.169  30.101  11.466 0.0000000000
98338  46.121  30.292  10.289 0.0000000000
98339  45.791  30.258  10.382 0.0000000000
98344  48.894  30.776  7.961 0.0000000000
98347  51.440  29.355  7.321 0.0000000000
98357  46.149  30.869  6.261 0.0000000000
98365  43.949  31.094  4.998 0.0000000000
98395  50.311  29.948  2.294 0.0000000000
98404  41.538  31.352  2.313 0.0000000000
98418  40.638  31.396  1.191 0.0000000000
98422  50.086  30.011  0.044 0.0000000000
98425  48.355  30.293  0.843 0.0000000000
98427  45.447  29.712  0.391 0.0000000000
98439  49.288  30.367  -0.026 0.0000000000
99170  50.258  31.223  9.370 0.0000000000
99173  50.021  30.772  8.979 0.0000000000
99179  47.056  31.395  7.140 0.0000000000
99183  46.777  31.036  6.856 0.0000000000
99184  46.198  31.414  6.602 0.0000000000
99185  45.518  31.816  6.356 0.0000000000
99191  43.560  31.919  4.974 0.0000000000
99194  43.714  31.284  4.814 0.0000000000
99195  43.217  31.632  4.495 0.0000000000
99203  42.876  31.304  4.023 0.0000000000
99204  42.406  31.675  3.638 0.0000000000
99205  41.919  32.034  3.341 0.0000000000
99212  42.078  31.413  3.098 0.0000000000
99228  39.631  32.105  -0.025 0.0000000000
99260  39.695  31.168  -5.090 0.0000000000
99941  53.476  31.890  11.449 0.0000000000
99964  49.946  31.765  9.406 0.0000000000
99967  49.965  32.563  9.162 0.0000000000
99969  48.742  32.052  8.590 0.0000000000
99974  46.852  31.879  7.150 0.0000000000
99977  46.504  32.227  6.932 0.0000000000
99982  43.813  32.234  5.211 0.0000000000
99992  42.495  32.363  3.919 0.0000000000
100001  41.377  32.647  2.630 0.0000000000
100043  39.854  31.982  -4.963 0.0000000000
100050  40.749  32.602  -6.553 0.0000000000
100717  46.095  32.665  6.585 0.0000000000
100719  48.223  34.057  6.458 0.0000000000
100731  43.197  32.698  4.538 0.0000000000
100740  42.847  33.133  4.022 0.0000000000
100768  41.289  34.149  0.899 0.0000000000
100782  41.414  33.871  -2.315 0.0000000000
100789  44.012  34.332  -3.312 0.0000000000
100832  41.171  32.824  -6.516 0.0000000000
101488  47.874  34.239  6.014 0.0000000000
101498  47.222  34.289  5.339 0.0000000000
101506  44.406  34.282  3.487 0.0000000000
101518  43.286  34.390  2.211 0.0000000000
101556  41.145  34.001  -1.446 0.0000000000
101568  42.547  34.232  -1.783 0.0000000000
101569  41.656  33.996  -2.031 0.0000000000
101586  41.917  34.003  -2.456 0.0000000000
101598  45.459  34.246  -3.446 0.0000000000
127376  53.048  23.490  -4.733 0.0000000000
127377  51.913  23.395  -5.535 0.0000000000
