#!ascii label  , from subject sub.01.bl.01.long.sub.01.base.03 vox2ras=TkReg
1069
56730  24.505  -5.976  37.722 0.0000000000
54230  36.088  -9.190  43.994 0.0000000000
73556  39.668  6.263  20.671 0.0000000000
65180  33.902  -1.469  31.411 0.0000000000
60366  38.658  -4.957  36.426 0.0000000000
82915  49.951  15.027  13.141 0.0000000000
71189  40.584  3.854  23.687 0.0000000000
69942  35.464  3.410  24.258 0.0000000000
56734  19.470  -7.262  38.511 0.0000000000
54280  29.949  -7.872  41.475 0.0000000000
56726  33.592  -6.332  38.728 0.0000000000
56793  27.422  -6.554  35.563 0.0000000000
78919  44.513  10.743  16.961 0.0000000000
61509  27.890  -4.000  41.860 0.0000000000
59175  22.599  -4.842  42.268 0.0000000000
77775  44.334  8.852  20.811 0.0000000000
55429  18.014  -6.557  42.494 0.0000000000
54261  13.231  -9.089  42.996 0.0000000000
71089  35.663  4.386  29.596 0.0000000000
65167  36.820  -2.462  33.727 0.0000000000
56887  37.347  -7.393  32.056 0.0000000000
54427  36.106  -8.212  34.992 0.0000000000
72354  40.330  5.087  26.422 0.0000000000
71171  37.435  4.065  24.293 0.0000000000
72357  37.836  5.090  26.700 0.0000000000
73500  41.751  5.945  25.558 0.0000000000
58080  23.142  -6.394  35.087 0.0000000000
55574  19.558  -8.484  35.499 0.0000000000
56751  21.177  -6.574  37.314 0.0000000000
55512  27.400  -7.023  38.552 0.0000000000
55531  28.568  -7.722  37.734 0.0000000000
56768  25.490  -6.752  36.230 0.0000000000
56846  24.272  -7.031  33.444 0.0000000000
75720  39.536  7.611  18.594 0.0000000000
73538  42.842  5.580  21.867 0.0000000000
74668  41.977  6.815  20.004 0.0000000000
75732  41.725  8.477  18.668 0.0000000000
59151  22.849  -5.097  45.368 0.0000000000
56660  21.034  -6.251  42.865 0.0000000000
57941  20.092  -5.644  45.703 0.0000000000
56573  14.055  -7.309  48.095 0.0000000000
56596  14.943  -6.923  46.417 0.0000000000
54206  12.557  -9.341  46.036 0.0000000000
51811  10.741  -10.907  45.082 0.0000000000
51771  10.470  -11.334  47.969 0.0000000000
67489  38.643  -0.474  35.759 0.0000000000
63985  37.950  -3.139  34.522 0.0000000000
61596  37.696  -4.535  33.004 0.0000000000
59270  38.153  -5.924  33.941 0.0000000000
59232  32.482  -5.228  35.965 0.0000000000
54385  35.352  -7.737  37.058 0.0000000000
56815  34.309  -6.805  34.590 0.0000000000
55639  34.978  -8.115  32.651 0.0000000000
68713  34.114  1.492  30.889 0.0000000000
67587  33.266  1.485  27.911 0.0000000000
65202  32.383  -1.264  28.924 0.0000000000
84969  52.115  17.107  11.545 0.0000000000
83919  50.302  15.419  11.260 0.0000000000
71218  40.237  4.219  22.065 0.0000000000
72413  37.027  4.567  21.989 0.0000000000
72403  42.885  4.539  23.808 0.0000000000
54255  33.057  -8.047  43.233 0.0000000000
54296  34.973  -7.708  41.423 0.0000000000
55484  31.594  -7.192  40.226 0.0000000000
58047  30.722  -6.320  37.531 0.0000000000
58116  28.582  -5.619  33.764 0.0000000000
79936  46.273  11.556  19.715 0.0000000000
80910  46.816  12.162  17.277 0.0000000000
80922  47.354  13.062  14.848 0.0000000000
81923  47.218  13.762  13.151 0.0000000000
59192  26.267  -5.533  39.678 0.0000000000
59206  23.453  -5.144  39.803 0.0000000000
61511  24.820  -3.177  41.358 0.0000000000
57978  28.651  -6.273  41.555 0.0000000000
77807  44.614  9.982  18.674 0.0000000000
58011  21.972  -6.069  40.476 0.0000000000
55490  19.206  -6.857  40.695 0.0000000000
55469  16.835  -7.699  40.713 0.0000000000
57944  17.671  -5.951  45.995 0.0000000000
56648  15.798  -7.182  42.804 0.0000000000
49178  8.348  -14.171  48.965 0.0000000000
72313  38.236  5.402  29.513 0.0000000000
68700  34.784  1.204  32.584 0.0000000000
68670  36.507  0.429  34.486 0.0000000000
65170  35.394  -1.866  32.509 0.0000000000
61598  36.565  -4.825  31.843 0.0000000000
59323  37.300  -6.364  31.196 0.0000000000
56932  36.032  -8.048  29.498 0.0000000000
54340  36.386  -7.972  39.678 0.0000000000
55543  37.451  -8.134  37.213 0.0000000000
56786  38.283  -7.389  35.604 0.0000000000
55618  37.156  -7.885  33.331 0.0000000000
55659  35.639  -8.384  31.148 0.0000000000
71129  34.857  4.027  27.172 0.0000000000
68768  32.845  1.462  25.324 0.0000000000
72336  40.041  5.392  27.289 0.0000000000
72356  38.774  4.994  26.398 0.0000000000
73479  39.056  5.413  27.316 0.0000000000
73487  41.289  5.976  26.646 0.0000000000
56798  23.479  -6.372  35.759 0.0000000000
56772  21.806  -6.392  36.340 0.0000000000
56731  23.300  -5.906  37.721 0.0000000000
56729  25.797  -6.285  37.589 0.0000000000
55534  26.473  -6.729  37.414 0.0000000000
56769  24.750  -6.671  36.219 0.0000000000
56823  24.092  -6.966  35.061 0.0000000000
74671  39.410  7.196  19.409 0.0000000000
73555  40.553  5.991  20.663 0.0000000000
74659  42.401  6.335  20.714 0.0000000000
73574  40.926  6.366  20.154 0.0000000000
74687  40.877  7.383  19.357 0.0000000000
55368  12.834  -8.681  48.254 0.0000000000
55378  13.293  -8.215  46.802 0.0000000000
54193  12.342  -9.258  47.010 0.0000000000
53020  11.961  -9.986  45.666 0.0000000000
53021  11.253  -10.212  46.263 0.0000000000
51785  10.549  -11.184  46.833 0.0000000000
63979  38.593  -2.610  36.022 0.0000000000
61573  38.379  -4.381  35.356 0.0000000000
61578  38.222  -4.474  34.607 0.0000000000
59257  38.524  -5.727  35.289 0.0000000000
54250  36.872  -8.460  43.263 0.0000000000
60377  31.885  -4.884  34.183 0.0000000000
58093  33.218  -6.023  34.492 0.0000000000
58114  32.404  -5.884  32.971 0.0000000000
56869  33.259  -6.870  32.674 0.0000000000
67545  33.627  0.536  31.162 0.0000000000
67556  33.203  0.489  29.632 0.0000000000
82905  49.718  14.296  14.404 0.0000000000
83906  50.790  15.336  14.108 0.0000000000
83909  50.525  15.495  13.376 0.0000000000
83912  51.013  16.099  12.793 0.0000000000
83913  50.241  15.528  12.386 0.0000000000
71202  40.378  3.858  22.840 0.0000000000
71220  38.415  4.745  22.024 0.0000000000
71203  39.239  3.941  22.724 0.0000000000
69941  36.395  3.689  24.094 0.0000000000
69963  36.253  3.585  23.501 0.0000000000
69964  35.324  3.239  23.161 0.0000000000
72394  41.240  4.530  25.027 0.0000000000
71188  41.628  3.799  23.634 0.0000000000
69995  41.762  3.834  22.281 0.0000000000
56774  19.325  -8.089  36.684 0.0000000000
56736  18.087  -8.323  38.447 0.0000000000
54278  31.665  -7.432  42.134 0.0000000000
54299  32.151  -7.236  41.599 0.0000000000
54319  30.799  -7.699  40.496 0.0000000000
55570  28.180  -6.668  36.799 0.0000000000
56746  29.469  -7.123  37.304 0.0000000000
56792  28.289  -6.476  35.974 0.0000000000
58094  29.472  -5.995  35.028 0.0000000000
58096  28.154  -5.983  34.368 0.0000000000
56844  26.343  -6.700  33.215 0.0000000000
61612  35.800  -5.244  30.893 0.0000000000
79949  45.697  10.983  18.359 0.0000000000
80906  46.821  12.197  18.128 0.0000000000
79957  46.180  11.673  17.004 0.0000000000
80919  45.734  12.445  14.873 0.0000000000
80923  46.359  12.878  14.421 0.0000000000
81919  47.632  13.671  14.118 0.0000000000
60300  27.259  -4.928  40.910 0.0000000000
60307  25.675  -4.504  40.239 0.0000000000
62792  26.678  -3.628  40.919 0.0000000000
60293  29.034  -4.739  42.158 0.0000000000
59174  27.330  -5.628  40.607 0.0000000000
78876  45.404  10.113  20.224 0.0000000000
77792  44.243  9.228  19.459 0.0000000000
76788  41.978  8.924  17.939 0.0000000000
60320  23.301  -4.500  40.924 0.0000000000
58010  22.750  -5.522  40.111 0.0000000000
57997  21.654  -5.928  41.401 0.0000000000
55427  19.292  -6.514  42.556 0.0000000000
55465  19.833  -6.745  41.810 0.0000000000
55446  18.702  -6.662  41.872 0.0000000000
55468  17.775  -7.183  40.909 0.0000000000
55448  17.261  -7.236  41.492 0.0000000000
57925  17.067  -5.877  46.759 0.0000000000
56612  13.886  -7.981  44.860 0.0000000000
57961  14.464  -7.593  44.414 0.0000000000
55431  14.331  -8.186  42.963 0.0000000000
55449  14.586  -8.489  41.867 0.0000000000
71049  35.392  2.622  32.719 0.0000000000
66292  37.396  -1.458  34.445 0.0000000000
67490  37.714  -0.051  35.472 0.0000000000
66293  36.960  -0.962  34.114 0.0000000000
67518  36.200  -0.654  33.461 0.0000000000
65168  36.483  -2.121  33.377 0.0000000000
64003  35.690  -2.798  32.589 0.0000000000
64001  36.694  -3.079  33.442 0.0000000000
59286  37.671  -6.304  32.752 0.0000000000
59304  37.416  -6.041  32.058 0.0000000000
58173  37.462  -6.653  31.495 0.0000000000
58175  36.686  -7.464  29.747 0.0000000000
56907  36.561  -7.793  30.516 0.0000000000
55481  34.473  -7.240  40.723 0.0000000000
54316  35.821  -7.800  40.503 0.0000000000
54342  35.432  -7.365  39.034 0.0000000000
54401  35.633  -8.106  36.483 0.0000000000
54383  36.232  -8.336  37.574 0.0000000000
55565  37.040  -8.425  36.663 0.0000000000
55563  37.829  -7.775  36.292 0.0000000000
55585  37.721  -7.985  35.283 0.0000000000
56813  37.950  -7.771  34.680 0.0000000000
55603  37.396  -7.947  34.482 0.0000000000
55661  33.996  -7.722  31.536 0.0000000000
55660  34.840  -8.269  31.349 0.0000000000
72314  37.352  5.203  29.876 0.0000000000
72340  36.341  5.155  27.923 0.0000000000
71096  35.691  4.583  28.534 0.0000000000
67603  32.134  0.083  26.214 0.0000000000
68755  33.260  2.081  26.261 0.0000000000
86026  52.767  17.362  10.493 0.0000000000
71147  40.166  4.405  25.170 0.0000000000
71170  38.629  4.200  24.406 0.0000000000
71148  39.031  4.614  25.476 0.0000000000
71149  37.868  4.452  25.201 0.0000000000
71150  36.751  4.235  25.229 0.0000000000
74589  41.660  6.596  26.296 0.0000000000
72353  41.100  5.268  26.106 0.0000000000
58082  20.853  -6.983  34.946 0.0000000000
56773  20.287  -6.954  36.029 0.0000000000
56752  19.854  -7.102  37.464 0.0000000000
55487  28.510  -7.336  39.647 0.0000000000
54345  28.883  -7.903  39.020 0.0000000000
54369  27.780  -7.704  38.146 0.0000000000
55550  27.521  -7.111  37.377 0.0000000000
55608  26.170  -6.747  35.210 0.0000000000
56845  25.340  -6.903  33.376 0.0000000000
56822  24.532  -6.889  34.690 0.0000000000
58119  23.616  -6.888  33.690 0.0000000000
78930  43.061  10.994  15.447 0.0000000000
63911  27.966  -2.170  42.585 0.0000000000
74635  43.412  5.972  21.995 0.0000000000
75690  43.645  7.301  21.352 0.0000000000
75703  42.990  7.697  20.040 0.0000000000
76760  43.234  8.366  19.661 0.0000000000
75717  41.986  8.272  19.328 0.0000000000
75719  40.535  7.831  18.710 0.0000000000
59159  22.750  -4.956  44.335 0.0000000000
57968  22.160  -5.397  42.833 0.0000000000
57958  21.671  -5.703  44.285 0.0000000000
56623  20.571  -6.236  44.525 0.0000000000
56625  18.870  -6.190  44.263 0.0000000000
57927  15.578  -6.604  46.805 0.0000000000
56586  14.622  -6.992  47.461 0.0000000000
55391  13.254  -8.568  45.807 0.0000000000
54220  12.939  -9.096  44.465 0.0000000000
53033  11.949  -10.211  44.658 0.0000000000
65139  37.995  -2.122  34.961 0.0000000000
65153  37.607  -2.511  34.424 0.0000000000
62877  37.302  -3.806  33.216 0.0000000000
62867  37.900  -3.807  33.845 0.0000000000
60386  37.982  -5.201  33.658 0.0000000000
58137  37.931  -6.841  33.213 0.0000000000
58044  33.468  -6.173  37.370 0.0000000000
55527  34.424  -6.600  38.255 0.0000000000
56764  34.109  -6.616  37.011 0.0000000000
55589  34.775  -7.234  36.093 0.0000000000
55606  35.443  -7.700  35.008 0.0000000000
55621  35.307  -7.722  33.787 0.0000000000
55640  34.488  -7.589  33.014 0.0000000000
56890  33.332  -7.338  31.825 0.0000000000
69883  34.550  2.974  30.564 0.0000000000
69893  34.028  2.758  29.183 0.0000000000
68725  33.778  1.577  29.945 0.0000000000
67571  32.506  0.162  28.611 0.0000000000
84964  52.377  16.937  12.556 0.0000000000
83918  50.926  16.085  11.704 0.0000000000
72436  39.931  5.547  21.107 0.0000000000
73557  38.637  6.097  20.646 0.0000000000
73540  38.598  5.619  21.267 0.0000000000
69979  37.575  3.968  23.272 0.0000000000
71206  36.039  4.002  22.119 0.0000000000
74597  43.437  6.596  25.269 0.0000000000
73513  43.609  5.493  24.446 0.0000000000
72390  43.909  5.286  23.889 0.0000000000
71215  42.690  4.407  22.496 0.0000000000
72423  41.055  4.666  21.489 0.0000000000
54232  34.531  -8.607  44.199 0.0000000000
54252  35.688  -8.605  43.369 0.0000000000
54276  33.582  -7.817  42.569 0.0000000000
55460  32.917  -6.999  41.136 0.0000000000
56709  33.071  -6.567  39.577 0.0000000000
55509  30.369  -7.646  39.224 0.0000000000
56727  30.935  -7.088  38.133 0.0000000000
58032  32.121  -6.250  38.471 0.0000000000
59233  31.299  -5.403  36.520 0.0000000000
59260  30.498  -5.125  34.809 0.0000000000
59289  29.510  -5.312  32.181 0.0000000000
80908  48.232  12.905  17.789 0.0000000000
79965  46.056  11.885  16.264 0.0000000000
80913  47.511  12.512  16.696 0.0000000000
80916  48.217  12.793  16.108 0.0000000000
81915  48.770  13.282  15.527 0.0000000000
81921  48.985  14.076  14.269 0.0000000000
82911  48.789  14.411  12.836 0.0000000000
82917  48.766  14.507  11.940 0.0000000000
56714  25.555  -5.862  38.204 0.0000000000
58022  24.513  -5.403  38.562 0.0000000000
60330  24.907  -4.655  39.368 0.0000000000
60319  24.054  -4.389  40.216 0.0000000000
60301  23.481  -3.859  41.949 0.0000000000
63913  25.934  -2.142  42.169 0.0000000000
60294  23.412  -4.026  43.071 0.0000000000
59150  23.221  -4.477  44.851 0.0000000000
54213  35.129  -8.620  44.872 0.0000000000
54233  33.605  -8.151  44.296 0.0000000000
54235  32.173  -7.613  43.675 0.0000000000
55425  30.613  -7.390  42.543 0.0000000000
56621  29.827  -6.832  42.809 0.0000000000
56657  29.151  -7.188  41.772 0.0000000000
56678  28.067  -6.631  40.115 0.0000000000
56698  26.878  -6.358  39.142 0.0000000000
79928  45.834  10.927  20.447 0.0000000000
79937  45.699  10.775  19.357 0.0000000000
78909  44.422  10.372  17.796 0.0000000000
77809  43.094  9.428  18.427 0.0000000000
77818  42.977  9.814  17.570 0.0000000000
78920  43.514  10.739  16.540 0.0000000000
58035  23.170  -5.585  38.424 0.0000000000
56715  21.415  -6.592  39.643 0.0000000000
56716  20.019  -7.068  39.451 0.0000000000
56679  21.014  -6.354  41.910 0.0000000000
56700  20.254  -7.060  40.535 0.0000000000
56717  18.897  -7.243  39.309 0.0000000000
55515  18.178  -7.484  39.673 0.0000000000
55493  16.589  -8.313  39.658 0.0000000000
56607  19.084  -6.131  45.289 0.0000000000
56626  17.916  -6.126  44.222 0.0000000000
56627  16.927  -6.386  44.190 0.0000000000
56647  16.875  -6.651  42.960 0.0000000000
56664  15.969  -7.637  41.896 0.0000000000
50484  9.355  -12.710  48.457 0.0000000000
72311  39.734  5.634  28.885 0.0000000000
72300  36.556  4.456  31.214 0.0000000000
69870  34.706  2.724  31.370 0.0000000000
68701  34.388  1.498  31.732 0.0000000000
67534  34.445  0.218  32.359 0.0000000000
68684  35.721  0.548  33.578 0.0000000000
67533  35.151  -0.527  32.783 0.0000000000
65179  34.670  -1.741  32.086 0.0000000000
64004  35.161  -2.713  32.112 0.0000000000
62892  35.705  -4.214  31.787 0.0000000000
61611  36.444  -5.456  31.131 0.0000000000
61597  37.213  -4.609  32.578 0.0000000000
60410  36.826  -5.670  31.238 0.0000000000
59341  36.897  -6.141  29.655 0.0000000000
58193  36.881  -6.834  29.414 0.0000000000
56955  35.872  -8.482  28.522 0.0000000000
59230  38.888  -5.693  36.925 0.0000000000
54273  36.081  -8.403  42.533 0.0000000000
54314  36.990  -8.208  40.948 0.0000000000
54338  37.380  -7.893  40.317 0.0000000000
54365  35.834  -7.927  38.303 0.0000000000
54363  36.938  -8.279  38.871 0.0000000000
55523  38.028  -7.575  38.910 0.0000000000
56742  38.270  -7.038  37.764 0.0000000000
56762  38.557  -6.854  36.506 0.0000000000
58091  38.550  -6.315  35.540 0.0000000000
58092  38.428  -6.825  35.053 0.0000000000
56839  38.115  -7.283  33.760 0.0000000000
56866  37.539  -7.523  33.019 0.0000000000
55619  36.528  -7.990  33.474 0.0000000000
55637  36.494  -8.043  32.300 0.0000000000
56888  36.712  -7.863  31.540 0.0000000000
56908  35.712  -8.400  30.187 0.0000000000
72339  37.530  5.339  27.688 0.0000000000
72358  36.751  4.990  26.948 0.0000000000
69926  34.890  3.586  25.525 0.0000000000
71109  34.472  3.715  27.876 0.0000000000
69927  34.038  2.849  25.633 0.0000000000
68766  34.364  2.831  24.683 0.0000000000
82922  48.832  14.350  10.970 0.0000000000
72321  40.403  5.783  27.891 0.0000000000
72337  39.425  5.439  27.516 0.0000000000
72322  39.825  5.616  28.081 0.0000000000
73477  40.989  6.101  27.632 0.0000000000
56770  23.946  -6.533  36.300 0.0000000000
56749  23.687  -6.336  37.047 0.0000000000
56748  24.719  -6.434  36.947 0.0000000000
74660  39.779  6.686  20.046 0.0000000000
74661  38.998  6.668  20.078 0.0000000000
73554  41.522  5.973  20.563 0.0000000000
73575  40.302  6.446  20.283 0.0000000000
74670  40.409  6.877  19.746 0.0000000000
55379  12.777  -8.744  47.410 0.0000000000
52990  11.900  -9.662  47.346 0.0000000000
53005  11.941  -9.768  46.595 0.0000000000
53006  11.430  -10.110  47.120 0.0000000000
62847  38.765  -3.887  36.343 0.0000000000
62854  38.496  -3.521  35.925 0.0000000000
61567  38.573  -4.354  36.077 0.0000000000
60367  38.487  -5.054  35.699 0.0000000000
54210  37.011  -8.263  44.566 0.0000000000
54229  36.642  -8.693  43.955 0.0000000000
59287  31.280  -5.335  32.749 0.0000000000
59271  32.513  -5.660  33.528 0.0000000000
58139  31.903  -5.851  32.291 0.0000000000
58158  32.127  -6.412  31.753 0.0000000000
66330  33.703  -0.450  31.528 0.0000000000
66339  33.251  -0.471  30.816 0.0000000000
82909  50.186  14.820  13.867 0.0000000000
82904  50.564  14.718  14.729 0.0000000000
71190  39.466  3.856  23.610 0.0000000000
68781  34.472  2.843  23.634 0.0000000000
71168  40.944  4.221  24.604 0.0000000000
72393  41.683  4.623  24.645 0.0000000000
71201  41.260  3.687  22.949 0.0000000000
56753  19.199  -8.083  37.804 0.0000000000
56754  18.452  -8.655  37.992 0.0000000000
56735  18.684  -7.890  38.532 0.0000000000
54279  30.709  -7.737  41.886 0.0000000000
54300  31.140  -7.500  41.372 0.0000000000
54301  30.314  -7.824  41.049 0.0000000000
56767  28.597  -6.664  36.679 0.0000000000
56818  28.470  -6.170  35.142 0.0000000000
56819  27.472  -6.390  34.541 0.0000000000
56843  27.080  -6.395  33.565 0.0000000000
60424  36.341  -5.653  30.064 0.0000000000
78918  45.047  10.812  17.405 0.0000000000
79955  45.644  11.129  17.547 0.0000000000
79958  45.392  11.281  16.690 0.0000000000
80928  46.203  13.151  13.229 0.0000000000
61510  27.315  -4.087  41.088 0.0000000000
61515  26.558  -4.132  40.629 0.0000000000
60299  27.818  -4.986  41.768 0.0000000000
76744  44.344  8.485  21.355 0.0000000000
77774  44.889  9.318  20.945 0.0000000000
77783  44.836  9.556  19.873 0.0000000000
77784  44.324  9.028  20.261 0.0000000000
60309  23.066  -4.355  41.677 0.0000000000
59182  22.717  -4.892  41.343 0.0000000000
57980  22.169  -5.411  41.862 0.0000000000
55428  18.920  -6.495  42.533 0.0000000000
55445  19.396  -6.617  42.203 0.0000000000
55447  17.948  -6.769  41.608 0.0000000000
57908  16.420  -5.899  47.498 0.0000000000
55415  13.780  -8.509  43.803 0.0000000000
55414  14.261  -8.132  43.507 0.0000000000
55432  13.830  -8.770  42.499 0.0000000000
65154  37.200  -2.242  34.078 0.0000000000
66307  36.987  -1.548  33.952 0.0000000000
66308  36.562  -1.220  33.572 0.0000000000
65155  36.825  -1.893  33.711 0.0000000000
58156  37.607  -6.788  32.244 0.0000000000
58157  37.454  -7.082  31.485 0.0000000000
56906  37.130  -7.447  31.210 0.0000000000
55507  34.180  -6.445  39.275 0.0000000000
55506  34.859  -6.736  39.794 0.0000000000
54414  35.826  -8.222  35.823 0.0000000000
54400  36.173  -8.415  36.513 0.0000000000
55587  36.660  -8.412  35.904 0.0000000000
55564  37.456  -8.120  36.161 0.0000000000
55586  37.184  -8.196  35.529 0.0000000000
55604  36.503  -8.112  34.759 0.0000000000
72326  36.460  4.984  29.169 0.0000000000
72376  39.848  4.717  25.916 0.0000000000
71126  38.229  4.714  25.960 0.0000000000
71127  37.173  4.648  26.055 0.0000000000
75656  41.753  7.314  26.714 0.0000000000
72375  40.741  4.609  25.483 0.0000000000
55488  27.946  -6.929  39.170 0.0000000000
55511  28.082  -7.431  38.942 0.0000000000
55532  27.757  -7.516  38.465 0.0000000000
55552  26.161  -6.788  36.853 0.0000000000
55551  27.004  -7.024  37.391 0.0000000000
55573  26.212  -6.836  36.458 0.0000000000
55572  26.850  -6.802  36.689 0.0000000000
55593  26.261  -6.832  36.012 0.0000000000
56821  25.474  -6.831  34.667 0.0000000000
56795  25.522  -6.823  35.579 0.0000000000
58079  23.701  -6.777  35.037 0.0000000000
58098  23.588  -6.686  34.420 0.0000000000
58099  22.459  -6.898  34.288 0.0000000000
74645  43.124  6.506  21.311 0.0000000000
74658  42.701  7.053  20.460 0.0000000000
75699  43.380  7.561  20.728 0.0000000000
74667  42.409  7.496  20.002 0.0000000000
74684  42.315  7.740  19.883 0.0000000000
74685  42.083  7.666  19.831 0.0000000000
74688  40.177  7.325  19.132 0.0000000000
57957  22.216  -5.393  43.823 0.0000000000
57938  22.241  -5.337  44.815 0.0000000000
57959  21.057  -5.914  44.587 0.0000000000
57960  20.512  -5.822  44.965 0.0000000000
56624  19.886  -6.238  44.644 0.0000000000
57894  14.515  -6.923  48.197 0.0000000000
55392  12.799  -8.826  46.641 0.0000000000
55403  13.306  -8.615  44.852 0.0000000000
54205  12.820  -8.986  45.252 0.0000000000
54240  12.476  -9.712  44.084 0.0000000000
54221  12.387  -9.524  45.033 0.0000000000
53034  11.301  -10.445  45.271 0.0000000000
51786  9.800  -11.981  46.467 0.0000000000
51772  10.100  -12.104  47.572 0.0000000000
63984  38.243  -2.870  35.332 0.0000000000
65138  38.389  -2.178  35.625 0.0000000000
62861  38.096  -3.926  34.335 0.0000000000
60385  38.184  -5.173  34.263 0.0000000000
59285  37.854  -5.991  33.332 0.0000000000
58136  38.127  -6.589  33.673 0.0000000000
58060  33.211  -5.682  36.630 0.0000000000
58059  33.854  -6.230  36.609 0.0000000000
56816  33.806  -6.366  34.998 0.0000000000
56788  34.348  -6.580  35.888 0.0000000000
55607  34.805  -7.238  35.266 0.0000000000
55622  34.783  -7.326  34.165 0.0000000000
56841  34.050  -7.105  33.470 0.0000000000
69884  34.231  2.335  30.183 0.0000000000
67557  32.696  -0.113  29.383 0.0000000000
83924  50.643  15.399  10.727 0.0000000000
82925  50.481  14.879  10.482 0.0000000000
72424  40.055  4.797  21.445 0.0000000000
72425  39.099  5.155  21.549 0.0000000000
72412  37.571  4.703  22.087 0.0000000000
71221  36.617  4.384  21.910 0.0000000000
71191  38.188  3.989  23.516 0.0000000000
69961  37.602  3.960  23.516 0.0000000000
69981  36.100  3.731  22.751 0.0000000000
71207  35.650  3.784  21.768 0.0000000000
74598  42.481  6.569  25.523 0.0000000000
75666  42.861  7.396  25.726 0.0000000000
72392  42.444  4.605  24.197 0.0000000000
73514  42.845  5.219  24.449 0.0000000000
72391  43.180  4.935  24.020 0.0000000000
72402  43.278  4.750  23.313 0.0000000000
71200  42.847  4.257  22.827 0.0000000000
71217  41.441  4.043  22.182 0.0000000000
72435  40.798  5.348  21.049 0.0000000000
54254  34.035  -8.226  43.383 0.0000000000
55461  32.140  -7.093  40.908 0.0000000000
55483  32.579  -6.898  40.480 0.0000000000
56694  32.909  -6.788  40.109 0.0000000000
56695  32.332  -6.852  39.928 0.0000000000
54367  29.181  -7.852  38.742 0.0000000000
54344  29.643  -7.787  39.397 0.0000000000
55530  29.251  -7.721  38.138 0.0000000000
56745  30.142  -6.835  37.408 0.0000000000
56728  30.240  -7.253  37.904 0.0000000000
56744  30.780  -6.626  37.785 0.0000000000
58033  31.506  -6.622  38.613 0.0000000000
58046  31.203  -6.030  38.126 0.0000000000
59220  31.606  -5.531  37.414 0.0000000000
58062  30.535  -6.142  36.861 0.0000000000
58115  29.258  -5.668  34.313 0.0000000000
59247  30.076  -5.645  35.150 0.0000000000
59261  29.936  -5.482  34.447 0.0000000000
59274  29.611  -5.381  33.442 0.0000000000
59275  28.810  -5.349  32.847 0.0000000000
56872  24.324  -8.133  32.175 0.0000000000
80891  46.741  12.279  20.099 0.0000000000
80909  47.563  12.518  17.545 0.0000000000
80904  48.166  13.041  18.234 0.0000000000
79967  44.432  11.825  15.188 0.0000000000
79966  45.407  11.891  15.631 0.0000000000
80918  46.456  12.435  15.492 0.0000000000
80917  47.420  12.630  15.825 0.0000000000
80921  48.063  13.014  15.385 0.0000000000
81922  48.311  14.106  13.633 0.0000000000
58021  26.092  -5.735  38.940 0.0000000000
59204  25.314  -5.053  39.183 0.0000000000
61516  25.474  -4.007  40.602 0.0000000000
61522  24.727  -4.133  40.470 0.0000000000
61517  24.298  -3.653  41.183 0.0000000000
60308  23.763  -4.071  41.033 0.0000000000
63912  26.971  -2.089  42.337 0.0000000000
62761  24.884  -2.366  43.093 0.0000000000
61503  23.934  -3.322  43.305 0.0000000000
61492  24.045  -3.371  44.318 0.0000000000
60288  23.592  -3.927  44.138 0.0000000000
54214  34.385  -8.232  45.082 0.0000000000
55424  31.436  -7.127  42.869 0.0000000000
59157  29.412  -5.658  42.371 0.0000000000
56622  29.400  -6.735  42.411 0.0000000000
56640  29.438  -7.244  42.284 0.0000000000
56641  29.111  -6.809  41.910 0.0000000000
56677  28.524  -6.905  40.633 0.0000000000
56659  28.221  -6.552  40.604 0.0000000000
59180  26.724  -5.682  40.095 0.0000000000
57995  26.906  -6.026  40.053 0.0000000000
59181  26.689  -5.900  39.902 0.0000000000
73541  37.886  5.535  20.943 0.0000000000
77791  44.700  9.763  19.087 0.0000000000
78884  45.197  10.077  19.430 0.0000000000
78898  45.091  10.367  18.760 0.0000000000
78899  44.630  10.228  18.373 0.0000000000
76777  42.238  8.751  18.694 0.0000000000
76776  42.859  8.937  19.104 0.0000000000
77819  41.790  9.461  17.132 0.0000000000
78910  43.886  10.305  17.328 0.0000000000
77829  42.825  10.299  16.749 0.0000000000
59205  24.234  -4.913  39.307 0.0000000000
58023  23.193  -5.355  39.239 0.0000000000
58024  22.368  -5.956  39.720 0.0000000000
57981  21.552  -5.836  42.371 0.0000000000
55489  19.802  -6.926  41.216 0.0000000000
56701  19.426  -7.006  40.032 0.0000000000
55514  18.777  -7.004  40.031 0.0000000000
55492  17.520  -7.614  40.077 0.0000000000
55470  15.914  -8.360  40.341 0.0000000000
56608  18.240  -6.079  45.162 0.0000000000
56609  17.325  -6.306  45.192 0.0000000000
56595  15.729  -6.638  46.345 0.0000000000
56628  15.782  -6.831  43.990 0.0000000000
56663  16.685  -7.187  42.115 0.0000000000
51758  10.194  -11.994  48.451 0.0000000000
51744  9.943  -11.875  49.304 0.0000000000
50470  8.631  -13.185  49.186 0.0000000000
50485  8.650  -13.607  48.535 0.0000000000
72298  38.193  5.268  30.519 0.0000000000
71063  35.883  3.824  31.576 0.0000000000
71080  35.159  3.456  31.021 0.0000000000
71064  35.240  3.140  31.934 0.0000000000
69843  35.115  1.852  32.933 0.0000000000
69854  34.837  2.189  32.125 0.0000000000
67491  36.885  -0.110  34.746 0.0000000000
68671  36.049  0.750  34.036 0.0000000000
66309  36.106  -0.913  33.215 0.0000000000
67519  35.588  -0.139  33.235 0.0000000000
66319  35.692  -1.105  32.850 0.0000000000
66320  34.917  -0.977  32.496 0.0000000000
62879  36.071  -3.811  32.311 0.0000000000
61599  36.053  -4.540  31.737 0.0000000000
59305  37.166  -5.949  31.391 0.0000000000
60409  37.168  -5.375  31.949 0.0000000000
59324  37.100  -6.211  30.509 0.0000000000
56933  35.370  -8.881  29.209 0.0000000000
54274  35.357  -8.194  42.511 0.0000000000
54295  35.870  -8.117  41.575 0.0000000000
54315  36.446  -7.949  40.761 0.0000000000
54339  36.897  -7.844  40.004 0.0000000000
55545  34.994  -7.105  37.541 0.0000000000
54366  35.420  -7.540  37.977 0.0000000000
54382  36.791  -8.514  37.720 0.0000000000
55525  37.213  -8.391  37.941 0.0000000000
55524  37.525  -8.030  38.531 0.0000000000
56725  38.262  -7.201  38.422 0.0000000000
55542  37.877  -7.537  37.697 0.0000000000
56763  38.253  -7.257  36.863 0.0000000000
58073  38.659  -6.430  36.200 0.0000000000
58074  38.521  -6.802  35.665 0.0000000000
56840  37.724  -7.724  33.987 0.0000000000
55636  37.061  -7.851  32.737 0.0000000000
55620  35.844  -7.977  33.585 0.0000000000
55638  35.708  -8.212  32.419 0.0000000000
55658  36.259  -8.204  31.483 0.0000000000
56889  36.196  -8.215  30.965 0.0000000000
72312  39.045  5.573  29.192 0.0000000000
72324  38.339  5.429  28.481 0.0000000000
72341  35.836  4.665  27.410 0.0000000000
72359  36.159  4.777  27.163 0.0000000000
71128  35.612  4.401  26.403 0.0000000000
69913  34.916  3.814  26.199 0.0000000000
69901  33.640  3.093  28.125 0.0000000000
68746  33.502  2.242  27.486 0.0000000000
68767  33.421  2.280  25.020 0.0000000000
86025  53.435  17.619  10.234 0.0000000000
86033  53.681  17.345  9.668 0.0000000000
86024  54.032  17.841  10.006 0.0000000000
72377  39.286  4.848  26.124 0.0000000000
72355  39.496  5.179  26.711 0.0000000000
73489  39.030  5.336  26.979 0.0000000000
72338  38.638  5.357  27.412 0.0000000000
72335  40.710  5.544  27.015 0.0000000000
58064  22.418  -6.301  35.626 0.0000000000
56771  23.040  -6.168  36.265 0.0000000000
56750  22.552  -6.352  37.175 0.0000000000
56713  26.564  -6.391  38.478 0.0000000000
55513  26.694  -6.774  38.016 0.0000000000
56747  25.566  -6.636  36.860 0.0000000000
56796  24.729  -6.853  35.548 0.0000000000
56797  23.969  -6.759  35.584 0.0000000000
75704  39.289  7.445  18.999 0.0000000000
72434  41.576  5.290  21.145 0.0000000000
73539  42.327  5.790  21.158 0.0000000000
73573  41.428  6.452  20.108 0.0000000000
74669  41.215  6.855  19.807 0.0000000000
74686  41.535  7.525  19.648 0.0000000000
57919  22.273  -5.382  45.848 0.0000000000
51798  10.793  -10.757  45.929 0.0000000000
51784  10.848  -10.636  46.473 0.0000000000
53007  10.949  -10.636  47.563 0.0000000000
62853  38.848  -2.996  36.266 0.0000000000
62860  38.198  -3.723  34.992 0.0000000000
60375  38.429  -5.105  34.932 0.0000000000
59269  38.355  -5.827  34.586 0.0000000000
60368  32.258  -5.228  34.668 0.0000000000
58076  33.403  -5.800  35.510 0.0000000000
59258  32.687  -5.601  34.152 0.0000000000
56842  33.629  -6.543  33.921 0.0000000000
58138  32.519  -6.416  32.398 0.0000000000
66340  32.748  -0.623  29.953 0.0000000000
82899  49.940  14.102  15.093 0.0000000000
82898  50.491  14.236  15.654 0.0000000000
84962  51.872  16.391  13.131 0.0000000000
83914  49.851  15.288  11.790 0.0000000000
71219  39.182  4.432  22.017 0.0000000000
71204  38.013  4.222  22.633 0.0000000000
69940  36.870  3.865  24.142 0.0000000000
69962  37.083  3.882  23.700 0.0000000000
72374  41.477  4.975  25.289 0.0000000000
72373  42.117  5.260  24.744 0.0000000000
71167  41.951  4.169  24.181 0.0000000000
71187  42.515  4.097  23.678 0.0000000000
69976  42.607  3.827  22.909 0.0000000000
69960  41.823  3.541  22.995 0.0000000000
56719  17.763  -8.308  38.633 0.0000000000
54256  32.134  -7.431  43.038 0.0000000000
54277  32.639  -7.536  42.441 0.0000000000
54318  31.524  -7.303  40.944 0.0000000000
55485  30.870  -7.684  39.826 0.0000000000
55549  28.123  -7.230  37.349 0.0000000000
55548  28.906  -7.319  37.293 0.0000000000
55569  28.717  -6.900  36.920 0.0000000000
56766  29.147  -6.816  36.748 0.0000000000
56765  29.848  -6.492  36.515 0.0000000000
56790  29.825  -6.359  36.030 0.0000000000
56791  29.236  -6.347  35.807 0.0000000000
58095  28.813  -5.975  34.652 0.0000000000
58140  28.059  -5.493  32.863 0.0000000000
58117  27.610  -5.981  33.497 0.0000000000
58118  26.901  -6.295  32.914 0.0000000000
79948  46.207  11.583  18.722 0.0000000000
79954  46.253  11.585  17.827 0.0000000000
80927  46.903  13.477  14.032 0.0000000000
60317  26.259  -5.320  39.968 0.0000000000
60306  26.378  -4.877  40.311 0.0000000000
62793  25.948  -3.265  40.819 0.0000000000
59165  28.739  -5.607  41.807 0.0000000000
57979  28.095  -6.206  40.906 0.0000000000
59173  27.915  -5.694  41.331 0.0000000000
59194  23.190  -4.963  40.450 0.0000000000
57996  22.363  -5.452  40.932 0.0000000000
56662  19.748  -6.586  42.434 0.0000000000
56661  20.252  -6.539  42.409 0.0000000000
55444  19.812  -6.643  42.180 0.0000000000
55466  19.260  -6.742  41.468 0.0000000000
55467  18.542  -6.760  41.128 0.0000000000
55491  18.326  -7.071  40.422 0.0000000000
57924  17.944  -5.623  46.842 0.0000000000
57945  16.932  -6.338  46.050 0.0000000000
56611  14.703  -7.300  44.938 0.0000000000
56629  14.600  -7.642  43.722 0.0000000000
56649  15.068  -7.789  42.410 0.0000000000
71048  35.946  3.578  32.608 0.0000000000
71030  36.348  3.663  33.335 0.0000000000
71032  35.427  2.236  33.167 0.0000000000
69832  35.437  1.753  33.465 0.0000000000
66272  37.927  -1.164  35.264 0.0000000000
66273  37.314  -0.719  34.712 0.0000000000
66274  36.887  -0.550  34.372 0.0000000000
67502  36.418  -0.273  33.945 0.0000000000
66318  36.227  -1.451  33.150 0.0000000000
65169  35.994  -2.014  32.912 0.0000000000
64002  36.186  -2.961  33.045 0.0000000000
62878  36.691  -3.853  32.781 0.0000000000
59303  37.624  -5.714  32.787 0.0000000000
60408  37.556  -5.215  32.566 0.0000000000
58174  37.300  -7.013  30.612 0.0000000000
54317  35.294  -7.381  40.165 0.0000000000
54341  35.848  -7.802  39.372 0.0000000000
54402  35.361  -7.782  36.373 0.0000000000
54384  35.726  -8.118  37.326 0.0000000000
54399  36.589  -8.497  36.996 0.0000000000
55544  37.145  -8.421  37.374 0.0000000000
55584  37.919  -7.817  35.522 0.0000000000
56787  37.961  -7.835  35.223 0.0000000000
55602  37.786  -8.021  34.786 0.0000000000
55682  34.764  -8.797  30.204 0.0000000000
72325  37.359  5.397  28.783 0.0000000000
71108  35.293  4.271  27.737 0.0000000000
67588  32.803  0.911  27.724 0.0000000000
67601  33.136  1.540  27.203 0.0000000000
67602  32.691  0.994  26.651 0.0000000000
84974  51.649  16.444  10.612 0.0000000000
86022  52.705  17.507  10.992 0.0000000000
71169  39.802  4.115  24.498 0.0000000000
71172  36.568  3.895  24.529 0.0000000000
71173  36.079  3.708  24.466 0.0000000000
71151  35.889  3.878  25.047 0.0000000000
74588  42.107  7.049  26.010 0.0000000000
74599  41.953  6.560  25.802 0.0000000000
71146  40.622  4.377  25.081 0.0000000000
56799  20.209  -7.783  34.885 0.0000000000
58065  21.430  -6.575  35.572 0.0000000000
55486  28.993  -7.473  40.277 0.0000000000
54321  29.185  -7.654  39.779 0.0000000000
54346  28.222  -7.837  38.711 0.0000000000
54386  28.001  -7.666  37.757 0.0000000000
55533  27.187  -7.275  38.001 0.0000000000
54387  27.544  -7.436  37.766 0.0000000000
55571  27.462  -6.720  36.804 0.0000000000
55592  26.720  -6.760  35.851 0.0000000000
56794  27.033  -6.703  35.600 0.0000000000
56820  26.496  -6.696  34.774 0.0000000000
58097  24.067  -6.636  34.012 0.0000000000
79959  44.524  11.331  16.136 0.0000000000
79960  43.802  11.374  15.644 0.0000000000
62776  27.957  -2.973  42.041 0.0000000000
74634  44.158  6.459  22.173 0.0000000000
74646  42.597  6.209  21.071 0.0000000000
75698  43.782  7.934  21.248 0.0000000000
76754  43.472  8.123  20.164 0.0000000000
76759  43.817  8.664  19.887 0.0000000000
75716  42.538  8.026  19.708 0.0000000000
75718  41.283  8.006  19.035 0.0000000000
75733  41.096  8.471  18.279 0.0000000000
59167  22.738  -4.774  43.272 0.0000000000
57969  21.570  -5.873  43.367 0.0000000000
56642  21.159  -6.264  43.454 0.0000000000
57970  21.314  -6.223  43.909 0.0000000000
56643  20.633  -6.440  43.696 0.0000000000
56644  19.509  -6.448  43.082 0.0000000000
56645  18.496  -6.343  43.299 0.0000000000
57909  15.720  -6.391  47.390 0.0000000000
57910  15.176  -6.688  47.213 0.0000000000
56597  14.000  -7.745  46.006 0.0000000000
54239  13.011  -9.247  43.685 0.0000000000
53046  12.140  -10.459  43.638 0.0000000000
65125  38.398  -1.647  35.567 0.0000000000
66291  37.700  -1.673  34.784 0.0000000000
65140  37.592  -1.980  34.490 0.0000000000
63992  37.084  -3.104  33.819 0.0000000000
63991  37.472  -3.110  34.110 0.0000000000
62876  37.759  -4.025  33.373 0.0000000000
61586  37.908  -4.529  33.454 0.0000000000
61579  38.085  -4.508  33.974 0.0000000000
60397  37.813  -5.169  33.110 0.0000000000
56886  37.712  -7.140  32.750 0.0000000000
58031  33.058  -6.200  38.225 0.0000000000
56743  33.857  -6.526  37.865 0.0000000000
55546  34.452  -6.776  37.499 0.0000000000
55568  34.661  -6.975  36.784 0.0000000000
56789  33.931  -6.172  35.593 0.0000000000
55567  35.062  -7.436  36.626 0.0000000000
55588  35.171  -7.579  35.866 0.0000000000
54429  35.677  -8.017  35.457 0.0000000000
54428  35.850  -8.131  35.209 0.0000000000
55605  35.866  -7.998  34.545 0.0000000000
56868  33.818  -7.350  32.503 0.0000000000
71090  35.027  3.680  30.069 0.0000000000
71097  34.798  3.795  28.918 0.0000000000
69892  34.470  3.127  29.762 0.0000000000
68737  33.582  1.780  28.669 0.0000000000
67570  33.114  0.967  28.503 0.0000000000
67589  32.168  0.104  27.412 0.0000000000
84965  51.618  16.576  12.171 0.0000000000
84970  51.550  16.571  11.119 0.0000000000
83923  51.233  15.834  10.447 0.0000000000
72437  39.224  5.833  21.192 0.0000000000
72426  38.092  5.232  21.672 0.0000000000
69980  36.989  3.943  23.057 0.0000000000
71205  36.890  4.286  22.431 0.0000000000
73499  42.884  5.863  24.950 0.0000000000
73523  44.037  5.257  23.161 0.0000000000
73531  43.541  5.363  22.534 0.0000000000
72421  42.700  4.896  22.309 0.0000000000
71216  42.287  4.310  22.190 0.0000000000
72422  42.099  4.856  21.659 0.0000000000
54231  35.284  -9.092  44.084 0.0000000000
54253  34.925  -8.448  43.387 0.0000000000
54275  34.501  -7.982  42.555 0.0000000000
54297  34.088  -7.487  41.893 0.0000000000
54298  33.200  -7.337  41.865 0.0000000000
55458  34.321  -7.446  41.327 0.0000000000
55482  33.620  -6.801  40.341 0.0000000000
54320  29.933  -8.126  40.233 0.0000000000
54343  30.349  -7.989  39.806 0.0000000000
55508  31.164  -7.399  39.434 0.0000000000
55529  30.119  -7.422  38.421 0.0000000000
55528  30.849  -7.426  38.807 0.0000000000
56710  32.156  -6.684  39.376 0.0000000000
58018  32.653  -6.430  38.922 0.0000000000
59219  32.254  -5.248  36.934 0.0000000000
59234  30.646  -5.794  36.341 0.0000000000
59246  30.622  -5.395  35.698 0.0000000000
60369  31.495  -4.903  35.176 0.0000000000
60378  31.119  -4.806  34.520 0.0000000000
59273  30.822  -5.053  33.736 0.0000000000
59288  30.465  -5.337  32.582 0.0000000000
56871  25.338  -7.344  32.200 0.0000000000
81907  48.822  13.305  17.262 0.0000000000
80914  46.724  12.259  16.448 0.0000000000
80912  48.275  12.763  16.962 0.0000000000
81911  48.911  13.208  16.375 0.0000000000
81917  49.253  13.782  14.945 0.0000000000
81918  48.363  13.547  14.677 0.0000000000
82910  49.360  14.472  13.522 0.0000000000
82916  49.490  14.899  12.447 0.0000000000
60318  25.421  -4.636  39.833 0.0000000000
60331  24.502  -4.611  39.664 0.0000000000
59193  23.873  -4.795  39.865 0.0000000000
60302  22.999  -4.326  42.571 0.0000000000
62777  26.831  -2.975  41.418 0.0000000000
62778  25.390  -2.609  41.719 0.0000000000
62779  24.450  -2.872  42.437 0.0000000000
61512  23.984  -3.413  42.209 0.0000000000
60295  23.042  -4.373  43.080 0.0000000000
59158  23.095  -4.407  43.851 0.0000000000
59142  23.459  -4.751  45.921 0.0000000000
54196  36.203  -8.407  45.301 0.0000000000
54212  35.786  -8.831  44.759 0.0000000000
55410  32.858  -7.901  44.493 0.0000000000
54234  32.676  -7.829  43.830 0.0000000000
54257  31.309  -7.303  42.422 0.0000000000
55441  30.041  -7.857  42.021 0.0000000000
56639  29.996  -7.301  42.717 0.0000000000
55426  29.820  -7.612  42.295 0.0000000000
55442  29.337  -7.581  41.549 0.0000000000
55462  29.043  -7.509  40.793 0.0000000000
55463  28.622  -7.148  40.314 0.0000000000
56697  27.555  -6.583  39.541 0.0000000000
57994  27.470  -6.197  40.249 0.0000000000
58008  27.470  -6.464  39.930 0.0000000000
56712  27.324  -6.657  38.922 0.0000000000
74662  38.402  6.369  19.986 0.0000000000
79927  46.367  11.600  20.729 0.0000000000
78908  45.080  10.686  18.053 0.0000000000
76775  43.621  8.970  19.329 0.0000000000
77808  43.956  9.590  18.510 0.0000000000
76787  42.615  9.204  18.380 0.0000000000
77817  43.834  10.010  17.801 0.0000000000
58034  23.874  -5.633  38.063 0.0000000000
56732  22.150  -6.388  38.288 0.0000000000
58036  22.459  -5.994  39.069 0.0000000000
56733  20.637  -6.775  38.470 0.0000000000
56699  21.223  -6.663  40.956 0.0000000000
56680  20.422  -6.803  41.487 0.0000000000
56718  18.117  -7.826  38.927 0.0000000000
55516  17.388  -8.159  39.042 0.0000000000
56606  19.609  -5.959  45.415 0.0000000000
56646  17.657  -6.383  43.405 0.0000000000
57926  16.229  -6.334  46.623 0.0000000000
56610  16.071  -6.600  45.472 0.0000000000
55430  17.375  -6.835  42.091 0.0000000000
56681  16.600  -7.537  41.463 0.0000000000
56682  16.032  -7.857  41.073 0.0000000000
50497  8.871  -13.646  47.740 0.0000000000
73468  40.233  5.734  28.596 0.0000000000
72315  36.532  4.716  30.236 0.0000000000
71079  35.789  4.122  30.620 0.0000000000
69871  34.422  2.180  31.003 0.0000000000
69855  34.570  2.142  31.531 0.0000000000
67535  34.008  0.986  31.594 0.0000000000
67544  33.879  -0.102  31.887 0.0000000000
66329  34.184  -0.775  32.066 0.0000000000
69831  35.697  1.655  33.986 0.0000000000
68685  35.291  0.955  33.238 0.0000000000
67503  35.995  0.207  33.658 0.0000000000
67520  35.022  0.533  32.871 0.0000000000
64014  34.413  -2.705  31.690 0.0000000000
62880  35.575  -3.453  32.083 0.0000000000
62893  35.042  -3.883  31.631 0.0000000000
60423  36.648  -5.731  30.391 0.0000000000
58194  36.324  -7.623  28.897 0.0000000000
59242  38.772  -5.344  36.673 0.0000000000
54251  36.313  -8.575  43.334 0.0000000000
54272  36.685  -8.514  42.550 0.0000000000
54294  36.517  -8.416  41.680 0.0000000000
54293  37.125  -8.566  41.803 0.0000000000
55504  38.267  -7.586  39.908 0.0000000000
55526  35.043  -6.832  38.635 0.0000000000
54364  36.329  -8.199  38.586 0.0000000000
54362  37.281  -7.978  39.468 0.0000000000
55505  37.711  -7.805  39.621 0.0000000000
56708  38.594  -7.241  39.249 0.0000000000
56741  38.557  -6.715  37.411 0.0000000000
58043  38.896  -6.267  37.885 0.0000000000
58058  38.812  -6.250  37.037 0.0000000000
59231  38.773  -6.042  36.571 0.0000000000
59243  38.641  -5.713  36.162 0.0000000000
58110  38.447  -6.294  34.928 0.0000000000
58111  38.336  -6.666  34.245 0.0000000000
56812  38.305  -7.252  34.483 0.0000000000
56838  38.340  -7.099  33.957 0.0000000000
58112  38.300  -6.985  33.725 0.0000000000
56865  37.882  -7.180  33.215 0.0000000000
56867  37.036  -7.771  32.321 0.0000000000
55681  35.287  -8.641  30.314 0.0000000000
56909  35.148  -8.874  29.732 0.0000000000
72323  39.166  5.544  28.268 0.0000000000
69914  34.308  3.361  26.725 0.0000000000
82921  49.645  14.966  11.317 0.0000000000
82926  49.571  14.351  10.567 0.0000000000
53022  10.964  -10.510  46.863 0.0000000000
54195  36.651  -8.197  45.099 0.0000000000
54211  36.370  -8.635  44.625 0.0000000000
54215  33.845  -8.140  44.950 0.0000000000
54302  29.517  -7.778  40.760 0.0000000000
54322  28.571  -7.661  39.199 0.0000000000
54368  28.542  -7.930  38.315 0.0000000000
54370  27.368  -7.436  37.925 0.0000000000
54388  27.324  -7.321  37.732 0.0000000000
54413  36.190  -8.329  35.518 0.0000000000
54415  35.538  -7.918  35.829 0.0000000000
55413  31.167  -6.968  43.027 0.0000000000
55443  28.848  -7.258  40.922 0.0000000000
55459  33.777  -7.223  41.236 0.0000000000
55464  28.193  -6.906  39.770 0.0000000000
55510  29.669  -7.632  38.817 0.0000000000
55547  29.694  -7.339  37.739 0.0000000000
55566  36.643  -8.502  36.514 0.0000000000
55590  27.831  -6.519  36.168 0.0000000000
55591  27.434  -6.609  36.163 0.0000000000
55609  26.021  -6.789  35.474 0.0000000000
56620  30.606  -6.816  43.038 0.0000000000
56630  14.176  -7.993  44.275 0.0000000000
56658  28.763  -6.876  41.233 0.0000000000
56696  31.697  -6.983  39.624 0.0000000000
56711  31.449  -6.956  38.992 0.0000000000
56785  38.569  -6.910  35.983 0.0000000000
56814  37.757  -7.920  34.564 0.0000000000
56817  28.998  -6.213  35.159 0.0000000000
57893  14.989  -6.602  47.997 0.0000000000
57946  14.290  -7.690  44.628 0.0000000000
57947  14.163  -7.875  44.541 0.0000000000
57955  30.296  -6.281  43.129 0.0000000000
57956  29.675  -6.278  42.650 0.0000000000
57962  14.332  -7.772  44.329 0.0000000000
57967  29.208  -6.263  42.103 0.0000000000
58009  26.877  -6.186  39.719 0.0000000000
58019  31.892  -6.615  38.905 0.0000000000
58020  31.605  -6.763  38.840 0.0000000000
58045  32.472  -5.706  37.723 0.0000000000
58061  31.023  -5.853  37.342 0.0000000000
58063  23.078  -6.153  35.650 0.0000000000
58075  33.913  -5.970  36.058 0.0000000000
58077  30.255  -6.133  36.176 0.0000000000
58078  29.949  -6.102  35.623 0.0000000000
58113  32.893  -6.191  33.451 0.0000000000
59166  23.056  -4.386  43.335 0.0000000000
59191  26.415  -5.595  39.925 0.0000000000
59244  32.753  -5.493  34.998 0.0000000000
59245  31.223  -5.035  35.855 0.0000000000
59259  32.353  -5.307  33.847 0.0000000000
59272  31.916  -5.251  33.318 0.0000000000
60358  32.148  -5.207  35.316 0.0000000000
60359  31.749  -4.991  35.810 0.0000000000
60370  30.850  -4.856  35.123 0.0000000000
60376  32.366  -5.243  34.204 0.0000000000
60387  31.509  -4.906  33.781 0.0000000000
60388  31.331  -4.846  34.053 0.0000000000
61521  25.346  -4.327  40.260 0.0000000000
62868  37.532  -3.577  33.649 0.0000000000
63978  39.134  -2.526  36.429 0.0000000000
66271  38.848  -1.108  35.723 0.0000000000
66348  32.570  -0.707  29.161 0.0000000000
66349  32.277  -0.779  28.512 0.0000000000
68672  35.626  1.112  33.687 0.0000000000
69958  42.580  3.863  23.244 0.0000000000
69959  42.254  3.680  23.209 0.0000000000
69977  42.223  3.605  22.671 0.0000000000
69978  41.755  3.674  22.504 0.0000000000
69993  42.495  4.004  22.521 0.0000000000
69994  42.032  3.866  22.311 0.0000000000
71098  34.168  3.412  28.562 0.0000000000
71107  35.782  4.677  27.897 0.0000000000
71125  38.681  4.749  25.935 0.0000000000
71166  42.345  4.211  24.059 0.0000000000
71186  42.812  4.102  23.181 0.0000000000
71192  37.570  3.969  23.756 0.0000000000
72401  43.951  5.229  23.483 0.0000000000
72411  43.008  4.714  22.701 0.0000000000
73478  39.283  5.448  27.422 0.0000000000
73488  39.252  5.386  27.186 0.0000000000
76753  43.858  8.436  20.657 0.0000000000
82920  50.095  15.154  10.992 0.0000000000
82924  51.007  15.205  10.240 0.0000000000
83920  49.918  15.239  11.474 0.0000000000
