#!ascii label  , from subject sub.01.bl.01.long.sub.01.base.03 vox2ras=TkReg
900
73189  18.881  5.230  -33.182 0.2500000000
73188  19.669  4.374  -33.554 0.7500000000
76336  18.321  8.352  -33.770 0.2500000000
76326  18.489  7.383  -33.378 0.1250000000
76335  18.701  7.738  -33.761 0.3750000000
75316  18.658  6.732  -33.285 0.2500000000
74272  18.380  5.770  -32.740 0.2500000000
73203  19.997  5.265  -34.104 0.7500000000
73187  20.320  4.099  -33.966 0.8750000000
71994  20.613  3.634  -33.737 0.8750000000
75329  19.135  7.080  -33.800 0.3750000000
75315  19.231  6.600  -33.720 0.3750000000
74296  19.895  5.909  -34.144 0.8750000000
74283  19.381  5.847  -33.629 0.7500000000
73217  21.716  4.993  -34.852 1.0000000000
73218  21.082  5.302  -34.759 1.0000000000
72009  21.160  3.833  -34.048 1.0000000000
73201  22.104  4.278  -34.456 1.0000000000
76334  19.265  7.509  -34.187 0.7500000000
75338  20.060  7.215  -34.794 0.8750000000
75337  20.470  6.767  -35.068 0.8750000000
75328  19.758  6.695  -34.335 0.7500000000
74311  22.167  5.607  -35.388 1.0000000000
74312  21.269  5.974  -35.240 1.0000000000
73216  22.827  4.577  -34.685 1.0000000000
77410  19.069  8.157  -34.429 0.6250000000
76355  20.639  7.596  -35.758 1.0000000000
76344  19.672  7.770  -34.761 0.8750000000
74331  22.427  6.329  -36.004 1.0000000000
74332  21.720  6.435  -36.112 1.0000000000
75353  21.049  6.809  -36.046 1.0000000000
74310  23.053  5.447  -35.445 1.0000000000
74308  24.829  5.263  -35.974 1.0000000000
73215  23.719  4.602  -35.198 1.0000000000
81477  18.152  12.738  -35.561 0.2500000000
77411  18.517  8.818  -34.419 0.2500000000
77424  18.666  9.564  -35.087 0.3750000000
77423  19.250  8.843  -35.116 0.5000000000
78491  19.981  9.376  -35.656 1.0000000000
77422  20.106  8.318  -35.418 1.0000000000
76372  21.376  7.506  -36.513 1.0000000000
74330  23.235  6.319  -35.973 1.0000000000
74360  20.712  6.661  -38.534 1.0000000000
75352  23.744  6.650  -36.247 1.0000000000
74329  24.265  6.123  -35.909 1.0000000000
75351  24.479  6.780  -36.442 1.0000000000
74328  25.169  6.060  -36.239 1.0000000000
81487  18.585  12.514  -35.941 0.5000000000
80537  18.368  11.965  -35.617 0.3750000000
79553  18.411  10.941  -35.522 0.3750000000
78493  18.555  10.142  -35.283 0.5000000000
79552  19.060  10.730  -35.924 0.5000000000
78505  20.398  9.961  -36.274 0.8750000000
79574  20.733  10.630  -36.738 1.0000000000
127293  20.842  7.395  -38.000 1.0000000000
77436  21.418  9.143  -36.612 1.0000000000
76371  23.137  7.989  -37.021 1.0000000000
127291  22.015  7.521  -37.259 1.0000000000
76370  24.909  8.062  -36.641 1.0000000000
76354  24.216  7.478  -36.586 1.0000000000
75350  25.500  6.911  -36.812 0.8750000000
80549  18.833  11.847  -35.940 0.5000000000
80548  19.375  11.787  -36.333 0.6250000000
80559  19.936  11.757  -36.744 0.6250000000
79575  20.255  11.218  -36.754 1.0000000000
79564  19.757  10.770  -36.344 0.7500000000
78513  21.330  9.878  -36.770 1.0000000000
127309  24.448  9.448  -38.303 1.0000000000
127304  23.564  9.343  -37.847 1.0000000000
78520  22.742  8.987  -37.344 1.0000000000
127287  21.975  9.390  -37.223 1.0000000000
77463  24.743  8.904  -38.384 1.0000000000
77447  24.370  8.348  -37.412 1.0000000000
127286  22.375  7.821  -36.940 1.0000000000
77453  25.371  8.951  -38.388 0.8750000000
77446  25.108  8.441  -37.696 1.0000000000
76369  25.965  8.231  -37.154 0.8750000000
81486  19.009  12.639  -36.414 0.5000000000
81496  19.561  12.436  -36.717 0.8750000000
81504  21.891  12.152  -38.463 1.0000000000
80567  21.601  11.557  -37.786 1.0000000000
79582  24.407  10.284  -38.186 1.0000000000
80565  23.506  11.300  -38.686 1.0000000000
79572  22.266  9.808  -37.550 1.0000000000
81501  24.461  11.750  -38.551 1.0000000000
78519  25.331  9.550  -38.267 1.0000000000
80563  24.761  11.294  -38.200 1.0000000000
79580  26.011  10.245  -38.134 1.0000000000
82444  18.920  13.205  -36.618 0.5000000000
82457  19.400  13.345  -37.028 0.8750000000
82456  19.904  13.164  -37.328 1.0000000000
82475  22.178  13.333  -38.876 1.0000000000
81512  21.858  12.774  -38.597 1.0000000000
81505  21.229  12.656  -38.109 1.0000000000
82464  23.859  13.316  -39.032 1.0000000000
82465  23.545  12.611  -39.168 1.0000000000
82454  24.824  13.210  -37.719 1.0000000000
81494  24.300  12.763  -38.754 1.0000000000
81502  24.176  12.112  -39.090 1.0000000000
80556  25.532  11.497  -37.854 1.0000000000
81493  24.780  12.306  -38.290 1.0000000000
79571  25.897  10.815  -37.868 0.8750000000
87548  21.161  17.723  -39.290 1.0000000000
88527  18.973  17.783  -37.616 0.3750000000
87549  20.796  17.173  -38.698 0.8750000000
84467  21.696  15.004  -39.271 1.0000000000
83454  24.081  14.242  -38.717 1.0000000000
83464  23.645  14.323  -39.221 1.0000000000
88539  21.201  18.522  -38.755 0.8750000000
86593  21.157  16.887  -39.178 1.0000000000
86609  22.010  17.631  -39.969 1.0000000000
85533  22.104  15.972  -39.743 1.0000000000
84464  23.908  15.135  -39.169 1.0000000000
84465  23.399  15.099  -39.770 1.0000000000
84455  24.283  15.116  -38.454 1.0000000000
89581  21.791  19.433  -38.572 0.7500000000
87566  21.763  17.799  -39.859 1.0000000000
86608  22.359  17.501  -40.095 1.0000000000
86589  23.560  17.001  -39.067 1.0000000000
86590  23.023  17.006  -39.672 1.0000000000
85531  23.352  16.018  -39.310 1.0000000000
88552  21.873  18.511  -39.584 1.0000000000
87564  22.849  17.978  -40.592 1.0000000000
87547  23.069  17.552  -40.218 1.0000000000
94498  23.368  24.858  -39.654 0.1250000000
94497  23.594  25.148  -39.027 0.1250000000
93629  22.887  24.345  -41.098 0.2500000000
94510  23.137  25.342  -40.443 0.1250000000
94517  22.731  25.565  -41.523 0.2500000000
93637  22.699  24.631  -42.242 0.5000000000
94523  22.361  26.001  -42.610 0.2500000000
94532  21.688  25.886  -43.254 0.3750000000
95402  22.922  26.532  -40.895 0.2500000000
95412  22.635  26.588  -41.802 0.2500000000
95421  22.065  27.680  -42.243 0.2500000000
95422  21.810  27.272  -43.318 0.2500000000
94533  21.508  26.468  -43.730 0.3750000000
94524  21.929  26.633  -43.120 0.2500000000
93658  21.549  25.677  -44.147 0.3750000000
95430  21.656  27.578  -43.968 0.2500000000
74273  17.987  5.779  -32.355 0.1250000000
74284  18.847  5.909  -33.128 0.2500000000
75317  18.263  6.843  -32.916 0.1250000000
72021  23.650  3.983  -34.686 1.0000000000
81506  20.658  12.474  -37.559 0.8750000000
81503  23.501  11.989  -39.242 1.0000000000
73163  17.891  4.401  -31.487 0.1250000000
71995  19.933  3.633  -33.458 0.6250000000
70773  20.644  2.882  -33.397 0.7500000000
76327  18.185  7.649  -33.192 0.1250000000
70772  21.410  2.859  -33.544 1.0000000000
72007  22.724  3.680  -34.259 1.0000000000
72022  23.214  3.927  -34.457 1.0000000000
72020  24.354  3.928  -35.058 1.0000000000
78479  18.171  10.071  -34.705 0.3750000000
79554  17.869  11.108  -35.095 0.2500000000
79539  17.972  10.769  -34.977 0.2500000000
74327  26.109  6.013  -36.458 0.8750000000
76368  26.766  7.796  -37.577 0.8750000000
75371  26.334  7.359  -37.105 0.8750000000
78512  26.605  9.496  -37.817 0.8750000000
127339  18.324  17.487  -36.943 0.1250000000
83447  18.775  14.045  -36.876 0.3750000000
83457  19.892  13.974  -37.590 0.6250000000
81485  25.586  12.451  -37.325 1.0000000000
88540  20.355  17.908  -38.183 0.5000000000
85509  19.556  16.811  -37.922 0.3750000000
85520  20.018  16.007  -38.309 0.8750000000
84445  24.502  15.253  -37.645 1.0000000000
85518  24.379  15.854  -38.254 1.0000000000
89593  22.303  19.307  -39.759 0.8750000000
88560  22.646  19.415  -41.347 1.0000000000
87563  23.358  18.362  -40.996 1.0000000000
93597  23.756  24.874  -38.158 0.1250000000
93614  23.189  24.207  -38.872 0.1250000000
92660  23.182  23.110  -40.574 0.6250000000
92675  23.000  23.652  -42.826 0.5000000000
94509  23.369  25.539  -39.711 0.2500000000
93657  22.221  24.948  -44.328 0.5000000000
127320  23.185  27.161  -40.187 0.2500000000
96266  22.654  27.107  -41.459 0.2500000000
93661  21.738  25.809  -44.745 0.5000000000
127323  22.294  28.104  -41.078 0.1250000000
127311  21.729  27.698  -43.105 0.2500000000
97928  21.405  28.483  -44.542 0.2500000000
94544  21.973  26.476  -45.058 0.3750000000
95439  21.684  27.489  -45.254 0.2500000000
127321  21.480  28.514  -42.729 0.1250000000
73176  17.950  5.157  -32.289 0.1250000000
73175  18.622  4.328  -32.549 0.3750000000
73174  19.224  4.049  -33.032 0.5000000000
75304  18.304  6.467  -32.826 0.1250000000
71982  20.148  3.205  -33.322 0.7500000000
71993  21.431  3.495  -33.838 1.0000000000
72008  21.745  3.814  -34.160 1.0000000000
74295  20.487  5.864  -34.530 1.0000000000
73202  20.848  4.481  -34.330 1.0000000000
74309  23.969  5.388  -35.559 1.0000000000
75376  21.741  6.922  -36.689 1.0000000000
73214  24.527  4.513  -35.637 1.0000000000
78492  19.150  10.043  -35.650 0.5000000000
77437  20.846  8.703  -36.147 1.0000000000
77448  21.711  8.150  -36.767 1.0000000000
75374  23.113  6.883  -36.553 1.0000000000
74348  22.039  6.784  -37.019 1.0000000000
75388  22.105  6.904  -37.716 1.0000000000
75373  23.717  7.179  -36.496 1.0000000000
75372  25.805  7.683  -36.727 1.0000000000
78514  20.871  10.030  -36.513 1.0000000000
80557  21.216  11.087  -37.243 1.0000000000
127284  22.342  8.177  -36.971 1.0000000000
75349  26.658  6.628  -36.769 0.8750000000
80558  20.671  11.689  -37.200 1.0000000000
79573  21.797  10.357  -37.404 1.0000000000
127290  23.704  9.012  -37.807 1.0000000000
79584  23.099  9.691  -37.862 1.0000000000
79583  23.804  10.626  -38.375 1.0000000000
77445  25.977  8.560  -38.151 0.8750000000
81511  22.473  12.473  -38.868 1.0000000000
80568  21.050  12.120  -37.625 1.0000000000
80572  23.083  11.783  -39.033 1.0000000000
80566  22.577  11.451  -38.510 1.0000000000
79585  22.308  10.801  -37.843 1.0000000000
79581  25.317  10.614  -38.026 1.0000000000
82468  19.871  13.439  -37.409 0.7500000000
82467  20.377  13.283  -37.708 1.0000000000
82476  21.568  13.270  -38.605 1.0000000000
82466  21.017  13.649  -38.435 1.0000000000
83467  21.636  13.974  -38.929 1.0000000000
83466  22.397  14.159  -39.244 1.0000000000
82474  23.031  13.298  -39.115 1.0000000000
82455  24.370  13.333  -38.415 1.0000000000
82473  23.425  13.831  -39.133 1.0000000000
86575  20.210  16.880  -38.468 0.7500000000
85519  20.740  16.406  -38.718 1.0000000000
83455  21.117  14.549  -38.754 1.0000000000
84466  22.598  15.042  -39.724 1.0000000000
84457  20.785  15.346  -38.608 1.0000000000
84468  21.269  15.364  -39.015 1.0000000000
85534  21.380  16.019  -39.191 1.0000000000
86592  21.718  17.032  -39.833 1.0000000000
85532  22.842  15.986  -39.789 1.0000000000
85530  23.933  15.980  -38.757 1.0000000000
87565  22.237  18.037  -40.149 1.0000000000
86591  22.455  16.830  -39.879 1.0000000000
88551  22.412  18.817  -40.603 1.0000000000
93613  23.529  24.728  -38.703 0.1250000000
93622  23.001  24.173  -39.998 0.1250000000
95389  23.479  25.931  -39.394 0.2500000000
93647  22.127  24.982  -43.373 0.5000000000
127313  21.593  28.107  -43.992 0.2500000000
94541  21.597  26.895  -44.532 0.2500000000
73162  18.248  4.100  -31.914 0.1250000000
71983  19.469  3.487  -32.954 0.6250000000
70786  22.116  3.246  -33.792 1.0000000000
85510  18.718  16.525  -37.130 0.5000000000
83446  19.304  14.511  -37.393 0.6250000000
83456  20.508  14.295  -38.165 0.8750000000
84458  20.034  14.999  -37.835 0.7500000000
84446  19.327  15.661  -37.662 0.8750000000
88559  23.123  19.607  -41.670 1.0000000000
92651  22.872  23.086  -39.366 0.3750000000
92669  23.023  23.306  -41.801 0.7500000000
66027  21.804  -1.209  -31.271 0.7500000000
66039  23.749  -1.478  -32.353 0.7500000000
66028  20.963  -0.761  -31.202 0.7500000000
67246  20.586  0.077  -31.388 0.7500000000
66040  23.112  -0.991  -32.268 0.7500000000
67244  22.405  -0.686  -31.870 0.7500000000
67261  22.004  0.203  -32.157 0.7500000000
67262  21.138  0.460  -31.912 0.7500000000
67259  23.644  -0.690  -32.789 0.7500000000
67260  22.848  -0.147  -32.596 0.7500000000
69575  20.941  1.605  -32.790 0.7500000000
70755  20.157  2.495  -32.929 0.6250000000
68422  22.408  0.773  -32.747 0.7500000000
69574  21.956  1.340  -32.819 0.8750000000
67268  24.242  -0.340  -33.265 0.7500000000
67269  23.502  0.083  -33.035 0.7500000000
68434  23.233  0.741  -33.235 0.7500000000
69587  21.703  1.981  -33.214 0.8750000000
70771  22.323  2.447  -33.503 0.8750000000
69584  24.380  1.198  -33.618 0.7500000000
69585  23.526  1.327  -33.514 0.7500000000
70769  23.806  2.024  -33.839 0.8750000000
70785  22.753  2.875  -33.864 0.8750000000
70768  24.584  2.008  -33.848 0.7500000000
70783  24.016  2.736  -34.124 0.8750000000
72006  23.513  3.409  -34.378 0.8750000000
72004  25.033  3.354  -34.735 0.8750000000
72019  25.159  3.855  -35.399 0.8750000000
73211  27.683  4.360  -35.898 0.3750000000
73212  26.574  4.692  -35.656 0.6250000000
73213  25.473  4.540  -35.792 0.7500000000
73227  28.242  4.620  -36.299 0.5000000000
73228  27.800  4.873  -36.188 0.5000000000
74326  27.075  6.060  -36.088 0.7500000000
75345  30.106  5.461  -37.333 0.1250000000
75347  28.599  5.794  -37.084 0.3750000000
75348  27.725  6.434  -36.651 0.6250000000
75370  27.255  7.109  -37.133 0.6250000000
74344  31.337  5.642  -37.487 0.1250000000
75367  30.413  5.916  -37.531 0.1250000000
76365  29.791  7.078  -37.584 0.1250000000
77443  28.229  7.753  -37.342 0.6250000000
77444  27.349  8.412  -37.605 0.6250000000
76352  30.560  7.495  -37.286 0.1250000000
77421  30.273  8.394  -36.305 0.1250000000
78500  28.926  8.606  -36.855 0.1250000000
78501  28.334  9.083  -36.864 0.5000000000
78511  27.329  9.139  -37.589 0.6250000000
78503  26.740  9.930  -37.294 0.7500000000
76351  31.476  7.551  -37.226 0.1250000000
78489  27.818  9.509  -35.965 0.5000000000
79549  27.617  10.018  -35.537 0.5000000000
79562  26.717  10.267  -36.741 0.6250000000
79570  26.390  10.470  -37.531 0.7500000000
90625  22.096  20.576  -38.757 0.5000000000
89580  22.376  19.995  -39.450 0.7500000000
81472  26.880  11.793  -35.516 0.6250000000
81474  25.569  12.895  -36.754 0.6250000000
82443  25.196  13.337  -37.127 0.8750000000
81462  26.277  13.052  -35.369 0.5000000000
81473  26.199  12.449  -36.182 0.6250000000
82432  25.736  13.517  -35.695 0.6250000000
82433  25.432  13.450  -36.469 0.7500000000
90624  22.499  20.760  -39.813 0.7500000000
83444  24.803  13.742  -37.415 0.8750000000
86574  24.220  16.747  -38.391 0.8750000000
83432  24.860  14.242  -37.040 0.7500000000
84444  24.686  15.757  -37.387 0.8750000000
86560  24.659  16.944  -37.812 0.8750000000
87515  24.381  17.391  -38.292 0.8750000000
87533  24.340  17.755  -39.063 0.8750000000
82420  26.883  13.834  -34.557 0.3750000000
82421  26.216  13.621  -35.012 0.5000000000
83419  25.612  14.414  -35.413 0.5000000000
84433  24.802  15.314  -36.838 0.6250000000
83406  26.866  14.672  -34.121 0.2500000000
83407  26.049  14.419  -34.694 0.3750000000
84423  25.341  15.344  -35.983 0.5000000000
90632  23.033  20.982  -41.070 0.7500000000
89592  22.523  19.919  -40.609 0.8750000000
87546  23.673  17.791  -40.283 0.8750000000
88538  24.585  18.483  -40.064 0.7500000000
88526  24.760  18.354  -39.324 0.8750000000
85496  25.162  16.210  -36.525 0.6250000000
86559  24.978  17.071  -37.049 0.7500000000
84422  25.457  15.374  -35.138 0.3750000000
85482  25.393  16.280  -35.736 0.5000000000
87514  24.465  18.076  -37.924 0.7500000000
84410  26.066  15.111  -34.246 0.2500000000
91639  22.824  21.824  -39.741 0.6250000000
89601  22.754  20.269  -41.728 0.8750000000
88558  23.482  19.887  -41.840 0.8750000000
89600  23.157  20.304  -42.147 0.7500000000
88549  23.881  19.186  -41.273 0.8750000000
88525  25.117  19.021  -39.093 0.7500000000
87487  25.889  18.158  -35.443 0.2500000000
86548  25.389  16.949  -36.314 0.5000000000
85466  26.452  16.737  -34.195 0.2500000000
91646  22.911  21.976  -41.428 0.5000000000
91653  22.550  21.679  -41.990 0.6250000000
90647  22.688  21.530  -43.002 0.7500000000
89608  23.161  20.909  -42.716 0.7500000000
89607  23.472  21.164  -42.790 0.7500000000
89598  24.541  21.000  -41.714 0.7500000000
89599  23.886  20.574  -42.082 0.7500000000
90646  23.212  21.504  -43.260 0.7500000000
89590  24.828  20.440  -41.175 0.7500000000
89568  25.400  20.430  -38.337 0.5000000000
89579  25.399  20.335  -39.845 0.6250000000
88498  25.927  19.309  -35.950 0.2500000000
88511  25.209  19.284  -37.398 0.3750000000
91654  22.690  22.265  -42.391 0.6250000000
90657  23.367  22.287  -43.447 0.7500000000
90645  23.836  21.764  -42.979 0.7500000000
90637  24.442  21.583  -42.114 0.7500000000
90636  25.048  21.482  -41.419 0.6250000000
90623  25.909  21.539  -39.104 0.3750000000
90630  25.701  21.365  -40.516 0.3750000000
89542  26.328  20.103  -36.131 0.1250000000
90602  26.021  21.683  -36.894 0.1250000000
90614  25.677  21.579  -37.786 0.2500000000
91659  22.987  22.741  -43.134 0.6250000000
91669  23.187  23.246  -43.510 0.7500000000
90656  23.687  22.411  -43.336 0.6250000000
91658  24.390  22.533  -42.510 0.7500000000
91651  25.432  22.347  -40.888 0.3750000000
91652  24.881  22.374  -41.692 0.3750000000
91638  25.987  22.694  -38.820 0.2500000000
91644  25.767  22.471  -39.835 0.3750000000
91610  27.595  22.791  -36.695 0.1250000000
91611  26.984  22.722  -37.055 0.1250000000
89541  26.879  20.713  -35.814 0.1250000000
92684  22.862  23.973  -43.597 0.6250000000
92682  24.024  23.640  -43.661 0.3750000000
91668  23.530  23.139  -43.480 0.3750000000
92674  24.297  23.523  -42.842 0.3750000000
93620  25.166  24.490  -40.540 0.2500000000
92667  25.101  23.044  -41.171 0.3750000000
92668  24.657  23.423  -41.837 0.3750000000
93596  26.857  24.092  -38.213 0.1250000000
92650  25.786  23.549  -39.191 0.3750000000
91609  28.450  22.775  -36.802 0.1250000000
91637  26.492  22.872  -38.138 0.1250000000
93656  22.654  24.967  -44.731 0.3750000000
91677  23.063  23.675  -44.059 0.3750000000
93645  23.776  24.555  -44.022 0.3750000000
92683  23.521  23.867  -44.116 0.3750000000
93628  24.479  24.470  -42.304 0.3750000000
93636  24.221  24.494  -43.289 0.3750000000
94508  24.941  25.196  -40.877 0.3750000000
92659  25.060  23.757  -41.062 0.3750000000
94494  28.118  25.703  -38.624 0.1250000000
93612  25.606  24.564  -39.607 0.2500000000
92639  28.375  23.936  -37.537 0.1250000000
94531  23.368  25.465  -44.249 0.2500000000
95428  23.413  26.036  -43.881 0.2500000000
93646  23.247  24.715  -44.488 0.3750000000
95410  24.887  26.592  -41.270 0.1250000000
94522  24.276  25.532  -42.755 0.3750000000
94515  24.838  25.936  -40.798 0.1250000000
94516  24.708  25.532  -41.659 0.2500000000
95387  26.708  26.569  -39.610 0.1250000000
94507  25.196  25.589  -40.059 0.1250000000
94540  22.637  26.241  -44.953 0.3750000000
94539  22.930  25.744  -44.805 0.3750000000
95429  23.210  26.688  -44.407 0.2500000000
95411  24.469  26.614  -42.154 0.1250000000
96264  23.842  28.133  -43.381 0.1250000000
96256  25.228  27.552  -41.688 0.1250000000
96257  24.376  27.755  -42.477 0.1250000000
95386  27.741  26.419  -39.554 0.1250000000
96255  26.296  27.824  -41.685 0.1250000000
97101  24.261  29.095  -44.647 0.1250000000
97078  26.423  28.053  -42.207 0.1250000000
97086  24.884  28.558  -43.046 0.1250000000
95408  28.493  26.636  -41.616 0.1250000000
95397  28.399  26.443  -40.452 0.1250000000
70784  23.315  2.799  -34.075 0.8750000000
72003  25.725  3.352  -35.064 0.6250000000
80535  27.077  11.135  -35.572 0.6250000000
85481  25.802  16.357  -35.115 0.3750000000
90631  22.694  21.376  -41.673 0.6250000000
90639  22.571  21.214  -42.111 0.8750000000
89609  22.807  20.783  -42.440 0.7500000000
88548  24.439  19.741  -41.157 0.7500000000
88537  24.756  19.496  -40.502 0.7500000000
87500  25.219  18.028  -36.462 0.5000000000
95419  23.635  26.760  -43.266 0.2500000000
97080  25.238  28.228  -42.382 0.1250000000
96254  27.145  27.618  -41.697 0.1250000000
76366  28.718  7.166  -37.330 0.5000000000
76367  27.756  7.500  -37.345 0.6250000000
79532  27.331  10.839  -35.393 0.3750000000
80521  27.335  11.388  -35.083 0.3750000000
81444  27.337  13.499  -34.364 0.2500000000
95400  25.335  26.654  -40.527 0.1250000000
83391  27.332  15.106  -34.027 0.1250000000
66011  22.133  -2.041  -30.961 0.7500000000
66012  20.809  -1.716  -30.561 0.7500000000
67231  20.266  -0.574  -30.881 0.7500000000
67247  19.900  0.145  -30.938 0.7500000000
64906  23.010  -2.562  -31.364 0.7500000000
69576  19.883  1.618  -32.055 0.6250000000
68424  20.700  1.066  -32.133 0.7500000000
67258  24.403  -1.140  -32.979 0.6250000000
68432  24.938  0.042  -33.896 0.7500000000
69583  25.250  1.176  -33.890 0.6250000000
69596  25.278  2.030  -34.040 0.6250000000
70795  26.482  3.144  -35.192 0.5000000000
72002  27.358  3.033  -35.325 0.3750000000
73210  28.617  3.934  -36.071 0.1250000000
74323  30.230  5.016  -37.213 0.1250000000
74345  30.792  5.450  -37.353 0.1250000000
75344  32.283  5.872  -36.601 0.1250000000
76350  32.396  7.566  -37.048 0.1250000000
77431  31.973  8.486  -36.623 0.1250000000
77420  31.167  8.624  -36.286 0.1250000000
78487  30.488  8.914  -35.586 0.1250000000
78488  29.167  8.870  -36.039 0.1250000000
79530  28.816  10.526  -34.589 0.1250000000
80520  27.974  11.442  -34.389 0.2500000000
81461  27.033  12.660  -34.721 0.2500000000
85465  27.353  16.976  -33.841 0.1250000000
84409  26.838  15.647  -34.011 0.2500000000
88477  27.457  18.675  -34.413 0.1250000000
89540  27.590  21.211  -35.650 0.1250000000
90585  28.166  21.645  -35.879 0.1250000000
92625  28.840  23.261  -37.349 0.1250000000
91608  29.283  22.496  -37.167 0.1250000000
94480  28.998  25.272  -38.481 0.1250000000
93619  30.153  24.793  -39.981 0.1250000000
127327  23.446  26.671  -39.399 0.1250000000
96281  23.171  27.614  -46.071 0.2500000000
96280  23.273  27.707  -45.269 0.1250000000
97935  23.830  29.269  -45.713 0.1250000000
97085  25.881  28.512  -42.912 0.1250000000
97093  24.587  28.871  -43.982 0.1250000000
96263  26.847  27.880  -42.309 0.1250000000
94514  28.932  26.150  -41.060 0.1250000000
95409  27.916  27.314  -41.986 0.1250000000
80547  26.047  11.715  -37.392 0.7500000000
89582  20.604  19.056  -38.436 0.3750000000
72005  24.211  3.383  -34.499 0.8750000000
69588  20.931  2.296  -33.306 0.7500000000
74307  25.768  5.301  -36.107 0.7500000000
83433  24.560  14.647  -37.419 0.8750000000
88550  22.969  18.746  -41.364 0.8750000000
93660  22.117  25.585  -44.922 0.3750000000
95438  22.358  27.246  -45.698 0.1250000000
95437  22.823  27.281  -46.017 0.2500000000
67245  21.493  -0.298  -31.624 0.7500000000
66026  22.872  -1.903  -31.601 0.7500000000
66025  23.887  -2.203  -31.832 0.7500000000
68409  19.852  0.752  -31.432 0.7500000000
68408  20.506  0.710  -31.725 0.7500000000
68423  21.526  0.907  -32.434 0.7500000000
67270  22.943  0.419  -32.994 0.7500000000
70756  19.299  2.611  -32.351 0.6250000000
69586  22.618  1.414  -33.187 0.8750000000
68433  24.019  0.529  -33.330 0.7500000000
70770  23.064  2.130  -33.722 0.8750000000
70782  24.825  2.712  -34.220 0.7500000000
70781  25.902  2.481  -34.585 0.6250000000
72016  27.876  3.771  -35.689 0.2500000000
72017  27.154  3.663  -35.400 0.5000000000
72018  26.089  3.896  -35.384 0.6250000000
74306  26.552  5.468  -36.049 0.7500000000
74325  28.054  5.448  -36.293 0.5000000000
74324  29.012  4.750  -36.766 0.2500000000
74304  29.152  4.247  -36.477 0.1250000000
75368  29.241  6.357  -37.388 0.2500000000
75369  28.202  6.689  -37.302 0.6250000000
76364  30.966  6.846  -37.594 0.1250000000
75365  32.235  6.394  -37.566 0.1250000000
77442  28.959  7.623  -37.325 0.5000000000
77433  29.630  8.035  -36.978 0.1250000000
77434  28.451  8.320  -37.221 0.5000000000
77432  30.862  8.128  -36.875 0.1250000000
78502  27.346  9.608  -37.001 0.6250000000
78473  27.903  9.896  -35.410 0.1250000000
80546  26.318  11.249  -36.834 0.6250000000
83420  25.294  14.384  -36.214 0.6250000000
87532  24.772  18.263  -38.891 0.7500000000
90638  22.525  21.411  -41.937 0.6250000000
86534  25.657  17.197  -35.637 0.3750000000
89591  24.255  19.952  -41.470 0.7500000000
88487  26.258  18.775  -35.234 0.1250000000
87486  26.477  18.224  -34.764 0.1250000000
86533  26.103  17.337  -34.834 0.2500000000
86518  26.811  17.416  -34.163 0.1250000000
90658  22.987  22.162  -43.461 0.7500000000
89556  25.717  20.635  -36.706 0.1250000000
91667  24.034  22.780  -43.225 0.3750000000
90622  25.977  22.254  -38.269 0.3750000000
89555  26.285  21.311  -36.423 0.1250000000
90613  26.365  22.365  -37.450 0.1250000000
90601  26.747  22.062  -36.414 0.1250000000
92658  25.362  23.433  -40.302 0.3750000000
92649  26.360  23.569  -38.424 0.2500000000
92640  27.591  23.573  -37.451 0.1250000000
92626  28.087  23.388  -37.011 0.1250000000
90600  27.557  22.151  -36.204 0.1250000000
91626  27.069  22.959  -37.633 0.1250000000
92692  22.839  24.102  -44.152 0.3750000000
93595  27.623  24.570  -37.976 0.1250000000
93610  27.291  25.232  -38.439 0.1250000000
93611  26.484  24.666  -38.625 0.1250000000
92691  23.083  24.068  -44.362 0.3750000000
93621  24.822  24.462  -41.376 0.3750000000
94481  28.392  25.122  -38.153 0.1250000000
94495  27.018  25.826  -38.856 0.1250000000
95385  28.512  26.076  -39.617 0.1250000000
94496  26.019  25.678  -39.251 0.1250000000
92638  29.297  23.852  -37.891 0.1250000000
93594  28.779  24.644  -37.959 0.1250000000
95435  22.860  26.873  -45.371 0.2500000000
95420  23.397  27.228  -43.899 0.2500000000
96247  25.287  27.071  -41.086 0.1250000000
96245  26.618  27.541  -41.009 0.1250000000
95399  26.275  27.060  -40.350 0.1250000000
95398  27.512  27.194  -40.663 0.1250000000
96274  23.453  27.948  -44.235 0.1250000000
96273  23.873  28.481  -43.949 0.1250000000
94506  29.035  25.895  -40.296 0.1250000000
96246  25.794  27.387  -40.975 0.1250000000
97934  24.518  29.366  -45.256 0.1250000000
97102  23.582  28.826  -45.038 0.1250000000
64892  21.781  -2.693  -30.365 0.7500000000
66010  22.560  -2.231  -31.236 0.7500000000
64891  22.645  -2.646  -31.058 0.7500000000
68425  20.233  1.054  -31.830 0.6250000000
78471  29.641  9.622  -34.958 0.1250000000
78470  30.888  9.711  -34.757 0.1250000000
78472  28.507  9.768  -35.282 0.1250000000
88486  26.910  19.324  -34.935 0.1250000000
94479  29.473  25.243  -38.885 0.1250000000
94493  29.123  25.610  -39.312 0.1250000000
65993  20.366  -1.941  -30.030 0.7500000000
68391  19.106  0.570  -30.525 0.5000000000
63753  22.555  -3.310  -30.372 0.6250000000
64889  24.207  -2.493  -30.628 0.3750000000
63769  23.717  -2.726  -31.147 0.6250000000
66023  25.168  -1.474  -31.119 0.2500000000
66024  24.586  -2.061  -31.390 0.3750000000
70780  27.007  2.617  -35.026 0.3750000000
91640  22.264  21.198  -39.111 0.3750000000
91627  22.512  22.290  -38.835 0.2500000000
67257  25.432  -1.166  -32.886 0.5000000000
68431  25.637  0.439  -33.801 0.3750000000
63729  23.748  -3.014  -30.128 0.5000000000
63751  23.754  -2.816  -30.852 0.6250000000
69595  25.758  1.639  -34.193 0.5000000000
63731  22.319  -3.862  -29.821 0.6250000000
68376  19.021  0.273  -30.020 0.3750000000
65994  19.783  -1.575  -29.815 0.3750000000
63754  22.056  -3.342  -30.115 0.6250000000
63709  23.658  -3.226  -28.992 0.3750000000
63730  23.160  -3.849  -29.730 0.5000000000
64874  24.188  -2.253  -29.532 0.3750000000
66009  24.680  -1.814  -30.441 0.2500000000
68420  25.995  -0.285  -33.276 0.3750000000
69582  26.229  1.053  -33.737 0.2500000000
70767  26.226  1.761  -34.223 0.2500000000
70766  26.939  2.100  -34.034 0.2500000000
79540  17.556  11.000  -34.505 0.1250000000
82445  18.461  13.387  -36.233 0.2500000000
72001  27.943  3.266  -35.321 0.2500000000
83434  18.314  14.570  -36.388 0.2500000000
80538  17.769  11.805  -35.204 0.1250000000
71984  18.892  3.356  -32.287 0.2500000000
84447  18.728  15.164  -37.020 0.3750000000
67267  24.874  -0.774  -33.470 0.5000000000
66013  19.873  -0.907  -30.409 0.5000000000
67232  19.665  -0.202  -30.526 0.5000000000
64890  23.096  -2.793  -31.183 0.6250000000
66038  24.571  -1.674  -32.281 0.5000000000
70765  27.641  2.694  -34.670 0.2500000000
69540  18.808  0.984  -30.851 0.3750000000
70757  18.747  2.831  -31.875 0.2500000000
64893  21.121  -2.389  -30.117 0.6250000000
69559  18.943  1.182  -31.339 0.3750000000
63752  23.263  -3.057  -30.760 0.5000000000
66008  25.096  -1.228  -30.281 0.2500000000
66037  25.208  -1.630  -31.943 0.3750000000
67256  25.885  -0.840  -32.991 0.3750000000
67216  19.177  -0.299  -29.924 0.3750000000
63732  21.519  -3.321  -29.738 0.6250000000
63710  23.427  -4.241  -28.590 0.3750000000
67242  25.970  -0.791  -32.627 0.2500000000
78463  17.505  10.251  -33.536 0.1250000000
62556  20.633  -4.299  -28.608 0.5000000000
62572  23.155  -4.535  -29.130 0.2500000000
62554  22.782  -5.231  -28.888 0.3750000000
62573  22.643  -4.707  -29.290 0.5000000000
62575  21.164  -3.833  -29.197 0.5000000000
64859  19.823  -2.657  -28.970 0.5000000000
63733  20.949  -3.209  -29.384 0.5000000000
63711  20.453  -3.236  -29.051 0.5000000000
64877  19.807  -2.179  -29.393 0.3750000000
64876  20.566  -2.509  -29.650 0.5000000000
62537  18.623  -4.458  -27.077 0.1250000000
62557  19.814  -4.150  -28.211 0.3750000000
65976  19.187  -1.923  -29.025 0.2500000000
60090  19.176  -6.222  -26.241 0.1250000000
61280  19.414  -5.249  -27.096 0.2500000000
60128  20.678  -5.896  -27.870 0.3750000000
61294  22.894  -5.618  -28.517 0.2500000000
60126  22.163  -5.995  -28.418 0.3750000000
61296  21.511  -5.257  -28.695 0.5000000000
62521  18.212  -4.836  -26.633 0.1250000000
61279  20.152  -5.245  -27.658 0.3750000000
61297  20.757  -5.248  -28.194 0.3750000000
63692  18.736  -3.489  -27.569 0.1250000000
64861  17.841  -2.017  -28.042 0.1250000000
81460  28.296  12.460  -33.871 0.1250000000
62574  21.857  -4.382  -29.468 0.5000000000
65995  18.755  -1.035  -29.301 0.2500000000
62555  21.416  -4.569  -29.045 0.5000000000
63712  19.690  -3.442  -28.442 0.5000000000
62553  23.135  -5.018  -28.616 0.3750000000
61313  21.848  -4.980  -29.182 0.3750000000
60125  22.584  -5.839  -28.517 0.3750000000
62535  20.162  -4.675  -28.071 0.3750000000
63691  19.349  -3.763  -27.992 0.2500000000
64860  18.768  -2.663  -28.160 0.1250000000
64858  20.278  -2.793  -29.221 0.5000000000
61281  18.706  -5.121  -26.765 0.1250000000
62538  17.955  -4.324  -26.687 0.1250000000
62536  19.447  -4.435  -27.681 0.2500000000
63693  18.147  -3.738  -26.955 0.1250000000
61263  18.329  -5.509  -26.371 0.1250000000
61262  19.036  -5.599  -26.645 0.1250000000
60108  22.856  -6.264  -28.124 0.2500000000
63713  19.163  -3.298  -27.986 0.1250000000
60111  20.167  -6.134  -27.351 0.2500000000
60109  22.148  -6.949  -27.855 0.2500000000
69560  18.450  1.780  -31.205 0.2500000000
60112  19.559  -5.975  -26.809 0.1250000000
60127  21.382  -6.046  -28.182 0.2500000000
60110  21.047  -6.632  -27.694 0.1250000000
70723  17.974  1.986  -30.767 0.1250000000
89569  20.624  19.806  -38.239 0.1250000000
90615  21.278  20.411  -38.218 0.1250000000
90616  20.286  20.563  -37.919 0.1250000000
91629  20.579  21.020  -37.704 0.1250000000
91628  21.447  21.526  -38.234 0.1250000000
91612  20.603  22.105  -37.206 0.1250000000
92642  22.551  22.836  -38.128 0.1250000000
92643  21.545  22.363  -37.513 0.1250000000
92615  21.212  22.430  -36.075 0.1250000000
89570  19.446  19.277  -37.959 0.1250000000
83435  17.997  14.085  -35.810 0.1250000000
67217  18.260  -0.237  -29.569 0.1250000000
69542  17.993  1.361  -30.167 0.1250000000
84435  18.124  15.725  -36.488 0.1250000000
90603  19.322  20.299  -37.521 0.1250000000
91595  19.927  21.779  -36.432 0.1250000000
91582  20.047  22.364  -35.462 0.1250000000
92614  21.810  22.686  -36.491 0.1250000000
92628  22.108  22.706  -37.134 0.1250000000
71969  18.361  3.556  -31.745 0.1250000000
70740  18.871  2.058  -31.760 0.1250000000
69541  18.532  1.302  -30.625 0.1250000000
68393  18.065  1.060  -29.741 0.1250000000
70741  18.265  2.565  -31.326 0.1250000000
70724  17.453  2.525  -30.360 0.1250000000
69543  17.369  2.036  -29.805 0.1250000000
91613  19.972  21.044  -37.222 0.1250000000
92629  21.203  22.595  -36.836 0.1250000000
91594  20.539  22.337  -36.302 0.1250000000
91583  19.625  21.499  -35.817 0.1250000000
92606  21.952  22.878  -35.846 0.1250000000
64857  24.128  -2.502  -28.277 0.1250000000
65992  24.805  -1.289  -29.583 0.1250000000
67230  25.490  -0.881  -30.778 0.1250000000
67243  25.735  -1.019  -31.799 0.1250000000
68406  26.358  -0.213  -31.981 0.1250000000
69558  26.741  0.852  -31.544 0.1250000000
69572  26.644  0.686  -32.670 0.1250000000
70754  27.594  2.258  -32.915 0.1250000000
71981  27.825  2.911  -32.238 0.1250000000
70753  27.758  2.682  -33.830 0.1250000000
61278  23.457  -5.685  -27.718 0.1250000000
61277  23.695  -5.178  -27.427 0.1250000000
63690  23.544  -4.331  -27.862 0.1250000000
63689  23.890  -3.647  -27.669 0.1250000000
65975  24.542  -1.577  -28.516 0.1250000000
67215  25.025  -0.802  -29.215 0.1250000000
68390  25.634  -0.292  -30.457 0.1250000000
68389  26.104  0.352  -30.727 0.1250000000
69539  26.729  1.215  -30.464 0.1250000000
70739  27.620  2.292  -31.758 0.1250000000
71992  28.188  3.308  -34.315 0.1250000000
73186  28.729  4.258  -33.840 0.1250000000
71980  28.188  3.262  -33.117 0.1250000000
73199  28.491  4.016  -34.965 0.1250000000
65991  25.064  -1.090  -29.901 0.1250000000
69581  26.965  1.483  -33.125 0.1250000000
62534  23.424  -4.850  -27.910 0.1250000000
67199  24.846  -0.967  -28.829 0.1250000000
68407  25.845  -0.404  -31.172 0.1250000000
69571  27.240  1.474  -32.205 0.1250000000
69557  27.318  1.642  -31.131 0.1250000000
60087  23.216  -6.682  -26.895 0.1250000000
61261  23.784  -6.073  -27.100 0.1250000000
61295  22.349  -5.395  -28.936 0.3750000000
61312  22.187  -4.921  -29.286 0.5000000000
63770  23.550  -2.831  -31.031 0.6250000000
64875  21.277  -2.703  -29.936 0.6250000000
64904  23.975  -2.577  -31.244 0.3750000000
64905  23.433  -2.619  -31.297 0.6250000000
67214  25.250  -0.723  -29.823 0.1250000000
68392  18.425  0.967  -29.932 0.1250000000
68421  25.368  -0.632  -33.488 0.3750000000
68435  22.789  0.807  -33.090 0.7500000000
69573  22.355  1.180  -32.891 0.8750000000
70779  27.531  2.826  -35.154 0.3750000000
70794  27.013  3.061  -35.331 0.3750000000
73200  22.605  4.188  -34.426 1.0000000000
74305  27.308  5.184  -35.958 0.7500000000
74320  32.479  5.971  -37.128 0.1250000000
74321  31.913  5.521  -37.117 0.1250000000
74322  31.139  5.296  -37.066 0.1250000000
74342  32.387  6.153  -37.413 0.1250000000
74343  32.071  5.858  -37.572 0.1250000000
74346  22.931  6.624  -36.362 1.0000000000
74347  22.584  6.716  -36.587 1.0000000000
74349  21.123  6.567  -37.963 1.0000000000
74350  20.777  6.448  -38.493 1.0000000000
74357  22.145  6.918  -37.259 1.0000000000
74358  21.816  6.495  -37.857 1.0000000000
74359  21.219  6.488  -38.396 1.0000000000
75327  20.271  6.460  -34.618 0.8750000000
75346  29.614  5.504  -37.276 0.1250000000
75366  31.526  6.203  -37.783 0.1250000000
75375  22.549  7.019  -36.912 1.0000000000
75377  20.968  6.689  -37.633 1.0000000000
75378  20.418  6.296  -38.233 1.0000000000
75389  21.647  6.756  -38.342 1.0000000000
75390  20.872  6.505  -38.227 1.0000000000
75391  20.349  6.715  -38.760 1.0000000000
75398  20.199  7.417  -38.802 1.0000000000
76343  20.191  7.537  -35.162 0.8750000000
76353  24.792  7.289  -36.628 1.0000000000
76362  32.503  6.938  -37.271 0.1250000000
76363  31.899  6.890  -37.518 0.1250000000
76373  20.969  6.984  -37.598 1.0000000000
76374  20.163  6.530  -37.818 1.0000000000
76384  24.242  8.874  -38.355 1.0000000000
76385  20.924  7.233  -37.695 1.0000000000
76386  19.995  6.935  -37.861 1.0000000000
76387  19.811  6.684  -38.362 1.0000000000
76398  19.734  7.020  -38.790 1.0000000000
77419  31.616  8.755  -36.303 0.1250000000
77435  27.800  8.935  -37.375 0.5000000000
77454  25.094  8.753  -38.263 0.8750000000
77455  24.311  8.724  -38.123 1.0000000000
77456  19.906  7.250  -38.296 1.0000000000
78480  17.698  10.087  -34.163 0.2500000000
78490  27.310  9.806  -36.312 0.6250000000
78504  20.988  9.559  -36.428 1.0000000000
78506  19.813  10.058  -35.965 0.8750000000
78525  25.026  9.045  -38.442 1.0000000000
79531  27.775  10.484  -35.103 0.3750000000
79550  27.143  10.362  -35.892 0.5000000000
79551  26.681  10.773  -36.353 0.6250000000
79561  27.070  9.946  -36.465 0.6250000000
79563  20.277  10.466  -36.447 1.0000000000
79565  19.036  11.199  -36.078 0.5000000000
80536  26.735  11.299  -36.063 0.6250000000
80555  26.035  11.147  -37.512 0.8750000000
80564  24.178  11.246  -38.520 1.0000000000
80573  22.775  11.991  -38.996 1.0000000000
81443  27.746  13.341  -33.902 0.2500000000
81484  26.171  12.020  -36.998 0.6250000000
81495  20.041  12.588  -37.199 0.8750000000
81510  23.081  12.354  -39.133 1.0000000000
82408  27.653  13.825  -34.241 0.2500000000
82446  18.133  13.555  -35.791 0.2500000000
82458  18.874  13.484  -36.712 0.5000000000
83445  24.473  14.218  -37.843 0.8750000000
83465  23.112  14.296  -39.399 1.0000000000
84434  24.582  14.869  -37.191 0.8750000000
84456  21.213  15.067  -38.927 1.0000000000
85507  24.852  16.247  -37.249 0.8750000000
85508  24.620  16.138  -37.822 0.8750000000
86607  22.748  17.412  -40.102 1.0000000000
87476  27.216  18.206  -34.324 0.1250000000
88497  26.552  19.845  -35.748 0.1250000000
90586  27.341  21.630  -35.898 0.1250000000
91581  20.667  22.417  -35.755 0.1250000000
91592  28.756  22.036  -36.594 0.1250000000
91593  28.091  22.321  -36.404 0.1250000000
91625  27.381  23.077  -37.180 0.1250000000
91645  22.635  21.580  -41.790 0.6250000000
91676  23.261  23.561  -43.939 0.3750000000
92627  27.655  23.253  -37.050 0.1250000000
92641  27.034  23.575  -38.002 0.1250000000
93648  21.561  25.685  -43.656 0.5000000000
93659  22.365  25.527  -44.918 0.3750000000
94492  29.772  25.112  -39.363 0.1250000000
94530  23.752  25.421  -43.588 0.2500000000
94542  22.554  25.683  -44.892 0.3750000000
94543  22.357  26.185  -45.032 0.3750000000
95388  25.800  26.426  -39.803 0.1250000000
95401  23.276  26.394  -39.991 0.2500000000
95418  28.042  27.392  -42.621 0.1250000000
95436  22.552  26.647  -45.248 0.2500000000
96265  23.509  27.533  -43.670 0.2500000000
97079  25.951  28.206  -42.179 0.1250000000
97084  26.541  28.232  -42.686 0.1250000000
97094  23.878  28.724  -44.338 0.1250000000
97106  23.399  28.532  -45.980 0.1250000000
127283  21.674  7.213  -37.953 1.0000000000
127285  22.416  8.833  -37.212 1.0000000000
127288  22.796  8.688  -37.292 1.0000000000
127289  22.013  7.805  -36.978 1.0000000000
127292  24.024  8.952  -38.289 1.0000000000
127294  21.693  7.555  -37.259 1.0000000000
127295  24.225  9.110  -38.399 1.0000000000
127296  21.511  7.832  -36.941 1.0000000000
127297  20.492  7.034  -37.872 1.0000000000
127298  24.186  9.577  -38.213 1.0000000000
127299  21.266  7.352  -37.759 1.0000000000
127300  20.874  7.489  -38.205 1.0000000000
127301  22.591  8.662  -37.164 1.0000000000
127302  24.368  8.960  -38.404 1.0000000000
127303  23.866  9.075  -38.145 1.0000000000
127305  24.614  9.628  -38.254 1.0000000000
127306  23.784  9.261  -37.990 1.0000000000
127307  23.968  9.269  -38.229 1.0000000000
127308  24.526  9.205  -38.394 1.0000000000
127312  21.694  27.690  -43.461 0.2500000000
127314  21.572  27.632  -44.421 0.2500000000
127322  23.354  26.883  -40.035 0.2500000000
127325  23.365  27.043  -39.825 0.2500000000
127326  23.565  26.745  -38.897 0.1250000000
