#!ascii label  , from subject sub.01.bl.01.long.sub.01.base.03 vox2ras=TkReg
1986
6785  34.145  -58.650  -16.069 0.2000000030
6805  34.897  -58.727  -16.757 0.2000000030
8230  34.801  -56.722  -16.445 0.2000000030
6091  33.637  -59.616  -15.721 0.2000000030
9004  33.774  -55.071  -15.736 0.1000000015
6107  35.415  -59.367  -16.555 0.3000000119
7498  35.264  -57.595  -17.036 0.2000000030
8206  34.246  -56.582  -15.819 0.1000000015
7481  34.177  -57.314  -15.905 0.2000000030
9002  35.497  -55.923  -16.851 0.1000000015
9003  34.759  -55.413  -16.179 0.1000000015
9680  34.337  -54.264  -16.309 0.1000000015
10367  34.889  -53.525  -16.837 0.1000000015
10368  33.834  -53.455  -16.940 0.1000000015
11101  36.044  -51.639  -18.736 0.1000000015
10380  34.396  -52.716  -17.875 0.1000000015
11869  36.116  -51.396  -19.564 0.2000000030
11102  34.962  -51.978  -18.924 0.1000000015
9021  36.827  -55.738  -17.935 0.1000000015
9712  37.501  -53.864  -18.237 0.1000000015
8229  35.547  -56.944  -17.135 0.2000000030
9694  35.964  -54.235  -17.103 0.1000000015
9022  36.074  -55.240  -17.344 0.1000000015
9679  35.326  -54.615  -16.719 0.1000000015
10379  35.855  -53.194  -17.347 0.1000000015
11868  36.752  -51.343  -19.345 0.1000000015
11911  36.828  -50.819  -21.219 0.2000000030
11890  37.163  -50.997  -20.110 0.2000000030
12714  37.732  -49.863  -21.745 0.1000000015
11891  36.230  -51.241  -20.402 0.2000000030
13556  37.443  -49.344  -21.740 0.2000000030
13557  36.690  -49.621  -21.723 0.1000000015
13544  36.681  -49.229  -21.148 0.1000000015
9693  36.767  -54.355  -17.627 0.1000000015
10396  37.928  -53.217  -18.586 0.1000000015
11082  36.465  -52.386  -17.933 0.1000000015
14328  37.878  -48.210  -21.273 0.2000000030
15158  37.715  -47.506  -20.631 0.2000000030
14329  37.168  -48.939  -21.399 0.2000000030
15159  37.283  -47.638  -20.196 0.1000000015
14312  36.693  -48.426  -19.958 0.2000000030
11081  36.961  -52.511  -17.958 0.1000000015
11099  38.271  -52.438  -18.936 0.1000000015
11867  37.666  -51.572  -19.279 0.1000000015
11889  37.951  -51.088  -19.858 0.2000000030
13543  38.519  -49.684  -21.126 0.2000000030
12713  38.193  -49.709  -21.490 0.3000000119
16018  37.493  -46.338  -19.561 0.3000000119
15149  36.772  -47.661  -19.579 0.2000000030
15150  36.263  -47.804  -18.917 0.2000000030
13531  35.071  -49.773  -19.646 0.2000000030
14327  38.747  -48.091  -21.338 0.3000000119
11910  37.593  -50.634  -20.713 0.2000000030
16029  38.071  -46.392  -20.032 0.3000000119
16890  37.587  -45.516  -19.361 0.3000000119
17863  37.117  -44.518  -18.882 0.3000000119
16019  36.807  -46.353  -19.110 0.3000000119
16001  36.195  -46.368  -18.505 0.2000000030
14305  35.469  -48.501  -18.719 0.2000000030
13514  34.468  -49.517  -19.005 0.2000000030
18890  38.024  -43.610  -19.541 0.4000000060
16903  38.594  -45.398  -20.232 0.3000000119
16889  38.167  -45.080  -19.701 0.3000000119
15166  38.621  -47.274  -21.011 0.2000000030
15157  38.275  -47.031  -20.671 0.2000000030
16873  36.061  -45.575  -18.431 0.3000000119
15141  35.594  -47.761  -18.385 0.2000000030
16874  35.315  -45.392  -17.892 0.2000000030
15142  34.951  -47.768  -17.979 0.2000000030
19878  37.501  -42.973  -19.376 0.3000000119
18891  37.263  -43.649  -19.178 0.3000000119
17848  35.577  -44.638  -18.159 0.2000000030
16860  34.246  -45.591  -17.302 0.2000000030
17849  34.970  -44.622  -17.729 0.2000000030
16861  33.716  -45.589  -16.940 0.1000000015
15981  35.083  -46.286  -17.646 0.2000000030
15126  33.498  -47.633  -17.074 0.2000000030
15125  34.368  -47.582  -17.596 0.2000000030
14293  34.379  -48.168  -17.760 0.2000000030
19864  36.789  -42.719  -18.945 0.3000000119
20839  36.165  -42.262  -18.406 0.3000000119
18877  36.581  -43.686  -18.675 0.3000000119
20826  35.620  -41.584  -17.772 0.2000000030
19852  35.654  -42.754  -17.911 0.3000000119
19853  34.764  -42.595  -17.164 0.2000000030
18878  35.836  -43.719  -18.154 0.3000000119
18865  35.256  -43.386  -17.660 0.1000000015
17834  34.401  -44.693  -17.332 0.1000000015
16847  33.319  -45.493  -16.501 0.1000000015
17835  33.767  -44.849  -16.866 0.1000000015
19854  34.105  -43.345  -16.850 0.1000000015
15984  33.088  -47.181  -16.652 0.1000000015
21922  36.465  -40.534  -18.081 0.3000000119
20825  36.165  -40.958  -17.985 0.2000000030
21923  35.780  -40.442  -17.382 0.2000000030
22950  35.237  -39.934  -16.338 0.2000000030
23973  35.130  -39.024  -15.313 0.1000000015
21924  35.207  -41.010  -17.216 0.1000000015
21908  34.800  -40.591  -16.544 0.1000000015
19839  34.325  -41.977  -16.694 0.1000000015
18849  33.482  -43.838  -16.443 0.1000000015
18850  32.811  -44.213  -15.901 0.1000000015
22966  36.145  -39.785  -17.282 0.2000000030
22918  34.434  -39.172  -15.117 0.1000000015
22935  33.817  -39.880  -15.583 0.1000000015
21909  33.927  -40.776  -16.203 0.1000000015
20813  33.536  -41.307  -16.072 0.1000000015
20812  34.147  -41.418  -16.466 0.1000000015
20798  32.984  -41.573  -15.565 0.1000000015
19841  32.872  -43.303  -15.822 0.1000000015
19840  33.532  -42.378  -16.233 0.1000000015
22919  33.535  -39.347  -14.767 0.1000000015
19828  32.402  -42.389  -15.229 0.1000000015
18829  32.039  -43.662  -15.435 0.1000000015
23929  34.148  -38.025  -14.006 0.1000000015
11083  35.508  -52.262  -18.065 0.1000000015
12715  36.755  -50.356  -22.039 0.1000000015
15813  37.733  -47.281  -7.293 0.5000000000
15799  38.636  -47.465  -6.595 0.5000000000
15800  37.475  -47.080  -6.413 0.5000000000
15801  36.656  -46.440  -6.581 0.5000000000
16703  35.860  -45.970  -6.623 0.5000000000
16695  42.049  -45.735  -5.137 0.2000000030
15785  41.608  -46.543  -5.585 0.2000000030
16696  41.021  -45.808  -5.173 0.3000000119
15786  40.527  -46.687  -5.574 0.3000000119
15787  39.421  -46.859  -5.526 0.5000000000
15788  38.209  -46.890  -5.264 0.5000000000
15776  37.441  -46.457  -4.710 0.5000000000
15789  37.087  -46.703  -5.575 0.5000000000
15778  36.056  -46.285  -5.186 0.5000000000
15790  36.299  -46.368  -5.769 0.5000000000
16713  36.183  -45.944  -7.620 0.5000000000
17666  34.885  -45.139  -7.256 0.5000000000
16728  36.126  -45.853  -8.622 0.5000000000
15865  36.089  -46.869  -10.159 0.5000000000
16684  40.504  -45.122  -4.679 0.3000000119
16685  39.503  -45.344  -4.449 0.3000000119
16700  34.935  -45.757  -5.373 0.5000000000
16704  35.102  -45.543  -6.461 0.5000000000
17684  34.816  -45.102  -7.789 0.5000000000
16749  35.102  -45.648  -8.654 0.5000000000
12529  37.320  -50.336  -10.349 0.4000000060
13383  36.672  -49.635  -10.641 0.5000000000
13402  36.465  -49.068  -10.734 0.5000000000
15010  35.850  -47.638  -10.395 0.5000000000
15852  35.916  -46.286  -9.576 0.5000000000
11738  36.918  -51.396  -9.920 0.4000000060
16683  41.460  -45.072  -4.722 0.3000000119
17639  39.976  -44.339  -4.237 0.4000000060
16687  37.018  -45.831  -4.090 0.5000000000
17642  36.395  -45.060  -3.625 0.5000000000
16688  35.781  -45.946  -4.482 0.5000000000
17643  35.303  -45.063  -3.675 0.5000000000
17644  34.196  -44.680  -3.875 0.5000000000
16690  34.206  -45.121  -4.543 0.5000000000
16705  34.468  -45.429  -5.986 0.5000000000
17667  34.155  -45.281  -7.262 0.5000000000
15853  34.983  -46.321  -9.002 0.6000000238
14175  35.715  -48.383  -10.550 0.5000000000
14990  35.460  -47.000  -9.780 0.5000000000
14975  34.217  -46.827  -8.759 0.5000000000
10959  37.691  -52.465  -9.942 0.4000000060
11737  38.160  -51.263  -10.072 0.4000000060
12530  36.276  -50.457  -10.399 0.5000000000
15758  43.195  -46.353  -2.332 0.1000000015
16665  41.476  -44.978  -2.604 0.1000000015
16666  40.927  -44.709  -2.487 0.1000000015
17615  41.852  -44.372  -2.951 0.1000000015
17616  40.862  -44.062  -2.506 0.1000000015
17626  41.791  -44.074  -3.246 0.1000000015
18636  41.030  -43.340  -2.913 0.1000000015
19628  40.595  -42.801  -3.064 0.1000000015
17637  41.780  -44.520  -4.333 0.2000000030
18646  41.899  -44.218  -3.823 0.1000000015
17638  40.966  -44.359  -4.386 0.3000000119
17641  37.521  -44.503  -3.697 0.5000000000
17640  38.855  -44.460  -4.031 0.4000000060
17629  35.901  -44.234  -3.441 0.5000000000
17630  35.012  -44.184  -3.420 0.5000000000
18671  33.610  -44.016  -3.743 0.5000000000
17645  33.416  -44.274  -4.204 0.5000000000
16715  33.560  -45.332  -7.609 0.5000000000
14157  34.526  -47.960  -9.766 0.5000000000
13384  35.758  -49.293  -10.635 0.5000000000
9599  37.830  -54.410  -10.588 0.5000000000
14847  41.788  -48.292  1.031 0.1000000015
14883  43.051  -47.564  -0.526 0.1000000015
15730  42.114  -47.183  -1.300 0.1000000015
16646  41.830  -45.859  -2.432 0.1000000015
16647  40.679  -45.351  -2.303 0.1000000015
17599  40.605  -44.562  -2.436 0.1000000015
15731  40.998  -47.112  -0.989 0.1000000015
15744  41.372  -46.436  -1.828 0.1000000015
17617  40.274  -43.625  -2.419 0.1000000015
21650  38.140  -40.871  -3.773 0.2000000030
21651  37.552  -40.225  -4.284 0.2000000030
17625  42.319  -44.431  -3.501 0.1000000015
18647  41.389  -43.816  -3.456 0.1000000015
18648  40.689  -43.097  -3.330 0.1000000015
19641  40.332  -42.621  -3.215 0.1000000015
20614  39.070  -41.902  -3.562 0.2000000030
18665  40.489  -43.478  -3.897 0.2000000030
19656  40.218  -42.757  -3.522 0.1000000015
19657  39.532  -42.597  -3.738 0.2000000030
19659  37.679  -42.253  -3.957 0.2000000030
18666  39.331  -43.421  -3.974 0.2000000030
18667  38.237  -43.369  -3.845 0.3000000119
18668  37.129  -43.218  -3.736 0.3000000119
18670  35.764  -42.653  -3.698 0.4000000060
18651  35.512  -43.209  -3.505 0.5000000000
15833  33.760  -46.335  -8.372 0.5000000000
18652  34.255  -43.487  -3.553 0.4000000060
14994  31.862  -47.142  -10.009 0.5000000000
15856  31.851  -46.599  -9.469 0.5000000000
15835  32.158  -46.192  -8.713 0.5000000000
14159  33.300  -48.192  -9.760 0.5000000000
14993  32.478  -47.603  -9.806 0.5000000000
15855  32.665  -46.830  -8.984 0.5000000000
17655  32.724  -44.327  -6.328 0.5000000000
17649  32.974  -44.218  -5.095 0.5000000000
13385  34.534  -49.646  -10.544 0.5000000000
14177  33.785  -48.959  -10.005 0.5000000000
14158  34.104  -48.100  -9.639 0.5000000000
16732  32.208  -45.438  -8.113 0.5000000000
11739  35.858  -51.494  -10.250 0.5000000000
14991  34.630  -47.454  -9.494 0.5000000000
16731  33.272  -45.706  -7.951 0.6000000238
14176  34.880  -48.319  -10.150 0.5000000000
10286  37.303  -53.560  -10.295 0.4000000060
14039  41.274  -48.482  1.717 0.1000000015
14866  41.324  -47.930  0.372 0.1000000015
14885  40.835  -47.532  -0.210 0.1000000015
15732  39.828  -47.135  -0.427 0.1000000015
15733  38.625  -46.818  -0.352 0.1000000015
14884  41.796  -47.561  -0.367 0.1000000015
15745  40.187  -46.356  -1.483 0.1000000015
16648  39.365  -45.428  -1.835 0.1000000015
17600  39.893  -44.234  -2.324 0.1000000015
18626  39.854  -43.222  -2.291 0.1000000015
20586  38.638  -41.581  -2.122 0.1000000015
19629  40.089  -42.460  -2.780 0.1000000015
20600  38.544  -41.091  -2.750 0.2000000030
21632  38.121  -40.582  -3.302 0.2000000030
20599  39.296  -41.721  -3.073 0.1000000015
20615  38.553  -41.281  -3.401 0.2000000030
20630  36.623  -41.433  -4.627 0.3000000119
21674  36.666  -39.998  -4.936 0.2000000030
19660  36.675  -42.094  -4.318 0.3000000119
20647  36.330  -40.901  -4.751 0.2000000030
19643  34.936  -42.823  -3.547 0.4000000060
20648  35.317  -40.994  -4.554 0.3000000119
19645  33.957  -42.367  -3.621 0.4000000060
20631  34.723  -41.402  -4.189 0.4000000060
17720  31.135  -45.069  -10.587 0.5000000000
17701  30.897  -44.892  -9.446 0.5000000000
16733  31.456  -45.673  -8.892 0.5000000000
18653  33.734  -42.806  -3.554 0.5000000000
19747  31.329  -42.799  -10.627 0.5000000000
20726  31.265  -42.095  -10.036 0.5000000000
19727  30.987  -42.867  -9.418 0.5000000000
18733  30.855  -43.963  -9.105 0.5000000000
17686  31.318  -44.637  -8.276 0.6000000238
18683  32.487  -43.621  -4.894 0.5000000000
18672  32.815  -43.372  -3.878 0.5000000000
20706  31.368  -41.509  -9.299 0.5000000000
19707  31.054  -42.454  -8.299 0.5000000000
18711  31.027  -43.532  -8.359 0.6000000238
16716  32.745  -45.109  -7.617 0.5000000000
17668  33.172  -44.858  -7.086 0.5000000000
17685  31.909  -44.874  -7.812 0.5000000000
8930  36.808  -55.474  -11.323 0.4000000060
9600  36.957  -54.504  -10.703 0.4000000060
10285  38.520  -53.550  -10.447 0.4000000060
16624  36.041  -45.692  0.277 0.1000000015
15734  37.626  -46.240  -0.386 0.1000000015
16635  36.172  -45.261  -0.357 0.1000000015
16649  37.964  -45.586  -1.291 0.1000000015
16650  37.307  -45.033  -1.259 0.1000000015
15746  38.990  -46.406  -1.190 0.1000000015
17602  37.695  -44.428  -1.497 0.1000000015
18616  37.323  -43.572  -1.414 0.1000000015
18627  39.056  -43.324  -1.927 0.1000000015
19619  38.223  -42.361  -1.618 0.1000000015
21602  37.550  -40.681  -1.905 0.2000000030
22685  37.446  -39.843  -2.890 0.2000000030
22702  37.233  -39.545  -3.221 0.2000000030
22724  37.250  -39.552  -3.791 0.2000000030
21652  37.009  -39.591  -4.758 0.2000000030
25961  38.720  -36.433  -8.864 0.2000000030
22747  35.772  -39.247  -4.957 0.2000000030
24873  37.443  -37.084  -9.396 0.2000000030
25975  36.235  -36.685  -9.363 0.2000000030
27022  35.579  -36.196  -9.260 0.2000000030
25965  34.354  -36.549  -8.950 0.2000000030
21675  35.619  -40.076  -4.802 0.2000000030
24884  36.940  -37.666  -9.476 0.2000000030
24885  35.792  -37.679  -9.510 0.2000000030
24887  34.419  -37.820  -9.043 0.2000000030
24874  33.965  -37.662  -8.719 0.2000000030
24875  33.241  -37.684  -8.088 0.3000000119
23862  32.667  -38.372  -7.772 0.2000000030
22773  31.661  -39.109  -6.274 0.4000000060
23870  35.290  -38.618  -9.445 0.2000000030
23872  33.827  -39.004  -8.767 0.3000000119
22813  32.751  -39.486  -8.435 0.4000000060
22793  31.872  -39.285  -7.452 0.4000000060
22774  31.528  -39.877  -5.863 0.5000000000
21655  32.299  -40.279  -4.231 0.4000000060
20633  32.815  -41.101  -3.765 0.5000000000
21793  32.845  -40.998  -10.404 0.5000000000
21760  34.134  -40.110  -9.902 0.4000000060
21761  32.742  -40.392  -9.523 0.4000000060
22832  33.202  -39.673  -8.959 0.4000000060
21739  32.242  -40.037  -8.759 0.4000000060
21720  31.430  -40.391  -7.495 0.5000000000
21702  31.337  -40.609  -6.196 0.5000000000
19664  32.300  -42.106  -3.795 0.5000000000
21762  31.879  -40.791  -9.350 0.5000000000
17670  31.402  -43.962  -7.831 0.5000000000
17669  32.052  -44.360  -7.345 0.5000000000
17656  32.132  -43.818  -6.543 0.5000000000
17650  32.334  -43.699  -5.707 0.5000000000
16613  34.786  -45.386  1.294 0.1000000015
16612  35.484  -45.965  1.290 0.1000000015
16625  35.184  -45.267  0.730 0.1000000015
18600  34.441  -43.777  0.567 0.1000000015
17586  36.076  -44.576  -0.598 0.1000000015
18599  35.196  -43.914  -0.167 0.1000000015
18618  35.719  -43.666  -0.572 0.1000000015
19587  35.109  -43.148  -0.309 0.1000000015
19604  37.125  -42.582  -1.281 0.1000000015
20574  35.687  -41.540  -0.631 0.1000000015
19620  37.457  -41.715  -1.389 0.1000000015
21603  36.961  -40.604  -1.627 0.2000000030
21604  36.306  -40.364  -1.450 0.2000000030
22669  36.812  -40.088  -2.047 0.2000000030
22725  36.837  -39.319  -4.325 0.2000000030
22746  36.435  -39.173  -4.839 0.2000000030
27006  38.259  -35.266  -8.547 0.1000000015
27007  37.212  -35.452  -8.864 0.2000000030
25963  36.896  -36.140  -9.313 0.2000000030
27009  35.038  -35.823  -9.033 0.2000000030
22748  34.816  -39.269  -4.864 0.2000000030
26984  39.844  -34.748  -7.826 0.1000000015
26985  39.024  -34.652  -8.048 0.1000000015
28062  37.500  -34.686  -8.335 0.1000000015
28064  35.635  -34.831  -8.492 0.1000000015
25966  33.510  -36.630  -8.184 0.1000000015
24856  32.535  -37.632  -7.256 0.2000000030
21653  34.057  -40.489  -4.368 0.3000000119
21676  34.568  -40.160  -4.595 0.2000000030
25944  33.153  -36.552  -7.323 0.1000000015
25945  32.640  -36.976  -6.987 0.1000000015
23830  32.073  -38.265  -5.812 0.3000000119
22726  33.243  -39.735  -4.310 0.2000000030
20673  31.184  -41.392  -6.951 0.5000000000
20665  31.227  -41.515  -6.043 0.5000000000
20664  31.426  -41.475  -5.310 0.5000000000
19678  31.745  -42.043  -4.667 0.5000000000
19694  31.183  -42.255  -7.343 0.5000000000
18691  31.690  -43.116  -6.318 0.5000000000
19688  31.537  -42.259  -5.642 0.5000000000
18700  31.343  -43.290  -7.383 0.5000000000
17542  34.227  -45.200  1.784 0.1000000015
18583  33.436  -43.801  1.641 0.1000000015
18601  33.682  -43.236  0.947 0.1000000015
18582  34.066  -44.202  1.257 0.1000000015
19589  33.871  -42.645  0.504 0.1000000015
20562  33.399  -41.759  0.653 0.1000000015
19588  34.531  -42.695  0.008 0.1000000015
21589  35.023  -40.895  -0.468 0.1000000015
20561  34.303  -41.670  -0.058 0.1000000015
22653  35.970  -40.213  -1.325 0.2000000030
22670  36.160  -39.945  -1.867 0.2000000030
22687  35.874  -39.247  -2.766 0.2000000030
22703  36.518  -39.196  -3.530 0.2000000030
22704  35.836  -38.994  -3.400 0.2000000030
23765  36.294  -38.923  -4.186 0.2000000030
23788  36.379  -38.951  -4.551 0.2000000030
23811  35.750  -38.621  -4.832 0.2000000030
28039  39.317  -34.157  -7.322 0.1000000015
28040  38.207  -34.056  -7.670 0.1000000015
28042  36.164  -34.200  -7.846 0.1000000015
28065  34.709  -35.014  -8.277 0.1000000015
27010  34.018  -35.625  -8.274 0.1000000015
23813  34.024  -38.359  -4.952 0.1000000015
23812  35.038  -38.479  -5.011 0.2000000030
26986  33.764  -35.341  -7.316 0.1000000015
26967  33.476  -36.023  -6.906 0.1000000015
25924  32.655  -36.978  -6.619 0.1000000015
23814  32.813  -38.291  -4.995 0.2000000030
22749  33.530  -39.438  -4.604 0.2000000030
18584  32.616  -42.998  1.933 0.1000000015
20528  31.456  -41.323  2.999 0.1000000015
19569  33.157  -42.628  1.244 0.1000000015
21558  31.754  -40.356  1.815 0.1000000015
21557  32.607  -40.661  1.201 0.1000000015
21573  33.594  -40.683  0.415 0.1000000015
21572  34.295  -40.856  -0.132 0.1000000015
22655  34.213  -39.455  -0.759 0.1000000015
23708  34.352  -39.191  -1.559 0.1000000015
23724  34.465  -38.870  -2.360 0.1000000015
22688  35.013  -39.058  -2.785 0.2000000030
23766  35.616  -38.587  -3.894 0.2000000030
23789  35.964  -38.662  -4.471 0.2000000030
24787  35.361  -38.167  -4.392 0.2000000030
24809  35.101  -38.023  -4.834 0.2000000030
28002  40.550  -34.755  -5.318 0.1000000015
28004  39.158  -34.058  -5.674 0.1000000015
29049  37.904  -33.495  -6.542 0.1000000015
29062  35.847  -33.878  -7.229 0.1000000015
24810  34.329  -37.514  -5.022 0.2000000030
29050  36.979  -33.382  -6.565 0.1000000015
29051  36.135  -33.472  -6.680 0.1000000015
28043  35.208  -34.337  -7.442 0.1000000015
25922  33.486  -36.128  -6.317 0.1000000015
25923  33.006  -36.657  -6.432 0.1000000015
24811  33.331  -37.378  -5.335 0.2000000030
21536  31.265  -40.222  2.538 0.1000000015
22615  32.162  -39.469  1.197 0.1000000015
22639  33.588  -39.377  0.063 0.1000000015
23709  33.664  -38.540  -0.919 0.1000000015
23725  33.829  -38.500  -1.994 0.1000000015
23746  34.595  -38.368  -3.029 0.2000000030
24748  34.270  -37.673  -3.121 0.1000000015
24770  34.780  -37.806  -3.791 0.2000000030
25867  34.386  -36.617  -4.069 0.1000000015
27981  37.082  -33.823  -4.138 0.1000000015
29009  36.734  -33.518  -4.997 0.1000000015
27982  35.888  -33.913  -4.399 0.1000000015
26930  34.420  -35.778  -4.480 0.1000000015
29027  38.385  -33.698  -5.463 0.1000000015
29010  35.969  -33.636  -5.332 0.1000000015
28005  35.245  -34.067  -5.388 0.1000000015
28006  34.539  -34.746  -5.765 0.1000000015
26949  34.309  -35.613  -5.286 0.1000000015
25884  34.315  -36.549  -4.876 0.1000000015
29030  35.645  -33.606  -6.074 0.1000000015
28026  35.017  -34.139  -6.381 0.1000000015
26966  33.822  -35.478  -6.266 0.1000000015
25904  33.702  -36.472  -5.655 0.1000000015
23669  31.693  -38.591  1.483 0.1000000015
23691  32.271  -38.362  0.890 0.1000000015
23690  33.114  -38.128  0.192 0.1000000015
24729  33.503  -37.669  -1.698 0.1000000015
25842  33.633  -37.169  -2.228 0.1000000015
28962  36.629  -33.694  -2.405 0.1000000015
27915  36.210  -34.203  -2.720 0.1000000015
26878  34.861  -35.026  -2.855 0.1000000015
25841  34.010  -36.729  -2.916 0.1000000015
27913  37.932  -34.303  -2.750 0.1000000015
27914  37.044  -33.980  -2.892 0.1000000015
27949  36.513  -34.025  -3.441 0.1000000015
26909  34.482  -35.508  -3.561 0.1000000015
27948  37.556  -34.164  -3.426 0.1000000015
27950  35.385  -34.516  -3.394 0.1000000015
27951  34.754  -34.848  -3.687 0.1000000015
25807  33.248  -36.451  -0.462 0.1000000015
26846  33.607  -35.783  -0.760 0.1000000015
25820  33.608  -36.498  -1.569 0.1000000015
26845  34.007  -35.243  -1.064 0.1000000015
26860  33.873  -35.793  -1.256 0.1000000015
25819  33.871  -36.053  -2.232 0.1000000015
28961  37.367  -33.595  -2.673 0.1000000015
27898  36.021  -34.051  -2.002 0.1000000015
27899  35.362  -34.462  -1.656 0.1000000015
26859  34.162  -35.601  -1.713 0.1000000015
26879  34.325  -35.644  -2.558 0.1000000015
27916  35.524  -34.651  -2.412 0.1000000015
16698  39.135  -46.267  -4.797 0.4000000060
17653  34.457  -45.296  -6.663 0.5000000000
16686  38.296  -45.802  -4.230 0.4000000060
16664  42.691  -45.643  -2.630 0.1000000015
19617  39.960  -42.783  -2.429 0.1000000015
18650  36.414  -43.537  -3.559 0.4000000060
14848  40.851  -48.132  1.060 0.1000000015
20628  38.205  -41.521  -3.895 0.3000000119
21633  37.658  -39.944  -3.352 0.2000000030
19642  39.790  -42.319  -3.318 0.2000000030
20627  38.867  -42.128  -3.712 0.2000000030
19658  38.667  -42.517  -3.812 0.2000000030
20629  37.169  -41.162  -4.541 0.3000000119
21673  37.152  -40.464  -4.809 0.2000000030
19661  35.493  -42.079  -3.957 0.3000000119
16750  31.198  -45.865  -9.866 0.5000000000
14867  40.317  -47.618  0.471 0.1000000015
15719  39.102  -47.320  0.309 0.1000000015
15747  38.251  -46.346  -0.886 0.1000000015
17601  38.669  -44.411  -1.801 0.1000000015
19618  39.344  -42.451  -2.203 0.1000000015
19630  39.243  -41.798  -2.557 0.1000000015
20601  38.233  -41.019  -2.240 0.1000000015
21618  37.730  -40.453  -2.477 0.2000000030
19677  35.862  -41.402  -4.544 0.3000000119
20632  33.895  -41.136  -3.995 0.4000000060
18755  30.947  -43.919  -10.092 0.5000000000
19771  31.820  -43.132  -11.366 0.5000000000
20705  31.950  -40.988  -9.720 0.5000000000
16623  36.712  -45.911  0.014 0.1000000015
17571  35.827  -45.118  -0.246 0.1000000015
16633  37.494  -45.772  -0.772 0.1000000015
17585  36.886  -44.470  -1.217 0.1000000015
18628  38.121  -43.489  -1.624 0.1000000015
19603  37.709  -42.975  -1.488 0.1000000015
18617  36.473  -43.568  -1.067 0.1000000015
20588  37.261  -41.197  -1.424 0.1000000015
22686  36.930  -39.694  -2.561 0.2000000030
25962  37.684  -36.369  -9.165 0.2000000030
25977  34.519  -37.300  -9.136 0.2000000030
27011  33.596  -36.033  -8.123 0.1000000015
24886  34.884  -37.777  -9.329 0.2000000030
23860  33.949  -38.252  -8.713 0.3000000119
22751  31.619  -40.035  -5.401 0.4000000060
22830  34.761  -39.442  -9.450 0.5000000000
22831  33.819  -39.541  -9.125 0.4000000060
23869  36.270  -38.660  -9.548 0.2000000030
22812  33.447  -39.265  -8.744 0.4000000060
21719  31.906  -39.879  -8.224 0.5000000000
20634  31.908  -41.200  -4.241 0.5000000000
22750  31.983  -39.387  -4.985 0.3000000119
21759  35.124  -40.032  -9.951 0.5000000000
21740  31.724  -40.557  -8.716 0.5000000000
20689  31.306  -41.417  -8.026 0.5000000000
17560  33.939  -44.545  1.639 0.1000000015
17573  34.811  -44.708  0.667 0.1000000015
17572  35.338  -44.694  0.055 0.1000000015
19605  35.979  -42.580  -0.789 0.1000000015
20560  35.086  -42.195  -0.411 0.1000000015
20573  36.668  -41.456  -1.143 0.1000000015
21588  36.120  -40.677  -1.003 0.2000000030
27008  36.185  -35.631  -9.097 0.1000000015
17543  33.583  -44.799  2.389 0.1000000015
18570  33.119  -44.187  2.361 0.1000000015
21556  33.107  -41.186  0.919 0.1000000015
22654  35.222  -39.924  -1.091 0.2000000030
22671  35.154  -39.427  -2.096 0.2000000030
23767  35.045  -38.435  -3.569 0.2000000030
28023  40.370  -34.521  -6.301 0.1000000015
28025  38.853  -33.727  -6.533 0.1000000015
29060  37.371  -33.673  -7.217 0.1000000015
28041  37.091  -34.124  -7.849 0.1000000015
28027  34.320  -34.686  -6.822 0.1000000015
24812  32.603  -37.621  -5.641 0.1000000015
19570  32.469  -42.232  1.832 0.1000000015
18550  31.979  -43.296  3.659 0.1000000015
19555  31.926  -42.401  2.679 0.1000000015
21515  30.908  -40.160  3.460 0.1000000015
20544  31.615  -40.832  2.357 0.1000000015
20543  31.996  -41.419  2.062 0.1000000015
20542  32.780  -41.651  1.317 0.1000000015
21574  32.919  -39.852  0.673 0.1000000015
22638  34.327  -40.191  -0.315 0.1000000015
24788  34.668  -37.471  -4.536 0.2000000030
28024  39.607  -34.182  -6.398 0.1000000015
29028  37.382  -33.358  -5.678 0.1000000015
29061  36.599  -33.728  -7.260 0.1000000015
22616  31.423  -39.358  1.958 0.1000000015
22640  32.797  -39.036  0.603 0.1000000015
24749  33.889  -37.804  -2.560 0.1000000015
27980  38.057  -34.105  -4.161 0.1000000015
29007  38.326  -33.915  -4.697 0.1000000015
29008  37.688  -33.649  -4.800 0.1000000015
27983  34.775  -34.788  -4.485 0.1000000015
24683  31.680  -37.492  1.383 0.1000000015
24699  32.394  -37.465  0.604 0.1000000015
24698  32.841  -37.016  0.038 0.1000000015
24714  33.342  -37.380  -0.718 0.1000000015
26908  34.784  -34.909  -3.349 0.1000000015
26858  34.927  -35.164  -2.034 0.1000000015
27900  34.704  -34.916  -1.294 0.1000000015
28949  34.813  -33.968  -1.203 0.1000000015
30010  36.857  -32.957  -2.388 0.1000000015
30009  37.516  -32.846  -2.691 0.1000000015
14929  44.099  -47.512  -6.922 0.1000000015
14950  43.757  -47.917  -8.019 0.1000000015
14930  42.947  -47.554  -6.986 0.1000000015
15796  42.253  -47.183  -6.148 0.1000000015
15794  44.476  -47.065  -6.058 0.1000000015
15784  42.696  -46.446  -5.568 0.1000000015
14948  45.617  -47.765  -7.357 0.2000000030
14971  44.237  -48.182  -8.648 0.2000000030
14139  43.696  -48.418  -8.992 0.2000000030
14951  42.473  -48.189  -7.676 0.1000000015
15797  41.127  -47.338  -6.141 0.1000000015
14152  44.191  -48.698  -9.637 0.2000000030
14127  42.924  -48.388  -8.435 0.2000000030
14931  41.780  -47.770  -6.899 0.2000000030
14128  41.998  -48.717  -8.339 0.2000000030
14952  41.300  -48.396  -7.638 0.2000000030
15798  39.970  -47.461  -6.223 0.3000000119
14932  40.618  -47.914  -6.948 0.3000000119
14129  40.925  -48.678  -8.482 0.2000000030
14171  42.795  -49.324  -10.457 0.2000000030
14953  40.033  -48.436  -7.919 0.2000000030
14154  42.223  -49.144  -9.830 0.2000000030
10955  42.351  -51.975  -10.253 0.1000000015
14170  43.734  -49.211  -10.159 0.2000000030
14140  42.669  -48.889  -9.046 0.2000000030
14153  43.268  -48.890  -9.754 0.2000000030
14933  39.573  -47.862  -7.099 0.3000000119
12527  43.367  -50.349  -10.829 0.1000000015
13378  43.244  -49.745  -10.899 0.1000000015
14142  40.535  -48.777  -9.241 0.2000000030
14130  40.188  -48.608  -8.692 0.2000000030
11726  43.197  -51.004  -10.291 0.1000000015
15812  38.250  -47.510  -7.422 0.4000000060
13394  43.035  -50.170  -11.369 0.2000000030
14141  41.570  -49.042  -9.109 0.2000000030
10969  42.114  -51.885  -10.833 0.1000000015
10970  41.533  -52.359  -11.492 0.2000000030
11735  42.635  -51.445  -10.588 0.1000000015
11750  42.366  -51.290  -11.497 0.1000000015
14172  41.758  -49.376  -10.573 0.2000000030
14156  40.135  -48.732  -10.067 0.2000000030
14972  39.397  -48.345  -9.151 0.2000000030
14973  38.433  -47.668  -9.035 0.4000000060
12541  42.777  -50.539  -11.534 0.1000000015
14988  38.459  -47.754  -9.903 0.4000000060
15830  37.419  -46.965  -8.087 0.4000000060
13379  42.240  -49.651  -11.210 0.3000000119
13380  41.334  -49.580  -11.177 0.3000000119
13395  42.487  -50.125  -11.888 0.2000000030
13396  41.588  -49.847  -11.841 0.4000000060
14989  37.799  -47.197  -9.464 0.4000000060
15831  36.736  -46.406  -8.344 0.4000000060
14173  40.738  -49.217  -10.717 0.3000000119
14203  40.176  -49.556  -11.489 0.4000000060
13397  40.825  -49.733  -11.443 0.3000000119
25958  41.889  -36.274  -8.171 0.1000000015
27005  39.335  -35.485  -8.408 0.1000000015
15850  37.300  -46.729  -8.931 0.4000000060
15007  38.453  -47.965  -10.738 0.4000000060
15863  37.220  -46.698  -9.689 0.5000000000
14188  39.609  -48.982  -11.453 0.4000000060
14187  40.326  -49.248  -11.228 0.3000000119
14174  39.869  -48.745  -10.869 0.4000000060
15028  38.605  -48.343  -11.223 0.4000000060
25959  40.815  -36.393  -8.530 0.1000000015
25960  39.788  -36.428  -8.721 0.1000000015
15851  36.584  -46.305  -9.233 0.4000000060
15864  36.681  -46.643  -10.037 0.5000000000
15008  37.544  -47.263  -10.413 0.5000000000
16748  35.611  -45.853  -8.886 0.5000000000
24870  40.247  -37.417  -8.774 0.1000000015
24871  39.225  -37.453  -9.071 0.1000000015
23857  40.647  -38.430  -8.648 0.1000000015
24883  37.510  -38.153  -9.463 0.1000000015
14927  45.810  -47.506  -6.613 0.1000000015
15795  43.376  -47.112  -6.119 0.1000000015
15783  43.802  -46.424  -5.475 0.1000000015
16694  43.110  -45.682  -5.084 0.1000000015
15814  37.025  -46.668  -7.401 0.4000000060
24872  38.042  -37.532  -9.361 0.1000000015
14968  45.829  -48.139  -7.635 0.1000000015
14954  38.725  -47.817  -7.950 0.3000000119
14155  41.141  -49.117  -9.926 0.2000000030
14974  37.914  -47.291  -8.577 0.4000000060
14987  39.205  -48.331  -10.333 0.3000000119
15782  44.979  -46.382  -5.282 0.1000000015
9541  34.611  -54.717  -2.964 0.1000000015
8782  36.828  -55.695  -1.326 0.1000000015
9542  33.713  -54.814  -3.648 0.1000000015
9522  36.467  -54.672  -1.839 0.1000000015
10213  34.119  -53.624  -3.621 0.1000000015
10229  32.357  -53.758  -4.767 0.1000000015
3943  29.682  -62.765  0.165 0.1000000015
10855  29.126  -52.509  -3.129 0.1000000015
10890  29.524  -52.516  -5.033 0.1000000015
10189  35.890  -53.923  -2.346 0.1000000015
11677  30.276  -51.840  -4.550 0.1000000015
9523  35.506  -54.697  -2.349 0.1000000015
10888  31.817  -52.625  -4.647 0.1000000015
10230  31.358  -53.575  -5.079 0.1000000015
3344  29.811  -63.308  1.228 0.1000000015
4566  29.427  -61.584  -0.265 0.1000000015
5196  30.003  -60.850  -0.474 0.1000000015
3911  30.975  -62.905  1.590 0.1000000015
3343  30.827  -63.382  1.269 0.1000000015
3372  30.108  -63.184  0.296 0.1000000015
3942  30.551  -62.964  -0.059 0.1000000015
5857  29.716  -59.670  -0.586 0.1000000015
8785  29.427  -55.505  -1.593 0.1000000015
10191  28.810  -53.461  -2.662 0.1000000015
10212  35.119  -53.577  -2.974 0.1000000015
10228  33.271  -53.765  -4.294 0.1000000015
10188  36.616  -53.626  -2.253 0.1000000015
9504  37.990  -54.895  -1.400 0.1000000015
8781  37.746  -55.718  -1.139 0.1000000015
4565  30.263  -62.041  -0.359 0.1000000015
5195  30.979  -61.267  -0.314 0.1000000015
3342  31.738  -63.329  1.795 0.1000000015
3359  30.664  -63.471  0.505 0.1000000015
4564  30.923  -62.349  -0.256 0.1000000015
5845  31.394  -60.015  0.036 0.1000000015
5856  30.527  -59.934  -0.274 0.1000000015
6559  30.242  -58.648  -0.512 0.1000000015
8008  30.215  -56.627  -0.762 0.1000000015
8024  29.879  -56.299  -1.026 0.1000000015
8007  30.615  -56.326  -0.606 0.1000000015
8784  30.048  -55.324  -1.299 0.1000000015
9507  30.216  -54.412  -1.265 0.1000000015
10172  29.736  -53.419  -1.936 0.1000000015
10854  29.801  -52.197  -2.589 0.1000000015
11675  31.900  -51.720  -4.286 0.1000000015
10211  35.848  -53.278  -2.722 0.1000000015
10871  34.349  -52.441  -3.554 0.1000000015
10873  32.483  -52.207  -4.315 0.1000000015
10187  37.528  -53.676  -2.113 0.1000000015
9521  37.331  -54.272  -1.681 0.1000000015
6547  31.596  -58.839  0.292 0.1000000015
3893  31.764  -63.008  2.364 0.1000000015
3357  32.363  -63.400  1.348 0.1000000015
3358  31.642  -63.529  0.937 0.1000000015
3927  31.639  -63.196  0.159 0.1000000015
5182  31.969  -61.160  0.126 0.1000000015
6558  30.943  -59.027  -0.048 0.1000000015
7287  31.872  -57.156  0.261 0.1000000015
8770  31.182  -55.351  -0.423 0.1000000015
9506  30.845  -54.406  -0.687 0.1000000015
3341  32.448  -63.401  1.890 0.1000000015
3356  32.831  -63.330  1.639 0.1000000015
3926  32.454  -63.175  0.712 0.1000000015
4549  32.388  -62.310  0.296 0.1000000015
8783  30.556  -55.270  -0.890 0.1000000015
11630  30.528  -51.662  -2.267 0.1000000015
11643  30.458  -51.443  -3.129 0.1000000015
11659  31.430  -51.140  -3.602 0.1000000015
11657  33.499  -51.383  -3.494 0.1000000015
11660  30.560  -51.517  -3.934 0.1000000015
10870  35.388  -52.429  -3.385 0.1000000015
10872  33.345  -52.498  -4.049 0.1000000015
10853  36.254  -52.930  -2.947 0.1000000015
10852  37.182  -53.170  -2.921 0.1000000015
9520  38.178  -54.154  -1.706 0.1000000015
10185  39.700  -53.840  -2.584 0.1000000015
10186  38.371  -53.569  -2.580 0.1000000015
6546  32.153  -58.568  0.652 0.1000000015
7280  31.833  -57.962  0.361 0.1000000015
3892  32.156  -63.187  2.684 0.1000000015
3909  33.416  -62.929  1.792 0.1000000015
4548  33.258  -62.438  0.913 0.1000000015
5181  32.984  -61.131  0.716 0.1000000015
5844  32.279  -59.768  0.602 0.1000000015
8006  31.461  -56.336  0.006 0.1000000015
9496  31.526  -54.436  -0.199 0.1000000015
3340  32.858  -63.338  2.034 0.1000000015
10167  31.831  -53.599  0.097 0.1000000015
10168  31.159  -53.508  -0.412 0.1000000015
10171  30.468  -53.431  -1.050 0.1000000015
10838  30.988  -52.526  -0.850 0.1000000015
10839  30.430  -52.447  -1.697 0.1000000015
11618  31.556  -51.711  -0.594 0.1000000015
11629  31.075  -51.523  -1.479 0.1000000015
12439  31.924  -50.577  -2.765 0.1000000015
11655  35.475  -51.113  -4.008 0.1000000015
11656  34.461  -51.247  -3.537 0.1000000015
12450  32.723  -50.669  -3.122 0.1000000015
12451  32.137  -50.861  -3.378 0.1000000015
11654  36.018  -51.523  -4.302 0.1000000015
10869  36.336  -52.223  -3.818 0.1000000015
10208  40.325  -53.673  -3.449 0.1000000015
3872  33.613  -62.457  3.457 0.1000000015
3873  33.094  -62.807  3.351 0.1000000015
3874  32.445  -62.950  3.146 0.1000000015
4531  34.410  -61.884  2.045 0.1000000015
4532  33.923  -62.094  1.518 0.1000000015
7279  32.394  -57.583  0.788 0.1000000015
3908  33.962  -62.391  1.980 0.1000000015
5180  33.643  -61.521  1.202 0.1000000015
5830  33.138  -59.866  1.294 0.1000000015
6530  32.739  -58.712  1.088 0.1000000015
8001  32.296  -56.214  0.624 0.1000000015
8769  31.786  -55.309  0.188 0.1000000015
7986  32.767  -56.819  1.171 0.1000000015
9489  32.615  -54.494  0.788 0.1000000015
10831  31.589  -52.676  -0.162 0.1000000015
10830  32.192  -52.842  0.375 0.1000000015
12415  31.552  -51.046  -0.969 0.1000000015
12424  32.292  -50.139  -1.280 0.1000000015
12425  31.742  -50.574  -1.631 0.1000000015
12437  33.311  -49.772  -2.468 0.1000000015
12438  32.722  -49.934  -2.159 0.1000000015
12449  33.617  -50.166  -3.013 0.1000000015
10886  36.337  -51.663  -4.431 0.1000000015
10868  37.505  -52.788  -3.801 0.1000000015
10851  37.820  -53.153  -3.116 0.1000000015
10210  38.217  -53.213  -3.353 0.1000000015
10209  39.147  -53.363  -3.495 0.1000000015
6514  34.257  -58.788  2.298 0.1000000015
7270  33.705  -57.747  2.168 0.1000000015
4503  34.227  -61.913  3.739 0.1000000015
4516  34.755  -61.583  2.734 0.1000000015
5167  34.886  -61.172  2.126 0.1000000015
5169  33.616  -60.727  1.363 0.1000000015
6529  33.467  -58.792  1.724 0.1000000015
7985  33.339  -56.577  1.733 0.1000000015
3890  33.835  -62.460  2.712 0.1000000015
5829  33.981  -59.922  1.961 0.1000000015
9488  33.086  -54.636  1.267 0.1000000015
10825  32.782  -52.933  0.852 0.1000000015
8000  32.907  -56.082  1.159 0.1000000015
11606  32.545  -52.252  0.617 0.1000000015
12414  32.238  -50.688  -0.339 0.1000000015
13243  32.752  -49.738  -0.994 0.1000000015
13283  34.355  -49.553  -2.930 0.1000000015
12447  35.371  -49.959  -4.191 0.1000000015
12448  34.677  -50.173  -3.563 0.1000000015
11674  35.705  -50.486  -4.470 0.1000000015
11673  36.242  -50.979  -4.790 0.1000000015
10885  36.929  -51.857  -4.703 0.1000000015
5151  35.901  -60.082  2.691 0.1000000015
5137  35.316  -61.070  3.361 0.1000000015
5136  35.969  -60.298  3.080 0.1000000015
5807  35.545  -59.708  2.535 0.1000000015
5808  34.755  -59.539  2.361 0.1000000015
7262  34.567  -57.842  2.735 0.1000000015
4475  33.693  -61.660  4.972 0.1000000015
4491  34.091  -61.582  4.625 0.1000000015
5152  35.422  -60.665  2.584 0.1000000015
7968  34.039  -56.730  2.544 0.1000000015
9466  33.751  -54.554  2.083 0.1000000015
8739  33.722  -55.519  2.181 0.1000000015
11586  33.582  -52.481  1.759 0.1000000015
11605  33.118  -52.008  1.220 0.1000000015
12396  33.008  -50.922  0.817 0.1000000015
13219  32.778  -49.965  -0.284 0.1000000015
13218  33.305  -49.660  -0.290 0.1000000015
13264  33.149  -49.536  -1.612 0.1000000015
13262  34.838  -49.087  -2.352 0.1000000015
12477  36.762  -50.723  -5.242 0.1000000015
11689  37.058  -51.222  -5.396 0.1000000015
5120  35.904  -60.420  3.813 0.1000000015
6512  36.055  -58.880  2.843 0.1000000015
7261  35.619  -57.959  3.173 0.1000000015
6513  35.150  -58.804  2.656 0.1000000015
8738  34.410  -55.795  2.909 0.1000000015
9442  34.722  -54.967  3.286 0.1000000015
9465  34.135  -54.743  2.655 0.1000000015
10805  33.933  -53.285  2.263 0.1000000015
11585  34.059  -51.748  2.084 0.1000000015
11604  33.570  -51.258  1.311 0.1000000015
12395  34.192  -50.474  0.999 0.1000000015
12413  33.147  -50.185  0.265 0.1000000015
13216  35.275  -49.429  -0.430 0.1000000015
12412  33.691  -49.901  0.244 0.1000000015
13241  34.498  -49.080  -1.268 0.1000000015
13261  35.943  -49.089  -2.631 0.1000000015
13281  36.237  -49.309  -3.978 0.1000000015
13282  35.173  -49.390  -3.350 0.1000000015
12461  37.187  -49.822  -5.141 0.1000000015
11688  37.958  -51.220  -5.878 0.1000000015
11700  39.372  -51.672  -6.736 0.1000000015
5788  36.440  -59.774  3.432 0.1000000015
5806  36.377  -59.535  2.890 0.1000000015
7243  36.401  -57.596  3.192 0.1000000015
8716  35.176  -55.956  3.471 0.1000000015
9441  35.508  -55.085  3.649 0.1000000015
7967  34.860  -56.894  3.182 0.1000000015
10129  34.536  -53.926  3.020 0.1000000015
12371  34.628  -51.038  1.772 0.1000000015
13198  35.002  -49.682  0.486 0.1000000015
13260  37.113  -49.279  -2.797 0.1000000015
13240  35.614  -49.204  -1.486 0.1000000015
13307  36.940  -49.546  -4.691 0.1000000015
13306  37.896  -49.508  -5.011 0.1000000015
13324  38.063  -49.963  -5.569 0.1000000015
12485  40.123  -50.286  -7.041 0.1000000015
12495  42.043  -50.662  -8.029 0.1000000015
5770  36.916  -59.327  3.639 0.1000000015
5787  36.892  -59.359  3.178 0.1000000015
7259  37.188  -58.366  2.870 0.1000000015
7949  36.709  -56.910  3.263 0.1000000015
9440  36.443  -55.079  3.648 0.1000000015
7260  36.585  -58.265  2.944 0.1000000015
7950  35.812  -56.912  3.395 0.1000000015
10788  35.453  -53.604  3.365 0.1000000015
10803  35.031  -53.038  3.190 0.1000000015
11560  35.065  -51.989  2.864 0.1000000015
12394  35.491  -50.061  1.265 0.1000000015
13215  36.391  -49.520  -0.511 0.1000000015
13302  42.634  -49.213  -4.762 0.1000000015
13276  42.135  -49.241  -3.800 0.1000000015
13277  41.009  -49.043  -3.829 0.1000000015
13278  39.838  -49.103  -3.877 0.1000000015
13279  38.673  -49.320  -3.916 0.1000000015
13239  36.785  -49.368  -1.596 0.1000000015
13303  41.498  -48.984  -4.834 0.1000000015
13301  43.704  -49.344  -4.676 0.1000000015
13319  43.218  -49.142  -5.704 0.1000000015
13320  42.050  -49.106  -5.840 0.1000000015
13321  40.867  -49.335  -5.875 0.1000000015
13305  39.132  -49.319  -4.921 0.1000000015
13280  37.506  -49.334  -3.903 0.1000000015
13318  44.285  -49.144  -5.570 0.1000000015
13328  43.861  -49.136  -6.625 0.1000000015
13323  38.644  -49.763  -5.631 0.1000000015
13330  41.417  -49.589  -6.972 0.1000000015
12474  38.927  -50.039  -6.117 0.1000000015
13360  43.967  -49.914  -8.164 0.1000000015
13348  41.669  -50.104  -7.606 0.1000000015
12510  42.827  -50.914  -8.483 0.1000000015
6498  37.726  -58.336  3.835 0.1000000015
6499  37.434  -58.757  3.222 0.1000000015
7241  37.578  -57.946  2.980 0.1000000015
7948  37.585  -57.032  3.100 0.1000000015
7242  37.065  -57.723  2.942 0.1000000015
8714  37.061  -56.026  3.364 0.1000000015
10108  36.734  -54.208  3.515 0.1000000015
10109  35.744  -54.208  3.537 0.1000000015
10787  35.929  -53.479  3.398 0.1000000015
10802  35.967  -52.623  3.196 0.1000000015
11584  35.085  -51.267  2.285 0.1000000015
12369  36.163  -50.615  2.092 0.1000000015
13196  37.014  -49.652  0.477 0.1000000015
13238  38.003  -49.405  -1.680 0.1000000015
13257  40.598  -49.295  -2.860 0.1000000015
13258  39.458  -49.279  -2.854 0.1000000015
13327  44.894  -48.974  -6.472 0.1000000015
7223  37.866  -57.762  4.139 0.1000000015
7947  38.261  -56.794  3.019 0.1000000015
7240  38.059  -57.507  3.407 0.1000000015
8713  37.952  -56.008  3.019 0.1000000015
9464  38.049  -55.118  3.118 0.1000000015
9439  37.331  -54.989  3.362 0.1000000015
10107  37.258  -54.408  3.447 0.1000000015
10127  36.672  -53.363  3.406 0.1000000015
10801  37.014  -52.595  3.201 0.1000000015
12393  36.619  -49.985  1.361 0.1000000015
13213  38.962  -49.606  -0.675 0.1000000015
12411  38.173  -49.708  0.673 0.1000000015
13195  37.662  -49.656  0.540 0.1000000015
13256  41.701  -49.428  -2.861 0.1000000015
13235  41.372  -49.471  -1.893 0.1000000015
13237  39.167  -49.478  -1.799 0.1000000015
13214  37.734  -49.545  -0.304 0.1000000015
13274  44.157  -49.345  -3.686 0.1000000015
13255  42.760  -49.536  -2.836 0.1000000015
13300  44.665  -49.148  -4.544 0.1000000015
7258  38.706  -56.849  3.099 0.1000000015
7966  38.654  -56.265  2.926 0.1000000015
8737  38.503  -55.611  2.959 0.1000000015
10126  37.685  -54.023  3.449 0.1000000015
10800  38.183  -52.707  3.212 0.1000000015
11558  37.412  -51.522  2.747 0.1000000015
11582  37.862  -51.182  2.573 0.1000000015
12368  37.390  -50.658  2.294 0.1000000015
12410  38.915  -49.729  0.426 0.1000000015
13212  40.066  -49.642  -0.836 0.1000000015
13236  40.285  -49.476  -1.863 0.1000000015
13275  43.186  -49.481  -3.763 0.1000000015
13317  45.164  -48.850  -5.372 0.1000000015
14126  45.930  -48.318  -7.393 0.1000000015
8736  39.033  -55.608  2.971 0.1000000015
9462  39.440  -54.754  3.066 0.1000000015
9463  38.646  -54.871  3.108 0.1000000015
10124  39.913  -53.813  2.985 0.1000000015
10125  38.920  -53.862  3.218 0.1000000015
11557  38.585  -51.579  2.773 0.1000000015
11581  38.087  -50.983  2.480 0.1000000015
12367  38.522  -50.610  2.193 0.1000000015
12391  38.812  -50.000  1.369 0.1000000015
12409  39.943  -49.774  0.226 0.1000000015
13254  43.752  -49.466  -2.788 0.1000000015
13234  42.424  -49.502  -1.906 0.1000000015
14113  46.244  -48.185  -6.479 0.1000000015
14947  46.123  -47.891  -7.014 0.1000000015
10798  40.390  -52.843  2.879 0.1000000015
10799  39.350  -52.789  3.127 0.1000000015
11556  39.830  -51.879  2.885 0.1000000015
12343  39.374  -51.103  2.606 0.1000000015
14106  45.912  -48.104  -4.600 0.1000000015
13273  44.927  -48.981  -3.620 0.1000000015
14109  46.359  -47.785  -5.689 0.1000000015
12365  40.829  -50.894  2.148 0.1000000015
12341  40.679  -51.303  2.496 0.1000000015
12388  41.840  -50.166  0.855 0.1000000015
12364  41.756  -50.760  1.622 0.1000000015
12342  40.243  -51.192  2.608 0.1000000015
12407  41.977  -49.784  -0.032 0.1000000015
12390  39.856  -50.086  1.264 0.1000000015
13272  45.289  -48.612  -3.565 0.1000000015
13252  45.084  -48.503  -2.904 0.1000000015
13253  44.556  -49.036  -2.752 0.1000000015
13233  43.416  -49.489  -1.889 0.1000000015
13211  41.128  -49.647  -0.924 0.1000000015
14923  46.329  -47.282  -5.588 0.1000000015
12406  42.982  -49.755  -0.114 0.1000000015
12389  40.875  -50.218  1.048 0.1000000015
12408  40.968  -49.826  0.068 0.1000000015
13232  44.353  -49.328  -1.813 0.1000000015
13209  43.166  -49.620  -1.015 0.1000000015
13210  42.169  -49.580  -0.969 0.1000000015
10190  29.363  -52.872  -2.573 0.1000000015
10874  29.647  -51.810  -3.800 0.1000000015
11676  31.121  -51.758  -4.447 0.1000000015
10887  32.681  -52.956  -4.464 0.1000000015
9555  32.827  -54.954  -4.380 0.1000000015
3360  29.722  -63.253  0.613 0.1000000015
10875  28.822  -52.484  -4.005 0.1000000015
10214  28.661  -52.768  -3.293 0.1000000015
10889  30.760  -52.555  -4.938 0.1000000015
3928  31.025  -63.249  0.049 0.1000000015
9508  29.614  -54.574  -1.707 0.1000000015
4550  31.549  -62.266  -0.116 0.1000000015
7288  31.148  -57.701  -0.200 0.1000000015
7289  30.161  -57.277  -0.714 0.1000000015
11658  32.522  -51.427  -3.812 0.1000000015
11642  31.092  -51.002  -2.485 0.1000000015
3891  32.875  -63.213  2.588 0.1000000015
9495  32.103  -54.439  0.324 0.1000000015
5168  34.249  -61.107  1.701 0.1000000015
7271  33.031  -57.701  1.476 0.1000000015
8764  32.303  -55.146  0.591 0.1000000015
10158  33.000  -53.788  1.032 0.1000000015
10159  32.448  -53.682  0.555 0.1000000015
11617  32.093  -51.944  0.093 0.1000000015
11672  36.690  -51.281  -5.038 0.1000000015
10884  37.950  -52.705  -4.864 0.1000000015
10867  38.287  -53.192  -4.011 0.1000000015
5828  34.811  -60.368  2.230 0.1000000015
8753  33.234  -55.488  1.473 0.1000000015
10130  33.975  -53.784  2.281 0.1000000015
10145  33.525  -53.962  1.621 0.1000000015
12397  32.571  -51.551  0.505 0.1000000015
13263  33.686  -49.392  -2.164 0.1000000015
12463  35.976  -49.997  -4.703 0.1000000015
10906  37.552  -51.919  -5.440 0.1000000015
10815  33.743  -53.143  1.982 0.1000000015
13242  33.541  -49.324  -1.075 0.1000000015
13217  34.194  -49.511  -0.142 0.1000000015
13308  36.411  -49.680  -4.674 0.1000000015
12476  37.445  -50.335  -5.494 0.1000000015
6511  36.845  -58.870  2.841 0.1000000015
10110  35.087  -54.374  3.433 0.1000000015
11561  34.532  -52.398  2.703 0.1000000015
12486  39.249  -50.633  -6.598 0.1000000015
11701  38.687  -51.489  -6.357 0.1000000015
12497  39.947  -50.973  -7.276 0.1000000015
5805  36.983  -59.185  2.922 0.1000000015
8715  36.129  -56.023  3.660 0.1000000015
12370  35.188  -50.711  1.776 0.1000000015
13197  35.964  -49.683  0.438 0.1000000015
12496  40.928  -50.590  -7.523 0.1000000015
13332  39.784  -49.995  -6.655 0.1000000015
13331  40.391  -49.759  -6.646 0.1000000015
11559  36.137  -51.534  2.691 0.1000000015
13304  40.309  -49.163  -4.899 0.1000000015
13259  38.302  -49.407  -2.840 0.1000000015
13329  42.722  -49.263  -6.763 0.1000000015
13322  39.609  -49.610  -6.002 0.1000000015
13347  42.377  -49.813  -7.606 0.1000000015
12509  43.707  -50.511  -8.934 0.1000000015
12494  43.073  -50.211  -8.180 0.1000000015
13326  45.714  -48.637  -6.104 0.1000000015
12345  36.857  -50.997  2.572 0.1000000015
12392  37.740  -49.935  1.314 0.1000000015
13299  45.466  -48.614  -4.334 0.1000000015
13316  45.683  -48.441  -5.132 0.1000000015
12366  39.629  -50.546  2.109 0.1000000015
12564  40.032  -50.389  -11.623 0.3000000119
13420  39.251  -49.486  -11.510 0.3000000119
14190  38.222  -48.642  -11.295 0.3000000119
15029  37.895  -47.879  -11.217 0.4000000060
15030  37.040  -47.697  -10.984 0.4000000060
13400  37.839  -49.271  -11.140 0.3000000119
14192  36.457  -48.379  -10.795 0.4000000060
5349  36.730  -60.054  -11.603 0.1000000015
6030  37.087  -59.600  -12.122 0.1000000015
7432  36.966  -57.902  -12.657 0.2000000030
8135  37.196  -56.409  -11.825 0.3000000119
13386  33.449  -49.790  -10.928 0.4000000060
13418  40.795  -50.298  -11.955 0.3000000119
10287  36.497  -53.622  -10.773 0.4000000060
10960  36.505  -52.578  -10.225 0.4000000060
10972  36.014  -52.956  -10.899 0.4000000060
6017  36.430  -59.942  -11.230 0.1000000015
8155  36.668  -57.002  -12.429 0.3000000119
10961  35.673  -52.320  -10.639 0.4000000060
11740  35.067  -51.637  -10.942 0.4000000060
12532  34.227  -50.785  -11.258 0.4000000060
5350  36.188  -60.012  -11.804 0.1000000015
14178  32.763  -48.748  -10.422 0.5000000000
7433  36.195  -57.722  -12.961 0.2000000030
8136  36.405  -56.221  -11.967 0.3000000119
9615  36.303  -54.507  -11.329 0.3000000119
11741  34.639  -51.481  -11.388 0.4000000060
15013  31.830  -47.569  -10.630 0.4000000060
16761  31.267  -46.010  -10.627 0.4000000060
10302  35.991  -53.598  -11.444 0.4000000060
10973  35.442  -52.661  -11.598 0.4000000060
12546  33.923  -51.151  -11.786 0.4000000060
12547  33.351  -50.751  -11.921 0.4000000060
5377  35.993  -59.915  -12.839 0.2000000030
6053  36.028  -59.552  -13.292 0.2000000030
6753  36.478  -59.076  -13.076 0.2000000030
8156  35.785  -56.543  -12.695 0.2000000030
6733  36.551  -58.468  -13.002 0.2000000030
9616  35.761  -54.385  -11.990 0.3000000119
9633  35.697  -53.989  -12.684 0.3000000119
5362  35.607  -59.942  -12.475 0.1000000015
10974  34.936  -52.148  -12.056 0.4000000060
8931  35.936  -55.427  -11.910 0.3000000119
10316  35.545  -53.217  -12.445 0.4000000060
11755  34.387  -51.583  -11.916 0.4000000060
14193  32.393  -49.024  -11.338 0.5000000000
14194  31.938  -48.187  -11.383 0.5000000000
15879  31.519  -46.648  -11.158 0.4000000060
10990  35.194  -52.598  -12.609 0.4000000060
12566  33.317  -50.795  -12.793 0.4000000060
13421  32.559  -49.670  -12.247 0.5000000000
14205  32.267  -48.466  -12.222 0.5000000000
15897  31.868  -46.900  -11.843 0.4000000060
6054  35.733  -59.430  -13.925 0.2000000030
6754  35.976  -58.683  -13.469 0.2000000030
7450  35.640  -57.575  -13.656 0.2000000030
8169  35.603  -56.248  -13.821 0.2000000030
8949  35.562  -55.162  -12.876 0.3000000119
8957  35.556  -55.166  -13.767 0.4000000060
9643  35.658  -54.356  -13.464 0.3000000119
12585  32.733  -49.997  -12.920 0.5000000000
15043  31.996  -47.560  -12.133 0.5000000000
16781  31.860  -46.016  -11.853 0.4000000060
16767  31.404  -45.755  -11.186 0.4000000060
11009  34.967  -52.156  -13.572 0.4000000060
10991  34.662  -52.023  -12.658 0.4000000060
14217  32.598  -48.256  -13.025 0.5000000000
6073  35.598  -59.746  -14.602 0.2000000030
7462  35.712  -57.357  -14.600 0.2000000030
17736  31.959  -44.379  -11.602 0.4000000060
8181  35.852  -56.434  -14.704 0.2000000030
10328  35.618  -53.300  -13.362 0.3000000119
11792  33.559  -51.005  -13.176 0.4000000060
5378  35.395  -60.152  -13.666 0.2000000030
7480  36.015  -58.055  -15.434 0.2000000030
8969  35.945  -55.458  -14.475 0.3000000119
9655  36.321  -54.498  -14.550 0.4000000060
18777  31.575  -44.013  -11.067 0.4000000060
10327  35.887  -53.395  -14.091 0.3000000119
12584  33.337  -50.396  -13.529 0.5000000000
15042  32.381  -47.709  -12.628 0.5000000000
20725  32.097  -41.532  -10.536 0.4000000060
5395  34.999  -60.418  -14.996 0.2000000030
6767  35.796  -58.679  -14.612 0.2000000030
11028  35.376  -52.188  -14.269 0.4000000060
11805  34.236  -51.077  -14.219 0.4000000060
16801  32.726  -46.283  -13.034 0.5000000000
17747  32.368  -44.693  -12.138 0.4000000060
22829  35.737  -39.620  -9.690 0.4000000060
5413  35.087  -59.960  -15.977 0.2000000030
6784  35.948  -58.756  -15.523 0.2000000030
8205  36.144  -57.037  -15.367 0.2000000030
8180  36.401  -56.082  -15.195 0.2000000030
13450  33.731  -49.204  -14.399 0.5000000000
15053  33.266  -47.508  -13.646 0.5000000000
5396  33.905  -60.828  -14.862 0.2000000030
9642  35.946  -53.936  -14.041 0.4000000060
11008  35.754  -52.788  -14.112 0.3000000119
12599  33.509  -49.906  -14.189 0.5000000000
14216  33.170  -48.372  -13.770 0.5000000000
16780  32.435  -45.665  -12.518 0.5000000000
5414  34.301  -60.341  -15.773 0.2000000030
21791  34.709  -40.288  -10.735 0.4000000060
20745  32.376  -42.064  -11.363 0.4000000060
18776  32.177  -43.785  -11.716 0.4000000060
6089  35.714  -59.393  -15.736 0.2000000030
8968  36.661  -55.184  -15.074 0.4000000060
16779  32.750  -45.094  -12.653 0.4000000060
18795  32.820  -43.742  -12.293 0.4000000060
7479  36.683  -57.633  -16.057 0.2000000030
8204  36.858  -56.640  -15.881 0.2000000030
6088  36.016  -59.082  -16.232 0.2000000030
21819  33.716  -41.084  -11.585 0.4000000060
19769  33.071  -42.470  -12.198 0.4000000060
19791  33.660  -42.513  -12.591 0.4000000060
11804  34.903  -51.447  -14.532 0.3000000119
15070  33.846  -47.497  -14.084 0.5000000000
15916  33.264  -46.721  -13.501 0.5000000000
18794  33.683  -43.672  -12.824 0.4000000060
9654  36.928  -54.295  -15.195 0.4000000060
11027  35.894  -52.271  -14.874 0.4000000060
11819  35.340  -51.321  -15.198 0.3000000119
12598  34.169  -50.405  -14.595 0.4000000060
10341  36.493  -53.470  -14.707 0.4000000060
14232  34.425  -48.454  -14.675 0.5000000000
7497  37.153  -58.021  -16.868 0.2000000030
20743  33.916  -41.314  -12.104 0.4000000060
16800  33.170  -45.507  -13.168 0.5000000000
15915  33.814  -46.042  -13.720 0.5000000000
12615  35.152  -50.563  -15.494 0.4000000060
13449  34.288  -49.449  -14.889 0.5000000000
15931  33.825  -46.710  -13.847 0.5000000000
15084  34.994  -47.985  -15.001 0.5000000000
13470  34.858  -49.242  -15.293 0.5000000000
14191  37.389  -48.445  -11.154 0.4000000060
12531  35.259  -50.553  -10.630 0.4000000060
21792  33.528  -40.732  -10.828 0.4000000060
20744  33.128  -41.718  -11.655 0.4000000060
15930  34.304  -46.564  -14.160 0.5000000000
10989  40.347  -52.347  -11.901 0.3000000119
11752  39.510  -51.235  -11.009 0.3000000119
11753  38.822  -50.815  -10.757 0.2000000030
12545  37.820  -49.914  -10.815 0.2000000030
9631  40.473  -54.090  -11.943 0.2000000030
10300  39.691  -53.302  -11.511 0.3000000119
10301  39.225  -53.555  -10.951 0.3000000119
10958  38.730  -52.345  -10.231 0.3000000119
9613  39.809  -54.401  -11.796 0.2000000030
8913  38.668  -54.839  -11.122 0.2000000030
9598  38.498  -54.461  -10.825 0.2000000030
8154  37.522  -57.206  -12.300 0.2000000030
6092  32.834  -59.501  -15.041 0.1000000015
6768  32.177  -58.740  -14.647 0.1000000015
9709  39.111  -53.813  -18.469 0.1000000015
11751  41.688  -51.750  -12.044 0.1000000015
12563  40.481  -50.794  -12.162 0.2000000030
11773  40.115  -51.255  -11.650 0.2000000030
10988  40.843  -52.450  -12.404 0.2000000030
10956  41.714  -52.501  -10.344 0.1000000015
10299  40.692  -53.736  -11.538 0.1000000015
10314  40.857  -53.317  -12.147 0.2000000030
10282  41.034  -53.124  -10.962 0.1000000015
10283  40.609  -54.001  -10.622 0.1000000015
5379  34.401  -60.765  -14.019 0.1000000015
5415  33.397  -60.262  -15.233 0.1000000015
7514  37.602  -57.292  -17.816 0.1000000015
8248  37.983  -56.745  -17.740 0.1000000015
9020  38.634  -55.555  -17.640 0.1000000015
9678  38.669  -54.618  -17.164 0.1000000015
7534  37.516  -57.000  -18.270 0.1000000015
9039  38.511  -55.479  -18.191 0.1000000015
9677  39.157  -54.119  -17.819 0.1000000015
11063  38.733  -52.420  -17.087 0.1000000015
9691  39.105  -54.142  -18.228 0.1000000015
11845  39.861  -51.582  -17.951 0.1000000015
11846  39.286  -50.967  -17.509 0.1000000015
12637  39.663  -50.272  -17.931 0.1000000015
13495  39.594  -49.251  -17.785 0.1000000015
10987  41.279  -52.429  -12.210 0.2000000030
10298  41.114  -53.139  -11.717 0.1000000015
9667  37.422  -54.522  -15.754 0.1000000015
11818  35.953  -51.419  -15.517 0.3000000119
6125  35.906  -59.219  -17.064 0.1000000015
6803  36.769  -58.678  -17.062 0.1000000015
8228  37.366  -57.084  -16.574 0.1000000015
8983  37.645  -55.275  -16.099 0.1000000015
10365  37.590  -52.975  -16.205 0.2000000030
11817  36.741  -51.709  -15.687 0.3000000119
13468  35.975  -49.001  -16.195 0.3000000119
14252  36.070  -48.301  -15.955 0.3000000119
6786  33.178  -58.744  -15.400 0.1000000015
6823  35.637  -58.930  -17.191 0.1000000015
8982  38.166  -55.188  -16.636 0.1000000015
10364  38.181  -53.457  -16.566 0.1000000015
11830  37.197  -51.401  -16.204 0.2000000030
13481  36.418  -49.369  -16.370 0.3000000119
7516  36.019  -57.832  -17.595 0.1000000015
13479  38.543  -48.991  -17.217 0.2000000030
14269  37.858  -48.194  -16.958 0.3000000119
13496  39.161  -49.164  -17.476 0.1000000015
14268  38.584  -48.029  -17.333 0.2000000030
15099  38.257  -47.292  -16.971 0.4000000060
13494  40.111  -49.244  -18.290 0.1000000015
14292  39.332  -48.377  -17.565 0.1000000015
15124  39.109  -47.326  -17.349 0.3000000119
14136  45.542  -48.540  -8.148 0.1000000015
13369  44.826  -49.356  -9.577 0.1000000015
16813  34.384  -45.500  -14.109 0.4000000060
15068  35.200  -46.982  -14.729 0.4000000060
13469  35.633  -49.362  -15.916 0.3000000119
14253  35.334  -48.442  -15.404 0.4000000060
15083  35.561  -47.273  -15.154 0.4000000060
15101  36.687  -47.418  -16.087 0.4000000060
15943  37.132  -46.022  -16.031 0.4000000060
15100  37.470  -47.389  -16.498 0.4000000060
15960  37.867  -46.364  -16.495 0.5000000000
15959  38.731  -46.520  -16.994 0.5000000000
14290  40.390  -48.392  -18.275 0.2000000030
14291  40.110  -48.390  -17.943 0.1000000015
15980  39.571  -46.282  -17.553 0.4000000060
13512  40.412  -49.495  -18.873 0.1000000015
15139  40.715  -47.482  -18.863 0.1000000015
15978  40.995  -46.540  -18.682 0.2000000030
15979  40.500  -46.555  -18.155 0.2000000030
12678  39.711  -50.591  -19.589 0.1000000015
13527  40.087  -49.482  -19.726 0.1000000015
15121  40.936  -46.817  -18.760 0.2000000030
12679  39.168  -50.330  -19.967 0.1000000015
13528  39.544  -49.922  -19.925 0.1000000015
17763  34.202  -44.596  -13.648 0.4000000060
17764  33.702  -44.617  -13.185 0.3000000119
17781  34.687  -44.552  -14.167 0.4000000060
15945  35.703  -46.198  -15.129 0.4000000060
15929  35.063  -46.318  -14.652 0.4000000060
15944  36.417  -46.481  -15.608 0.4000000060
17801  35.680  -44.933  -15.105 0.4000000060
16846  37.576  -45.250  -16.207 0.4000000060
16845  38.563  -45.319  -17.044 0.5000000000
17833  38.970  -44.476  -17.758 0.4000000060
16856  40.956  -45.875  -18.597 0.3000000119
16857  40.213  -45.503  -18.292 0.4000000060
17832  39.651  -44.601  -18.314 0.4000000060
16027  40.199  -46.651  -20.607 0.2000000030
16026  40.678  -46.264  -20.228 0.2000000030
16000  41.348  -45.943  -18.826 0.2000000030
14319  39.850  -48.207  -20.518 0.1000000015
14318  40.247  -48.246  -19.908 0.2000000030
11121  34.925  -52.306  -20.038 0.1000000015
18802  34.893  -43.014  -13.881 0.4000000060
18803  34.491  -43.567  -13.587 0.4000000060
17779  35.677  -43.932  -14.766 0.4000000060
17799  37.105  -44.284  -15.771 0.4000000060
17800  36.114  -44.399  -15.236 0.4000000060
18847  38.124  -43.604  -17.242 0.4000000060
17819  37.760  -44.165  -16.697 0.4000000060
18863  38.661  -43.449  -17.871 0.3000000119
18875  39.891  -43.667  -18.717 0.4000000060
18862  39.218  -43.931  -18.297 0.4000000060
17844  41.154  -44.871  -19.506 0.3000000119
17845  40.971  -44.511  -19.261 0.3000000119
17846  40.419  -44.529  -18.716 0.4000000060
15156  39.778  -47.321  -20.741 0.2000000030
16910  40.353  -45.427  -21.239 0.2000000030
16901  40.882  -45.300  -20.332 0.2000000030
16870  41.238  -45.502  -19.297 0.2000000030
14326  39.365  -48.145  -21.065 0.2000000030
9743  34.400  -53.986  -20.736 0.1000000015
11138  34.931  -52.586  -20.725 0.1000000015
11137  35.364  -52.024  -21.174 0.1000000015
20760  33.726  -41.788  -12.350 0.3000000119
20774  35.361  -41.781  -13.766 0.4000000060
20775  34.881  -41.847  -13.301 0.3000000119
19816  35.792  -42.480  -14.472 0.4000000060
20797  36.874  -41.511  -15.695 0.4000000060
19815  36.291  -42.699  -15.118 0.4000000060
19825  37.156  -42.438  -16.246 0.4000000060
19826  36.771  -42.395  -15.755 0.4000000060
18864  38.219  -42.981  -17.391 0.4000000060
19838  37.513  -42.413  -16.665 0.4000000060
19863  38.933  -42.664  -18.473 0.4000000060
19850  38.487  -42.337  -17.887 0.3000000119
20879  41.310  -41.909  -20.632 0.3000000119
20867  41.556  -41.634  -19.958 0.3000000119
19873  41.367  -42.414  -19.836 0.3000000119
19874  40.816  -42.683  -19.323 0.3000000119
19862  39.742  -42.555  -18.963 0.3000000119
16912  39.239  -45.476  -20.809 0.2000000030
17889  39.555  -44.832  -21.258 0.2000000030
18918  41.059  -43.306  -21.335 0.3000000119
18917  41.484  -43.490  -20.889 0.2000000030
18888  41.186  -43.511  -19.539 0.3000000119
18874  40.652  -43.663  -19.090 0.3000000119
16911  39.750  -45.502  -21.210 0.2000000030
17886  41.327  -43.970  -21.134 0.2000000030
15165  39.267  -47.267  -21.037 0.2000000030
21841  34.373  -41.089  -12.326 0.3000000119
21840  34.990  -40.807  -12.558 0.3000000119
20758  34.998  -41.381  -13.173 0.4000000060
20759  34.348  -41.724  -12.843 0.3000000119
22916  37.340  -39.850  -14.750 0.3000000119
22917  36.660  -40.110  -14.261 0.4000000060
21888  37.393  -40.707  -15.919 0.4000000060
22932  37.509  -40.152  -15.454 0.4000000060
20785  36.405  -41.768  -15.051 0.4000000060
21887  38.055  -40.408  -16.536 0.4000000060
20796  37.281  -41.717  -16.297 0.4000000060
20810  38.408  -41.195  -17.554 0.3000000119
20811  37.840  -41.588  -17.059 0.4000000060
22995  41.283  -39.918  -20.072 0.3000000119
21933  41.369  -40.198  -19.598 0.2000000030
21934  41.110  -40.405  -19.407 0.2000000030
21936  39.690  -40.890  -18.614 0.2000000030
20836  39.173  -41.642  -18.519 0.3000000119
20823  38.625  -41.456  -17.955 0.3000000119
21963  40.955  -41.123  -20.635 0.3000000119
20849  41.401  -41.373  -19.829 0.3000000119
20850  40.944  -41.480  -19.514 0.2000000030
20851  40.382  -42.128  -19.301 0.2000000030
20835  40.053  -41.334  -19.157 0.2000000030
17861  38.442  -44.412  -19.935 0.2000000030
19876  39.125  -42.452  -20.168 0.3000000119
19893  40.516  -42.495  -20.941 0.3000000119
20868  40.972  -41.793  -20.971 0.3000000119
21817  35.405  -40.308  -11.601 0.3000000119
21818  34.339  -40.707  -11.707 0.3000000119
22946  39.544  -39.644  -16.713 0.3000000119
22961  41.070  -39.131  -17.626 0.2000000030
22962  40.132  -39.655  -17.742 0.2000000030
22963  39.406  -39.863  -17.393 0.2000000030
24015  41.254  -38.990  -18.752 0.2000000030
22977  41.037  -39.607  -18.755 0.2000000030
22978  40.711  -39.565  -18.271 0.2000000030
21920  39.921  -40.067  -18.175 0.2000000030
21758  35.578  -40.049  -9.922 0.2000000030
11909  38.250  -50.619  -20.265 0.1000000015
13542  39.235  -49.251  -20.597 0.1000000015
18889  38.693  -43.505  -20.177 0.3000000119
16028  38.716  -46.342  -20.616 0.2000000030
13382  37.325  -49.619  -10.753 0.3000000119
11736  39.093  -51.638  -10.540 0.3000000119
8914  38.211  -55.073  -10.907 0.2000000030
14138  44.577  -48.367  -9.038 0.1000000015
12562  41.467  -50.968  -12.651 0.2000000030
12565  39.275  -49.885  -11.480 0.2000000030
8984  37.068  -55.738  -15.666 0.1000000015
11045  36.549  -52.112  -15.382 0.3000000119
21790  35.774  -40.144  -10.413 0.3000000119
8203  37.516  -56.181  -16.306 0.1000000015
18793  34.047  -43.116  -13.016 0.3000000119
10352  37.315  -53.601  -15.726 0.3000000119
12627  35.702  -50.119  -15.941 0.2000000030
11044  37.213  -52.403  -15.787 0.2000000030
7496  37.579  -57.286  -17.364 0.1000000015
10315  40.381  -53.325  -12.062 0.2000000030
10957  39.263  -52.247  -10.587 0.3000000119
9614  39.084  -54.266  -11.169 0.2000000030
10377  39.350  -53.413  -18.207 0.1000000015
11772  40.754  -51.420  -12.473 0.2000000030
7515  37.255  -57.944  -17.889 0.1000000015
8264  38.040  -56.385  -18.284 0.1000000015
8227  37.930  -56.407  -17.061 0.1000000015
10363  39.080  -53.331  -17.482 0.1000000015
11828  39.230  -51.725  -17.349 0.1000000015
11829  38.354  -51.155  -17.015 0.1000000015
10351  37.778  -53.837  -16.242 0.2000000030
12626  36.192  -50.612  -16.055 0.3000000119
11064  37.855  -52.327  -16.535 0.2000000030
12625  37.278  -50.303  -16.680 0.3000000119
14270  37.001  -48.306  -16.457 0.4000000060
15082  36.209  -47.373  -15.663 0.4000000060
12624  38.179  -49.935  -16.990 0.3000000119
13480  37.553  -49.189  -16.781 0.3000000119
17780  35.342  -44.488  -14.668 0.4000000060
16826  36.773  -45.324  -15.614 0.4000000060
14311  40.485  -48.389  -19.225 0.2000000030
15146  41.019  -46.585  -19.358 0.2000000030
18813  35.281  -43.438  -14.307 0.4000000060
16827  36.012  -45.461  -15.296 0.4000000060
16902  40.726  -45.396  -20.806 0.2000000030
19806  35.218  -42.641  -13.976 0.4000000060
19891  41.566  -42.755  -20.442 0.3000000119
17875  41.317  -44.478  -20.609 0.2000000030
18919  40.650  -43.975  -21.408 0.2000000030
21874  35.783  -40.994  -14.061 0.4000000060
21859  35.490  -40.818  -13.395 0.4000000060
20786  35.930  -41.545  -14.402 0.4000000060
21962  41.325  -40.992  -20.378 0.3000000119
18907  39.479  -43.461  -20.755 0.2000000030
18906  40.327  -43.464  -21.184 0.2000000030
22883  37.203  -39.645  -13.081 0.4000000060
21905  38.290  -40.756  -17.153 0.4000000060
21921  39.216  -40.495  -17.963 0.2000000030
24033  40.892  -39.144  -19.570 0.2000000030
24014  41.363  -39.311  -19.223 0.2000000030
20834  40.624  -40.805  -19.292 0.2000000030
21858  36.204  -40.379  -13.814 0.3000000119
21839  36.233  -40.170  -12.732 0.2000000030
21815  37.542  -40.175  -11.326 0.2000000030
8928  38.761  -55.464  -11.289 0.1000000015
8927  39.310  -55.535  -11.126 0.1000000015
8134  38.058  -56.555  -11.736 0.1000000015
12542  42.401  -50.770  -12.130 0.1000000015
8929  37.766  -55.767  -11.257 0.1000000015
8153  38.185  -57.340  -12.118 0.1000000015
22828  36.723  -39.621  -9.673 0.1000000015
22853  36.637  -40.020  -9.860 0.1000000015
21755  38.884  -40.402  -9.337 0.1000000015
21756  38.054  -40.114  -9.698 0.1000000015
21788  37.798  -40.265  -10.411 0.1000000015
21814  38.510  -40.416  -11.202 0.1000000015
21838  37.300  -39.834  -12.278 0.1000000015
21836  39.400  -40.712  -12.101 0.2000000030
22915  38.673  -39.553  -14.631 0.2000000030
20773  40.151  -41.100  -12.677 0.2000000030
21857  39.148  -40.229  -12.792 0.2000000030
22898  38.895  -39.813  -13.402 0.2000000030
22899  37.809  -39.556  -13.762 0.2000000030
20756  40.580  -41.737  -12.562 0.2000000030
22897  39.591  -40.016  -13.697 0.2000000030
22931  38.302  -39.756  -15.883 0.2000000030
22945  40.854  -39.647  -16.535 0.1000000015
20757  40.070  -41.335  -12.078 0.2000000030
22914  39.987  -39.897  -14.359 0.2000000030
22913  40.685  -40.190  -14.901 0.2000000030
22930  39.686  -39.614  -15.603 0.1000000015
21885  41.861  -40.640  -15.680 0.1000000015
21904  41.371  -40.026  -15.814 0.1000000015
21789  36.819  -40.146  -10.312 0.1000000015
22827  37.585  -39.447  -9.528 0.1000000015
22826  38.387  -39.435  -9.360 0.1000000015
21787  38.580  -40.637  -10.237 0.1000000015
21786  39.316  -41.148  -10.024 0.1000000015
21837  38.419  -39.995  -12.338 0.2000000030
21856  39.890  -40.453  -13.346 0.2000000030
20853  38.296  -41.520  -19.410 0.2000000030
21964  40.112  -40.722  -20.389 0.2000000030
21965  39.674  -41.126  -20.195 0.2000000030
19877  38.232  -42.725  -19.560 0.2000000030
20837  37.666  -40.919  -19.084 0.2000000030
23010  40.286  -40.036  -20.396 0.2000000030
21954  39.256  -40.651  -19.860 0.2000000030
21953  39.686  -40.371  -20.177 0.2000000030
20838  36.876  -41.331  -18.652 0.2000000030
22996  40.535  -39.649  -20.105 0.2000000030
22979  38.516  -39.472  -19.075 0.1000000015
22980  37.707  -39.793  -18.798 0.2000000030
24035  39.203  -39.424  -19.454 0.2000000030
24034  39.966  -39.205  -19.547 0.2000000030
22964  37.414  -39.296  -18.125 0.1000000015
24018  38.094  -39.119  -18.544 0.1000000015
24017  39.041  -38.858  -18.816 0.1000000015
22948  36.429  -39.262  -17.099 0.1000000015
22949  35.766  -39.689  -16.799 0.1000000015
20741  40.450  -41.841  -11.589 0.1000000015
24016  40.240  -38.676  -18.871 0.1000000015
25033  38.636  -38.066  -17.297 0.1000000015
23999  39.345  -38.346  -18.041 0.1000000015
23985  36.946  -38.355  -16.639 0.1000000015
23984  37.614  -38.287  -16.971 0.1000000015
23971  36.539  -38.081  -15.845 0.1000000015
25003  36.944  -37.398  -15.682 0.1000000015
23951  35.505  -38.296  -14.920 0.1000000015
19789  41.158  -42.504  -12.411 0.1000000015
18754  42.566  -43.394  -10.902 0.1000000015
19767  41.620  -42.955  -11.920 0.1000000015
23997  41.236  -38.792  -17.338 0.1000000015
23998  40.400  -38.490  -17.964 0.1000000015
25022  38.842  -37.633  -16.713 0.1000000015
25032  39.600  -38.039  -17.343 0.1000000015
25024  37.230  -37.866  -16.367 0.1000000015
24978  35.858  -37.287  -14.516 0.1000000015
24977  36.488  -37.112  -14.975 0.1000000015
18775  42.274  -43.585  -12.033 0.1000000015
19805  41.032  -42.161  -13.208 0.1000000015
24999  40.805  -37.910  -15.596 0.1000000015
24975  40.024  -37.200  -14.923 0.1000000015
25000  39.990  -37.544  -15.836 0.1000000015
25031  40.415  -38.220  -17.205 0.1000000015
25020  40.808  -38.154  -16.530 0.1000000015
26064  39.362  -36.906  -14.783 0.1000000015
24976  39.408  -37.130  -15.294 0.1000000015
26046  38.190  -36.283  -14.075 0.1000000015
26065  38.647  -36.804  -14.980 0.1000000015
25002  38.127  -37.258  -16.071 0.1000000015
25001  39.035  -37.247  -15.907 0.1000000015
27073  38.138  -35.038  -12.920 0.1000000015
26083  37.818  -36.938  -15.403 0.1000000015
26047  37.233  -36.190  -14.035 0.1000000015
18791  43.026  -44.268  -12.642 0.1000000015
19788  41.785  -43.195  -12.640 0.1000000015
23996  42.125  -38.945  -16.883 0.1000000015
27072  39.093  -35.259  -12.726 0.1000000015
26045  39.372  -36.550  -13.917 0.1000000015
27101  38.611  -35.756  -13.417 0.1000000015
22960  41.988  -39.154  -16.969 0.1000000015
21937  37.453  -40.517  -18.877 0.1000000015
22965  36.651  -39.774  -17.808 0.1000000015
26084  37.247  -36.854  -15.168 0.1000000015
26048  36.387  -36.282  -13.816 0.1000000015
25019  41.498  -38.336  -16.145 0.1000000015
11930  33.226  -52.760  -21.613 0.1000000015
11892  33.472  -51.363  -20.092 0.1000000015
11139  32.461  -53.117  -21.036 0.1000000015
11154  33.081  -53.363  -21.891 0.1000000015
9095  32.571  -55.585  -21.644 0.1000000015
7583  32.575  -57.363  -21.341 0.1000000015
6892  31.354  -58.850  -21.127 0.1000000015
11929  33.836  -52.145  -21.818 0.1000000015
11914  33.887  -51.363  -20.815 0.1000000015
10452  32.437  -53.993  -21.565 0.1000000015
9759  32.781  -54.903  -21.997 0.1000000015
12682  33.713  -50.951  -19.748 0.1000000015
12681  34.559  -50.378  -19.857 0.1000000015
12680  35.171  -50.118  -20.285 0.1000000015
11913  34.526  -51.067  -21.442 0.1000000015
11153  33.562  -52.899  -22.167 0.1000000015
11122  32.518  -52.427  -20.449 0.1000000015
13530  35.752  -49.551  -20.048 0.1000000015
13545  36.118  -49.664  -20.978 0.1000000015
12683  33.151  -50.995  -19.159 0.1000000015
13515  33.701  -49.701  -18.618 0.1000000015
13497  33.371  -49.210  -17.869 0.1000000015
12659  32.577  -50.673  -18.528 0.1000000015
13516  33.143  -49.973  -18.246 0.1000000015
13498  32.490  -49.671  -17.541 0.1000000015
12703  34.248  -50.830  -20.380 0.1000000015
6186  30.758  -59.699  -21.089 0.1000000015
3322  32.608  -63.363  2.212 0.1000000015
3323  32.288  -63.345  2.271 0.1000000015
3324  31.966  -63.287  2.316 0.1000000015
3361  29.261  -63.175  0.750 0.1000000015
3373  29.856  -63.127  0.343 0.1000000015
3925  32.969  -63.224  1.205 0.1000000015
3929  29.405  -63.074  0.528 0.1000000015
3941  31.164  -62.903  -0.145 0.1000000015
5348  37.045  -60.030  -11.524 0.1000000015
5360  36.964  -59.983  -11.762 0.1000000015
5361  36.444  -59.941  -12.168 0.1000000015
5397  33.101  -60.375  -14.613 0.1000000015
5428  35.105  -59.755  -16.293 0.3000000119
5429  34.850  -59.816  -16.267 0.3000000119
6002  36.059  -59.643  -10.909 0.1000000015
6031  36.523  -59.554  -12.684 0.2000000030
6090  34.336  -59.626  -16.133 0.2000000030
6106  36.137  -59.146  -16.657 0.1000000015
6108  34.788  -59.293  -16.528 0.2000000030
6126  35.653  -59.211  -17.006 0.3000000119
6732  37.066  -58.840  -12.614 0.2000000030
6783  36.318  -58.654  -16.234 0.2000000030
6787  32.646  -58.798  -15.063 0.1000000015
6804  35.196  -59.058  -16.857 0.1000000015
6822  36.341  -58.772  -17.384 0.1000000015
6824  35.273  -58.816  -17.022 0.1000000015
7257  38.926  -56.759  3.123 0.1000000015
7482  33.326  -57.617  -15.400 0.2000000030
7499  34.724  -57.918  -16.627 0.2000000030
7517  35.290  -58.356  -17.112 0.2000000030
7533  37.690  -57.127  -18.053 0.1000000015
8023  30.258  -55.787  -0.919 0.1000000015
8226  38.210  -56.113  -17.214 0.1000000015
8231  34.303  -55.997  -15.785 0.1000000015
8247  38.295  -56.152  -17.454 0.1000000015
8249  36.833  -56.955  -18.157 0.1000000015
8250  36.141  -56.472  -17.551 0.2000000030
8263  38.384  -56.139  -17.904 0.1000000015
8313  32.632  -56.400  -21.465 0.1000000015
8763  32.722  -55.332  1.000 0.1000000015
8915  37.492  -55.104  -10.855 0.2000000030
8967  37.198  -55.015  -15.510 0.1000000015
9000  38.329  -55.725  -17.103 0.1000000015
9001  37.958  -55.778  -16.633 0.1000000015
9041  37.475  -55.004  -18.333 0.1000000015
9478  33.457  -54.822  1.715 0.1000000015
9505  37.287  -55.049  -1.484 0.1000000015
9519  39.091  -54.302  -1.887 0.1000000015
9632  40.435  -53.830  -12.092 0.2000000030
9656  35.772  -54.652  -14.101 0.4000000060
9666  37.907  -54.380  -16.311 0.1000000015
9692  38.983  -54.804  -17.979 0.1000000015
10128  35.139  -53.798  3.362 0.1000000015
10284  39.303  -52.895  -10.715 0.3000000119
10303  35.657  -53.573  -12.009 0.4000000060
10313  41.263  -52.889  -12.000 0.1000000015
10340  36.908  -53.790  -15.209 0.4000000060
10353  36.752  -52.763  -15.240 0.3000000119
10366  35.518  -53.849  -16.936 0.1000000015
10378  37.011  -53.063  -17.806 0.1000000015
10397  37.512  -53.101  -18.220 0.1000000015
10398  34.288  -52.710  -19.291 0.1000000015
10419  34.467  -53.039  -20.326 0.1000000015
10804  34.135  -52.958  2.513 0.1000000015
10814  33.813  -52.553  2.128 0.1000000015
10824  33.324  -53.045  1.368 0.1000000015
10971  39.736  -52.138  -11.081 0.3000000119
11010  34.499  -51.784  -13.124 0.4000000060
11062  39.397  -52.380  -17.539 0.1000000015
11080  39.678  -52.680  -17.907 0.1000000015
11100  37.290  -52.236  -18.384 0.1000000015
11120  35.538  -51.647  -19.808 0.2000000030
11165  33.462  -53.392  -22.268 0.1000000015
11583  35.630  -50.989  2.230 0.1000000015
11690  36.660  -51.047  -5.151 0.1000000015
11710  39.812  -51.564  -7.142 0.1000000015
11734  42.898  -50.933  -10.901 0.1000000015
11749  42.866  -50.736  -11.220 0.1000000015
11754  34.878  -51.918  -11.542 0.4000000060
11756  33.896  -51.273  -12.200 0.4000000060
11770  42.027  -51.268  -12.254 0.1000000015
11771  41.415  -51.550  -12.522 0.1000000015
11774  34.208  -51.558  -12.695 0.4000000060
11775  33.689  -51.201  -12.724 0.4000000060
11788  41.157  -51.145  -12.731 0.2000000030
11789  40.962  -51.007  -12.740 0.2000000030
11790  34.687  -51.661  -13.884 0.4000000060
11791  34.167  -51.357  -13.561 0.4000000060
11803  35.525  -51.641  -15.033 0.3000000119
11831  36.538  -51.296  -15.859 0.3000000119
11893  32.720  -51.630  -19.712 0.1000000015
11908  38.769  -50.738  -19.946 0.1000000015
11915  33.128  -52.255  -20.930 0.1000000015
11928  34.470  -51.446  -21.818 0.1000000015
12344  37.239  -51.012  2.598 0.1000000015
12462  36.647  -50.111  -5.055 0.1000000015
12475  38.403  -50.409  -5.924 0.1000000015
12484  40.670  -49.975  -7.141 0.1000000015
12487  38.539  -50.924  -6.241 0.1000000015
12498  39.553  -51.213  -6.991 0.1000000015
12528  38.141  -50.419  -10.590 0.2000000030
12533  33.558  -50.406  -11.374 0.4000000060
12543  39.401  -50.570  -11.287 0.2000000030
12544  38.520  -50.046  -11.198 0.2000000030
12548  32.768  -50.297  -12.037 0.4000000060
12561  41.931  -50.903  -12.510 0.1000000015
12567  32.921  -50.387  -12.586 0.5000000000
12581  41.199  -50.821  -12.665 0.2000000030
12582  40.883  -50.764  -12.527 0.2000000030
12583  33.890  -50.876  -14.031 0.4000000060
12597  34.695  -50.852  -14.926 0.3000000119
12614  35.751  -50.888  -15.716 0.2000000030
12616  34.506  -49.938  -15.209 0.4000000060
12638  39.003  -49.981  -17.414 0.1000000015
12657  33.974  -50.209  -19.217 0.1000000015
12658  33.399  -50.441  -18.892 0.1000000015
12697  38.656  -50.131  -20.514 0.1000000015
12698  38.054  -50.158  -21.126 0.2000000030
12699  37.345  -50.432  -21.559 0.2000000030
12701  35.537  -50.056  -20.851 0.1000000015
12702  34.789  -50.570  -20.987 0.1000000015
13298  45.683  -48.384  -4.708 0.1000000015
13381  40.785  -49.457  -11.147 0.3000000119
13387  32.788  -49.446  -10.983 0.5000000000
13398  39.247  -49.215  -11.503 0.3000000119
13399  38.734  -49.311  -11.437 0.3000000119
13401  37.021  -49.041  -10.860 0.5000000000
13403  33.266  -50.262  -11.403 0.4000000060
13404  32.835  -49.971  -11.490 0.5000000000
13416  42.187  -50.538  -12.363 0.1000000015
13417  41.623  -50.472  -12.412 0.4000000060
13419  39.781  -49.632  -11.519 0.3000000119
13433  41.165  -50.613  -12.504 0.3000000119
13434  40.944  -50.559  -12.394 0.3000000119
13435  33.181  -49.453  -13.884 0.5000000000
13436  32.692  -49.261  -13.149 0.5000000000
13482  35.953  -49.877  -16.138 0.3000000119
13513  35.300  -49.105  -19.119 0.2000000030
13529  36.499  -49.030  -20.337 0.2000000030
13541  39.941  -48.837  -20.243 0.1000000015
13554  38.970  -48.660  -21.266 0.2000000030
13555  38.390  -49.094  -21.549 0.3000000119
14051  42.453  -48.340  1.028 0.1000000015
14110  46.121  -48.176  -5.513 0.1000000015
14137  45.184  -48.430  -8.712 0.1000000015
14169  44.459  -49.051  -9.899 0.1000000015
14179  32.169  -48.369  -10.792 0.5000000000
14189  38.903  -48.808  -11.433 0.3000000119
14204  39.846  -49.366  -11.475 0.4000000060
14206  31.863  -47.954  -11.841 0.5000000000
14233  33.783  -48.379  -14.263 0.5000000000
14254  34.900  -48.522  -15.099 0.5000000000
14294  33.918  -48.383  -17.643 0.1000000015
14306  34.746  -48.459  -18.224 0.2000000030
14307  34.023  -49.035  -18.290 0.1000000015
14313  36.127  -48.554  -19.312 0.2000000030
14320  37.570  -47.994  -20.923 0.2000000030
14321  37.155  -48.305  -20.650 0.2000000030
14922  46.466  -47.304  -5.228 0.1000000015
14925  46.334  -47.544  -5.751 0.1000000015
14928  45.098  -47.411  -6.812 0.1000000015
14949  44.843  -47.738  -7.648 0.2000000030
14955  38.005  -47.351  -7.872 0.4000000060
14976  33.707  -46.851  -8.679 0.5000000000
14992  33.530  -47.415  -9.102 0.5000000000
15006  39.126  -48.442  -11.046 0.4000000060
15009  36.614  -47.206  -10.556 0.4000000060
15011  35.202  -47.583  -9.979 0.5000000000
15012  32.296  -48.081  -10.399 0.4000000060
15027  39.054  -48.598  -11.337 0.4000000060
15031  36.484  -47.689  -10.734 0.5000000000
15032  31.763  -47.478  -11.502 0.4000000060
15054  32.781  -47.449  -13.209 0.5000000000
15069  34.818  -47.312  -14.579 0.4000000060
15122  40.657  -47.530  -18.302 0.2000000030
15123  39.995  -47.431  -17.721 0.2000000030
15138  41.025  -46.733  -19.085 0.2000000030
15140  36.272  -47.090  -18.659 0.2000000030
15147  40.672  -47.153  -19.519 0.2000000030
15148  37.404  -47.017  -19.828 0.3000000119
15155  40.245  -47.310  -20.247 0.2000000030
15167  38.125  -47.506  -20.962 0.2000000030
15718  39.708  -47.401  0.299 0.1000000015
15722  36.271  -46.222  0.809 0.1000000015
15735  37.038  -46.007  -0.108 0.1000000015
15743  42.518  -46.529  -2.156 0.1000000015
15777  36.604  -46.363  -4.913 0.5000000000
15780  46.488  -47.007  -5.354 0.1000000015
15832  34.389  -46.263  -8.531 0.6000000238
15834  32.874  -46.232  -8.406 0.5000000000
15854  33.296  -46.755  -8.661 0.5000000000
15866  31.530  -46.655  -10.283 0.4000000060
15896  32.345  -46.798  -12.538 0.5000000000
15917  32.750  -46.808  -13.102 0.5000000000
15961  37.102  -46.728  -16.157 0.4000000060
15977  41.115  -46.589  -18.882 0.2000000030
15982  34.689  -46.495  -17.549 0.2000000030
15983  33.599  -46.454  -16.965 0.1000000015
15999  41.265  -46.350  -18.938 0.2000000030
16002  35.528  -46.460  -17.963 0.2000000030
16003  35.051  -47.224  -17.839 0.2000000030
16016  41.234  -46.123  -19.411 0.2000000030
16017  40.980  -46.401  -19.637 0.2000000030
16025  40.981  -45.862  -19.840 0.2000000030
16034  40.379  -46.010  -20.796 0.2000000030
16035  39.861  -46.353  -20.950 0.2000000030
16036  39.284  -46.376  -20.889 0.2000000030
16626  34.775  -45.036  0.937 0.1000000015
16634  36.909  -45.475  -0.602 0.1000000015
16645  42.349  -46.028  -2.472 0.1000000015
16689  34.715  -45.469  -4.433 0.5000000000
16697  40.009  -45.970  -5.085 0.3000000119
16699  35.626  -46.081  -5.670 0.5000000000
16701  34.282  -45.298  -5.196 0.5000000000
16714  35.471  -45.353  -7.344 0.5000000000
16717  32.228  -44.953  -7.691 0.5000000000
16729  35.398  -45.357  -8.185 0.5000000000
16730  34.404  -45.619  -8.188 0.5000000000
16747  36.073  -45.974  -9.142 0.5000000000
16799  33.864  -45.248  -13.567 0.5000000000
16812  34.934  -45.247  -14.572 0.4000000060
16828  35.429  -45.438  -14.947 0.4000000060
16858  39.406  -45.254  -17.772 0.4000000060
16859  34.974  -45.898  -17.576 0.2000000030
16871  41.268  -45.318  -18.986 0.2000000030
16872  40.838  -45.172  -18.760 0.3000000119
16875  34.779  -45.228  -17.562 0.2000000030
16888  41.014  -45.225  -19.799 0.2000000030
16891  36.824  -45.311  -18.771 0.3000000119
16904  38.165  -45.613  -19.787 0.3000000119
17559  34.423  -44.701  1.154 0.1000000015
17587  35.554  -44.225  -0.358 0.1000000015
17627  37.092  -43.883  -3.595 0.4000000060
17628  36.719  -44.167  -3.521 0.4000000060
17648  33.792  -44.776  -4.816 0.5000000000
17654  33.707  -44.993  -6.071 0.5000000000
17683  35.173  -45.053  -7.696 0.5000000000
17737  31.716  -45.029  -11.521 0.4000000060
17746  33.096  -44.553  -12.705 0.4000000060
17748  32.092  -45.348  -12.006 0.4000000060
17818  38.378  -44.222  -17.329 0.4000000060
17820  33.273  -44.689  -16.314 0.1000000015
17821  32.841  -45.046  -15.972 0.1000000015
17847  36.327  -44.566  -18.505 0.3000000119
17859  41.324  -44.494  -19.904 0.3000000119
17860  41.317  -44.199  -19.664 0.3000000119
17862  37.801  -44.455  -19.384 0.3000000119
17876  41.008  -44.914  -20.790 0.2000000030
17877  39.688  -44.145  -21.255 0.2000000030
17878  39.094  -44.458  -20.701 0.2000000030
17887  40.924  -44.532  -21.243 0.2000000030
17888  40.178  -44.567  -21.535 0.2000000030
18635  41.547  -43.840  -3.116 0.1000000015
18637  40.384  -43.194  -2.533 0.1000000015
18649  36.861  -43.690  -3.597 0.4000000060
18663  41.902  -44.290  -4.076 0.1000000015
18664  41.418  -44.087  -3.993 0.1000000015
18669  36.211  -42.751  -3.746 0.4000000060
18673  32.187  -42.661  -4.284 0.5000000000
18684  32.131  -42.965  -5.053 0.5000000000
18692  31.347  -42.739  -6.887 0.5000000000
18699  31.793  -43.651  -6.906 0.5000000000
18774  43.045  -44.041  -11.750 0.1000000015
18804  34.073  -44.129  -13.261 0.3000000119
18812  35.953  -43.397  -14.888 0.4000000060
18814  34.944  -44.003  -14.193 0.4000000060
18827  37.203  -43.189  -16.225 0.4000000060
18828  36.557  -43.401  -15.500 0.4000000060
18848  37.781  -43.130  -16.900 0.4000000060
18866  34.659  -43.815  -17.407 0.1000000015
18867  34.073  -44.103  -16.998 0.1000000015
18876  39.219  -43.282  -18.544 0.4000000060
18879  35.216  -44.021  -17.881 0.1000000015
18887  41.614  -43.528  -19.922 0.3000000119
18904  41.626  -43.766  -20.382 0.3000000119
18905  40.772  -42.891  -21.223 0.3000000119
19644  34.453  -42.578  -3.602 0.4000000060
19662  34.327  -41.932  -3.790 0.4000000060
19663  33.369  -42.106  -3.527 0.4000000060
19676  36.225  -41.584  -4.534 0.3000000119
19689  31.284  -42.238  -6.520 0.5000000000
19744  41.770  -42.905  -11.119 0.1000000015
19746  31.924  -42.395  -11.233 0.5000000000
19768  41.100  -42.502  -11.351 0.1000000015
19770  32.505  -42.762  -11.850 0.4000000060
19790  34.259  -42.679  -13.122 0.3000000119
19792  33.144  -43.025  -12.383 0.4000000060
19807  34.786  -42.473  -13.485 0.3000000119
19827  32.970  -42.115  -15.676 0.1000000015
19851  37.965  -42.376  -17.259 0.4000000060
19861  40.309  -43.040  -19.058 0.3000000119
19865  36.171  -43.017  -18.450 0.3000000119
19875  40.335  -42.603  -19.165 0.3000000119
19892  40.939  -42.357  -21.216 0.3000000119
19894  39.931  -42.745  -20.691 0.3000000119
19903  41.312  -42.655  -20.981 0.2000000030
19904  41.121  -42.563  -21.193 0.3000000119
20527  31.798  -41.719  2.584 0.1000000015
20575  35.016  -41.566  -0.421 0.1000000015
20587  37.837  -41.131  -1.745 0.1000000015
20646  36.890  -40.600  -4.858 0.2000000030
20649  34.533  -40.834  -4.371 0.3000000119
20650  31.594  -41.323  -4.805 0.5000000000
20724  32.921  -41.260  -10.833 0.4000000060
20742  39.824  -41.237  -11.477 0.1000000015
20772  40.683  -41.370  -13.383 0.1000000015
20799  32.465  -41.463  -14.963 0.1000000015
20824  38.230  -41.783  -17.554 0.4000000060
20827  34.799  -41.520  -16.988 0.1000000015
20852  39.311  -41.497  -19.966 0.2000000030
20854  37.541  -42.256  -19.142 0.3000000119
20869  40.641  -41.703  -20.785 0.3000000119
20870  39.930  -41.793  -20.474 0.2000000030
20880  41.128  -42.037  -20.991 0.3000000119
21587  36.605  -40.897  -1.226 0.2000000030
21617  38.194  -40.641  -2.844 0.2000000030
21619  37.141  -40.173  -2.155 0.2000000030
21654  33.346  -40.192  -4.132 0.2000000030
21677  33.891  -40.078  -4.485 0.3000000119
21678  31.569  -40.602  -5.125 0.5000000000
21679  31.488  -40.279  -5.642 0.5000000000
21701  31.313  -41.040  -5.663 0.5000000000
21757  37.363  -40.020  -9.821 0.1000000015
21816  36.506  -40.137  -11.437 0.2000000030
21872  37.062  -40.454  -15.235 0.4000000060
21873  36.443  -40.710  -14.658 0.4000000060
21889  36.761  -40.998  -15.352 0.4000000060
21890  34.035  -40.228  -16.010 0.1000000015
21891  33.376  -40.501  -15.566 0.1000000015
21906  37.719  -41.008  -16.622 0.4000000060
21907  35.415  -40.183  -16.749 0.2000000030
21935  40.365  -40.298  -18.608 0.2000000030
21938  36.980  -40.243  -18.494 0.1000000015
21951  41.432  -40.597  -19.859 0.3000000119
21952  41.284  -40.921  -19.694 0.2000000030
21955  38.183  -40.423  -19.280 0.2000000030
21973  41.164  -41.525  -20.706 0.3000000119
21974  40.911  -41.615  -21.019 0.3000000119
22727  32.849  -39.698  -4.303 0.2000000030
22794  31.480  -39.843  -6.673 0.5000000000
22854  36.318  -39.998  -9.905 0.1000000015
22881  38.436  -39.770  -12.888 0.2000000030
22882  38.010  -39.618  -12.935 0.2000000030
22900  36.830  -39.774  -13.752 0.3000000119
22929  40.655  -39.885  -15.420 0.1000000015
22933  35.486  -39.354  -16.053 0.2000000030
22934  34.562  -39.702  -15.705 0.1000000015
22947  38.755  -40.046  -16.992 0.4000000060
22959  42.354  -39.210  -16.752 0.1000000015
22976  41.275  -39.747  -19.441 0.2000000030
22981  37.150  -39.752  -18.338 0.1000000015
22997  39.696  -39.902  -20.073 0.2000000030
22998  38.834  -39.915  -19.533 0.1000000015
22999  38.287  -39.871  -19.193 0.2000000030
23008  41.152  -40.537  -20.386 0.3000000119
23009  40.775  -40.267  -20.412 0.3000000119
23745  35.314  -38.827  -3.286 0.2000000030
23747  34.164  -38.391  -2.503 0.1000000015
23810  36.182  -38.810  -4.727 0.2000000030
23846  32.049  -38.279  -6.874 0.2000000030
23861  33.532  -38.542  -8.511 0.3000000119
23871  34.307  -38.531  -8.963 0.3000000119
23953  33.845  -38.604  -14.339 0.1000000015
23972  35.991  -38.588  -15.791 0.1000000015
23983  41.649  -38.611  -16.683 0.1000000015
23986  36.095  -39.024  -16.501 0.1000000015
23995  42.540  -39.165  -16.620 0.1000000015
24000  37.992  -38.483  -17.627 0.1000000015
24001  37.076  -39.026  -17.468 0.1000000015
24032  41.271  -39.402  -19.432 0.2000000030
24769  35.319  -38.140  -4.055 0.2000000030
24831  32.811  -37.081  -5.866 0.1000000015
24832  32.475  -37.404  -6.436 0.1000000015
24855  32.966  -37.188  -7.606 0.1000000015
24876  32.845  -37.718  -7.684 0.2000000030
25004  36.206  -37.958  -15.313 0.1000000015
25021  39.809  -37.743  -16.631 0.1000000015
25023  37.829  -37.924  -16.740 0.1000000015
25034  38.169  -38.189  -17.195 0.1000000015
25905  33.168  -36.822  -5.789 0.1000000015
25964  34.829  -36.340  -9.157 0.2000000030
25974  37.052  -36.783  -9.398 0.2000000030
25976  35.153  -36.718  -9.300 0.2000000030
26066  37.625  -36.596  -14.745 0.1000000015
26067  36.693  -36.718  -14.692 0.1000000015
26082  38.398  -37.048  -15.598 0.1000000015
26987  33.504  -35.983  -7.722 0.1000000015
27023  35.253  -36.226  -9.240 0.2000000030
27100  39.137  -35.872  -13.302 0.1000000015
27102  37.709  -35.652  -13.465 0.1000000015
27103  36.822  -35.709  -13.349 0.1000000015
27977  40.378  -34.811  -4.847 0.1000000015
28003  39.793  -34.432  -5.497 0.1000000015
28044  34.324  -34.934  -7.747 0.1000000015
28063  36.644  -34.777  -8.462 0.1000000015
28066  34.339  -35.167  -8.118 0.1000000015
29029  36.441  -33.298  -5.869 0.1000000015
29052  35.547  -33.874  -6.829 0.1000000015
29063  35.545  -34.040  -7.153 0.1000000015
