#!ascii label  , from subject sub.01.base.03 vox2ras=TkReg
1676
56870  -28.629  -6.822  49.770 0.0000000000
79470  -39.335  12.401  33.153 0.0000000000
72872  -28.724  6.660  42.337 0.0000000000
53431  -0.388  -10.580  40.539 0.0000000000
61301  -15.479  -3.180  47.634 0.0000000000
62513  -0.667  -2.318  41.842 0.0000000000
64760  1.826  -0.587  49.157 0.0000000000
73972  -35.018  8.030  37.514 0.0000000000
63733  0.738  -1.385  35.141 0.0000000000
49870  1.965  -13.030  48.112 0.0000000000
61377  -30.300  -3.859  43.343 0.0000000000
54521  -24.893  -8.034  45.919 0.0000000000
56882  -21.845  -6.742  48.976 0.0000000000
80553  -43.649  13.889  31.924 0.0000000000
72907  -32.035  7.394  40.250 0.0000000000
55813  -13.015  -7.374  42.790 0.0000000000
69607  0.942  3.968  38.831 0.0000000000
59141  -3.808  -5.452  42.101 0.0000000000
58109  -1.922  -5.902  37.432 0.0000000000
54675  -2.144  -10.354  37.844 0.0000000000
54406  -3.621  -8.513  52.702 0.0000000000
56817  -0.431  -7.508  53.228 0.0000000000
70657  -27.137  4.715  45.651 0.0000000000
58999  -18.897  -5.130  52.568 0.0000000000
59117  -18.480  -4.592  44.845 0.0000000000
63621  0.697  -1.614  45.347 0.0000000000
57992  -0.884  -6.736  46.204 0.0000000000
76036  -37.568  9.611  35.472 0.0000000000
54432  -6.477  -8.240  50.125 0.0000000000
54488  -9.051  -7.701  46.050 0.0000000000
62538  0.206  -2.670  38.485 0.0000000000
58160  -0.091  -6.701  34.502 0.0000000000
64714  0.353  -1.102  52.080 0.0000000000
57935  0.427  -6.362  50.047 0.0000000000
52253  2.196  -11.498  44.722 0.0000000000
60139  -30.285  -4.716  48.887 0.0000000000
56909  -28.925  -7.076  46.244 0.0000000000
57985  -30.409  -5.451  46.036 0.0000000000
53291  -26.899  -8.245  47.609 0.0000000000
53358  -26.840  -8.342  44.377 0.0000000000
54463  -24.976  -7.823  49.733 0.0000000000
80550  -41.245  13.563  33.025 0.0000000000
77271  -37.170  10.552  31.392 0.0000000000
78439  -39.307  11.282  29.479 0.0000000000
78440  -40.587  11.656  29.261 0.0000000000
72888  -30.681  7.176  41.828 0.0000000000
71788  -26.484  5.712  42.288 0.0000000000
71816  -28.082  6.333  39.779 0.0000000000
71837  -29.799  6.342  39.149 0.0000000000
56991  -1.778  -8.242  40.966 0.0000000000
55869  -2.951  -8.472  39.154 0.0000000000
53474  -0.747  -10.870  39.085 0.0000000000
50057  -0.946  -13.539  38.121 0.0000000000
50040  -0.104  -13.371  39.320 0.0000000000
50988  -3.256  -10.748  50.076 0.0000000000
50956  -1.347  -11.475  51.449 0.0000000000
69518  -28.357  3.032  47.051 0.0000000000
64812  -29.731  -1.057  45.323 0.0000000000
63668  -29.261  -2.025  42.842 0.0000000000
66030  -28.567  0.479  44.262 0.0000000000
68307  -27.797  1.747  43.628 0.0000000000
58986  -20.205  -5.456  53.314 0.0000000000
56924  -21.812  -5.437  45.074 0.0000000000
57982  -20.274  -5.424  46.599 0.0000000000
80616  -44.215  14.311  28.499 0.0000000000
82674  -43.949  15.529  27.806 0.0000000000
64774  1.514  -0.463  47.345 0.0000000000
61314  -0.678  -3.327  46.765 0.0000000000
61295  0.082  -3.024  47.955 0.0000000000
73983  -35.997  7.887  36.362 0.0000000000
70804  -32.614  6.589  35.693 0.0000000000
71933  -34.443  6.345  34.561 0.0000000000
74001  -35.508  7.428  33.788 0.0000000000
59012  -6.058  -6.729  50.057 0.0000000000
57937  -7.776  -6.120  49.087 0.0000000000
66068  -0.312  0.360  41.458 0.0000000000
66080  -0.250  0.419  40.233 0.0000000000
62522  -0.502  -2.373  40.631 0.0000000000
55928  -1.909  -8.877  35.115 0.0000000000
58125  -1.048  -6.201  36.099 0.0000000000
54763  -0.465  -9.583  33.841 0.0000000000
63528  -0.656  -1.937  52.255 0.0000000000
53238  0.616  -10.705  50.831 0.0000000000
56839  0.548  -7.241  51.324 0.0000000000
54458  1.020  -9.856  49.062 0.0000000000
54486  1.514  -9.855  47.109 0.0000000000
51086  2.351  -12.417  46.317 0.0000000000
62485  -30.568  -2.926  46.235 0.0000000000
56834  -22.146  -6.797  52.278 0.0000000000
54447  -23.536  -7.496  51.345 0.0000000000
55773  -23.569  -7.145  46.890 0.0000000000
80555  -45.118  14.129  31.517 0.0000000000
79560  -42.544  12.553  27.941 0.0000000000
72931  -33.070  7.407  38.535 0.0000000000
71887  -31.125  6.460  37.099 0.0000000000
61358  -14.797  -3.487  44.532 0.0000000000
59104  -13.369  -4.556  45.629 0.0000000000
67282  0.442  1.475  36.748 0.0000000000
61383  -1.855  -3.712  42.515 0.0000000000
60242  -1.214  -4.764  40.575 0.0000000000
59169  -4.078  -5.238  39.692 0.0000000000
55907  -3.459  -8.635  36.426 0.0000000000
53525  -2.431  -11.096  36.117 0.0000000000
58980  -2.090  -5.433  52.586 0.0000000000
60041  -0.707  -4.843  53.949 0.0000000000
54402  -1.291  -8.558  53.654 0.0000000000
50937  -0.105  -10.945  51.725 0.0000000000
71760  -27.331  6.108  44.514 0.0000000000
69554  -26.548  3.773  43.395 0.0000000000
61247  -17.025  -3.493  49.607 0.0000000000
57928  -20.828  -6.294  50.970 0.0000000000
60154  -18.582  -4.468  48.519 0.0000000000
61344  -17.014  -3.433  45.600 0.0000000000
66054  -0.346  0.429  42.849 0.0000000000
66023  -0.148  0.761  44.829 0.0000000000
62500  0.116  -2.092  44.009 0.0000000000
61355  -2.135  -3.670  44.330 0.0000000000
58006  -2.482  -5.991  44.400 0.0000000000
56948  -0.854  -7.862  43.693 0.0000000000
77235  -38.334  11.094  34.029 0.0000000000
75031  -35.979  8.917  32.664 0.0000000000
58995  -3.821  -6.650  51.500 0.0000000000
54425  -4.995  -8.783  51.580 0.0000000000
51027  -4.991  -10.079  48.495 0.0000000000
56889  -12.692  -6.013  46.548 0.0000000000
55728  -11.149  -5.855  47.472 0.0000000000
56861  -8.669  -6.177  48.445 0.0000000000
54473  -7.728  -8.234  47.949 0.0000000000
51072  -5.767  -10.043  46.540 0.0000000000
69590  0.014  3.604  39.910 0.0000000000
66106  0.068  0.500  38.251 0.0000000000
63714  0.611  -1.916  36.617 0.0000000000
59164  -0.170  -4.704  38.784 0.0000000000
60278  0.230  -4.321  37.171 0.0000000000
60315  0.499  -4.257  35.250 0.0000000000
64737  1.423  -0.726  50.701 0.0000000000
60042  0.457  -4.341  53.436 0.0000000000
61222  1.195  -3.519  51.692 0.0000000000
60121  0.670  -3.853  49.736 0.0000000000
57963  -0.137  -7.027  48.247 0.0000000000
56916  0.634  -9.179  45.724 0.0000000000
53386  0.818  -10.808  42.875 0.0000000000
46427  2.029  -16.321  45.963 0.0000000000
48809  2.034  -14.647  44.294 0.0000000000
49998  0.624  -13.329  40.975 0.0000000000
57960  -29.617  -5.611  48.980 0.0000000000
57946  -29.089  -6.233  50.146 0.0000000000
55763  -28.435  -7.274  48.184 0.0000000000
57971  -29.732  -5.784  47.931 0.0000000000
54480  -27.674  -7.837  48.485 0.0000000000
55761  -27.658  -7.842  47.352 0.0000000000
55718  -27.768  -7.490  50.136 0.0000000000
54452  -27.074  -7.777  49.814 0.0000000000
79480  -40.493  13.147  33.261 0.0000000000
78379  -38.444  11.906  32.428 0.0000000000
78417  -37.799  11.073  30.314 0.0000000000
79491  -38.840  12.290  31.984 0.0000000000
79509  -40.252  12.648  30.851 0.0000000000
72873  -29.701  7.000  42.582 0.0000000000
73913  -30.995  7.692  43.244 0.0000000000
72856  -29.898  7.390  43.685 0.0000000000
72884  -27.032  6.348  41.014 0.0000000000
72886  -28.589  6.480  41.397 0.0000000000
71802  -29.225  6.404  40.723 0.0000000000
55853  -0.805  -9.404  41.065 0.0000000000
55867  -1.321  -9.160  40.125 0.0000000000
54632  -0.887  -10.026  40.047 0.0000000000
52346  -0.309  -11.745  39.428 0.0000000000
52331  -0.086  -11.658  40.035 0.0000000000
51025  -3.114  -10.959  48.197 0.0000000000
51006  -2.494  -11.795  48.831 0.0000000000
66016  -29.475  -0.028  45.926 0.0000000000
66032  -29.259  -0.452  44.875 0.0000000000
67156  -29.037  0.678  45.843 0.0000000000
68284  -28.207  1.924  45.632 0.0000000000
81613  -44.845  14.709  29.182 0.0000000000
81630  -44.407  15.034  28.464 0.0000000000
83698  -45.467  16.239  28.677 0.0000000000
63573  1.407  -1.222  48.033 0.0000000000
62441  0.967  -1.769  47.887 0.0000000000
62423  1.058  -2.064  48.810 0.0000000000
73973  -35.688  8.106  37.037 0.0000000000
74978  -36.056  8.976  37.962 0.0000000000
72957  -33.944  6.976  36.599 0.0000000000
71924  -33.550  6.637  35.584 0.0000000000
72958  -34.506  7.088  36.378 0.0000000000
73991  -35.510  7.236  35.674 0.0000000000
60126  -7.195  -5.023  47.975 0.0000000000
60127  -8.045  -5.055  48.123 0.0000000000
61263  -15.411  -2.903  49.430 0.0000000000
61281  -14.544  -3.257  48.613 0.0000000000
66149  0.468  0.320  35.548 0.0000000000
64846  0.082  -0.688  42.279 0.0000000000
64864  -0.280  -0.549  40.898 0.0000000000
63673  -0.390  -1.459  41.401 0.0000000000
53543  -1.646  -10.515  34.727 0.0000000000
55953  -1.155  -8.946  34.600 0.0000000000
53542  -1.046  -10.173  34.203 0.0000000000
64726  -1.821  -0.790  51.130 0.0000000000
62385  -1.298  -2.376  51.762 0.0000000000
50986  1.205  -11.794  49.731 0.0000000000
53253  0.918  -10.762  50.224 0.0000000000
52185  1.837  -11.436  48.969 0.0000000000
52203  2.278  -11.604  48.013 0.0000000000
49890  2.198  -13.045  47.537 0.0000000000
60173  -30.577  -4.255  47.236 0.0000000000
60187  -30.655  -4.341  46.194 0.0000000000
62469  -30.621  -2.851  47.213 0.0000000000
63599  -30.428  -1.555  47.131 0.0000000000
54492  -24.920  -7.964  47.599 0.0000000000
54491  -24.326  -7.650  48.060 0.0000000000
55790  -23.876  -7.398  46.190 0.0000000000
55789  -23.391  -6.795  45.845 0.0000000000
80554  -44.403  13.933  31.673 0.0000000000
79511  -42.488  13.146  30.317 0.0000000000
78442  -42.260  12.408  28.737 0.0000000000
79512  -43.109  13.143  29.882 0.0000000000
80584  -43.791  13.421  29.896 0.0000000000
72920  -32.360  7.343  39.554 0.0000000000
73949  -33.216  7.961  39.850 0.0000000000
73942  -33.065  8.104  40.819 0.0000000000
71838  -30.818  6.626  39.353 0.0000000000
71859  -30.462  6.440  38.251 0.0000000000
71839  -31.832  6.923  38.989 0.0000000000
71861  -32.254  6.934  38.191 0.0000000000
69619  1.034  3.666  38.097 0.0000000000
68398  0.700  2.858  36.972 0.0000000000
68380  0.580  2.548  38.208 0.0000000000
61400  -3.327  -4.112  42.161 0.0000000000
61415  -3.309  -4.156  41.431 0.0000000000
60231  -4.197  -5.068  41.038 0.0000000000
54676  -2.553  -9.818  37.960 0.0000000000
55880  -3.372  -8.456  38.455 0.0000000000
54696  -2.413  -10.337  37.220 0.0000000000
54717  -2.709  -10.130  35.886 0.0000000000
53511  -2.249  -11.048  36.908 0.0000000000
51253  -1.811  -12.679  37.036 0.0000000000
57872  -3.004  -7.103  53.113 0.0000000000
57867  -2.153  -6.939  54.102 0.0000000000
54404  -2.348  -8.566  53.607 0.0000000000
49786  -1.133  -11.980  50.790 0.0000000000
50939  -0.943  -11.161  52.293 0.0000000000
49808  -0.255  -12.376  50.439 0.0000000000
48663  0.386  -12.542  50.076 0.0000000000
71747  -27.307  5.605  45.631 0.0000000000
69544  -27.257  3.275  44.622 0.0000000000
69555  -27.093  3.076  43.760 0.0000000000
70669  -26.852  4.421  44.561 0.0000000000
70683  -26.628  4.642  43.910 0.0000000000
58983  -18.090  -4.614  52.947 0.0000000000
60088  -16.856  -3.655  51.906 0.0000000000
59015  -18.211  -4.605  51.149 0.0000000000
55700  -22.027  -6.742  51.157 0.0000000000
56843  -21.391  -6.571  51.480 0.0000000000
56868  -21.313  -6.472  49.505 0.0000000000
59106  -19.125  -4.729  45.332 0.0000000000
57967  -19.710  -5.228  47.943 0.0000000000
59092  -18.620  -4.368  46.595 0.0000000000
60171  -18.171  -4.148  47.068 0.0000000000
61345  -17.563  -3.921  45.667 0.0000000000
61374  -16.580  -3.367  43.738 0.0000000000
66002  1.127  0.077  46.009 0.0000000000
66021  0.815  -0.015  45.341 0.0000000000
64816  0.698  -0.415  44.619 0.0000000000
63638  0.546  -1.493  44.513 0.0000000000
62489  -0.142  -2.719  44.538 0.0000000000
62474  0.098  -2.605  45.129 0.0000000000
60178  -1.248  -4.348  46.774 0.0000000000
60179  -1.796  -4.390  46.029 0.0000000000
57993  -1.444  -6.120  45.921 0.0000000000
56949  -1.594  -7.234  43.822 0.0000000000
56935  -1.091  -7.262  44.875 0.0000000000
76045  -37.823  10.051  35.232 0.0000000000
77201  -38.691  10.752  36.170 0.0000000000
76028  -38.184  10.182  36.712 0.0000000000
75014  -36.527  8.639  34.469 0.0000000000
75017  -35.682  8.216  33.181 0.0000000000
75019  -36.865  9.278  34.290 0.0000000000
76048  -36.926  9.773  33.614 0.0000000000
59026  -4.104  -5.738  49.565 0.0000000000
56841  -6.148  -7.509  50.588 0.0000000000
56832  -5.738  -7.686  51.106 0.0000000000
53240  -5.786  -8.659  50.528 0.0000000000
52149  -4.893  -9.490  50.037 0.0000000000
52150  -5.501  -9.326  49.582 0.0000000000
56937  -13.236  -6.122  44.158 0.0000000000
57980  -13.212  -5.197  46.186 0.0000000000
55786  -12.430  -6.792  44.694 0.0000000000
54489  -9.750  -7.581  45.526 0.0000000000
55757  -11.344  -6.547  46.421 0.0000000000
55740  -9.441  -6.909  47.223 0.0000000000
56862  -9.714  -5.688  48.062 0.0000000000
55739  -8.553  -7.503  47.445 0.0000000000
55726  -8.580  -6.967  48.196 0.0000000000
54474  -8.109  -8.156  47.409 0.0000000000
51073  -6.616  -9.773  45.797 0.0000000000
69591  -0.559  3.443  40.423 0.0000000000
63689  -0.242  -1.559  39.120 0.0000000000
66093  -0.049  0.490  39.202 0.0000000000
64889  -0.188  -0.515  38.691 0.0000000000
64898  -0.042  -0.541  37.767 0.0000000000
62546  0.229  -2.164  37.916 0.0000000000
59167  -2.231  -5.061  39.519 0.0000000000
59153  -0.831  -5.120  39.898 0.0000000000
58092  -1.146  -5.564  38.199 0.0000000000
58143  -0.400  -6.531  35.230 0.0000000000
58106  -0.502  -5.003  36.906 0.0000000000
59225  -0.268  -5.573  35.631 0.0000000000
60302  0.515  -4.047  35.937 0.0000000000
59240  0.284  -5.166  34.851 0.0000000000
60334  0.318  -4.532  34.505 0.0000000000
64724  0.819  -0.818  51.515 0.0000000000
57863  -0.645  -6.442  53.871 0.0000000000
60039  0.040  -4.556  54.130 0.0000000000
58966  0.084  -5.528  53.508 0.0000000000
56847  0.545  -7.512  50.438 0.0000000000
59007  0.684  -5.203  51.520 0.0000000000
59024  0.644  -5.178  50.703 0.0000000000
60120  0.856  -4.083  50.422 0.0000000000
59046  0.478  -5.060  49.988 0.0000000000
59047  0.221  -5.105  49.408 0.0000000000
57952  -0.001  -6.493  48.859 0.0000000000
53331  2.056  -10.568  45.372 0.0000000000
55768  0.937  -9.402  46.177 0.0000000000
54516  1.482  -10.017  45.003 0.0000000000
55810  0.880  -10.024  43.910 0.0000000000
53365  1.294  -10.856  43.538 0.0000000000
45366  2.125  -17.550  44.855 0.0000000000
47582  1.963  -15.565  44.876 0.0000000000
61290  -30.577  -3.607  49.032 0.0000000000
55793  -29.157  -7.332  44.652 0.0000000000
58013  -30.229  -6.245  44.804 0.0000000000
56910  -29.601  -6.384  46.480 0.0000000000
59084  -30.446  -4.803  47.541 0.0000000000
53323  -25.801  -8.362  46.678 0.0000000000
53325  -26.953  -8.349  45.825 0.0000000000
54523  -27.679  -8.039  45.412 0.0000000000
53289  -26.176  -8.138  48.527 0.0000000000
80566  -42.102  13.681  31.746 0.0000000000
76103  -38.106  9.995  28.996 0.0000000000
77309  -39.234  10.343  28.497 0.0000000000
77310  -40.203  10.865  28.312 0.0000000000
78420  -40.293  12.211  30.111 0.0000000000
79510  -41.504  13.199  30.955 0.0000000000
72906  -31.364  7.252  40.815 0.0000000000
73928  -32.329  7.976  41.952 0.0000000000
73927  -31.538  7.638  42.126 0.0000000000
73900  -31.661  7.963  43.738 0.0000000000
69579  -26.054  3.534  41.311 0.0000000000
70726  -25.726  4.707  40.350 0.0000000000
71815  -26.813  6.005  39.896 0.0000000000
71835  -27.837  6.204  38.880 0.0000000000
71857  -28.703  6.211  38.137 0.0000000000
71836  -28.863  6.336  38.992 0.0000000000
71818  -29.943  6.415  40.199 0.0000000000
58045  -2.787  -7.056  41.997 0.0000000000
58046  -3.547  -6.599  41.390 0.0000000000
56992  -2.419  -8.017  40.480 0.0000000000
54634  -1.775  -9.354  39.350 0.0000000000
53475  -1.464  -10.252  38.599 0.0000000000
51252  -1.263  -12.709  37.744 0.0000000000
52347  -0.646  -11.849  38.741 0.0000000000
50041  -0.470  -13.476  38.699 0.0000000000
52123  -3.298  -9.787  51.581 0.0000000000
52112  -2.374  -9.862  52.338 0.0000000000
50973  -2.833  -10.533  51.067 0.0000000000
69517  -27.870  3.819  46.895 0.0000000000
62502  -30.067  -2.570  43.810 0.0000000000
62508  -29.647  -2.621  42.975 0.0000000000
64827  -29.458  -1.235  44.349 0.0000000000
66061  -28.693  -0.898  43.404 0.0000000000
66044  -28.311  0.410  43.406 0.0000000000
67183  -28.213  1.120  43.932 0.0000000000
68283  -27.658  2.618  45.152 0.0000000000
57901  -18.937  -5.078  53.083 0.0000000000
56907  -22.095  -6.314  46.865 0.0000000000
56880  -20.638  -6.022  47.991 0.0000000000
57983  -20.775  -5.627  46.392 0.0000000000
58010  -19.807  -4.779  44.924 0.0000000000
81638  -42.304  14.244  26.454 0.0000000000
82685  -42.603  15.480  26.401 0.0000000000
83725  -42.665  16.371  25.975 0.0000000000
83736  -43.061  17.043  25.872 0.0000000000
64787  1.262  -0.455  46.408 0.0000000000
62473  0.325  -2.320  45.679 0.0000000000
63590  0.676  -1.795  46.760 0.0000000000
61296  -0.363  -3.367  47.536 0.0000000000
59079  -0.699  -5.651  47.781 0.0000000000
75008  -37.177  9.015  35.809 0.0000000000
74992  -37.061  9.259  37.230 0.0000000000
69695  -33.649  6.058  34.071 0.0000000000
71937  -34.205  5.890  33.392 0.0000000000
72979  -34.804  6.543  33.098 0.0000000000
72971  -35.095  6.596  34.143 0.0000000000
73992  -36.174  7.773  35.477 0.0000000000
59051  -5.581  -6.081  49.104 0.0000000000
60101  -6.447  -5.865  48.827 0.0000000000
59029  -6.422  -6.329  49.410 0.0000000000
55699  -6.819  -7.565  49.740 0.0000000000
54532  -9.908  -8.637  43.687 0.0000000000
53315  -8.372  -8.788  45.568 0.0000000000
67201  -0.522  0.878  41.189 0.0000000000
67216  -0.655  1.991  40.515 0.0000000000
67215  -0.455  1.212  40.579 0.0000000000
63681  -0.362  -1.487  40.218 0.0000000000
62530  -0.153  -2.491  39.580 0.0000000000
57048  -2.026  -7.077  35.826 0.0000000000
58126  -1.597  -6.320  36.414 0.0000000000
57065  -1.565  -7.635  35.347 0.0000000000
55926  -1.098  -7.697  35.073 0.0000000000
55951  -0.457  -8.224  33.946 0.0000000000
65915  -2.063  0.231  51.463 0.0000000000
64717  -1.094  -0.882  51.847 0.0000000000
64708  -0.068  -1.732  52.588 0.0000000000
54424  0.354  -9.378  52.291 0.0000000000
56830  0.181  -7.364  52.336 0.0000000000
55684  0.668  -9.117  51.481 0.0000000000
54444  0.809  -9.819  50.077 0.0000000000
55711  0.692  -8.764  49.788 0.0000000000
55738  0.936  -9.036  47.732 0.0000000000
54472  1.350  -9.842  48.084 0.0000000000
53313  2.077  -10.568  46.465 0.0000000000
52238  2.327  -11.466  45.826 0.0000000000
61378  -30.447  -4.453  43.518 0.0000000000
59119  -30.594  -5.132  44.796 0.0000000000
60207  -30.569  -4.711  44.364 0.0000000000
61362  -30.292  -3.196  44.050 0.0000000000
63649  -30.387  -2.190  45.348 0.0000000000
64796  -30.062  -0.962  46.427 0.0000000000
55731  -22.985  -7.308  50.101 0.0000000000
54462  -24.230  -7.606  50.176 0.0000000000
54475  -23.640  -7.426  49.639 0.0000000000
55744  -22.504  -6.968  48.494 0.0000000000
55772  -22.955  -6.522  46.510 0.0000000000
77333  -41.416  12.164  26.760 0.0000000000
79561  -42.674  12.902  27.469 0.0000000000
80585  -44.491  13.864  29.838 0.0000000000
73971  -34.080  7.764  37.833 0.0000000000
74976  -34.842  8.506  38.944 0.0000000000
73950  -33.831  8.219  39.464 0.0000000000
71885  -29.362  6.318  37.527 0.0000000000
71910  -32.052  6.615  36.401 0.0000000000
71889  -32.859  6.983  37.507 0.0000000000
61342  -14.549  -3.368  45.930 0.0000000000
60185  -14.047  -3.653  46.554 0.0000000000
60204  -13.816  -3.728  44.859 0.0000000000
58022  -13.488  -5.908  42.590 0.0000000000
67281  0.520  1.775  36.362 0.0000000000
64925  0.430  -0.076  35.996 0.0000000000
62507  -0.758  -2.838  42.605 0.0000000000
61397  -1.068  -3.741  41.476 0.0000000000
60229  -2.022  -4.262  41.344 0.0000000000
60256  -2.802  -4.735  39.839 0.0000000000
59184  -3.530  -5.578  38.500 0.0000000000
58074  -4.081  -6.925  38.924 0.0000000000
58094  -3.997  -6.552  38.047 0.0000000000
58111  -3.495  -6.656  36.978 0.0000000000
57067  -2.918  -8.173  35.708 0.0000000000
61208  -1.102  -3.719  52.729 0.0000000000
60045  -1.292  -5.150  53.577 0.0000000000
57865  -1.250  -6.431  54.140 0.0000000000
55668  -0.733  -8.135  53.476 0.0000000000
52093  -1.301  -9.913  52.967 0.0000000000
53210  -0.800  -9.923  52.980 0.0000000000
53208  0.169  -10.002  52.383 0.0000000000
52120  0.378  -10.783  51.323 0.0000000000
49805  0.772  -11.928  50.071 0.0000000000
48713  1.234  -13.169  48.825 0.0000000000
72834  -27.997  6.722  44.121 0.0000000000
72836  -29.763  7.459  44.408 0.0000000000
73885  -29.305  7.382  45.528 0.0000000000
61405  -29.383  -3.391  41.893 0.0000000000
71774  -26.815  5.825  43.530 0.0000000000
61231  -16.262  -3.233  51.243 0.0000000000
61264  -16.273  -3.075  49.176 0.0000000000
56822  -21.295  -6.346  52.870 0.0000000000
57903  -20.382  -5.999  52.434 0.0000000000
59017  -19.379  -5.418  51.820 0.0000000000
57958  -20.169  -5.711  48.463 0.0000000000
57944  -19.540  -5.332  49.924 0.0000000000
59036  -18.925  -5.001  50.470 0.0000000000
60133  -17.715  -4.039  49.156 0.0000000000
61284  -17.074  -3.600  48.174 0.0000000000
61302  -16.391  -3.314  47.425 0.0000000000
61343  -15.888  -3.189  45.463 0.0000000000
84754  -43.372  17.828  25.241 0.0000000000
85709  -43.898  18.557  24.543 0.0000000000
85715  -44.792  19.100  24.258 0.0000000000
66069  -0.314  0.482  42.153 0.0000000000
66039  -0.249  0.499  43.913 0.0000000000
64833  0.435  -0.460  43.630 0.0000000000
62506  -0.232  -2.131  43.014 0.0000000000
62501  -0.441  -2.783  43.580 0.0000000000
61369  -1.973  -3.574  43.451 0.0000000000
60211  -3.227  -4.253  43.685 0.0000000000
61335  -0.535  -2.988  45.500 0.0000000000
60193  -2.664  -4.534  44.706 0.0000000000
58020  -3.061  -5.946  43.685 0.0000000000
58032  -2.044  -7.050  43.299 0.0000000000
56975  -0.886  -8.657  41.816 0.0000000000
55840  -0.675  -9.143  41.797 0.0000000000
78366  -38.851  11.904  33.513 0.0000000000
72991  -34.756  6.683  31.897 0.0000000000
74028  -35.271  7.555  31.592 0.0000000000
75051  -35.851  8.718  31.531 0.0000000000
76058  -36.468  9.710  32.270 0.0000000000
78365  -37.947  11.233  33.131 0.0000000000
58982  -3.487  -6.744  52.219 0.0000000000
57883  -4.042  -7.310  52.204 0.0000000000
59010  -4.799  -6.604  50.378 0.0000000000
57884  -4.590  -7.437  51.848 0.0000000000
54415  -4.229  -8.531  52.259 0.0000000000
51008  -4.114  -10.359  49.309 0.0000000000
59080  -13.633  -4.339  47.092 0.0000000000
57956  -13.157  -4.687  47.843 0.0000000000
56865  -12.677  -5.186  47.935 0.0000000000
55771  -12.205  -6.512  45.968 0.0000000000
55743  -12.050  -6.037  47.144 0.0000000000
57941  -11.755  -4.889  48.499 0.0000000000
57940  -10.833  -4.637  48.520 0.0000000000
59054  -10.136  -4.562  48.372 0.0000000000
59053  -9.112  -5.125  48.338 0.0000000000
57938  -8.376  -5.872  48.637 0.0000000000
55712  -7.610  -7.286  49.081 0.0000000000
53256  -6.711  -8.514  49.068 0.0000000000
53298  -7.768  -8.938  46.872 0.0000000000
52188  -6.844  -9.286  47.589 0.0000000000
52187  -6.206  -9.547  48.179 0.0000000000
51052  -5.671  -9.957  47.710 0.0000000000
69608  0.489  3.346  39.300 0.0000000000
68340  -0.055  2.407  39.874 0.0000000000
68360  0.407  2.413  39.088 0.0000000000
69620  0.693  3.214  38.701 0.0000000000
67267  0.326  1.489  37.785 0.0000000000
64907  0.214  -0.537  36.983 0.0000000000
64915  0.531  -1.227  36.222 0.0000000000
60226  -0.455  -3.892  40.267 0.0000000000
60240  -0.155  -4.199  39.477 0.0000000000
61427  0.210  -3.782  38.606 0.0000000000
58091  -0.811  -5.238  37.825 0.0000000000
59179  -0.168  -4.595  38.110 0.0000000000
61439  0.344  -3.498  38.116 0.0000000000
62554  0.643  -2.793  36.884 0.0000000000
62561  0.718  -2.621  36.100 0.0000000000
62569  0.760  -2.422  35.222 0.0000000000
61490  0.013  -3.718  34.324 0.0000000000
62351  -0.386  -3.222  53.729 0.0000000000
62350  0.005  -2.981  53.980 0.0000000000
62363  0.642  -2.803  52.906 0.0000000000
58992  0.456  -5.315  52.663 0.0000000000
61206  0.883  -3.922  52.489 0.0000000000
62372  1.177  -2.371  52.041 0.0000000000
62383  1.426  -2.675  51.104 0.0000000000
62395  1.427  -2.247  50.314 0.0000000000
62408  1.291  -2.108  49.481 0.0000000000
61275  0.712  -2.998  49.285 0.0000000000
59065  -0.353  -5.639  48.426 0.0000000000
57976  -0.405  -7.124  47.292 0.0000000000
56887  0.448  -8.502  47.383 0.0000000000
56900  -0.046  -7.954  46.932 0.0000000000
56918  -0.476  -7.554  45.971 0.0000000000
56946  0.345  -9.254  44.019 0.0000000000
55825  0.366  -9.807  43.008 0.0000000000
53408  0.317  -10.964  41.528 0.0000000000
47510  1.536  -14.683  47.530 0.0000000000
46409  1.609  -15.963  46.805 0.0000000000
48763  1.982  -13.908  47.382 0.0000000000
48784  2.122  -14.308  46.354 0.0000000000
49917  2.291  -13.431  45.801 0.0000000000
49931  2.208  -13.552  44.696 0.0000000000
48822  1.922  -14.855  43.422 0.0000000000
51148  1.762  -12.520  42.999 0.0000000000
51168  1.265  -12.358  42.217 0.0000000000
51169  0.752  -12.410  41.465 0.0000000000
51187  0.300  -12.277  40.602 0.0000000000
50019  0.168  -13.514  39.717 0.0000000000
47715  -0.175  -15.297  39.285 0.0000000000
57959  -29.126  -6.219  49.406 0.0000000000
57947  -29.619  -5.586  49.821 0.0000000000
56883  -28.701  -6.871  48.896 0.0000000000
57970  -29.222  -6.202  48.587 0.0000000000
55748  -28.281  -7.435  48.937 0.0000000000
55719  -28.288  -7.202  49.997 0.0000000000
55732  -27.906  -7.629  49.285 0.0000000000
56854  -28.445  -6.884  50.468 0.0000000000
79479  -39.780  12.736  32.746 0.0000000000
79472  -40.534  12.955  34.157 0.0000000000
79471  -39.739  12.522  33.689 0.0000000000
79478  -39.067  12.374  32.598 0.0000000000
72871  -27.780  6.585  42.064 0.0000000000
54611  -0.819  -9.759  40.634 0.0000000000
54631  -0.535  -10.399  40.384 0.0000000000
53454  -0.369  -10.837  39.997 0.0000000000
53453  -0.161  -11.215  40.346 0.0000000000
51024  -2.449  -11.589  47.899 0.0000000000
67157  -29.305  0.473  46.149 0.0000000000
64761  1.734  -0.524  48.293 0.0000000000
63572  1.608  -1.394  48.912 0.0000000000
74990  -35.726  8.538  37.601 0.0000000000
73981  -34.414  7.412  37.007 0.0000000000
73982  -35.153  7.453  36.543 0.0000000000
62411  -8.749  -3.842  47.532 0.0000000000
61258  -8.103  -4.508  47.615 0.0000000000
61259  -9.033  -4.088  47.807 0.0000000000
61282  -15.407  -3.068  48.496 0.0000000000
61300  -14.657  -3.396  47.817 0.0000000000
64934  0.622  -0.556  34.972 0.0000000000
63663  -0.147  -1.555  42.429 0.0000000000
62386  -1.584  -2.550  51.484 0.0000000000
51004  1.566  -12.015  49.264 0.0000000000
51022  1.991  -12.236  48.560 0.0000000000
51046  2.238  -12.488  47.940 0.0000000000
61308  -30.606  -3.463  47.914 0.0000000000
61329  -30.621  -3.593  46.742 0.0000000000
62453  -30.620  -2.711  48.004 0.0000000000
63600  -30.599  -2.172  47.611 0.0000000000
54507  -25.098  -8.095  46.701 0.0000000000
54506  -24.277  -7.705  46.798 0.0000000000
54520  -24.362  -7.651  45.663 0.0000000000
80567  -42.705  13.586  31.329 0.0000000000
80568  -43.529  13.552  30.821 0.0000000000
73948  -32.592  7.684  40.263 0.0000000000
72919  -31.570  7.029  39.829 0.0000000000
70732  1.067  4.581  38.944 0.0000000000
60219  -3.618  -4.678  42.542 0.0000000000
60230  -3.847  -4.712  41.507 0.0000000000
52385  -2.192  -11.822  36.604 0.0000000000
52366  -1.730  -11.863  37.422 0.0000000000
55672  -3.415  -8.038  53.149 0.0000000000
55671  -2.732  -8.017  53.639 0.0000000000
54405  -3.042  -8.530  53.180 0.0000000000
49809  -0.940  -12.473  50.151 0.0000000000
71746  -27.021  5.018  45.292 0.0000000000
71737  -27.749  5.552  46.740 0.0000000000
61392  -30.351  -4.456  42.540 0.0000000000
69531  -27.028  3.945  44.841 0.0000000000
71759  -26.893  5.194  44.679 0.0000000000
58984  -18.610  -4.839  53.273 0.0000000000
58998  -18.206  -4.613  52.110 0.0000000000
56869  -21.911  -6.759  49.966 0.0000000000
56851  -21.538  -6.571  50.576 0.0000000000
59093  -19.210  -4.622  46.311 0.0000000000
59105  -18.545  -4.527  45.737 0.0000000000
60186  -17.991  -4.271  46.130 0.0000000000
60196  -17.935  -4.317  45.293 0.0000000000
61375  -17.367  -3.710  44.083 0.0000000000
60214  -17.969  -4.097  43.573 0.0000000000
63604  1.011  -1.062  45.896 0.0000000000
64800  1.009  -0.456  45.548 0.0000000000
63620  0.945  -1.000  45.003 0.0000000000
62488  0.335  -2.153  44.862 0.0000000000
57978  -1.160  -6.027  46.589 0.0000000000
59089  -1.529  -5.293  46.418 0.0000000000
58004  -1.188  -6.731  45.538 0.0000000000
56919  -0.851  -7.066  45.645 0.0000000000
76037  -38.070  10.085  35.805 0.0000000000
75015  -37.076  9.124  34.991 0.0000000000
76044  -37.481  9.904  34.651 0.0000000000
55698  -6.366  -7.817  50.475 0.0000000000
54427  -5.963  -8.294  50.818 0.0000000000
53254  -5.477  -9.194  49.942 0.0000000000
53255  -6.065  -8.867  49.685 0.0000000000
56938  -13.208  -6.518  43.617 0.0000000000
56922  -13.008  -6.318  44.534 0.0000000000
55787  -12.851  -6.717  44.158 0.0000000000
55756  -10.116  -7.091  46.197 0.0000000000
55755  -8.903  -7.448  46.761 0.0000000000
54487  -8.400  -8.097  46.691 0.0000000000
63696  -0.057  -1.542  38.184 0.0000000000
59195  -2.119  -5.618  38.154 0.0000000000
59182  -1.710  -5.479  38.725 0.0000000000
58093  -1.675  -5.683  38.145 0.0000000000
59241  0.063  -5.846  35.015 0.0000000000
59224  0.077  -4.820  35.739 0.0000000000
59261  0.200  -5.745  34.573 0.0000000000
58180  0.009  -6.876  33.932 0.0000000000
64715  -0.101  -0.996  52.153 0.0000000000
63527  0.856  -1.729  52.161 0.0000000000
58967  -0.288  -5.718  53.756 0.0000000000
57880  -0.037  -6.690  52.949 0.0000000000
57918  0.568  -6.255  50.988 0.0000000000
57936  0.237  -5.966  49.512 0.0000000000
57951  0.231  -6.888  49.243 0.0000000000
53348  1.767  -10.698  44.355 0.0000000000
54530  1.209  -10.268  44.156 0.0000000000
52265  1.855  -11.530  43.674 0.0000000000
43135  2.138  -19.398  44.664 0.0000000000
44265  2.174  -18.484  45.229 0.0000000000
44283  2.140  -18.524  44.368 0.0000000000
56928  -28.962  -7.315  45.258 0.0000000000
56929  -29.596  -6.830  45.205 0.0000000000
59073  -30.109  -5.135  48.523 0.0000000000
59083  -30.219  -5.230  47.692 0.0000000000
60158  -30.332  -4.770  48.487 0.0000000000
60159  -30.459  -4.353  48.355 0.0000000000
53305  -26.419  -8.353  47.159 0.0000000000
53324  -26.441  -8.474  46.225 0.0000000000
53306  -26.892  -8.365  46.686 0.0000000000
55776  -28.063  -7.622  46.357 0.0000000000
54510  -27.633  -7.953  46.127 0.0000000000
56908  -28.573  -7.450  45.600 0.0000000000
55791  -28.320  -7.765  45.067 0.0000000000
54466  -27.119  -7.965  49.015 0.0000000000
54465  -26.610  -7.935  49.347 0.0000000000
53290  -26.513  -8.203  48.045 0.0000000000
53304  -25.988  -8.246  47.653 0.0000000000
80551  -41.910  13.739  32.503 0.0000000000
80536  -42.015  13.825  33.464 0.0000000000
76073  -36.628  9.753  31.065 0.0000000000
76090  -36.769  9.524  30.134 0.0000000000
76091  -37.081  10.050  30.246 0.0000000000
78418  -38.377  11.381  30.037 0.0000000000
77289  -37.778  10.871  29.942 0.0000000000
78438  -38.678  11.016  29.423 0.0000000000
77299  -38.971  10.671  29.107 0.0000000000
77300  -39.712  10.877  28.960 0.0000000000
79493  -40.696  13.301  32.072 0.0000000000
79494  -41.531  13.562  31.796 0.0000000000
72905  -30.441  6.690  40.762 0.0000000000
72889  -31.327  7.423  41.541 0.0000000000
73914  -31.562  7.835  42.917 0.0000000000
70711  -26.032  4.741  41.758 0.0000000000
71801  -26.444  5.810  41.091 0.0000000000
72902  -27.476  6.331  40.505 0.0000000000
71834  -26.774  5.881  38.705 0.0000000000
72904  -29.922  6.453  40.801 0.0000000000
71803  -29.671  6.426  40.790 0.0000000000
71819  -30.530  6.614  40.107 0.0000000000
56977  -2.362  -7.539  41.542 0.0000000000
56978  -2.957  -7.443  40.945 0.0000000000
54653  -1.114  -10.059  39.232 0.0000000000
54633  -1.464  -9.504  39.525 0.0000000000
53493  -1.010  -11.388  38.507 0.0000000000
51228  -0.358  -12.590  39.012 0.0000000000
48890  -0.668  -14.388  38.462 0.0000000000
48889  -0.248  -14.350  38.993 0.0000000000
52133  -3.500  -10.120  50.601 0.0000000000
68265  -27.915  2.809  46.223 0.0000000000
63648  -30.150  -1.968  44.684 0.0000000000
63659  -29.672  -1.918  43.667 0.0000000000
66031  -28.887  -0.023  44.511 0.0000000000
66046  -28.951  -0.700  44.088 0.0000000000
66045  -28.618  -0.179  43.799 0.0000000000
57874  -18.996  -4.916  53.451 0.0000000000
57886  -19.459  -5.203  53.227 0.0000000000
56906  -21.521  -5.803  46.160 0.0000000000
80622  -42.834  13.692  27.150 0.0000000000
81639  -43.102  14.823  27.141 0.0000000000
82686  -43.328  15.750  27.134 0.0000000000
83726  -43.415  16.654  26.673 0.0000000000
83714  -43.897  16.303  27.420 0.0000000000
63589  0.975  -1.245  46.995 0.0000000000
60164  -0.301  -3.713  47.963 0.0000000000
60165  -0.719  -4.355  47.668 0.0000000000
74998  -36.652  8.452  36.136 0.0000000000
74999  -37.138  9.126  36.700 0.0000000000
74991  -36.463  8.775  37.200 0.0000000000
70820  -32.562  6.439  35.001 0.0000000000
71932  -34.050  6.353  34.754 0.0000000000
70822  -33.832  6.407  34.863 0.0000000000
70838  -33.889  6.140  34.284 0.0000000000
70839  -34.237  6.083  34.094 0.0000000000
71938  -34.414  6.090  33.651 0.0000000000
72969  -35.099  6.656  35.040 0.0000000000
75007  -36.648  8.458  35.252 0.0000000000
60151  -7.038  -4.917  47.877 0.0000000000
59030  -7.386  -5.805  48.886 0.0000000000
60102  -7.074  -5.634  48.656 0.0000000000
57920  -6.955  -6.579  49.483 0.0000000000
56848  -7.265  -6.955  49.423 0.0000000000
53333  -9.393  -8.822  44.245 0.0000000000
53349  -9.215  -9.146  43.800 0.0000000000
57066  -2.388  -8.014  35.542 0.0000000000
54739  -0.685  -9.338  34.147 0.0000000000
55927  -1.180  -8.045  34.869 0.0000000000
55952  -0.752  -8.235  34.404 0.0000000000
57063  -0.667  -7.396  34.855 0.0000000000
54738  -0.494  -8.783  34.042 0.0000000000
54762  -0.384  -9.184  33.665 0.0000000000
63529  -1.006  -1.826  51.905 0.0000000000
64718  -1.550  -0.399  51.587 0.0000000000
64716  -0.490  -1.185  52.134 0.0000000000
63521  -0.197  -2.408  52.951 0.0000000000
53223  0.525  -10.401  51.345 0.0000000000
54423  0.587  -9.648  51.719 0.0000000000
54431  0.599  -9.912  50.973 0.0000000000
53269  1.313  -10.692  49.423 0.0000000000
55724  0.785  -8.872  48.724 0.0000000000
52220  2.369  -11.481  46.909 0.0000000000
53297  2.008  -10.625  47.526 0.0000000000
59137  -30.346  -5.394  42.581 0.0000000000
59129  -30.447  -5.308  43.321 0.0000000000
57999  -30.113  -6.033  45.764 0.0000000000
58000  -30.473  -5.612  45.228 0.0000000000
61349  -30.604  -3.705  45.649 0.0000000000
60197  -30.604  -4.485  45.186 0.0000000000
61363  -30.482  -3.989  44.415 0.0000000000
62497  -30.463  -2.862  45.097 0.0000000000
63634  -30.479  -2.274  45.920 0.0000000000
63615  -30.392  -1.739  46.382 0.0000000000
53375  -26.448  -8.232  43.671 0.0000000000
55702  -23.124  -7.375  51.663 0.0000000000
55716  -23.009  -7.314  51.003 0.0000000000
54450  -25.665  -7.763  50.268 0.0000000000
54505  -23.821  -7.428  47.647 0.0000000000
54490  -23.739  -7.367  48.590 0.0000000000
55760  -23.228  -7.188  48.014 0.0000000000
55745  -23.072  -7.242  49.069 0.0000000000
55759  -22.740  -6.728  47.475 0.0000000000
56942  -23.006  -6.371  45.047 0.0000000000
80570  -45.065  14.194  30.613 0.0000000000
78450  -40.784  11.277  28.366 0.0000000000
77311  -40.778  11.190  27.871 0.0000000000
78452  -42.095  12.275  28.223 0.0000000000
78460  -41.866  12.323  27.291 0.0000000000
78461  -42.119  12.723  27.074 0.0000000000
79552  -43.227  12.839  28.330 0.0000000000
80569  -44.422  13.815  30.731 0.0000000000
80586  -44.974  14.235  30.055 0.0000000000
73970  -33.559  7.668  38.393 0.0000000000
73957  -34.098  8.143  38.788 0.0000000000
73956  -33.414  7.771  39.014 0.0000000000
74959  -33.821  8.550  40.739 0.0000000000
71858  -29.556  6.326  38.241 0.0000000000
71862  -32.759  7.168  38.259 0.0000000000
72944  -33.347  7.307  37.841 0.0000000000
61357  -14.212  -3.505  45.360 0.0000000000
60205  -13.877  -3.972  43.759 0.0000000000
59126  -13.592  -4.930  43.231 0.0000000000
69632  1.071  3.675  37.218 0.0000000000
68399  0.546  2.307  37.381 0.0000000000
68416  0.548  2.252  36.889 0.0000000000
67297  0.477  0.791  36.135 0.0000000000
66133  0.331  0.273  36.491 0.0000000000
61382  -1.240  -3.419  42.209 0.0000000000
61398  -1.664  -3.972  41.770 0.0000000000
60258  -3.799  -4.725  40.259 0.0000000000
60244  -3.471  -4.395  40.754 0.0000000000
60257  -3.343  -4.632  40.021 0.0000000000
59168  -3.151  -4.965  39.299 0.0000000000
56993  -3.247  -7.452  40.285 0.0000000000
58059  -3.954  -6.881  39.946 0.0000000000
57005  -3.537  -7.712  39.237 0.0000000000
55892  -3.614  -8.588  37.487 0.0000000000
57019  -3.883  -7.663  38.191 0.0000000000
57032  -3.839  -7.599  37.103 0.0000000000
57049  -3.118  -7.445  36.076 0.0000000000
50058  -1.467  -13.553  37.486 0.0000000000
60057  -1.405  -5.026  53.104 0.0000000000
58969  -1.946  -5.830  53.538 0.0000000000
55667  -1.798  -7.772  54.061 0.0000000000
56809  -1.636  -7.169  54.176 0.0000000000
56808  -1.191  -7.085  54.101 0.0000000000
56807  -0.891  -7.070  53.976 0.0000000000
55669  -0.992  -8.179  53.659 0.0000000000
52094  -1.793  -9.703  52.956 0.0000000000
50940  -1.545  -10.868  52.302 0.0000000000
50938  -0.421  -11.032  52.036 0.0000000000
52109  -0.647  -10.544  52.700 0.0000000000
53209  -0.389  -9.848  52.775 0.0000000000
52108  -0.089  -10.555  52.224 0.0000000000
52107  0.259  -10.486  51.928 0.0000000000
52121  0.134  -10.760  51.670 0.0000000000
48687  0.558  -12.918  49.672 0.0000000000
49806  0.517  -12.125  50.243 0.0000000000
49833  0.786  -12.642  49.635 0.0000000000
49832  1.083  -12.380  49.556 0.0000000000
72835  -29.018  7.195  44.624 0.0000000000
72816  -27.946  6.627  45.167 0.0000000000
61390  -29.650  -3.271  42.310 0.0000000000
62515  -29.153  -2.875  42.185 0.0000000000
68305  -26.768  2.814  42.926 0.0000000000
68318  -26.528  2.633  41.957 0.0000000000
69566  -26.279  3.687  42.401 0.0000000000
71775  -27.404  6.389  43.842 0.0000000000
72854  -27.730  6.648  43.132 0.0000000000
60108  -16.979  -3.615  51.136 0.0000000000
61246  -16.479  -3.188  50.258 0.0000000000
57914  -20.582  -6.231  51.733 0.0000000000
57913  -19.883  -5.770  52.042 0.0000000000
57927  -19.902  -5.639  50.846 0.0000000000
56891  -20.612  -5.933  47.433 0.0000000000
57968  -20.250  -5.658  47.476 0.0000000000
59072  -19.286  -4.856  48.437 0.0000000000
57957  -19.647  -5.342  48.930 0.0000000000
59057  -19.123  -4.912  49.312 0.0000000000
60134  -18.513  -4.600  49.508 0.0000000000
61324  -17.455  -3.770  46.366 0.0000000000
60153  -17.840  -4.102  47.987 0.0000000000
61303  -17.276  -3.677  47.254 0.0000000000
61323  -16.626  -3.339  46.471 0.0000000000
61388  -16.437  -3.356  42.740 0.0000000000
84742  -43.629  17.484  26.132 0.0000000000
84743  -44.447  17.706  26.743 0.0000000000
85716  -45.291  19.177  25.122 0.0000000000
67188  -0.929  0.789  43.135 0.0000000000
66053  0.072  0.078  42.667 0.0000000000
66004  0.262  0.660  45.373 0.0000000000
63637  0.684  -0.931  44.289 0.0000000000
64832  0.605  -0.645  44.140 0.0000000000
63652  0.562  -0.817  43.910 0.0000000000
63653  0.371  -1.280  43.502 0.0000000000
61354  -1.124  -3.224  44.255 0.0000000000
61370  -2.903  -3.861  43.690 0.0000000000
61334  -0.072  -2.694  46.302 0.0000000000
61315  -1.259  -3.620  46.128 0.0000000000
59101  -2.012  -5.351  45.580 0.0000000000
60192  -2.266  -4.446  45.336 0.0000000000
59102  -2.480  -5.053  45.034 0.0000000000
59113  -2.879  -5.284  44.392 0.0000000000
58033  -2.701  -6.790  42.765 0.0000000000
58019  -2.226  -6.653  43.936 0.0000000000
56961  -0.721  -8.488  42.515 0.0000000000
55827  -0.420  -9.136  42.376 0.0000000000
78354  -38.878  11.461  34.564 0.0000000000
78340  -39.043  11.313  35.477 0.0000000000
74010  -35.250  7.405  32.629 0.0000000000
75030  -35.502  8.181  32.213 0.0000000000
74029  -35.492  8.060  31.367 0.0000000000
77234  -37.660  10.481  33.964 0.0000000000
77251  -37.083  10.384  32.632 0.0000000000
59008  -3.256  -5.260  50.370 0.0000000000
57897  -3.844  -6.974  52.070 0.0000000000
59028  -5.763  -6.274  49.374 0.0000000000
59011  -5.560  -6.802  50.305 0.0000000000
55686  -5.475  -8.196  51.529 0.0000000000
56831  -5.368  -7.597  51.346 0.0000000000
55677  -5.247  -7.905  51.891 0.0000000000
55676  -4.654  -8.119  52.080 0.0000000000
54416  -4.794  -8.511  51.868 0.0000000000
53226  -4.567  -9.034  51.702 0.0000000000
52125  -4.765  -9.195  51.295 0.0000000000
51009  -4.732  -10.019  49.119 0.0000000000
52168  -4.587  -9.880  49.514 0.0000000000
51026  -4.095  -10.632  48.345 0.0000000000
59090  -13.594  -4.057  46.292 0.0000000000
60170  -14.074  -3.798  47.164 0.0000000000
59091  -13.591  -4.206  46.480 0.0000000000
56905  -13.018  -5.724  46.375 0.0000000000
57966  -13.275  -4.874  47.255 0.0000000000
56879  -13.000  -5.201  47.589 0.0000000000
56866  -12.918  -4.921  47.930 0.0000000000
56878  -12.502  -5.779  47.325 0.0000000000
55785  -11.660  -7.324  44.450 0.0000000000
56921  -11.409  -7.291  45.072 0.0000000000
55741  -10.623  -6.442  47.030 0.0000000000
55729  -11.678  -5.841  47.446 0.0000000000
56864  -11.934  -5.528  47.864 0.0000000000
56863  -10.919  -5.356  47.922 0.0000000000
57939  -9.547  -5.238  48.283 0.0000000000
54459  -7.762  -7.836  48.378 0.0000000000
55725  -7.793  -7.525  48.696 0.0000000000
54446  -7.206  -7.954  48.952 0.0000000000
53271  -7.145  -8.471  48.389 0.0000000000
52239  -7.715  -9.365  44.793 0.0000000000
53314  -7.801  -9.033  46.318 0.0000000000
52222  -7.455  -9.362  45.730 0.0000000000
52221  -6.727  -9.672  46.455 0.0000000000
52204  -6.440  -9.684  47.239 0.0000000000
70720  0.133  4.399  39.896 0.0000000000
70733  0.620  4.444  39.412 0.0000000000
67231  -0.023  1.429  39.599 0.0000000000
67248  0.263  1.495  38.706 0.0000000000
63705  0.299  -1.622  37.367 0.0000000000
63715  0.407  -1.181  36.699 0.0000000000
60227  -0.821  -4.127  40.807 0.0000000000
61396  -0.766  -3.239  40.920 0.0000000000
59152  -0.325  -4.790  39.460 0.0000000000
59151  -0.177  -4.587  39.228 0.0000000000
60255  0.074  -4.121  38.871 0.0000000000
58108  -1.213  -5.701  37.156 0.0000000000
58107  -0.829  -5.403  36.976 0.0000000000
59208  -0.134  -4.689  36.650 0.0000000000
59194  -0.160  -4.607  37.409 0.0000000000
60267  0.204  -4.205  37.772 0.0000000000
61451  0.527  -3.649  37.261 0.0000000000
61460  0.643  -3.471  36.414 0.0000000000
61469  0.675  -3.390  35.629 0.0000000000
61477  0.551  -3.483  34.865 0.0000000000
64736  1.675  -0.913  50.306 0.0000000000
61195  -0.846  -3.894  53.341 0.0000000000
61181  -0.653  -3.982  53.837 0.0000000000
61173  0.325  -4.104  54.033 0.0000000000
61174  0.055  -3.854  54.367 0.0000000000
61179  0.301  -3.567  54.014 0.0000000000
62364  0.274  -2.861  53.454 0.0000000000
61178  0.480  -3.752  53.545 0.0000000000
56840  0.438  -7.943  51.687 0.0000000000
57896  0.373  -6.024  52.418 0.0000000000
57909  0.436  -6.938  51.931 0.0000000000
60082  0.864  -4.409  52.023 0.0000000000
61207  1.066  -3.213  52.343 0.0000000000
61223  1.331  -2.794  51.725 0.0000000000
61254  1.069  -3.029  50.079 0.0000000000
61255  0.920  -2.821  49.634 0.0000000000
62409  0.984  -2.426  49.343 0.0000000000
57953  -0.208  -6.267  48.560 0.0000000000
59064  -0.086  -5.312  48.906 0.0000000000
59078  -0.463  -6.033  48.070 0.0000000000
57964  -0.335  -6.624  48.049 0.0000000000
56875  0.307  -7.863  48.421 0.0000000000
56899  0.530  -8.839  46.515 0.0000000000
56917  0.099  -8.515  45.835 0.0000000000
56934  -0.387  -8.226  44.826 0.0000000000
56933  0.329  -9.100  44.817 0.0000000000
54548  0.890  -10.417  43.461 0.0000000000
55824  0.671  -10.057  43.401 0.0000000000
54570  0.554  -10.307  42.787 0.0000000000
54591  0.227  -10.280  41.925 0.0000000000
53407  0.653  -10.959  42.219 0.0000000000
45341  1.871  -17.202  46.406 0.0000000000
47529  1.858  -15.134  46.718 0.0000000000
47556  1.942  -15.415  45.831 0.0000000000
48798  2.105  -14.497  45.329 0.0000000000
49947  1.897  -13.734  43.482 0.0000000000
49964  1.626  -13.324  42.694 0.0000000000
49982  1.522  -12.886  42.436 0.0000000000
52300  0.317  -11.596  41.147 0.0000000000
50018  0.327  -13.204  40.141 0.0000000000
59058  -30.107  -5.016  49.437 0.0000000000
59059  -30.290  -4.730  49.839 0.0000000000
57930  -29.583  -5.600  50.481 0.0000000000
55777  -28.504  -7.237  47.222 0.0000000000
56894  -29.072  -6.601  47.604 0.0000000000
54479  -27.357  -7.980  48.156 0.0000000000
54494  -27.277  -8.128  47.108 0.0000000000
55746  -27.741  -7.795  48.093 0.0000000000
55762  -28.058  -7.588  47.658 0.0000000000
55717  -27.191  -7.645  50.317 0.0000000000
54453  -27.502  -7.747  49.451 0.0000000000
56853  -28.023  -7.245  50.666 0.0000000000
80535  -41.230  13.466  33.804 0.0000000000
78378  -37.748  11.288  31.968 0.0000000000
77288  -37.430  10.638  30.474 0.0000000000
78395  -37.808  11.194  30.897 0.0000000000
78396  -38.619  11.956  31.263 0.0000000000
78397  -39.277  12.292  31.018 0.0000000000
78419  -39.518  12.025  30.324 0.0000000000
79492  -39.490  12.548  31.671 0.0000000000
72874  -30.458  7.409  42.879 0.0000000000
72857  -30.529  7.549  43.433 0.0000000000
73899  -30.783  7.691  43.961 0.0000000000
72870  -26.973  6.371  41.716 0.0000000000
72885  -27.704  6.482  41.213 0.0000000000
72903  -28.376  6.415  40.588 0.0000000000
72887  -29.634  6.567  41.417 0.0000000000
55854  -1.214  -8.808  40.839 0.0000000000
55866  -1.003  -9.408  40.515 0.0000000000
54652  -0.825  -10.345  39.488 0.0000000000
53473  -0.401  -11.195  39.569 0.0000000000
51227  -0.111  -12.505  39.525 0.0000000000
51007  -3.298  -11.041  49.082 0.0000000000
50987  -2.602  -11.560  49.702 0.0000000000
51005  -2.137  -12.187  48.199 0.0000000000
66015  -29.127  0.166  45.195 0.0000000000
67170  -28.831  0.478  44.958 0.0000000000
67169  -28.515  1.103  45.035 0.0000000000
67155  -28.711  1.398  46.091 0.0000000000
58974  -20.503  -5.335  53.473 0.0000000000
58012  -21.299  -5.150  44.333 0.0000000000
81629  -43.676  14.463  27.873 0.0000000000
82660  -46.603  16.565  29.635 0.0000000000
62424  0.655  -2.380  48.168 0.0000000000
71911  -33.195  6.770  36.271 0.0000000000
71912  -33.866  6.792  36.072 0.0000000000
72965  -34.238  6.829  36.044 0.0000000000
72966  -34.767  6.832  35.773 0.0000000000
61279  -7.718  -4.543  47.517 0.0000000000
61257  -7.675  -4.757  47.713 0.0000000000
61245  -15.471  -2.889  50.443 0.0000000000
67315  0.298  1.055  35.175 0.0000000000
66170  0.415  0.165  34.704 0.0000000000
55954  -1.489  -9.375  34.801 0.0000000000
54740  -1.271  -9.713  34.558 0.0000000000
53561  -0.729  -10.000  34.089 0.0000000000
63538  -1.316  -1.844  51.550 0.0000000000
62373  -0.848  -2.332  52.274 0.0000000000
52146  1.056  -11.364  50.040 0.0000000000
52167  1.374  -11.369  49.654 0.0000000000
53282  1.743  -10.669  48.532 0.0000000000
51066  2.352  -12.396  47.278 0.0000000000
59095  -30.547  -4.969  46.677 0.0000000000
59107  -30.608  -5.004  45.682 0.0000000000
63616  -30.553  -2.251  46.751 0.0000000000
53359  -27.451  -8.397  44.074 0.0000000000
54477  -24.969  -7.915  48.674 0.0000000000
55774  -23.899  -7.468  46.619 0.0000000000
79533  -41.620  12.522  29.801 0.0000000000
78441  -41.753  12.171  28.882 0.0000000000
79534  -42.474  12.651  29.331 0.0000000000
79551  -42.668  12.576  28.599 0.0000000000
79535  -43.235  12.928  29.165 0.0000000000
72921  -32.842  7.456  39.056 0.0000000000
71860  -31.440  6.676  38.205 0.0000000000
71840  -32.440  7.178  38.781 0.0000000000
61372  -14.660  -3.740  43.071 0.0000000000
68379  0.775  3.054  37.584 0.0000000000
61384  -2.696  -3.782  42.758 0.0000000000
61399  -2.547  -4.012  41.698 0.0000000000
60245  -4.056  -4.842  40.635 0.0000000000
59155  -4.273  -5.413  40.661 0.0000000000
55879  -2.663  -9.063  38.672 0.0000000000
55891  -3.132  -9.071  37.994 0.0000000000
54677  -3.241  -9.292  37.415 0.0000000000
54698  -3.483  -9.101  36.974 0.0000000000
55906  -3.234  -9.226  36.144 0.0000000000
54697  -3.149  -9.628  36.724 0.0000000000
58970  -2.523  -6.389  53.277 0.0000000000
57870  -2.028  -6.286  53.943 0.0000000000
57871  -2.399  -6.739  53.680 0.0000000000
55670  -2.173  -7.935  53.983 0.0000000000
54403  -1.780  -8.697  53.696 0.0000000000
49785  -0.717  -11.918  50.939 0.0000000000
50955  -0.637  -11.473  51.545 0.0000000000
49784  -0.246  -11.849  50.940 0.0000000000
49783  0.035  -11.960  51.169 0.0000000000
49807  0.138  -12.288  50.450 0.0000000000
48664  0.165  -12.878  49.966 0.0000000000
72805  -27.991  6.391  46.225 0.0000000000
64855  -28.832  -1.534  42.874 0.0000000000
68294  -27.590  2.474  44.152 0.0000000000
69543  -26.852  3.836  44.199 0.0000000000
60075  -17.453  -4.129  52.464 0.0000000000
60089  -17.566  -4.115  51.582 0.0000000000
60109  -17.576  -4.007  50.458 0.0000000000
55688  -22.043  -6.786  51.824 0.0000000000
56833  -21.274  -6.489  52.359 0.0000000000
56850  -20.732  -6.164  50.077 0.0000000000
57996  -19.834  -4.888  45.975 0.0000000000
57981  -19.756  -5.089  46.953 0.0000000000
59082  -19.034  -4.493  47.414 0.0000000000
60172  -18.412  -4.306  47.752 0.0000000000
59081  -18.651  -4.282  47.019 0.0000000000
61361  -17.441  -3.810  44.959 0.0000000000
81645  -41.652  14.837  25.657 0.0000000000
66022  0.374  0.232  44.719 0.0000000000
58005  -1.811  -6.354  44.972 0.0000000000
56936  -1.677  -6.904  44.420 0.0000000000
77221  -38.252  10.545  34.930 0.0000000000
73999  -36.113  7.921  34.628 0.0000000000
74002  -35.996  8.240  33.973 0.0000000000
75018  -36.339  8.938  33.626 0.0000000000
76047  -36.457  9.467  33.042 0.0000000000
77220  -37.782  10.317  34.543 0.0000000000
59009  -3.877  -6.154  50.472 0.0000000000
55687  -5.861  -8.018  51.224 0.0000000000
54426  -5.497  -8.438  51.283 0.0000000000
53227  -5.173  -9.131  50.955 0.0000000000
53239  -5.389  -9.081  50.380 0.0000000000
57995  -13.256  -5.273  45.034 0.0000000000
57994  -13.103  -5.732  45.325 0.0000000000
56904  -12.885  -6.022  45.703 0.0000000000
54504  -9.996  -7.818  44.968 0.0000000000
55769  -10.680  -7.419  45.204 0.0000000000
55727  -10.077  -6.198  47.682 0.0000000000
54460  -8.154  -7.776  47.915 0.0000000000
51092  -7.022  -9.722  44.843 0.0000000000
64878  -0.249  -0.520  39.725 0.0000000000
59154  -1.593  -5.037  40.058 0.0000000000
59166  -1.314  -5.346  39.421 0.0000000000
59165  -0.620  -5.267  39.132 0.0000000000
58072  -0.617  -5.210  38.499 0.0000000000
58144  -0.732  -6.363  35.704 0.0000000000
58124  -0.651  -5.612  36.114 0.0000000000
59209  -0.343  -5.100  36.110 0.0000000000
60289  0.372  -4.199  36.561 0.0000000000
58962  -0.413  -5.425  53.887 0.0000000000
60040  -0.321  -4.661  54.084 0.0000000000
58961  0.035  -4.994  53.891 0.0000000000
60043  0.358  -4.488  53.627 0.0000000000
57908  0.528  -6.073  51.821 0.0000000000
60098  0.953  -4.263  51.199 0.0000000000
56876  0.028  -7.317  48.336 0.0000000000
54501  1.522  -9.833  46.069 0.0000000000
55753  0.955  -9.300  46.847 0.0000000000
55783  1.018  -9.634  45.527 0.0000000000
55797  0.843  -9.712  44.646 0.0000000000
52283  1.225  -11.500  42.755 0.0000000000
45355  2.116  -17.446  45.738 0.0000000000
46439  2.036  -16.510  45.346 0.0000000000
46449  1.986  -16.592  44.411 0.0000000000
47603  1.961  -15.658  43.938 0.0000000000
48837  1.244  -14.693  42.088 0.0000000000
54543  -29.027  -7.519  44.143 0.0000000000
55807  -29.412  -7.160  44.193 0.0000000000
56895  -29.627  -6.083  47.213 0.0000000000
57984  -30.100  -5.629  46.863 0.0000000000
59094  -30.372  -5.162  47.187 0.0000000000
53339  -25.410  -8.316  46.126 0.0000000000
53340  -25.968  -8.484  45.711 0.0000000000
53341  -26.595  -8.369  45.311 0.0000000000
53342  -27.195  -8.226  45.010 0.0000000000
54509  -27.317  -8.177  46.185 0.0000000000
54522  -27.272  -8.212  45.594 0.0000000000
53343  -27.698  -8.253  44.559 0.0000000000
54524  -28.798  -7.675  44.331 0.0000000000
54451  -26.416  -7.792  49.973 0.0000000000
54464  -25.868  -7.977  49.252 0.0000000000
54478  -25.558  -8.105  48.174 0.0000000000
54493  -25.451  -8.173  47.255 0.0000000000
80552  -42.866  13.855  32.261 0.0000000000
80538  -43.745  14.045  32.837 0.0000000000
80537  -42.900  13.949  33.149 0.0000000000
77297  -37.517  10.373  29.839 0.0000000000
76111  -38.289  9.685  28.417 0.0000000000
79532  -40.852  12.447  30.165 0.0000000000
73941  -32.281  7.741  40.980 0.0000000000
73940  -31.766  7.600  41.467 0.0000000000
73915  -32.066  7.964  42.619 0.0000000000
73926  -31.033  7.572  42.586 0.0000000000
70739  -25.937  5.519  39.378 0.0000000000
71856  -27.738  6.000  37.957 0.0000000000
71817  -29.066  6.365  39.900 0.0000000000
72918  -30.943  6.822  40.154 0.0000000000
58034  -3.442  -5.983  42.723 0.0000000000
57004  -2.871  -8.107  39.748 0.0000000000
55855  -1.730  -8.618  40.398 0.0000000000
55868  -2.112  -8.909  39.611 0.0000000000
54654  -1.864  -9.645  38.934 0.0000000000
53476  -1.930  -10.006  38.428 0.0000000000
53494  -1.715  -10.951  38.063 0.0000000000
52365  -1.163  -11.913  38.154 0.0000000000
51229  -0.754  -12.677  38.396 0.0000000000
53212  -3.637  -9.108  52.253 0.0000000000
53198  -2.723  -9.138  52.886 0.0000000000
52113  -3.068  -9.566  52.167 0.0000000000
52122  -2.592  -10.162  51.816 0.0000000000
50957  -2.188  -10.705  51.754 0.0000000000
50972  -2.154  -11.428  50.669 0.0000000000
50971  -1.478  -11.775  50.795 0.0000000000
49810  -1.426  -12.231  50.196 0.0000000000
70646  -27.446  4.692  46.387 0.0000000000
70638  -27.933  4.715  47.413 0.0000000000
61376  -29.998  -3.217  43.141 0.0000000000
64839  -29.152  -1.370  43.531 0.0000000000
66060  -28.379  -0.377  43.086 0.0000000000
68295  -28.003  1.805  44.573 0.0000000000
57885  -18.829  -4.929  53.291 0.0000000000
56893  -21.866  -6.615  47.907 0.0000000000
56881  -21.205  -6.383  48.428 0.0000000000
56892  -21.092  -6.132  47.269 0.0000000000
57998  -21.033  -5.344  45.396 0.0000000000
57997  -20.404  -5.139  45.684 0.0000000000
59118  -19.079  -4.749  44.354 0.0000000000
82693  -42.045  15.886  25.563 0.0000000000
83715  -44.806  16.596  27.958 0.0000000000
63605  0.693  -1.680  46.190 0.0000000000
62457  0.410  -2.228  46.545 0.0000000000
61313  -0.012  -2.740  47.084 0.0000000000
62442  0.592  -2.159  47.338 0.0000000000
59088  -1.106  -5.372  47.139 0.0000000000
57977  -0.781  -6.403  47.080 0.0000000000
76027  -37.687  9.584  36.334 0.0000000000
70821  -33.384  6.515  35.133 0.0000000000
70837  -33.311  6.218  34.271 0.0000000000
71949  -34.475  6.095  33.173 0.0000000000
73998  -35.617  7.226  34.790 0.0000000000
60124  -5.856  -5.541  48.386 0.0000000000
60125  -6.200  -5.689  48.602 0.0000000000
60100  -6.109  -6.000  48.916 0.0000000000
57912  -6.380  -7.060  50.092 0.0000000000
56842  -6.614  -7.265  49.950 0.0000000000
54554  -12.771  -7.537  42.647 0.0000000000
54553  -12.169  -7.829  42.345 0.0000000000
54534  -11.467  -7.671  43.525 0.0000000000
54533  -10.649  -8.218  43.615 0.0000000000
54518  -10.741  -7.823  44.412 0.0000000000
54517  -9.831  -8.303  44.448 0.0000000000
54503  -9.180  -8.135  45.332 0.0000000000
54502  -8.573  -8.274  46.018 0.0000000000
52223  -8.084  -9.083  45.010 0.0000000000
68324  -1.172  2.595  40.830 0.0000000000
58127  -2.401  -6.515  36.473 0.0000000000
57047  -1.265  -6.852  35.806 0.0000000000
57046  -0.978  -6.724  35.773 0.0000000000
57064  -0.897  -7.078  35.420 0.0000000000
57085  -0.395  -7.424  34.397 0.0000000000
58159  -0.028  -7.161  33.898 0.0000000000
65906  -1.684  0.304  51.794 0.0000000000
65905  -0.938  0.030  52.084 0.0000000000
64707  0.193  -1.633  52.498 0.0000000000
55673  -0.058  -8.295  52.601 0.0000000000
56816  -0.178  -7.251  52.850 0.0000000000
55685  0.469  -8.655  51.993 0.0000000000
55697  0.617  -8.613  51.562 0.0000000000
55696  0.644  -8.640  50.948 0.0000000000
56860  0.431  -7.735  49.437 0.0000000000
58027  -30.209  -6.264  44.088 0.0000000000
58015  -30.424  -5.626  43.633 0.0000000000
59120  -30.557  -5.230  44.022 0.0000000000
61364  -30.526  -4.520  44.013 0.0000000000
62496  -30.285  -2.646  44.420 0.0000000000
63633  -30.244  -1.683  45.677 0.0000000000
55689  -22.629  -7.089  51.961 0.0000000000
55715  -22.368  -6.958  50.589 0.0000000000
55730  -22.424  -7.035  49.547 0.0000000000
54448  -24.122  -7.596  51.038 0.0000000000
54476  -24.316  -7.575  49.158 0.0000000000
54461  -23.569  -7.477  50.596 0.0000000000
56925  -22.500  -6.108  45.751 0.0000000000
55788  -23.011  -6.455  45.967 0.0000000000
78451  -41.398  11.646  28.051 0.0000000000
78459  -41.427  11.832  27.392 0.0000000000
77345  -40.815  11.829  26.348 0.0000000000
79567  -42.101  12.936  26.853 0.0000000000
80615  -43.662  13.563  28.112 0.0000000000
80603  -43.859  13.358  29.030 0.0000000000
80604  -44.344  13.978  29.022 0.0000000000
81597  -44.803  14.300  29.652 0.0000000000
81598  -45.453  14.695  30.187 0.0000000000
73958  -34.667  8.263  38.284 0.0000000000
74967  -34.593  8.564  39.670 0.0000000000
74966  -34.020  8.466  40.062 0.0000000000
73929  -32.857  8.173  41.498 0.0000000000
71888  -32.145  6.778  37.288 0.0000000000
72956  -33.432  7.046  37.095 0.0000000000
72945  -33.825  7.288  37.259 0.0000000000
61321  -14.681  -3.354  46.999 0.0000000000
60194  -13.876  -3.640  45.730 0.0000000000
59115  -13.513  -4.061  45.367 0.0000000000
59116  -13.468  -4.574  44.531 0.0000000000
58008  -13.367  -5.695  43.848 0.0000000000
56939  -13.322  -6.789  42.825 0.0000000000
55814  -13.200  -7.265  42.594 0.0000000000
54575  -13.188  -7.725  42.175 0.0000000000
66150  0.460  0.332  36.026 0.0000000000
64924  0.564  -0.740  35.694 0.0000000000
62514  -0.962  -3.079  41.799 0.0000000000
60228  -1.494  -4.292  41.139 0.0000000000
61414  -2.970  -4.108  41.077 0.0000000000
60243  -2.381  -4.482  40.590 0.0000000000
59183  -2.601  -5.304  38.627 0.0000000000
59196  -2.767  -5.648  37.831 0.0000000000
58047  -4.224  -5.931  40.971 0.0000000000
58060  -4.281  -6.077  40.350 0.0000000000
58075  -4.241  -6.232  39.407 0.0000000000
59185  -4.129  -5.943  38.837 0.0000000000
59197  -3.408  -6.026  37.615 0.0000000000
58110  -2.867  -6.115  37.054 0.0000000000
58128  -3.016  -6.613  36.540 0.0000000000
54718  -3.106  -9.552  36.015 0.0000000000
55929  -2.928  -8.899  35.696 0.0000000000
54741  -1.894  -9.899  34.993 0.0000000000
60068  -1.137  -4.332  53.049 0.0000000000
60044  -0.972  -4.860  53.805 0.0000000000
58965  -1.790  -6.096  53.986 0.0000000000
58964  -1.309  -5.714  53.976 0.0000000000
58963  -0.783  -5.579  53.981 0.0000000000
57864  -0.854  -6.357  54.035 0.0000000000
56811  -0.724  -7.162  53.756 0.0000000000
55674  -0.394  -8.461  53.032 0.0000000000
52095  -2.203  -9.506  52.922 0.0000000000
53197  -2.060  -9.222  53.346 0.0000000000
53196  -1.518  -9.300  53.357 0.0000000000
52110  -1.176  -10.569  52.769 0.0000000000
52092  -0.995  -10.142  52.999 0.0000000000
53195  -1.068  -9.500  53.277 0.0000000000
53194  -0.751  -9.464  53.147 0.0000000000
54414  -0.548  -9.024  53.124 0.0000000000
54413  -0.127  -9.202  52.702 0.0000000000
53224  0.445  -10.178  51.895 0.0000000000
52119  0.502  -10.921  51.006 0.0000000000
49782  0.220  -11.906  50.859 0.0000000000
52132  0.853  -10.790  50.797 0.0000000000
52131  0.923  -10.956  50.398 0.0000000000
50969  1.094  -11.689  49.840 0.0000000000
49854  1.570  -12.735  48.776 0.0000000000
72855  -28.837  6.947  43.402 0.0000000000
72817  -28.668  6.983  45.753 0.0000000000
61406  -29.579  -3.769  41.421 0.0000000000
62516  -29.086  -3.427  41.585 0.0000000000
70696  -26.258  4.765  42.938 0.0000000000
72853  -27.036  6.375  42.579 0.0000000000
61215  -16.167  -3.322  51.969 0.0000000000
57887  -20.514  -5.795  53.057 0.0000000000
57902  -19.658  -5.504  52.737 0.0000000000
59000  -19.470  -5.470  52.356 0.0000000000
56867  -20.659  -6.138  48.987 0.0000000000
57945  -20.132  -5.706  49.533 0.0000000000
57926  -19.455  -5.342  50.425 0.0000000000
59037  -19.250  -5.314  51.210 0.0000000000
59016  -18.811  -5.054  51.595 0.0000000000
59035  -18.214  -4.569  50.540 0.0000000000
60110  -18.185  -4.478  50.037 0.0000000000
61265  -16.891  -3.434  48.889 0.0000000000
61283  -16.258  -3.212  48.304 0.0000000000
61322  -15.593  -3.169  46.669 0.0000000000
61359  -15.913  -3.286  44.367 0.0000000000
83735  -42.434  16.852  25.211 0.0000000000
84753  -42.670  17.496  24.486 0.0000000000
84759  -43.255  18.101  24.112 0.0000000000
85720  -44.848  19.061  23.080 0.0000000000
64817  0.484  -0.124  44.162 0.0000000000
66038  0.194  0.117  43.657 0.0000000000
61368  -1.168  -3.303  43.110 0.0000000000
61385  -3.284  -4.128  43.021 0.0000000000
59133  -3.589  -5.269  42.962 0.0000000000
61336  -1.706  -3.623  45.260 0.0000000000
61337  -2.374  -3.966  44.869 0.0000000000
61356  -2.719  -4.027  44.388 0.0000000000
59114  -3.223  -5.071  43.990 0.0000000000
58021  -3.402  -5.623  43.255 0.0000000000
56963  -2.364  -7.180  42.228 0.0000000000
56962  -1.694  -7.504  42.667 0.0000000000
56976  -1.314  -8.259  41.649 0.0000000000
55841  -0.945  -8.824  41.402 0.0000000000
55852  -0.482  -9.702  41.466 0.0000000000
79461  -39.956  12.450  34.604 0.0000000000
78367  -39.369  12.041  34.296 0.0000000000
73898  -30.220  7.587  44.360 0.0000000000
73005  -35.056  7.008  31.272 0.0000000000
74042  -35.225  7.341  31.077 0.0000000000
74043  -35.528  7.890  30.792 0.0000000000
75064  -36.283  8.870  30.371 0.0000000000
77270  -36.742  10.160  31.934 0.0000000000
76059  -36.696  9.870  32.917 0.0000000000
58981  -2.848  -6.313  52.578 0.0000000000
57882  -3.386  -6.968  52.596 0.0000000000
56818  -3.626  -7.526  52.784 0.0000000000
59050  -5.142  -5.800  48.771 0.0000000000
59027  -4.902  -6.243  49.597 0.0000000000
58997  -5.237  -7.047  50.894 0.0000000000
58996  -4.830  -6.942  51.041 0.0000000000
57898  -4.384  -7.118  51.686 0.0000000000
56819  -4.372  -7.698  52.233 0.0000000000
55675  -4.031  -8.076  52.560 0.0000000000
53225  -3.970  -9.310  51.743 0.0000000000
52147  -3.620  -10.270  50.133 0.0000000000
52135  -4.819  -9.320  50.859 0.0000000000
52148  -4.038  -9.935  49.999 0.0000000000
50989  -3.740  -10.318  49.864 0.0000000000
60152  -14.009  -3.822  47.858 0.0000000000
59071  -13.512  -4.286  47.805 0.0000000000
59056  -13.254  -4.225  48.162 0.0000000000
57924  -12.378  -4.346  48.909 0.0000000000
55800  -12.238  -7.136  43.730 0.0000000000
55770  -11.393  -7.029  45.428 0.0000000000
55758  -12.110  -6.230  46.786 0.0000000000
57942  -12.453  -4.837  48.372 0.0000000000
57923  -11.764  -4.384  49.055 0.0000000000
57922  -11.403  -4.353  49.015 0.0000000000
57954  -10.319  -4.723  48.406 0.0000000000
59052  -8.290  -5.411  48.469 0.0000000000
57921  -7.651  -6.414  49.139 0.0000000000
55713  -8.224  -6.770  48.744 0.0000000000
56849  -7.975  -6.588  48.978 0.0000000000
54433  -6.933  -7.854  49.493 0.0000000000
54445  -6.698  -8.298  49.501 0.0000000000
53299  -8.139  -8.648  46.439 0.0000000000
53284  -7.462  -8.778  47.538 0.0000000000
52205  -7.230  -9.282  46.843 0.0000000000
53270  -6.478  -8.985  48.750 0.0000000000
52170  -5.852  -9.379  49.011 0.0000000000
51028  -5.625  -9.845  48.248 0.0000000000
51051  -4.873  -10.369  47.528 0.0000000000
51071  -4.537  -10.442  46.562 0.0000000000
68341  -0.431  2.801  40.281 0.0000000000
66119  0.185  0.457  37.335 0.0000000000
64916  0.387  -0.583  36.331 0.0000000000
63724  0.697  -1.711  35.821 0.0000000000
61413  -0.247  -3.291  40.000 0.0000000000
60241  -0.515  -4.544  40.138 0.0000000000
61428  0.120  -3.453  39.095 0.0000000000
61440  0.270  -3.389  38.574 0.0000000000
59180  -0.458  -4.920  38.201 0.0000000000
58090  -0.531  -4.917  37.621 0.0000000000
60254  0.073  -4.241  38.391 0.0000000000
62537  0.375  -2.999  38.093 0.0000000000
62545  0.439  -2.732  37.666 0.0000000000
62580  0.419  -2.590  34.550 0.0000000000
60350  -0.008  -4.863  33.922 0.0000000000
62374  -1.144  -2.723  52.195 0.0000000000
62366  -0.712  -3.334  53.074 0.0000000000
62365  -0.611  -2.709  52.753 0.0000000000
62344  -0.311  -3.483  54.211 0.0000000000
63510  -0.017  -2.641  53.506 0.0000000000
63520  0.158  -2.411  53.069 0.0000000000
63519  0.457  -1.864  52.553 0.0000000000
57879  0.070  -6.349  52.996 0.0000000000
58979  0.321  -5.427  52.992 0.0000000000
58978  0.503  -4.862  52.849 0.0000000000
58991  0.576  -5.213  52.297 0.0000000000
60067  0.637  -4.444  52.697 0.0000000000
61193  0.630  -4.136  52.964 0.0000000000
61194  0.753  -3.788  52.853 0.0000000000
63537  1.250  -1.561  51.465 0.0000000000
63550  1.496  -1.572  50.920 0.0000000000
61238  1.233  -3.300  50.791 0.0000000000
62396  1.529  -2.006  50.793 0.0000000000
63549  1.651  -1.360  50.361 0.0000000000
63561  1.653  -1.382  49.671 0.0000000000
62422  1.387  -1.824  49.083 0.0000000000
61276  0.445  -3.087  48.700 0.0000000000
60144  0.298  -4.073  49.154 0.0000000000
60145  -0.185  -4.257  48.470 0.0000000000
60146  -0.526  -5.115  48.188 0.0000000000
56888  0.063  -7.721  47.829 0.0000000000
57975  -0.177  -7.366  47.697 0.0000000000
56901  -0.369  -7.488  46.727 0.0000000000
56947  -0.137  -8.799  43.602 0.0000000000
55812  0.236  -9.367  43.444 0.0000000000
55826  -0.033  -9.355  42.785 0.0000000000
55839  -0.216  -9.656  42.025 0.0000000000
54592  -0.210  -9.970  41.566 0.0000000000
54609  -0.023  -10.569  41.302 0.0000000000
48738  1.576  -13.606  48.227 0.0000000000
49903  2.275  -13.276  46.809 0.0000000000
51105  2.321  -12.470  45.234 0.0000000000
51125  2.155  -12.533  44.097 0.0000000000
49983  1.182  -13.429  41.979 0.0000000000
52299  0.752  -11.617  41.887 0.0000000000
53430  -0.103  -10.911  40.797 0.0000000000
52316  0.023  -11.515  40.583 0.0000000000
51205  0.100  -12.415  39.934 0.0000000000
47716  -0.512  -15.277  38.816 0.0000000000
48879  0.294  -13.819  39.919 0.0000000000
49948  1.765  -14.409  43.067 0.0000000000
49965  1.541  -14.090  42.680 0.0000000000
50039  0.101  -12.971  39.706 0.0000000000
50952  0.388  -11.393  50.774 0.0000000000
50953  0.102  -11.247  51.198 0.0000000000
50954  -0.224  -11.386  51.416 0.0000000000
50958  -2.683  -10.290  51.561 0.0000000000
50970  0.682  -11.523  50.391 0.0000000000
52111  -1.623  -10.259  52.632 0.0000000000
52124  -4.286  -9.373  51.361 0.0000000000
52169  -5.172  -9.701  49.192 0.0000000000
52186  -5.580  -9.722  48.620 0.0000000000
52332  -0.294  -11.354  39.763 0.0000000000
52345  -0.106  -12.064  39.731 0.0000000000
53199  -3.263  -8.811  52.765 0.0000000000
53211  -2.937  -9.415  52.409 0.0000000000
53213  -4.358  -8.806  52.035 0.0000000000
53228  -5.607  -8.573  50.937 0.0000000000
53275  -26.360  -8.043  49.024 0.0000000000
53276  -26.637  -8.088  48.772 0.0000000000
53277  -26.915  -8.132  48.364 0.0000000000
53285  -8.007  -8.590  47.029 0.0000000000
53322  -25.414  -8.268  46.535 0.0000000000
53455  -0.686  -10.497  39.641 0.0000000000
53495  -1.945  -10.277  38.184 0.0000000000
54393  -1.374  -7.999  53.833 0.0000000000
54394  -1.613  -8.142  53.872 0.0000000000
54395  -1.972  -8.236  53.924 0.0000000000
54401  -0.895  -8.845  53.450 0.0000000000
54417  -5.226  -8.364  51.633 0.0000000000
54467  -27.607  -7.840  48.879 0.0000000000
54508  -25.424  -8.232  46.777 0.0000000000
54525  -29.006  -7.493  44.441 0.0000000000
54542  -28.584  -7.917  43.935 0.0000000000
54555  -13.088  -7.526  42.546 0.0000000000
54571  0.344  -10.054  42.500 0.0000000000
54590  0.568  -10.597  42.429 0.0000000000
54610  -0.415  -10.166  40.967 0.0000000000
55665  -1.173  -7.732  53.868 0.0000000000
55666  -1.459  -7.640  53.991 0.0000000000
55678  -5.861  -7.875  51.500 0.0000000000
55714  -21.999  -6.733  50.742 0.0000000000
55733  -28.266  -7.312  49.533 0.0000000000
55742  -11.582  -6.141  47.112 0.0000000000
55747  -27.974  -7.679  48.559 0.0000000000
55754  -8.435  -7.806  47.088 0.0000000000
55775  -27.574  -7.964  46.619 0.0000000000
55792  -28.786  -7.569  44.753 0.0000000000
55798  0.530  -9.440  44.361 0.0000000000
55801  -12.876  -7.048  43.446 0.0000000000
55802  -13.180  -6.939  43.112 0.0000000000
55805  -28.362  -7.979  44.451 0.0000000000
55806  -28.556  -7.816  44.483 0.0000000000
55811  0.587  -9.656  43.835 0.0000000000
55838  0.155  -9.826  42.413 0.0000000000
55930  -3.194  -8.303  35.868 0.0000000000
56806  -0.877  -6.825  54.215 0.0000000000
56810  -1.992  -7.109  54.234 0.0000000000
56812  -0.938  -7.652  53.787 0.0000000000
56813  -1.972  -7.485  54.171 0.0000000000
56814  -2.315  -7.400  53.954 0.0000000000
56815  -2.912  -7.483  53.416 0.0000000000
56820  -4.990  -7.757  51.745 0.0000000000
56821  -5.467  -7.911  51.515 0.0000000000
56852  -21.970  -6.741  50.493 0.0000000000
56877  -11.950  -5.889  47.365 0.0000000000
56890  -13.061  -5.533  46.931 0.0000000000
56902  -11.179  -7.382  45.055 0.0000000000
56903  -11.174  -7.249  45.262 0.0000000000
56920  -11.386  -7.396  44.850 0.0000000000
56923  -13.024  -6.683  43.949 0.0000000000
56926  -23.018  -6.425  45.665 0.0000000000
56927  -28.662  -7.540  45.157 0.0000000000
56932  0.705  -9.451  45.234 0.0000000000
56943  -29.852  -6.677  44.229 0.0000000000
56960  -0.321  -8.940  42.803 0.0000000000
57866  -1.823  -6.557  54.135 0.0000000000
57868  0.080  -6.089  53.235 0.0000000000
57869  -0.356  -6.456  53.565 0.0000000000
57875  -20.679  -5.672  53.286 0.0000000000
57881  -2.819  -6.710  53.074 0.0000000000
57895  0.505  -5.740  52.189 0.0000000000
57899  -5.061  -7.281  51.318 0.0000000000
57900  -5.504  -7.340  50.961 0.0000000000
57910  -5.455  -7.121  50.804 0.0000000000
57911  -5.906  -7.122  50.500 0.0000000000
57919  -6.332  -6.763  49.913 0.0000000000
57943  -12.918  -4.594  48.198 0.0000000000
57955  -10.530  -4.542  48.593 0.0000000000
57965  -0.527  -6.419  47.689 0.0000000000
57969  -20.574  -5.800  47.042 0.0000000000
57979  -13.091  -5.674  45.771 0.0000000000
57991  -0.572  -7.102  46.660 0.0000000000
58007  -13.220  -5.850  44.595 0.0000000000
58009  -13.382  -6.307  43.056 0.0000000000
58073  -0.792  -5.431  38.705 0.0000000000
58095  -4.180  -6.398  38.785 0.0000000000
58123  -0.452  -5.058  36.465 0.0000000000
58181  0.130  -6.199  34.415 0.0000000000
58968  -1.343  -5.411  53.762 0.0000000000
58985  -19.892  -5.361  53.269 0.0000000000
59042  -30.373  -4.579  50.013 0.0000000000
59066  -0.486  -5.633  48.158 0.0000000000
59074  -30.342  -4.858  48.124 0.0000000000
59103  -13.538  -4.039  46.001 0.0000000000
59112  -2.335  -5.614  44.894 0.0000000000
59124  -3.159  -5.404  43.934 0.0000000000
59125  -3.373  -5.266  43.601 0.0000000000
59142  -4.143  -5.518  41.328 0.0000000000
59163  -0.116  -4.524  38.439 0.0000000000
59181  -1.060  -5.506  38.880 0.0000000000
60038  0.226  -4.495  53.975 0.0000000000
60054  0.490  -4.420  53.218 0.0000000000
60055  0.374  -4.868  53.283 0.0000000000
60056  -1.022  -4.523  53.501 0.0000000000
60069  -1.562  -4.541  52.384 0.0000000000
60150  -6.357  -5.190  48.022 0.0000000000
60184  -13.735  -3.853  46.251 0.0000000000
60195  -14.000  -3.579  46.161 0.0000000000
60202  -3.125  -4.527  44.062 0.0000000000
60203  -3.325  -4.860  43.786 0.0000000000
60206  -17.924  -4.232  44.445 0.0000000000
60208  -30.539  -4.864  43.713 0.0000000000
60212  -3.402  -4.619  43.409 0.0000000000
60215  -30.454  -4.920  43.007 0.0000000000
61175  -0.388  -3.995  54.174 0.0000000000
61176  -0.638  -4.390  53.991 0.0000000000
61177  0.526  -4.166  53.322 0.0000000000
61180  -0.447  -3.642  54.067 0.0000000000
61341  -14.178  -3.465  45.693 0.0000000000
61360  -16.730  -3.370  44.693 0.0000000000
61371  -3.243  -4.176  43.460 0.0000000000
62343  -0.097  -3.414  54.295 0.0000000000
62349  0.334  -3.207  53.635 0.0000000000
62352  -0.642  -3.589  53.561 0.0000000000
62375  -1.490  -3.015  51.897 0.0000000000
62384  1.427  -2.167  51.345 0.0000000000
63511  -0.138  -2.801  53.646 0.0000000000
63704  0.546  -2.275  37.146 0.0000000000
64706  0.368  -1.548  52.365 0.0000000000
64725  -1.296  -1.114  51.588 0.0000000000
69694  -33.511  5.866  34.023 0.0000000000
69704  -33.525  6.027  33.908 0.0000000000
70849  -34.040  5.852  33.579 0.0000000000
70850  -34.150  5.973  33.885 0.0000000000
71841  -32.729  7.286  38.653 0.0000000000
71925  -34.009  6.589  35.411 0.0000000000
71926  -34.598  6.566  35.190 0.0000000000
72901  -26.891  6.182  40.612 0.0000000000
72978  -34.495  6.108  32.940 0.0000000000
75050  -35.483  8.126  31.658 0.0000000000
76020  -36.965  9.340  37.542 0.0000000000
76074  -37.038  10.265  30.781 0.0000000000
76101  -36.725  9.227  29.819 0.0000000000
77250  -36.732  10.111  32.294 0.0000000000
77298  -38.147  10.544  29.387 0.0000000000
77308  -38.594  10.176  28.903 0.0000000000
77322  -41.352  11.936  27.076 0.0000000000
77332  -41.054  11.821  26.731 0.0000000000
79508  -39.614  12.415  30.940 0.0000000000
