#!ascii label  , from subject sub.01.base.03 vox2ras=TkReg
1424
93007  -36.679  25.515  14.758 0.0000000000
87938  -47.901  20.878  4.351 0.0000000000
98141  -43.990  31.562  15.539 0.0000000000
87857  -44.823  20.235  10.796 0.0000000000
90997  -42.231  23.341  19.907 0.0000000000
93086  -41.644  24.827  5.011 0.0000000000
98264  -43.424  31.310  4.352 0.0000000000
101833  -39.698  35.779  2.617 0.0000000000
88725  -34.764  21.352  25.472 0.0000000000
86751  -39.601  19.928  12.823 0.0000000000
87909  -41.915  20.727  6.908 0.0000000000
92112  -39.712  24.246  10.892 0.0000000000
98134  -48.171  31.906  15.757 0.0000000000
97294  -47.030  29.849  10.199 0.0000000000
99085  -43.183  32.417  11.282 0.0000000000
99123  -38.806  32.535  6.494 0.0000000000
102585  -43.910  36.585  7.150 0.0000000000
86876  -44.569  19.385  1.882 0.0000000000
97220  -33.078  29.921  17.332 0.0000000000
96369  -38.791  29.500  13.105 0.0000000000
89975  -49.544  23.449  14.845 0.0000000000
88852  -43.764  21.244  16.023 0.0000000000
86705  -37.652  19.493  17.886 0.0000000000
90990  -35.665  23.284  21.320 0.0000000000
87957  -43.954  21.015  2.722 0.0000000000
91206  -43.542  23.648  -0.353 0.0000000000
94703  -43.576  27.476  10.524 0.0000000000
95606  -44.973  29.042  4.229 0.0000000000
94795  -43.774  27.591  -1.203 0.0000000000
97390  -40.123  30.761  -0.575 0.0000000000
98303  -36.330  31.423  0.808 0.0000000000
88868  -37.957  22.017  13.800 0.0000000000
88905  -38.879  21.812  11.225 0.0000000000
92088  -38.562  24.017  13.221 0.0000000000
100862  -48.576  34.490  14.565 0.0000000000
99072  -46.796  32.206  13.779 0.0000000000
100872  -45.692  34.792  12.519 0.0000000000
101729  -43.331  35.559  10.071 0.0000000000
86869  -46.425  20.164  2.557 0.0000000000
97174  -31.667  30.732  20.537 0.0000000000
97207  -35.635  30.764  18.524 0.0000000000
89936  -43.268  22.676  17.789 0.0000000000
86718  -41.318  19.955  17.341 0.0000000000
88824  -40.028  21.467  18.946 0.0000000000
89811  -35.034  22.756  23.110 0.0000000000
91028  -30.534  23.573  18.748 0.0000000000
92992  -29.757  25.782  17.630 0.0000000000
92042  -28.017  24.328  18.810 0.0000000000
88931  -46.402  21.274  8.507 0.0000000000
90071  -41.175  22.249  5.718 0.0000000000
87934  -43.131  20.734  5.235 0.0000000000
90091  -41.763  22.382  3.911 0.0000000000
89021  -43.012  22.205  1.058 0.0000000000
92172  -42.367  24.552  3.051 0.0000000000
98161  -40.976  31.417  13.750 0.0000000000
95514  -41.178  28.470  12.138 0.0000000000
96383  -43.624  29.153  12.374 0.0000000000
97335  -45.682  30.629  7.108 0.0000000000
95579  -46.846  29.324  6.828 0.0000000000
97359  -45.996  30.310  3.307 0.0000000000
95631  -45.312  28.501  0.990 0.0000000000
97374  -44.768  30.871  0.641 0.0000000000
96517  -42.855  29.843  -0.842 0.0000000000
98293  -41.749  31.563  1.935 0.0000000000
100933  -38.876  34.760  4.475 0.0000000000
99149  -37.368  31.953  3.406 0.0000000000
100040  -36.988  34.155  2.320 0.0000000000
99154  -35.336  33.147  1.778 0.0000000000
101839  -37.019  35.302  1.674 0.0000000000
86778  -42.067  19.156  11.608 0.0000000000
87885  -43.275  20.190  8.731 0.0000000000
86805  -40.738  20.261  9.617 0.0000000000
90047  -39.712  22.531  8.377 0.0000000000
93058  -40.389  24.746  7.811 0.0000000000
98131  -45.821  31.482  16.253 0.0000000000
96373  -45.971  29.369  13.134 0.0000000000
97270  -47.465  30.566  13.641 0.0000000000
97292  -45.695  30.628  10.367 0.0000000000
98207  -43.477  31.145  8.416 0.0000000000
98246  -41.289  31.462  5.106 0.0000000000
99106  -40.642  32.775  8.691 0.0000000000
101768  -41.000  35.357  7.903 0.0000000000
102612  -41.628  36.602  5.110 0.0000000000
86874  -42.662  19.171  1.804 0.0000000000
95500  -34.741  28.185  15.243 0.0000000000
94672  -37.305  27.401  14.041 0.0000000000
97244  -35.800  30.255  15.441 0.0000000000
97246  -38.069  31.215  16.348 0.0000000000
98126  -40.344  31.331  17.226 0.0000000000
97200  -40.470  31.107  20.876 0.0000000000
98106  -43.397  31.569  18.686 0.0000000000
88880  -46.932  21.819  12.689 0.0000000000
89972  -46.633  22.140  15.034 0.0000000000
87821  -44.628  20.362  13.647 0.0000000000
85780  -42.349  18.776  14.302 0.0000000000
86732  -38.783  19.464  14.821 0.0000000000
88770  -40.810  21.651  22.461 0.0000000000
89794  -37.121  22.890  24.933 0.0000000000
90952  -38.035  23.174  22.944 0.0000000000
89882  -38.796  23.100  20.242 0.0000000000
87753  -36.185  20.848  20.094 0.0000000000
92067  -34.277  24.937  15.898 0.0000000000
90083  -48.079  23.135  4.019 0.0000000000
87912  -44.723  20.861  6.557 0.0000000000
88980  -45.958  21.860  4.262 0.0000000000
89014  -46.696  21.427  2.143 0.0000000000
87969  -44.909  20.672  1.549 0.0000000000
86895  -43.828  20.371  0.610 0.0000000000
89026  -42.526  21.963  -0.977 0.0000000000
93881  -39.678  26.520  12.621 0.0000000000
93035  -41.283  25.993  10.540 0.0000000000
94731  -41.772  26.797  7.628 0.0000000000
95544  -45.825  28.208  10.177 0.0000000000
95576  -44.474  28.439  7.542 0.0000000000
94755  -43.210  27.188  4.375 0.0000000000
93969  -43.606  26.524  2.106 0.0000000000
92203  -44.172  25.330  -1.548 0.0000000000
92200  -42.057  24.299  -0.939 0.0000000000
98291  -39.595  31.396  1.718 0.0000000000
98317  -37.882  30.832  -0.003 0.0000000000
96471  -37.320  29.666  2.523 0.0000000000
97358  -34.939  30.423  2.583 0.0000000000
98257  -33.628  31.669  4.086 0.0000000000
91064  -37.223  23.557  14.451 0.0000000000
91074  -38.174  23.478  13.468 0.0000000000
92076  -37.726  25.111  14.127 0.0000000000
100867  -47.987  34.759  13.761 0.0000000000
101717  -46.271  35.479  11.431 0.0000000000
87950  -47.125  20.563  3.405 0.0000000000
89922  -42.822  23.092  18.363 0.0000000000
88826  -41.658  21.926  18.104 0.0000000000
89905  -40.883  23.098  19.023 0.0000000000
91011  -30.074  22.856  19.016 0.0000000000
91027  -29.473  23.326  18.603 0.0000000000
88907  -46.527  21.194  10.704 0.0000000000
87873  -45.982  20.811  9.743 0.0000000000
92157  -40.995  23.760  5.842 0.0000000000
90081  -41.470  22.384  4.868 0.0000000000
91174  -41.549  23.314  4.533 0.0000000000
91192  -41.965  23.032  2.878 0.0000000000
92165  -42.141  24.812  3.878 0.0000000000
98151  -41.932  31.642  14.760 0.0000000000
98171  -42.378  30.785  12.972 0.0000000000
98163  -43.350  30.945  13.528 0.0000000000
98249  -44.929  31.043  5.391 0.0000000000
98251  -46.587  30.809  5.352 0.0000000000
98282  -45.079  30.973  3.679 0.0000000000
98312  -45.212  30.692  2.051 0.0000000000
98295  -43.844  31.306  2.364 0.0000000000
98310  -43.558  31.416  1.233 0.0000000000
98280  -43.099  31.372  3.262 0.0000000000
101815  -39.360  35.270  3.938 0.0000000000
100941  -38.213  34.424  3.812 0.0000000000
100959  -38.101  34.864  2.095 0.0000000000
100965  -37.261  34.857  1.639 0.0000000000
101840  -38.077  35.427  1.812 0.0000000000
86760  -40.498  19.367  12.232 0.0000000000
86793  -41.930  19.474  10.831 0.0000000000
86776  -40.479  19.737  11.103 0.0000000000
91111  -39.153  23.324  10.555 0.0000000000
90025  -39.126  22.387  10.011 0.0000000000
91122  -39.349  23.241  9.523 0.0000000000
92142  -39.750  23.726  8.293 0.0000000000
92124  -40.144  24.599  9.330 0.0000000000
98132  -46.759  31.524  16.284 0.0000000000
97250  -47.325  30.779  15.101 0.0000000000
98145  -47.687  31.291  15.231 0.0000000000
99076  -44.848  32.568  12.692 0.0000000000
98174  -45.452  31.777  12.377 0.0000000000
98179  -44.361  31.766  11.595 0.0000000000
98197  -44.356  30.832  9.185 0.0000000000
98196  -43.371  31.342  9.585 0.0000000000
98206  -42.222  31.699  8.796 0.0000000000
99097  -42.137  32.443  10.173 0.0000000000
102559  -43.558  36.294  8.518 0.0000000000
101750  -42.039  35.534  8.933 0.0000000000
101784  -42.052  35.926  7.792 0.0000000000
101796  -41.137  35.912  6.695 0.0000000000
102598  -42.693  36.618  6.169 0.0000000000
86875  -43.574  19.233  1.620 0.0000000000
96352  -33.390  29.017  16.285 0.0000000000
96358  -35.194  29.274  15.256 0.0000000000
97236  -34.941  30.173  16.380 0.0000000000
97195  -36.861  30.903  19.422 0.0000000000
97223  -36.355  30.802  17.690 0.0000000000
97225  -38.296  30.738  18.237 0.0000000000
98125  -39.470  31.193  17.473 0.0000000000
97226  -39.176  30.952  18.559 0.0000000000
98071  -40.165  31.231  22.073 0.0000000000
98096  -42.046  31.362  20.091 0.0000000000
98097  -43.250  31.531  19.845 0.0000000000
98099  -45.119  32.036  18.937 0.0000000000
98087  -44.275  31.798  20.802 0.0000000000
89991  -48.571  22.786  12.375 0.0000000000
91065  -49.085  23.190  13.792 0.0000000000
89963  -46.443  22.190  16.048 0.0000000000
88854  -45.411  21.965  15.757 0.0000000000
88870  -45.434  21.332  14.322 0.0000000000
87813  -44.422  20.662  14.665 0.0000000000
86754  -43.471  19.383  13.573 0.0000000000
86735  -42.944  19.615  15.419 0.0000000000
86716  -39.207  19.132  17.292 0.0000000000
85762  -39.619  18.729  15.809 0.0000000000
86723  -37.705  19.564  15.890 0.0000000000
89779  -36.137  22.437  25.593 0.0000000000
90950  -36.322  23.873  22.612 0.0000000000
90969  -37.059  23.758  21.840 0.0000000000
90970  -38.130  23.252  21.856 0.0000000000
90992  -37.688  23.092  21.215 0.0000000000
88803  -37.853  22.053  20.271 0.0000000000
88801  -35.625  21.696  20.576 0.0000000000
93867  -33.552  26.461  15.945 0.0000000000
92998  -32.365  25.540  16.612 0.0000000000
91175  -48.822  23.126  4.169 0.0000000000
87898  -42.559  20.436  7.751 0.0000000000
87900  -44.538  20.588  7.608 0.0000000000
87910  -42.790  20.572  6.868 0.0000000000
87948  -43.613  20.870  3.845 0.0000000000
87936  -44.463  21.009  4.606 0.0000000000
87949  -44.626  21.105  3.546 0.0000000000
88995  -46.182  21.883  3.277 0.0000000000
89005  -45.765  21.461  2.651 0.0000000000
87970  -46.086  21.075  1.868 0.0000000000
87968  -44.058  21.079  1.684 0.0000000000
90118  -42.979  22.812  0.705 0.0000000000
89022  -43.200  22.060  0.228 0.0000000000
87984  -43.164  21.838  -0.335 0.0000000000
87983  -42.979  21.501  -0.441 0.0000000000
90124  -43.244  22.867  -1.295 0.0000000000
95507  -38.239  28.454  13.392 0.0000000000
94676  -38.532  27.404  13.371 0.0000000000
95508  -38.992  28.315  12.917 0.0000000000
94692  -42.616  27.567  11.282 0.0000000000
93894  -42.033  27.254  11.308 0.0000000000
93912  -42.329  26.746  10.391 0.0000000000
93918  -41.591  26.212  9.132 0.0000000000
94722  -42.850  27.232  9.083 0.0000000000
96387  -47.146  29.411  12.118 0.0000000000
95520  -46.507  28.735  11.617 0.0000000000
95535  -47.215  28.847  10.448 0.0000000000
95597  -45.557  29.207  5.256 0.0000000000
95578  -46.181  28.879  7.082 0.0000000000
95596  -44.450  28.676  5.306 0.0000000000
94741  -43.490  28.125  5.929 0.0000000000
94749  -43.558  27.938  4.747 0.0000000000
93961  -43.426  26.781  3.068 0.0000000000
94763  -43.956  27.515  2.717 0.0000000000
94797  -44.802  28.145  -0.680 0.0000000000
94789  -44.741  27.445  -0.312 0.0000000000
94000  -44.288  26.802  -1.453 0.0000000000
92209  -42.907  24.626  -1.883 0.0000000000
93998  -43.242  26.286  -1.487 0.0000000000
93115  -42.209  25.368  -0.278 0.0000000000
93990  -42.957  26.680  -0.870 0.0000000000
97392  -41.737  30.557  -0.748 0.0000000000
96498  -42.115  29.176  0.787 0.0000000000
98245  -39.878  31.582  5.199 0.0000000000
98261  -40.481  31.389  4.028 0.0000000000
98260  -39.314  31.479  4.028 0.0000000000
98288  -36.732  31.709  1.475 0.0000000000
98289  -37.571  31.482  1.506 0.0000000000
97373  -36.535  30.825  0.203 0.0000000000
96493  -36.914  30.185  0.210 0.0000000000
96481  -36.111  30.280  1.098 0.0000000000
96470  -36.335  29.900  2.188 0.0000000000
97364  -35.195  30.723  1.721 0.0000000000
100031  -35.063  33.808  2.922 0.0000000000
98273  -34.341  31.718  3.078 0.0000000000
100030  -34.623  33.438  3.655 0.0000000000
99139  -33.492  32.578  4.501 0.0000000000
87819  -38.919  20.814  13.018 0.0000000000
87827  -39.245  20.681  12.194 0.0000000000
89989  -38.506  22.465  12.615 0.0000000000
91097  -38.756  23.154  12.037 0.0000000000
92101  -39.704  24.551  11.791 0.0000000000
99067  -47.951  32.453  14.607 0.0000000000
99954  -47.315  33.508  14.266 0.0000000000
99959  -45.893  33.669  13.489 0.0000000000
99962  -44.170  33.813  12.293 0.0000000000
99966  -42.999  33.948  11.454 0.0000000000
101715  -44.603  35.315  11.052 0.0000000000
101753  -44.962  36.028  9.733 0.0000000000
86868  -45.440  19.436  2.792 0.0000000000
97191  -32.461  30.861  19.519 0.0000000000
97206  -34.532  30.713  18.532 0.0000000000
97192  -33.711  31.186  19.735 0.0000000000
88843  -43.586  21.747  16.653 0.0000000000
86728  -42.776  20.007  16.106 0.0000000000
87784  -41.975  20.836  17.365 0.0000000000
86708  -40.583  20.175  17.931 0.0000000000
87772  -38.896  20.303  18.703 0.0000000000
88738  -34.902  21.390  24.349 0.0000000000
89831  -33.743  22.628  22.230 0.0000000000
92046  -31.590  24.020  18.328 0.0000000000
92994  -31.211  25.479  17.199 0.0000000000
92044  -30.051  24.474  18.116 0.0000000000
92988  -28.444  25.206  18.426 0.0000000000
90060  -40.994  21.850  6.339 0.0000000000
87919  -42.192  20.779  6.269 0.0000000000
88977  -41.694  21.595  5.296 0.0000000000
88991  -41.863  21.707  4.543 0.0000000000
88993  -43.158  21.197  3.005 0.0000000000
89004  -43.357  21.440  2.146 0.0000000000
90103  -42.287  22.498  2.530 0.0000000000
90111  -42.671  22.745  1.646 0.0000000000
92187  -43.145  24.431  1.101 0.0000000000
97264  -39.390  30.661  13.346 0.0000000000
96379  -39.718  29.474  12.650 0.0000000000
97275  -41.586  30.250  12.541 0.0000000000
96382  -42.767  29.245  12.243 0.0000000000
95531  -44.012  28.196  11.443 0.0000000000
97317  -46.716  30.334  8.262 0.0000000000
96422  -47.375  29.684  8.359 0.0000000000
97328  -47.242  30.194  7.081 0.0000000000
96465  -47.024  30.082  5.101 0.0000000000
96475  -46.218  29.892  3.868 0.0000000000
95623  -45.396  28.944  2.252 0.0000000000
96499  -45.623  29.533  1.580 0.0000000000
96511  -45.390  29.427  0.388 0.0000000000
96519  -44.341  29.566  -0.778 0.0000000000
95643  -43.619  28.637  -0.738 0.0000000000
97394  -43.656  30.629  -0.970 0.0000000000
98329  -42.104  31.077  -0.968 0.0000000000
98320  -41.140  31.366  -0.263 0.0000000000
100925  -38.415  33.885  5.777 0.0000000000
99133  -37.826  32.362  5.078 0.0000000000
100026  -37.727  33.814  4.396 0.0000000000
100032  -36.639  32.964  3.105 0.0000000000
99161  -36.087  32.333  1.560 0.0000000000
99160  -35.522  32.632  1.519 0.0000000000
100044  -36.171  33.579  1.321 0.0000000000
101837  -35.867  34.610  1.376 0.0000000000
101820  -36.184  35.141  2.587 0.0000000000
87856  -43.725  19.690  11.023 0.0000000000
87871  -44.048  20.060  9.785 0.0000000000
87855  -43.135  19.603  10.621 0.0000000000
87869  -41.744  19.995  9.357 0.0000000000
87883  -41.377  20.411  8.582 0.0000000000
87853  -39.639  20.786  10.272 0.0000000000
88929  -40.166  21.357  8.630 0.0000000000
88952  -40.645  21.527  7.411 0.0000000000
90059  -40.573  22.131  6.871 0.0000000000
92150  -40.528  23.870  6.608 0.0000000000
92151  -40.983  24.474  6.047 0.0000000000
98142  -45.085  31.298  15.420 0.0000000000
98165  -45.032  30.477  13.917 0.0000000000
98155  -45.971  30.554  14.736 0.0000000000
96365  -47.167  29.815  13.901 0.0000000000
97283  -47.274  29.984  11.512 0.0000000000
98168  -47.214  31.254  13.251 0.0000000000
98175  -46.553  31.022  12.112 0.0000000000
97293  -46.394  30.350  10.242 0.0000000000
97306  -45.892  30.460  9.497 0.0000000000
98220  -44.870  30.708  7.148 0.0000000000
98233  -43.187  31.177  6.385 0.0000000000
98247  -42.655  31.355  5.319 0.0000000000
98232  -41.891  31.403  6.457 0.0000000000
98217  -41.286  31.776  7.741 0.0000000000
99114  -39.590  32.781  7.672 0.0000000000
99984  -41.393  33.764  9.814 0.0000000000
99992  -40.370  33.637  8.752 0.0000000000
100000  -39.126  33.546  7.197 0.0000000000
101794  -39.784  35.264  5.925 0.0000000000
101806  -40.252  35.654  5.026 0.0000000000
102625  -40.541  36.041  3.965 0.0000000000
93872  -35.539  26.928  15.051 0.0000000000
93874  -36.930  26.460  14.424 0.0000000000
95503  -36.009  28.240  14.594 0.0000000000
96362  -36.122  29.270  14.584 0.0000000000
97262  -37.397  29.952  13.972 0.0000000000
97222  -35.284  30.585  17.532 0.0000000000
97245  -36.886  30.973  15.793 0.0000000000
98148  -38.709  31.314  15.066 0.0000000000
98149  -39.711  31.481  15.121 0.0000000000
98138  -40.542  31.443  16.082 0.0000000000
98128  -42.611  31.618  16.771 0.0000000000
97198  -39.369  31.116  20.111 0.0000000000
98103  -40.324  31.300  19.472 0.0000000000
98114  -42.414  31.488  17.853 0.0000000000
98129  -43.744  31.681  16.574 0.0000000000
98116  -44.628  31.691  17.391 0.0000000000
99047  -45.986  32.133  17.751 0.0000000000
99058  -47.345  32.110  16.867 0.0000000000
90004  -47.902  22.241  11.506 0.0000000000
88893  -46.246  21.200  11.829 0.0000000000
89965  -48.545  22.693  15.592 0.0000000000
89973  -47.661  22.453  14.786 0.0000000000
89982  -46.943  22.157  14.205 0.0000000000
88879  -46.126  21.338  12.991 0.0000000000
87842  -44.661  20.143  11.864 0.0000000000
86764  -43.830  19.566  12.768 0.0000000000
86762  -42.169  18.813  12.633 0.0000000000
85786  -40.666  18.941  13.106 0.0000000000
85764  -41.429  18.840  15.882 0.0000000000
85769  -39.799  18.733  14.970 0.0000000000
86742  -39.678  19.299  13.843 0.0000000000
87811  -38.303  20.644  14.135 0.0000000000
90916  -38.452  23.072  24.555 0.0000000000
89813  -36.232  22.741  24.186 0.0000000000
90932  -37.426  23.245  23.648 0.0000000000
89795  -39.139  22.719  24.089 0.0000000000
89834  -39.342  22.461  22.487 0.0000000000
90972  -39.806  22.929  21.144 0.0000000000
91016  -39.932  23.148  19.945 0.0000000000
89903  -39.150  22.751  19.785 0.0000000000
87763  -38.213  20.776  19.378 0.0000000000
87770  -36.693  19.787  18.283 0.0000000000
92069  -35.629  24.552  15.497 0.0000000000
93868  -34.264  26.480  15.659 0.0000000000
95497  -33.469  28.053  15.898 0.0000000000
96348  -32.449  29.218  16.938 0.0000000000
96337  -31.303  29.763  17.955 0.0000000000
90085  -49.933  22.381  4.917 0.0000000000
88998  -48.666  22.264  3.866 0.0000000000
88997  -48.101  21.880  3.513 0.0000000000
87887  -45.476  20.740  8.586 0.0000000000
87901  -45.304  20.864  7.508 0.0000000000
87921  -43.768  20.718  5.819 0.0000000000
88966  -45.060  21.272  5.380 0.0000000000
88968  -46.476  22.261  5.180 0.0000000000
88981  -46.653  22.365  4.143 0.0000000000
90104  -47.609  22.335  3.128 0.0000000000
87960  -47.142  20.990  2.475 0.0000000000
86878  -46.315  20.633  1.953 0.0000000000
86877  -45.642  19.955  1.790 0.0000000000
86887  -44.727  20.190  1.090 0.0000000000
89013  -43.371  21.583  1.169 0.0000000000
86896  -44.157  20.465  0.774 0.0000000000
86886  -43.866  19.748  0.960 0.0000000000
86894  -43.281  20.111  0.459 0.0000000000
87975  -42.074  20.799  -0.173 0.0000000000
89019  -41.409  21.542  -0.005 0.0000000000
93009  -38.047  25.644  13.983 0.0000000000
93013  -39.217  25.656  12.946 0.0000000000
93025  -40.201  25.169  11.623 0.0000000000
94681  -40.758  27.608  12.204 0.0000000000
93892  -40.804  26.309  11.658 0.0000000000
93034  -40.844  25.539  10.299 0.0000000000
93051  -40.929  25.687  8.865 0.0000000000
93926  -41.216  26.130  7.994 0.0000000000
93943  -41.683  26.187  5.883 0.0000000000
96372  -45.111  29.537  12.999 0.0000000000
95518  -44.699  28.627  11.904 0.0000000000
94704  -44.439  27.738  10.400 0.0000000000
95556  -46.758  28.726  8.924 0.0000000000
94725  -45.391  28.267  8.796 0.0000000000
94723  -43.730  27.736  8.648 0.0000000000
94733  -43.565  28.125  7.330 0.0000000000
94740  -42.549  27.451  6.401 0.0000000000
93087  -41.977  25.473  4.705 0.0000000000
93094  -42.485  25.486  3.638 0.0000000000
92188  -43.564  24.832  0.477 0.0000000000
94772  -44.706  27.632  1.444 0.0000000000
93118  -44.399  26.011  -0.157 0.0000000000
91211  -43.668  23.849  -1.069 0.0000000000
90131  -42.990  23.439  -1.792 0.0000000000
91210  -42.169  23.439  -1.364 0.0000000000
94788  -42.930  27.669  -0.109 0.0000000000
98262  -41.435  31.442  3.875 0.0000000000
98292  -40.671  31.556  1.795 0.0000000000
98307  -40.313  31.457  0.650 0.0000000000
98275  -37.908  31.601  2.628 0.0000000000
98290  -38.541  31.376  1.640 0.0000000000
97382  -39.394  30.570  -0.083 0.0000000000
96495  -38.906  29.716  0.862 0.0000000000
96483  -38.120  29.585  1.634 0.0000000000
96461  -38.762  29.593  4.212 0.0000000000
98287  -34.833  31.768  2.046 0.0000000000
97357  -34.390  30.868  3.172 0.0000000000
102651  -40.602  36.620  2.198 0.0000000000
103427  -39.584  37.007  1.695 0.0000000000
103426  -38.759  36.576  1.988 0.0000000000
102636  -37.164  36.041  3.137 0.0000000000
101803  -36.383  35.317  4.544 0.0000000000
92075  -37.254  24.585  14.473 0.0000000000
92082  -37.583  24.059  14.145 0.0000000000
90998  -42.886  23.290  19.797 0.0000000000
91034  -43.445  23.345  19.024 0.0000000000
91019  -42.606  23.481  19.336 0.0000000000
91031  -41.459  23.261  18.887 0.0000000000
91018  -41.825  23.453  19.394 0.0000000000
89898  -30.218  22.040  19.508 0.0000000000
87858  -45.726  20.705  10.744 0.0000000000
92158  -41.404  24.169  5.277 0.0000000000
92164  -41.794  24.326  4.356 0.0000000000
98152  -43.112  31.512  14.607 0.0000000000
98265  -44.494  31.155  4.476 0.0000000000
98266  -45.473  31.042  4.585 0.0000000000
98296  -44.743  30.977  2.658 0.0000000000
98281  -44.123  31.183  3.466 0.0000000000
101823  -39.168  35.346  3.019 0.0000000000
100951  -38.873  35.109  3.114 0.0000000000
101822  -38.920  35.301  2.540 0.0000000000
101831  -38.682  35.309  2.171 0.0000000000
101841  -39.067  35.791  1.864 0.0000000000
86759  -39.820  20.068  11.704 0.0000000000
92123  -39.657  24.093  9.940 0.0000000000
92133  -39.645  23.929  9.011 0.0000000000
98133  -47.628  31.671  16.085 0.0000000000
99081  -44.311  32.361  12.202 0.0000000000
98173  -44.724  32.064  12.247 0.0000000000
98178  -43.603  32.112  11.379 0.0000000000
98184  -43.282  31.813  10.733 0.0000000000
98195  -42.528  31.855  9.914 0.0000000000
99084  -42.570  32.644  10.838 0.0000000000
102571  -43.230  36.318  8.086 0.0000000000
101770  -42.396  35.936  8.281 0.0000000000
102584  -42.694  36.316  7.232 0.0000000000
102583  -42.158  36.280  6.718 0.0000000000
102599  -43.712  36.767  6.198 0.0000000000
85901  -44.827  19.113  2.883 0.0000000000
85900  -44.291  18.790  2.754 0.0000000000
85909  -43.986  18.944  2.087 0.0000000000
97234  -33.323  29.608  16.727 0.0000000000
97235  -33.867  29.810  16.668 0.0000000000
97209  -37.577  30.708  18.808 0.0000000000
97210  -38.463  30.754  19.061 0.0000000000
98086  -43.047  31.470  21.056 0.0000000000
91066  -49.808  23.728  14.195 0.0000000000
89974  -48.797  22.948  14.450 0.0000000000
88863  -44.930  21.420  14.946 0.0000000000
87805  -44.250  20.960  15.283 0.0000000000
87812  -43.942  20.244  15.018 0.0000000000
87804  -43.698  20.604  15.614 0.0000000000
86706  -38.547  19.535  18.030 0.0000000000
86715  -38.146  19.213  17.085 0.0000000000
86722  -36.864  19.914  16.338 0.0000000000
86714  -37.164  19.533  17.101 0.0000000000
88726  -35.559  22.019  25.480 0.0000000000
90968  -35.999  23.830  21.773 0.0000000000
90991  -36.646  23.298  21.254 0.0000000000
89879  -36.181  22.569  20.910 0.0000000000
92060  -32.746  24.485  16.816 0.0000000000
92059  -32.174  24.910  16.953 0.0000000000
90072  -47.231  22.760  5.072 0.0000000000
87899  -43.546  20.454  7.716 0.0000000000
88994  -45.467  21.466  3.392 0.0000000000
87958  -44.968  21.074  2.455 0.0000000000
90119  -43.301  22.902  -0.166 0.0000000000
89028  -43.269  22.462  -0.679 0.0000000000
90125  -43.510  23.113  -0.925 0.0000000000
96368  -37.803  29.390  13.628 0.0000000000
94693  -43.404  27.703  11.119 0.0000000000
94702  -42.843  27.253  10.746 0.0000000000
94714  -42.947  27.106  10.028 0.0000000000
96394  -47.349  29.361  10.958 0.0000000000
95521  -47.125  28.876  11.232 0.0000000000
96404  -47.399  29.304  10.119 0.0000000000
95605  -44.094  28.414  4.029 0.0000000000
95613  -44.022  28.033  3.346 0.0000000000
95614  -44.671  28.447  2.984 0.0000000000
95651  -44.406  27.872  -1.058 0.0000000000
94796  -44.590  27.611  -0.905 0.0000000000
94803  -44.135  27.406  -1.369 0.0000000000
93999  -43.768  26.644  -1.607 0.0000000000
93991  -43.444  26.953  -1.255 0.0000000000
97391  -40.706  30.695  -0.734 0.0000000000
97384  -41.041  30.288  -0.417 0.0000000000
97383  -40.233  30.417  -0.322 0.0000000000
98230  -39.269  31.923  6.112 0.0000000000
98229  -38.682  32.136  5.945 0.0000000000
96492  -36.331  30.542  0.458 0.0000000000
97372  -35.858  30.941  0.645 0.0000000000
97365  -35.595  30.692  1.173 0.0000000000
97371  -35.360  31.176  1.197 0.0000000000
100946  -35.129  34.065  3.426 0.0000000000
100037  -34.811  33.231  2.883 0.0000000000
88876  -38.693  21.588  12.434 0.0000000000
89981  -38.208  22.618  13.293 0.0000000000
91081  -38.605  23.472  12.786 0.0000000000
91082  -39.099  23.890  12.185 0.0000000000
92089  -39.063  24.598  12.782 0.0000000000
99956  -48.469  33.215  15.126 0.0000000000
99955  -47.893  33.418  14.533 0.0000000000
100873  -46.606  35.083  12.715 0.0000000000
100866  -46.823  34.523  13.461 0.0000000000
100865  -45.932  34.312  13.229 0.0000000000
99963  -44.897  33.697  12.758 0.0000000000
100871  -44.512  34.365  12.115 0.0000000000
100878  -45.521  35.212  11.727 0.0000000000
101732  -46.176  35.717  10.414 0.0000000000
101731  -45.171  35.682  10.428 0.0000000000
102561  -44.927  36.350  8.943 0.0000000000
86861  -46.465  19.827  3.630 0.0000000000
97175  -32.579  31.119  20.861 0.0000000000
89949  -43.749  22.417  17.325 0.0000000000
88836  -43.296  22.209  17.296 0.0000000000
87785  -42.589  21.204  17.079 0.0000000000
88835  -42.597  21.874  17.467 0.0000000000
88825  -40.553  21.816  18.705 0.0000000000
87774  -41.156  20.937  18.074 0.0000000000
87773  -40.008  20.816  18.676 0.0000000000
86707  -39.602  19.797  18.095 0.0000000000
91013  -32.036  23.188  19.515 0.0000000000
91029  -31.395  23.587  18.818 0.0000000000
91030  -32.024  23.619  18.491 0.0000000000
92045  -31.063  24.257  18.306 0.0000000000
92043  -28.933  24.320  18.285 0.0000000000
88964  -41.547  21.314  6.130 0.0000000000
88992  -42.483  21.388  3.809 0.0000000000
90092  -42.086  22.047  3.178 0.0000000000
89003  -42.630  21.690  2.704 0.0000000000
91182  -42.128  23.938  3.167 0.0000000000
91193  -42.315  23.523  2.519 0.0000000000
91200  -42.783  23.576  1.385 0.0000000000
92179  -42.659  24.429  2.026 0.0000000000
97265  -40.142  31.138  13.403 0.0000000000
97274  -40.427  30.555  12.819 0.0000000000
98170  -41.510  31.029  13.010 0.0000000000
97277  -43.416  29.801  12.673 0.0000000000
97276  -42.600  30.074  12.588 0.0000000000
95516  -43.023  28.657  11.868 0.0000000000
95517  -43.844  28.619  11.961 0.0000000000
97326  -46.216  30.516  7.630 0.0000000000
97318  -47.196  30.133  7.917 0.0000000000
97327  -46.828  30.412  7.343 0.0000000000
98284  -46.541  30.805  4.459 0.0000000000
98252  -46.931  30.765  5.136 0.0000000000
97360  -46.433  30.442  4.143 0.0000000000
96464  -46.568  29.791  4.730 0.0000000000
96487  -45.804  29.718  2.758 0.0000000000
97375  -45.286  30.381  1.003 0.0000000000
97386  -45.198  30.076  0.192 0.0000000000
96510  -45.019  29.767  -0.234 0.0000000000
97385  -44.668  30.553  -0.139 0.0000000000
96527  -43.641  30.104  -1.070 0.0000000000
98331  -43.824  31.111  -0.374 0.0000000000
98309  -42.508  31.574  0.982 0.0000000000
98322  -43.247  31.422  0.157 0.0000000000
98321  -42.232  31.439  -0.116 0.0000000000
98308  -41.421  31.580  0.769 0.0000000000
100017  -37.860  33.260  5.215 0.0000000000
100932  -38.286  34.152  4.939 0.0000000000
100949  -37.660  34.416  2.808 0.0000000000
100033  -36.943  33.742  3.060 0.0000000000
100039  -36.478  33.388  2.166 0.0000000000
100957  -36.762  34.251  1.742 0.0000000000
100964  -36.518  34.547  1.458 0.0000000000
101838  -36.226  34.817  1.429 0.0000000000
101828  -35.864  34.793  1.752 0.0000000000
101830  -36.742  35.473  2.256 0.0000000000
86795  -43.230  19.471  11.445 0.0000000000
86794  -42.781  19.495  10.963 0.0000000000
86806  -41.162  19.986  9.815 0.0000000000
86807  -41.877  19.720  10.140 0.0000000000
87868  -40.997  20.298  9.194 0.0000000000
88892  -39.055  21.269  11.511 0.0000000000
87840  -39.412  20.711  11.168 0.0000000000
88906  -39.151  21.524  10.651 0.0000000000
90036  -39.481  22.347  9.083 0.0000000000
88928  -39.729  21.655  8.999 0.0000000000
90037  -39.795  21.975  8.541 0.0000000000
88940  -40.608  21.250  8.004 0.0000000000
90048  -40.145  22.096  7.825 0.0000000000
92143  -40.061  23.934  7.580 0.0000000000
93068  -40.426  24.445  7.225 0.0000000000
93069  -40.756  25.154  6.970 0.0000000000
98143  -46.174  30.924  15.336 0.0000000000
97259  -47.384  30.533  14.466 0.0000000000
96366  -47.418  30.157  13.825 0.0000000000
96375  -47.358  29.898  13.224 0.0000000000
97279  -47.387  30.315  12.602 0.0000000000
99066  -47.337  32.789  14.282 0.0000000000
99073  -47.431  32.006  14.093 0.0000000000
98180  -45.574  31.030  11.222 0.0000000000
98181  -46.330  30.794  11.345 0.0000000000
97282  -46.755  30.434  11.195 0.0000000000
97281  -46.207  30.663  10.873 0.0000000000
98208  -44.524  30.755  8.118 0.0000000000
98219  -43.820  30.968  7.311 0.0000000000
98218  -42.629  31.324  7.526 0.0000000000
98205  -41.458  32.009  8.505 0.0000000000
99116  -41.012  32.241  8.412 0.0000000000
98216  -40.526  32.010  7.436 0.0000000000
99115  -40.398  32.349  8.003 0.0000000000
100875  -42.831  34.349  11.062 0.0000000000
99972  -41.909  34.003  10.355 0.0000000000
100885  -42.484  34.861  10.304 0.0000000000
100909  -41.051  35.067  8.407 0.0000000000
100896  -40.679  34.253  8.888 0.0000000000
100908  -40.316  34.643  8.114 0.0000000000
99991  -39.728  33.629  8.058 0.0000000000
100907  -39.562  34.142  7.668 0.0000000000
100917  -39.537  34.597  6.932 0.0000000000
100918  -40.113  35.019  7.285 0.0000000000
102596  -41.210  36.281  5.600 0.0000000000
101795  -40.688  35.844  6.064 0.0000000000
102611  -40.933  36.222  4.992 0.0000000000
102626  -41.430  36.711  4.076 0.0000000000
86884  -41.853  19.660  1.336 0.0000000000
94668  -35.186  27.417  15.111 0.0000000000
94670  -35.767  27.433  14.824 0.0000000000
95501  -35.387  28.224  14.886 0.0000000000
96359  -35.775  29.729  14.982 0.0000000000
97253  -36.101  29.939  14.845 0.0000000000
96363  -37.003  29.309  14.028 0.0000000000
97254  -36.827  30.299  14.601 0.0000000000
97238  -37.141  31.008  16.964 0.0000000000
97255  -37.807  31.084  15.194 0.0000000000
98136  -38.463  31.287  15.717 0.0000000000
98137  -39.265  31.329  16.272 0.0000000000
98139  -41.694  31.557  15.881 0.0000000000
98127  -41.476  31.409  16.986 0.0000000000
97184  -40.423  31.128  21.356 0.0000000000
97166  -39.116  31.169  21.052 0.0000000000
97199  -40.075  31.194  20.422 0.0000000000
97212  -39.838  31.240  19.754 0.0000000000
98094  -40.293  31.279  20.011 0.0000000000
98105  -42.236  31.435  18.965 0.0000000000
98115  -43.542  31.627  17.608 0.0000000000
98107  -44.449  31.746  18.378 0.0000000000
99036  -45.238  32.178  19.487 0.0000000000
98108  -45.440  32.025  18.148 0.0000000000
99043  -46.177  32.316  18.220 0.0000000000
99048  -46.624  32.219  17.501 0.0000000000
99044  -46.835  32.638  18.549 0.0000000000
91083  -49.365  23.371  12.257 0.0000000000
89990  -47.738  22.337  12.528 0.0000000000
88894  -47.149  21.683  11.652 0.0000000000
89964  -47.505  22.336  15.822 0.0000000000
87822  -45.069  20.880  13.927 0.0000000000
88878  -45.617  21.193  13.628 0.0000000000
87829  -45.235  20.696  12.855 0.0000000000
87828  -44.464  20.026  12.785 0.0000000000
86744  -43.026  19.198  14.373 0.0000000000
86753  -42.715  18.933  13.516 0.0000000000
85788  -41.971  18.635  13.547 0.0000000000
85802  -41.691  18.666  13.113 0.0000000000
85787  -41.265  18.663  13.483 0.0000000000
86719  -41.928  20.150  17.030 0.0000000000
86727  -42.088  19.656  16.375 0.0000000000
86726  -40.920  19.114  16.632 0.0000000000
85768  -39.236  18.890  15.438 0.0000000000
85777  -39.827  18.910  14.328 0.0000000000
87802  -38.105  20.122  14.768 0.0000000000
89836  -41.893  22.212  21.492 0.0000000000
89781  -37.343  23.146  25.530 0.0000000000
90898  -37.879  23.455  25.501 0.0000000000
90899  -38.637  23.612  25.610 0.0000000000
88753  -35.223  22.004  23.783 0.0000000000
89812  -35.760  22.629  23.830 0.0000000000
90951  -37.281  23.599  22.758 0.0000000000
90933  -38.039  23.090  23.804 0.0000000000
89814  -38.698  22.744  23.365 0.0000000000
89815  -39.542  22.316  23.378 0.0000000000
89833  -38.663  22.872  22.340 0.0000000000
90993  -38.670  23.183  20.819 0.0000000000
90971  -39.020  23.124  21.309 0.0000000000
90994  -39.535  23.180  20.631 0.0000000000
90995  -40.552  22.997  20.482 0.0000000000
88802  -36.831  21.610  20.391 0.0000000000
88815  -37.617  21.278  19.946 0.0000000000
88814  -37.069  21.066  20.018 0.0000000000
87762  -37.028  20.531  19.527 0.0000000000
92062  -34.342  24.007  16.155 0.0000000000
89947  -35.122  22.803  16.257 0.0000000000
91055  -35.302  23.697  15.832 0.0000000000
92068  -34.736  24.508  15.835 0.0000000000
93004  -35.290  25.397  15.480 0.0000000000
93003  -34.525  25.549  15.698 0.0000000000
93865  -32.817  26.419  16.289 0.0000000000
94664  -33.173  27.271  16.110 0.0000000000
92993  -30.426  25.544  17.477 0.0000000000
93860  -30.717  25.986  17.137 0.0000000000
93859  -30.166  26.535  17.292 0.0000000000
96346  -30.693  29.213  17.691 0.0000000000
96347  -31.524  29.127  17.363 0.0000000000
96336  -30.520  29.704  18.497 0.0000000000
97203  -31.104  30.177  18.743 0.0000000000
90074  -50.150  22.520  5.158 0.0000000000
91167  -50.030  22.770  5.217 0.0000000000
91184  -48.974  22.923  4.078 0.0000000000
90094  -48.205  22.554  3.537 0.0000000000
90105  -47.797  22.329  3.235 0.0000000000
87872  -45.098  20.446  9.705 0.0000000000
87886  -44.351  20.375  8.669 0.0000000000
87920  -42.848  20.698  5.924 0.0000000000
88979  -45.225  21.398  4.408 0.0000000000
88967  -45.770  21.703  5.307 0.0000000000
89006  -46.395  21.591  2.442 0.0000000000
88996  -46.886  22.269  3.186 0.0000000000
89007  -47.176  21.835  2.501 0.0000000000
89015  -46.922  21.535  2.155 0.0000000000
87971  -46.656  21.220  2.052 0.0000000000
86888  -45.659  20.565  1.669 0.0000000000
89012  -42.842  21.980  1.826 0.0000000000
87977  -43.680  21.004  0.561 0.0000000000
87976  -43.041  20.708  -0.017 0.0000000000
87982  -42.510  21.296  -0.536 0.0000000000
89020  -41.915  21.646  -0.692 0.0000000000
93875  -37.715  26.451  14.122 0.0000000000
94673  -37.985  27.089  13.816 0.0000000000
94677  -39.293  27.349  12.871 0.0000000000
93878  -38.971  26.501  13.202 0.0000000000
93016  -40.018  25.593  12.162 0.0000000000
96380  -40.797  29.438  12.330 0.0000000000
95513  -40.220  28.422  12.426 0.0000000000
93901  -41.762  26.442  10.793 0.0000000000
93893  -41.401  26.785  11.481 0.0000000000
93027  -41.299  26.233  11.025 0.0000000000
93026  -40.710  25.736  11.232 0.0000000000
93043  -40.636  25.284  9.553 0.0000000000
93044  -41.196  25.818  9.748 0.0000000000
93927  -42.044  26.753  8.547 0.0000000000
93934  -41.474  26.238  6.758 0.0000000000
97269  -45.631  29.830  13.642 0.0000000000
97268  -44.857  30.131  13.460 0.0000000000
95533  -45.793  28.345  11.061 0.0000000000
95519  -45.608  28.667  11.793 0.0000000000
95532  -44.841  28.179  11.195 0.0000000000
95543  -45.203  28.043  10.603 0.0000000000
96421  -47.312  29.528  7.848 0.0000000000
95557  -47.319  29.158  8.706 0.0000000000
95568  -46.926  29.097  7.877 0.0000000000
95577  -45.237  28.643  7.336 0.0000000000
95567  -45.965  28.561  8.207 0.0000000000
95566  -44.993  28.412  8.171 0.0000000000
94724  -44.700  28.028  8.798 0.0000000000
95565  -44.268  28.200  8.132 0.0000000000
94748  -42.910  27.307  5.195 0.0000000000
93944  -42.170  26.533  5.431 0.0000000000
93952  -42.680  26.435  4.347 0.0000000000
93968  -43.227  26.156  2.653 0.0000000000
93102  -43.283  25.897  2.182 0.0000000000
93110  -43.411  25.517  1.398 0.0000000000
95622  -44.968  28.220  1.836 0.0000000000
95630  -45.021  27.954  1.219 0.0000000000
93992  -44.519  26.685  -0.925 0.0000000000
93986  -44.564  26.628  -0.140 0.0000000000
93127  -44.401  25.699  -0.810 0.0000000000
93126  -44.128  25.085  -0.621 0.0000000000
92202  -44.034  24.706  -1.225 0.0000000000
91218  -43.495  23.999  -1.564 0.0000000000
92201  -42.503  24.653  -1.412 0.0000000000
92208  -42.439  24.103  -1.593 0.0000000000
90116  -41.440  22.348  -0.364 0.0000000000
91199  -41.255  23.873  0.264 0.0000000000
95637  -43.101  28.790  -0.218 0.0000000000
95628  -42.185  28.557  1.220 0.0000000000
98263  -42.323  31.426  4.173 0.0000000000
98277  -39.992  31.388  2.891 0.0000000000
98278  -41.056  31.483  2.937 0.0000000000
99142  -37.494  32.271  4.288 0.0000000000
98259  -38.180  31.705  3.895 0.0000000000
98305  -38.185  31.198  0.647 0.0000000000
98318  -38.833  30.735  0.190 0.0000000000
97381  -38.293  30.473  -0.132 0.0000000000
96506  -38.585  30.125  0.135 0.0000000000
96505  -37.714  30.130  -0.176 0.0000000000
96482  -37.059  29.779  1.285 0.0000000000
96472  -38.446  29.614  2.919 0.0000000000
96460  -37.585  29.640  3.829 0.0000000000
96458  -35.579  29.975  2.976 0.0000000000
96446  -35.615  29.966  4.184 0.0000000000
97352  -34.850  30.328  3.609 0.0000000000
98301  -35.208  31.793  1.454 0.0000000000
99159  -35.087  32.206  1.745 0.0000000000
98272  -33.951  32.038  3.620 0.0000000000
98258  -34.087  31.248  3.595 0.0000000000
97350  -33.590  31.038  4.686 0.0000000000
103414  -39.098  37.149  2.357 0.0000000000
102637  -37.777  36.441  3.173 0.0000000000
101814  -36.783  35.717  3.807 0.0000000000
89980  -37.783  22.684  13.874 0.0000000000
91073  -37.688  23.517  13.973 0.0000000000
92083  -38.159  24.578  13.694 0.0000000000
101704  -47.795  35.161  13.143 0.0000000000
101718  -47.365  35.504  11.418 0.0000000000
101733  -47.259  35.617  10.429 0.0000000000
97164  -31.757  30.453  21.590 0.0000000000
89923  -43.697  23.084  18.647 0.0000000000
88827  -42.208  22.350  17.962 0.0000000000
89921  -41.989  22.845  18.331 0.0000000000
89920  -41.032  22.650  18.691 0.0000000000
89919  -40.530  22.408  18.888 0.0000000000
91010  -29.645  22.895  18.844 0.0000000000
88908  -47.317  21.628  10.594 0.0000000000
88918  -46.633  21.244  9.689 0.0000000000
87888  -46.158  20.964  9.113 0.0000000000
91164  -41.203  23.165  5.351 0.0000000000
90102  -41.901  22.660  3.174 0.0000000000
91181  -41.860  23.435  3.500 0.0000000000
92171  -42.057  24.215  3.597 0.0000000000
98162  -42.223  31.363  13.711 0.0000000000
97267  -43.946  30.281  13.192 0.0000000000
98235  -45.468  30.787  6.255 0.0000000000
98236  -46.202  30.744  5.906 0.0000000000
98250  -45.855  30.945  5.360 0.0000000000
98283  -45.986  30.835  3.938 0.0000000000
98297  -45.478  30.651  2.978 0.0000000000
98311  -44.577  31.051  1.460 0.0000000000
98323  -44.180  31.181  0.439 0.0000000000
98294  -42.808  31.474  2.133 0.0000000000
100942  -38.859  34.975  3.525 0.0000000000
100958  -37.410  34.628  2.000 0.0000000000
100966  -37.755  34.906  1.746 0.0000000000
86777  -41.233  19.309  11.374 0.0000000000
86791  -40.475  20.170  10.159 0.0000000000
90016  -38.877  22.369  10.838 0.0000000000
91133  -39.542  23.161  8.669 0.0000000000
91143  -39.772  23.082  7.913 0.0000000000
92134  -40.034  24.368  8.435 0.0000000000
98144  -47.112  31.049  15.554 0.0000000000
98156  -47.694  31.486  14.422 0.0000000000
99071  -46.014  32.596  13.405 0.0000000000
98167  -46.311  31.756  13.020 0.0000000000
98186  -45.254  30.795  10.595 0.0000000000
97291  -45.159  30.692  10.301 0.0000000000
98185  -44.527  31.005  10.409 0.0000000000
99108  -41.926  32.211  9.546 0.0000000000
99096  -41.544  32.836  9.754 0.0000000000
101751  -42.951  35.917  9.187 0.0000000000
100898  -42.162  35.298  9.454 0.0000000000
101769  -41.606  35.525  8.294 0.0000000000
101782  -40.670  35.460  7.192 0.0000000000
101783  -41.605  35.898  7.270 0.0000000000
102597  -41.687  36.317  6.132 0.0000000000
102613  -42.505  36.934  5.221 0.0000000000
85908  -43.398  18.755  2.317 0.0000000000
86885  -42.841  19.717  0.945 0.0000000000
96357  -34.247  28.774  15.653 0.0000000000
96353  -34.407  29.506  15.980 0.0000000000
96354  -34.913  29.758  15.805 0.0000000000
97194  -35.961  30.909  19.323 0.0000000000
97208  -36.638  30.796  18.615 0.0000000000
97224  -37.372  30.786  17.942 0.0000000000
97239  -38.115  30.998  17.400 0.0000000000
97247  -38.780  31.167  17.071 0.0000000000
97240  -38.905  30.943  17.783 0.0000000000
98111  -39.417  31.068  18.047 0.0000000000
98112  -40.092  31.256  18.400 0.0000000000
98084  -40.984  31.134  21.271 0.0000000000
98095  -40.884  31.213  20.316 0.0000000000
98085  -41.862  31.302  21.151 0.0000000000
98098  -44.467  31.839  19.496 0.0000000000
91075  -49.232  23.297  13.185 0.0000000000
89984  -48.498  22.816  13.332 0.0000000000
88855  -46.061  22.017  15.436 0.0000000000
88864  -45.779  21.756  14.924 0.0000000000
87814  -44.946  21.108  14.441 0.0000000000
86746  -44.302  20.128  14.109 0.0000000000
86755  -44.146  19.817  13.570 0.0000000000
86745  -43.810  19.808  14.516 0.0000000000
85772  -42.616  19.054  14.838 0.0000000000
86717  -40.262  19.422  17.370 0.0000000000
86725  -39.874  18.825  16.580 0.0000000000
86724  -38.873  18.933  16.141 0.0000000000
86731  -37.971  19.890  15.113 0.0000000000
90929  -35.130  23.410  22.736 0.0000000000
90930  -35.650  23.440  23.109 0.0000000000
90949  -35.400  23.745  22.380 0.0000000000
89881  -38.318  22.713  20.409 0.0000000000
89880  -37.264  22.582  20.767 0.0000000000
89945  -33.828  23.019  16.848 0.0000000000
91047  -34.090  23.557  16.460 0.0000000000
92061  -33.861  24.470  16.234 0.0000000000
93000  -33.983  25.252  15.949 0.0000000000
92999  -33.316  25.488  16.208 0.0000000000
93864  -32.010  26.481  16.530 0.0000000000
91166  -49.449  23.268  5.040 0.0000000000
90073  -47.912  23.284  4.914 0.0000000000
90082  -47.392  22.735  4.104 0.0000000000
87911  -43.709  20.586  6.734 0.0000000000
87947  -43.020  20.836  4.539 0.0000000000
87935  -43.743  20.757  4.928 0.0000000000
87959  -45.678  21.175  2.102 0.0000000000
89027  -43.043  22.201  -0.998 0.0000000000
95505  -37.467  28.432  13.762 0.0000000000
95515  -42.109  28.434  11.922 0.0000000000
94682  -41.427  27.661  11.901 0.0000000000
93902  -42.182  26.976  11.029 0.0000000000
93911  -41.790  26.258  10.044 0.0000000000
93919  -42.299  26.667  9.549 0.0000000000
96374  -46.820  29.441  13.153 0.0000000000
96386  -46.296  29.071  12.415 0.0000000000
95534  -46.584  28.546  10.764 0.0000000000
95588  -46.415  29.290  6.038 0.0000000000
95587  -45.384  28.877  6.280 0.0000000000
95586  -44.409  28.544  6.633 0.0000000000
93953  -43.207  26.800  3.793 0.0000000000
94756  -43.605  27.543  3.725 0.0000000000
94771  -44.210  27.189  1.750 0.0000000000
95638  -45.196  28.587  -0.017 0.0000000000
94782  -45.070  28.021  0.135 0.0000000000
94790  -44.933  28.060  -0.429 0.0000000000
93136  -44.293  25.971  -1.505 0.0000000000
92210  -43.698  24.927  -1.834 0.0000000000
93135  -43.997  25.913  -1.904 0.0000000000
93134  -43.378  25.649  -1.841 0.0000000000
93124  -42.374  24.926  -1.027 0.0000000000
93116  -42.591  26.037  -0.653 0.0000000000
96509  -42.038  29.775  0.121 0.0000000000
98231  -40.442  31.793  6.565 0.0000000000
98274  -37.076  31.811  2.435 0.0000000000
98304  -37.182  31.154  0.423 0.0000000000
98316  -37.399  30.823  -0.153 0.0000000000
96504  -37.276  30.346  -0.265 0.0000000000
96469  -35.613  30.269  1.990 0.0000000000
100038  -35.245  33.641  2.149 0.0000000000
99153  -34.913  32.621  2.289 0.0000000000
99147  -34.264  32.586  3.509 0.0000000000
99146  -33.754  32.218  3.885 0.0000000000
99140  -34.112  32.994  4.055 0.0000000000
87820  -39.267  20.439  12.792 0.0000000000
87826  -38.941  21.066  12.429 0.0000000000
88877  -38.944  21.252  12.066 0.0000000000
88891  -38.836  21.743  11.765 0.0000000000
90015  -38.771  22.232  11.414 0.0000000000
91110  -38.803  22.887  11.351 0.0000000000
91098  -39.205  23.689  11.469 0.0000000000
99068  -48.291  32.396  15.062 0.0000000000
100861  -47.621  34.103  14.137 0.0000000000
100860  -47.070  33.900  14.066 0.0000000000
99960  -46.679  33.312  13.969 0.0000000000
99070  -45.350  33.064  13.185 0.0000000000
99075  -44.153  33.088  12.410 0.0000000000
99079  -42.993  33.136  11.452 0.0000000000
99967  -43.569  33.647  11.922 0.0000000000
100876  -43.660  34.705  11.343 0.0000000000
100886  -43.349  35.210  10.593 0.0000000000
101716  -45.405  35.416  11.138 0.0000000000
101752  -44.021  35.993  9.552 0.0000000000
102560  -44.056  36.313  8.733 0.0000000000
102572  -44.095  36.493  7.968 0.0000000000
97204  -32.141  30.199  18.300 0.0000000000
97205  -33.356  30.540  18.475 0.0000000000
97193  -34.998  30.985  19.440 0.0000000000
97176  -33.338  31.327  20.628 0.0000000000
98092  -34.571  31.279  20.095 0.0000000000
87795  -43.478  21.081  16.204 0.0000000000
87794  -42.855  20.695  16.531 0.0000000000
87793  -42.237  20.303  16.863 0.0000000000
87775  -41.678  21.310  17.796 0.0000000000
87783  -41.380  20.518  17.642 0.0000000000
87673  -34.561  21.048  24.791 0.0000000000
87693  -34.359  20.973  24.236 0.0000000000
88752  -34.550  21.692  23.391 0.0000000000
88769  -34.035  21.954  22.736 0.0000000000
89832  -34.379  22.516  22.735 0.0000000000
90948  -34.528  23.294  22.322 0.0000000000
92053  -31.822  24.453  17.583 0.0000000000
92995  -31.841  25.229  16.983 0.0000000000
92052  -30.821  24.865  17.723 0.0000000000
92990  -29.971  25.223  17.787 0.0000000000
92989  -29.251  25.296  17.982 0.0000000000
88965  -42.087  21.037  5.689 0.0000000000
88978  -42.432  21.143  5.004 0.0000000000
91205  -43.236  23.560  0.472 0.0000000000
96370  -39.349  29.988  12.921 0.0000000000
97273  -39.688  30.200  12.870 0.0000000000
96381  -41.835  29.318  12.250 0.0000000000
95529  -42.592  28.086  11.620 0.0000000000
95530  -43.242  28.148  11.533 0.0000000000
97308  -47.114  29.991  8.891 0.0000000000
96413  -47.344  29.508  9.322 0.0000000000
96431  -47.401  29.875  7.546 0.0000000000
96442  -47.409  29.929  6.816 0.0000000000
97344  -46.667  30.620  5.998 0.0000000000
97346  -47.355  30.147  6.002 0.0000000000
96452  -47.272  29.907  5.792 0.0000000000
96451  -46.833  29.667  5.445 0.0000000000
95607  -45.876  29.496  4.440 0.0000000000
95615  -45.499  29.315  3.407 0.0000000000
97366  -45.706  30.260  2.242 0.0000000000
96520  -45.029  29.054  -0.412 0.0000000000
95645  -44.639  28.421  -0.786 0.0000000000
95644  -44.135  28.327  -1.057 0.0000000000
96518  -43.643  29.485  -0.920 0.0000000000
96525  -42.897  30.366  -1.261 0.0000000000
98330  -43.023  31.229  -0.818 0.0000000000
97400  -42.560  30.642  -1.137 0.0000000000
98328  -40.957  31.021  -0.857 0.0000000000
98327  -40.421  30.919  -0.725 0.0000000000
100007  -38.523  33.263  6.305 0.0000000000
99134  -38.305  32.530  5.767 0.0000000000
100016  -37.527  32.758  4.714 0.0000000000
99141  -37.087  32.461  3.744 0.0000000000
100025  -37.157  33.135  4.063 0.0000000000
100024  -36.871  32.726  3.560 0.0000000000
99155  -36.488  32.347  2.332 0.0000000000
98302  -35.717  31.702  1.116 0.0000000000
100043  -35.617  33.629  1.444 0.0000000000
100963  -35.938  34.302  1.126 0.0000000000
100956  -35.589  34.316  1.616 0.0000000000
100947  -35.581  34.550  2.621 0.0000000000
100939  -35.844  34.794  3.298 0.0000000000
87870  -42.823  19.718  9.925 0.0000000000
86808  -42.368  19.595  10.455 0.0000000000
87884  -42.228  20.148  8.640 0.0000000000
87897  -41.578  20.642  7.752 0.0000000000
86775  -39.923  20.251  10.758 0.0000000000
87854  -40.033  20.543  9.916 0.0000000000
88916  -39.501  21.515  9.672 0.0000000000
87866  -39.835  20.892  9.652 0.0000000000
87867  -40.343  20.657  9.354 0.0000000000
87882  -40.720  20.744  8.604 0.0000000000
87896  -41.022  20.775  8.072 0.0000000000
88941  -40.949  21.033  7.591 0.0000000000
88953  -41.100  21.242  6.939 0.0000000000
90070  -40.829  22.450  6.274 0.0000000000
91144  -40.180  23.006  7.153 0.0000000000
91154  -40.552  22.911  6.536 0.0000000000
91163  -40.849  23.076  6.016 0.0000000000
93077  -41.421  25.321  5.730 0.0000000000
98153  -44.251  31.207  14.539 0.0000000000
98154  -45.316  30.718  14.496 0.0000000000
97257  -45.979  30.183  14.301 0.0000000000
97249  -46.887  30.540  15.004 0.0000000000
97258  -46.736  30.143  14.411 0.0000000000
98157  -48.092  32.030  14.805 0.0000000000
98176  -47.170  30.760  12.479 0.0000000000
97278  -47.111  30.491  11.988 0.0000000000
97307  -46.579  30.249  9.267 0.0000000000
97316  -46.059  30.462  8.552 0.0000000000
97325  -45.446  30.579  7.886 0.0000000000
97315  -45.240  30.541  8.823 0.0000000000
98234  -44.351  30.978  6.306 0.0000000000
98248  -43.846  31.223  5.379 0.0000000000
99124  -39.503  32.303  6.927 0.0000000000
99973  -42.446  33.739  10.909 0.0000000000
99083  -41.928  33.215  10.368 0.0000000000
99095  -40.979  33.211  9.265 0.0000000000
100897  -41.380  34.751  9.196 0.0000000000
99983  -40.858  33.945  9.285 0.0000000000
99105  -40.019  32.988  8.362 0.0000000000
99999  -38.795  33.031  6.843 0.0000000000
100008  -38.785  34.038  6.469 0.0000000000
100926  -38.985  34.587  5.668 0.0000000000
101781  -40.122  35.263  6.714 0.0000000000
101805  -39.505  35.215  4.902 0.0000000000
101816  -39.915  35.557  4.257 0.0000000000
101824  -39.851  35.662  3.433 0.0000000000
102638  -40.298  36.107  2.891 0.0000000000
93005  -35.995  25.414  15.259 0.0000000000
93873  -36.041  26.441  14.956 0.0000000000
94671  -36.461  27.381  14.492 0.0000000000
96361  -35.649  28.770  14.768 0.0000000000
95504  -36.704  28.338  14.193 0.0000000000
97263  -38.149  30.559  14.018 0.0000000000
97221  -34.173  30.323  17.476 0.0000000000
97237  -36.032  30.768  16.606 0.0000000000
98159  -39.113  31.253  14.257 0.0000000000
98160  -39.961  31.457  14.073 0.0000000000
98150  -40.791  31.553  14.952 0.0000000000
98140  -42.846  31.691  15.692 0.0000000000
97211  -39.217  31.000  19.390 0.0000000000
97227  -39.725  31.184  19.103 0.0000000000
98104  -41.119  31.352  19.230 0.0000000000
98113  -41.262  31.389  18.112 0.0000000000
98130  -44.831  31.561  16.409 0.0000000000
98117  -45.681  31.834  17.186 0.0000000000
98118  -46.336  31.823  16.807 0.0000000000
99057  -46.767  31.959  16.843 0.0000000000
87843  -45.445  20.629  11.732 0.0000000000
89983  -47.587  22.399  13.638 0.0000000000
88871  -46.212  21.648  14.095 0.0000000000
88872  -46.759  21.884  13.519 0.0000000000
87830  -45.763  20.987  12.340 0.0000000000
87841  -44.091  19.711  12.064 0.0000000000
86779  -42.828  19.251  11.873 0.0000000000
86763  -43.106  19.210  12.710 0.0000000000
86761  -41.361  18.981  12.170 0.0000000000
85800  -40.936  18.950  12.560 0.0000000000
86752  -40.127  19.321  13.115 0.0000000000
86734  -42.248  19.299  15.700 0.0000000000
85771  -42.051  18.833  15.205 0.0000000000
85763  -40.418  18.636  15.854 0.0000000000
85770  -40.941  18.541  15.054 0.0000000000
85779  -41.511  18.600  14.280 0.0000000000
85778  -40.460  18.762  14.062 0.0000000000
86741  -39.081  20.070  13.624 0.0000000000
88861  -37.968  21.422  14.030 0.0000000000
88860  -37.475  21.771  14.498 0.0000000000
89971  -37.328  22.756  14.361 0.0000000000
92074  -36.397  24.576  15.104 0.0000000000
89884  -41.843  22.961  20.512 0.0000000000
90884  -38.963  24.332  26.390 0.0000000000
90900  -39.561  23.584  25.628 0.0000000000
90917  -39.246  23.026  24.886 0.0000000000
88739  -35.440  21.883  24.581 0.0000000000
89792  -35.989  22.363  24.696 0.0000000000
89793  -36.595  22.713  24.679 0.0000000000
90931  -36.531  23.275  23.656 0.0000000000
90914  -37.066  23.053  24.276 0.0000000000
90915  -37.618  23.145  24.590 0.0000000000
89796  -39.817  22.508  24.252 0.0000000000
89816  -40.425  21.887  23.476 0.0000000000
89835  -40.050  21.952  22.534 0.0000000000
89854  -38.735  22.995  21.777 0.0000000000
89856  -40.038  22.366  21.657 0.0000000000
88784  -40.594  21.925  21.881 0.0000000000
89857  -41.157  22.384  21.211 0.0000000000
89883  -41.260  22.908  20.522 0.0000000000
90996  -41.443  23.243  20.046 0.0000000000
91017  -40.894  23.279  19.542 0.0000000000
89904  -40.329  22.715  19.281 0.0000000000
88817  -39.746  21.930  19.231 0.0000000000
89902  -38.566  22.482  19.939 0.0000000000
88816  -38.579  21.867  19.712 0.0000000000
87764  -39.221  21.134  19.196 0.0000000000
87771  -37.838  19.913  18.742 0.0000000000
89878  -35.047  22.747  21.037 0.0000000000
87752  -35.072  20.884  19.921 0.0000000000
88813  -34.158  21.343  19.423 0.0000000000
87761  -35.844  20.341  19.166 0.0000000000
91056  -35.982  23.715  15.442 0.0000000000
93870  -35.647  25.931  15.304 0.0000000000
93869  -35.152  26.438  15.365 0.0000000000
94667  -34.541  27.306  15.424 0.0000000000
93002  -33.923  25.841  15.845 0.0000000000
94666  -33.835  27.270  15.729 0.0000000000
95499  -34.058  28.031  15.531 0.0000000000
96349  -33.028  29.498  16.770 0.0000000000
93863  -31.128  26.480  16.852 0.0000000000
95492  -31.785  28.353  16.919 0.0000000000
96338  -31.969  29.624  17.605 0.0000000000
97219  -32.408  29.756  17.530 0.0000000000
97190  -31.459  30.559  19.480 0.0000000000
96327  -30.283  29.801  20.210 0.0000000000
97173  -30.915  30.296  20.439 0.0000000000
97163  -31.203  30.260  21.197 0.0000000000
88984  -49.690  21.834  4.728 0.0000000000
91176  -49.389  22.804  4.538 0.0000000000
90084  -49.251  22.310  4.338 0.0000000000
88983  -48.903  21.753  4.276 0.0000000000
88982  -48.222  21.442  4.053 0.0000000000
87951  -47.646  21.254  3.388 0.0000000000
88930  -45.756  21.018  8.001 0.0000000000
87922  -44.447  20.952  5.549 0.0000000000
88955  -45.586  21.354  6.397 0.0000000000
88956  -46.414  21.972  6.210 0.0000000000
90093  -47.601  22.456  3.387 0.0000000000
89008  -47.681  22.125  3.085 0.0000000000
87961  -47.512  21.647  2.922 0.0000000000
86889  -46.218  20.857  1.813 0.0000000000
87978  -44.315  20.463  0.965 0.0000000000
87967  -42.643  20.261  0.289 0.0000000000
87966  -41.934  20.191  0.565 0.0000000000
93008  -37.418  25.628  14.346 0.0000000000
92084  -38.786  25.117  13.248 0.0000000000
93877  -38.343  26.456  13.708 0.0000000000
93012  -38.614  25.655  13.495 0.0000000000
92102  -40.206  24.873  11.208 0.0000000000
95512  -39.535  28.626  12.654 0.0000000000
95509  -39.605  28.011  12.665 0.0000000000
94680  -40.009  27.416  12.463 0.0000000000
93883  -41.061  27.151  11.963 0.0000000000
93882  -40.557  26.661  12.080 0.0000000000
93017  -40.550  26.059  11.811 0.0000000000
92113  -40.354  24.859  10.365 0.0000000000
93050  -40.451  25.041  8.673 0.0000000000
93059  -40.669  25.413  8.050 0.0000000000
98164  -44.474  30.660  13.835 0.0000000000
96371  -44.241  29.654  12.871 0.0000000000
96385  -45.379  29.071  12.456 0.0000000000
96384  -44.483  29.089  12.459 0.0000000000
94694  -44.063  27.827  10.964 0.0000000000
95546  -47.282  28.925  9.571 0.0000000000
95545  -46.665  28.567  9.878 0.0000000000
95555  -46.006  28.360  9.255 0.0000000000
94717  -45.261  28.042  9.452 0.0000000000
94705  -45.068  27.884  10.056 0.0000000000
94716  -44.502  27.741  9.527 0.0000000000
94715  -43.694  27.447  9.721 0.0000000000
94732  -42.541  27.445  7.834 0.0000000000
94739  -41.951  27.035  6.967 0.0000000000
93935  -41.918  26.734  6.267 0.0000000000
93078  -41.767  25.903  5.405 0.0000000000
93960  -42.954  26.189  3.333 0.0000000000
92194  -43.506  24.170  0.258 0.0000000000
94764  -44.530  27.795  2.156 0.0000000000
94781  -44.826  27.518  0.607 0.0000000000
93978  -44.492  26.787  0.567 0.0000000000
93977  -44.081  26.427  1.037 0.0000000000
93117  -44.058  25.525  0.137 0.0000000000
92195  -43.810  24.522  -0.386 0.0000000000
90133  -43.440  23.390  -1.403 0.0000000000
90132  -43.209  23.377  -1.671 0.0000000000
90123  -42.749  22.910  -1.462 0.0000000000
91217  -43.181  23.956  -1.836 0.0000000000
91216  -42.747  23.696  -1.768 0.0000000000
90117  -41.942  22.529  -1.087 0.0000000000
94794  -43.380  27.690  -0.753 0.0000000000
95629  -42.605  28.671  0.457 0.0000000000
94779  -42.486  27.658  0.686 0.0000000000
98279  -42.072  31.463  3.059 0.0000000000
98319  -39.990  31.103  -0.308 0.0000000000
98244  -38.597  31.793  5.166 0.0000000000
98276  -38.898  31.431  2.813 0.0000000000
98306  -39.225  31.236  0.681 0.0000000000
96507  -39.624  30.121  0.276 0.0000000000
96494  -37.839  29.710  0.504 0.0000000000
96484  -39.297  29.616  2.035 0.0000000000
96459  -36.488  29.733  3.403 0.0000000000
96447  -36.648  29.687  4.731 0.0000000000
97370  -34.973  31.282  1.669 0.0000000000
97363  -34.659  31.077  2.316 0.0000000000
98242  -33.076  31.434  4.941 0.0000000000
102586  -44.975  36.621  7.154 0.0000000000
102627  -42.094  37.027  4.508 0.0000000000
102639  -41.000  36.550  3.092 0.0000000000
102650  -40.013  36.158  2.245 0.0000000000
102663  -40.624  37.022  1.604 0.0000000000
102662  -39.844  36.497  1.768 0.0000000000
102661  -38.879  36.227  1.820 0.0000000000
102660  -37.926  36.081  1.851 0.0000000000
103413  -38.275  36.518  2.453 0.0000000000
102649  -37.548  36.157  2.489 0.0000000000
102648  -37.070  35.820  2.562 0.0000000000
101821  -36.670  35.596  2.953 0.0000000000
101813  -36.213  35.148  3.507 0.0000000000
85765  -41.950  19.131  15.800 0.0000000000
85801  -41.336  18.757  12.824 0.0000000000
86709  -41.101  20.382  17.759 0.0000000000
86733  -39.507  19.077  14.492 0.0000000000
86736  -43.657  20.014  15.184 0.0000000000
86743  -40.213  19.058  13.530 0.0000000000
86750  -39.237  20.321  13.080 0.0000000000
86780  -43.496  19.459  11.966 0.0000000000
86790  -39.994  20.400  10.259 0.0000000000
86792  -41.176  19.668  10.538 0.0000000000
86867  -44.765  19.181  2.560 0.0000000000
87708  -34.027  20.998  23.652 0.0000000000
87754  -36.777  20.977  20.046 0.0000000000
87765  -39.758  21.327  19.043 0.0000000000
87803  -43.093  20.208  15.943 0.0000000000
88751  -33.904  21.369  23.111 0.0000000000
88771  -41.675  21.765  22.117 0.0000000000
88785  -41.061  21.801  21.847 0.0000000000
88804  -38.317  22.321  20.061 0.0000000000
88818  -40.278  22.254  19.006 0.0000000000
88834  -41.962  21.506  17.664 0.0000000000
88842  -42.898  21.401  16.919 0.0000000000
88862  -44.492  21.129  15.145 0.0000000000
88917  -39.884  21.186  9.229 0.0000000000
89855  -39.248  22.783  21.754 0.0000000000
89906  -43.671  23.199  19.298 0.0000000000
89935  -42.578  22.615  17.966 0.0000000000
90003  -38.712  22.345  11.932 0.0000000000
90075  -50.452  22.348  5.399 0.0000000000
90086  -50.247  22.189  5.127 0.0000000000
90095  -48.869  22.667  3.984 0.0000000000
90973  -40.386  22.690  21.094 0.0000000000
90989  -35.141  23.261  21.346 0.0000000000
91015  -39.207  23.199  20.235 0.0000000000
91020  -43.228  23.345  19.378 0.0000000000
91032  -42.292  23.401  18.802 0.0000000000
91033  -43.047  23.439  18.872 0.0000000000
91048  -34.683  23.556  16.214 0.0000000000
91177  -49.783  22.680  4.866 0.0000000000
91183  -48.725  22.870  3.870 0.0000000000
92051  -30.326  25.027  17.773 0.0000000000
92211  -44.084  25.511  -1.808 0.0000000000
92997  -31.698  25.828  16.780 0.0000000000
93125  -42.705  25.534  -1.304 0.0000000000
93985  -44.360  26.263  0.281 0.0000000000
94675  -37.900  27.741  13.657 0.0000000000
94691  -42.014  27.636  11.562 0.0000000000
94780  -44.495  27.106  1.086 0.0000000000
94804  -44.352  27.453  -1.227 0.0000000000
95569  -47.308  29.362  8.202 0.0000000000
95589  -46.925  29.430  6.309 0.0000000000
95598  -46.284  29.507  5.179 0.0000000000
95646  -44.969  28.456  -0.512 0.0000000000
95650  -44.266  27.714  -1.190 0.0000000000
96321  -31.273  29.999  21.697 0.0000000000
96364  -46.418  29.717  13.808 0.0000000000
96378  -39.228  28.973  12.781 0.0000000000
96430  -47.247  29.565  7.224 0.0000000000
96440  -47.023  29.532  5.975 0.0000000000
96441  -47.226  29.653  6.445 0.0000000000
96453  -47.439  29.968  6.267 0.0000000000
96476  -46.713  30.131  4.497 0.0000000000
96480  -35.628  30.483  1.477 0.0000000000
96526  -43.228  30.194  -1.193 0.0000000000
97168  -40.026  31.149  21.524 0.0000000000
97169  -40.336  31.177  21.680 0.0000000000
97182  -39.532  31.130  20.739 0.0000000000
97243  -35.186  29.915  15.689 0.0000000000
97248  -46.370  30.466  14.754 0.0000000000
97256  -45.395  30.289  13.946 0.0000000000
97266  -43.256  30.360  12.952 0.0000000000
97305  -45.135  30.576  9.773 0.0000000000
97336  -46.320  30.603  6.670 0.0000000000
97337  -46.968  30.456  6.511 0.0000000000
97338  -47.317  30.212  6.375 0.0000000000
97345  -47.114  30.467  5.650 0.0000000000
97353  -46.863  30.553  4.804 0.0000000000
97379  -37.088  30.655  -0.160 0.0000000000
97380  -37.579  30.545  -0.312 0.0000000000
97393  -43.140  30.963  -1.237 0.0000000000
97401  -43.025  30.689  -1.331 0.0000000000
97402  -43.379  30.449  -1.213 0.0000000000
98146  -48.139  31.903  15.149 0.0000000000
98166  -45.817  32.093  12.946 0.0000000000
98172  -42.903  30.570  12.975 0.0000000000
98183  -42.594  32.142  10.440 0.0000000000
98243  -37.932  31.913  4.677 0.0000000000
98267  -46.245  30.998  4.743 0.0000000000
98268  -46.761  30.916  4.848 0.0000000000
98336  -42.606  30.900  -1.296 0.0000000000
98337  -42.774  31.026  -1.256 0.0000000000
99077  -45.486  32.382  12.939 0.0000000000
99080  -43.666  32.589  11.832 0.0000000000
99107  -41.383  32.415  9.007 0.0000000000
99113  -39.081  32.810  7.107 0.0000000000
99125  -40.052  32.200  7.359 0.0000000000
99148  -36.833  32.328  3.141 0.0000000000
99958  -45.392  33.632  13.161 0.0000000000
99964  -45.496  34.069  13.117 0.0000000000
100870  -43.933  34.157  11.969 0.0000000000
100877  -44.869  34.972  11.670 0.0000000000
100884  -41.754  34.353  9.947 0.0000000000
100940  -37.479  33.946  3.667 0.0000000000
100948  -35.966  34.921  2.982 0.0000000000
100950  -38.597  34.937  2.839 0.0000000000
101730  -44.106  35.586  10.467 0.0000000000
101819  -35.934  34.965  2.154 0.0000000000
101829  -36.302  35.113  1.900 0.0000000000
101832  -39.199  35.568  2.321 0.0000000000
101842  -39.568  35.945  2.092 0.0000000000
102659  -37.277  35.741  2.141 0.0000000000
103379  -42.731  37.249  4.361 0.0000000000
103415  -41.097  37.126  1.785 0.0000000000
