#!ascii label  , from subject sub.01.base.03 vox2ras=TkReg
825
49839  -12.511  -13.610  50.976 0.0000000000
59061  -37.543  -5.725  49.327 0.0000000000
68268  -36.423  2.605  46.238 0.0000000000
71865  -42.748  5.268  39.066 0.0000000000
54454  -34.910  -9.919  50.192 0.0000000000
71790  -39.028  5.802  42.423 0.0000000000
71953  -42.174  5.431  32.499 0.0000000000
74017  -46.111  7.726  32.397 0.0000000000
56898  -40.477  -7.441  46.899 0.0000000000
63618  -41.661  -1.837  46.018 0.0000000000
63585  -38.388  -1.525  47.853 0.0000000000
53205  -14.365  -10.597  54.178 0.0000000000
49776  -18.373  -13.520  53.696 0.0000000000
45262  -21.011  -17.587  53.118 0.0000000000
44168  -25.580  -18.616  52.167 0.0000000000
46375  -29.765  -16.582  50.740 0.0000000000
48757  -33.992  -14.606  48.702 0.0000000000
51044  -38.226  -12.145  48.307 0.0000000000
68298  -40.433  2.585  44.434 0.0000000000
75039  -48.619  8.823  32.578 0.0000000000
57962  -38.901  -6.552  49.122 0.0000000000
60162  -39.543  -4.425  48.133 0.0000000000
62419  -38.071  -3.988  48.765 0.0000000000
53247  -15.608  -10.946  51.678 0.0000000000
52106  -17.211  -12.087  54.192 0.0000000000
49804  -30.625  -13.630  51.936 0.0000000000
47507  -31.695  -15.567  49.582 0.0000000000
49831  -32.990  -13.473  50.742 0.0000000000
55720  -36.190  -8.345  49.713 0.0000000000
53267  -36.436  -10.116  50.365 0.0000000000
55736  -37.987  -8.447  49.596 0.0000000000
53296  -39.623  -10.403  47.671 0.0000000000
67120  -39.176  1.174  47.643 0.0000000000
66020  -41.332  0.271  45.391 0.0000000000
69523  -39.014  3.442  46.587 0.0000000000
71822  -41.140  6.102  40.773 0.0000000000
72862  -42.038  6.622  43.138 0.0000000000
71807  -44.000  5.578  41.255 0.0000000000
70744  -45.614  4.370  39.950 0.0000000000
69747  -43.898  3.747  30.836 0.0000000000
69711  -44.302  3.218  33.388 0.0000000000
52182  -33.064  -11.453  49.939 0.0000000000
70778  -40.640  3.885  38.297 0.0000000000
72997  -44.296  6.444  31.724 0.0000000000
72001  -45.385  4.970  29.813 0.0000000000
73027  -48.272  6.085  29.858 0.0000000000
54569  -42.184  -8.912  44.707 0.0000000000
60190  -41.072  -4.829  46.582 0.0000000000
63587  -39.411  -1.462  48.225 0.0000000000
50932  -13.977  -12.157  54.216 0.0000000000
45250  -18.742  -16.845  53.307 0.0000000000
47421  -19.885  -15.899  53.922 0.0000000000
44163  -20.365  -18.838  52.552 0.0000000000
41930  -21.803  -20.205  52.779 0.0000000000
40998  -24.237  -21.093  52.091 0.0000000000
41010  -26.864  -21.107  51.260 0.0000000000
45281  -27.402  -18.161  51.732 0.0000000000
44222  -30.809  -18.614  48.958 0.0000000000
50985  -34.638  -11.700  51.042 0.0000000000
49886  -36.028  -13.324  49.202 0.0000000000
48781  -37.953  -14.672  47.528 0.0000000000
49915  -39.885  -13.769  46.550 0.0000000000
52237  -41.434  -11.157  45.956 0.0000000000
72821  -40.127  5.365  45.062 0.0000000000
69684  -43.353  3.060  35.193 0.0000000000
71913  -45.156  5.167  37.217 0.0000000000
50947  -12.460  -12.505  53.403 0.0000000000
59045  -38.537  -6.192  49.792 0.0000000000
60142  -38.306  -5.180  49.327 0.0000000000
60141  -37.880  -5.015  49.150 0.0000000000
50997  -30.468  -12.848  50.759 0.0000000000
49829  -31.353  -13.494  51.514 0.0000000000
52162  -31.825  -12.550  50.704 0.0000000000
57931  -36.996  -6.927  49.862 0.0000000000
55722  -37.232  -8.494  50.261 0.0000000000
56858  -37.993  -7.409  50.052 0.0000000000
55737  -38.545  -8.007  49.200 0.0000000000
68250  -39.021  2.369  47.224 0.0000000000
69521  -37.426  3.610  46.496 0.0000000000
71844  -42.138  5.885  39.928 0.0000000000
72910  -42.724  6.553  40.964 0.0000000000
72924  -43.801  6.072  39.929 0.0000000000
71825  -44.723  5.355  40.315 0.0000000000
71847  -44.924  5.679  39.316 0.0000000000
68524  -45.153  2.754  30.854 0.0000000000
68501  -44.951  2.877  32.296 0.0000000000
68503  -46.536  2.339  32.636 0.0000000000
76050  -44.365  8.658  32.883 0.0000000000
74016  -45.337  7.478  32.463 0.0000000000
73010  -44.814  6.107  31.075 0.0000000000
72999  -46.090  6.674  31.396 0.0000000000
71987  -46.902  5.342  30.302 0.0000000000
73000  -46.877  6.738  31.327 0.0000000000
74049  -48.489  7.227  30.972 0.0000000000
55782  -42.207  -8.077  45.935 0.0000000000
57990  -42.374  -6.506  45.737 0.0000000000
57988  -40.836  -6.268  46.680 0.0000000000
62438  -38.660  -2.616  48.450 0.0000000000
61294  -39.540  -3.230  48.119 0.0000000000
63586  -38.928  -1.505  48.367 0.0000000000
64771  -38.760  -0.482  48.044 0.0000000000
64784  -37.860  -0.302  47.253 0.0000000000
49760  -14.981  -11.949  53.898 0.0000000000
52104  -15.504  -11.531  54.310 0.0000000000
50936  -17.796  -13.166  54.080 0.0000000000
46357  -20.877  -16.221  51.910 0.0000000000
45261  -20.522  -17.004  53.567 0.0000000000
45252  -20.090  -17.294  53.824 0.0000000000
45253  -20.617  -17.991  53.373 0.0000000000
42997  -20.945  -19.202  52.892 0.0000000000
44154  -21.169  -18.650  53.091 0.0000000000
43015  -25.065  -19.593  52.293 0.0000000000
41961  -25.192  -21.206  51.824 0.0000000000
43016  -25.934  -19.622  51.970 0.0000000000
46349  -28.972  -15.926  51.962 0.0000000000
45267  -27.807  -16.835  52.164 0.0000000000
45282  -28.234  -17.537  51.571 0.0000000000
44197  -28.250  -18.735  50.953 0.0000000000
44198  -28.776  -18.755  50.402 0.0000000000
43057  -29.927  -19.847  49.530 0.0000000000
45308  -30.168  -17.509  49.666 0.0000000000
47508  -32.616  -14.902  49.579 0.0000000000
46407  -31.812  -16.414  48.355 0.0000000000
47549  -33.445  -15.410  47.651 0.0000000000
48777  -34.428  -14.728  48.031 0.0000000000
53249  -33.826  -11.406  50.835 0.0000000000
53250  -34.452  -10.894  50.893 0.0000000000
52184  -36.875  -11.121  49.269 0.0000000000
51021  -36.492  -11.595  49.445 0.0000000000
51043  -37.043  -12.134  48.822 0.0000000000
48761  -37.493  -13.906  47.939 0.0000000000
49900  -38.678  -13.656  47.733 0.0000000000
51045  -39.071  -12.164  48.008 0.0000000000
55767  -40.265  -8.604  47.105 0.0000000000
53311  -40.765  -10.426  46.954 0.0000000000
54514  -41.533  -9.306  46.447 0.0000000000
54546  -42.072  -9.670  45.014 0.0000000000
53218  -13.734  -10.433  53.140 0.0000000000
54411  -13.449  -10.334  54.159 0.0000000000
52089  -13.288  -11.127  54.737 0.0000000000
61352  -42.614  -3.757  45.080 0.0000000000
62499  -42.577  -2.679  44.648 0.0000000000
67175  -41.070  0.877  44.771 0.0000000000
70698  -38.039  4.611  42.966 0.0000000000
72818  -38.680  5.566  44.772 0.0000000000
72858  -39.464  6.255  43.625 0.0000000000
70716  -42.658  4.570  42.212 0.0000000000
70689  -41.675  5.411  43.494 0.0000000000
69698  -45.035  3.634  34.446 0.0000000000
69697  -43.974  3.406  34.300 0.0000000000
69685  -44.629  3.917  35.581 0.0000000000
69673  -44.645  4.251  36.296 0.0000000000
70824  -45.269  4.387  36.261 0.0000000000
70784  -46.238  4.613  37.817 0.0000000000
76064  -46.746  9.060  32.740 0.0000000000
74019  -47.896  8.033  32.474 0.0000000000
76080  -48.322  9.792  32.359 0.0000000000
76067  -49.293  9.880  32.226 0.0000000000
56897  -39.669  -7.520  47.670 0.0000000000
59087  -40.286  -5.413  47.270 0.0000000000
59077  -39.230  -5.569  48.743 0.0000000000
61274  -38.565  -4.137  48.870 0.0000000000
62437  -38.133  -3.238  48.300 0.0000000000
53220  -15.383  -10.773  53.539 0.0000000000
53206  -15.627  -11.141  54.232 0.0000000000
50964  -18.182  -12.579  53.089 0.0000000000
47464  -30.137  -15.185  51.643 0.0000000000
46376  -30.327  -16.369  50.339 0.0000000000
47465  -30.957  -14.943  51.326 0.0000000000
48685  -32.277  -14.148  50.863 0.0000000000
48711  -33.430  -14.170  50.078 0.0000000000
54455  -35.634  -9.336  49.933 0.0000000000
54441  -35.707  -9.750  50.443 0.0000000000
55709  -36.484  -9.010  50.397 0.0000000000
54457  -37.034  -9.355  50.318 0.0000000000
53294  -38.041  -10.448  48.586 0.0000000000
52202  -39.379  -11.295  47.850 0.0000000000
55752  -38.607  -8.637  48.718 0.0000000000
55766  -39.340  -8.570  47.874 0.0000000000
53260  -14.128  -11.045  50.954 0.0000000000
64785  -40.173  -0.650  47.410 0.0000000000
64798  -41.602  -0.959  45.772 0.0000000000
66000  -40.202  0.545  46.870 0.0000000000
68271  -39.882  2.265  46.520 0.0000000000
69537  -39.885  3.389  45.729 0.0000000000
71805  -40.133  6.033  41.647 0.0000000000
72877  -40.635  6.801  42.783 0.0000000000
72892  -41.658  6.791  41.893 0.0000000000
72879  -42.864  6.313  42.233 0.0000000000
70878  -42.955  4.506  31.368 0.0000000000
69736  -42.801  3.700  31.729 0.0000000000
69737  -43.521  3.533  31.443 0.0000000000
69712  -45.421  3.210  33.511 0.0000000000
57972  -36.980  -6.551  48.377 0.0000000000
56885  -36.467  -7.425  48.641 0.0000000000
70670  -36.677  3.541  45.247 0.0000000000
70728  -38.732  4.601  40.852 0.0000000000
70742  -39.574  4.474  39.830 0.0000000000
70755  -40.514  4.404  38.976 0.0000000000
70757  -42.190  4.608  38.656 0.0000000000
72996  -43.332  6.195  32.044 0.0000000000
71984  -43.998  5.142  30.734 0.0000000000
70895  -44.176  4.425  30.453 0.0000000000
69749  -45.217  3.057  30.168 0.0000000000
74036  -47.630  7.259  31.671 0.0000000000
73014  -48.071  6.094  30.642 0.0000000000
56945  -42.460  -7.350  44.373 0.0000000000
59110  -42.549  -5.557  45.472 0.0000000000
61332  -41.555  -3.296  46.097 0.0000000000
60176  -40.513  -4.257  47.110 0.0000000000
61311  -40.210  -2.951  47.492 0.0000000000
63602  -40.529  -1.404  47.197 0.0000000000
65968  -39.221  -0.085  47.956 0.0000000000
67100  -38.245  1.066  47.625 0.0000000000
61330  -37.315  -4.177  47.722 0.0000000000
62470  -37.764  -2.402  46.661 0.0000000000
64797  -37.661  -0.521  46.517 0.0000000000
50963  -13.162  -12.603  52.968 0.0000000000
49794  -14.166  -12.702  52.553 0.0000000000
45274  -18.810  -17.074  51.414 0.0000000000
50993  -18.005  -12.189  51.516 0.0000000000
49796  -18.770  -13.536  52.807 0.0000000000
48639  -19.127  -14.708  53.528 0.0000000000
45251  -19.359  -17.350  53.592 0.0000000000
41959  -22.450  -20.707  51.591 0.0000000000
41978  -23.213  -21.108  50.912 0.0000000000
46345  -25.778  -16.924  51.874 0.0000000000
46346  -26.450  -16.573  52.153 0.0000000000
44169  -26.468  -18.590  51.953 0.0000000000
43030  -27.379  -19.627  51.363 0.0000000000
41980  -28.090  -20.640  50.742 0.0000000000
46393  -30.879  -16.456  49.427 0.0000000000
52164  -33.183  -11.694  50.509 0.0000000000
52142  -33.444  -12.026  50.838 0.0000000000
49867  -34.363  -13.520  49.919 0.0000000000
52166  -35.674  -11.062  50.604 0.0000000000
49869  -35.507  -12.849  49.636 0.0000000000
48737  -35.147  -13.998  49.135 0.0000000000
48779  -36.106  -14.645  47.815 0.0000000000
47553  -37.406  -15.604  47.246 0.0000000000
49929  -39.985  -13.800  45.640 0.0000000000
51065  -40.413  -11.965  47.084 0.0000000000
51084  -40.920  -11.947  46.286 0.0000000000
51103  -40.823  -12.193  45.345 0.0000000000
52264  -41.173  -11.032  44.408 0.0000000000
52102  -13.131  -11.519  54.612 0.0000000000
70649  -38.073  4.359  46.161 0.0000000000
71750  -39.120  4.962  45.747 0.0000000000
70673  -40.136  4.392  45.054 0.0000000000
72860  -40.821  6.431  43.798 0.0000000000
70688  -41.088  5.062  43.945 0.0000000000
69559  -40.403  3.560  43.867 0.0000000000
69647  -40.925  3.416  37.578 0.0000000000
70780  -42.669  4.190  38.010 0.0000000000
69725  -42.364  3.404  32.306 0.0000000000
68484  -42.045  2.668  33.382 0.0000000000
69683  -42.597  2.700  35.460 0.0000000000
69650  -43.830  4.225  37.188 0.0000000000
71890  -44.260  5.084  37.828 0.0000000000
71868  -45.444  5.408  38.633 0.0000000000
49816  -12.273  -13.320  51.683 0.0000000000
59043  -37.790  -5.848  49.709 0.0000000000
60118  -38.014  -5.371  49.561 0.0000000000
59076  -37.624  -5.242  48.950 0.0000000000
51016  -30.456  -12.810  49.956 0.0000000000
50998  -31.219  -12.688  50.850 0.0000000000
51017  -31.158  -12.545  50.166 0.0000000000
57949  -37.390  -6.263  49.616 0.0000000000
57932  -37.285  -6.726  49.860 0.0000000000
57933  -37.846  -6.612  50.043 0.0000000000
57934  -38.344  -6.595  49.964 0.0000000000
68247  -36.693  2.627  46.833 0.0000000000
69504  -37.687  3.055  46.982 0.0000000000
69520  -36.696  3.077  46.459 0.0000000000
72923  -43.010  6.361  40.188 0.0000000000
71845  -43.321  5.806  39.492 0.0000000000
72925  -44.370  5.796  39.803 0.0000000000
71846  -44.214  5.686  39.274 0.0000000000
68513  -45.679  2.395  31.619 0.0000000000
75025  -46.083  8.680  33.058 0.0000000000
74034  -45.750  7.092  31.997 0.0000000000
73012  -46.479  6.155  30.812 0.0000000000
74035  -46.590  7.280  31.837 0.0000000000
55781  -41.766  -8.206  46.302 0.0000000000
56914  -42.059  -7.348  46.040 0.0000000000
56913  -41.322  -7.381  46.364 0.0000000000
53192  -14.805  -10.799  54.578 0.0000000000
53193  -15.157  -11.221  54.438 0.0000000000
49764  -18.212  -13.707  53.951 0.0000000000
46344  -21.228  -16.945  52.380 0.0000000000
46343  -20.654  -16.557  53.041 0.0000000000
44167  -24.572  -18.561  52.239 0.0000000000
43014  -24.130  -19.759  52.499 0.0000000000
41947  -25.373  -20.182  52.110 0.0000000000
46362  -29.401  -16.240  51.390 0.0000000000
46361  -28.751  -16.538  51.703 0.0000000000
45283  -28.888  -16.933  51.323 0.0000000000
45295  -28.586  -18.112  50.861 0.0000000000
45296  -29.225  -17.512  50.564 0.0000000000
45307  -29.668  -18.117  49.824 0.0000000000
45297  -29.850  -16.963  50.323 0.0000000000
48735  -33.632  -14.435  49.503 0.0000000000
47528  -33.174  -14.856  48.917 0.0000000000
53266  -34.287  -10.501  50.367 0.0000000000
54440  -34.926  -10.333  50.591 0.0000000000
52200  -37.653  -11.258  48.673 0.0000000000
49888  -38.146  -13.135  48.154 0.0000000000
49889  -38.772  -12.705  48.105 0.0000000000
55780  -41.071  -8.355  46.619 0.0000000000
54513  -40.912  -9.004  46.752 0.0000000000
54515  -41.967  -8.616  46.172 0.0000000000
53219  -14.396  -10.488  53.371 0.0000000000
54421  -13.488  -10.310  53.656 0.0000000000
53204  -13.629  -10.533  54.363 0.0000000000
61333  -42.150  -3.181  45.616 0.0000000000
62487  -42.351  -2.623  45.319 0.0000000000
67174  -40.767  1.737  44.990 0.0000000000
67187  -41.087  0.579  44.207 0.0000000000
67186  -40.616  1.462  44.020 0.0000000000
71789  -38.486  5.197  42.789 0.0000000000
71762  -38.903  5.816  43.926 0.0000000000
72875  -39.338  6.197  43.067 0.0000000000
69686  -45.611  3.962  35.460 0.0000000000
57973  -39.364  -6.510  48.279 0.0000000000
61273  -38.138  -4.354  48.956 0.0000000000
62420  -38.394  -3.624  48.671 0.0000000000
53235  -15.071  -10.718  52.608 0.0000000000
52130  -17.767  -12.098  52.950 0.0000000000
50968  -30.136  -12.956  51.881 0.0000000000
49781  -29.733  -13.691  52.306 0.0000000000
47448  -29.576  -14.863  52.153 0.0000000000
48661  -30.104  -14.149  52.215 0.0000000000
48662  -30.995  -14.204  51.849 0.0000000000
49830  -32.322  -13.557  51.044 0.0000000000
49851  -32.699  -13.874  50.700 0.0000000000
48710  -32.691  -14.365  50.316 0.0000000000
55708  -36.151  -8.937  50.197 0.0000000000
55723  -37.836  -8.010  49.968 0.0000000000
55735  -37.442  -8.903  50.042 0.0000000000
54470  -37.472  -9.376  49.665 0.0000000000
54471  -37.904  -9.163  49.178 0.0000000000
54484  -38.311  -9.543  48.625 0.0000000000
55751  -38.183  -8.913  49.031 0.0000000000
56886  -38.973  -7.586  48.663 0.0000000000
53246  -14.639  -10.828  51.717 0.0000000000
65984  -39.672  0.242  47.511 0.0000000000
65985  -40.350  -0.076  46.983 0.0000000000
67121  -39.792  1.209  47.066 0.0000000000
68270  -39.367  2.809  46.709 0.0000000000
69524  -39.541  3.131  46.367 0.0000000000
67160  -40.562  1.627  45.792 0.0000000000
69536  -39.506  3.701  46.110 0.0000000000
71806  -40.855  6.420  41.500 0.0000000000
72911  -43.606  6.223  40.702 0.0000000000
72894  -43.077  6.380  41.646 0.0000000000
71793  -43.232  5.816  42.077 0.0000000000
70718  -44.496  4.543  41.329 0.0000000000
70879  -43.563  4.469  30.900 0.0000000000
69699  -46.179  3.483  34.584 0.0000000000
70729  -39.246  4.661  40.380 0.0000000000
70777  -40.006  3.807  38.555 0.0000000000
70756  -41.267  4.476  38.728 0.0000000000
74015  -44.509  7.304  32.565 0.0000000000
74014  -43.731  7.219  32.768 0.0000000000
74006  -43.261  7.498  32.923 0.0000000000
72984  -43.791  6.792  32.389 0.0000000000
71968  -43.546  5.455  31.326 0.0000000000
71985  -44.806  5.374  30.427 0.0000000000
70896  -44.768  4.369  29.904 0.0000000000
69763  -45.055  3.626  29.785 0.0000000000
69764  -45.784  3.266  29.506 0.0000000000
70916  -45.534  4.244  29.496 0.0000000000
74037  -48.425  7.900  32.000 0.0000000000
55823  -42.071  -8.273  44.176 0.0000000000
55809  -42.457  -8.162  44.842 0.0000000000
59100  -42.070  -5.860  45.879 0.0000000000
58002  -42.834  -6.377  45.181 0.0000000000
59109  -42.003  -5.184  45.846 0.0000000000
60199  -42.291  -4.585  45.548 0.0000000000
60191  -41.507  -4.394  46.187 0.0000000000
60175  -39.945  -4.871  47.597 0.0000000000
62440  -39.748  -2.233  48.016 0.0000000000
62455  -40.255  -2.014  47.557 0.0000000000
63588  -39.986  -1.376  47.813 0.0000000000
64773  -39.579  -0.647  47.919 0.0000000000
65965  -37.894  0.625  47.530 0.0000000000
65966  -38.591  0.394  47.801 0.0000000000
50948  -13.608  -12.337  53.549 0.0000000000
49761  -15.702  -12.393  53.909 0.0000000000
53207  -16.418  -11.356  54.136 0.0000000000
52105  -16.581  -11.737  54.242 0.0000000000
46342  -18.267  -16.033  52.815 0.0000000000
45259  -18.689  -16.942  52.448 0.0000000000
50977  -18.510  -12.965  52.479 0.0000000000
47429  -19.595  -15.447  53.651 0.0000000000
47420  -19.344  -15.539  53.919 0.0000000000
46325  -19.780  -16.355  54.058 0.0000000000
44152  -19.836  -17.856  53.546 0.0000000000
44162  -19.624  -18.163  52.973 0.0000000000
45275  -19.225  -17.686  52.137 0.0000000000
44178  -19.916  -18.480  51.734 0.0000000000
43012  -21.377  -19.858  52.544 0.0000000000
43011  -20.872  -19.482  52.237 0.0000000000
43027  -21.330  -19.942  51.814 0.0000000000
41958  -21.819  -20.308  51.324 0.0000000000
41943  -21.810  -20.370  52.167 0.0000000000
41945  -23.686  -20.667  52.385 0.0000000000
43013  -23.154  -19.828  52.834 0.0000000000
41960  -23.223  -21.067  51.844 0.0000000000
40997  -23.915  -21.214  51.877 0.0000000000
41007  -24.675  -21.502  51.614 0.0000000000
41962  -25.733  -20.729  51.761 0.0000000000
40089  -25.732  -21.855  51.248 0.0000000000
41009  -26.375  -21.468  51.265 0.0000000000
40101  -26.888  -21.989  50.517 0.0000000000
41023  -27.173  -21.494  50.819 0.0000000000
46347  -27.458  -16.120  52.389 0.0000000000
45266  -27.120  -17.454  52.065 0.0000000000
45265  -26.121  -17.627  52.057 0.0000000000
44170  -26.979  -18.243  51.837 0.0000000000
44184  -26.630  -19.108  51.782 0.0000000000
44185  -27.013  -18.875  51.664 0.0000000000
43044  -28.503  -19.723  50.572 0.0000000000
43031  -27.945  -19.616  51.056 0.0000000000
41025  -28.548  -21.241  50.354 0.0000000000
44210  -30.094  -18.780  49.417 0.0000000000
43058  -30.910  -19.815  49.229 0.0000000000
47506  -30.981  -15.762  50.191 0.0000000000
52181  -32.437  -11.985  50.135 0.0000000000
52143  -34.279  -11.540  51.035 0.0000000000
50984  -34.157  -12.138  50.945 0.0000000000
51001  -34.233  -12.899  50.470 0.0000000000
51018  -34.655  -13.084  49.960 0.0000000000
53252  -35.784  -10.298  50.582 0.0000000000
52145  -35.415  -10.791  50.791 0.0000000000
51042  -36.454  -12.670  49.064 0.0000000000
51020  -35.881  -12.079  49.827 0.0000000000
48759  -35.679  -14.175  48.688 0.0000000000
48760  -36.556  -13.979  48.294 0.0000000000
48780  -37.017  -14.680  47.615 0.0000000000
52217  -40.232  -11.113  47.383 0.0000000000
52219  -41.332  -10.869  46.401 0.0000000000
52218  -40.922  -11.158  46.766 0.0000000000
51085  -41.192  -11.697  45.628 0.0000000000
51104  -41.139  -11.741  45.344 0.0000000000
52263  -40.909  -11.707  44.721 0.0000000000
52252  -41.382  -11.290  45.155 0.0000000000
54547  -42.298  -8.895  45.297 0.0000000000
54568  -41.668  -9.439  44.208 0.0000000000
52103  -13.872  -11.422  54.643 0.0000000000
50931  -12.893  -12.081  54.225 0.0000000000
66001  -40.846  0.177  46.317 0.0000000000
64815  -42.115  -1.276  45.013 0.0000000000
64814  -41.803  -0.565  44.923 0.0000000000
70671  -37.145  3.951  45.025 0.0000000000
70648  -37.622  4.191  45.894 0.0000000000
72819  -38.979  5.727  44.916 0.0000000000
72808  -39.251  5.385  45.729 0.0000000000
71751  -39.699  4.913  45.346 0.0000000000
71763  -40.278  5.276  44.754 0.0000000000
73918  -41.279  6.915  43.016 0.0000000000
73905  -41.040  6.684  43.451 0.0000000000
73906  -41.518  6.750  43.227 0.0000000000
70700  -40.788  4.344  43.578 0.0000000000
69648  -42.046  3.500  37.417 0.0000000000
69726  -43.440  3.101  32.357 0.0000000000
69710  -43.281  2.958  33.253 0.0000000000
69696  -43.273  2.914  34.105 0.0000000000
68485  -42.782  2.736  33.571 0.0000000000
68468  -42.688  2.629  34.231 0.0000000000
68448  -42.513  2.558  34.903 0.0000000000
70806  -44.797  4.738  36.838 0.0000000000
69672  -43.968  3.929  36.495 0.0000000000
70782  -44.413  4.898  37.443 0.0000000000
71891  -44.800  5.268  37.653 0.0000000000
71867  -44.830  5.574  38.500 0.0000000000
71892  -45.494  5.267  37.822 0.0000000000
59063  -38.701  -5.762  49.474 0.0000000000
59062  -38.438  -5.596  49.588 0.0000000000
61292  -37.754  -4.319  48.605 0.0000000000
50980  -30.248  -12.875  51.452 0.0000000000
49828  -30.709  -13.267  51.721 0.0000000000
50981  -31.244  -12.971  51.307 0.0000000000
50999  -31.782  -12.684  50.934 0.0000000000
50982  -32.183  -12.848  51.143 0.0000000000
56856  -36.754  -7.368  49.887 0.0000000000
55721  -36.672  -8.254  50.143 0.0000000000
56857  -37.292  -7.453  50.085 0.0000000000
56873  -38.113  -7.807  49.851 0.0000000000
56874  -38.491  -7.412  49.575 0.0000000000
57950  -38.599  -6.572  49.684 0.0000000000
67119  -38.493  1.620  47.607 0.0000000000
68249  -38.076  2.410  47.346 0.0000000000
69505  -38.382  2.995  46.993 0.0000000000
69522  -38.185  3.654  46.591 0.0000000000
71823  -41.913  6.339  40.567 0.0000000000
72922  -42.350  6.432  40.532 0.0000000000
71808  -44.540  5.087  40.968 0.0000000000
72912  -44.148  5.925  40.272 0.0000000000
71848  -45.509  5.040  39.425 0.0000000000
69738  -44.216  3.216  31.358 0.0000000000
68512  -44.878  2.847  31.693 0.0000000000
68502  -45.450  2.841  32.719 0.0000000000
75035  -45.050  7.723  32.766 0.0000000000
74033  -45.026  6.995  32.062 0.0000000000
72998  -45.247  6.609  31.502 0.0000000000
73011  -45.540  6.160  30.838 0.0000000000
71986  -45.880  5.605  30.178 0.0000000000
73013  -47.445  6.206  30.957 0.0000000000
75055  -48.973  8.498  31.552 0.0000000000
55796  -42.408  -8.093  45.441 0.0000000000
57989  -41.714  -6.492  46.119 0.0000000000
59099  -41.447  -5.470  46.278 0.0000000000
61293  -39.080  -3.695  48.671 0.0000000000
62439  -39.158  -2.541  48.501 0.0000000000
64772  -39.135  -0.636  48.174 0.0000000000
64770  -38.236  -0.029  47.656 0.0000000000
65999  -37.328  0.483  46.627 0.0000000000
50924  -14.547  -11.470  54.474 0.0000000000
50933  -15.174  -11.750  54.186 0.0000000000
46323  -18.860  -16.191  53.942 0.0000000000
46334  -20.224  -16.481  53.772 0.0000000000
44153  -20.368  -18.316  53.262 0.0000000000
42998  -21.642  -19.613  53.018 0.0000000000
41946  -24.771  -20.669  52.211 0.0000000000
43028  -26.194  -20.191  51.696 0.0000000000
48659  -28.607  -14.726  52.431 0.0000000000
47446  -28.182  -15.324  52.510 0.0000000000
46348  -28.339  -16.204  52.165 0.0000000000
44186  -27.676  -18.742  51.365 0.0000000000
47526  -31.786  -15.874  48.865 0.0000000000
47527  -32.391  -15.564  48.605 0.0000000000
47548  -32.636  -15.824  47.931 0.0000000000
47550  -34.719  -15.190  47.371 0.0000000000
47551  -35.637  -15.219  47.331 0.0000000000
53278  -33.641  -10.830  49.810 0.0000000000
53265  -33.728  -11.081  50.482 0.0000000000
52144  -35.029  -11.247  51.000 0.0000000000
53280  -36.730  -10.459  49.762 0.0000000000
52183  -36.278  -11.034  49.889 0.0000000000
49887  -36.935  -13.167  48.514 0.0000000000
48762  -38.246  -13.933  47.742 0.0000000000
49901  -39.389  -13.212  47.597 0.0000000000
49902  -40.035  -12.547  47.353 0.0000000000
54498  -39.853  -9.534  47.416 0.0000000000
53310  -40.260  -10.252  47.271 0.0000000000
54499  -40.685  -9.615  46.926 0.0000000000
53312  -41.246  -10.348  46.597 0.0000000000
53330  -41.618  -10.307  46.141 0.0000000000
53347  -41.745  -10.428  45.472 0.0000000000
54528  -42.017  -9.604  45.757 0.0000000000
54529  -42.138  -8.787  45.876 0.0000000000
53233  -13.351  -10.600  52.489 0.0000000000
53217  -13.012  -10.413  53.198 0.0000000000
54420  -12.798  -10.204  53.846 0.0000000000
53191  -13.551  -10.785  54.558 0.0000000000
67161  -40.883  1.060  45.349 0.0000000000
66037  -41.496  0.116  44.590 0.0000000000
70686  -37.924  4.616  43.876 0.0000000000
71748  -37.871  4.910  45.011 0.0000000000
71761  -38.412  5.273  44.377 0.0000000000
72838  -39.030  6.090  44.102 0.0000000000
72839  -39.575  5.952  44.436 0.0000000000
71792  -42.617  6.091  42.722 0.0000000000
71779  -42.021  6.008  43.463 0.0000000000
70823  -44.874  4.354  36.253 0.0000000000
70807  -45.627  4.902  37.091 0.0000000000
70783  -45.781  5.012  37.558 0.0000000000
75037  -46.363  8.469  32.775 0.0000000000
74018  -47.026  7.950  32.323 0.0000000000
75038  -47.456  8.637  32.727 0.0000000000
76065  -47.932  9.363  32.815 0.0000000000
77252  -48.990  9.940  32.571 0.0000000000
75040  -49.077  9.472  32.463 0.0000000000
75056  -49.396  9.316  31.963 0.0000000000
57974  -39.995  -6.431  47.429 0.0000000000
59086  -39.673  -5.512  47.918 0.0000000000
60143  -38.947  -4.759  49.004 0.0000000000
62421  -38.753  -3.300  48.663 0.0000000000
52117  -17.322  -11.842  53.782 0.0000000000
50950  -17.954  -12.837  53.791 0.0000000000
50951  -18.367  -13.316  53.561 0.0000000000
45263  -24.787  -17.806  52.042 0.0000000000
48660  -29.255  -14.469  52.294 0.0000000000
47463  -29.402  -15.461  51.931 0.0000000000
46363  -30.081  -15.976  51.046 0.0000000000
47482  -30.675  -15.548  50.908 0.0000000000
47483  -31.457  -15.102  50.655 0.0000000000
48684  -31.559  -14.313  51.313 0.0000000000
48709  -32.015  -14.552  50.687 0.0000000000
47484  -32.104  -14.900  50.192 0.0000000000
48734  -33.111  -14.498  49.807 0.0000000000
48712  -33.963  -14.010  49.869 0.0000000000
54442  -36.382  -9.538  50.471 0.0000000000
55710  -36.711  -9.021  50.499 0.0000000000
54443  -36.791  -9.190  50.486 0.0000000000
53268  -36.996  -9.907  49.948 0.0000000000
53281  -37.320  -10.313  49.252 0.0000000000
52201  -38.561  -11.331  48.256 0.0000000000
53295  -38.849  -10.459  48.157 0.0000000000
54485  -39.078  -9.541  48.038 0.0000000000
53245  -13.750  -10.784  51.736 0.0000000000
63603  -41.132  -1.571  46.509 0.0000000000
64786  -40.819  -0.725  46.729 0.0000000000
68251  -39.465  1.770  47.170 0.0000000000
67140  -40.376  1.136  46.428 0.0000000000
67141  -40.795  0.853  45.846 0.0000000000
68287  -40.353  2.549  45.430 0.0000000000
71804  -39.247  5.268  41.287 0.0000000000
71791  -39.817  6.224  42.300 0.0000000000
72890  -40.180  6.407  42.255 0.0000000000
72891  -40.811  6.684  42.191 0.0000000000
73932  -41.944  6.845  42.282 0.0000000000
72909  -41.926  6.627  41.098 0.0000000000
72893  -42.300  6.704  41.718 0.0000000000
72878  -42.395  6.632  42.378 0.0000000000
70703  -42.908  5.346  42.395 0.0000000000
71967  -42.731  5.421  31.834 0.0000000000
70867  -42.313  4.495  31.888 0.0000000000
69727  -44.564  3.017  32.425 0.0000000000
59075  -37.327  -5.854  48.855 0.0000000000
59085  -37.264  -5.660  48.122 0.0000000000
54468  -34.934  -9.724  49.482 0.0000000000
54469  -35.560  -9.082  49.283 0.0000000000
55734  -35.906  -8.381  49.011 0.0000000000
56871  -36.287  -7.828  49.247 0.0000000000
56872  -36.612  -7.264  49.413 0.0000000000
57961  -36.908  -6.668  49.095 0.0000000000
68285  -35.939  2.610  44.789 0.0000000000
69534  -36.430  3.141  45.625 0.0000000000
70684  -36.725  3.612  44.646 0.0000000000
69558  -36.978  3.666  43.655 0.0000000000
70713  -37.905  4.263  42.114 0.0000000000
70714  -38.551  4.862  41.714 0.0000000000
71820  -39.283  4.928  40.741 0.0000000000
71821  -39.956  5.173  40.516 0.0000000000
71842  -40.137  4.826  39.862 0.0000000000
70743  -40.154  4.572  39.480 0.0000000000
71843  -40.857  5.110  39.720 0.0000000000
71863  -41.079  4.760  39.149 0.0000000000
71864  -41.719  5.019  39.230 0.0000000000
72975  -42.591  6.918  32.885 0.0000000000
72995  -42.719  6.039  32.417 0.0000000000
71969  -44.285  5.713  31.057 0.0000000000
69748  -44.540  3.406  30.534 0.0000000000
68525  -45.804  2.359  30.350 0.0000000000
72002  -46.175  4.915  29.663 0.0000000000
74048  -47.999  6.643  31.177 0.0000000000
56931  -42.703  -7.300  45.009 0.0000000000
59111  -42.976  -5.513  44.966 0.0000000000
60200  -42.766  -4.788  45.103 0.0000000000
61351  -42.063  -3.828  45.703 0.0000000000
62471  -41.309  -2.404  46.334 0.0000000000
59098  -40.816  -5.237  46.773 0.0000000000
60163  -39.883  -3.698  47.696 0.0000000000
60177  -41.109  -3.760  46.525 0.0000000000
61312  -40.859  -3.133  46.718 0.0000000000
62456  -40.689  -2.222  46.956 0.0000000000
65983  -39.110  0.441  47.862 0.0000000000
65967  -38.958  0.182  48.000 0.0000000000
67101  -38.771  0.845  47.807 0.0000000000
67116  -36.496  2.247  46.730 0.0000000000
60160  -37.502  -4.902  48.521 0.0000000000
61310  -37.539  -3.687  48.004 0.0000000000
61331  -37.466  -3.557  47.067 0.0000000000
62454  -37.827  -2.632  47.586 0.0000000000
63601  -37.880  -1.447  47.104 0.0000000000
68286  -36.237  2.629  45.514 0.0000000000
49793  -12.836  -12.934  52.414 0.0000000000
49817  -13.233  -13.171  51.625 0.0000000000
50934  -16.193  -12.197  54.211 0.0000000000
50976  -18.079  -12.430  52.231 0.0000000000
50965  -18.467  -13.132  53.238 0.0000000000
49777  -18.692  -13.790  53.348 0.0000000000
49765  -18.732  -13.848  53.582 0.0000000000
45243  -18.932  -16.708  53.794 0.0000000000
45245  -19.650  -16.665  54.079 0.0000000000
45260  -19.075  -17.470  52.989 0.0000000000
44179  -20.480  -19.144  51.829 0.0000000000
44155  -21.918  -19.122  53.096 0.0000000000
41931  -22.028  -20.142  53.076 0.0000000000
41944  -22.531  -20.423  52.561 0.0000000000
41021  -25.338  -22.000  50.955 0.0000000000
45280  -24.919  -17.370  51.864 0.0000000000
45264  -25.294  -17.679  52.052 0.0000000000
47444  -26.679  -15.549  52.307 0.0000000000
43017  -26.416  -19.261  51.848 0.0000000000
43029  -26.666  -19.745  51.641 0.0000000000
41965  -27.691  -20.144  51.132 0.0000000000
41964  -27.287  -20.609  51.223 0.0000000000
41979  -27.673  -21.140  50.799 0.0000000000
45319  -30.935  -17.526  48.800 0.0000000000
46406  -31.254  -16.761  48.727 0.0000000000
45320  -31.527  -17.377  48.256 0.0000000000
44223  -31.709  -18.524  48.402 0.0000000000
52197  -31.809  -12.276  49.838 0.0000000000
52163  -32.463  -12.360  50.655 0.0000000000
52141  -32.824  -12.470  50.905 0.0000000000
50983  -33.212  -12.822  50.867 0.0000000000
51000  -33.508  -13.344  50.612 0.0000000000
49853  -33.805  -13.651  50.273 0.0000000000
48736  -34.460  -14.093  49.380 0.0000000000
53251  -35.239  -10.581  50.741 0.0000000000
52165  -35.290  -11.463  50.840 0.0000000000
51003  -35.427  -11.607  50.593 0.0000000000
51002  -35.007  -11.985  50.741 0.0000000000
51019  -35.019  -12.647  49.989 0.0000000000
49868  -35.074  -13.386  49.514 0.0000000000
48758  -34.851  -14.406  48.695 0.0000000000
48778  -35.245  -14.674  47.976 0.0000000000
51064  -39.794  -12.079  47.592 0.0000000000
49916  -40.257  -12.781  46.855 0.0000000000
52281  -40.557  -11.375  43.984 0.0000000000
53364  -41.625  -10.406  44.704 0.0000000000
53385  -41.240  -10.363  44.082 0.0000000000
64799  -42.055  -1.486  45.342 0.0000000000
70647  -37.068  3.619  46.162 0.0000000000
70650  -38.704  4.332  46.199 0.0000000000
71739  -38.208  4.898  45.626 0.0000000000
71740  -38.605  4.945  45.824 0.0000000000
70661  -39.303  4.288  45.990 0.0000000000
70662  -39.696  4.150  45.659 0.0000000000
69547  -40.244  3.491  44.830 0.0000000000
72859  -39.865  6.505  43.493 0.0000000000
73904  -40.420  6.501  43.732 0.0000000000
72840  -40.372  6.041  44.331 0.0000000000
72841  -40.998  6.026  44.065 0.0000000000
70674  -40.629  4.973  44.540 0.0000000000
70687  -40.495  4.358  44.315 0.0000000000
70779  -41.613  3.969  38.174 0.0000000000
70758  -43.088  4.799  38.443 0.0000000000
70866  -41.763  4.519  32.355 0.0000000000
69724  -41.539  3.716  32.512 0.0000000000
69709  -42.497  2.847  32.972 0.0000000000
68499  -41.460  3.121  32.876 0.0000000000
68447  -41.843  2.516  35.281 0.0000000000
69671  -42.516  3.032  36.310 0.0000000000
69649  -43.187  3.842  37.263 0.0000000000
70781  -43.744  4.625  37.751 0.0000000000
71866  -43.917  5.297  38.507 0.0000000000
71893  -45.760  5.135  38.213 0.0000000000
71869  -45.877  4.948  38.648 0.0000000000
70745  -45.975  4.346  39.446 0.0000000000
40090  -25.976  -21.860  51.207 0.0000000000
40099  -25.808  -22.019  51.077 0.0000000000
41008  -25.598  -21.635  51.401 0.0000000000
41022  -26.685  -21.771  50.865 0.0000000000
41963  -26.522  -20.664  51.501 0.0000000000
46394  -31.433  -16.169  48.975 0.0000000000
47431  -28.035  -14.908  52.688 0.0000000000
47432  -28.088  -14.784  52.537 0.0000000000
47447  -28.920  -15.259  52.315 0.0000000000
47509  -33.134  -14.645  49.476 0.0000000000
48683  -30.751  -14.500  51.726 0.0000000000
49803  -30.142  -13.384  52.092 0.0000000000
49852  -33.202  -13.825  50.471 0.0000000000
49885  -35.518  -13.766  49.192 0.0000000000
50967  -29.776  -13.257  51.793 0.0000000000
52118  -17.815  -12.342  53.448 0.0000000000
52180  -31.823  -12.415  50.387 0.0000000000
52199  -33.080  -11.368  49.112 0.0000000000
52236  -41.193  -11.298  46.379 0.0000000000
52251  -41.075  -11.750  45.104 0.0000000000
52282  -40.945  -10.832  43.997 0.0000000000
53234  -14.172  -10.598  52.510 0.0000000000
54412  -13.949  -10.329  53.830 0.0000000000
54422  -13.907  -10.361  53.532 0.0000000000
54456  -36.654  -9.518  50.467 0.0000000000
54483  -37.736  -9.734  49.001 0.0000000000
54500  -41.078  -9.945  46.719 0.0000000000
56855  -36.455  -7.680  49.619 0.0000000000
56859  -38.426  -6.991  49.895 0.0000000000
56915  -42.463  -7.293  45.562 0.0000000000
57948  -37.005  -6.756  49.653 0.0000000000
58003  -43.017  -5.957  44.769 0.0000000000
59044  -38.295  -5.882  49.797 0.0000000000
59060  -37.258  -6.261  49.347 0.0000000000
60119  -38.123  -5.551  49.691 0.0000000000
60161  -37.712  -4.838  48.827 0.0000000000
61272  -37.918  -4.394  48.881 0.0000000000
62472  -41.902  -2.508  45.836 0.0000000000
63619  -42.061  -1.858  45.578 0.0000000000
63636  -42.359  -1.913  45.077 0.0000000000
67102  -39.236  0.773  47.967 0.0000000000
68246  -36.534  2.482  46.678 0.0000000000
68269  -36.578  2.703  46.608 0.0000000000
68500  -41.927  3.022  32.696 0.0000000000
69502  -36.748  2.890  46.771 0.0000000000
69503  -37.003  2.994  46.866 0.0000000000
69519  -36.476  2.959  46.162 0.0000000000
69535  -36.756  3.407  46.039 0.0000000000
69557  -36.397  3.452  43.867 0.0000000000
70658  -36.673  3.467  45.543 0.0000000000
70659  -36.987  3.709  45.664 0.0000000000
70699  -38.402  4.947  42.395 0.0000000000
70805  -44.215  4.507  37.159 0.0000000000
71749  -38.538  5.355  45.197 0.0000000000
71764  -40.801  5.584  44.254 0.0000000000
71776  -38.527  5.367  43.387 0.0000000000
71777  -39.011  5.970  43.290 0.0000000000
71824  -44.151  5.838  40.645 0.0000000000
71849  -45.941  4.730  39.078 0.0000000000
71914  -45.281  5.226  37.416 0.0000000000
72807  -38.753  5.348  45.401 0.0000000000
72820  -39.411  5.555  45.128 0.0000000000
72837  -38.817  5.702  44.401 0.0000000000
72861  -41.309  6.389  43.704 0.0000000000
72876  -39.973  6.520  42.892 0.0000000000
72908  -41.302  6.589  41.480 0.0000000000
72983  -43.111  6.719  32.693 0.0000000000
73889  -39.466  6.075  44.130 0.0000000000
73890  -39.667  6.188  44.127 0.0000000000
73891  -39.951  6.307  44.107 0.0000000000
73902  -39.536  6.231  43.949 0.0000000000
73903  -39.851  6.442  43.820 0.0000000000
73916  -40.161  6.610  43.460 0.0000000000
73917  -40.667  6.805  43.189 0.0000000000
73919  -41.788  6.838  42.779 0.0000000000
73930  -40.996  6.925  42.766 0.0000000000
73931  -41.453  6.882  42.523 0.0000000000
74007  -44.029  7.666  32.989 0.0000000000
75023  -44.780  8.123  32.974 0.0000000000
76066  -48.814  9.710  32.540 0.0000000000
77253  -49.151  9.985  32.406 0.0000000000
77272  -48.906  10.062  32.375 0.0000000000
