#!ascii label  , from subject sub.01.base.03 vox2ras=TkReg
1028
64647  -23.919  -1.183  -25.255 0.5555555820
64649  -25.635  -1.460  -25.549 0.6666666865
65851  -26.119  -0.336  -26.673 0.7777777910
65852  -27.296  -1.089  -26.935 0.7777777910
67003  -26.832  0.357  -27.799 0.8888888955
65872  -29.355  -0.873  -28.641 0.8888888955
64632  -23.423  -1.557  -24.861 0.5555555820
65836  -23.870  -0.382  -25.591 0.5555555820
66983  -24.282  0.248  -26.062 0.6666666865
65850  -25.291  0.172  -26.569 0.8888888955
65863  -27.024  -0.354  -27.353 0.8888888955
65870  -27.992  -0.340  -27.945 0.8888888955
65881  -28.878  -0.337  -29.786 1.0000000000
64691  -30.069  -1.179  -29.677 0.8888888955
65883  -30.843  -0.467  -30.281 1.0000000000
66982  -23.630  0.751  -25.968 0.7777777910
68134  -25.002  1.733  -27.587 1.0000000000
68141  -25.613  2.315  -28.716 1.0000000000
67007  -26.544  1.195  -28.511 1.0000000000
68147  -27.197  1.577  -30.148 1.0000000000
68138  -25.861  1.810  -28.553 1.0000000000
67018  -27.754  1.149  -30.113 1.0000000000
68152  -26.769  2.118  -30.522 1.0000000000
68148  -27.877  1.470  -30.415 1.0000000000
67025  -28.833  1.356  -30.606 1.0000000000
68149  -29.752  1.514  -30.317 1.0000000000
68154  -28.304  1.723  -30.873 1.0000000000
68155  -29.194  1.723  -30.819 1.0000000000
68150  -30.441  1.429  -29.790 1.0000000000
70546  -29.860  3.250  -30.798 1.0000000000
70547  -30.570  3.780  -30.560 0.7777777910
69398  -24.867  3.175  -28.824 0.8888888955
68153  -27.374  1.887  -30.874 1.0000000000
69403  -25.897  3.166  -29.905 1.0000000000
69408  -26.753  2.758  -31.111 1.0000000000
69414  -28.603  3.170  -32.027 1.0000000000
69415  -28.987  3.489  -31.733 1.0000000000
70551  -29.419  3.848  -31.399 1.0000000000
70552  -30.035  3.875  -31.041 1.0000000000
71638  -30.777  4.452  -30.837 0.8888888955
72706  -31.017  5.054  -30.992 1.0000000000
72707  -31.745  5.400  -30.382 0.7777777910
71636  -24.718  4.783  -29.662 0.5555555820
72709  -26.011  5.715  -31.201 0.7777777910
71640  -25.752  4.779  -30.907 0.8888888955
70554  -26.976  3.724  -32.245 1.0000000000
69413  -27.810  2.970  -32.111 1.0000000000
71645  -26.647  4.651  -32.428 0.8888888955
71646  -27.402  4.737  -32.581 1.0000000000
71647  -28.397  4.745  -31.872 1.0000000000
72712  -29.626  5.575  -31.387 1.0000000000
72713  -30.452  5.722  -31.242 0.8888888955
73769  -29.941  6.547  -31.443 1.0000000000
73770  -30.703  6.622  -31.299 0.8888888955
74782  -31.723  7.836  -31.060 0.7777777910
73765  -32.349  6.769  -30.334 0.6666666865
74783  -32.463  7.485  -30.400 0.6666666865
74769  -23.905  6.918  -29.767 0.4444444478
72705  -25.332  5.607  -30.587 0.7777777910
74793  -25.206  7.322  -31.121 0.6666666865
73767  -26.594  6.676  -31.637 0.7777777910
72719  -27.064  5.844  -32.134 0.8888888955
72720  -27.364  5.886  -32.091 0.8888888955
72711  -28.866  5.377  -31.496 1.0000000000
73774  -28.434  6.499  -31.825 1.0000000000
73768  -29.050  6.476  -31.618 1.0000000000
74796  -29.593  7.229  -31.827 1.0000000000
74797  -30.317  7.554  -31.778 0.8888888955
75811  -31.016  8.444  -31.806 0.7777777910
75796  -31.700  8.457  -31.291 0.7777777910
75798  -32.895  8.210  -30.123 0.5555555820
75812  -31.744  8.892  -31.426 0.7777777910
76871  -32.494  9.441  -30.727 0.6666666865
75809  -25.521  7.965  -31.552 0.6666666865
74792  -24.644  7.782  -31.033 0.6666666865
74804  -26.749  7.416  -31.965 0.7777777910
75821  -26.052  8.323  -32.047 0.7777777910
74805  -27.545  7.356  -32.155 0.8888888955
75823  -27.954  8.309  -32.503 1.0000000000
75824  -28.904  8.340  -32.711 1.0000000000
74807  -29.349  7.686  -32.229 1.0000000000
75826  -30.535  8.992  -32.355 0.8888888955
76899  -30.864  9.627  -32.228 0.8888888955
76898  -30.112  9.561  -32.698 0.8888888955
78050  -31.430  10.298  -31.738 0.7777777910
76883  -32.032  9.579  -31.225 0.7777777910
78041  -32.510  10.182  -30.653 0.6666666865
75820  -25.296  8.536  -31.751 0.6666666865
75807  -24.347  8.342  -31.020 0.5555555820
75822  -27.000  8.285  -32.453 0.8888888955
76896  -28.253  9.207  -33.005 1.0000000000
76897  -29.197  9.466  -33.047 1.0000000000
75825  -29.985  8.410  -32.373 0.8888888955
79219  -30.733  11.115  -32.246 0.7777777910
80252  -30.917  11.755  -31.999 0.7777777910
79195  -31.702  11.577  -31.008 0.6666666865
80223  -32.258  11.854  -30.082 0.5555555820
79196  -32.319  11.276  -30.335 0.5555555820
76893  -25.307  9.329  -32.212 0.7777777910
76894  -26.362  9.270  -32.806 0.8888888955
76906  -27.587  9.884  -33.372 1.0000000000
76907  -28.424  10.035  -33.455 1.0000000000
78062  -29.524  10.553  -33.074 0.8888888955
79233  -29.626  11.828  -33.197 0.8888888955
78063  -30.332  10.423  -32.581 0.8888888955
80237  -30.751  12.829  -31.881 0.7777777910
80238  -31.237  12.272  -31.537 0.7777777910
80222  -31.839  12.234  -30.524 0.5555555820
81248  -29.865  13.121  -32.809 0.7777777910
81237  -31.047  13.244  -31.265 0.5555555820
81225  -31.502  13.171  -30.534 0.5555555820
82257  -30.571  14.150  -31.263 0.6666666865
79206  -23.670  11.128  -31.295 0.4444444478
78059  -24.739  10.373  -32.230 0.5555555820
78060  -25.670  10.339  -33.055 0.7777777910
76905  -26.902  9.780  -33.164 1.0000000000
78061  -26.415  9.975  -33.191 0.8888888955
78075  -27.793  10.678  -33.806 1.0000000000
78076  -28.600  10.803  -33.612 0.8888888955
79231  -28.150  11.578  -34.120 0.8888888955
79232  -29.159  11.437  -33.412 0.8888888955
80266  -29.527  12.533  -33.266 0.8888888955
80250  -29.900  12.656  -32.888 0.8888888955
81249  -30.350  13.476  -32.094 0.6666666865
83266  -30.841  14.745  -30.219 0.5555555820
80263  -25.519  12.613  -33.847 0.6666666865
79228  -25.370  11.552  -33.317 0.6666666865
79242  -26.715  12.026  -34.493 0.7777777910
79244  -28.005  12.439  -34.486 0.8888888955
79243  -27.382  12.161  -34.610 0.7777777910
80265  -28.661  12.408  -33.990 0.8888888955
80278  -28.214  13.174  -34.539 0.7777777910
82283  -28.976  14.353  -33.857 0.7777777910
81261  -29.458  13.688  -33.364 0.7777777910
82270  -29.838  14.098  -32.728 0.6666666865
83317  -29.092  15.273  -33.733 0.6666666865
83318  -29.508  15.627  -33.146 0.6666666865
83297  -29.784  15.087  -32.603 0.6666666865
82271  -30.063  14.555  -31.995 0.5555555820
85315  -29.664  17.294  -32.542 0.6666666865
84324  -29.857  16.154  -32.278 0.5555555820
84312  -30.028  16.466  -31.394 0.5555555820
83281  -30.278  15.159  -31.297 0.4444444478
85308  -29.788  17.107  -31.675 0.5555555820
82281  -24.545  14.645  -33.800 0.3333333433
81259  -25.351  13.704  -34.159 0.5555555820
80275  -25.908  13.028  -34.460 0.6666666865
82292  -26.048  14.752  -35.270 0.5555555820
81272  -26.813  13.796  -35.288 0.7777777910
81273  -27.664  13.821  -34.990 0.7777777910
82306  -27.794  15.368  -34.932 0.6666666865
81274  -28.354  14.159  -34.522 0.6666666865
81285  -28.175  14.919  -34.702 0.6666666865
82294  -28.614  15.023  -34.268 0.6666666865
83336  -29.210  16.047  -33.616 0.6666666865
85322  -29.523  17.540  -33.377 0.6666666865
86277  -29.516  18.061  -31.796 0.5555555820
87285  -29.699  18.824  -30.936 0.5555555820
83315  -24.706  15.812  -34.191 0.4444444478
83314  -23.910  15.734  -33.623 0.4444444478
82282  -25.368  14.721  -34.506 0.4444444478
84345  -25.541  16.603  -35.127 0.5555555820
82304  -26.550  15.220  -35.489 0.6666666865
82293  -26.768  14.618  -35.487 0.6666666865
83352  -27.351  15.989  -35.033 0.6666666865
82307  -28.297  15.554  -34.570 0.6666666865
84348  -29.260  16.782  -33.869 0.6666666865
85331  -29.186  17.718  -34.063 0.6666666865
87300  -29.658  19.400  -32.802 0.6666666865
88385  -29.826  20.156  -31.972 0.5555555820
87293  -29.602  19.125  -31.897 0.6666666865
84336  -25.009  16.546  -34.552 0.4444444478
84357  -26.980  16.740  -35.215 0.6666666865
84358  -27.589  16.819  -34.802 0.6666666865
83334  -28.447  16.385  -34.453 0.6666666865
84346  -28.226  16.932  -34.533 0.6666666865
86288  -29.482  18.569  -33.543 0.6666666865
65862  -26.419  0.176  -27.319 0.8888888955
66992  -24.640  0.878  -26.675 1.0000000000
67006  -25.825  1.509  -28.180 1.0000000000
65882  -29.739  -0.497  -30.142 1.0000000000
74780  -24.272  7.395  -30.410 0.5555555820
76881  -24.675  8.888  -31.574 0.5555555820
79215  -24.181  11.466  -31.960 0.5555555820
80251  -30.353  12.320  -32.537 0.8888888955
84301  -30.343  16.188  -30.661 0.4444444478
83351  -26.724  15.901  -35.331 0.6666666865
85338  -27.312  17.578  -34.993 0.6666666865
88374  -29.883  19.896  -31.052 0.5555555820
87286  -30.187  19.578  -30.076 0.5555555820
63458  -24.058  -2.444  -24.336 0.5555555820
63459  -24.993  -2.445  -24.613 0.5555555820
64634  -25.028  -1.794  -25.086 0.6666666865
64650  -26.412  -1.839  -25.797 0.5555555820
64680  -28.685  -1.543  -27.267 0.7777777910
65866  -29.288  -0.940  -27.983 0.8888888955
63457  -23.059  -2.283  -24.317 0.5555555820
64665  -26.899  -1.608  -26.322 0.6666666865
65864  -28.019  -0.919  -27.474 0.8888888955
64683  -29.740  -1.269  -28.246 0.7777777910
64687  -30.639  -1.303  -29.296 0.7777777910
65884  -31.791  -0.552  -30.285 0.8888888955
64631  -22.465  -1.534  -24.478 0.4444444478
65835  -23.272  0.107  -25.507 0.5555555820
67021  -31.077  0.305  -30.270 1.0000000000
68125  -23.452  1.654  -26.327 0.2222222239
68126  -23.937  1.794  -26.751 0.6666666865
69401  -30.778  2.159  -29.484 0.8888888955
70541  -30.979  3.107  -29.896 0.6666666865
71639  -31.240  4.382  -30.394 0.7777777910
72699  -32.100  4.927  -29.896 0.6666666865
69388  -24.205  2.751  -27.654 0.5555555820
72700  -32.487  5.460  -29.568 0.6666666865
70532  -23.824  4.026  -28.314 0.4444444478
73756  -32.732  6.760  -29.779 0.5555555820
75788  -33.408  8.514  -29.518 0.5555555820
72697  -23.788  5.615  -28.910 0.2222222239
76872  -33.084  9.336  -30.186 0.5555555820
79197  -32.918  10.628  -30.070 0.5555555820
75794  -23.427  8.556  -29.946 0.3333333433
79177  -33.038  11.320  -29.514 0.5555555820
78049  -24.108  10.429  -31.496 0.4444444478
81211  -32.330  12.838  -29.368 0.4444444478
78048  -23.512  10.454  -30.912 0.3333333433
83249  -31.428  14.423  -29.546 0.5555555820
84288  -30.856  15.779  -29.546 0.4444444478
82269  -24.089  14.188  -33.217 0.3333333433
81247  -24.069  13.420  -32.862 0.4444444478
85303  -30.215  17.331  -30.230 0.4444444478
86273  -30.142  18.423  -30.061 0.4444444478
84335  -24.551  16.672  -34.230 0.3333333433
85330  -28.579  17.754  -34.488 0.6666666865
86298  -28.971  18.823  -34.316 0.6666666865
87306  -29.545  19.670  -33.652 0.6666666865
88392  -29.871  20.548  -32.830 0.6666666865
88386  -30.309  20.788  -31.249 0.4444444478
88375  -30.453  20.625  -30.340 0.3333333433
85337  -26.657  17.587  -35.330 0.5555555820
65820  -23.483  -0.948  -25.267 0.5555555820
64648  -24.629  -1.142  -25.395 0.6666666865
64633  -24.324  -1.776  -24.947 0.5555555820
65837  -25.022  -0.339  -26.063 0.6666666865
65838  -25.765  -0.793  -26.036 0.7777777910
64664  -26.202  -1.179  -26.030 0.7777777910
67008  -27.681  0.153  -28.483 1.0000000000
67002  -25.681  0.943  -27.512 1.0000000000
65876  -28.869  -0.410  -29.023 1.0000000000
65871  -28.603  -0.524  -28.199 0.8888888955
65865  -28.842  -1.052  -27.643 0.8888888955
65819  -22.902  -0.558  -25.106 0.5555555820
66993  -25.431  0.441  -26.845 0.8888888955
67009  -28.359  -0.183  -28.757 1.0000000000
67014  -28.318  0.163  -29.295 1.0000000000
67019  -28.612  0.756  -30.214 1.0000000000
64692  -30.762  -1.172  -29.997 1.0000000000
67020  -29.864  0.696  -30.321 1.0000000000
66991  -23.892  1.286  -26.438 0.6666666865
68133  -24.463  1.908  -27.260 0.8888888955
68136  -24.712  2.273  -27.769 0.8888888955
67001  -24.930  1.386  -27.258 1.0000000000
69394  -24.619  2.802  -28.268 0.8888888955
69395  -25.166  2.658  -28.628 1.0000000000
67012  -26.748  1.475  -29.152 1.0000000000
68143  -26.777  1.584  -29.578 1.0000000000
67013  -27.466  1.030  -29.423 1.0000000000
67026  -29.155  1.141  -30.507 1.0000000000
69400  -26.094  2.566  -29.685 1.0000000000
69404  -26.376  2.662  -30.268 1.0000000000
69405  -29.709  2.275  -30.442 1.0000000000
69410  -28.484  2.452  -31.510 1.0000000000
69409  -27.663  2.463  -31.404 1.0000000000
69411  -29.190  2.879  -31.304 1.0000000000
69406  -30.334  2.708  -30.078 1.0000000000
70548  -31.096  3.752  -30.137 0.7777777910
70540  -25.488  3.481  -29.663 1.0000000000
70533  -24.250  3.689  -28.564 0.5555555820
70525  -24.200  3.209  -28.088 0.6666666865
69399  -25.520  2.913  -29.234 1.0000000000
69407  -26.166  3.267  -30.567 1.0000000000
70545  -25.605  3.943  -30.213 0.8888888955
70550  -26.804  3.322  -31.632 1.0000000000
70555  -27.987  3.845  -32.233 1.0000000000
70556  -28.664  3.849  -31.927 1.0000000000
71642  -29.167  4.736  -31.479 1.0000000000
71643  -30.183  4.613  -31.223 1.0000000000
73763  -31.174  6.007  -31.020 0.8888888955
72708  -32.223  6.213  -30.180 0.6666666865
71631  -24.212  4.676  -29.016 0.5555555820
72698  -24.283  5.570  -29.440 0.6666666865
71637  -25.187  4.818  -30.214 0.6666666865
70539  -24.939  3.859  -29.385 0.7777777910
70544  -25.115  4.346  -29.844 0.7777777910
73762  -25.422  6.436  -30.826 0.6666666865
72710  -26.467  6.126  -31.496 0.8888888955
71644  -26.222  4.855  -31.780 0.8888888955
72714  -26.493  5.610  -31.793 0.8888888955
70549  -26.289  3.828  -31.347 0.8888888955
70553  -26.430  4.206  -32.061 1.0000000000
71651  -27.269  5.538  -32.515 0.8888888955
72716  -27.724  5.474  -32.140 1.0000000000
74798  -31.130  7.292  -31.312 0.8888888955
73771  -31.225  6.634  -31.140 0.7777777910
73764  -31.824  6.677  -30.820 0.7777777910
75797  -32.270  8.657  -30.803 0.6666666865
74771  -33.121  7.616  -29.663 0.5555555820
73761  -24.827  6.375  -30.406 0.5555555820
73754  -23.817  6.411  -29.352 0.3333333433
73755  -24.338  6.388  -29.856 0.4444444478
72704  -24.772  5.577  -30.019 0.6666666865
74794  -26.075  7.422  -31.534 0.6666666865
73766  -26.036  6.638  -31.219 0.7777777910
73772  -27.141  6.450  -31.952 0.8888888955
72717  -28.352  5.808  -31.782 1.0000000000
74806  -28.539  7.310  -32.072 1.0000000000
75810  -30.443  8.133  -32.013 0.7777777910
76882  -31.474  9.361  -31.754 0.7777777910
79207  -31.318  11.305  -31.610 0.7777777910
78040  -31.831  10.792  -31.049 0.7777777910
75795  -23.843  8.482  -30.490 0.4444444478
76895  -27.354  9.138  -32.884 0.8888888955
76908  -28.961  10.327  -33.327 0.8888888955
80202  -31.899  12.710  -30.079 0.5555555820
79176  -32.503  11.669  -29.878 0.5555555820
76892  -24.512  9.675  -31.747 0.5555555820
79218  -29.902  11.346  -32.939 0.8888888955
81238  -31.440  12.748  -30.994 0.6666666865
82242  -31.391  13.943  -30.025 0.5555555820
78074  -26.718  10.545  -33.615 1.0000000000
78073  -25.964  10.963  -33.589 0.7777777910
79230  -27.171  11.360  -34.249 0.7777777910
83267  -31.206  14.377  -29.932 0.5555555820
80262  -24.712  12.551  -33.139 0.5555555820
81258  -24.738  13.520  -33.477 0.4444444478
80264  -26.180  12.383  -34.390 0.6666666865
80276  -26.625  12.835  -34.798 0.6666666865
79229  -26.203  11.583  -34.030 0.7777777910
79216  -24.915  11.102  -32.664 0.7777777910
79227  -24.628  11.817  -32.726 0.6666666865
80277  -27.473  13.005  -34.857 0.7777777910
81260  -28.881  13.372  -33.953 0.7777777910
82284  -29.483  14.679  -33.291 0.6666666865
84337  -29.556  16.571  -33.185 0.6666666865
84325  -29.947  15.835  -31.988 0.5555555820
83298  -29.965  15.444  -31.982 0.5555555820
85302  -29.989  16.891  -30.983 0.4444444478
86272  -29.793  17.766  -30.930 0.5555555820
81271  -25.961  13.760  -34.845 0.6666666865
81283  -27.259  14.364  -35.322 0.7777777910
86283  -29.580  18.329  -32.706 0.6666666865
83316  -25.496  15.701  -34.801 0.5555555820
84356  -26.266  16.671  -35.467 0.6666666865
84347  -28.811  16.914  -34.342 0.6666666865
76880  -23.918  9.392  -31.070 0.4444444478
74779  -23.686  7.992  -30.073 0.4444444478
76868  -23.547  9.156  -30.387 0.4444444478
89397  -30.607  21.555  -30.604 0.3333333433
64681  -29.365  -1.394  -27.556 0.6666666865
63442  -23.497  -2.886  -23.938 0.5555555820
68151  -31.351  0.659  -29.824 0.7777777910
64615  -21.938  -1.934  -23.999 0.3333333433
70542  -31.544  3.724  -29.648 0.6666666865
72689  -23.371  5.629  -28.317 0.1111111119
73742  -23.295  6.443  -28.863 0.1111111119
76879  -23.460  9.816  -30.487 0.3333333433
80249  -24.085  12.498  -32.458 0.3333333433
88393  -30.252  20.933  -32.005 0.4444444478
62309  -27.465  -4.056  -24.558 0.4444444478
62271  -28.160  -2.940  -22.598 0.2222222239
62307  -25.442  -3.379  -24.208 0.4444444478
61141  -26.061  -3.867  -24.390 0.4444444478
63460  -25.714  -2.803  -24.772 0.4444444478
62308  -26.191  -3.393  -24.738 0.4444444478
62322  -27.370  -3.672  -25.134 0.4444444478
63477  -28.210  -2.990  -25.475 0.4444444478
63461  -28.363  -2.650  -24.167 0.2222222239
63493  -26.874  -2.355  -25.870 0.4444444478
63494  -27.550  -2.434  -26.107 0.4444444478
64636  -29.022  -1.493  -24.621 0.1111111119
64617  -29.043  -1.338  -23.535 0.1111111119
63495  -28.222  -2.394  -26.402 0.4444444478
64652  -28.899  -1.864  -25.675 0.3333333433
63478  -28.603  -2.288  -26.201 0.3333333433
63496  -28.571  -2.107  -26.535 0.4444444478
64668  -29.103  -1.821  -26.759 0.3333333433
64666  -27.780  -1.847  -26.728 0.5555555820
65855  -30.333  -1.001  -27.027 0.2222222239
66994  -30.859  -0.222  -26.367 0.1111111119
66995  -31.611  0.088  -26.318 0.1111111119
65854  -29.676  -1.433  -26.852 0.3333333433
64684  -30.421  -1.341  -28.506 0.4444444478
64685  -31.048  -1.292  -28.871 0.5555555820
65879  -32.806  -0.762  -29.426 0.6666666865
67005  -32.231  0.421  -27.948 0.4444444478
67024  -32.941  -0.255  -30.128 0.6666666865
69389  -32.738  2.392  -27.552 0.3333333433
67010  -31.954  0.592  -29.029 0.6666666865
69397  -32.264  2.665  -28.367 0.5555555820
68145  -31.226  1.347  -29.172 0.6666666865
70534  -31.890  3.096  -28.995 0.5555555820
70536  -32.873  3.865  -28.219 0.3333333433
69402  -31.337  2.588  -29.292 0.5555555820
72690  -33.033  5.249  -28.826 0.4444444478
71624  -32.685  4.662  -29.001 0.4444444478
73757  -33.329  7.005  -29.176 0.4444444478
85329  -27.893  17.639  -34.660 0.5555555820
86297  -28.159  18.528  -34.903 0.5555555820
87316  -29.057  20.057  -34.333 0.5555555820
88401  -29.618  20.695  -33.732 0.5555555820
89439  -30.041  21.987  -33.063 0.5555555820
61143  -27.079  -4.509  -24.571 0.4444444478
62293  -28.082  -3.253  -23.438 0.2222222239
63474  -25.531  -2.233  -25.079 0.4444444478
65840  -30.183  -0.452  -25.876 0.2222222239
65868  -31.080  -0.817  -27.813 0.4444444478
65857  -31.802  -0.049  -26.941 0.3333333433
65873  -30.951  -1.164  -28.358 0.4444444478
67011  -32.287  0.105  -28.911 0.6666666865
71625  -33.109  4.492  -28.354 0.3333333433
73743  -33.127  6.141  -28.964 0.4444444478
76859  -33.718  9.344  -29.248 0.4444444478
87315  -28.484  19.550  -34.951 0.5555555820
87323  -28.254  19.970  -35.509 0.5555555820
68135  -32.577  1.339  -27.241 0.2222222239
89425  -29.934  21.308  -33.183 0.5555555820
60003  -25.525  -5.407  -23.159 0.4444444478
60004  -26.404  -5.486  -23.431 0.4444444478
60005  -26.978  -5.080  -23.623 0.4444444478
62270  -27.694  -3.712  -22.550 0.2222222239
62253  -28.083  -2.935  -21.681 0.1111111119
62290  -24.406  -3.444  -23.728 0.4444444478
61125  -24.981  -4.444  -23.363 0.4444444478
63443  -28.427  -2.502  -23.125 0.1111111119
65790  -29.700  -0.573  -23.025 0.1111111119
65822  -30.190  -0.087  -24.705 0.1111111119
66969  -31.073  0.500  -23.999 0.1111111119
66985  -32.150  0.506  -25.480 0.1111111119
68127  -32.890  1.451  -26.151 0.2222222239
70527  -33.123  3.893  -27.767 0.2222222239
71617  -33.510  4.634  -27.525 0.2222222239
72691  -33.612  5.558  -28.170 0.3333333433
74755  -33.614  7.807  -28.880 0.4444444478
75771  -33.755  8.777  -28.864 0.3333333433
78042  -33.079  10.112  -30.187 0.4444444478
78026  -33.529  10.248  -29.634 0.3333333433
81195  -32.021  13.581  -29.317 0.4444444478
85294  -30.690  16.816  -29.521 0.3333333433
85336  -25.787  17.519  -35.309 0.4444444478
89426  -30.229  21.654  -32.400 0.5555555820
86306  -27.337  18.594  -35.213 0.5555555820
86307  -28.038  19.241  -35.448 0.5555555820
88410  -29.289  20.944  -34.404 0.5555555820
89438  -29.641  21.703  -33.829 0.5555555820
87322  -27.667  19.821  -35.649 0.5555555820
62306  -24.741  -2.894  -24.168 0.4444444478
64679  -28.164  -1.605  -27.114 0.5555555820
64667  -28.442  -1.968  -26.840 0.5555555820
64682  -30.039  -1.390  -27.754 0.6666666865
64689  -32.451  -1.337  -29.753 0.6666666865
71633  -32.182  4.395  -29.453 0.5555555820
63475  -26.305  -2.598  -25.324 0.4444444478
64669  -29.700  -1.449  -27.214 0.3333333433
61155  -27.131  -4.178  -24.902 0.4444444478
62310  -27.944  -3.478  -24.412 0.4444444478
62292  -27.650  -4.019  -23.697 0.3333333433
62323  -27.775  -3.626  -24.941 0.4444444478
61128  -27.273  -4.638  -24.002 0.4444444478
62291  -25.230  -3.898  -23.724 0.4444444478
61126  -25.879  -4.480  -23.929 0.4444444478
61142  -26.619  -4.139  -24.655 0.4444444478
62321  -26.776  -3.526  -25.153 0.4444444478
63476  -27.193  -3.004  -25.570 0.4444444478
64651  -28.624  -2.215  -24.854 0.4444444478
64616  -28.578  -2.010  -23.559 0.1111111119
65805  -29.588  -0.709  -24.114 0.1111111119
64600  -29.328  -1.110  -22.461 0.1111111119
65839  -29.552  -1.228  -26.290 0.3333333433
65821  -29.491  -0.921  -25.245 0.2222222239
65856  -31.233  -0.329  -27.070 0.2222222239
66984  -31.102  0.315  -25.353 0.1111111119
65874  -31.539  -0.872  -28.657 0.4444444478
65875  -32.103  -0.376  -28.760 0.4444444478
65869  -31.819  -0.252  -27.707 0.4444444478
66996  -32.263  0.531  -26.684 0.3333333433
69381  -32.995  2.025  -26.776 0.1111111119
68140  -32.158  1.330  -28.291 0.4444444478
69396  -31.711  2.052  -28.752 0.5555555820
70535  -32.463  3.786  -28.697 0.5555555820
70526  -32.743  3.313  -28.005 0.3333333433
61127  -26.718  -4.836  -24.135 0.4444444478
88415  -28.330  20.693  -35.831 0.5555555820
61106  -27.038  -5.206  -22.923 0.4444444478
61084  -27.238  -4.465  -22.000 0.2222222239
61107  -27.300  -4.750  -23.078 0.4444444478
62289  -23.291  -3.505  -23.538 0.4444444478
64599  -28.756  -1.771  -22.776 0.1111111119
63424  -28.493  -2.290  -22.177 0.1111111119
55503  -24.871  -9.895  -18.137 0.1111111119
56738  -23.531  -8.314  -21.091 0.3333333433
55551  -24.905  -9.075  -19.721 0.2222222239
55527  -24.523  -9.933  -18.646 0.2222222239
55528  -25.053  -9.308  -18.732 0.1111111119
58903  -21.559  -5.932  -21.558 0.3333333433
58878  -22.064  -6.611  -21.344 0.3333333433
57799  -22.631  -7.558  -21.093 0.3333333433
56739  -24.397  -8.055  -21.536 0.3333333433
55589  -24.878  -8.518  -21.285 0.3333333433
56721  -25.280  -8.181  -20.902 0.2222222239
56655  -25.670  -8.741  -18.412 0.1111111119
56700  -25.324  -8.343  -20.048 0.2222222239
61102  -21.225  -4.498  -22.023 0.2222222239
59980  -21.795  -5.246  -21.994 0.2222222239
58879  -22.969  -6.727  -21.495 0.3333333433
57800  -23.607  -7.480  -21.489 0.3333333433
57741  -25.674  -7.850  -19.542 0.1111111119
62287  -21.848  -3.425  -23.064 0.2222222239
61103  -22.125  -4.330  -22.595 0.3333333433
61122  -22.306  -3.776  -23.032 0.3333333433
59981  -22.722  -5.327  -22.261 0.3333333433
61123  -22.853  -4.031  -23.081 0.3333333433
61105  -23.703  -4.970  -22.780 0.3333333433
58905  -23.312  -6.099  -21.925 0.3333333433
59982  -23.690  -5.505  -22.465 0.3333333433
57821  -25.214  -7.097  -22.099 0.3333333433
59983  -24.562  -5.746  -22.609 0.3333333433
57802  -25.404  -7.280  -21.891 0.3333333433
58907  -25.416  -6.425  -22.467 0.3333333433
58881  -25.768  -6.835  -21.516 0.3333333433
58861  -25.788  -7.027  -20.647 0.1111111119
58862  -26.170  -6.386  -20.856 0.2222222239
63440  -21.911  -2.676  -23.659 0.2222222239
62288  -22.459  -3.389  -23.409 0.3333333433
61124  -23.886  -4.450  -23.152 0.3333333433
58925  -26.000  -5.962  -23.125 0.3333333433
58882  -26.192  -6.168  -21.852 0.3333333433
58908  -26.281  -5.937  -22.773 0.3333333433
59985  -26.754  -5.496  -22.857 0.3333333433
73744  -33.710  6.792  -28.409 0.2222222239
74756  -33.882  7.598  -28.180 0.2222222239
80204  -32.892  11.885  -29.237 0.3333333433
79151  -33.187  11.741  -29.068 0.2222222239
55588  -24.277  -8.774  -20.980 0.3333333433
56676  -25.546  -8.455  -19.117 0.1111111119
57801  -24.319  -7.279  -21.828 0.3333333433
56760  -25.125  -7.483  -22.020 0.3333333433
56740  -25.144  -7.941  -21.674 0.3333333433
57782  -25.514  -7.508  -21.186 0.3333333433
61104  -23.157  -4.753  -22.702 0.3333333433
59959  -26.566  -5.526  -22.153 0.3333333433
54294  -24.352  -10.420  -18.180 0.1111111119
57780  -21.912  -7.877  -20.702 0.3333333433
57781  -22.469  -8.086  -20.788 0.3333333433
55569  -23.041  -9.559  -20.468 0.3333333433
55570  -24.125  -9.616  -20.309 0.3333333433
55550  -24.413  -9.770  -19.332 0.3333333433
54277  -24.949  -10.543  -17.439 0.1111111119
55504  -25.611  -9.454  -17.851 0.1111111119
56677  -25.936  -8.267  -18.552 0.1111111119
62269  -21.291  -3.651  -22.570 0.2222222239
57763  -25.825  -7.409  -19.566 0.1111111119
59934  -26.549  -5.866  -20.111 0.1111111119
59943  -26.589  -5.507  -21.114 0.1111111119
61083  -26.944  -5.079  -22.474 0.1111111119
64614  -21.395  -1.813  -23.442 0.1111111119
81196  -32.402  13.219  -28.964 0.2222222239
80183  -32.997  12.320  -28.844 0.2222222239
65818  -22.102  -0.668  -24.475 0.2222222239
69380  -23.950  2.416  -27.099 0.5555555820
63456  -22.380  -2.271  -24.110 0.3333333433
63441  -22.728  -2.865  -23.891 0.4444444478
78027  -33.888  10.364  -29.103 0.2222222239
56720  -23.146  -8.767  -20.695 0.3333333433
55587  -23.659  -9.024  -20.713 0.3333333433
58904  -22.394  -5.967  -21.731 0.3333333433
58877  -21.302  -6.463  -21.248 0.2222222239
57798  -21.623  -7.108  -21.004 0.3333333433
55571  -24.839  -8.807  -20.600 0.3333333433
56759  -24.803  -7.641  -21.915 0.3333333433
58880  -23.720  -6.804  -21.755 0.3333333433
57762  -25.614  -7.527  -20.245 0.1111111119
58906  -24.291  -6.438  -22.165 0.3333333433
59984  -25.088  -5.685  -22.770 0.3333333433
58845  -26.045  -6.812  -19.811 0.1111111119
63439  -21.188  -2.845  -23.103 0.2222222239
60002  -24.709  -5.150  -22.951 0.3333333433
54293  -23.814  -11.030  -18.393 0.1111111119
54312  -24.082  -10.426  -18.917 0.2222222239
56719  -22.444  -8.655  -20.558 0.3333333433
54327  -23.883  -10.301  -19.593 0.3333333433
58902  -20.998  -5.989  -21.402 0.2222222239
58876  -20.662  -6.343  -21.021 0.2222222239
75772  -33.953  8.364  -28.291 0.1111111119
74737  -34.148  7.896  -27.567 0.1111111119
75735  -34.464  8.565  -27.126 0.1111111119
75753  -34.297  8.688  -27.829 0.1111111119
77984  -34.849  9.984  -27.975 0.1111111119
76818  -34.983  9.768  -27.274 0.1111111119
79178  -33.741  10.782  -29.136 0.1111111119
78007  -34.904  10.715  -28.042 0.1111111119
78006  -34.327  10.486  -28.669 0.1111111119
79153  -34.573  11.197  -28.270 0.1111111119
83227  -31.402  15.173  -28.986 0.2222222239
79152  -33.793  11.507  -28.725 0.1111111119
79130  -34.488  11.889  -28.019 0.1111111119
85284  -31.148  16.326  -28.781 0.1111111119
86266  -30.600  17.880  -29.299 0.1111111119
84280  -31.619  15.739  -28.192 0.1111111119
86255  -31.085  17.307  -28.616 0.1111111119
86296  -27.645  18.112  -34.885 0.4444444478
87279  -30.683  19.101  -29.015 0.1111111119
86295  -25.631  18.855  -34.650 0.4444444478
86305  -26.282  18.507  -35.139 0.4444444478
87280  -31.357  19.914  -28.648 0.1111111119
88409  -28.748  20.616  -35.114 0.4444444478
90512  -30.465  22.558  -31.695 0.3333333433
89413  -30.429  21.672  -31.448 0.2222222239
89382  -30.950  21.454  -29.787 0.1111111119
88359  -30.889  20.408  -29.340 0.1111111119
89383  -31.509  21.339  -29.088 0.1111111119
89447  -28.892  21.306  -35.684 0.4444444478
89457  -29.221  21.986  -35.758 0.4444444478
90546  -29.358  22.654  -35.150 0.4444444478
89448  -29.301  21.675  -34.937 0.4444444478
90535  -29.673  22.614  -34.301 0.4444444478
90536  -30.044  22.659  -33.397 0.4444444478
91584  -30.354  23.527  -32.814 0.4444444478
91573  -30.523  23.425  -31.924 0.2222222239
92557  -30.714  23.950  -31.443 0.2222222239
91567  -30.743  23.407  -31.170 0.2222222239
92545  -31.405  23.968  -30.263 0.2222222239
91559  -31.595  23.450  -29.959 0.2222222239
96812  -31.598  29.378  -32.219 0.1111111119
95131  -32.475  27.690  -31.093 0.1111111119
92547  -32.868  24.348  -29.471 0.1111111119
87314  -27.037  20.223  -35.204 0.4444444478
88408  -27.141  21.259  -35.017 0.4444444478
88414  -27.673  20.923  -35.831 0.3333333433
89456  -28.486  21.740  -36.084 0.4444444478
91616  -29.312  23.516  -35.285 0.4444444478
92596  -30.005  24.501  -34.458 0.4444444478
91600  -29.701  23.465  -34.685 0.4444444478
91601  -30.091  23.529  -33.834 0.4444444478
92580  -30.361  24.487  -33.238 0.4444444478
93528  -29.746  25.787  -35.125 0.3333333433
93502  -30.483  25.391  -32.570 0.3333333433
94322  -30.704  26.060  -32.090 0.1111111119
93488  -30.825  25.440  -31.737 0.1111111119
94306  -31.478  25.836  -30.988 0.1111111119
92558  -31.092  24.473  -30.808 0.2222222239
93476  -31.548  25.424  -30.651 0.1111111119
94307  -31.898  26.188  -30.746 0.1111111119
88407  -26.404  20.610  -34.510 0.2222222239
90554  -28.265  22.759  -35.865 0.3333333433
92608  -29.422  24.638  -35.324 0.3333333433
93514  -30.000  26.012  -34.432 0.2222222239
93515  -30.154  25.548  -33.698 0.2222222239
94335  -30.366  26.358  -32.794 0.2222222239
95129  -30.765  26.799  -32.079 0.1111111119
94344  -29.784  26.604  -34.712 0.1111111119
94345  -29.969  26.775  -33.795 0.1111111119
95146  -30.529  27.587  -32.731 0.1111111119
95130  -31.305  27.634  -31.630 0.1111111119
95159  -30.029  27.823  -33.713 0.1111111119
95147  -30.962  28.132  -32.191 0.1111111119
89455  -27.708  21.930  -35.655 0.3333333433
90545  -27.166  22.851  -34.641 0.3333333433
91628  -28.003  23.688  -35.608 0.3333333433
91629  -28.814  23.669  -35.768 0.3333333433
95158  -29.574  27.613  -34.622 0.1111111119
95987  -30.292  28.428  -33.277 0.1111111119
95972  -30.827  28.700  -32.598 0.1111111119
97689  -31.466  30.634  -33.265 0.1111111119
90522  -26.567  23.162  -32.607 0.1111111119
91614  -26.370  24.018  -34.014 0.1111111119
92620  -26.938  24.492  -34.840 0.2222222239
93540  -27.330  25.308  -35.028 0.2222222239
92621  -27.665  24.572  -35.300 0.3333333433
92622  -28.472  24.694  -35.646 0.3333333433
93541  -27.972  25.652  -35.396 0.3333333433
94366  -28.032  26.928  -35.735 0.2222222239
94367  -28.558  27.352  -35.683 0.1111111119
95178  -28.062  28.147  -36.474 0.1111111119
95179  -28.560  28.197  -36.044 0.1111111119
95996  -29.138  28.640  -35.108 0.1111111119
95986  -29.682  28.729  -34.060 0.1111111119
96827  -29.734  29.671  -33.864 0.1111111119
96811  -30.887  29.452  -32.737 0.1111111119
97676  -32.004  30.164  -32.676 0.1111111119
96813  -32.561  29.716  -32.225 0.1111111119
91598  -26.524  23.704  -33.424 0.1111111119
92594  -26.503  24.490  -33.054 0.1111111119
92606  -26.365  24.414  -33.787 0.1111111119
93513  -26.790  25.793  -33.476 0.1111111119
94354  -27.073  26.609  -34.169 0.1111111119
94365  -27.374  26.492  -35.132 0.2222222239
95168  -26.964  27.680  -34.951 0.1111111119
95177  -27.343  27.842  -36.160 0.1111111119
96838  -27.867  29.546  -34.987 0.1111111119
96850  -28.194  29.494  -36.076 0.1111111119
96839  -28.574  29.797  -35.091 0.1111111119
96840  -29.206  29.618  -34.729 0.1111111119
93501  -27.013  25.810  -32.412 0.1111111119
92579  -27.208  25.420  -31.795 0.1111111119
94343  -27.149  26.724  -33.099 0.1111111119
95157  -27.115  27.660  -33.731 0.1111111119
95985  -27.215  28.752  -34.137 0.1111111119
94334  -27.281  26.811  -31.997 0.1111111119
94321  -27.393  26.828  -30.902 0.1111111119
95145  -27.245  27.738  -32.602 0.1111111119
74717  -34.323  7.789  -26.691 0.1111111119
76817  -34.609  9.267  -27.596 0.1111111119
76801  -34.769  9.228  -26.803 0.1111111119
81197  -33.209  13.186  -28.073 0.1111111119
80184  -33.804  12.378  -28.237 0.1111111119
82206  -32.385  14.035  -28.321 0.1111111119
87269  -31.070  18.234  -28.475 0.1111111119
87321  -26.917  19.318  -35.284 0.4444444478
90523  -30.286  22.632  -32.540 0.4444444478
90498  -30.730  22.538  -30.783 0.2222222239
90485  -30.943  22.195  -30.109 0.1111111119
90486  -31.633  22.453  -29.489 0.1111111119
88360  -31.551  20.626  -28.766 0.1111111119
92559  -31.632  24.992  -30.308 0.2222222239
94323  -31.267  26.293  -31.439 0.1111111119
94324  -31.835  26.959  -31.067 0.1111111119
95114  -33.118  27.015  -30.789 0.1111111119
95973  -31.329  28.537  -31.984 0.1111111119
95971  -27.149  28.447  -33.156 0.1111111119
95128  -27.282  27.816  -31.423 0.1111111119
76786  -34.864  9.298  -25.956 0.1111111119
90555  -28.998  22.717  -35.799 0.4444444478
92578  -26.968  24.765  -32.052 0.1111111119
92566  -27.010  24.488  -30.919 0.1111111119
93487  -27.315  25.983  -31.472 0.1111111119
75722  -34.544  8.520  -26.237 0.1111111119
73729  -33.939  6.401  -27.538 0.1111111119
73730  -34.176  7.107  -27.101 0.1111111119
76766  -34.987  9.441  -25.230 0.1111111119
75709  -34.611  8.650  -25.143 0.1111111119
77970  -35.510  10.631  -26.325 0.1111111119
77985  -35.236  10.548  -27.294 0.1111111119
79131  -35.096  11.385  -27.717 0.1111111119
82207  -32.961  14.076  -27.707 0.1111111119
81175  -33.469  13.685  -27.686 0.1111111119
80167  -34.342  12.562  -27.838 0.1111111119
83229  -32.357  14.950  -27.649 0.1111111119
85277  -32.819  16.681  -27.416 0.1111111119
87258  -32.136  18.230  -27.666 0.1111111119
87270  -31.773  18.999  -28.085 0.1111111119
90487  -32.669  22.738  -29.023 0.1111111119
89374  -32.717  21.181  -28.482 0.1111111119
87313  -26.231  19.544  -34.667 0.4444444478
91562  -34.028  23.560  -29.335 0.1111111119
93471  -33.470  24.996  -29.643 0.1111111119
88400  -26.984  21.729  -34.653 0.2222222239
89437  -26.871  22.152  -34.339 0.2222222239
95115  -33.840  27.044  -30.902 0.1111111119
90533  -26.670  22.891  -33.290 0.1111111119
91627  -27.322  23.661  -35.055 0.2222222239
96801  -33.468  29.017  -31.863 0.1111111119
96814  -33.676  29.538  -32.526 0.1111111119
89424  -26.391  22.521  -32.650 0.1111111119
89412  -26.433  22.850  -32.185 0.1111111119
91572  -26.705  23.964  -31.455 0.1111111119
91566  -26.486  23.973  -30.658 0.1111111119
97690  -32.446  30.644  -33.262 0.1111111119
92556  -27.148  25.062  -30.246 0.1111111119
97702  -29.128  30.662  -34.633 0.1111111119
98659  -29.927  31.010  -34.170 0.1111111119
98675  -31.405  31.714  -34.450 0.1111111119
93475  -27.380  25.888  -30.494 0.1111111119
95984  -27.237  29.141  -33.482 0.1111111119
97700  -27.915  30.276  -33.953 0.1111111119
95956  -27.080  28.911  -32.109 0.1111111119
82205  -31.949  14.009  -29.068 0.1111111119
76839  -34.182  9.342  -28.505 0.1111111119
85285  -31.592  16.736  -28.026 0.1111111119
84281  -32.272  16.106  -27.597 0.1111111119
90475  -32.228  21.859  -28.770 0.1111111119
92568  -30.614  24.463  -31.965 0.2222222239
92569  -30.893  24.960  -31.384 0.1111111119
92546  -31.931  24.440  -29.935 0.2222222239
91560  -32.317  23.512  -29.494 0.1111111119
96799  -32.272  29.323  -31.862 0.1111111119
97675  -31.141  30.004  -32.820 0.1111111119
95957  -32.090  28.707  -31.540 0.1111111119
95958  -33.118  28.557  -31.454 0.1111111119
95132  -33.548  27.769  -31.180 0.1111111119
93472  -33.962  24.810  -29.694 0.1111111119
92548  -33.646  24.297  -29.467 0.1111111119
93470  -32.708  25.052  -29.710 0.2222222239
93529  -30.039  25.374  -34.585 0.3333333433
94308  -32.737  26.274  -30.484 0.2222222239
89446  -27.233  22.114  -34.989 0.3333333433
90553  -27.624  22.821  -35.344 0.3333333433
93542  -28.835  25.971  -35.558 0.2222222239
94355  -29.294  26.858  -35.266 0.1111111119
95169  -28.931  27.885  -35.422 0.1111111119
96828  -30.339  29.301  -33.267 0.1111111119
97688  -30.420  30.284  -33.477 0.1111111119
98660  -30.900  31.187  -33.852 0.1111111119
91615  -26.698  23.618  -34.307 0.1111111119
92607  -26.513  24.450  -34.290 0.1111111119
93527  -26.794  25.372  -34.382 0.1111111119
96012  -27.731  28.924  -37.106 0.1111111119
96007  -28.752  28.608  -35.813 0.1111111119
97687  -29.589  30.296  -34.129 0.1111111119
91583  -26.638  23.872  -32.391 0.1111111119
93500  -26.627  25.193  -32.931 0.1111111119
93512  -26.441  25.034  -33.656 0.1111111119
95995  -27.254  28.729  -35.682 0.1111111119
96849  -27.616  29.317  -36.368 0.1111111119
96851  -28.736  29.244  -35.673 0.1111111119
92567  -27.297  25.222  -31.169 0.1111111119
73711  -34.175  7.133  -26.400 0.1111111119
76802  -35.181  9.876  -26.584 0.1111111119
94309  -33.596  26.338  -30.518 0.1111111119
94325  -34.297  26.461  -30.899 0.1111111119
97701  -28.495  30.613  -34.401 0.1111111119
95955  -27.097  29.445  -32.596 0.1111111119
76787  -35.274  9.956  -25.717 0.1111111119
85286  -32.138  17.104  -27.590 0.1111111119
91561  -33.190  23.573  -29.210 0.1111111119
93490  -34.628  25.946  -30.982 0.1111111119
95133  -34.425  27.439  -31.490 0.1111111119
90534  -26.906  22.788  -33.912 0.1111111119
89423  -26.023  21.761  -32.469 0.1111111119
95959  -34.071  28.567  -31.860 0.1111111119
90511  -26.464  23.254  -31.616 0.1111111119
96826  -27.494  29.594  -33.530 0.1111111119
97685  -27.460  30.737  -33.156 0.1111111119
55568  -22.112  -9.452  -20.235 0.2222222239
70519  -23.442  3.476  -27.151 0.2222222239
71622  -23.591  4.566  -28.136 0.2222222239
66981  -22.799  0.604  -25.316 0.3333333433
70524  -23.788  3.599  -27.861 0.4444444478
86304  -25.494  18.203  -34.860 0.3333333433
85328  -25.004  17.498  -34.599 0.2222222239
88405  -24.990  19.983  -34.249 0.1111111119
88406  -25.576  20.184  -34.242 0.1111111119
81246  -23.513  13.368  -32.213 0.2222222239
80248  -23.523  12.461  -31.828 0.1111111119
69379  -23.402  2.563  -26.614 0.2222222239
83296  -23.487  15.725  -32.852 0.1111111119
85326  -23.852  18.457  -33.925 0.1111111119
87310  -24.024  19.430  -33.716 0.1111111119
88397  -25.065  20.307  -33.748 0.1111111119
88398  -25.791  21.087  -33.699 0.1111111119
84323  -23.554  16.711  -33.215 0.1111111119
69370  -23.113  2.011  -26.201 0.2222222239
74768  -23.310  7.496  -29.440 0.2222222239
85320  -24.332  17.312  -34.165 0.1111111119
74750  -22.867  6.978  -28.839 0.1111111119
74767  -22.730  8.066  -29.143 0.3333333433
86294  -24.811  18.688  -34.493 0.3333333433
87312  -25.245  19.493  -34.434 0.1111111119
85327  -24.200  18.131  -34.218 0.1111111119
87311  -24.537  19.615  -34.109 0.1111111119
84322  -23.209  16.720  -32.379 0.1111111119
86293  -24.005  18.919  -34.170 0.1111111119
85319  -23.749  17.871  -33.555 0.1111111119
86282  -23.689  18.315  -32.774 0.1111111119
86292  -23.791  18.838  -33.626 0.1111111119
66986  -32.646  0.948  -25.597 0.1111111119
54325  -22.387  -10.447  -20.041 0.1111111119
54326  -23.303  -10.532  -19.996 0.1111111119
54311  -23.540  -11.095  -19.257 0.1111111119
55549  -20.882  -9.475  -19.521 0.1111111119
56699  -20.927  -8.867  -19.792 0.1111111119
56718  -21.464  -8.538  -20.225 0.1111111119
57779  -20.859  -7.374  -20.555 0.1111111119
57797  -21.086  -6.812  -20.978 0.1111111119
66967  -22.016  0.149  -24.203 0.1111111119
71616  -23.404  4.277  -27.518 0.1111111119
69387  -23.760  2.973  -27.265 0.1111111119
78036  -23.058  10.502  -30.212 0.2222222239
78035  -22.662  10.914  -30.052 0.2222222239
71623  -23.887  4.362  -28.551 0.1111111119
54308  -20.862  -9.927  -19.321 0.1111111119
54310  -22.030  -10.881  -19.714 0.1111111119
53112  -22.445  -11.409  -19.565 0.1111111119
56698  -20.268  -8.823  -19.594 0.1111111119
56717  -20.478  -8.209  -19.983 0.1111111119
58860  -20.121  -6.735  -20.486 0.1111111119
59958  -20.720  -5.795  -21.330 0.1111111119
59979  -20.952  -5.367  -21.590 0.1111111119
68118  -22.279  1.238  -24.696 0.1111111119
71605  -23.235  4.053  -27.029 0.1111111119
78019  -23.020  10.022  -29.710 0.2222222239
79189  -22.729  11.217  -30.347 0.2222222239
79204  -22.698  11.794  -30.424 0.1111111119
53111  -21.823  -11.149  -19.420 0.1111111119
79205  -23.076  11.459  -30.836 0.2222222239
79214  -23.467  11.779  -31.437 0.1111111119
68120  -22.990  1.483  -25.846 0.1111111119
76867  -23.245  9.480  -29.899 0.2222222239
71630  -23.759  4.961  -28.586 0.1111111119
66968  -22.346  0.068  -24.799 0.1111111119
62268  -20.769  -3.727  -21.909 0.1111111119
53122  -22.824  -10.982  -19.938 0.1111111119
66980  -22.299  0.781  -24.742 0.1111111119
69378  -23.103  2.909  -26.240 0.1111111119
55567  -21.473  -9.427  -19.857 0.1111111119
54309  -21.478  -10.333  -19.520 0.1111111119
68091  -22.047  0.596  -23.849 0.1111111119
78018  -22.720  10.511  -29.487 0.1111111119
57778  -19.669  -7.485  -19.983 0.1111111119
66952  -21.881  -0.082  -23.456 0.1111111119
68063  -22.209  0.542  -23.370 0.1111111119
68119  -22.519  1.520  -25.174 0.1111111119
80232  -22.772  12.471  -30.649 0.1111111119
82255  -23.158  14.118  -31.854 0.1111111119
76852  -22.844  9.472  -29.367 0.1111111119
81232  -23.137  13.372  -31.519 0.1111111119
82268  -23.459  14.525  -32.552 0.1111111119
82280  -23.806  14.935  -33.275 0.1111111119
53123  -23.060  -11.263  -19.696 0.1111111119
54324  -21.836  -9.954  -20.002 0.1111111119
56737  -22.865  -8.272  -20.825 0.3333333433
57820  -24.891  -7.105  -22.109 0.3333333433
58844  -25.769  -7.103  -20.226 0.1111111119
58926  -26.250  -5.825  -23.146 0.3333333433
59957  -20.380  -5.500  -21.214 0.1111111119
59978  -20.605  -5.211  -21.471 0.1111111119
59986  -26.943  -5.271  -23.215 0.4444444478
60001  -24.108  -5.172  -22.796 0.3333333433
61154  -26.972  -3.968  -25.072 0.4444444478
63438  -20.941  -2.709  -22.707 0.1111111119
64635  -28.634  -1.906  -24.172 0.1111111119
64686  -29.923  -1.270  -29.004 0.8888888955
64688  -31.529  -1.289  -29.461 0.6666666865
64690  -33.101  -1.255  -29.937 0.6666666865
64693  -31.710  -1.118  -30.075 0.6666666865
64694  -32.486  -1.103  -30.183 0.6666666865
64695  -32.976  -0.943  -30.223 0.6666666865
65853  -27.824  -1.411  -27.090 0.5555555820
65867  -30.568  -1.189  -27.907 0.3333333433
65877  -29.443  -0.852  -29.437 0.8888888955
65878  -32.187  -1.004  -29.232 0.6666666865
65880  -33.329  -0.726  -29.967 0.6666666865
65885  -32.491  -0.589  -30.262 0.6666666865
65886  -32.935  -0.564  -30.209 0.6666666865
67004  -27.522  -0.210  -27.798 0.8888888955
67015  -32.037  0.383  -29.694 0.7777777910
67016  -32.846  -0.095  -29.669 0.6666666865
67017  -33.130  -0.409  -30.091 0.6666666865
67022  -31.950  0.046  -30.234 0.7777777910
67023  -32.617  -0.131  -30.148 0.6666666865
68137  -25.315  2.045  -28.124 1.0000000000
68139  -31.737  1.298  -28.774 0.5555555820
68142  -26.198  2.002  -29.160 1.0000000000
68144  -30.784  1.635  -29.410 0.8888888955
68146  -26.468  2.011  -29.943 1.0000000000
69412  -27.157  2.966  -31.813 1.0000000000
70543  -32.021  3.752  -29.203 0.5555555820
70557  -28.987  3.802  -31.692 1.0000000000
71632  -31.790  4.552  -29.987 0.6666666865
71641  -28.784  4.925  -31.570 1.0000000000
71648  -28.910  4.169  -31.662 1.0000000000
71649  -26.460  5.266  -32.290 0.8888888955
71650  -26.782  5.394  -32.741 0.8888888955
72715  -26.835  6.022  -31.796 0.8888888955
72718  -26.737  5.672  -32.179 0.8888888955
73745  -34.026  7.146  -27.776 0.1111111119
73773  -27.803  6.351  -31.986 0.8888888955
73775  -27.205  6.038  -31.982 0.8888888955
73776  -27.340  6.161  -31.984 0.8888888955
74770  -32.811  7.378  -29.988 0.5555555820
74781  -24.913  6.879  -30.710 0.5555555820
74784  -32.839  7.669  -30.053 0.5555555820
74795  -29.144  7.208  -31.913 1.0000000000
74808  -29.812  7.713  -32.094 0.8888888955
75808  -24.909  8.121  -31.401 0.6666666865
76838  -33.857  9.182  -28.850 0.3333333433
76860  -33.982  9.961  -29.062 0.2222222239
78051  -31.975  10.215  -31.185 0.7777777910
78064  -30.856  10.363  -32.224 0.7777777910
78077  -29.056  10.780  -33.364 0.8888888955
79188  -22.590  11.543  -29.934 0.2222222239
79217  -29.516  11.111  -33.144 0.8888888955
80182  -32.528  12.653  -29.190 0.4444444478
80203  -32.401  12.254  -29.619 0.5555555820
80267  -29.894  12.006  -33.058 0.8888888955
81198  -33.878  12.840  -27.894 0.1111111119
81210  -31.953  13.199  -29.677 0.4444444478
81224  -31.210  13.400  -30.846 0.5555555820
81284  -27.748  14.604  -35.020 0.6666666865
82226  -31.759  13.848  -29.537 0.4444444478
82241  -31.068  13.768  -30.691 0.5555555820
82305  -27.204  15.140  -35.361 0.6666666865
83228  -31.629  14.847  -28.694 0.1111111119
83248  -31.247  15.099  -29.326 0.2222222239
83333  -26.068  15.786  -35.346 0.6666666865
83335  -28.752  15.992  -34.163 0.6666666865
83353  -28.018  16.132  -34.712 0.6666666865
83354  -28.385  16.001  -34.489 0.6666666865
84279  -31.297  15.507  -28.912 0.2222222239
84300  -30.113  16.519  -31.027 0.5555555820
84313  -30.071  15.881  -31.625 0.5555555820
84334  -24.060  16.684  -33.874 0.1111111119
85321  -24.699  17.002  -34.405 0.2222222239
86246  -32.100  17.921  -27.595 0.1111111119
86247  -32.515  17.690  -27.490 0.1111111119
86256  -31.746  17.775  -27.800 0.1111111119
86257  -32.109  17.547  -27.588 0.1111111119
88399  -26.593  21.465  -34.285 0.2222222239
89373  -31.998  21.088  -28.607 0.1111111119
90499  -31.181  22.830  -30.149 0.1111111119
91568  -31.116  23.451  -30.508 0.2222222239
91599  -26.716  23.252  -33.742 0.1111111119
92560  -34.260  24.367  -29.765 0.1111111119
92595  -29.659  24.019  -34.980 0.4444444478
92609  -29.907  25.058  -34.961 0.3333333433
93477  -32.200  25.485  -30.176 0.2222222239
93478  -33.180  25.692  -29.982 0.2222222239
93489  -31.179  25.414  -31.150 0.1111111119
93526  -26.423  24.818  -34.082 0.1111111119
95113  -32.412  26.839  -30.807 0.1111111119
95186  -27.685  28.540  -36.772 0.1111111119
95187  -27.834  28.619  -36.945 0.1111111119
96005  -27.380  28.812  -36.705 0.1111111119
96006  -28.393  28.886  -36.430 0.1111111119
96013  -28.044  28.806  -36.952 0.1111111119
96800  -32.887  29.221  -31.814 0.1111111119
96825  -27.212  29.304  -33.234 0.1111111119
96857  -27.599  29.210  -36.959 0.1111111119
96858  -27.988  29.310  -36.900 0.1111111119
97674  -30.672  29.781  -33.032 0.1111111119
97677  -32.845  30.157  -32.756 0.1111111119
