#!ascii label  , from subject sub.01.base.03 vox2ras=TkReg
376
11853  -37.026  -55.067  -7.388 0.0000000000
10444  -34.738  -56.364  -10.837 0.0000000000
14190  -40.789  -51.903  -7.380 0.0000000000
10430  -38.352  -56.913  -9.325 0.0000000000
13491  -40.876  -52.446  -11.445 0.0000000000
13379  -36.856  -51.865  -3.850 0.0000000000
15851  -35.840  -49.823  -6.281 0.0000000000
17504  -31.849  -47.560  -2.543 0.0000000000
15025  -40.339  -51.071  -9.142 0.0000000000
13448  -41.497  -52.294  -9.314 0.0000000000
15063  -42.456  -50.866  -11.375 0.0000000000
14959  -37.891  -49.786  -4.231 0.0000000000
16634  -36.098  -48.131  -3.413 0.0000000000
20392  -31.556  -44.911  -3.423 0.0000000000
18499  -33.115  -46.179  -5.980 0.0000000000
9035  -35.743  -58.799  -8.340 0.0000000000
9730  -36.431  -57.464  -10.447 0.0000000000
8344  -36.878  -59.659  -10.662 0.0000000000
8370  -35.082  -59.809  -11.746 0.0000000000
12641  -39.373  -53.581  -6.545 0.0000000000
10417  -38.207  -56.575  -7.893 0.0000000000
12705  -38.803  -53.957  -10.237 0.0000000000
11916  -37.031  -54.458  -11.359 0.0000000000
13393  -38.933  -52.045  -5.099 0.0000000000
14981  -38.866  -50.691  -6.688 0.0000000000
15003  -37.174  -50.114  -9.027 0.0000000000
18417  -34.618  -46.303  -1.887 0.0000000000
16651  -33.493  -48.602  -4.427 0.0000000000
16686  -34.693  -48.809  -7.386 0.0000000000
18551  -37.173  -47.522  -9.302 0.0000000000
7686  -37.348  -59.937  -8.722 0.0000000000
14228  -34.552  -51.314  -10.334 0.0000000000
11156  -32.935  -55.181  -10.638 0.0000000000
9744  -29.841  -58.106  -11.006 0.0000000000
15043  -39.902  -50.578  -10.264 0.0000000000
15044  -41.173  -50.857  -10.188 0.0000000000
10421  -35.822  -57.051  -8.030 0.0000000000
10445  -35.783  -56.417  -10.725 0.0000000000
9045  -35.766  -58.550  -10.787 0.0000000000
9044  -34.944  -58.193  -10.948 0.0000000000
8354  -34.032  -59.359  -11.712 0.0000000000
9748  -33.569  -57.931  -11.271 0.0000000000
13413  -40.009  -53.050  -6.371 0.0000000000
12654  -40.448  -53.234  -7.574 0.0000000000
13466  -40.570  -52.769  -10.456 0.0000000000
13446  -40.275  -53.008  -9.799 0.0000000000
12728  -39.101  -53.564  -10.894 0.0000000000
11918  -38.240  -54.225  -10.747 0.0000000000
13489  -38.999  -53.298  -11.769 0.0000000000
13403  -37.578  -52.727  -5.208 0.0000000000
13380  -37.620  -51.858  -4.235 0.0000000000
15826  -37.482  -49.297  -4.649 0.0000000000
15842  -38.224  -50.063  -5.131 0.0000000000
15853  -37.643  -50.126  -5.900 0.0000000000
14991  -38.367  -50.738  -7.593 0.0000000000
14989  -36.217  -50.181  -7.409 0.0000000000
17486  -33.466  -47.047  -1.857 0.0000000000
17525  -34.499  -47.665  -3.193 0.0000000000
16630  -32.824  -48.210  -3.873 0.0000000000
19466  -34.809  -46.197  -7.024 0.0000000000
17573  -33.796  -47.202  -6.763 0.0000000000
18525  -34.919  -46.891  -7.451 0.0000000000
17588  -36.289  -47.962  -8.874 0.0000000000
10424  -38.394  -56.976  -8.392 0.0000000000
9037  -37.644  -58.768  -8.296 0.0000000000
8332  -38.085  -58.930  -8.899 0.0000000000
7068  -36.559  -61.546  -10.142 0.0000000000
14214  -32.793  -51.268  -9.490 0.0000000000
11896  -33.556  -54.201  -10.505 0.0000000000
10440  -30.401  -56.530  -10.271 0.0000000000
14215  -40.675  -51.366  -8.372 0.0000000000
13423  -41.416  -52.127  -8.258 0.0000000000
14216  -41.254  -51.444  -8.938 0.0000000000
14231  -42.245  -51.515  -10.352 0.0000000000
13492  -41.916  -51.932  -11.613 0.0000000000
14151  -37.738  -51.162  -3.940 0.0000000000
16635  -36.893  -48.671  -3.749 0.0000000000
16670  -36.255  -48.837  -4.854 0.0000000000
18462  -31.309  -46.717  -3.041 0.0000000000
17543  -31.829  -46.981  -4.276 0.0000000000
19431  -32.394  -45.690  -5.047 0.0000000000
19433  -33.733  -45.239  -5.947 0.0000000000
20452  -35.510  -44.982  -6.448 0.0000000000
9715  -37.765  -57.724  -9.792 0.0000000000
9048  -37.769  -58.992  -9.847 0.0000000000
9046  -36.732  -58.663  -10.579 0.0000000000
8357  -36.196  -59.936  -11.084 0.0000000000
7093  -35.281  -61.163  -12.156 0.0000000000
7727  -33.648  -60.742  -12.657 0.0000000000
8367  -32.917  -60.102  -12.310 0.0000000000
8365  -30.889  -60.164  -12.334 0.0000000000
11837  -37.685  -54.419  -6.880 0.0000000000
11123  -37.328  -56.025  -7.654 0.0000000000
11125  -38.617  -56.023  -8.048 0.0000000000
11134  -38.691  -56.023  -8.799 0.0000000000
12665  -40.557  -53.052  -8.669 0.0000000000
11884  -39.077  -54.150  -9.219 0.0000000000
11145  -38.454  -55.896  -9.405 0.0000000000
11161  -37.859  -55.491  -10.406 0.0000000000
11160  -37.090  -55.458  -10.886 0.0000000000
11159  -36.226  -55.508  -10.902 0.0000000000
12624  -37.946  -53.186  -5.860 0.0000000000
12625  -38.797  -53.158  -5.957 0.0000000000
14174  -39.996  -51.826  -5.956 0.0000000000
14152  -38.226  -50.810  -4.320 0.0000000000
14173  -39.341  -51.366  -5.489 0.0000000000
14982  -39.620  -51.093  -6.807 0.0000000000
14992  -39.360  -50.954  -7.469 0.0000000000
15024  -38.978  -50.707  -9.492 0.0000000000
15041  -38.173  -49.861  -10.173 0.0000000000
17526  -35.456  -47.494  -3.071 0.0000000000
16633  -35.059  -48.162  -3.747 0.0000000000
15838  -34.528  -49.187  -5.356 0.0000000000
16667  -32.847  -48.286  -5.134 0.0000000000
16678  -33.880  -48.785  -6.261 0.0000000000
15859  -34.927  -49.551  -6.811 0.0000000000
15870  -35.787  -49.415  -8.203 0.0000000000
16711  -37.047  -48.642  -9.616 0.0000000000
9711  -37.364  -57.967  -7.974 0.0000000000
8329  -36.295  -59.748  -8.423 0.0000000000
7716  -37.458  -60.201  -9.638 0.0000000000
7048  -36.379  -61.696  -9.245 0.0000000000
13509  -37.882  -52.790  -12.334 0.0000000000
12725  -36.855  -53.416  -11.666 0.0000000000
11158  -35.277  -55.391  -10.838 0.0000000000
11897  -34.742  -54.331  -10.828 0.0000000000
10443  -33.611  -56.252  -10.903 0.0000000000
9726  -32.126  -57.135  -10.855 0.0000000000
9055  -31.509  -58.746  -11.439 0.0000000000
15060  -39.571  -49.967  -10.978 0.0000000000
15061  -40.665  -50.264  -11.132 0.0000000000
11131  -35.471  -56.520  -7.945 0.0000000000
11122  -36.388  -55.725  -7.721 0.0000000000
9729  -35.320  -57.411  -10.734 0.0000000000
9728  -34.245  -57.402  -11.069 0.0000000000
13414  -40.437  -52.577  -6.758 0.0000000000
12642  -40.142  -53.330  -6.827 0.0000000000
13490  -39.606  -53.133  -11.325 0.0000000000
13390  -35.948  -52.426  -4.451 0.0000000000
13391  -37.154  -52.353  -4.538 0.0000000000
15840  -36.735  -49.267  -5.257 0.0000000000
15841  -37.758  -49.832  -5.405 0.0000000000
15852  -37.055  -50.002  -5.989 0.0000000000
14979  -36.626  -50.242  -6.827 0.0000000000
17484  -31.464  -47.560  -1.226 0.0000000000
17485  -32.511  -47.638  -1.534 0.0000000000
17505  -32.932  -47.606  -2.583 0.0000000000
17523  -32.580  -47.969  -3.560 0.0000000000
19467  -35.522  -46.129  -7.370 0.0000000000
18526  -35.869  -46.864  -8.187 0.0000000000
18527  -36.969  -46.298  -8.269 0.0000000000
9713  -38.502  -57.898  -8.816 0.0000000000
11895  -32.255  -54.098  -10.081 0.0000000000
11154  -30.674  -55.651  -9.978 0.0000000000
11142  -29.965  -55.080  -9.675 0.0000000000
15026  -41.211  -51.147  -9.476 0.0000000000
15045  -42.119  -50.987  -10.528 0.0000000000
14230  -41.702  -51.316  -9.797 0.0000000000
15046  -42.410  -51.178  -10.809 0.0000000000
13468  -42.299  -51.750  -10.954 0.0000000000
14232  -42.495  -51.320  -11.102 0.0000000000
16654  -36.584  -48.584  -4.349 0.0000000000
19374  -30.999  -45.807  -2.405 0.0000000000
19395  -31.285  -45.892  -3.390 0.0000000000
18477  -31.561  -46.412  -3.964 0.0000000000
20407  -31.751  -45.170  -4.113 0.0000000000
20451  -34.885  -45.206  -6.454 0.0000000000
10447  -37.494  -56.768  -10.063 0.0000000000
9731  -37.279  -58.013  -10.120 0.0000000000
8356  -35.556  -59.604  -11.351 0.0000000000
8343  -36.255  -59.310  -10.885 0.0000000000
7729  -35.213  -60.251  -11.963 0.0000000000
7728  -34.565  -60.563  -12.431 0.0000000000
8353  -33.154  -59.403  -11.838 0.0000000000
8352  -32.203  -59.450  -11.868 0.0000000000
8366  -31.915  -60.115  -12.398 0.0000000000
11838  -38.599  -54.426  -6.947 0.0000000000
11854  -37.980  -55.241  -7.228 0.0000000000
11867  -38.977  -55.171  -8.358 0.0000000000
13432  -41.483  -52.178  -8.673 0.0000000000
13431  -41.184  -52.530  -8.799 0.0000000000
12684  -39.599  -53.532  -9.426 0.0000000000
12683  -38.995  -54.086  -9.533 0.0000000000
11883  -38.780  -54.885  -9.366 0.0000000000
11162  -38.338  -55.462  -9.859 0.0000000000
10448  -38.116  -56.122  -9.804 0.0000000000
11917  -37.813  -54.225  -11.190 0.0000000000
11179  -37.526  -54.926  -11.030 0.0000000000
11178  -37.230  -54.968  -11.143 0.0000000000
11899  -36.580  -54.994  -11.159 0.0000000000
13404  -38.524  -52.627  -5.419 0.0000000000
13405  -39.595  -52.473  -5.799 0.0000000000
13394  -39.319  -51.884  -5.309 0.0000000000
14946  -38.009  -50.422  -4.073 0.0000000000
14970  -38.536  -50.464  -5.656 0.0000000000
14971  -39.302  -50.937  -6.158 0.0000000000
14990  -36.985  -50.515  -7.868 0.0000000000
15004  -38.068  -50.614  -8.702 0.0000000000
15023  -37.909  -50.070  -9.735 0.0000000000
15022  -37.315  -49.751  -9.490 0.0000000000
17507  -34.938  -46.812  -2.578 0.0000000000
16632  -34.039  -48.359  -3.750 0.0000000000
16652  -34.494  -48.787  -4.462 0.0000000000
15823  -34.986  -49.057  -4.869 0.0000000000
16669  -34.450  -49.048  -4.980 0.0000000000
18498  -32.641  -46.723  -5.595 0.0000000000
17544  -32.286  -47.510  -4.599 0.0000000000
18513  -33.018  -47.195  -6.148 0.0000000000
17581  -34.180  -47.743  -7.164 0.0000000000
17580  -33.841  -48.240  -6.758 0.0000000000
16685  -34.121  -48.580  -6.918 0.0000000000
16679  -34.376  -49.128  -6.723 0.0000000000
15860  -35.529  -49.691  -7.420 0.0000000000
16687  -35.374  -48.747  -8.067 0.0000000000
17601  -36.823  -47.947  -9.305 0.0000000000
16696  -36.497  -48.719  -9.129 0.0000000000
17602  -37.448  -47.876  -9.680 0.0000000000
16712  -37.608  -48.609  -10.081 0.0000000000
10416  -37.712  -56.557  -7.701 0.0000000000
10422  -36.994  -56.875  -7.873 0.0000000000
10423  -37.897  -57.207  -7.868 0.0000000000
8330  -37.197  -59.596  -8.418 0.0000000000
7685  -36.792  -60.584  -8.741 0.0000000000
8345  -37.553  -59.626  -10.000 0.0000000000
7715  -36.973  -60.527  -10.269 0.0000000000
6403  -36.064  -62.219  -10.449 0.0000000000
13510  -38.770  -52.942  -12.319 0.0000000000
14268  -37.986  -51.792  -12.616 0.0000000000
12724  -36.099  -53.359  -11.471 0.0000000000
11898  -35.952  -54.438  -11.202 0.0000000000
12704  -35.267  -53.363  -11.007 0.0000000000
11157  -34.146  -55.287  -10.795 0.0000000000
9727  -33.124  -57.119  -11.101 0.0000000000
10442  -32.469  -56.181  -10.769 0.0000000000
9724  -30.118  -57.349  -10.614 0.0000000000
9725  -31.129  -57.250  -10.638 0.0000000000
9745  -30.823  -58.045  -11.002 0.0000000000
15062  -41.751  -50.574  -11.129 0.0000000000
20408  -32.366  -44.683  -4.464 0.0000000000
21392  -33.473  -43.923  -4.758 0.0000000000
9710  -36.352  -57.899  -8.108 0.0000000000
9059  -35.089  -58.896  -11.159 0.0000000000
8355  -34.795  -59.399  -11.528 0.0000000000
9058  -34.303  -58.570  -11.295 0.0000000000
9057  -33.388  -58.660  -11.469 0.0000000000
12653  -39.787  -53.798  -7.333 0.0000000000
12664  -39.831  -53.704  -8.230 0.0000000000
13467  -41.691  -52.274  -10.355 0.0000000000
13447  -40.921  -52.686  -9.516 0.0000000000
13465  -39.875  -53.147  -10.296 0.0000000000
12727  -38.582  -53.589  -11.416 0.0000000000
12746  -38.295  -53.340  -12.026 0.0000000000
13392  -38.109  -52.125  -4.730 0.0000000000
15827  -38.040  -49.778  -4.813 0.0000000000
14969  -37.947  -50.190  -5.845 0.0000000000
14980  -37.763  -50.380  -6.528 0.0000000000
17487  -34.118  -46.687  -2.264 0.0000000000
17506  -33.870  -47.243  -2.699 0.0000000000
17524  -33.506  -47.930  -3.247 0.0000000000
16631  -33.179  -48.299  -3.827 0.0000000000
18514  -33.447  -46.643  -6.382 0.0000000000
18515  -34.217  -46.717  -6.909 0.0000000000
17582  -35.051  -47.807  -7.873 0.0000000000
17587  -35.712  -47.902  -8.458 0.0000000000
18535  -36.160  -47.454  -8.611 0.0000000000
18536  -36.817  -47.163  -8.866 0.0000000000
9712  -38.091  -57.953  -8.249 0.0000000000
9038  -38.139  -58.623  -8.644 0.0000000000
8331  -37.755  -59.362  -8.788 0.0000000000
7080  -36.453  -61.148  -10.777 0.0000000000
12682  -32.679  -52.343  -9.581 0.0000000000
13462  -33.176  -52.019  -9.705 0.0000000000
13463  -33.970  -52.224  -10.108 0.0000000000
12702  -33.066  -53.058  -9.909 0.0000000000
11155  -31.693  -55.176  -10.172 0.0000000000
14202  -40.497  -51.450  -7.691 0.0000000000
14203  -41.051  -51.647  -8.123 0.0000000000
14204  -41.419  -51.874  -8.542 0.0000000000
14217  -41.784  -51.834  -9.365 0.0000000000
14945  -37.346  -50.102  -3.513 0.0000000000
15797  -36.982  -49.214  -3.345 0.0000000000
15809  -37.422  -49.211  -3.923 0.0000000000
16655  -37.164  -48.812  -4.277 0.0000000000
16671  -36.683  -48.834  -4.782 0.0000000000
18441  -31.033  -46.911  -2.020 0.0000000000
17522  -31.823  -47.272  -3.684 0.0000000000
18478  -32.034  -46.509  -4.693 0.0000000000
19432  -33.040  -45.598  -5.631 0.0000000000
20423  -32.759  -45.108  -5.147 0.0000000000
19452  -33.503  -45.854  -6.119 0.0000000000
19453  -34.273  -45.725  -6.499 0.0000000000
19454  -35.168  -45.604  -6.800 0.0000000000
19455  -36.014  -45.452  -6.970 0.0000000000
10429  -38.006  -57.368  -9.666 0.0000000000
9716  -38.199  -57.975  -9.454 0.0000000000
9041  -37.786  -58.409  -9.837 0.0000000000
9047  -37.435  -58.909  -10.262 0.0000000000
7719  -36.399  -60.518  -10.988 0.0000000000
8368  -33.854  -59.987  -12.252 0.0000000000
7726  -32.635  -60.837  -12.722 0.0000000000
7725  -31.583  -60.853  -12.808 0.0000000000
11124  -38.171  -55.974  -7.600 0.0000000000
11855  -38.749  -55.113  -7.573 0.0000000000
13422  -41.104  -52.482  -7.940 0.0000000000
12685  -40.364  -53.059  -9.341 0.0000000000
11900  -37.946  -54.738  -10.737 0.0000000000
10446  -36.614  -56.322  -10.578 0.0000000000
12640  -38.324  -53.759  -6.413 0.0000000000
13406  -40.176  -52.188  -6.203 0.0000000000
14181  -40.317  -51.875  -6.549 0.0000000000
14162  -38.041  -51.628  -4.374 0.0000000000
14163  -38.574  -51.329  -4.710 0.0000000000
14960  -38.362  -50.387  -4.718 0.0000000000
14172  -38.824  -50.813  -5.079 0.0000000000
14164  -39.080  -51.651  -5.118 0.0000000000
14180  -39.863  -51.384  -6.287 0.0000000000
14189  -40.235  -51.450  -6.979 0.0000000000
14993  -39.967  -51.219  -7.380 0.0000000000
15006  -40.031  -51.162  -8.056 0.0000000000
15005  -39.192  -50.929  -8.402 0.0000000000
15042  -38.702  -50.033  -10.429 0.0000000000
16653  -35.570  -48.659  -4.509 0.0000000000
15824  -35.360  -48.993  -4.865 0.0000000000
15839  -35.497  -49.231  -5.224 0.0000000000
16650  -32.793  -48.250  -4.232 0.0000000000
17572  -33.454  -47.750  -6.475 0.0000000000
16677  -33.262  -48.379  -5.873 0.0000000000
16668  -33.870  -48.909  -5.290 0.0000000000
15849  -34.198  -49.130  -5.693 0.0000000000
15850  -34.675  -49.441  -6.038 0.0000000000
14978  -35.984  -50.126  -6.971 0.0000000000
15861  -36.101  -50.007  -7.959 0.0000000000
15871  -36.402  -49.625  -8.655 0.0000000000
16695  -35.953  -48.732  -8.619 0.0000000000
15888  -36.898  -49.399  -9.341 0.0000000000
15889  -37.388  -49.342  -9.827 0.0000000000
15909  -38.000  -49.406  -10.320 0.0000000000
11133  -36.712  -56.245  -7.803 0.0000000000
9036  -36.821  -58.833  -8.182 0.0000000000
9042  -37.999  -58.724  -9.481 0.0000000000
8340  -37.732  -59.626  -9.359 0.0000000000
7706  -37.456  -60.149  -9.069 0.0000000000
7705  -37.035  -60.840  -9.488 0.0000000000
15080  -41.434  -50.110  -11.705 0.0000000000
14250  -42.382  -51.475  -12.185 0.0000000000
13513  -41.903  -51.667  -12.470 0.0000000000
13512  -41.163  -51.960  -12.396 0.0000000000
13511  -40.086  -52.478  -12.437 0.0000000000
12745  -38.153  -53.211  -12.244 0.0000000000
12726  -37.723  -53.505  -11.860 0.0000000000
14249  -37.532  -52.259  -12.338 0.0000000000
13488  -37.254  -52.706  -12.063 0.0000000000
11915  -36.477  -53.934  -11.472 0.0000000000
12703  -34.240  -53.258  -10.528 0.0000000000
9747  -32.750  -57.919  -11.226 0.0000000000
9746  -31.809  -57.979  -11.073 0.0000000000
8351  -31.213  -59.490  -11.845 0.0000000000
8341  -38.002  -59.094  -9.180 0.0000000000
8346  -37.818  -59.212  -9.562 0.0000000000
9039  -38.295  -58.591  -9.077 0.0000000000
10415  -37.378  -56.500  -7.719 0.0000000000
11132  -36.098  -56.364  -7.912 0.0000000000
11894  -31.599  -54.469  -9.976 0.0000000000
12706  -39.392  -53.468  -10.454 0.0000000000
13445  -32.731  -51.896  -9.523 0.0000000000
13493  -42.408  -51.514  -11.508 0.0000000000
14191  -41.272  -51.981  -7.986 0.0000000000
15059  -39.007  -49.658  -10.938 0.0000000000
15825  -36.979  -48.883  -4.666 0.0000000000
15837  -34.191  -49.079  -5.450 0.0000000000
17562  -32.543  -47.583  -5.343 0.0000000000
17571  -32.836  -47.690  -5.847 0.0000000000
18416  -33.968  -46.536  -1.873 0.0000000000
19409  -31.530  -45.596  -3.904 0.0000000000
19410  -31.860  -45.659  -4.429 0.0000000000
21374  -32.990  -43.813  -4.192 0.0000000000
