#!ascii label  , from subject sub.01.base.03 vox2ras=TkReg
654
49167  31.363  -14.665  48.789 0.0000000000
69869  46.149  1.547  30.744 0.0000000000
72318  54.053  3.750  28.383 0.0000000000
59197  50.040  -5.980  38.809 0.0000000000
49258  38.535  -15.731  44.069 0.0000000000
44479  35.553  -18.233  47.209 0.0000000000
69877  50.943  3.020  29.962 0.0000000000
69813  50.824  2.123  33.890 0.0000000000
57991  46.834  -8.890  40.975 0.0000000000
48109  42.754  -16.158  43.740 0.0000000000
76757  52.711  8.661  19.463 0.0000000000
72399  52.362  4.887  23.298 0.0000000000
61563  46.505  -4.490  35.453 0.0000000000
67457  48.756  0.072  36.564 0.0000000000
49203  34.836  -16.049  47.038 0.0000000000
45724  33.927  -16.976  48.920 0.0000000000
69879  48.771  1.976  30.112 0.0000000000
71042  50.630  2.903  32.547 0.0000000000
71044  48.767  2.712  32.940 0.0000000000
49354  47.636  -14.126  39.473 0.0000000000
45771  39.053  -17.399  45.626 0.0000000000
49256  40.569  -15.528  44.098 0.0000000000
44519  41.168  -17.962  44.727 0.0000000000
76751  51.742  7.928  19.987 0.0000000000
74656  52.749  6.421  20.683 0.0000000000
74641  52.461  6.363  21.272 0.0000000000
71123  52.010  2.995  26.432 0.0000000000
71165  51.196  3.375  24.413 0.0000000000
72371  53.721  4.356  25.726 0.0000000000
73496  55.160  5.268  25.651 0.0000000000
71102  55.426  4.121  27.050 0.0000000000
58002  48.320  -7.318  40.476 0.0000000000
59209  46.862  -6.423  38.920 0.0000000000
62812  47.988  -4.215  38.785 0.0000000000
63965  48.029  -2.640  36.394 0.0000000000
62821  49.235  -3.069  38.934 0.0000000000
65087  50.483  -1.242  37.399 0.0000000000
60343  50.411  -5.265  37.319 0.0000000000
48051  37.277  -16.848  46.250 0.0000000000
69900  50.075  1.997  27.327 0.0000000000
71094  52.674  3.642  29.106 0.0000000000
72278  52.866  3.837  31.383 0.0000000000
68679  52.255  2.067  32.657 0.0000000000
51818  44.598  -12.712  42.650 0.0000000000
53051  46.661  -11.592  41.952 0.0000000000
54308  48.216  -10.640  40.556 0.0000000000
55521  49.486  -9.241  38.662 0.0000000000
56758  49.277  -8.232  36.947 0.0000000000
49320  43.340  -14.447  42.004 0.0000000000
48131  44.524  -15.840  43.285 0.0000000000
74678  53.097  6.925  18.320 0.0000000000
73536  51.620  5.354  21.904 0.0000000000
74606  54.297  6.118  24.046 0.0000000000
72384  56.356  5.314  24.296 0.0000000000
69829  47.043  1.847  33.669 0.0000000000
69788  49.385  1.343  35.619 0.0000000000
66246  50.824  -0.308  35.255 0.0000000000
46876  31.611  -16.354  48.343 0.0000000000
48018  32.364  -15.486  48.981 0.0000000000
46875  32.673  -16.841  48.492 0.0000000000
69880  47.690  1.747  30.287 0.0000000000
71078  48.643  2.670  31.828 0.0000000000
69852  47.386  2.373  31.990 0.0000000000
45784  40.526  -17.445  45.006 0.0000000000
76752  51.382  7.610  19.940 0.0000000000
75686  52.029  7.189  20.726 0.0000000000
75688  51.423  6.998  20.591 0.0000000000
71104  53.311  3.702  28.064 0.0000000000
71143  52.859  3.555  25.978 0.0000000000
72352  54.069  4.207  26.917 0.0000000000
72333  54.740  4.206  27.250 0.0000000000
58001  48.980  -7.315  39.929 0.0000000000
60312  47.957  -6.075  40.263 0.0000000000
60324  48.928  -5.246  39.804 0.0000000000
62810  48.744  -3.752  39.157 0.0000000000
61528  49.762  -4.198  38.935 0.0000000000
61540  50.222  -4.033  38.453 0.0000000000
59208  50.280  -6.032  37.998 0.0000000000
48053  35.705  -16.522  46.931 0.0000000000
45737  36.523  -17.237  46.986 0.0000000000
44476  37.506  -17.857  46.469 0.0000000000
68717  49.167  1.575  29.061 0.0000000000
68730  49.295  1.399  27.933 0.0000000000
69891  50.073  2.007  28.487 0.0000000000
69898  51.848  3.002  28.448 0.0000000000
69889  51.481  3.028  29.394 0.0000000000
72294  52.795  3.906  30.555 0.0000000000
71074  51.667  3.563  30.671 0.0000000000
71025  51.075  2.687  33.043 0.0000000000
71024  52.104  2.970  32.670 0.0000000000
69826  51.530  2.391  33.117 0.0000000000
68680  51.791  1.320  32.533 0.0000000000
67484  51.060  0.600  34.361 0.0000000000
49271  45.469  -14.005  42.581 0.0000000000
53053  45.784  -11.577  42.551 0.0000000000
51830  46.167  -12.967  42.213 0.0000000000
51851  48.272  -12.117  39.975 0.0000000000
54332  48.860  -10.358  39.632 0.0000000000
48111  40.976  -15.840  44.166 0.0000000000
49276  42.150  -15.580  43.182 0.0000000000
49275  43.090  -15.302  42.986 0.0000000000
49274  43.863  -14.674  42.870 0.0000000000
48108  43.620  -15.931  43.513 0.0000000000
77788  52.457  9.500  19.408 0.0000000000
75713  52.843  7.743  19.064 0.0000000000
74639  54.846  6.481  21.834 0.0000000000
72389  52.077  3.999  24.139 0.0000000000
71198  50.866  3.734  22.789 0.0000000000
72409  51.645  4.625  22.577 0.0000000000
72419  51.487  4.923  22.052 0.0000000000
72408  52.177  5.106  22.772 0.0000000000
74620  52.924  5.730  23.074 0.0000000000
73518  53.597  5.695  23.901 0.0000000000
73495  55.820  5.084  25.687 0.0000000000
73506  55.548  5.725  24.868 0.0000000000
55454  45.930  -9.817  40.878 0.0000000000
56706  46.266  -9.080  39.819 0.0000000000
60344  46.357  -5.631  37.064 0.0000000000
60345  46.155  -6.356  37.327 0.0000000000
65103  48.456  -1.546  36.966 0.0000000000
66267  47.332  -0.844  34.759 0.0000000000
66249  47.240  0.078  34.971 0.0000000000
68656  46.216  0.936  33.875 0.0000000000
68641  48.039  1.050  35.333 0.0000000000
69803  48.488  1.663  35.190 0.0000000000
68627  48.992  0.871  36.155 0.0000000000
62835  51.119  -2.704  36.300 0.0000000000
65100  50.849  -1.286  36.715 0.0000000000
63969  51.089  -2.119  35.657 0.0000000000
65119  50.937  -1.696  34.670 0.0000000000
48034  34.696  -15.777  48.058 0.0000000000
45740  34.788  -17.218  48.287 0.0000000000
44480  34.734  -18.280  47.292 0.0000000000
44458  33.376  -17.944  47.840 0.0000000000
69866  49.438  2.529  30.763 0.0000000000
71075  50.991  3.149  30.813 0.0000000000
71077  49.224  2.713  31.596 0.0000000000
71043  49.670  2.811  32.821 0.0000000000
71014  49.834  2.516  34.130 0.0000000000
48069  38.964  -16.616  45.342 0.0000000000
49235  39.073  -15.898  44.634 0.0000000000
48068  39.736  -16.515  45.165 0.0000000000
46916  41.130  -16.785  44.679 0.0000000000
45782  41.925  -17.162  44.562 0.0000000000
45793  43.152  -17.193  43.746 0.0000000000
44537  42.331  -18.106  44.260 0.0000000000
76750  52.084  7.897  20.097 0.0000000000
75701  52.352  7.465  19.926 0.0000000000
75696  52.175  7.162  20.527 0.0000000000
74640  53.725  6.280  21.753 0.0000000000
74628  54.616  6.572  22.611 0.0000000000
69924  50.676  2.588  25.585 0.0000000000
71144  52.008  3.288  25.509 0.0000000000
71163  52.584  3.684  25.114 0.0000000000
72388  52.864  4.393  24.385 0.0000000000
72387  53.876  5.026  24.794 0.0000000000
72351  54.632  4.770  26.323 0.0000000000
73485  55.436  4.584  26.510 0.0000000000
57989  47.440  -8.572  40.929 0.0000000000
58015  46.871  -7.404  40.224 0.0000000000
59199  47.430  -6.420  40.011 0.0000000000
61543  47.337  -5.229  38.648 0.0000000000
62831  47.030  -4.506  36.866 0.0000000000
62837  47.512  -3.554  36.133 0.0000000000
62823  48.077  -3.633  38.356 0.0000000000
63959  48.598  -1.916  38.040 0.0000000000
66193  49.058  -1.114  37.892 0.0000000000
66207  49.404  -0.283  37.296 0.0000000000
63946  50.168  -1.792  38.131 0.0000000000
62829  50.741  -3.238  37.734 0.0000000000
61555  50.605  -4.387  36.550 0.0000000000
49239  35.575  -16.103  45.719 0.0000000000
49219  36.898  -16.463  45.719 0.0000000000
49218  37.513  -16.539  45.336 0.0000000000
46904  38.497  -17.034  45.651 0.0000000000
44502  38.014  -18.332  46.140 0.0000000000
69911  51.021  2.468  26.659 0.0000000000
69909  52.263  3.116  27.920 0.0000000000
71093  53.102  3.743  28.681 0.0000000000
72309  53.266  4.029  29.405 0.0000000000
71055  53.408  3.590  31.046 0.0000000000
69849  53.366  2.919  31.386 0.0000000000
71041  51.772  3.359  32.171 0.0000000000
69839  52.882  2.782  32.156 0.0000000000
53085  43.685  -12.209  41.402 0.0000000000
53069  44.641  -11.385  42.323 0.0000000000
55406  45.941  -10.518  42.329 0.0000000000
56633  47.037  -9.768  41.982 0.0000000000
51841  47.154  -12.466  41.340 0.0000000000
53067  47.435  -11.226  41.307 0.0000000000
56652  47.607  -9.360  41.046 0.0000000000
56670  48.164  -8.922  40.659 0.0000000000
56689  48.709  -8.491  40.155 0.0000000000
56705  49.507  -8.168  39.237 0.0000000000
58040  49.838  -7.458  37.717 0.0000000000
55538  49.323  -9.096  37.557 0.0000000000
50558  43.919  -13.628  42.257 0.0000000000
49273  44.444  -14.512  42.961 0.0000000000
49296  45.318  -15.088  42.735 0.0000000000
45800  44.010  -17.082  43.126 0.0000000000
45806  44.943  -17.042  42.189 0.0000000000
75711  54.508  8.218  17.877 0.0000000000
74643  51.124  6.443  20.715 0.0000000000
74642  51.710  6.223  21.389 0.0000000000
74629  53.600  6.229  22.506 0.0000000000
74618  54.436  6.438  23.403 0.0000000000
73507  54.748  5.730  24.790 0.0000000000
74605  55.071  6.406  24.228 0.0000000000
74616  56.162  6.478  23.170 0.0000000000
58041  46.161  -7.885  38.060 0.0000000000
68681  45.938  1.287  32.383 0.0000000000
69842  46.699  1.947  32.356 0.0000000000
71029  47.907  2.335  33.537 0.0000000000
71015  49.135  2.338  34.467 0.0000000000
69801  49.711  1.719  35.052 0.0000000000
66206  50.000  -0.072  37.005 0.0000000000
67470  50.256  0.520  35.842 0.0000000000
67469  50.484  0.675  35.179 0.0000000000
66266  51.184  -0.392  34.345 0.0000000000
58052  49.794  -6.647  37.088 0.0000000000
60352  49.755  -5.995  36.174 0.0000000000
48019  31.610  -15.417  48.734 0.0000000000
48036  30.945  -15.647  48.255 0.0000000000
48020  30.952  -15.094  48.528 0.0000000000
49166  32.089  -14.821  49.014 0.0000000000
46859  32.028  -15.855  48.799 0.0000000000
69881  46.776  1.492  30.220 0.0000000000
69868  47.061  1.966  31.022 0.0000000000
71121  53.550  3.847  27.384 0.0000000000
72334  53.942  4.006  27.851 0.0000000000
59198  49.362  -6.116  39.535 0.0000000000
61529  49.273  -4.147  39.299 0.0000000000
60323  49.795  -4.960  39.112 0.0000000000
45739  35.473  -17.212  47.697 0.0000000000
45738  36.059  -17.250  47.233 0.0000000000
44455  35.868  -17.715  47.357 0.0000000000
44478  36.282  -18.167  47.071 0.0000000000
69878  49.987  2.272  29.730 0.0000000000
69890  50.947  2.491  29.011 0.0000000000
69876  51.360  3.130  29.761 0.0000000000
71087  51.675  3.357  29.951 0.0000000000
71088  51.315  3.286  30.349 0.0000000000
68666  51.537  1.689  33.380 0.0000000000
68653  50.749  1.386  34.460 0.0000000000
49295  45.748  -14.504  42.346 0.0000000000
50534  45.811  -13.474  42.357 0.0000000000
50557  46.293  -13.510  41.921 0.0000000000
48110  41.804  -16.188  44.109 0.0000000000
49255  41.545  -15.709  43.839 0.0000000000
49254  42.450  -15.793  43.547 0.0000000000
49253  43.357  -15.571  43.326 0.0000000000
76756  53.197  9.113  19.359 0.0000000000
76772  53.058  8.468  19.259 0.0000000000
72400  51.975  4.257  23.602 0.0000000000
73519  53.038  5.384  23.590 0.0000000000
72369  55.911  4.563  25.529 0.0000000000
56673  46.582  -9.138  40.940 0.0000000000
56691  46.531  -8.997  40.542 0.0000000000
58005  46.747  -8.535  40.703 0.0000000000
61556  46.362  -5.103  36.384 0.0000000000
61564  45.779  -5.264  35.312 0.0000000000
66228  48.708  -0.752  37.023 0.0000000000
66229  48.359  -0.606  36.270 0.0000000000
67458  48.176  0.252  35.775 0.0000000000
67471  47.558  0.431  35.200 0.0000000000
68628  48.600  0.729  35.891 0.0000000000
68640  48.668  1.188  35.669 0.0000000000
67440  48.999  0.061  37.038 0.0000000000
62843  50.783  -3.293  35.781 0.0000000000
63975  50.732  -2.411  34.928 0.0000000000
48016  34.071  -16.090  48.882 0.0000000000
48035  34.150  -15.684  48.400 0.0000000000
48015  34.408  -16.167  48.583 0.0000000000
46873  34.696  -16.688  48.572 0.0000000000
45723  34.309  -17.172  48.849 0.0000000000
44457  34.299  -17.812  47.816 0.0000000000
45741  33.859  -17.273  48.495 0.0000000000
68732  47.647  1.001  28.761 0.0000000000
68718  48.159  1.417  29.381 0.0000000000
71061  48.165  2.605  32.162 0.0000000000
71060  49.061  2.763  32.251 0.0000000000
71026  50.181  2.710  33.350 0.0000000000
71027  49.360  2.660  33.617 0.0000000000
46903  39.413  -16.896  45.435 0.0000000000
45783  41.402  -17.298  44.719 0.0000000000
46915  41.756  -17.139  44.680 0.0000000000
45795  41.884  -17.683  44.592 0.0000000000
77781  51.650  8.327  19.551 0.0000000000
77780  52.032  8.661  19.657 0.0000000000
76740  52.018  7.523  20.482 0.0000000000
71124  51.373  2.916  25.862 0.0000000000
71142  53.449  3.840  26.668 0.0000000000
72372  53.076  3.921  25.261 0.0000000000
73476  55.328  4.529  26.780 0.0000000000
73475  55.415  4.480  26.741 0.0000000000
72350  55.580  4.354  26.369 0.0000000000
58003  47.729  -7.523  40.697 0.0000000000
59187  47.462  -6.818  40.330 0.0000000000
59186  48.018  -6.759  40.527 0.0000000000
60325  48.205  -5.335  39.846 0.0000000000
60326  47.590  -5.869  39.735 0.0000000000
61531  47.885  -4.851  39.181 0.0000000000
61542  47.670  -4.461  38.455 0.0000000000
61548  47.605  -4.176  37.952 0.0000000000
63949  48.427  -2.870  38.411 0.0000000000
63948  48.754  -2.261  38.415 0.0000000000
65075  49.141  -1.484  38.171 0.0000000000
63947  49.519  -2.075  38.498 0.0000000000
61547  50.672  -4.266  37.556 0.0000000000
62836  50.993  -3.444  36.852 0.0000000000
49222  34.249  -15.745  46.684 0.0000000000
49240  34.706  -15.926  45.960 0.0000000000
49221  35.232  -16.128  46.394 0.0000000000
48052  36.452  -16.717  46.567 0.0000000000
49201  36.410  -16.499  46.226 0.0000000000
48071  36.868  -16.584  46.082 0.0000000000
48070  37.701  -16.724  45.675 0.0000000000
46905  37.717  -17.067  46.097 0.0000000000
69912  50.004  2.058  26.208 0.0000000000
69899  51.008  2.362  27.888 0.0000000000
71106  52.310  3.318  28.772 0.0000000000
71105  52.593  3.351  28.310 0.0000000000
72310  52.783  3.895  29.763 0.0000000000
72277  53.190  3.886  30.876 0.0000000000
71039  53.177  3.299  31.707 0.0000000000
71058  50.896  3.150  31.753 0.0000000000
71057  51.656  3.588  31.399 0.0000000000
69825  52.109  2.386  32.855 0.0000000000
53055  44.365  -12.203  42.631 0.0000000000
53070  44.101  -11.856  42.137 0.0000000000
53054  44.868  -11.726  42.642 0.0000000000
53052  46.274  -11.686  42.302 0.0000000000
54225  46.317  -10.882  42.312 0.0000000000
55419  46.493  -10.346  42.042 0.0000000000
54245  46.661  -10.771  41.993 0.0000000000
50580  47.145  -13.414  41.004 0.0000000000
50608  47.517  -13.585  40.287 0.0000000000
53097  48.099  -11.564  40.445 0.0000000000
53098  47.769  -11.740  40.743 0.0000000000
54288  47.670  -10.692  41.125 0.0000000000
55434  47.340  -10.160  41.471 0.0000000000
55452  47.920  -9.897  40.861 0.0000000000
57975  47.748  -8.790  40.879 0.0000000000
55477  48.481  -9.625  40.311 0.0000000000
54356  49.198  -10.151  39.038 0.0000000000
55501  48.996  -9.372  39.671 0.0000000000
56722  49.743  -8.274  38.177 0.0000000000
49234  39.837  -15.729  44.569 0.0000000000
49257  39.400  -15.392  43.793 0.0000000000
49321  42.763  -14.647  41.558 0.0000000000
50583  43.497  -13.544  41.658 0.0000000000
50559  43.751  -13.132  41.991 0.0000000000
49252  43.736  -15.186  43.362 0.0000000000
49251  44.491  -15.143  43.196 0.0000000000
49272  45.039  -14.597  42.906 0.0000000000
48130  45.262  -15.688  42.931 0.0000000000
46942  43.518  -16.777  43.567 0.0000000000
46957  45.512  -16.458  41.828 0.0000000000
75712  53.901  7.857  18.097 0.0000000000
74699  53.660  6.723  17.466 0.0000000000
69955  50.179  2.924  23.805 0.0000000000
71184  50.848  3.391  23.726 0.0000000000
72420  51.104  4.705  21.761 0.0000000000
73537  51.161  5.640  21.219 0.0000000000
74631  51.997  5.747  22.012 0.0000000000
74619  53.561  5.974  23.370 0.0000000000
74630  52.595  5.884  22.390 0.0000000000
72370  54.454  5.153  25.397 0.0000000000
72386  54.316  5.426  24.849 0.0000000000
73505  56.120  5.571  24.770 0.0000000000
74604  55.903  6.319  24.146 0.0000000000
73517  56.446  5.939  23.806 0.0000000000
59200  46.980  -6.834  39.725 0.0000000000
59201  46.528  -7.419  39.417 0.0000000000
59210  46.484  -6.988  38.644 0.0000000000
62844  47.518  -3.100  35.421 0.0000000000
66268  46.892  -0.299  34.459 0.0000000000
68667  46.677  1.361  33.906 0.0000000000
68668  46.223  1.223  33.351 0.0000000000
69830  46.610  1.762  32.937 0.0000000000
69841  47.193  2.246  32.832 0.0000000000
69828  47.832  2.175  34.004 0.0000000000
69789  49.063  1.450  35.678 0.0000000000
71003  48.785  2.050  34.888 0.0000000000
69802  49.168  1.868  35.169 0.0000000000
69815  49.611  2.151  34.707 0.0000000000
66191  49.788  -0.834  37.641 0.0000000000
65110  50.992  -1.259  35.902 0.0000000000
66226  50.705  -0.562  36.134 0.0000000000
66247  50.539  0.088  35.771 0.0000000000
65133  50.822  -1.757  34.031 0.0000000000
56739  49.575  -8.062  37.476 0.0000000000
58026  50.123  -6.814  37.863 0.0000000000
58053  49.532  -7.199  36.950 0.0000000000
49164  33.414  -15.219  48.672 0.0000000000
46857  33.506  -16.526  48.818 0.0000000000
46874  33.276  -17.052  48.554 0.0000000000
46858  32.549  -16.146  48.829 0.0000000000
68719  47.263  1.260  29.508 0.0000000000
69867  48.212  2.425  31.286 0.0000000000
69851  47.884  2.511  31.804 0.0000000000
44500  39.618  -17.872  45.366 0.0000000000
45770  39.796  -17.227  45.381 0.0000000000
44520  40.284  -18.513  44.944 0.0000000000
76741  51.826  7.572  20.397 0.0000000000
76742  51.604  7.444  20.347 0.0000000000
75687  51.790  7.021  20.798 0.0000000000
71122  52.784  3.341  27.270 0.0000000000
59185  48.573  -6.334  40.148 0.0000000000
60311  48.416  -5.708  40.098 0.0000000000
61530  48.537  -4.509  39.464 0.0000000000
62811  48.289  -3.995  39.004 0.0000000000
61541  49.710  -3.658  38.810 0.0000000000
60336  50.350  -5.101  38.255 0.0000000000
48032  35.942  -16.713  47.032 0.0000000000
46870  36.266  -17.081  47.167 0.0000000000
46891  36.697  -17.038  46.783 0.0000000000
45759  37.516  -17.352  46.398 0.0000000000
45760  36.999  -17.431  46.763 0.0000000000
68731  48.442  1.096  28.453 0.0000000000
71095  52.077  3.326  29.249 0.0000000000
71086  52.416  3.661  29.849 0.0000000000
71073  52.168  3.737  30.419 0.0000000000
72295  52.253  3.884  31.051 0.0000000000
68665  52.028  2.107  33.016 0.0000000000
67499  51.333  0.369  33.376 0.0000000000
50535  45.366  -13.452  42.595 0.0000000000
51817  45.240  -12.577  42.634 0.0000000000
51816  45.965  -12.521  42.403 0.0000000000
51829  46.543  -12.464  41.929 0.0000000000
50634  47.854  -13.310  39.855 0.0000000000
53112  48.593  -11.178  39.758 0.0000000000
54333  48.600  -10.331  40.075 0.0000000000
53111  48.813  -10.783  39.564 0.0000000000
53146  49.080  -10.831  38.665 0.0000000000
49300  41.017  -15.316  42.539 0.0000000000
49299  41.845  -15.407  42.739 0.0000000000
49298  42.764  -15.137  42.418 0.0000000000
49297  43.550  -14.607  42.433 0.0000000000
48107  44.213  -15.746  43.381 0.0000000000
76771  53.571  8.884  18.989 0.0000000000
74655  54.012  6.079  21.152 0.0000000000
71183  51.542  3.777  23.983 0.0000000000
71197  51.393  3.914  23.312 0.0000000000
72410  51.070  4.195  22.254 0.0000000000
73528  52.100  5.384  22.405 0.0000000000
73527  52.524  5.440  22.926 0.0000000000
74607  53.883  5.922  23.926 0.0000000000
73494  56.060  5.300  25.205 0.0000000000
72368  56.191  5.134  25.101 0.0000000000
54289  45.444  -10.420  41.428 0.0000000000
60337  46.687  -5.965  38.178 0.0000000000
60338  46.343  -6.567  37.959 0.0000000000
60354  45.790  -6.028  36.293 0.0000000000
65111  48.103  -1.469  35.857 0.0000000000
65120  47.623  -1.420  34.994 0.0000000000
66248  47.647  -0.440  35.312 0.0000000000
67485  46.393  0.457  34.164 0.0000000000
67472  47.059  0.493  34.699 0.0000000000
68655  46.984  1.131  34.368 0.0000000000
68654  47.610  1.288  34.826 0.0000000000
69817  47.617  1.687  34.512 0.0000000000
69804  47.929  1.471  34.984 0.0000000000
69790  48.862  1.336  35.695 0.0000000000
68626  49.247  0.961  36.057 0.0000000000
63957  50.972  -1.785  37.131 0.0000000000
65086  50.815  -1.466  37.095 0.0000000000
63964  51.156  -1.958  36.490 0.0000000000
65118  51.031  -1.260  35.039 0.0000000000
63974  50.958  -1.876  35.091 0.0000000000
49183  34.653  -15.984  47.597 0.0000000000
46872  35.108  -16.639  48.091 0.0000000000
44456  35.135  -17.739  47.609 0.0000000000
45742  32.952  -17.463  48.214 0.0000000000
69864  50.753  3.016  30.423 0.0000000000
69865  50.382  2.794  30.504 0.0000000000
71076  50.166  2.825  31.281 0.0000000000
71059  49.963  2.804  32.077 0.0000000000
71013  50.417  2.463  33.794 0.0000000000
49319  46.463  -14.504  41.488 0.0000000000
48088  38.725  -16.352  45.121 0.0000000000
48087  39.506  -16.173  44.993 0.0000000000
48086  40.414  -16.218  44.706 0.0000000000
46917  40.206  -16.800  45.143 0.0000000000
48085  41.183  -16.380  44.432 0.0000000000
46930  41.557  -16.529  44.423 0.0000000000
46929  42.079  -16.687  44.327 0.0000000000
46928  43.183  -16.555  43.720 0.0000000000
45794  42.495  -17.283  44.218 0.0000000000
44536  42.791  -17.716  43.925 0.0000000000
43279  42.777  -18.374  43.573 0.0000000000
69937  50.526  2.847  24.566 0.0000000000
71145  51.251  3.149  25.110 0.0000000000
71164  51.940  3.626  24.641 0.0000000000
73509  53.483  5.262  24.206 0.0000000000
73486  55.288  4.816  26.428 0.0000000000
57990  47.150  -8.620  41.119 0.0000000000
58004  47.044  -7.766  40.622 0.0000000000
59188  47.065  -7.197  40.273 0.0000000000
60313  47.614  -6.273  40.130 0.0000000000
60327  47.195  -5.952  39.085 0.0000000000
61549  47.089  -4.854  37.608 0.0000000000
62845  47.076  -3.834  35.412 0.0000000000
62838  47.038  -4.238  36.243 0.0000000000
62830  47.656  -3.800  37.192 0.0000000000
63960  48.327  -2.510  37.778 0.0000000000
65102  48.746  -1.192  37.519 0.0000000000
66208  48.982  -0.637  37.456 0.0000000000
66192  49.298  -0.944  37.791 0.0000000000
65074  49.652  -1.370  38.088 0.0000000000
62820  50.100  -2.850  38.409 0.0000000000
63958  50.698  -2.238  37.713 0.0000000000
62828  51.110  -2.571  37.087 0.0000000000
49259  37.610  -15.865  44.002 0.0000000000
49202  35.722  -16.407  46.633 0.0000000000
49237  37.203  -16.328  44.930 0.0000000000
49236  38.128  -16.326  44.820 0.0000000000
45772  38.156  -17.562  46.037 0.0000000000
44501  38.769  -18.127  45.763 0.0000000000
69910  51.860  2.794  27.426 0.0000000000
72319  53.601  3.829  28.744 0.0000000000
72308  53.791  3.643  29.278 0.0000000000
72292  53.630  3.634  29.898 0.0000000000
72293  53.348  3.783  30.325 0.0000000000
72279  52.324  3.716  31.673 0.0000000000
72266  52.403  3.605  31.907 0.0000000000
71040  52.688  3.518  31.995 0.0000000000
69838  53.215  3.044  31.808 0.0000000000
53084  43.933  -11.658  41.163 0.0000000000
54268  44.757  -11.009  41.896 0.0000000000
54247  44.914  -11.069  42.292 0.0000000000
55437  45.933  -10.009  41.686 0.0000000000
55436  46.499  -9.835  41.728 0.0000000000
56654  47.100  -9.509  41.637 0.0000000000
50581  46.694  -13.703  41.424 0.0000000000
50556  46.786  -13.101  41.566 0.0000000000
53068  47.049  -11.629  41.606 0.0000000000
51852  47.713  -12.518  40.496 0.0000000000
53083  47.485  -11.768  41.095 0.0000000000
54266  46.986  -11.183  41.765 0.0000000000
55417  46.986  -10.723  41.756 0.0000000000
55435  47.082  -9.896  41.656 0.0000000000
56671  47.082  -9.119  41.192 0.0000000000
57988  48.052  -8.169  40.726 0.0000000000
56669  48.343  -8.341  40.535 0.0000000000
57987  48.498  -7.909  40.433 0.0000000000
58014  49.668  -6.942  39.078 0.0000000000
58013  50.093  -6.661  38.458 0.0000000000
58027  49.919  -7.412  38.435 0.0000000000
55539  48.870  -9.413  37.038 0.0000000000
50519  38.526  -15.380  43.372 0.0000000000
49278  40.255  -15.188  43.202 0.0000000000
51842  43.614  -12.717  41.600 0.0000000000
51831  43.879  -12.740  42.117 0.0000000000
51819  44.173  -12.744  42.465 0.0000000000
50537  44.333  -13.645  42.614 0.0000000000
50536  44.833  -13.578  42.773 0.0000000000
48146  46.043  -15.211  41.955 0.0000000000
46927  43.813  -16.146  43.507 0.0000000000
46941  44.102  -16.418  43.365 0.0000000000
46950  44.356  -16.768  43.012 0.0000000000
46940  44.647  -16.055  43.216 0.0000000000
46949  44.872  -16.423  42.805 0.0000000000
49186  30.721  -14.540  48.387 0.0000000000
75729  54.119  7.471  17.526 0.0000000000
74617  55.337  6.692  23.400 0.0000000000
73508  54.030  5.661  24.379 0.0000000000
58016  46.467  -7.994  40.070 0.0000000000
58028  46.282  -7.944  39.046 0.0000000000
68657  45.769  0.693  33.427 0.0000000000
68696  45.393  1.083  31.299 0.0000000000
69853  46.420  1.761  31.621 0.0000000000
71046  47.507  2.417  32.518 0.0000000000
71045  47.888  2.449  32.929 0.0000000000
69816  48.215  2.041  34.604 0.0000000000
71028  48.469  2.441  33.809 0.0000000000
69814  50.144  2.189  34.470 0.0000000000
69800  50.251  1.673  34.758 0.0000000000
67439  49.427  0.332  36.783 0.0000000000
68625  49.684  1.034  35.897 0.0000000000
65101  50.498  -0.622  36.741 0.0000000000
67456  50.201  0.501  36.124 0.0000000000
68639  49.938  1.100  35.502 0.0000000000
68638  50.295  1.233  34.981 0.0000000000
66287  51.245  -0.594  33.685 0.0000000000
65132  51.140  -1.168  34.224 0.0000000000
65146  51.075  -1.157  33.563 0.0000000000
59216  50.072  -6.215  37.238 0.0000000000
59226  49.777  -6.321  36.677 0.0000000000
60351  50.119  -5.473  36.302 0.0000000000
44560  42.705  -18.178  43.833 0.0000000000
45801  43.634  -17.104  43.440 0.0000000000
45807  44.411  -17.236  42.659 0.0000000000
46855  34.646  -16.376  48.505 0.0000000000
46856  34.298  -16.453  48.745 0.0000000000
46890  37.140  -17.033  46.513 0.0000000000
48017  33.023  -15.817  49.059 0.0000000000
48106  44.637  -15.413  43.192 0.0000000000
48148  42.209  -15.242  42.307 0.0000000000
49182  35.272  -16.326  47.135 0.0000000000
50582  43.678  -14.079  42.072 0.0000000000
51815  46.353  -12.101  42.181 0.0000000000
51832  43.707  -12.865  41.861 0.0000000000
53036  46.548  -11.239  42.122 0.0000000000
53037  46.236  -11.223  42.402 0.0000000000
53038  46.048  -11.181  42.602 0.0000000000
53071  43.767  -12.454  41.856 0.0000000000
53082  47.784  -11.241  40.902 0.0000000000
53128  48.950  -10.820  39.274 0.0000000000
54224  46.628  -11.011  42.101 0.0000000000
54226  45.941  -10.924  42.569 0.0000000000
54243  46.809  -11.253  41.919 0.0000000000
54244  46.940  -10.964  41.914 0.0000000000
54246  45.540  -10.884  42.460 0.0000000000
54265  47.159  -10.964  41.604 0.0000000000
54267  45.396  -10.543  41.981 0.0000000000
55405  46.117  -10.649  42.352 0.0000000000
55418  46.915  -10.381  41.833 0.0000000000
55420  45.928  -10.214  42.048 0.0000000000
55453  46.380  -9.588  41.374 0.0000000000
55476  48.650  -9.094  40.124 0.0000000000
55502  48.750  -9.908  39.947 0.0000000000
56634  47.014  -9.964  41.858 0.0000000000
56653  47.201  -9.513  41.391 0.0000000000
56672  46.788  -9.277  41.244 0.0000000000
56690  48.475  -8.997  40.325 0.0000000000
57976  47.486  -9.058  41.002 0.0000000000
58039  49.869  -6.873  37.390 0.0000000000
61532  47.517  -5.449  39.205 0.0000000000
62822  48.539  -3.206  38.798 0.0000000000
62842  51.024  -2.708  35.848 0.0000000000
63970  50.914  -2.641  35.581 0.0000000000
65073  50.053  -1.267  37.902 0.0000000000
65088  48.798  -1.427  37.961 0.0000000000
65089  48.594  -1.689  37.742 0.0000000000
66227  50.353  0.021  36.324 0.0000000000
67438  49.649  0.543  36.500 0.0000000000
68612  49.815  0.897  36.167 0.0000000000
68613  49.464  0.689  36.374 0.0000000000
68614  48.964  0.702  36.615 0.0000000000
68642  47.446  0.915  34.891 0.0000000000
69818  47.051  1.544  34.121 0.0000000000
69827  48.270  2.243  34.270 0.0000000000
69840  47.534  2.249  33.395 0.0000000000
69897  52.177  3.097  28.162 0.0000000000
71004  48.522  2.018  34.841 0.0000000000
71016  48.573  2.217  34.527 0.0000000000
71056  53.104  3.620  31.578 0.0000000000
71062  47.705  2.485  32.383 0.0000000000
71072  53.624  3.519  30.301 0.0000000000
72265  52.601  3.696  31.759 0.0000000000
72320  53.077  3.959  29.065 0.0000000000
72332  55.328  4.320  26.861 0.0000000000
74698  54.231  7.274  17.230 0.0000000000
