#!ascii label  , from subject sub.01.base.03 vox2ras=TkReg
914
62650  17.346  -4.539  53.430 0.0000000000
56702  10.157  -8.697  41.177 0.0000000000
55347  9.245  -9.031  52.816 0.0000000000
63853  8.014  -2.071  49.037 0.0000000000
70930  8.976  2.588  42.778 0.0000000000
60206  12.142  -5.573  53.945 0.0000000000
63801  10.910  -2.664  52.912 0.0000000000
59089  20.669  -5.091  52.045 0.0000000000
57842  14.798  -6.566  52.735 0.0000000000
54145  11.167  -9.675  51.899 0.0000000000
72059  8.686  4.279  50.730 0.0000000000
66136  8.264  -0.259  46.349 0.0000000000
73275  10.490  5.280  48.844 0.0000000000
54180  7.676  -11.359  49.378 0.0000000000
57896  9.402  -8.343  48.278 0.0000000000
60223  9.447  -5.549  51.640 0.0000000000
68451  9.840  0.751  51.705 0.0000000000
61481  11.272  -4.703  45.505 0.0000000000
62798  8.820  -2.839  41.738 0.0000000000
65099  8.180  -1.546  38.168 0.0000000000
69748  12.802  1.655  41.019 0.0000000000
61377  14.770  -5.192  53.758 0.0000000000
62653  13.285  -3.996  52.773 0.0000000000
61384  18.762  -4.695  53.683 0.0000000000
57839  17.972  -5.783  52.913 0.0000000000
59066  16.553  -5.629  54.071 0.0000000000
57823  13.846  -6.182  53.688 0.0000000000
73269  9.117  5.052  49.547 0.0000000000
54172  8.344  -10.736  50.629 0.0000000000
56557  8.989  -8.725  50.754 0.0000000000
57844  9.343  -7.400  52.340 0.0000000000
66084  11.295  -0.063  50.905 0.0000000000
66056  10.291  -1.039  52.081 0.0000000000
54137  9.846  -9.668  52.877 0.0000000000
51728  8.942  -11.777  51.016 0.0000000000
52946  8.678  -11.229  51.406 0.0000000000
51737  7.525  -12.577  50.072 0.0000000000
60241  9.752  -5.061  49.348 0.0000000000
57911  10.341  -7.313  46.618 0.0000000000
62707  9.651  -3.603  47.523 0.0000000000
68535  7.943  1.308  44.528 0.0000000000
63903  8.079  -1.683  44.204 0.0000000000
65052  7.749  -1.211  41.803 0.0000000000
62819  8.444  -2.906  39.605 0.0000000000
68596  8.146  0.429  40.423 0.0000000000
57827  10.993  -6.483  54.221 0.0000000000
60213  10.618  -5.271  53.919 0.0000000000
61391  11.586  -4.491  53.897 0.0000000000
63825  12.340  -2.049  51.306 0.0000000000
59099  21.957  -5.123  50.382 0.0000000000
57905  19.280  -5.558  47.811 0.0000000000
57861  18.855  -5.746  50.497 0.0000000000
57857  16.249  -6.458  50.677 0.0000000000
55343  12.631  -8.224  52.507 0.0000000000
55339  11.382  -8.391  53.765 0.0000000000
67307  8.444  0.581  50.063 0.0000000000
64989  8.240  -1.426  48.078 0.0000000000
68496  8.320  1.523  47.903 0.0000000000
70861  8.500  3.044  46.636 0.0000000000
72103  9.567  3.609  45.469 0.0000000000
63796  19.540  -3.280  52.536 0.0000000000
60270  24.330  -3.784  47.173 0.0000000000
62690  25.834  -2.768  49.906 0.0000000000
61404  23.391  -4.046  51.952 0.0000000000
63794  21.480  -3.638  52.613 0.0000000000
53024  6.655  -11.999  46.860 0.0000000000
55394  7.656  -10.219  46.171 0.0000000000
55369  8.230  -10.144  47.876 0.0000000000
59103  9.562  -6.912  50.505 0.0000000000
62686  8.636  -3.441  50.290 0.0000000000
61401  9.874  -4.469  52.900 0.0000000000
63813  9.221  -2.241  52.146 0.0000000000
64949  8.978  -1.231  50.927 0.0000000000
69620  8.945  2.557  51.585 0.0000000000
56613  8.005  -9.322  45.276 0.0000000000
59162  9.411  -7.244  44.246 0.0000000000
59168  11.218  -6.454  42.492 0.0000000000
62734  8.719  -2.461  45.753 0.0000000000
62764  10.453  -3.438  43.369 0.0000000000
62804  11.761  -4.522  40.517 0.0000000000
60334  9.803  -4.934  38.517 0.0000000000
61553  8.500  -4.738  37.508 0.0000000000
72076  12.174  4.792  47.705 0.0000000000
70889  11.324  3.040  44.755 0.0000000000
70908  13.265  2.820  43.855 0.0000000000
69732  10.385  2.295  42.107 0.0000000000
67418  9.645  0.557  39.446 0.0000000000
61387  15.579  -4.780  53.511 0.0000000000
61399  15.860  -4.596  52.955 0.0000000000
61406  17.313  -4.219  52.459 0.0000000000
61385  17.770  -4.742  53.717 0.0000000000
60211  17.959  -5.195  53.870 0.0000000000
61375  16.794  -5.015  54.145 0.0000000000
60203  15.138  -5.464  54.074 0.0000000000
54326  10.711  -9.883  40.273 0.0000000000
58025  11.485  -7.444  39.849 0.0000000000
55352  8.763  -9.470  51.753 0.0000000000
56553  8.915  -8.532  51.721 0.0000000000
56547  9.113  -8.328  52.449 0.0000000000
57920  21.367  -5.258  46.321 0.0000000000
54138  9.448  -9.610  52.765 0.0000000000
52918  9.287  -10.092  52.363 0.0000000000
54148  9.102  -9.819  52.360 0.0000000000
54161  8.625  -10.358  51.338 0.0000000000
61432  9.176  -4.135  49.303 0.0000000000
61443  9.615  -4.281  48.725 0.0000000000
62699  8.648  -2.969  48.633 0.0000000000
69701  8.113  1.846  43.296 0.0000000000
67388  7.775  0.893  43.262 0.0000000000
68563  7.932  0.975  41.986 0.0000000000
67404  7.859  0.061  40.887 0.0000000000
69734  8.557  1.548  41.699 0.0000000000
57826  11.451  -6.639  54.176 0.0000000000
60212  11.067  -5.175  54.249 0.0000000000
61380  11.879  -5.009  54.055 0.0000000000
62667  13.329  -3.558  52.231 0.0000000000
64976  13.065  -0.999  49.805 0.0000000000
59094  20.896  -5.127  51.349 0.0000000000
57869  20.482  -5.391  50.131 0.0000000000
57853  19.725  -5.489  51.548 0.0000000000
57841  15.739  -6.488  52.476 0.0000000000
57849  17.005  -6.286  51.859 0.0000000000
56542  15.240  -6.654  51.732 0.0000000000
56544  13.520  -7.392  52.547 0.0000000000
59069  13.397  -5.981  53.768 0.0000000000
56532  12.346  -7.148  53.759 0.0000000000
57825  12.011  -6.559  53.989 0.0000000000
56539  11.370  -7.564  54.126 0.0000000000
69626  8.486  2.566  50.035 0.0000000000
68484  8.392  1.572  48.760 0.0000000000
70828  8.547  3.453  49.614 0.0000000000
73276  9.879  5.068  48.888 0.0000000000
72071  9.151  4.143  48.540 0.0000000000
72080  9.285  3.871  47.477 0.0000000000
72092  9.134  3.676  46.289 0.0000000000
72079  10.042  4.198  47.459 0.0000000000
60224  23.695  -4.238  51.378 0.0000000000
53008  6.886  -12.004  47.800 0.0000000000
54194  7.352  -11.258  47.562 0.0000000000
55370  7.849  -10.747  48.201 0.0000000000
59091  9.440  -6.601  51.527 0.0000000000
57858  9.380  -7.619  50.847 0.0000000000
59096  9.481  -6.652  50.955 0.0000000000
60233  9.548  -5.522  50.116 0.0000000000
61417  9.082  -4.475  51.038 0.0000000000
62656  10.709  -3.747  53.403 0.0000000000
61400  10.444  -4.474  53.490 0.0000000000
63802  10.484  -2.770  52.902 0.0000000000
67281  9.789  -0.160  51.933 0.0000000000
64930  9.618  -1.515  52.247 0.0000000000
66064  9.548  -0.559  51.848 0.0000000000
63826  8.901  -2.029  51.425 0.0000000000
66074  9.178  -0.229  51.259 0.0000000000
67306  8.697  0.654  50.894 0.0000000000
68460  9.321  1.386  51.800 0.0000000000
57889  18.659  -5.631  48.697 0.0000000000
57923  18.932  -5.538  46.848 0.0000000000
54159  11.290  -9.862  51.102 0.0000000000
52958  10.925  -10.424  49.891 0.0000000000
52959  10.101  -11.214  50.253 0.0000000000
50439  8.431  -12.445  50.595 0.0000000000
50453  8.708  -12.751  50.143 0.0000000000
52962  7.540  -11.928  49.779 0.0000000000
52993  6.966  -12.236  48.592 0.0000000000
56589  8.228  -9.575  46.713 0.0000000000
56600  7.753  -9.767  45.526 0.0000000000
57931  8.369  -9.100  46.156 0.0000000000
60273  11.181  -5.630  46.382 0.0000000000
57948  9.945  -7.316  45.294 0.0000000000
59145  11.163  -6.151  45.456 0.0000000000
59170  9.465  -7.059  43.324 0.0000000000
60289  11.493  -5.440  43.910 0.0000000000
64999  8.396  -0.799  46.893 0.0000000000
63873  8.535  -1.555  46.947 0.0000000000
63880  8.332  -1.516  46.091 0.0000000000
62784  8.692  -2.751  42.857 0.0000000000
62766  9.014  -3.048  43.689 0.0000000000
62782  9.872  -3.187  42.498 0.0000000000
62780  11.630  -3.866  42.288 0.0000000000
62796  10.110  -3.177  41.429 0.0000000000
62815  10.860  -4.218  39.599 0.0000000000
61526  9.432  -3.768  39.939 0.0000000000
63956  8.262  -2.311  38.855 0.0000000000
62827  8.392  -3.238  38.330 0.0000000000
63963  8.195  -2.586  37.647 0.0000000000
73285  14.037  5.157  47.012 0.0000000000
70859  12.316  3.814  46.259 0.0000000000
70873  12.967  3.401  45.626 0.0000000000
69712  13.985  2.444  42.114 0.0000000000
69713  13.073  2.177  42.364 0.0000000000
69698  11.821  2.375  43.269 0.0000000000
69731  11.439  2.023  41.900 0.0000000000
68576  10.463  1.400  40.590 0.0000000000
68575  11.283  1.393  40.486 0.0000000000
61378  13.599  -5.290  53.551 0.0000000000
61389  13.120  -4.849  53.423 0.0000000000
62638  14.713  -4.712  53.129 0.0000000000
60208  19.865  -5.001  53.064 0.0000000000
57846  19.368  -5.443  52.301 0.0000000000
59075  18.255  -5.448  53.365 0.0000000000
57829  17.118  -5.985  53.411 0.0000000000
59078  15.765  -6.117  53.672 0.0000000000
57831  14.737  -6.320  53.344 0.0000000000
57822  14.643  -6.059  53.835 0.0000000000
60204  14.059  -5.613  53.755 0.0000000000
73257  9.281  5.611  51.146 0.0000000000
73264  8.644  4.526  49.761 0.0000000000
73262  9.403  5.639  50.132 0.0000000000
74392  9.908  6.045  49.897 0.0000000000
74391  10.724  6.661  49.948 0.0000000000
54173  7.978  -11.120  49.967 0.0000000000
55359  8.411  -10.178  49.983 0.0000000000
55356  8.665  -9.676  51.055 0.0000000000
57845  9.236  -7.493  51.888 0.0000000000
59087  9.420  -6.553  52.071 0.0000000000
64937  11.334  -1.570  51.830 0.0000000000
64928  10.606  -1.910  52.468 0.0000000000
66063  10.610  -0.468  51.572 0.0000000000
67288  10.435  0.486  51.422 0.0000000000
68458  10.277  1.566  51.641 0.0000000000
69612  10.135  2.587  51.896 0.0000000000
54146  10.410  -10.105  52.159 0.0000000000
52944  9.736  -10.957  51.314 0.0000000000
51715  9.329  -10.787  51.939 0.0000000000
51717  8.804  -11.369  51.469 0.0000000000
50440  8.122  -12.650  50.558 0.0000000000
50455  7.659  -13.224  50.151 0.0000000000
51730  7.984  -12.273  50.618 0.0000000000
52961  7.915  -11.668  50.392 0.0000000000
59111  10.063  -6.588  49.138 0.0000000000
57912  9.791  -7.943  47.079 0.0000000000
60251  10.183  -5.384  48.766 0.0000000000
61451  10.669  -4.872  47.416 0.0000000000
61467  10.125  -3.853  46.862 0.0000000000
67371  7.857  0.454  44.857 0.0000000000
66143  7.788  -0.809  44.967 0.0000000000
66152  7.692  -0.525  44.314 0.0000000000
63915  7.991  -1.643  42.760 0.0000000000
63925  7.917  -1.646  41.881 0.0000000000
62809  8.462  -2.602  40.861 0.0000000000
65060  7.848  -1.701  41.063 0.0000000000
66189  7.592  -0.818  39.909 0.0000000000
67437  7.873  -0.228  39.313 0.0000000000
69747  13.806  1.646  40.906 0.0000000000
68591  11.636  1.047  39.770 0.0000000000
67414  12.929  0.429  39.082 0.0000000000
56541  10.095  -7.863  53.742 0.0000000000
57836  9.892  -7.132  53.600 0.0000000000
59079  10.796  -5.974  54.134 0.0000000000
61392  11.182  -4.489  53.990 0.0000000000
63791  11.440  -3.532  53.277 0.0000000000
62640  12.707  -4.306  53.251 0.0000000000
62655  11.811  -3.419  52.978 0.0000000000
64926  11.587  -2.279  52.258 0.0000000000
64947  11.869  -1.254  51.168 0.0000000000
59122  22.012  -4.987  48.769 0.0000000000
57903  21.326  -5.218  47.808 0.0000000000
57887  20.688  -5.345  49.034 0.0000000000
57855  17.936  -5.900  51.208 0.0000000000
57856  17.099  -6.271  50.971 0.0000000000
57864  16.139  -6.290  49.918 0.0000000000
54143  12.341  -8.870  51.234 0.0000000000
54134  11.770  -8.928  52.389 0.0000000000
56545  12.932  -7.654  52.963 0.0000000000
55344  12.019  -8.450  52.936 0.0000000000
54135  11.128  -9.328  52.686 0.0000000000
54130  10.977  -8.863  53.515 0.0000000000
55341  10.297  -8.307  53.798 0.0000000000
66087  8.026  -1.030  49.152 0.0000000000
64978  8.016  -1.535  48.610 0.0000000000
66098  8.143  -0.341  48.885 0.0000000000
67330  8.306  0.563  48.441 0.0000000000
68506  8.270  1.434  46.999 0.0000000000
70836  8.744  3.597  48.686 0.0000000000
69653  8.363  2.396  47.300 0.0000000000
68514  8.135  1.309  46.065 0.0000000000
69671  8.173  1.997  45.203 0.0000000000
70892  8.576  3.168  45.033 0.0000000000
72131  9.147  3.017  43.835 0.0000000000
62648  18.815  -3.765  53.012 0.0000000000
59120  23.317  -4.616  48.117 0.0000000000
63867  26.339  -1.608  47.659 0.0000000000
64984  26.468  -1.382  49.026 0.0000000000
62705  26.054  -2.064  48.040 0.0000000000
61449  25.371  -3.114  48.320 0.0000000000
61441  24.423  -4.121  48.859 0.0000000000
59107  23.388  -4.722  49.094 0.0000000000
59092  22.510  -4.880  50.913 0.0000000000
60221  22.072  -4.452  52.134 0.0000000000
62644  22.343  -3.842  52.489 0.0000000000
61395  21.392  -4.176  52.771 0.0000000000
62632  20.095  -4.410  53.306 0.0000000000
62647  19.690  -3.790  53.100 0.0000000000
55381  7.719  -10.608  47.186 0.0000000000
56575  8.428  -9.541  47.524 0.0000000000
56562  8.889  -9.195  49.673 0.0000000000
56561  9.275  -8.463  49.338 0.0000000000
57878  9.720  -7.740  48.981 0.0000000000
60232  9.738  -5.830  49.786 0.0000000000
60242  9.481  -4.759  49.521 0.0000000000
63852  8.333  -2.608  49.580 0.0000000000
59085  9.786  -6.344  53.298 0.0000000000
60218  9.737  -5.537  52.870 0.0000000000
61409  9.416  -4.176  52.363 0.0000000000
63803  9.824  -2.508  52.615 0.0000000000
62668  9.434  -3.340  52.480 0.0000000000
62669  9.051  -3.683  51.989 0.0000000000
62679  8.768  -3.434  51.200 0.0000000000
63842  8.459  -2.358  50.251 0.0000000000
64964  8.193  -1.498  49.592 0.0000000000
66085  8.709  -0.360  50.484 0.0000000000
68473  8.484  1.602  50.495 0.0000000000
70823  8.813  3.496  51.179 0.0000000000
69613  9.584  2.719  51.897 0.0000000000
72047  9.425  4.095  51.901 0.0000000000
72054  9.440  5.185  51.823 0.0000000000
51758  9.900  -11.784  48.442 0.0000000000
52960  9.506  -11.767  50.392 0.0000000000
57929  9.587  -7.882  46.083 0.0000000000
57964  8.864  -7.843  44.543 0.0000000000
57998  10.112  -7.611  41.728 0.0000000000
62700  8.582  -2.312  48.008 0.0000000000
62719  9.145  -2.813  46.650 0.0000000000
62732  9.556  -3.225  45.564 0.0000000000
62752  8.334  -2.117  44.967 0.0000000000
62749  9.569  -3.244  44.550 0.0000000000
61494  10.862  -3.893  44.502 0.0000000000
61504  11.746  -4.600  43.203 0.0000000000
60303  11.902  -5.804  41.843 0.0000000000
59183  11.578  -6.521  40.650 0.0000000000
60322  11.674  -6.077  39.419 0.0000000000
62818  8.752  -3.716  39.080 0.0000000000
61545  8.845  -4.730  38.141 0.0000000000
74397  11.474  6.186  49.204 0.0000000000
74396  12.461  6.732  48.915 0.0000000000
72067  11.539  5.060  48.234 0.0000000000
72090  10.627  4.026  46.552 0.0000000000
70875  10.841  3.543  45.504 0.0000000000
70910  10.073  2.938  44.092 0.0000000000
70888  12.449  2.981  44.633 0.0000000000
69699  11.014  2.469  43.487 0.0000000000
70946  9.540  2.411  42.271 0.0000000000
69752  9.268  1.467  40.954 0.0000000000
68610  9.020  0.583  39.738 0.0000000000
67455  8.694  -0.368  38.410 0.0000000000
67453  9.435  -0.273  38.227 0.0000000000
61398  16.903  -4.512  53.088 0.0000000000
61397  17.565  -4.268  52.704 0.0000000000
62636  17.626  -4.523  53.522 0.0000000000
61386  16.842  -4.703  53.744 0.0000000000
55496  10.491  -9.395  40.643 0.0000000000
56721  10.989  -8.488  40.293 0.0000000000
55351  8.894  -9.284  52.270 0.0000000000
59144  22.068  -5.077  47.012 0.0000000000
63861  8.290  -2.595  49.046 0.0000000000
72155  8.554  2.443  43.256 0.0000000000
69717  8.143  1.685  42.728 0.0000000000
70932  8.357  1.806  42.396 0.0000000000
69735  8.298  1.316  41.773 0.0000000000
70948  8.567  1.917  42.116 0.0000000000
59071  11.781  -6.024  54.065 0.0000000000
60207  11.547  -5.416  54.159 0.0000000000
57852  20.366  -5.345  51.365 0.0000000000
59095  20.362  -5.304  51.674 0.0000000000
56550  14.466  -7.136  51.398 0.0000000000
56543  14.516  -6.847  52.229 0.0000000000
56551  13.863  -7.418  51.921 0.0000000000
56535  14.172  -6.760  52.811 0.0000000000
59070  12.453  -6.084  53.832 0.0000000000
56534  11.725  -6.958  54.109 0.0000000000
70824  8.556  3.453  50.422 0.0000000000
72070  9.698  4.383  48.335 0.0000000000
72069  10.287  4.649  48.290 0.0000000000
54187  7.402  -11.468  48.557 0.0000000000
55364  7.987  -10.808  49.114 0.0000000000
60227  9.464  -5.512  50.955 0.0000000000
63793  10.863  -3.311  53.253 0.0000000000
67282  9.788  0.048  51.732 0.0000000000
66057  9.911  -0.808  52.112 0.0000000000
67289  9.434  0.368  51.664 0.0000000000
68452  9.617  0.664  51.733 0.0000000000
54171  10.856  -10.362  50.578 0.0000000000
54160  10.595  -10.387  51.245 0.0000000000
50454  8.105  -13.223  50.270 0.0000000000
52976  7.248  -12.123  49.151 0.0000000000
56588  8.605  -9.066  47.106 0.0000000000
56598  8.383  -9.207  46.474 0.0000000000
57913  9.239  -8.488  47.514 0.0000000000
61465  11.237  -4.989  46.105 0.0000000000
60272  11.300  -5.374  45.707 0.0000000000
59152  11.095  -6.286  44.458 0.0000000000
60283  11.373  -5.398  44.921 0.0000000000
65008  8.344  -1.131  46.475 0.0000000000
65007  8.180  -0.745  46.017 0.0000000000
62783  9.157  -3.057  42.651 0.0000000000
62797  9.331  -3.128  41.566 0.0000000000
62806  10.245  -3.489  40.324 0.0000000000
62807  9.461  -3.393  40.642 0.0000000000
73280  14.021  5.705  47.165 0.0000000000
72087  13.880  4.504  46.602 0.0000000000
72101  14.213  4.293  46.093 0.0000000000
69729  13.402  1.970  41.606 0.0000000000
69730  12.425  1.914  41.756 0.0000000000
69749  11.820  1.684  41.132 0.0000000000
61388  14.242  -4.942  53.388 0.0000000000
61408  15.623  -4.372  52.364 0.0000000000
61383  19.499  -4.705  53.532 0.0000000000
59074  19.164  -5.233  53.216 0.0000000000
60210  18.877  -5.078  53.587 0.0000000000
59065  16.985  -5.494  54.032 0.0000000000
59076  17.279  -5.638  53.772 0.0000000000
59077  16.447  -5.987  53.800 0.0000000000
57830  16.182  -6.202  53.319 0.0000000000
59067  15.509  -5.864  53.966 0.0000000000
74386  9.877  6.686  50.531 0.0000000000
74385  10.369  6.972  50.325 0.0000000000
56548  9.074  -7.960  52.120 0.0000000000
66073  11.297  -0.731  51.287 0.0000000000
66062  10.906  -1.134  51.736 0.0000000000
67287  11.053  0.021  51.183 0.0000000000
68457  10.793  1.449  51.303 0.0000000000
68450  10.106  0.681  51.585 0.0000000000
69611  10.610  2.478  51.668 0.0000000000
54147  9.972  -10.067  52.523 0.0000000000
52929  9.656  -10.563  51.990 0.0000000000
52930  9.432  -10.350  52.228 0.0000000000
52931  8.958  -10.657  51.955 0.0000000000
51729  8.497  -11.861  50.901 0.0000000000
52947  8.426  -11.316  50.998 0.0000000000
60240  9.914  -5.835  49.422 0.0000000000
59124  10.318  -6.613  48.446 0.0000000000
61453  9.516  -3.669  47.996 0.0000000000
61452  10.140  -4.277  47.786 0.0000000000
66151  7.771  -0.111  44.704 0.0000000000
67381  7.762  0.735  44.036 0.0000000000
66166  7.629  -0.291  42.480 0.0000000000
66158  7.639  -0.589  43.088 0.0000000000
65046  7.804  -1.289  42.395 0.0000000000
63924  8.181  -2.021  42.407 0.0000000000
63935  8.064  -2.012  41.271 0.0000000000
65061  7.733  -1.363  41.164 0.0000000000
66179  7.642  -0.473  40.500 0.0000000000
67421  7.757  -0.034  40.086 0.0000000000
67420  8.208  0.306  39.760 0.0000000000
69728  14.325  2.138  41.397 0.0000000000
68572  14.238  1.378  40.246 0.0000000000
68573  13.233  1.256  40.353 0.0000000000
57835  10.484  -6.915  54.081 0.0000000000
61381  11.412  -4.889  54.167 0.0000000000
62642  11.305  -3.983  53.656 0.0000000000
62639  13.696  -4.554  53.109 0.0000000000
63798  12.693  -3.532  52.548 0.0000000000
63799  12.041  -3.067  52.557 0.0000000000
63812  12.166  -2.502  51.954 0.0000000000
64936  11.809  -1.845  51.718 0.0000000000
59109  22.070  -5.067  49.628 0.0000000000
59123  21.504  -5.107  49.213 0.0000000000
59110  21.314  -5.169  49.829 0.0000000000
57860  19.675  -5.612  50.686 0.0000000000
57870  19.714  -5.659  49.793 0.0000000000
57871  18.835  -5.735  49.620 0.0000000000
57838  18.744  -5.527  52.682 0.0000000000
57847  18.729  -5.617  52.143 0.0000000000
57848  17.911  -5.926  52.069 0.0000000000
57850  16.155  -6.554  51.481 0.0000000000
57863  17.072  -6.089  50.144 0.0000000000
56554  15.496  -6.569  50.404 0.0000000000
56556  14.193  -7.420  50.382 0.0000000000
55350  12.835  -8.340  51.666 0.0000000000
54133  12.271  -8.756  51.905 0.0000000000
54144  11.789  -9.277  51.585 0.0000000000
57832  13.253  -6.657  53.493 0.0000000000
56536  13.449  -6.998  53.099 0.0000000000
56538  11.967  -7.708  53.879 0.0000000000
56537  12.570  -7.430  53.497 0.0000000000
55338  11.889  -8.282  53.433 0.0000000000
54128  11.568  -8.757  52.979 0.0000000000
54129  11.248  -8.860  53.282 0.0000000000
57834  10.971  -7.065  54.238 0.0000000000
56540  10.610  -7.757  54.100 0.0000000000
66086  8.315  -0.523  49.633 0.0000000000
67319  8.329  0.561  49.223 0.0000000000
67342  8.316  0.531  47.629 0.0000000000
73270  8.814  4.639  49.486 0.0000000000
72064  8.692  4.139  49.426 0.0000000000
72072  8.911  4.242  49.046 0.0000000000
70847  8.703  3.303  47.627 0.0000000000
70846  8.973  3.789  48.160 0.0000000000
69662  8.265  2.250  46.311 0.0000000000
72091  9.768  3.886  46.506 0.0000000000
72104  8.822  3.417  45.375 0.0000000000
72115  8.773  3.118  44.395 0.0000000000
72114  9.267  3.338  44.577 0.0000000000
63797  18.952  -3.238  52.304 0.0000000000
64924  19.190  -2.744  51.922 0.0000000000
60271  23.773  -4.082  46.587 0.0000000000
60259  23.841  -4.255  47.639 0.0000000000
63829  26.071  -2.198  50.269 0.0000000000
64951  26.243  -1.869  49.898 0.0000000000
63846  26.145  -2.157  49.590 0.0000000000
63860  26.290  -1.812  48.872 0.0000000000
62698  25.875  -2.481  48.812 0.0000000000
61439  25.417  -3.282  49.382 0.0000000000
60239  24.046  -4.316  49.768 0.0000000000
61414  23.598  -4.185  51.604 0.0000000000
60225  23.071  -4.458  51.490 0.0000000000
60226  22.219  -4.742  51.500 0.0000000000
60220  22.822  -4.265  52.004 0.0000000000
62661  22.192  -3.607  52.412 0.0000000000
62645  21.902  -3.854  52.676 0.0000000000
61396  20.627  -4.432  52.984 0.0000000000
62646  20.696  -3.983  53.013 0.0000000000
51787  5.996  -12.613  46.512 0.0000000000
56565  8.717  -9.317  48.588 0.0000000000
55363  8.387  -10.133  48.914 0.0000000000
57868  9.429  -7.963  50.195 0.0000000000
57867  9.637  -7.626  49.670 0.0000000000
59112  9.851  -7.020  49.539 0.0000000000
59102  9.716  -6.745  49.994 0.0000000000
61423  9.036  -4.401  50.209 0.0000000000
62691  8.641  -3.337  49.504 0.0000000000
59080  10.269  -6.168  53.834 0.0000000000
61402  9.595  -4.863  52.453 0.0000000000
64929  9.835  -1.893  52.590 0.0000000000
62678  8.867  -2.881  51.791 0.0000000000
63841  8.705  -1.922  50.766 0.0000000000
64963  8.536  -1.340  50.245 0.0000000000
68466  8.693  1.589  51.310 0.0000000000
69625  8.580  2.564  50.885 0.0000000000
57904  20.215  -5.451  47.838 0.0000000000
52975  10.149  -11.377  49.535 0.0000000000
51743  10.170  -11.393  49.241 0.0000000000
52945  9.458  -11.572  50.715 0.0000000000
51736  9.178  -12.043  50.500 0.0000000000
51774  6.223  -12.719  47.415 0.0000000000
55404  7.493  -10.151  45.271 0.0000000000
56614  7.708  -9.647  44.892 0.0000000000
56631  7.977  -9.184  44.548 0.0000000000
59135  10.446  -7.024  47.595 0.0000000000
59154  9.585  -7.305  44.767 0.0000000000
57949  9.535  -7.526  45.191 0.0000000000
57973  8.245  -8.674  44.023 0.0000000000
57971  9.007  -7.537  43.259 0.0000000000
59169  10.302  -6.703  42.965 0.0000000000
59178  9.734  -7.031  42.643 0.0000000000
57982  9.717  -7.354  42.289 0.0000000000
59177  10.410  -6.942  42.105 0.0000000000
63868  8.446  -1.749  47.755 0.0000000000
62721  8.546  -1.887  46.570 0.0000000000
62720  8.760  -2.335  46.630 0.0000000000
62733  9.116  -2.874  45.684 0.0000000000
62717  10.036  -3.621  46.254 0.0000000000
63892  8.138  -1.587  45.205 0.0000000000
62768  8.322  -2.260  44.043 0.0000000000
62765  9.666  -3.272  43.529 0.0000000000
62748  10.324  -3.566  44.380 0.0000000000
62747  10.883  -3.754  44.011 0.0000000000
61493  11.330  -4.397  44.354 0.0000000000
62763  11.223  -3.811  43.306 0.0000000000
62794  11.802  -4.160  41.219 0.0000000000
61513  12.133  -4.796  42.132 0.0000000000
61518  12.117  -5.041  41.078 0.0000000000
59176  11.377  -6.567  41.535 0.0000000000
60310  11.926  -5.915  40.825 0.0000000000
59195  11.692  -6.422  40.240 0.0000000000
60321  11.725  -5.898  39.865 0.0000000000
61537  10.342  -4.480  39.216 0.0000000000
61539  9.010  -3.808  39.775 0.0000000000
62826  8.496  -4.138  37.953 0.0000000000
62825  8.649  -4.438  38.125 0.0000000000
61552  8.808  -5.120  37.633 0.0000000000
60348  8.938  -5.471  37.384 0.0000000000
74395  13.099  6.527  48.271 0.0000000000
73272  13.026  5.918  48.227 0.0000000000
73273  12.120  5.554  48.538 0.0000000000
72077  11.384  4.675  47.762 0.0000000000
72089  11.617  4.241  46.995 0.0000000000
70874  11.879  3.413  45.496 0.0000000000
70860  11.439  3.810  46.158 0.0000000000
70890  10.461  3.124  44.637 0.0000000000
69680  10.399  2.842  44.157 0.0000000000
70907  14.527  3.224  43.808 0.0000000000
70887  13.714  3.242  44.842 0.0000000000
69715  11.174  2.294  42.702 0.0000000000
69716  10.450  2.528  43.026 0.0000000000
69733  9.869  2.236  41.856 0.0000000000
70961  9.353  2.030  41.675 0.0000000000
69751  9.949  1.862  41.347 0.0000000000
68593  10.091  0.960  39.998 0.0000000000
68594  9.386  0.899  40.165 0.0000000000
67419  9.284  0.551  39.594 0.0000000000
67435  9.060  0.231  39.063 0.0000000000
67416  11.094  0.714  39.158 0.0000000000
62637  15.320  -4.690  53.188 0.0000000000
61407  16.611  -4.338  52.293 0.0000000000
61374  17.312  -5.124  54.027 0.0000000000
60201  16.843  -5.333  54.171 0.0000000000
60202  16.130  -5.382  54.310 0.0000000000
61376  15.862  -4.972  54.147 0.0000000000
56720  11.440  -8.698  39.687 0.0000000000
56552  8.797  -8.893  52.088 0.0000000000
52917  9.489  -9.949  52.562 0.0000000000
52932  8.703  -10.771  51.558 0.0000000000
54149  8.842  -10.077  51.890 0.0000000000
61431  9.490  -4.511  49.240 0.0000000000
60252  9.898  -4.777  48.910 0.0000000000
61444  9.177  -3.505  48.392 0.0000000000
61454  9.234  -3.301  47.891 0.0000000000
68548  7.908  1.394  43.699 0.0000000000
68554  7.940  1.428  43.098 0.0000000000
67389  7.671  0.332  42.590 0.0000000000
67390  7.643  -0.131  42.079 0.0000000000
67397  7.681  -0.298  41.525 0.0000000000
67396  7.779  0.334  41.677 0.0000000000
68579  8.243  0.881  41.140 0.0000000000
68578  8.538  1.033  40.843 0.0000000000
59072  11.269  -5.927  54.202 0.0000000000
62685  13.164  -2.956  51.102 0.0000000000
63839  13.143  -2.345  50.528 0.0000000000
63840  12.483  -1.633  50.774 0.0000000000
63851  13.338  -1.606  49.876 0.0000000000
59100  21.141  -5.166  50.611 0.0000000000
57859  20.394  -5.389  50.932 0.0000000000
57840  17.013  -6.156  52.746 0.0000000000
56549  15.358  -6.657  51.056 0.0000000000
55342  13.291  -7.875  52.025 0.0000000000
57833  12.659  -6.939  53.645 0.0000000000
57824  12.701  -6.569  53.733 0.0000000000
56533  11.975  -7.063  54.029 0.0000000000
68474  8.427  1.591  49.618 0.0000000000
69632  8.467  2.583  49.151 0.0000000000
73277  9.389  4.796  48.987 0.0000000000
73278  9.073  4.594  49.118 0.0000000000
72081  8.829  3.515  46.835 0.0000000000
61450  24.866  -3.495  47.740 0.0000000000
60229  23.863  -4.284  50.827 0.0000000000
61413  24.123  -3.865  51.400 0.0000000000
61403  23.829  -3.809  51.775 0.0000000000
53023  7.089  -11.652  47.152 0.0000000000
57851  9.280  -7.651  51.362 0.0000000000
61393  10.863  -4.497  53.882 0.0000000000
60217  10.138  -5.386  53.445 0.0000000000
62657  10.150  -3.523  53.024 0.0000000000
64938  9.257  -1.310  51.673 0.0000000000
67295  8.984  0.752  51.495 0.0000000000
57906  18.367  -5.514  47.751 0.0000000000
54170  11.417  -9.944  50.380 0.0000000000
51738  7.115  -12.752  49.528 0.0000000000
51759  6.540  -12.602  48.391 0.0000000000
51773  6.460  -12.491  47.867 0.0000000000
55393  7.979  -9.855  46.418 0.0000000000
56599  8.072  -9.532  46.030 0.0000000000
57951  8.368  -8.933  45.727 0.0000000000
59134  10.882  -6.358  47.034 0.0000000000
59146  10.803  -6.752  46.061 0.0000000000
59153  10.219  -6.992  45.013 0.0000000000
59161  10.244  -6.748  43.905 0.0000000000
59160  11.143  -6.334  43.463 0.0000000000
66126  8.331  -0.989  47.649 0.0000000000
65000  8.428  -1.246  47.359 0.0000000000
62735  8.427  -1.998  45.863 0.0000000000
62785  8.387  -2.369  43.100 0.0000000000
62781  10.766  -3.365  42.380 0.0000000000
62795  11.076  -3.442  41.267 0.0000000000
61524  11.555  -4.550  40.070 0.0000000000
62805  11.247  -3.965  40.188 0.0000000000
62816  10.515  -3.940  39.725 0.0000000000
61525  9.911  -3.946  39.604 0.0000000000
62833  8.254  -4.333  37.343 0.0000000000
73281  13.543  5.342  47.475 0.0000000000
72075  13.045  4.780  47.364 0.0000000000
72088  12.727  4.288  46.904 0.0000000000
69696  13.741  2.597  42.988 0.0000000000
69697  12.731  2.417  43.125 0.0000000000
69714  12.096  2.155  42.515 0.0000000000
69750  10.867  1.748  41.272 0.0000000000
68592  10.807  1.068  39.848 0.0000000000
60205  12.983  -5.678  53.668 0.0000000000
61379  12.588  -5.190  53.723 0.0000000000
62652  14.280  -4.315  52.801 0.0000000000
62666  14.100  -3.835  52.368 0.0000000000
59082  19.807  -5.226  52.706 0.0000000000
59090  20.017  -5.362  52.064 0.0000000000
57837  19.202  -5.412  52.676 0.0000000000
59083  18.926  -5.419  52.971 0.0000000000
57828  17.646  -5.768  53.417 0.0000000000
59068  14.435  -5.868  53.953 0.0000000000
73258  8.918  4.863  50.904 0.0000000000
72060  8.548  4.179  50.016 0.0000000000
73263  8.797  4.931  50.204 0.0000000000
73268  9.601  5.410  49.478 0.0000000000
73267  10.181  5.729  49.399 0.0000000000
74398  10.762  5.867  49.248 0.0000000000
55360  8.045  -10.873  49.610 0.0000000000
64927  11.036  -1.870  52.321 0.0000000000
66054  11.220  -1.362  51.868 0.0000000000
66055  10.707  -1.245  51.929 0.0000000000
67280  10.347  -0.304  51.670 0.0000000000
68459  9.872  1.627  51.833 0.0000000000
51727  9.314  -11.070  51.662 0.0000000000
51716  9.089  -11.073  51.801 0.0000000000
57877  10.060  -7.193  48.728 0.0000000000
57895  9.906  -7.688  48.126 0.0000000000
61442  9.970  -4.624  48.600 0.0000000000
60261  10.651  -5.676  47.864 0.0000000000
60260  10.922  -5.355  47.132 0.0000000000
61466  10.810  -4.345  46.513 0.0000000000
67362  8.099  0.441  45.769 0.0000000000
66142  7.953  -0.398  45.337 0.0000000000
65038  7.794  -1.161  43.801 0.0000000000
67382  7.647  0.158  43.597 0.0000000000
65039  7.812  -1.244  43.038 0.0000000000
63904  7.992  -1.543  43.439 0.0000000000
62799  8.462  -2.417  42.046 0.0000000000
62808  8.867  -3.286  40.443 0.0000000000
63945  8.046  -2.212  40.069 0.0000000000
66180  7.607  -0.853  40.829 0.0000000000
65071  7.752  -1.574  40.475 0.0000000000
65085  7.890  -1.558  39.373 0.0000000000
66205  7.863  -0.894  38.897 0.0000000000
66225  8.093  -0.928  38.316 0.0000000000
68574  12.211  1.347  40.406 0.0000000000
68589  13.794  0.879  39.587 0.0000000000
56546  9.615  -8.106  53.163 0.0000000000
62643  10.973  -3.953  53.655 0.0000000000
63792  11.099  -3.389  53.308 0.0000000000
61390  12.237  -4.627  53.702 0.0000000000
62641  11.879  -3.994  53.455 0.0000000000
62654  12.362  -3.724  52.954 0.0000000000
63800  11.364  -2.878  52.841 0.0000000000
64948  11.546  -1.362  51.541 0.0000000000
66072  11.593  -0.856  51.090 0.0000000000
64962  12.347  -1.048  50.520 0.0000000000
57886  21.386  -5.142  48.728 0.0000000000
57888  19.602  -5.668  48.815 0.0000000000
57873  16.920  -5.797  49.317 0.0000000000
57854  18.802  -5.690  51.345 0.0000000000
57862  17.956  -5.756  50.368 0.0000000000
57874  16.076  -6.125  49.088 0.0000000000
56555  14.633  -7.083  50.585 0.0000000000
55337  12.411  -8.057  53.164 0.0000000000
54136  10.566  -9.383  53.063 0.0000000000
55345  10.234  -9.192  53.341 0.0000000000
55340  10.665  -8.601  53.724 0.0000000000
55346  9.873  -8.852  53.390 0.0000000000
64965  7.917  -1.551  49.083 0.0000000000
66099  8.016  -1.018  48.689 0.0000000000
66112  8.185  -0.997  48.168 0.0000000000
66111  8.227  -0.334  48.226 0.0000000000
66125  8.346  -0.379  47.408 0.0000000000
67354  8.282  0.498  46.710 0.0000000000
69643  8.467  2.532  48.240 0.0000000000
70835  8.944  3.885  48.454 0.0000000000
68523  7.997  1.120  45.296 0.0000000000
72093  8.695  3.397  46.076 0.0000000000
70878  8.439  3.027  45.582 0.0000000000
69681  8.142  1.968  44.117 0.0000000000
72116  8.602  2.764  43.918 0.0000000000
72133  8.630  2.617  43.509 0.0000000000
72153  9.037  2.783  43.318 0.0000000000
62649  17.945  -4.305  53.007 0.0000000000
62662  18.492  -3.651  52.495 0.0000000000
64925  18.864  -2.825  51.859 0.0000000000
59132  22.709  -4.828  47.550 0.0000000000
64983  26.645  -1.137  48.336 0.0000000000
60258  24.371  -3.981  48.114 0.0000000000
60250  24.045  -4.345  48.686 0.0000000000
59121  22.743  -4.879  48.503 0.0000000000
59108  22.733  -4.944  49.375 0.0000000000
60230  23.117  -4.696  50.706 0.0000000000
59093  21.749  -5.034  51.104 0.0000000000
59088  21.498  -4.844  51.734 0.0000000000
60222  21.231  -4.732  52.190 0.0000000000
62659  23.661  -3.708  51.922 0.0000000000
62660  22.833  -3.719  52.304 0.0000000000
61405  22.613  -4.054  52.309 0.0000000000
61394  22.037  -4.086  52.546 0.0000000000
60214  21.699  -4.307  52.538 0.0000000000
59081  20.664  -4.878  52.479 0.0000000000
60216  20.365  -4.809  52.849 0.0000000000
61382  19.990  -4.719  53.200 0.0000000000
62633  19.598  -4.292  53.409 0.0000000000
62634  18.812  -4.220  53.492 0.0000000000
62635  18.217  -4.315  53.417 0.0000000000
54207  7.197  -11.217  46.533 0.0000000000
55380  8.017  -10.011  46.948 0.0000000000
56574  8.862  -8.897  47.966 0.0000000000
56564  9.188  -8.596  48.660 0.0000000000
59101  9.835  -6.320  49.621 0.0000000000
57843  9.541  -7.321  52.921 0.0000000000
59086  9.537  -6.483  52.648 0.0000000000
60219  9.518  -5.600  52.271 0.0000000000
61410  9.265  -4.535  51.861 0.0000000000
63827  8.695  -2.539  51.086 0.0000000000
63843  8.115  -2.018  49.481 0.0000000000
70813  9.608  3.720  51.997 0.0000000000
70820  9.245  3.519  51.720 0.0000000000
72055  9.163  4.479  51.484 0.0000000000
62663  17.935  -3.744  52.139 0.0000000000
57921  20.580  -5.349  46.639 0.0000000000
57941  20.077  -5.537  45.584 0.0000000000
51735  9.373  -12.144  50.051 0.0000000000
50469  9.192  -12.572  49.581 0.0000000000
57930  8.847  -8.614  46.459 0.0000000000
57950  8.846  -8.208  45.509 0.0000000000
57965  8.337  -8.707  44.937 0.0000000000
56650  7.960  -9.126  44.023 0.0000000000
57986  8.077  -8.934  43.546 0.0000000000
56684  10.157  -8.086  41.429 0.0000000000
63862  8.231  -2.081  48.477 0.0000000000
62709  8.952  -2.809  47.644 0.0000000000
62710  8.660  -2.086  47.290 0.0000000000
62708  9.351  -3.247  47.434 0.0000000000
62718  9.640  -3.393  46.739 0.0000000000
62731  10.181  -3.586  45.431 0.0000000000
65017  8.040  -1.023  45.532 0.0000000000
62751  8.637  -2.582  44.815 0.0000000000
62767  8.597  -2.707  43.862 0.0000000000
62750  9.012  -2.953  44.684 0.0000000000
61482  10.809  -4.037  45.145 0.0000000000
60296  11.803  -5.630  42.902 0.0000000000
59184  10.959  -7.079  41.212 0.0000000000
58012  10.748  -7.733  40.868 0.0000000000
59196  11.537  -6.762  40.185 0.0000000000
59207  11.654  -6.413  39.092 0.0000000000
61538  9.284  -4.311  39.032 0.0000000000
62817  8.765  -4.294  38.475 0.0000000000
60335  9.241  -4.851  38.408 0.0000000000
60342  9.275  -5.289  37.888 0.0000000000
75450  11.442  7.707  50.018 0.0000000000
73274  11.183  5.462  48.766 0.0000000000
72068  10.926  4.879  48.298 0.0000000000
72078  10.782  4.430  47.567 0.0000000000
70876  10.150  3.504  45.192 0.0000000000
70891  9.836  3.297  44.629 0.0000000000
70911  9.593  3.020  43.953 0.0000000000
70929  9.432  2.758  43.183 0.0000000000
70909  12.377  2.614  43.777 0.0000000000
69678  11.618  2.629  44.029 0.0000000000
69679  10.828  2.720  44.159 0.0000000000
69700  10.411  2.686  43.725 0.0000000000
70928  9.953  2.761  43.450 0.0000000000
70947  8.916  2.238  42.171 0.0000000000
70962  8.885  1.774  41.620 0.0000000000
69753  8.694  1.285  41.083 0.0000000000
69768  8.941  1.203  40.714 0.0000000000
68577  9.832  1.339  40.603 0.0000000000
69767  9.087  1.114  40.532 0.0000000000
68595  8.699  0.825  40.380 0.0000000000
68611  8.668  0.407  39.577 0.0000000000
66204  8.181  -0.509  38.594 0.0000000000
67434  9.725  0.056  38.669 0.0000000000
67454  9.194  -0.265  38.291 0.0000000000
65098  8.265  -1.447  37.457 0.0000000000
53009  6.543  -12.282  47.492 0.0000000000
56651  7.895  -9.248  43.715 0.0000000000
57928  10.114  -7.373  45.698 0.0000000000
57963  9.316  -7.423  44.690 0.0000000000
57974  8.030  -8.999  43.781 0.0000000000
59073  19.594  -5.133  53.104 0.0000000000
59084  18.440  -5.542  53.005 0.0000000000
59163  8.972  -7.533  44.022 0.0000000000
59171  9.072  -7.400  43.694 0.0000000000
60200  17.267  -5.365  53.998 0.0000000000
60209  19.506  -4.993  53.327 0.0000000000
60215  21.172  -4.538  52.580 0.0000000000
60231  9.811  -5.978  49.639 0.0000000000
60249  24.403  -4.086  48.614 0.0000000000
60349  8.614  -5.266  37.233 0.0000000000
61430  24.439  -4.120  49.218 0.0000000000
61523  11.800  -5.125  40.174 0.0000000000
61527  9.113  -3.631  40.230 0.0000000000
61536  11.270  -4.750  39.561 0.0000000000
61546  8.605  -4.525  37.914 0.0000000000
62651  15.101  -4.528  52.854 0.0000000000
62677  13.247  -3.248  51.602 0.0000000000
62697  26.142  -2.053  48.481 0.0000000000
63809  18.547  -3.117  51.866 0.0000000000
63914  8.181  -1.929  43.334 0.0000000000
63936  7.890  -1.717  41.345 0.0000000000
64961  12.831  -1.448  50.270 0.0000000000
64967  26.342  -1.610  49.498 0.0000000000
64977  12.683  -0.995  50.139 0.0000000000
65016  8.031  -0.747  45.611 0.0000000000
65028  7.841  -1.161  44.670 0.0000000000
65072  7.602  -1.099  40.546 0.0000000000
66159  7.716  -1.003  42.680 0.0000000000
66167  7.672  -0.733  42.179 0.0000000000
66173  7.659  -0.844  41.409 0.0000000000
66190  7.569  -0.807  40.425 0.0000000000
66224  8.391  -0.947  37.763 0.0000000000
67372  7.712  0.127  44.302 0.0000000000
67405  7.675  -0.480  41.012 0.0000000000
67436  8.398  0.045  39.063 0.0000000000
68555  7.906  1.168  42.638 0.0000000000
69718  8.176  1.458  42.265 0.0000000000
69754  8.458  1.273  41.433 0.0000000000
70857  13.738  4.094  46.245 0.0000000000
70858  13.292  3.935  46.284 0.0000000000
70877  8.586  3.274  45.336 0.0000000000
70893  8.400  2.693  44.529 0.0000000000
70912  8.398  2.366  43.605 0.0000000000
70931  8.474  2.215  42.805 0.0000000000
70945  9.928  2.588  42.788 0.0000000000
70949  8.396  1.634  42.063 0.0000000000
70960  9.655  2.168  41.775 0.0000000000
72086  14.379  4.733  46.355 0.0000000000
72102  10.161  3.724  45.837 0.0000000000
72105  8.625  3.338  45.679 0.0000000000
72132  8.849  2.855  43.691 0.0000000000
72154  8.747  2.597  43.205 0.0000000000
74401  13.974  6.063  47.228 0.0000000000
74405  14.190  6.105  46.905 0.0000000000
75451  10.935  7.270  50.211 0.0000000000
