#!ascii label  , from subject sub.01.base.03 vox2ras=TkReg
600
68409  19.763  0.675  -31.531 0.0000000000
75369  28.212  6.715  -37.398 0.0000000000
86590  23.307  16.959  -40.047 0.0000000000
82457  19.559  13.338  -37.006 0.0000000000
62574  21.831  -4.482  -29.549 0.0000000000
66023  25.249  -1.491  -31.095 0.0000000000
72006  23.462  3.212  -34.553 0.0000000000
76385  20.592  7.571  -37.855 0.0000000000
81485  25.567  12.437  -37.255 0.0000000000
88497  26.454  19.909  -35.763 0.0000000000
90647  22.766  21.277  -43.138 0.0000000000
66012  20.728  -1.820  -30.672 0.0000000000
63752  23.328  -3.243  -30.863 0.0000000000
66040  23.075  -1.139  -32.438 0.0000000000
75327  20.208  6.474  -34.674 0.0000000000
77423  19.292  8.871  -35.118 0.0000000000
84467  21.736  15.059  -39.275 0.0000000000
81511  22.473  12.521  -38.755 0.0000000000
84455  24.322  15.151  -38.400 0.0000000000
84423  25.361  15.392  -35.907 0.0000000000
87514  25.029  18.003  -38.096 0.0000000000
93622  22.796  24.295  -40.039 0.0000000000
91639  22.152  22.119  -40.004 0.0000000000
92675  22.404  23.412  -42.959 0.0000000000
74307  25.794  5.290  -36.031 0.0000000000
70781  26.121  2.320  -34.750 0.0000000000
73210  28.674  4.203  -35.838 0.0000000000
87548  21.008  17.899  -39.613 0.0000000000
78488  29.221  9.095  -36.199 0.0000000000
70757  18.646  2.811  -31.881 0.0000000000
69574  21.937  1.228  -32.924 0.0000000000
72009  21.101  3.794  -34.062 0.0000000000
74310  22.840  5.349  -35.701 0.0000000000
76354  24.080  7.484  -36.928 0.0000000000
79574  20.668  10.555  -36.869 0.0000000000
127304  23.545  9.200  -38.334 0.0000000000
78512  26.687  9.475  -37.976 0.0000000000
81472  26.935  11.818  -35.495 0.0000000000
89593  21.815  19.655  -40.187 0.0000000000
88558  23.634  19.872  -41.884 0.0000000000
93646  23.370  24.501  -44.727 0.0000000000
91658  24.489  22.354  -42.650 0.0000000000
89579  25.624  20.269  -39.982 0.0000000000
90613  26.739  22.137  -37.845 0.0000000000
68432  25.083  -0.075  -33.846 0.0000000000
69541  18.504  1.329  -30.627 0.0000000000
68376  18.904  0.207  -30.156 0.0000000000
67231  20.148  -0.689  -31.030 0.0000000000
66027  21.681  -1.374  -31.486 0.0000000000
67245  21.324  -0.513  -31.910 0.0000000000
85532  23.033  15.948  -40.170 0.0000000000
84465  23.432  15.100  -39.726 0.0000000000
85531  23.694  16.015  -39.605 0.0000000000
86560  24.858  16.956  -37.864 0.0000000000
87533  24.717  17.729  -39.216 0.0000000000
94517  22.548  25.537  -41.519 0.0000000000
93637  22.426  24.539  -42.281 0.0000000000
94532  21.578  25.793  -43.284 0.0000000000
74326  27.018  5.765  -36.545 0.0000000000
73211  27.691  4.423  -35.889 0.0000000000
74325  27.961  5.416  -36.469 0.0000000000
86575  20.070  17.004  -38.776 0.0000000000
88540  20.129  18.148  -38.596 0.0000000000
63711  20.370  -3.360  -29.195 0.0000000000
62556  20.585  -4.386  -28.710 0.0000000000
60125  22.662  -5.870  -28.506 0.0000000000
62553  23.247  -5.041  -28.622 0.0000000000
64889  24.350  -2.617  -30.665 0.0000000000
63709  23.871  -3.326  -29.040 0.0000000000
71982  20.186  3.238  -33.174 0.0000000000
73188  19.675  4.411  -33.441 0.0000000000
75353  20.975  6.857  -36.134 0.0000000000
74312  21.031  5.867  -35.487 0.0000000000
74332  21.479  6.415  -36.268 0.0000000000
74330  23.036  6.232  -36.308 0.0000000000
75388  22.025  7.055  -37.838 0.0000000000
79552  19.215  10.705  -35.823 0.0000000000
80559  20.015  11.710  -36.731 0.0000000000
81502  24.086  12.218  -38.937 0.0000000000
80565  23.478  11.284  -38.825 0.0000000000
80563  24.922  11.289  -38.640 0.0000000000
78519  25.443  9.486  -38.832 0.0000000000
79571  25.990  10.777  -38.013 0.0000000000
79551  26.829  10.830  -36.329 0.0000000000
81473  26.169  12.434  -36.092 0.0000000000
86534  25.714  17.214  -35.646 0.0000000000
84410  26.315  15.584  -34.466 0.0000000000
90638  22.521  21.434  -41.833 0.0000000000
90624  21.880  21.071  -40.195 0.0000000000
89601  22.686  20.300  -41.794 0.0000000000
88560  22.682  19.541  -41.380 0.0000000000
89600  23.283  20.249  -42.208 0.0000000000
90636  25.103  21.413  -41.454 0.0000000000
91644  26.166  22.355  -40.137 0.0000000000
90623  26.254  21.396  -39.390 0.0000000000
70770  23.000  1.918  -33.903 0.0000000000
68434  23.207  0.573  -33.417 0.0000000000
70768  24.694  1.737  -34.213 0.0000000000
70753  27.947  2.590  -33.856 0.0000000000
69582  26.416  0.923  -33.831 0.0000000000
64877  19.780  -2.251  -29.471 0.0000000000
63732  21.408  -3.490  -29.932 0.0000000000
63731  22.284  -4.040  -30.007 0.0000000000
64892  21.677  -2.854  -30.544 0.0000000000
64906  23.010  -2.693  -31.466 0.0000000000
66025  23.951  -2.332  -31.923 0.0000000000
75316  18.483  6.708  -33.402 0.0000000000
76334  19.150  7.507  -34.301 0.0000000000
77422  20.111  8.355  -35.472 0.0000000000
83456  20.531  14.315  -38.231 0.0000000000
81505  21.199  12.638  -38.163 0.0000000000
82475  22.154  13.355  -38.876 0.0000000000
82473  23.383  13.874  -39.106 0.0000000000
83445  24.500  14.264  -37.741 0.0000000000
82433  25.476  13.489  -36.402 0.0000000000
84433  24.874  15.345  -36.796 0.0000000000
86559  25.072  17.111  -37.066 0.0000000000
87500  25.399  18.044  -36.558 0.0000000000
92642  22.023  23.399  -38.356 0.0000000000
92660  22.700  23.211  -40.647 0.0000000000
91646  22.624  22.042  -41.405 0.0000000000
91659  22.674  22.399  -43.510 0.0000000000
72020  24.433  3.847  -35.061 0.0000000000
70782  24.971  2.444  -34.524 0.0000000000
72018  26.232  3.829  -35.362 0.0000000000
72002  27.525  3.017  -35.362 0.0000000000
83446  19.342  14.511  -37.516 0.0000000000
84458  19.971  15.004  -38.068 0.0000000000
85534  21.338  16.087  -39.360 0.0000000000
86608  22.377  17.524  -40.431 0.0000000000
63710  23.588  -4.274  -28.615 0.0000000000
77442  28.978  7.699  -37.574 0.0000000000
75368  29.255  6.435  -37.475 0.0000000000
69576  19.782  1.529  -32.143 0.0000000000
68424  20.613  0.940  -32.239 0.0000000000
69575  20.927  1.570  -32.767 0.0000000000
70772  21.357  2.751  -33.598 0.0000000000
72007  22.550  3.493  -34.479 0.0000000000
73203  19.936  5.275  -34.098 0.0000000000
73217  21.461  4.835  -35.140 0.0000000000
73216  22.580  4.360  -35.041 0.0000000000
74309  23.840  5.358  -35.715 0.0000000000
74328  25.116  6.075  -36.289 0.0000000000
75371  26.180  7.142  -37.566 0.0000000000
78491  19.978  9.356  -35.753 0.0000000000
77436  21.282  9.101  -36.834 0.0000000000
80567  21.578  11.531  -37.819 0.0000000000
79572  22.304  9.784  -37.601 0.0000000000
127284  22.178  8.231  -37.335 0.0000000000
77455  24.270  8.523  -38.626 0.0000000000
77445  25.986  8.505  -38.479 0.0000000000
77444  27.401  8.393  -37.881 0.0000000000
78501  28.290  9.052  -36.856 0.0000000000
78473  28.010  10.030  -35.469 0.0000000000
82421  26.368  13.743  -35.066 0.0000000000
88552  21.557  18.796  -39.998 0.0000000000
87565  22.124  18.159  -40.478 0.0000000000
87563  23.512  18.425  -41.081 0.0000000000
92692  22.743  23.753  -44.498 0.0000000000
91668  23.663  22.669  -44.116 0.0000000000
92682  24.022  23.418  -43.825 0.0000000000
90645  24.035  21.454  -43.279 0.0000000000
90637  24.542  21.451  -42.211 0.0000000000
88548  24.703  19.660  -41.268 0.0000000000
88538  24.759  18.538  -40.108 0.0000000000
88525  25.260  19.054  -39.174 0.0000000000
89568  25.791  20.328  -38.551 0.0000000000
89555  26.528  21.167  -36.753 0.0000000000
67260  22.801  -0.305  -32.801 0.0000000000
67259  23.646  -0.846  -32.960 0.0000000000
67257  25.536  -1.187  -32.853 0.0000000000
69583  25.416  0.984  -34.113 0.0000000000
68420  26.053  -0.290  -33.210 0.0000000000
69540  18.868  1.092  -30.780 0.0000000000
68391  19.058  0.564  -30.570 0.0000000000
67247  19.765  0.036  -31.101 0.0000000000
67232  19.563  -0.271  -30.649 0.0000000000
66028  20.829  -0.919  -31.394 0.0000000000
67246  20.431  -0.093  -31.610 0.0000000000
86589  24.045  16.904  -39.437 0.0000000000
94523  22.050  25.897  -42.536 0.0000000000
75348  27.615  6.235  -36.983 0.0000000000
75347  28.650  5.959  -36.963 0.0000000000
62575  21.067  -3.971  -29.363 0.0000000000
62555  21.374  -4.657  -29.135 0.0000000000
61296  21.506  -5.313  -28.742 0.0000000000
61313  21.870  -5.009  -29.175 0.0000000000
62554  22.860  -5.255  -28.879 0.0000000000
62573  22.685  -4.755  -29.313 0.0000000000
66024  24.702  -2.153  -31.418 0.0000000000
66009  24.789  -1.869  -30.439 0.0000000000
66008  25.166  -1.246  -30.262 0.0000000000
73174  19.196  4.072  -32.943 0.0000000000
73175  18.564  4.331  -32.494 0.0000000000
76372  21.303  7.529  -36.814 0.0000000000
75377  20.510  6.803  -37.670 0.0000000000
74357  21.915  6.735  -37.425 0.0000000000
75390  21.081  7.018  -39.002 0.0000000000
80548  19.496  11.726  -36.296 0.0000000000
81496  19.714  12.402  -36.662 0.0000000000
81493  24.840  12.356  -38.331 0.0000000000
81501  24.550  11.777  -38.735 0.0000000000
79581  25.482  10.593  -38.536 0.0000000000
80556  25.609  11.485  -37.986 0.0000000000
80547  25.992  11.671  -37.304 0.0000000000
87487  25.929  18.174  -35.502 0.0000000000
86533  26.233  17.316  -34.916 0.0000000000
90639  22.578  21.203  -42.100 0.0000000000
89609  22.843  20.619  -42.548 0.0000000000
89608  23.291  20.645  -42.912 0.0000000000
92658  25.591  23.320  -40.427 0.0000000000
92650  26.296  23.382  -39.565 0.0000000000
70784  23.254  2.577  -34.262 0.0000000000
70769  23.817  1.787  -34.072 0.0000000000
70783  24.076  2.488  -34.364 0.0000000000
70754  27.697  2.192  -32.935 0.0000000000
65993  20.321  -2.021  -30.104 0.0000000000
65994  19.769  -1.623  -29.868 0.0000000000
64876  20.482  -2.638  -29.786 0.0000000000
64893  21.000  -2.557  -30.295 0.0000000000
66010  22.505  -2.336  -31.358 0.0000000000
66026  22.837  -2.036  -31.736 0.0000000000
66039  23.769  -1.620  -32.482 0.0000000000
76336  18.221  8.298  -33.913 0.0000000000
76335  18.549  7.690  -33.925 0.0000000000
77410  19.007  8.153  -34.520 0.0000000000
76344  19.635  7.808  -34.809 0.0000000000
83455  21.191  14.616  -38.686 0.0000000000
82466  21.071  13.686  -38.391 0.0000000000
83467  21.689  14.033  -38.843 0.0000000000
84464  24.000  15.139  -39.166 0.0000000000
83464  23.638  14.360  -39.180 0.0000000000
83454  24.073  14.292  -38.612 0.0000000000
82455  24.357  13.382  -38.296 0.0000000000
83433  24.624  14.693  -37.331 0.0000000000
84445  24.563  15.293  -37.582 0.0000000000
88511  25.461  19.265  -37.549 0.0000000000
92651  22.420  23.369  -39.529 0.0000000000
91627  21.861  22.760  -39.187 0.0000000000
92669  22.615  23.263  -41.835 0.0000000000
91654  22.578  22.131  -42.453 0.0000000000
92684  22.421  23.557  -43.958 0.0000000000
73213  25.566  4.556  -35.613 0.0000000000
72019  25.316  3.839  -35.270 0.0000000000
72017  27.259  3.636  -35.464 0.0000000000
72016  27.945  3.825  -35.698 0.0000000000
72001  28.135  3.267  -35.322 0.0000000000
83434  18.375  14.574  -36.459 0.0000000000
84447  18.727  15.192  -37.169 0.0000000000
84446  19.260  15.703  -37.897 0.0000000000
87549  20.550  17.321  -39.129 0.0000000000
85519  20.600  16.490  -39.023 0.0000000000
86593  20.976  16.976  -39.539 0.0000000000
86592  21.697  17.100  -40.086 0.0000000000
86609  21.976  17.696  -40.299 0.0000000000
63730  23.243  -3.960  -29.794 0.0000000000
77433  29.649  8.165  -37.191 0.0000000000
70741  18.208  2.550  -31.339 0.0000000000
70740  18.829  2.063  -31.733 0.0000000000
70756  19.270  2.618  -32.282 0.0000000000
71994  20.604  3.626  -33.678 0.0000000000
70773  20.652  2.865  -33.309 0.0000000000
71993  21.360  3.393  -33.914 0.0000000000
70786  21.985  3.048  -33.997 0.0000000000
72008  21.617  3.705  -34.276 0.0000000000
74283  19.296  5.873  -33.643 0.0000000000
74296  19.845  5.938  -34.154 0.0000000000
74311  21.905  5.475  -35.676 0.0000000000
73215  23.638  4.534  -35.302 0.0000000000
75352  23.593  6.691  -36.464 0.0000000000
74329  24.133  6.134  -36.063 0.0000000000
75351  24.371  6.845  -36.581 0.0000000000
75350  25.400  6.841  -37.003 0.0000000000
75372  25.530  7.433  -37.389 0.0000000000
79564  19.785  10.720  -36.361 0.0000000000
78492  19.270  10.041  -35.585 0.0000000000
78505  20.348  9.911  -36.395 0.0000000000
78504  20.867  9.498  -36.640 0.0000000000
78514  20.756  9.952  -36.713 0.0000000000
81512  21.825  12.783  -38.611 0.0000000000
80568  21.023  12.079  -37.688 0.0000000000
81504  21.899  12.178  -38.413 0.0000000000
79583  23.824  10.565  -38.798 0.0000000000
79585  22.307  10.773  -37.901 0.0000000000
79584  23.110  9.645  -38.113 0.0000000000
127285  22.404  8.855  -37.293 0.0000000000
78520  22.763  8.969  -37.468 0.0000000000
127288  22.775  8.678  -37.459 0.0000000000
127292  23.949  8.731  -38.863 0.0000000000
77453  25.427  8.854  -38.854 0.0000000000
76368  26.720  7.642  -38.027 0.0000000000
77435  27.821  8.921  -37.446 0.0000000000
78511  27.392  9.132  -37.703 0.0000000000
80535  27.184  11.189  -35.566 0.0000000000
79550  27.292  10.458  -35.901 0.0000000000
79532  27.454  10.920  -35.425 0.0000000000
79530  28.890  10.675  -34.773 0.0000000000
80520  28.096  11.556  -34.578 0.0000000000
83420  25.356  14.436  -36.164 0.0000000000
82432  25.839  13.590  -35.675 0.0000000000
83419  25.750  14.525  -35.374 0.0000000000
91640  21.555  21.585  -39.611 0.0000000000
89580  21.714  20.378  -39.983 0.0000000000
90625  21.204  21.045  -39.593 0.0000000000
89581  21.044  19.938  -39.437 0.0000000000
88539  20.809  18.863  -39.302 0.0000000000
88559  23.232  19.620  -41.734 0.0000000000
88551  22.296  18.993  -40.825 0.0000000000
88550  23.090  18.841  -41.428 0.0000000000
88549  24.073  19.181  -41.332 0.0000000000
93656  22.681  24.749  -44.982 0.0000000000
92691  23.124  23.787  -44.617 0.0000000000
91677  23.052  23.315  -44.416 0.0000000000
92683  23.571  23.595  -44.361 0.0000000000
93628  24.607  24.372  -42.342 0.0000000000
93636  24.256  24.360  -43.335 0.0000000000
92674  24.374  23.352  -42.958 0.0000000000
91667  24.151  22.471  -43.559 0.0000000000
90630  25.776  21.301  -40.631 0.0000000000
89590  25.016  20.363  -41.270 0.0000000000
88537  25.015  19.440  -40.603 0.0000000000
90622  26.590  22.009  -38.674 0.0000000000
90614  26.237  21.352  -38.138 0.0000000000
89556  26.030  20.551  -37.008 0.0000000000
90602  26.451  21.442  -37.307 0.0000000000
68423  21.476  0.792  -32.529 0.0000000000
68422  22.378  0.633  -32.914 0.0000000000
68433  24.009  0.328  -33.564 0.0000000000
67269  23.475  -0.095  -33.259 0.0000000000
67268  24.279  -0.506  -33.426 0.0000000000
67258  24.486  -1.249  -33.047 0.0000000000
67267  25.001  -0.851  -33.461 0.0000000000
69596  25.441  1.773  -34.416 0.0000000000
69595  25.986  1.465  -34.385 0.0000000000
69572  26.649  0.691  -32.668 0.0000000000
67242  26.002  -0.743  -32.571 0.0000000000
66013  19.812  -0.969  -30.489 0.0000000000
66011  22.045  -2.169  -31.117 0.0000000000
67244  22.279  -0.876  -32.126 0.0000000000
85533  22.162  16.002  -39.903 0.0000000000
84466  22.643  15.059  -39.785 0.0000000000
85530  24.243  15.975  -38.942 0.0000000000
85518  24.493  15.875  -38.267 0.0000000000
86574  24.547  16.730  -38.560 0.0000000000
87515  24.814  17.363  -38.439 0.0000000000
87532  25.059  18.282  -38.984 0.0000000000
94510  22.867  25.409  -40.411 0.0000000000
93629  22.718  24.367  -41.138 0.0000000000
93647  21.952  24.839  -43.483 0.0000000000
74306  26.561  5.352  -36.169 0.0000000000
73212  26.636  4.627  -35.716 0.0000000000
74305  27.283  5.103  -36.120 0.0000000000
73228  27.783  4.903  -36.205 0.0000000000
73227  28.231  4.755  -36.222 0.0000000000
64859  19.746  -2.773  -29.117 0.0000000000
63712  19.636  -3.526  -28.555 0.0000000000
60108  22.930  -6.275  -28.070 0.0000000000
61294  23.010  -5.667  -28.534 0.0000000000
63751  23.916  -3.076  -30.951 0.0000000000
63729  23.932  -3.199  -30.185 0.0000000000
71984  18.821  3.356  -32.242 0.0000000000
71983  19.468  3.518  -32.836 0.0000000000
71995  19.974  3.685  -33.294 0.0000000000
73187  20.339  4.147  -33.841 0.0000000000
75337  20.402  6.782  -35.148 0.0000000000
74295  20.374  5.839  -34.637 0.0000000000
74331  22.140  6.136  -36.353 0.0000000000
74347  22.337  6.630  -36.891 0.0000000000
75374  22.931  6.910  -36.843 0.0000000000
75373  23.585  7.213  -36.799 0.0000000000
79575  20.247  11.155  -36.819 0.0000000000
81503  23.452  12.100  -38.965 0.0000000000
80572  23.076  11.871  -38.851 0.0000000000
80564  24.249  11.225  -38.862 0.0000000000
79582  24.489  10.221  -38.880 0.0000000000
127305  24.626  9.501  -39.071 0.0000000000
79580  26.110  10.184  -38.304 0.0000000000
79570  26.469  10.446  -37.548 0.0000000000
78503  26.839  9.931  -37.303 0.0000000000
80536  26.805  11.329  -36.011 0.0000000000
85482  25.484  16.303  -35.696 0.0000000000
84422  25.733  15.474  -35.102 0.0000000000
85481  26.093  16.381  -35.097 0.0000000000
85466  26.598  16.480  -34.386 0.0000000000
90631  22.508  21.424  -41.588 0.0000000000
90632  22.388  21.162  -41.145 0.0000000000
89592  22.156  20.137  -40.846 0.0000000000
92668  24.807  23.321  -41.911 0.0000000000
91652  24.970  22.281  -41.754 0.0000000000
92667  25.199  22.956  -41.217 0.0000000000
91651  25.551  22.268  -40.989 0.0000000000
91638  26.650  22.503  -39.286 0.0000000000
69586  22.579  1.253  -33.354 0.0000000000
69585  23.506  1.126  -33.709 0.0000000000
69584  24.433  0.980  -33.878 0.0000000000
70766  27.223  1.897  -34.172 0.0000000000
70767  26.464  1.611  -34.345 0.0000000000
69581  27.114  1.379  -33.185 0.0000000000
64858  20.188  -2.928  -29.370 0.0000000000
63733  20.838  -3.363  -29.564 0.0000000000
63754  21.963  -3.523  -30.321 0.0000000000
63753  22.527  -3.469  -30.519 0.0000000000
64891  22.611  -2.784  -31.184 0.0000000000
64890  23.112  -2.958  -31.296 0.0000000000
63769  23.825  -2.966  -31.261 0.0000000000
75315  19.094  6.608  -33.815 0.0000000000
75329  18.960  7.057  -33.958 0.0000000000
75328  19.709  6.736  -34.362 0.0000000000
75338  20.024  7.263  -34.828 0.0000000000
76355  20.632  7.634  -35.858 0.0000000000
82468  19.967  13.427  -37.451 0.0000000000
82456  20.021  13.156  -37.335 0.0000000000
82467  20.417  13.270  -37.762 0.0000000000
82476  21.559  13.289  -38.606 0.0000000000
83466  22.394  14.181  -39.272 0.0000000000
82474  22.998  13.344  -39.049 0.0000000000
82464  23.816  13.379  -38.893 0.0000000000
82454  24.870  13.253  -37.655 0.0000000000
82443  25.223  13.364  -37.046 0.0000000000
83444  24.837  13.779  -37.323 0.0000000000
83432  24.902  14.280  -36.956 0.0000000000
85508  24.683  16.171  -37.800 0.0000000000
85507  24.854  16.295  -37.203 0.0000000000
85496  25.138  16.256  -36.471 0.0000000000
86548  25.361  16.994  -36.283 0.0000000000
88498  25.905  19.355  -36.007 0.0000000000
91653  22.544  21.662  -41.927 0.0000000000
90658  22.953  21.702  -43.924 0.0000000000
72005  24.290  3.187  -34.643 0.0000000000
72004  25.183  3.158  -34.856 0.0000000000
72003  25.913  3.245  -35.073 0.0000000000
70795  26.656  3.086  -35.213 0.0000000000
70794  27.169  3.039  -35.348 0.0000000000
70780  27.205  2.630  -35.007 0.0000000000
70765  27.872  2.624  -34.697 0.0000000000
82458  19.060  13.465  -36.666 0.0000000000
83457  19.918  13.954  -37.715 0.0000000000
84457  20.781  15.413  -38.692 0.0000000000
85520  19.934  16.067  -38.556 0.0000000000
84468  21.288  15.436  -39.047 0.0000000000
86591  22.581  16.816  -40.238 0.0000000000
87547  23.268  17.526  -40.485 0.0000000000
62572  23.220  -4.556  -29.131 0.0000000000
76366  28.717  7.193  -37.628 0.0000000000
76365  29.794  7.114  -37.766 0.0000000000
69559  19.026  1.301  -31.218 0.0000000000
68408  20.377  0.545  -31.906 0.0000000000
68425  20.113  0.910  -31.981 0.0000000000
70755  20.173  2.506  -32.817 0.0000000000
69588  20.932  2.276  -33.211 0.0000000000
69587  21.677  1.889  -33.249 0.0000000000
70771  22.245  2.270  -33.656 0.0000000000
70785  22.635  2.667  -34.048 0.0000000000
73189  18.825  5.246  -33.128 0.0000000000
73202  20.744  4.442  -34.362 0.0000000000
73218  20.845  5.184  -34.994 0.0000000000
73201  21.878  4.104  -34.723 0.0000000000
72022  23.040  3.713  -34.744 0.0000000000
72021  23.573  3.817  -34.866 0.0000000000
73214  24.598  4.545  -35.487 0.0000000000
74308  24.841  5.314  -35.835 0.0000000000
74327  26.063  5.903  -36.591 0.0000000000
75349  26.575  6.409  -37.127 0.0000000000
75370  27.188  6.859  -37.615 0.0000000000
77424  18.795  9.570  -35.042 0.0000000000
77437  20.740  8.685  -36.367 0.0000000000
77448  21.647  8.146  -36.996 0.0000000000
81506  20.682  12.450  -37.591 0.0000000000
80558  20.676  11.643  -37.240 0.0000000000
80557  21.162  11.021  -37.341 0.0000000000
80566  22.589  11.486  -38.458 0.0000000000
79573  21.787  10.318  -37.471 0.0000000000
127287  21.998  9.391  -37.243 0.0000000000
127296  21.292  7.772  -37.682 0.0000000000
127291  21.812  7.786  -37.877 0.0000000000
76371  23.023  7.976  -37.506 0.0000000000
77447  24.259  8.088  -37.925 0.0000000000
77463  24.730  8.729  -38.898 0.0000000000
77446  25.010  8.263  -38.116 0.0000000000
76370  24.733  7.744  -37.347 0.0000000000
76369  25.710  7.840  -37.774 0.0000000000
76367  27.760  7.431  -37.714 0.0000000000
77443  28.255  7.775  -37.603 0.0000000000
77434  28.464  8.350  -37.385 0.0000000000
78500  28.917  8.684  -36.967 0.0000000000
78490  27.419  9.891  -36.286 0.0000000000
78489  27.918  9.652  -35.988 0.0000000000
81474  25.568  12.908  -36.669 0.0000000000
81462  26.376  13.117  -35.396 0.0000000000
83407  26.242  14.640  -34.704 0.0000000000
81461  27.149  12.730  -34.838 0.0000000000
87566  21.658  17.946  -40.143 0.0000000000
87564  22.924  17.981  -40.888 0.0000000000
87546  23.889  17.838  -40.426 0.0000000000
93658  21.548  25.585  -44.233 0.0000000000
93657  22.029  24.659  -44.605 0.0000000000
91669  23.040  22.724  -44.177 0.0000000000
90657  23.504  21.842  -43.965 0.0000000000
93645  23.858  24.379  -44.143 0.0000000000
90656  23.901  22.003  -43.884 0.0000000000
90646  23.352  21.155  -43.541 0.0000000000
89607  23.631  20.899  -43.029 0.0000000000
89599  24.036  20.455  -42.188 0.0000000000
89598  24.665  20.902  -41.792 0.0000000000
89591  24.464  19.888  -41.543 0.0000000000
88526  24.995  18.389  -39.393 0.0000000000
89542  26.304  20.141  -36.183 0.0000000000
91626  27.215  22.839  -37.959 0.0000000000
90601  26.963  21.841  -36.818 0.0000000000
89541  26.902  20.681  -35.981 0.0000000000
67262  20.996  0.268  -32.139 0.0000000000
67261  21.865  -0.007  -32.435 0.0000000000
67270  22.924  0.279  -33.179 0.0000000000
66038  24.654  -1.769  -32.332 0.0000000000
66037  25.283  -1.630  -31.924 0.0000000000
68431  25.806  0.303  -33.883 0.0000000000
67256  25.953  -0.813  -32.931 0.0000000000
67243  25.744  -0.967  -31.761 0.0000000000
74324  29.045  5.023  -36.487 0.0000000000
61295  22.402  -5.406  -28.907 0.0000000000
61312  22.214  -4.945  -29.266 0.0000000000
63770  23.640  -3.067  -31.139 0.0000000000
64875  21.139  -2.892  -30.147 0.0000000000
64904  24.094  -2.744  -31.328 0.0000000000
64905  23.485  -2.796  -31.409 0.0000000000
68421  25.485  -0.678  -33.443 0.0000000000
68435  22.789  0.673  -33.239 0.0000000000
69573  22.337  1.052  -33.043 0.0000000000
70779  27.723  2.812  -35.163 0.0000000000
73200  22.347  3.992  -34.740 0.0000000000
74346  22.734  6.594  -36.673 0.0000000000
74348  21.481  6.844  -37.165 0.0000000000
74349  20.751  6.537  -38.041 0.0000000000
74350  20.500  6.775  -38.597 0.0000000000
74358  21.419  6.632  -37.929 0.0000000000
74359  20.932  6.754  -38.501 0.0000000000
74360  20.664  6.868  -38.849 0.0000000000
75375  22.393  7.086  -37.273 0.0000000000
75376  21.284  7.112  -36.995 0.0000000000
75378  20.129  6.724  -38.385 0.0000000000
75389  21.436  6.897  -38.410 0.0000000000
75391  20.297  7.081  -39.061 0.0000000000
75398  20.243  7.754  -39.099 0.0000000000
76343  20.179  7.590  -35.202 0.0000000000
76353  24.662  7.271  -36.914 0.0000000000
76373  20.441  7.155  -37.635 0.0000000000
76374  19.754  6.818  -37.966 0.0000000000
76384  24.232  8.666  -38.881 0.0000000000
76386  19.821  7.307  -38.101 0.0000000000
76387  19.621  7.085  -38.638 0.0000000000
76398  19.824  7.435  -39.039 0.0000000000
77454  25.075  8.657  -38.655 0.0000000000
77456  19.967  7.632  -38.586 0.0000000000
78472  28.591  9.935  -35.399 0.0000000000
78502  27.378  9.586  -36.973 0.0000000000
78506  19.826  10.018  -36.020 0.0000000000
78513  21.221  9.809  -36.948 0.0000000000
78525  25.065  8.908  -38.986 0.0000000000
79531  27.914  10.615  -35.216 0.0000000000
79549  27.751  10.156  -35.591 0.0000000000
79561  27.210  10.030  -36.440 0.0000000000
79562  26.874  10.326  -36.723 0.0000000000
79563  20.245  10.405  -36.537 0.0000000000
79565  19.204  11.155  -35.967 0.0000000000
80521  27.436  11.455  -35.134 0.0000000000
80546  26.433  11.270  -36.802 0.0000000000
80555  26.137  11.143  -37.553 0.0000000000
80573  22.796  12.074  -38.793 0.0000000000
81484  26.037  11.947  -36.854 0.0000000000
81494  24.292  12.837  -38.647 0.0000000000
81495  20.162  12.579  -37.162 0.0000000000
81510  23.066  12.436  -38.887 0.0000000000
82465  23.496  12.696  -38.905 0.0000000000
83465  23.104  14.303  -39.449 0.0000000000
84434  24.678  14.911  -37.128 0.0000000000
84444  24.720  15.794  -37.330 0.0000000000
84456  21.259  15.140  -38.906 0.0000000000
86607  22.902  17.356  -40.451 0.0000000000
88487  26.255  18.792  -35.302 0.0000000000
91611  27.170  22.495  -37.435 0.0000000000
91645  22.546  21.628  -41.679 0.0000000000
91676  23.281  23.190  -44.294 0.0000000000
127283  21.554  7.497  -38.284 0.0000000000
127286  22.154  7.845  -37.352 0.0000000000
127289  21.669  7.769  -37.489 0.0000000000
127290  23.597  8.846  -38.366 0.0000000000
127293  20.783  7.902  -38.443 0.0000000000
127294  21.392  7.753  -37.946 0.0000000000
127295  24.165  8.855  -39.030 0.0000000000
127297  20.897  7.752  -39.070 0.0000000000
127298  24.151  9.479  -38.944 0.0000000000
127299  21.185  7.899  -38.429 0.0000000000
127300  20.861  8.240  -38.932 0.0000000000
127301  22.587  8.663  -37.242 0.0000000000
127302  24.366  8.735  -38.975 0.0000000000
127303  23.852  8.969  -38.843 0.0000000000
127306  23.729  9.093  -38.571 0.0000000000
127307  23.931  9.193  -38.888 0.0000000000
127308  24.528  9.030  -39.086 0.0000000000
127309  24.418  9.314  -39.136 0.0000000000
