#!ascii label  , from subject sub.01.dh.02t2 vox2ras=TkReg
1417
57765  -42.330  -35.638  53.964 0.0000000000
42073  -29.478  -48.406  62.513 0.0000000000
67348  -46.934  -27.874  43.869 0.0000000000
56734  -36.413  -36.655  44.252 0.0000000000
66061  -41.060  -28.219  49.718 0.0000000000
45545  -38.918  -44.668  58.415 0.0000000000
49193  -31.462  -42.373  53.651 0.0000000000
49315  -34.836  -42.654  46.558 0.0000000000
47833  -21.157  -43.257  63.487 0.0000000000
69723  -49.503  -25.706  43.388 0.0000000000
45667  -24.632  -45.241  51.953 0.0000000000
57841  -39.090  -35.620  49.479 0.0000000000
61166  -39.712  -32.494  47.054 0.0000000000
62326  -43.143  -31.851  52.049 0.0000000000
51584  -40.607  -40.725  56.319 0.0000000000
46884  -37.395  -44.496  51.612 0.0000000000
52866  -37.567  -39.816  49.887 0.0000000000
51725  -36.634  -40.687  44.781 0.0000000000
72098  -51.353  -24.419  40.814 0.0000000000
44228  -24.632  -46.897  63.677 0.0000000000
47916  -23.150  -43.643  56.672 0.0000000000
44321  -26.067  -46.457  57.286 0.0000000000
67261  -43.815  -27.173  46.317 0.0000000000
43103  -34.380  -47.730  61.165 0.0000000000
45539  -30.505  -45.718  58.284 0.0000000000
45604  -35.233  -45.466  55.134 0.0000000000
48035  -33.027  -42.976  49.852 0.0000000000
51439  -18.662  -40.308  63.856 0.0000000000
71944  -44.912  -23.547  53.142 0.0000000000
68404  -48.038  -26.071  50.467 0.0000000000
72037  -48.111  -23.368  46.648 0.0000000000
67245  -51.236  -27.021  47.719 0.0000000000
67351  -53.531  -27.552  43.621 0.0000000000
50418  -19.868  -41.456  56.567 0.0000000000
46843  -27.575  -44.081  53.486 0.0000000000
57802  -40.613  -35.305  51.561 0.0000000000
58917  -40.904  -34.144  50.199 0.0000000000
59971  -43.236  -33.327  53.036 0.0000000000
53962  -41.962  -38.226  55.630 0.0000000000
52778  -39.135  -39.631  53.618 0.0000000000
55296  -39.704  -37.959  52.236 0.0000000000
55345  -38.616  -37.257  49.966 0.0000000000
66219  -47.108  -29.026  40.688 0.0000000000
66196  -48.406  -28.683  41.794 0.0000000000
42084  -26.967  -48.433  62.811 0.0000000000
44269  -25.791  -46.276  60.299 0.0000000000
43130  -28.162  -47.580  59.934 0.0000000000
59017  -36.567  -34.466  43.539 0.0000000000
63594  -41.297  -30.764  48.065 0.0000000000
62420  -40.211  -31.088  45.504 0.0000000000
64948  -40.784  -29.477  46.724 0.0000000000
67259  -41.786  -27.747  45.508 0.0000000000
67221  -41.732  -27.514  47.954 0.0000000000
44274  -37.095  -46.490  59.719 0.0000000000
43172  -35.130  -47.353  57.790 0.0000000000
44330  -37.186  -46.758  57.066 0.0000000000
48038  -36.403  -43.893  49.070 0.0000000000
46897  -35.678  -44.803  50.582 0.0000000000
48065  -33.832  -43.695  48.246 0.0000000000
54138  -36.642  -38.775  45.177 0.0000000000
70773  -46.902  -24.725  52.259 0.0000000000
70838  -50.818  -25.079  47.765 0.0000000000
70859  -52.005  -25.477  46.086 0.0000000000
67298  -53.049  -27.238  45.402 0.0000000000
70892  -52.793  -25.046  44.494 0.0000000000
72100  -54.507  -24.030  41.368 0.0000000000
50253  -19.604  -41.386  63.894 0.0000000000
50317  -18.576  -41.205  60.545 0.0000000000
49103  -20.948  -42.208  60.385 0.0000000000
46829  -24.046  -44.409  54.282 0.0000000000
49207  -22.375  -42.963  52.934 0.0000000000
48032  -23.386  -44.121  50.124 0.0000000000
47920  -31.469  -43.676  56.448 0.0000000000
46798  -28.561  -44.066  56.398 0.0000000000
47952  -29.355  -43.067  54.615 0.0000000000
57907  -37.703  -35.767  46.853 0.0000000000
58989  -38.055  -34.275  45.726 0.0000000000
60022  -39.832  -33.786  48.458 0.0000000000
61133  -42.015  -32.091  49.318 0.0000000000
63556  -41.839  -30.619  51.247 0.0000000000
49152  -40.054  -42.611  57.134 0.0000000000
46836  -38.323  -44.509  55.206 0.0000000000
49182  -38.190  -42.904  54.756 0.0000000000
50490  -37.376  -41.722  51.083 0.0000000000
49301  -37.226  -42.387  47.767 0.0000000000
49337  -36.514  -42.119  45.629 0.0000000000
52898  -37.266  -40.014  47.798 0.0000000000
55382  -37.680  -37.650  47.820 0.0000000000
69752  -49.953  -25.473  41.355 0.0000000000
73211  -49.610  -22.771  41.472 0.0000000000
45460  -22.864  -45.290  63.203 0.0000000000
47861  -22.645  -43.797  60.487 0.0000000000
46733  -23.785  -44.901  60.178 0.0000000000
46778  -24.394  -44.823  57.326 0.0000000000
45614  -25.092  -45.740  54.639 0.0000000000
61202  -37.760  -32.718  43.997 0.0000000000
67344  -43.212  -27.539  43.401 0.0000000000
67290  -45.668  -27.533  45.625 0.0000000000
42076  -32.035  -48.248  62.164 0.0000000000
43132  -29.983  -47.832  59.748 0.0000000000
43135  -32.962  -47.507  59.693 0.0000000000
46783  -33.083  -45.070  57.284 0.0000000000
49181  -33.061  -42.690  54.566 0.0000000000
44407  -36.536  -45.981  52.991 0.0000000000
47980  -34.519  -43.928  52.478 0.0000000000
49229  -33.003  -42.109  51.784 0.0000000000
61030  -45.158  -32.830  56.156 0.0000000000
44243  -30.332  -46.807  62.906 0.0000000000
47876  -34.197  -43.604  59.829 0.0000000000
49112  -37.607  -42.677  59.013 0.0000000000
63517  -44.445  -30.796  54.724 0.0000000000
66024  -42.808  -28.697  54.276 0.0000000000
68381  -41.846  -27.151  52.996 0.0000000000
71914  -43.106  -22.799  54.469 0.0000000000
69603  -42.872  -25.277  51.809 0.0000000000
68400  -44.453  -26.007  50.238 0.0000000000
68428  -46.195  -26.636  48.717 0.0000000000
67241  -47.438  -27.288  47.514 0.0000000000
71994  -49.407  -24.571  49.241 0.0000000000
67227  -49.763  -26.933  48.332 0.0000000000
67294  -49.591  -27.454  46.098 0.0000000000
66137  -51.066  -27.952  44.972 0.0000000000
70908  -54.170  -24.525  43.333 0.0000000000
51508  -16.893  -40.461  60.952 0.0000000000
50467  -18.821  -41.782  53.584 0.0000000000
49149  -21.633  -42.233  57.233 0.0000000000
49205  -20.823  -41.930  52.630 0.0000000000
44301  -28.448  -46.725  58.394 0.0000000000
44360  -26.204  -45.935  54.939 0.0000000000
45644  -26.036  -45.029  52.202 0.0000000000
45670  -27.894  -45.556  51.758 0.0000000000
57784  -41.478  -35.332  52.786 0.0000000000
58872  -41.766  -34.730  52.597 0.0000000000
58857  -43.207  -34.067  53.809 0.0000000000
55260  -42.125  -36.893  54.951 0.0000000000
55258  -40.871  -37.801  54.266 0.0000000000
56563  -41.171  -36.660  53.537 0.0000000000
56616  -40.337  -36.414  51.963 0.0000000000
67373  -46.408  -27.819  43.338 0.0000000000
66195  -47.241  -28.416  41.594 0.0000000000
65012  -47.792  -29.032  41.106 0.0000000000
66169  -48.067  -28.158  42.698 0.0000000000
42072  -28.364  -48.479  62.883 0.0000000000
43099  -27.535  -48.184  61.622 0.0000000000
42103  -28.953  -48.480  61.245 0.0000000000
56750  -36.099  -36.506  43.206 0.0000000000
57960  -36.493  -35.606  43.837 0.0000000000
64901  -40.874  -29.523  49.683 0.0000000000
64918  -40.962  -30.151  47.676 0.0000000000
66071  -40.741  -28.801  48.435 0.0000000000
66082  -41.085  -28.292  48.010 0.0000000000
66072  -41.151  -28.131  48.777 0.0000000000
45523  -38.126  -45.537  59.270 0.0000000000
44309  -37.537  -46.787  57.941 0.0000000000
44331  -37.971  -46.050  57.150 0.0000000000
48067  -35.735  -43.400  47.811 0.0000000000
48052  -35.430  -43.868  48.481 0.0000000000
49297  -34.205  -43.224  47.368 0.0000000000
49313  -32.481  -42.521  46.772 0.0000000000
55436  -36.545  -37.682  44.627 0.0000000000
54149  -36.460  -38.660  44.007 0.0000000000
55447  -36.278  -37.582  43.603 0.0000000000
69700  -49.733  -25.038  45.169 0.0000000000
69711  -50.389  -25.503  44.572 0.0000000000
70875  -52.453  -25.340  45.352 0.0000000000
68502  -51.058  -25.885  43.949 0.0000000000
49039  -20.687  -42.695  63.817 0.0000000000
49073  -20.300  -42.058  61.900 0.0000000000
49075  -21.411  -42.781  61.574 0.0000000000
46854  -24.300  -44.836  52.732 0.0000000000
47994  -23.269  -43.897  51.920 0.0000000000
46875  -23.750  -44.548  51.472 0.0000000000
44470  -23.918  -46.067  49.122 0.0000000000
45712  -24.118  -45.475  49.960 0.0000000000
49163  -31.088  -43.093  55.150 0.0000000000
47937  -30.229  -43.376  55.657 0.0000000000
49178  -30.009  -42.868  54.320 0.0000000000
57865  -38.547  -35.690  48.593 0.0000000000
58935  -38.844  -34.764  48.217 0.0000000000
57866  -39.129  -34.952  48.828 0.0000000000
59997  -42.240  -33.142  50.874 0.0000000000
60011  -42.036  -32.760  50.145 0.0000000000
62340  -42.464  -31.778  50.510 0.0000000000
63571  -42.156  -31.164  50.405 0.0000000000
63546  -42.669  -31.041  52.203 0.0000000000
50425  -40.649  -41.513  56.931 0.0000000000
49167  -39.071  -42.894  55.923 0.0000000000
50447  -39.267  -41.734  55.500 0.0000000000
52827  -38.090  -39.839  51.585 0.0000000000
51643  -37.772  -40.947  52.264 0.0000000000
51654  -37.489  -40.731  50.485 0.0000000000
50510  -37.484  -41.782  49.039 0.0000000000
51679  -37.513  -40.889  48.493 0.0000000000
51693  -37.481  -41.044  47.736 0.0000000000
52882  -37.494  -39.856  48.894 0.0000000000
56649  -38.681  -36.589  49.520 0.0000000000
55363  -37.823  -37.760  48.585 0.0000000000
56669  -38.392  -36.593  48.780 0.0000000000
56685  -37.613  -36.937  47.314 0.0000000000
45448  -23.289  -45.762  63.625 0.0000000000
45477  -23.400  -45.096  61.646 0.0000000000
45478  -24.222  -45.603  61.394 0.0000000000
44283  -26.091  -46.241  59.039 0.0000000000
45516  -24.898  -45.220  58.991 0.0000000000
45559  -25.629  -46.001  57.288 0.0000000000
45581  -24.975  -45.578  55.972 0.0000000000
45582  -25.469  -45.966  56.296 0.0000000000
61183  -38.902  -32.763  46.403 0.0000000000
60090  -37.662  -33.490  44.468 0.0000000000
62418  -38.959  -32.201  45.769 0.0000000000
63645  -40.325  -30.289  44.274 0.0000000000
62444  -39.266  -30.967  43.740 0.0000000000
63656  -39.796  -30.373  43.553 0.0000000000
67260  -42.667  -27.324  45.946 0.0000000000
67287  -42.598  -27.542  44.922 0.0000000000
67288  -43.571  -27.364  45.234 0.0000000000
67318  -44.383  -27.338  44.481 0.0000000000
67289  -44.645  -27.360  45.473 0.0000000000
43102  -33.485  -47.641  61.466 0.0000000000
42107  -32.756  -48.035  60.562 0.0000000000
42108  -33.884  -48.316  60.370 0.0000000000
44344  -34.921  -46.632  57.008 0.0000000000
44326  -33.937  -46.814  57.879 0.0000000000
45587  -34.202  -45.477  56.641 0.0000000000
47922  -33.175  -44.018  56.481 0.0000000000
47956  -34.401  -43.960  54.895 0.0000000000
46848  -37.684  -44.546  53.841 0.0000000000
44378  -37.204  -46.003  53.934 0.0000000000
45651  -37.197  -45.242  52.187 0.0000000000
48018  -34.169  -44.097  50.561 0.0000000000
46881  -34.814  -44.603  51.030 0.0000000000
48017  -33.858  -43.362  51.028 0.0000000000
50489  -33.584  -42.524  52.142 0.0000000000
50550  -36.749  -41.334  45.240 0.0000000000
47892  -36.297  -43.445  58.997 0.0000000000
50382  -41.143  -41.414  58.929 0.0000000000
62276  -44.829  -31.621  55.277 0.0000000000
68343  -43.862  -27.379  55.904 0.0000000000
68358  -43.343  -26.473  55.172 0.0000000000
67163  -42.725  -27.580  54.371 0.0000000000
69566  -42.815  -25.877  54.613 0.0000000000
71928  -44.456  -22.906  53.607 0.0000000000
71942  -43.058  -23.642  53.274 0.0000000000
70770  -44.013  -24.692  51.792 0.0000000000
68399  -43.474  -26.122  50.579 0.0000000000
70771  -44.998  -24.772  52.060 0.0000000000
69621  -47.720  -25.799  51.107 0.0000000000
68402  -46.430  -26.034  50.332 0.0000000000
68415  -46.840  -26.378  49.656 0.0000000000
67224  -46.894  -27.043  48.142 0.0000000000
67225  -47.884  -26.983  48.293 0.0000000000
72028  -48.388  -23.284  47.517 0.0000000000
68434  -51.264  -26.214  48.165 0.0000000000
69651  -50.702  -25.847  48.803 0.0000000000
67228  -50.535  -26.839  48.229 0.0000000000
67243  -49.402  -27.171  47.683 0.0000000000
67295  -50.478  -27.692  46.235 0.0000000000
67324  -50.189  -27.669  45.439 0.0000000000
67296  -51.335  -27.889  46.039 0.0000000000
67326  -53.319  -27.614  44.441 0.0000000000
66139  -52.835  -28.282  44.799 0.0000000000
66152  -53.166  -28.608  43.979 0.0000000000
70934  -50.515  -24.807  41.180 0.0000000000
69738  -52.907  -25.115  42.853 0.0000000000
69755  -53.054  -24.983  41.949 0.0000000000
50372  -19.314  -41.254  58.576 0.0000000000
50344  -18.396  -41.049  59.447 0.0000000000
50395  -19.041  -41.279  57.446 0.0000000000
50441  -18.535  -41.658  55.390 0.0000000000
50442  -19.547  -41.530  55.470 0.0000000000
47889  -22.667  -43.354  58.176 0.0000000000
49125  -22.194  -42.810  58.657 0.0000000000
47903  -22.645  -43.298  57.142 0.0000000000
49206  -21.684  -42.378  53.016 0.0000000000
46910  -21.019  -44.337  48.911 0.0000000000
43152  -30.080  -47.184  59.196 0.0000000000
43151  -29.176  -47.288  59.098 0.0000000000
44325  -29.339  -46.014  58.298 0.0000000000
46818  -27.510  -44.191  55.421 0.0000000000
45603  -26.967  -44.836  55.989 0.0000000000
46817  -27.061  -44.521  54.863 0.0000000000
45616  -26.376  -45.287  54.192 0.0000000000
46842  -26.738  -44.689  53.352 0.0000000000
45691  -27.207  -45.786  51.002 0.0000000000
57821  -40.058  -35.588  50.738 0.0000000000
57842  -39.869  -35.061  49.992 0.0000000000
58887  -40.938  -34.602  51.247 0.0000000000
59983  -42.408  -33.638  52.066 0.0000000000
61092  -43.318  -32.263  52.312 0.0000000000
52731  -41.676  -39.121  55.996 0.0000000000
51621  -39.532  -40.153  54.536 0.0000000000
52754  -40.238  -39.124  54.590 0.0000000000
54006  -39.701  -38.533  52.840 0.0000000000
54040  -38.283  -38.579  50.934 0.0000000000
54039  -37.786  -38.964  50.234 0.0000000000
55330  -38.659  -37.703  50.720 0.0000000000
56633  -39.563  -36.437  50.872 0.0000000000
66197  -49.388  -29.012  41.783 0.0000000000
43086  -25.812  -47.557  63.278 0.0000000000
44252  -25.076  -46.004  61.104 0.0000000000
44253  -25.927  -46.880  61.740 0.0000000000
44270  -26.728  -46.923  60.819 0.0000000000
44300  -26.766  -46.608  58.555 0.0000000000
61168  -40.907  -31.602  47.086 0.0000000000
62406  -40.453  -31.480  46.396 0.0000000000
62407  -40.956  -31.099  46.731 0.0000000000
63625  -40.790  -30.378  46.317 0.0000000000
64959  -41.060  -29.314  45.313 0.0000000000
64969  -41.202  -28.997  44.252 0.0000000000
66113  -41.178  -28.607  46.131 0.0000000000
67236  -41.727  -27.557  46.619 0.0000000000
67237  -42.795  -27.020  47.155 0.0000000000
44272  -35.826  -47.001  60.471 0.0000000000
42110  -35.285  -48.157  59.634 0.0000000000
43138  -36.593  -47.446  58.941 0.0000000000
43173  -35.899  -47.289  57.377 0.0000000000
44361  -35.947  -46.602  55.727 0.0000000000
46917  -36.909  -44.097  50.094 0.0000000000
46898  -36.590  -44.665  50.665 0.0000000000
46916  -36.278  -44.266  49.737 0.0000000000
46914  -34.792  -44.398  49.350 0.0000000000
48050  -33.693  -43.694  49.143 0.0000000000
49283  -32.332  -43.133  48.983 0.0000000000
49296  -32.763  -43.254  47.766 0.0000000000
52929  -36.575  -39.748  44.372 0.0000000000
52934  -36.306  -39.586  43.369 0.0000000000
73031  -46.303  -22.317  53.167 0.0000000000
70751  -46.392  -24.129  52.790 0.0000000000
71947  -47.228  -23.279  52.443 0.0000000000
70774  -47.712  -24.428  51.983 0.0000000000
70775  -48.294  -24.617  51.164 0.0000000000
70871  -48.068  -23.639  45.593 0.0000000000
72038  -48.678  -23.727  47.041 0.0000000000
70857  -50.224  -24.737  46.752 0.0000000000
70839  -51.372  -25.339  47.439 0.0000000000
68451  -52.216  -26.210  47.211 0.0000000000
67297  -52.244  -27.696  46.035 0.0000000000
69691  -52.573  -25.803  46.196 0.0000000000
68490  -53.307  -26.132  45.356 0.0000000000
69714  -53.580  -25.300  44.626 0.0000000000
72119  -51.265  -24.188  40.495 0.0000000000
70937  -53.512  -24.412  41.406 0.0000000000
70958  -53.576  -24.001  40.411 0.0000000000
50252  -19.217  -40.760  63.753 0.0000000000
50293  -18.859  -41.071  61.849 0.0000000000
50273  -19.683  -41.548  62.673 0.0000000000
50346  -20.352  -41.759  60.049 0.0000000000
50373  -20.553  -41.686  58.889 0.0000000000
47933  -23.326  -43.798  55.836 0.0000000000
47932  -22.810  -43.298  55.228 0.0000000000
47962  -22.931  -43.279  53.334 0.0000000000
47993  -22.675  -43.367  51.559 0.0000000000
48031  -22.848  -43.760  49.851 0.0000000000
46911  -22.326  -44.502  48.958 0.0000000000
46928  -23.031  -44.865  48.898 0.0000000000
46800  -30.836  -44.222  57.014 0.0000000000
45586  -29.361  -44.992  57.558 0.0000000000
47918  -29.540  -43.632  56.212 0.0000000000
47935  -28.537  -43.546  55.412 0.0000000000
47950  -27.907  -43.695  54.279 0.0000000000
57928  -37.031  -36.225  45.447 0.0000000000
57947  -37.404  -35.144  45.034 0.0000000000
57908  -37.974  -35.004  46.763 0.0000000000
60039  -39.055  -33.844  47.503 0.0000000000
61145  -39.837  -32.907  47.676 0.0000000000
60009  -40.698  -33.722  49.458 0.0000000000
60024  -41.069  -32.796  49.137 0.0000000000
61146  -40.354  -32.468  47.704 0.0000000000
62353  -41.908  -31.350  49.149 0.0000000000
63570  -41.617  -30.504  50.179 0.0000000000
64893  -41.257  -29.681  51.070 0.0000000000
47905  -39.794  -43.735  57.912 0.0000000000
46784  -38.813  -44.867  57.123 0.0000000000
47943  -39.244  -43.789  56.347 0.0000000000
47957  -38.290  -43.765  54.964 0.0000000000
47970  -37.626  -43.573  53.156 0.0000000000
51620  -38.972  -40.752  54.479 0.0000000000
50471  -37.637  -42.304  52.977 0.0000000000
47999  -37.490  -43.611  51.100 0.0000000000
49272  -37.366  -42.688  49.599 0.0000000000
49284  -36.922  -42.916  48.167 0.0000000000
49317  -36.654  -42.535  46.633 0.0000000000
49336  -35.473  -42.255  45.755 0.0000000000
49338  -37.182  -42.139  46.196 0.0000000000
50551  -37.169  -41.490  45.772 0.0000000000
51713  -36.895  -40.704  45.508 0.0000000000
54084  -37.506  -38.702  48.404 0.0000000000
54105  -37.387  -38.815  47.251 0.0000000000
54139  -36.798  -39.372  45.609 0.0000000000
55403  -36.847  -37.943  46.167 0.0000000000
55422  -37.054  -37.294  46.212 0.0000000000
69736  -49.581  -25.955  42.145 0.0000000000
72115  -48.083  -24.064  40.540 0.0000000000
72117  -49.343  -24.111  41.017 0.0000000000
73212  -50.250  -23.344  41.229 0.0000000000
73235  -50.482  -23.315  40.835 0.0000000000
73252  -50.418  -23.476  40.277 0.0000000000
46700  -21.918  -44.363  63.252 0.0000000000
47848  -21.983  -43.620  61.786 0.0000000000
46716  -22.657  -44.431  61.784 0.0000000000
46748  -22.960  -44.121  60.272 0.0000000000
46766  -23.685  -44.282  58.909 0.0000000000
45496  -24.635  -45.420  60.237 0.0000000000
46767  -24.328  -44.740  58.414 0.0000000000
46795  -23.728  -44.283  56.709 0.0000000000
46815  -24.077  -44.496  55.446 0.0000000000
46830  -24.534  -45.223  54.684 0.0000000000
45642  -24.790  -45.296  53.096 0.0000000000
59005  -37.569  -34.385  44.823 0.0000000000
60102  -37.063  -33.521  43.557 0.0000000000
62430  -38.761  -31.828  45.031 0.0000000000
67346  -45.118  -27.474  43.686 0.0000000000
67320  -46.302  -27.801  44.793 0.0000000000
41173  -30.872  -48.895  62.278 0.0000000000
42104  -29.909  -48.690  61.152 0.0000000000
42106  -31.645  -48.377  60.969 0.0000000000
43134  -31.789  -47.470  59.778 0.0000000000
44304  -31.480  -46.499  58.853 0.0000000000
44286  -33.894  -47.687  58.844 0.0000000000
45542  -33.056  -46.202  58.442 0.0000000000
45564  -31.684  -45.394  57.943 0.0000000000
46801  -31.845  -44.231  57.022 0.0000000000
47939  -32.109  -43.188  55.878 0.0000000000
49180  -32.019  -42.543  54.522 0.0000000000
45590  -38.046  -45.616  56.002 0.0000000000
44377  -36.704  -46.343  54.401 0.0000000000
45618  -35.571  -45.755  54.458 0.0000000000
45674  -35.980  -45.301  51.970 0.0000000000
46861  -35.450  -45.107  52.420 0.0000000000
46833  -35.182  -44.897  54.293 0.0000000000
47968  -34.067  -43.096  53.703 0.0000000000
49195  -33.591  -42.627  53.566 0.0000000000
49355  -34.598  -41.911  45.151 0.0000000000
57747  -43.205  -35.768  55.262 0.0000000000
58841  -43.462  -34.730  55.005 0.0000000000
51391  -19.488  -40.732  65.592 0.0000000000
47805  -21.549  -44.136  64.826 0.0000000000
46663  -22.156  -44.952  64.649 0.0000000000
45430  -22.734  -45.596  64.712 0.0000000000
43075  -26.256  -47.821  63.681 0.0000000000
42058  -27.190  -48.274  63.811 0.0000000000
42060  -28.805  -48.110  63.179 0.0000000000
43078  -29.959  -47.624  62.962 0.0000000000
43089  -31.674  -47.681  62.396 0.0000000000
44256  -32.489  -46.703  61.843 0.0000000000
45481  -33.769  -46.120  61.191 0.0000000000
46734  -32.993  -44.442  60.714 0.0000000000
45500  -34.523  -45.853  60.840 0.0000000000
46753  -35.943  -44.903  59.823 0.0000000000
46755  -37.815  -44.776  59.376 0.0000000000
46756  -38.661  -44.469  59.013 0.0000000000
47894  -39.688  -43.595  58.524 0.0000000000
47906  -40.251  -43.057  58.255 0.0000000000
49142  -41.179  -41.890  57.926 0.0000000000
55235  -43.043  -37.308  55.915 0.0000000000
59944  -44.327  -33.221  54.686 0.0000000000
61066  -44.351  -32.303  53.955 0.0000000000
63533  -44.085  -31.023  53.928 0.0000000000
66008  -44.370  -28.688  55.948 0.0000000000
66026  -43.971  -28.839  55.226 0.0000000000
64874  -42.982  -30.462  53.161 0.0000000000
64873  -42.408  -29.550  53.445 0.0000000000
67174  -41.818  -27.807  53.168 0.0000000000
67193  -41.361  -27.666  51.548 0.0000000000
69581  -42.380  -25.517  53.655 0.0000000000
69593  -42.420  -25.277  52.638 0.0000000000
68397  -41.745  -26.890  51.352 0.0000000000
67204  -42.319  -26.999  50.042 0.0000000000
68425  -43.330  -26.727  49.457 0.0000000000
68426  -44.079  -26.679  49.110 0.0000000000
69619  -46.027  -25.602  50.903 0.0000000000
68427  -45.102  -26.621  48.957 0.0000000000
68447  -45.290  -26.784  48.170 0.0000000000
67239  -45.555  -27.047  47.349 0.0000000000
67263  -46.049  -27.418  46.562 0.0000000000
67292  -47.583  -27.466  45.872 0.0000000000
73073  -48.383  -23.204  49.923 0.0000000000
69635  -49.007  -25.456  50.109 0.0000000000
70819  -50.192  -24.817  48.394 0.0000000000
69636  -49.615  -25.673  49.705 0.0000000000
68417  -48.828  -26.184  49.870 0.0000000000
67226  -48.861  -26.937  48.363 0.0000000000
67293  -48.586  -27.282  45.954 0.0000000000
67322  -48.163  -27.528  45.104 0.0000000000
66148  -48.911  -27.727  43.895 0.0000000000
66149  -50.175  -28.218  43.709 0.0000000000
66171  -50.410  -28.903  42.545 0.0000000000
66124  -51.784  -28.163  45.548 0.0000000000
66150  -51.391  -28.709  43.619 0.0000000000
65016  -51.233  -29.964  41.791 0.0000000000
68518  -51.540  -25.827  43.480 0.0000000000
70906  -53.198  -24.807  43.678 0.0000000000
68505  -54.245  -25.421  43.661 0.0000000000
70919  -54.330  -24.455  42.440 0.0000000000
68520  -54.341  -25.659  43.195 0.0000000000
68519  -53.941  -26.608  43.061 0.0000000000
50292  -17.801  -40.712  61.233 0.0000000000
49104  -21.654  -42.577  59.958 0.0000000000
50374  -21.256  -41.969  58.492 0.0000000000
50419  -20.916  -41.659  56.859 0.0000000000
49176  -22.364  -42.706  54.657 0.0000000000
50461  -21.171  -41.729  54.359 0.0000000000
50460  -20.183  -41.606  54.462 0.0000000000
50478  -19.581  -41.827  53.029 0.0000000000
43131  -29.087  -47.836  59.872 0.0000000000
43150  -28.255  -47.139  58.976 0.0000000000
43170  -27.458  -46.680  58.289 0.0000000000
45560  -28.244  -45.592  57.441 0.0000000000
44343  -27.160  -45.803  56.574 0.0000000000
44342  -26.612  -46.076  56.207 0.0000000000
44374  -25.591  -45.922  54.653 0.0000000000
45628  -25.317  -45.617  53.567 0.0000000000
45643  -25.362  -45.422  52.608 0.0000000000
46845  -28.902  -43.646  53.192 0.0000000000
46857  -28.300  -44.441  52.627 0.0000000000
46856  -27.481  -44.593  52.473 0.0000000000
46877  -26.521  -44.769  51.931 0.0000000000
45668  -25.560  -45.280  51.592 0.0000000000
45689  -24.953  -45.417  50.853 0.0000000000
57764  -41.786  -35.762  53.458 0.0000000000
57785  -41.990  -35.314  53.285 0.0000000000
58856  -42.834  -34.871  54.199 0.0000000000
56565  -42.196  -36.266  54.384 0.0000000000
55281  -41.284  -36.952  53.929 0.0000000000
56564  -41.717  -36.423  53.973 0.0000000000
56593  -41.383  -36.118  53.321 0.0000000000
66168  -46.851  -27.885  42.802 0.0000000000
66146  -47.144  -27.860  43.387 0.0000000000
66147  -47.642  -27.816  43.473 0.0000000000
42086  -28.760  -48.483  62.114 0.0000000000
57946  -36.875  -35.830  44.885 0.0000000000
64908  -40.685  -29.357  48.882 0.0000000000
66060  -40.688  -28.836  49.167 0.0000000000
45544  -38.635  -45.189  58.574 0.0000000000
44310  -38.218  -46.085  58.259 0.0000000000
45568  -38.644  -45.259  57.629 0.0000000000
49298  -35.278  -43.104  47.214 0.0000000000
56722  -36.758  -36.775  45.119 0.0000000000
69722  -48.341  -25.155  43.484 0.0000000000
49057  -20.951  -42.727  62.655 0.0000000000
46876  -24.080  -44.852  52.031 0.0000000000
45666  -24.174  -44.922  51.622 0.0000000000
45688  -24.265  -44.986  51.042 0.0000000000
49179  -30.912  -42.819  54.596 0.0000000000
49192  -30.349  -42.694  53.663 0.0000000000
61107  -42.476  -32.400  50.691 0.0000000000
62325  -42.777  -31.903  51.308 0.0000000000
63557  -42.428  -31.289  51.358 0.0000000000
63558  -42.827  -31.505  51.908 0.0000000000
50448  -39.997  -41.135  56.061 0.0000000000
52846  -37.926  -39.695  50.864 0.0000000000
51667  -37.496  -40.816  49.456 0.0000000000
57840  -38.584  -36.099  49.121 0.0000000000
56686  -38.009  -36.529  47.992 0.0000000000
44227  -23.947  -46.087  63.254 0.0000000000
45462  -23.938  -45.660  62.173 0.0000000000
44240  -24.011  -45.852  62.665 0.0000000000
44299  -26.103  -46.375  57.955 0.0000000000
45538  -25.566  -45.798  58.419 0.0000000000
44341  -25.993  -46.426  56.616 0.0000000000
61184  -39.446  -32.177  46.338 0.0000000000
64968  -40.770  -29.750  44.689 0.0000000000
42091  -33.642  -48.153  61.048 0.0000000000
42092  -34.463  -48.257  60.829 0.0000000000
45588  -34.799  -45.960  56.304 0.0000000000
46821  -34.501  -44.831  55.606 0.0000000000
46862  -37.539  -44.539  52.663 0.0000000000
45631  -37.398  -45.409  53.264 0.0000000000
48036  -33.479  -43.430  50.097 0.0000000000
49251  -33.356  -42.679  50.884 0.0000000000
49271  -33.043  -42.713  50.232 0.0000000000
69567  -43.205  -25.833  55.166 0.0000000000
71929  -45.337  -22.878  53.547 0.0000000000
73029  -44.850  -22.171  54.041 0.0000000000
71943  -43.909  -23.561  53.107 0.0000000000
70749  -44.412  -24.166  52.513 0.0000000000
68403  -47.323  -26.185  50.498 0.0000000000
68416  -47.805  -26.408  49.800 0.0000000000
68429  -47.341  -26.662  48.939 0.0000000000
72036  -47.405  -23.194  46.629 0.0000000000
72027  -47.750  -22.937  47.371 0.0000000000
67229  -50.945  -26.737  48.163 0.0000000000
67244  -50.317  -27.219  47.708 0.0000000000
67268  -50.887  -27.503  46.968 0.0000000000
70935  -51.442  -24.890  41.116 0.0000000000
70936  -52.489  -24.927  41.172 0.0000000000
51463  -18.255  -40.338  62.809 0.0000000000
50396  -20.124  -41.533  57.701 0.0000000000
47904  -23.252  -43.704  57.528 0.0000000000
48029  -20.291  -43.511  49.163 0.0000000000
44303  -30.310  -46.316  58.652 0.0000000000
45562  -29.884  -45.388  58.056 0.0000000000
46832  -27.334  -44.170  54.467 0.0000000000
46831  -26.876  -44.595  54.274 0.0000000000
59970  -42.674  -33.813  52.800 0.0000000000
58889  -42.100  -34.171  52.342 0.0000000000
59984  -43.146  -32.839  52.344 0.0000000000
53961  -41.398  -38.548  55.444 0.0000000000
52730  -40.914  -39.105  55.438 0.0000000000
53977  -40.936  -38.288  54.823 0.0000000000
54007  -40.333  -38.132  53.195 0.0000000000
54022  -39.423  -38.277  52.163 0.0000000000
54021  -38.881  -38.647  51.840 0.0000000000
55312  -38.790  -38.081  51.274 0.0000000000
55313  -39.415  -37.530  51.542 0.0000000000
56615  -39.872  -36.713  51.508 0.0000000000
56634  -40.085  -36.103  51.322 0.0000000000
66218  -46.241  -28.742  40.710 0.0000000000
43087  -26.453  -47.965  62.997 0.0000000000
43097  -26.094  -47.481  62.624 0.0000000000
43098  -26.802  -47.883  62.100 0.0000000000
43112  -28.008  -47.993  60.904 0.0000000000
43111  -27.229  -47.617  61.220 0.0000000000
43129  -27.410  -47.304  60.285 0.0000000000
44284  -26.735  -46.714  59.679 0.0000000000
43149  -27.488  -46.986  59.256 0.0000000000
57969  -36.118  -35.270  42.747 0.0000000000
62384  -41.208  -31.297  47.539 0.0000000000
64931  -40.762  -29.530  47.306 0.0000000000
64932  -40.840  -30.020  46.891 0.0000000000
63634  -40.811  -29.889  45.683 0.0000000000
64949  -40.865  -29.565  46.196 0.0000000000
66112  -40.841  -29.155  46.447 0.0000000000
67222  -43.040  -26.841  48.593 0.0000000000
45502  -36.484  -46.323  60.166 0.0000000000
43118  -36.335  -47.427  59.554 0.0000000000
44287  -36.808  -47.153  59.426 0.0000000000
43175  -37.163  -47.025  57.571 0.0000000000
43160  -37.072  -47.208  57.879 0.0000000000
44329  -36.732  -47.016  56.946 0.0000000000
43181  -36.102  -47.094  56.787 0.0000000000
44346  -36.532  -46.821  56.411 0.0000000000
48066  -34.847  -43.655  47.938 0.0000000000
46932  -35.147  -44.312  49.005 0.0000000000
48051  -34.575  -44.071  48.831 0.0000000000
48064  -33.088  -43.509  48.697 0.0000000000
74134  -46.220  -21.608  52.788 0.0000000000
71946  -46.684  -23.224  53.050 0.0000000000
73054  -47.243  -22.433  51.417 0.0000000000
71957  -47.567  -23.418  51.845 0.0000000000
71971  -47.776  -23.203  51.081 0.0000000000
71958  -48.019  -23.872  51.390 0.0000000000
70904  -47.451  -24.604  43.643 0.0000000000
70888  -48.385  -24.375  44.630 0.0000000000
70855  -48.645  -23.917  46.377 0.0000000000
70872  -49.211  -24.589  45.614 0.0000000000
70873  -50.565  -25.099  45.693 0.0000000000
70858  -51.365  -25.204  46.710 0.0000000000
69671  -51.910  -25.842  47.438 0.0000000000
69690  -52.176  -25.637  46.752 0.0000000000
68471  -52.520  -26.179  46.654 0.0000000000
69702  -52.956  -25.543  45.535 0.0000000000
70876  -53.114  -25.110  44.886 0.0000000000
72138  -51.127  -24.030  40.202 0.0000000000
70957  -52.725  -24.475  40.471 0.0000000000
50272  -19.142  -40.803  63.099 0.0000000000
50295  -20.453  -42.088  61.358 0.0000000000
50319  -20.398  -41.906  60.891 0.0000000000
47949  -23.503  -43.782  54.814 0.0000000000
47963  -23.523  -43.754  53.805 0.0000000000
48013  -23.238  -43.847  50.843 0.0000000000
46912  -23.381  -44.589  49.499 0.0000000000
45725  -23.359  -45.468  48.966 0.0000000000
47919  -30.460  -43.671  56.403 0.0000000000
47936  -29.458  -43.341  55.481 0.0000000000
47951  -28.612  -43.343  54.388 0.0000000000
47934  -28.084  -43.595  54.896 0.0000000000
57929  -37.504  -35.659  45.866 0.0000000000
58955  -39.193  -34.239  48.040 0.0000000000
58954  -38.718  -34.324  47.482 0.0000000000
60056  -38.901  -33.539  47.070 0.0000000000
60040  -39.541  -33.661  47.911 0.0000000000
58916  -40.469  -34.197  49.616 0.0000000000
61121  -41.697  -32.549  49.530 0.0000000000
61131  -40.728  -32.600  48.430 0.0000000000
61132  -41.443  -32.145  48.819 0.0000000000
61147  -40.999  -31.934  47.852 0.0000000000
62367  -41.861  -31.743  49.069 0.0000000000
63583  -42.013  -31.064  49.648 0.0000000000
47924  -40.158  -43.103  57.654 0.0000000000
46806  -39.319  -44.181  56.812 0.0000000000
49151  -39.592  -43.035  56.583 0.0000000000
50446  -38.683  -42.476  55.264 0.0000000000
49166  -38.561  -43.203  55.352 0.0000000000
47971  -37.923  -43.651  54.185 0.0000000000
49198  -37.796  -42.625  53.765 0.0000000000
51636  -39.245  -39.811  53.943 0.0000000000
51635  -38.744  -40.327  53.789 0.0000000000
50483  -37.595  -41.717  52.237 0.0000000000
49213  -37.568  -42.846  52.501 0.0000000000
49232  -37.512  -42.746  51.573 0.0000000000
48019  -37.254  -43.511  50.213 0.0000000000
49252  -37.447  -42.705  50.576 0.0000000000
49285  -37.217  -42.627  48.633 0.0000000000
49300  -36.707  -42.824  47.534 0.0000000000
49318  -37.241  -42.287  46.950 0.0000000000
51704  -37.335  -40.836  47.034 0.0000000000
50534  -37.380  -41.560  46.539 0.0000000000
51714  -37.204  -40.746  46.209 0.0000000000
52910  -37.043  -39.885  46.740 0.0000000000
54064  -38.066  -38.058  49.948 0.0000000000
54063  -37.604  -38.885  49.413 0.0000000000
54085  -37.772  -38.093  49.106 0.0000000000
54123  -36.991  -38.848  46.160 0.0000000000
55404  -37.322  -37.726  46.779 0.0000000000
57888  -37.726  -36.237  47.305 0.0000000000
56704  -37.433  -36.606  46.598 0.0000000000
56723  -37.089  -36.687  45.815 0.0000000000
72095  -49.133  -23.547  41.134 0.0000000000
72096  -49.910  -24.032  41.255 0.0000000000
73234  -50.258  -22.547  41.260 0.0000000000
74314  -50.134  -21.592  40.959 0.0000000000
46701  -22.497  -44.694  62.811 0.0000000000
46715  -22.079  -44.197  62.454 0.0000000000
46732  -23.330  -44.607  60.700 0.0000000000
46717  -23.090  -44.555  61.269 0.0000000000
46749  -23.370  -44.323  59.757 0.0000000000
47874  -23.260  -43.950  59.219 0.0000000000
44268  -25.179  -45.862  60.446 0.0000000000
45537  -25.025  -45.291  57.863 0.0000000000
46796  -24.447  -44.999  56.293 0.0000000000
45600  -25.035  -45.707  55.273 0.0000000000
46841  -24.365  -44.999  53.673 0.0000000000
45627  -24.836  -45.532  53.972 0.0000000000
58988  -37.743  -34.771  45.443 0.0000000000
59004  -36.997  -34.925  44.378 0.0000000000
61194  -37.908  -33.020  44.499 0.0000000000
62419  -39.636  -31.672  45.773 0.0000000000
62431  -39.491  -31.198  44.729 0.0000000000
66122  -41.468  -28.467  45.016 0.0000000000
66133  -41.664  -28.281  44.273 0.0000000000
67317  -43.382  -27.466  44.266 0.0000000000
67345  -44.127  -27.360  43.543 0.0000000000
67319  -45.377  -27.560  44.661 0.0000000000
67347  -45.984  -27.861  43.860 0.0000000000
42075  -31.226  -48.530  62.385 0.0000000000
42089  -31.361  -48.856  61.838 0.0000000000
42124  -31.666  -47.931  60.274 0.0000000000
43154  -32.041  -47.041  59.319 0.0000000000
42128  -35.169  -48.048  59.052 0.0000000000
42135  -34.342  -48.156  59.224 0.0000000000
43157  -34.633  -47.616  58.307 0.0000000000
45566  -33.874  -45.953  57.465 0.0000000000
45543  -33.613  -46.684  58.208 0.0000000000
45541  -32.068  -46.002  58.444 0.0000000000
45565  -32.705  -45.496  57.947 0.0000000000
46782  -32.227  -44.875  57.457 0.0000000000
46802  -32.776  -44.411  56.911 0.0000000000
47940  -33.444  -43.530  55.680 0.0000000000
49165  -32.470  -42.875  55.217 0.0000000000
45607  -38.297  -45.135  55.676 0.0000000000
45591  -38.473  -45.246  56.599 0.0000000000
44391  -36.995  -45.943  53.284 0.0000000000
44363  -37.359  -46.133  54.865 0.0000000000
44390  -36.632  -46.166  53.640 0.0000000000
44389  -36.141  -46.118  54.037 0.0000000000
45696  -35.973  -45.116  51.284 0.0000000000
46860  -34.893  -44.576  51.980 0.0000000000
46846  -35.054  -44.581  52.998 0.0000000000
47969  -34.501  -43.719  53.593 0.0000000000
49212  -34.291  -43.294  52.778 0.0000000000
50488  -33.405  -42.358  52.017 0.0000000000
49211  -33.816  -42.683  52.560 0.0000000000
49210  -33.174  -42.183  52.694 0.0000000000
49194  -32.597  -42.268  53.653 0.0000000000
49209  -32.144  -42.079  52.690 0.0000000000
49356  -35.155  -42.040  45.062 0.0000000000
46647  -21.951  -44.670  65.445 0.0000000000
43074  -25.439  -47.494  63.967 0.0000000000
43088  -30.825  -47.754  62.724 0.0000000000
44244  -31.093  -46.838  62.512 0.0000000000
44257  -33.296  -46.785  61.616 0.0000000000
45480  -32.864  -45.675  61.400 0.0000000000
47863  -33.378  -43.451  60.606 0.0000000000
46751  -33.941  -44.562  59.983 0.0000000000
45519  -34.099  -45.176  60.287 0.0000000000
46752  -34.854  -44.875  60.063 0.0000000000
46737  -35.527  -45.349  60.284 0.0000000000
49127  -36.842  -43.027  58.854 0.0000000000
47878  -36.487  -44.142  59.254 0.0000000000
47879  -37.371  -43.941  59.114 0.0000000000
47880  -38.310  -43.659  59.098 0.0000000000
47881  -39.304  -43.320  58.987 0.0000000000
47882  -39.834  -42.750  59.029 0.0000000000
47895  -40.027  -42.919  58.774 0.0000000000
49115  -40.232  -42.309  59.095 0.0000000000
49130  -41.112  -41.934  58.273 0.0000000000
50405  -41.543  -41.444  58.030 0.0000000000
50426  -41.408  -41.155  57.338 0.0000000000
56510  -43.290  -36.397  55.724 0.0000000000
59928  -44.623  -33.461  55.546 0.0000000000
58842  -44.103  -33.932  55.161 0.0000000000
61043  -44.969  -32.889  55.704 0.0000000000
63503  -44.810  -30.692  55.630 0.0000000000
62285  -44.554  -31.908  54.574 0.0000000000
62300  -44.272  -31.632  53.868 0.0000000000
67164  -43.517  -27.632  55.117 0.0000000000
67165  -43.885  -28.341  55.362 0.0000000000
66025  -43.625  -28.795  54.896 0.0000000000
64858  -43.185  -29.805  54.203 0.0000000000
64857  -42.779  -29.379  54.042 0.0000000000
68371  -42.292  -26.807  53.823 0.0000000000
67175  -42.178  -27.968  53.744 0.0000000000
67183  -41.519  -27.811  52.505 0.0000000000
73016  -43.862  -22.104  54.636 0.0000000000
70722  -42.632  -24.572  54.529 0.0000000000
71926  -42.761  -23.532  54.069 0.0000000000
68390  -42.161  -26.089  51.798 0.0000000000
68398  -42.419  -26.573  50.778 0.0000000000
69617  -44.221  -25.633  50.784 0.0000000000
68412  -43.856  -26.517  49.871 0.0000000000
70772  -45.992  -24.744  52.188 0.0000000000
69607  -46.491  -25.284  51.652 0.0000000000
68414  -45.803  -26.262  49.535 0.0000000000
68448  -46.074  -27.064  47.971 0.0000000000
67240  -46.487  -27.303  47.393 0.0000000000
67264  -47.013  -27.489  46.678 0.0000000000
67291  -46.624  -27.604  45.748 0.0000000000
72013  -48.586  -23.332  48.451 0.0000000000
73098  -48.255  -22.886  49.331 0.0000000000
71993  -48.852  -23.929  49.527 0.0000000000
70791  -48.763  -24.717  50.349 0.0000000000
70801  -49.274  -24.943  49.677 0.0000000000
70837  -49.875  -24.469  47.702 0.0000000000
72029  -49.062  -23.855  47.706 0.0000000000
68432  -50.120  -26.614  48.792 0.0000000000
69637  -50.268  -25.809  49.315 0.0000000000
68418  -49.801  -26.274  49.374 0.0000000000
68431  -49.300  -26.664  49.014 0.0000000000
67266  -49.011  -27.221  46.870 0.0000000000
67350  -48.543  -27.541  44.559 0.0000000000
67323  -49.175  -27.447  44.995 0.0000000000
66125  -52.474  -28.119  45.432 0.0000000000
66151  -52.334  -28.796  44.074 0.0000000000
66138  -51.991  -28.516  44.825 0.0000000000
64982  -51.992  -29.070  43.479 0.0000000000
66172  -51.124  -29.119  42.840 0.0000000000
68531  -50.348  -26.090  41.915 0.0000000000
68517  -50.922  -25.973  43.143 0.0000000000
68532  -50.883  -26.051  42.401 0.0000000000
70917  -53.437  -24.597  43.043 0.0000000000
70907  -53.713  -24.567  43.498 0.0000000000
70894  -53.894  -24.752  43.983 0.0000000000
72099  -54.125  -23.753  41.034 0.0000000000
72078  -54.179  -24.035  41.812 0.0000000000
72079  -54.379  -24.236  41.837 0.0000000000
68535  -54.354  -25.881  42.343 0.0000000000
50371  -18.167  -41.011  58.331 0.0000000000
50416  -17.777  -41.437  56.200 0.0000000000
50458  -18.224  -41.878  54.479 0.0000000000
49186  -18.120  -42.210  53.644 0.0000000000
49203  -18.632  -42.224  52.590 0.0000000000
47860  -22.118  -43.195  60.635 0.0000000000
47872  -22.184  -43.015  59.882 0.0000000000
49140  -22.178  -42.787  57.669 0.0000000000
49139  -21.654  -42.327  58.153 0.0000000000
50397  -21.087  -41.792  57.892 0.0000000000
49161  -21.648  -42.120  56.175 0.0000000000
47948  -22.925  -43.256  54.260 0.0000000000
50479  -21.284  -41.918  53.152 0.0000000000
50470  -21.427  -41.918  53.536 0.0000000000
50469  -20.702  -41.736  53.504 0.0000000000
49188  -20.178  -41.859  53.049 0.0000000000
45723  -22.015  -45.931  48.554 0.0000000000
45710  -21.404  -45.471  48.763 0.0000000000
42122  -29.975  -48.362  60.425 0.0000000000
42121  -29.330  -48.360  60.597 0.0000000000
43171  -27.936  -46.679  58.272 0.0000000000
45585  -28.697  -44.918  57.176 0.0000000000
45583  -26.865  -45.407  56.205 0.0000000000
44359  -25.748  -46.214  55.557 0.0000000000
45629  -26.019  -45.382  53.263 0.0000000000
44388  -25.660  -45.636  53.772 0.0000000000
46858  -29.141  -44.202  52.625 0.0000000000
46844  -28.416  -43.827  53.132 0.0000000000
45645  -28.175  -44.976  52.268 0.0000000000
46878  -27.065  -44.725  51.888 0.0000000000
44445  -26.861  -46.377  50.399 0.0000000000
45669  -26.610  -45.071  51.397 0.0000000000
45690  -26.012  -45.796  50.668 0.0000000000
45714  -25.703  -46.156  50.111 0.0000000000
57783  -40.807  -35.711  52.291 0.0000000000
57803  -41.029  -35.132  52.209 0.0000000000
58873  -42.317  -34.541  52.970 0.0000000000
58874  -42.842  -33.907  53.145 0.0000000000
55234  -42.344  -37.354  55.386 0.0000000000
55259  -41.515  -37.318  54.630 0.0000000000
55280  -40.790  -37.379  53.602 0.0000000000
55297  -40.175  -37.459  52.468 0.0000000000
55314  -39.971  -37.047  51.848 0.0000000000
56592  -40.807  -36.419  52.875 0.0000000000
67372  -45.817  -27.743  42.788 0.0000000000
66167  -46.225  -27.809  42.437 0.0000000000
42071  -27.479  -48.518  63.196 0.0000000000
42085  -27.686  -48.492  62.343 0.0000000000
42102  -28.164  -48.393  61.650 0.0000000000
64909  -40.965  -30.075  48.583 0.0000000000
64917  -40.750  -29.500  48.087 0.0000000000
66081  -40.765  -28.864  47.648 0.0000000000
66095  -40.784  -28.958  46.880 0.0000000000
67213  -41.931  -27.422  49.311 0.0000000000
45522  -37.222  -45.864  59.772 0.0000000000
44288  -37.479  -46.641  59.142 0.0000000000
44289  -38.215  -45.935  58.883 0.0000000000
48053  -36.365  -43.436  48.402 0.0000000000
46933  -35.865  -44.114  49.014 0.0000000000
49314  -33.688  -42.604  46.738 0.0000000000
54158  -36.166  -38.498  42.972 0.0000000000
69709  -48.521  -24.770  44.172 0.0000000000
70889  -48.927  -24.606  44.946 0.0000000000
69710  -49.147  -24.969  44.596 0.0000000000
70874  -51.626  -25.324  45.663 0.0000000000
70890  -51.254  -25.316  45.115 0.0000000000
70891  -52.027  -25.204  44.943 0.0000000000
69713  -52.263  -25.302  44.373 0.0000000000
49038  -20.259  -42.069  63.257 0.0000000000
49056  -20.299  -42.079  62.312 0.0000000000
49074  -20.586  -42.293  61.782 0.0000000000
49088  -20.843  -42.339  61.106 0.0000000000
46840  -23.947  -44.348  53.283 0.0000000000
46853  -23.756  -44.423  52.382 0.0000000000
46893  -23.709  -44.587  50.476 0.0000000000
44471  -24.677  -46.234  49.378 0.0000000000
47938  -31.098  -43.315  55.693 0.0000000000
47954  -30.693  -43.165  55.204 0.0000000000
47953  -30.112  -43.105  54.982 0.0000000000
49177  -29.589  -42.886  54.083 0.0000000000
57889  -38.198  -35.462  47.610 0.0000000000
58936  -39.590  -34.201  48.573 0.0000000000
60010  -41.214  -33.427  49.990 0.0000000000
61122  -42.275  -32.235  49.903 0.0000000000
62354  -42.216  -31.640  49.658 0.0000000000
63545  -42.224  -30.703  51.987 0.0000000000
50424  -39.714  -42.136  56.423 0.0000000000
52805  -38.952  -39.240  52.954 0.0000000000
51644  -38.127  -40.383  52.582 0.0000000000
51650  -38.035  -40.071  51.972 0.0000000000
51649  -37.707  -40.615  51.640 0.0000000000
50498  -37.487  -41.763  50.022 0.0000000000
50519  -37.458  -41.759  48.145 0.0000000000
50526  -37.429  -41.672  47.332 0.0000000000
55364  -38.279  -37.384  49.153 0.0000000000
55383  -38.077  -37.187  48.443 0.0000000000
45476  -22.986  -45.005  62.432 0.0000000000
45461  -23.477  -45.545  62.719 0.0000000000
45495  -23.798  -45.182  60.809 0.0000000000
45517  -25.411  -45.743  59.520 0.0000000000
45558  -25.072  -45.383  56.813 0.0000000000
45601  -25.338  -45.918  55.676 0.0000000000
44358  -25.386  -45.988  55.381 0.0000000000
60075  -38.416  -33.594  45.989 0.0000000000
60091  -38.000  -33.830  45.197 0.0000000000
61195  -38.244  -32.822  45.103 0.0000000000
62432  -40.120  -30.739  44.802 0.0000000000
63644  -39.836  -30.732  44.206 0.0000000000
67286  -41.911  -27.878  44.639 0.0000000000
43101  -32.653  -47.610  61.910 0.0000000000
42090  -32.590  -48.318  61.503 0.0000000000
43114  -33.333  -48.029  60.131 0.0000000000
44328  -35.201  -47.004  57.298 0.0000000000
44327  -34.473  -46.991  57.678 0.0000000000
45567  -34.523  -46.401  57.121 0.0000000000
46803  -33.739  -44.737  56.494 0.0000000000
46820  -33.996  -44.273  55.866 0.0000000000
46835  -37.935  -44.794  54.611 0.0000000000
45619  -37.660  -45.409  54.390 0.0000000000
44408  -36.976  -45.709  52.779 0.0000000000
46896  -34.767  -44.605  50.098 0.0000000000
47998  -34.318  -43.925  51.517 0.0000000000
49231  -34.164  -43.291  52.080 0.0000000000
47997  -34.013  -43.334  51.568 0.0000000000
49230  -33.707  -42.733  51.727 0.0000000000
45463  -30.628  -45.847  62.718 0.0000000000
46702  -30.859  -45.057  62.415 0.0000000000
49109  -34.858  -42.850  59.538 0.0000000000
47877  -35.460  -43.740  59.293 0.0000000000
49110  -35.650  -42.530  59.270 0.0000000000
50381  -40.643  -41.904  59.102 0.0000000000
62266  -45.070  -31.993  56.440 0.0000000000
62277  -45.082  -32.270  55.702 0.0000000000
63491  -44.788  -31.003  56.386 0.0000000000
64835  -44.660  -29.710  56.138 0.0000000000
68342  -43.781  -26.931  55.844 0.0000000000
68357  -42.924  -26.858  54.657 0.0000000000
73017  -44.574  -21.750  54.394 0.0000000000
73028  -44.176  -22.485  54.017 0.0000000000
71927  -43.555  -22.931  53.843 0.0000000000
70748  -43.232  -24.393  52.448 0.0000000000
70769  -43.389  -24.915  51.794 0.0000000000
68391  -42.860  -25.872  51.213 0.0000000000
69604  -43.603  -25.376  51.287 0.0000000000
69605  -44.578  -25.172  51.319 0.0000000000
69608  -47.341  -25.321  51.718 0.0000000000
69620  -46.916  -25.843  51.143 0.0000000000
73127  -47.521  -22.519  48.020 0.0000000000
69669  -50.963  -25.567  48.329 0.0000000000
69652  -51.078  -25.956  48.392 0.0000000000
68433  -50.796  -26.409  48.498 0.0000000000
67267  -49.963  -27.433  46.970 0.0000000000
67325  -50.793  -27.823  45.691 0.0000000000
64983  -52.497  -29.147  43.435 0.0000000000
69753  -50.922  -25.461  41.495 0.0000000000
68545  -51.012  -25.920  41.868 0.0000000000
69754  -52.005  -25.709  41.899 0.0000000000
69739  -53.362  -24.651  42.508 0.0000000000
70959  -54.570  -24.463  40.977 0.0000000000
69757  -54.471  -25.156  41.623 0.0000000000
50345  -19.469  -41.404  59.708 0.0000000000
50417  -18.787  -41.415  56.370 0.0000000000
50459  -19.165  -41.647  54.466 0.0000000000
47873  -22.673  -43.532  59.510 0.0000000000
49150  -22.225  -42.707  56.675 0.0000000000
49226  -22.169  -42.938  52.175 0.0000000000
49190  -22.349  -42.807  53.705 0.0000000000
49225  -21.429  -42.529  51.738 0.0000000000
49224  -20.417  -42.185  51.589 0.0000000000
49264  -19.713  -42.793  49.695 0.0000000000
48046  -19.981  -43.900  48.903 0.0000000000
45709  -20.469  -45.293  49.291 0.0000000000
44302  -29.279  -46.664  58.619 0.0000000000
44324  -28.575  -46.145  58.047 0.0000000000
46797  -27.863  -44.269  56.141 0.0000000000
45602  -26.686  -45.114  55.272 0.0000000000
46855  -26.601  -44.764  52.493 0.0000000000
44446  -27.838  -46.485  51.218 0.0000000000
58900  -40.565  -34.705  50.583 0.0000000000
58901  -41.210  -34.199  50.821 0.0000000000
58888  -41.551  -34.418  51.987 0.0000000000
59982  -41.937  -33.924  51.736 0.0000000000
59996  -41.791  -33.781  51.213 0.0000000000
61091  -42.825  -32.571  51.628 0.0000000000
51603  -41.079  -39.611  55.943 0.0000000000
51602  -40.392  -40.079  55.515 0.0000000000
51622  -40.017  -39.753  54.744 0.0000000000
52779  -39.610  -39.229  53.750 0.0000000000
53991  -40.448  -38.305  53.971 0.0000000000
52780  -40.057  -38.798  53.942 0.0000000000
52828  -38.381  -39.544  52.071 0.0000000000
52847  -38.291  -39.236  51.464 0.0000000000
55331  -39.018  -37.001  50.549 0.0000000000
55346  -38.858  -36.809  50.030 0.0000000000
56650  -39.134  -36.387  50.103 0.0000000000
44229  -25.281  -47.320  63.452 0.0000000000
44241  -24.662  -46.218  62.396 0.0000000000
44242  -25.371  -47.105  62.868 0.0000000000
44254  -26.713  -47.322  61.498 0.0000000000
61167  -40.467  -31.986  47.090 0.0000000000
62405  -39.978  -31.924  46.552 0.0000000000
63624  -40.584  -30.881  46.087 0.0000000000
63608  -41.118  -30.662  47.173 0.0000000000
63633  -40.574  -30.362  45.333 0.0000000000
64958  -40.813  -29.826  45.255 0.0000000000
66096  -41.157  -28.257  47.200 0.0000000000
44271  -34.980  -46.924  60.897 0.0000000000
43116  -35.163  -47.835  60.780 0.0000000000
43117  -35.724  -47.704  60.028 0.0000000000
43137  -35.762  -47.733  59.298 0.0000000000
43158  -35.576  -47.630  58.430 0.0000000000
43139  -37.121  -47.197  58.425 0.0000000000
43159  -36.523  -47.391  58.074 0.0000000000
44345  -35.593  -46.768  56.590 0.0000000000
45589  -35.474  -46.367  56.003 0.0000000000
45605  -35.510  -46.118  55.398 0.0000000000
46899  -37.206  -44.258  50.763 0.0000000000
46883  -37.055  -44.785  51.172 0.0000000000
46915  -35.421  -44.485  49.608 0.0000000000
48037  -34.180  -44.150  49.654 0.0000000000
48049  -32.987  -43.277  49.427 0.0000000000
49295  -31.542  -42.692  47.558 0.0000000000
52920  -36.748  -39.886  45.210 0.0000000000
51737  -36.374  -40.770  43.826 0.0000000000
51754  -36.095  -40.299  42.950 0.0000000000
73030  -45.691  -22.221  53.601 0.0000000000
71930  -46.049  -22.853  53.434 0.0000000000
70750  -45.446  -24.186  52.704 0.0000000000
71945  -45.850  -23.519  53.219 0.0000000000
70752  -47.181  -23.988  52.637 0.0000000000
73042  -47.235  -22.871  52.047 0.0000000000
70753  -47.474  -23.801  52.291 0.0000000000
69609  -48.000  -25.243  51.484 0.0000000000
69622  -48.419  -25.513  50.728 0.0000000000
72046  -47.735  -23.308  46.107 0.0000000000
70856  -49.268  -24.246  46.890 0.0000000000
69670  -51.420  -25.698  47.881 0.0000000000
68450  -51.679  -26.351  47.757 0.0000000000
67246  -52.086  -26.795  47.262 0.0000000000
67269  -51.801  -27.395  46.837 0.0000000000
67247  -52.405  -26.521  46.951 0.0000000000
67270  -52.574  -26.856  46.455 0.0000000000
67271  -52.984  -26.587  45.859 0.0000000000
69701  -52.434  -25.563  45.979 0.0000000000
68472  -52.859  -26.155  46.051 0.0000000000
68504  -53.731  -26.248  44.165 0.0000000000
70956  -51.859  -24.483  40.661 0.0000000000
50318  -19.609  -41.533  60.780 0.0000000000
50294  -20.063  -41.761  61.686 0.0000000000
47915  -22.684  -43.297  56.189 0.0000000000
47977  -23.430  -43.791  52.852 0.0000000000
47976  -22.818  -43.354  52.453 0.0000000000
45711  -22.231  -45.349  48.611 0.0000000000
44488  -23.235  -46.472  48.631 0.0000000000
45563  -30.790  -45.335  57.937 0.0000000000
46780  -30.363  -44.765  57.584 0.0000000000
46799  -29.644  -44.239  57.147 0.0000000000
47917  -28.997  -43.574  55.912 0.0000000000
57930  -37.918  -34.797  46.059 0.0000000000
58969  -38.359  -34.278  46.503 0.0000000000
61165  -39.220  -32.951  47.018 0.0000000000
58915  -39.672  -34.643  49.267 0.0000000000
58937  -40.009  -34.100  49.086 0.0000000000
60023  -40.368  -33.555  48.851 0.0000000000
60041  -40.154  -32.994  48.146 0.0000000000
62366  -41.547  -31.448  48.470 0.0000000000
63582  -41.515  -30.711  49.090 0.0000000000
66053  -40.983  -28.486  50.776 0.0000000000
46769  -39.300  -44.290  58.290 0.0000000000
45569  -38.936  -44.762  58.099 0.0000000000
46785  -39.229  -44.439  57.476 0.0000000000
46823  -39.089  -44.271  56.486 0.0000000000
46822  -38.727  -44.475  56.097 0.0000000000
47942  -38.741  -43.808  55.631 0.0000000000
46849  -38.043  -44.282  54.561 0.0000000000
47981  -37.588  -43.679  52.071 0.0000000000
51601  -39.688  -40.829  55.301 0.0000000000
50463  -39.183  -41.004  54.900 0.0000000000
50462  -38.499  -41.615  54.548 0.0000000000
50472  -37.929  -41.408  53.261 0.0000000000
49197  -37.603  -42.867  53.098 0.0000000000
48039  -36.926  -43.530  49.251 0.0000000000
48054  -36.900  -43.161  48.592 0.0000000000
48068  -36.260  -43.186  47.722 0.0000000000
49299  -36.114  -42.970  47.212 0.0000000000
49316  -35.839  -42.581  46.504 0.0000000000
52921  -36.885  -39.930  45.907 0.0000000000
54122  -36.735  -38.299  45.792 0.0000000000
55421  -36.728  -37.619  45.585 0.0000000000
69735  -48.711  -25.601  42.377 0.0000000000
69750  -48.152  -25.422  41.401 0.0000000000
69772  -48.765  -25.252  40.923 0.0000000000
69773  -49.280  -25.316  41.102 0.0000000000
72116  -48.831  -24.119  40.796 0.0000000000
70955  -49.349  -24.754  40.929 0.0000000000
70933  -49.957  -24.784  41.157 0.0000000000
72097  -50.778  -24.087  40.969 0.0000000000
72118  -50.793  -23.837  40.490 0.0000000000
72137  -50.769  -23.869  39.966 0.0000000000
47834  -21.534  -43.647  62.784 0.0000000000
49058  -21.514  -43.169  62.211 0.0000000000
47849  -22.507  -43.841  61.125 0.0000000000
46731  -22.881  -44.220  60.933 0.0000000000
47890  -23.265  -43.777  58.565 0.0000000000
46750  -24.115  -44.781  59.437 0.0000000000
46777  -23.756  -44.272  57.912 0.0000000000
46816  -24.577  -45.248  55.529 0.0000000000
59018  -37.112  -34.133  44.181 0.0000000000
60101  -36.558  -33.759  43.067 0.0000000000
61203  -38.232  -32.161  44.433 0.0000000000
62443  -38.542  -31.534  44.037 0.0000000000
62442  -38.014  -32.025  43.974 0.0000000000
67315  -41.933  -27.936  44.206 0.0000000000
67371  -44.754  -27.676  42.833 0.0000000000
67394  -45.230  -27.761  42.157 0.0000000000
41172  -30.365  -48.829  62.239 0.0000000000
42087  -29.820  -48.780  61.888 0.0000000000
42088  -30.540  -48.927  61.710 0.0000000000
42105  -30.714  -48.642  61.091 0.0000000000
42123  -30.790  -48.170  60.390 0.0000000000
43133  -30.854  -47.600  59.827 0.0000000000
43153  -31.059  -47.020  59.326 0.0000000000
45540  -31.121  -45.880  58.365 0.0000000000
42109  -34.884  -48.426  60.206 0.0000000000
42126  -34.229  -48.349  59.725 0.0000000000
44285  -33.586  -47.497  59.016 0.0000000000
44307  -33.938  -47.356  58.351 0.0000000000
44306  -33.215  -46.961  58.882 0.0000000000
43155  -32.665  -47.008  59.246 0.0000000000
44305  -32.420  -46.603  58.916 0.0000000000
46781  -31.278  -44.819  57.464 0.0000000000
47921  -32.498  -43.727  56.499 0.0000000000
49164  -31.616  -42.949  55.183 0.0000000000
44348  -38.000  -45.779  56.450 0.0000000000
44347  -37.472  -46.185  56.065 0.0000000000
45606  -37.856  -45.636  55.311 0.0000000000
44362  -36.705  -46.524  55.352 0.0000000000
44376  -36.046  -46.388  54.841 0.0000000000
45675  -36.612  -45.179  51.479 0.0000000000
45650  -36.539  -45.563  52.354 0.0000000000
45649  -35.912  -45.730  52.808 0.0000000000
46882  -35.453  -44.945  51.530 0.0000000000
46847  -35.479  -45.303  53.324 0.0000000000
46834  -35.535  -45.457  53.911 0.0000000000
45617  -35.349  -45.389  54.618 0.0000000000
47955  -33.899  -43.199  54.364 0.0000000000
49196  -34.142  -43.003  53.248 0.0000000000
58840  -43.037  -34.993  54.649 0.0000000000
58825  -43.805  -34.841  55.639 0.0000000000
58826  -44.201  -34.525  55.890 0.0000000000
59915  -44.958  -33.415  56.318 0.0000000000
51413  -19.089  -40.289  64.811 0.0000000000
51414  -19.509  -40.958  64.759 0.0000000000
50232  -20.131  -41.595  65.141 0.0000000000
49020  -20.240  -42.082  64.205 0.0000000000
47819  -21.095  -43.327  64.386 0.0000000000
46683  -21.858  -44.491  64.061 0.0000000000
46684  -22.370  -44.949  63.753 0.0000000000
46664  -22.480  -45.294  64.282 0.0000000000
45447  -22.761  -45.517  63.965 0.0000000000
44213  -23.617  -46.259  64.306 0.0000000000
44214  -24.392  -46.752  64.774 0.0000000000
42070  -26.815  -48.263  63.425 0.0000000000
42061  -29.545  -48.056  62.888 0.0000000000
42074  -30.370  -48.435  62.635 0.0000000000
43100  -32.172  -47.366  62.115 0.0000000000
43090  -32.175  -47.779  62.228 0.0000000000
44258  -34.107  -46.799  61.211 0.0000000000
45499  -33.520  -45.263  60.710 0.0000000000
45482  -34.145  -46.264  61.105 0.0000000000
45501  -35.680  -45.986  60.604 0.0000000000
45520  -35.913  -45.465  60.240 0.0000000000
45521  -36.404  -45.585  60.104 0.0000000000
46754  -36.905  -44.903  59.621 0.0000000000
49113  -38.731  -42.500  59.170 0.0000000000
46757  -39.208  -44.061  58.721 0.0000000000
49129  -40.638  -42.305  58.623 0.0000000000
49141  -40.690  -42.296  57.815 0.0000000000
50404  -41.139  -41.699  57.607 0.0000000000
51585  -41.398  -40.170  56.653 0.0000000000
51553  -42.348  -39.937  58.124 0.0000000000
51569  -42.237  -39.796  57.337 0.0000000000
52709  -41.866  -39.438  56.506 0.0000000000
52732  -42.179  -38.634  56.020 0.0000000000
56509  -42.880  -36.894  55.479 0.0000000000
56536  -43.090  -36.224  55.298 0.0000000000
59958  -43.801  -33.304  53.938 0.0000000000
61042  -44.723  -32.563  55.155 0.0000000000
59959  -44.239  -32.823  54.088 0.0000000000
61065  -43.907  -32.702  53.549 0.0000000000
61079  -43.655  -32.400  52.924 0.0000000000
62313  -43.629  -31.675  52.793 0.0000000000
65997  -44.306  -28.756  56.570 0.0000000000
64846  -44.455  -29.668  55.475 0.0000000000
68326  -43.887  -27.356  56.122 0.0000000000
66018  -44.152  -28.775  55.485 0.0000000000
64859  -44.030  -29.557  54.909 0.0000000000
63516  -43.865  -30.444  54.293 0.0000000000
63532  -43.599  -30.860  53.463 0.0000000000
63547  -43.152  -31.178  52.575 0.0000000000
64885  -42.861  -30.805  52.642 0.0000000000
64884  -42.476  -30.458  52.670 0.0000000000
64883  -41.762  -29.831  52.383 0.0000000000
66036  -42.252  -28.761  53.692 0.0000000000
66035  -41.747  -28.761  53.080 0.0000000000
66045  -41.282  -28.712  51.939 0.0000000000
70734  -42.591  -24.439  53.415 0.0000000000
68382  -42.059  -26.274  52.853 0.0000000000
68389  -41.652  -26.928  52.183 0.0000000000
67203  -41.619  -27.421  50.502 0.0000000000
68411  -43.017  -26.684  50.058 0.0000000000
67214  -42.708  -26.925  49.513 0.0000000000
67223  -43.960  -26.677  48.487 0.0000000000
69606  -45.549  -25.203  51.485 0.0000000000
69618  -45.058  -25.539  50.761 0.0000000000
68401  -45.438  -25.924  50.183 0.0000000000
68413  -44.773  -26.366  49.634 0.0000000000
68446  -44.532  -26.686  48.494 0.0000000000
67238  -44.246  -26.785  47.612 0.0000000000
67262  -45.027  -27.119  46.459 0.0000000000
67321  -47.256  -27.816  44.964 0.0000000000
71972  -48.358  -23.695  50.568 0.0000000000
72014  -49.446  -24.282  48.603 0.0000000000
70803  -50.445  -25.517  49.019 0.0000000000
70802  -49.992  -25.082  49.146 0.0000000000
68430  -48.348  -26.708  49.093 0.0000000000
67242  -48.431  -27.146  47.610 0.0000000000
67265  -48.000  -27.332  46.780 0.0000000000
67349  -47.892  -27.636  44.294 0.0000000000
66170  -49.271  -28.339  42.672 0.0000000000
66136  -49.844  -27.734  44.572 0.0000000000
66198  -49.984  -29.343  41.811 0.0000000000
66123  -51.429  -28.030  45.546 0.0000000000
64996  -50.960  -29.311  42.479 0.0000000000
68516  -50.245  -26.078  42.758 0.0000000000
68503  -51.558  -25.741  43.998 0.0000000000
69725  -52.012  -25.601  43.921 0.0000000000
69737  -52.166  -25.668  43.110 0.0000000000
69726  -52.599  -25.206  43.769 0.0000000000
70893  -53.449  -24.880  44.214 0.0000000000
69756  -53.473  -24.549  42.103 0.0000000000
70938  -54.515  -24.498  41.793 0.0000000000
69740  -54.567  -25.035  42.464 0.0000000000
69727  -54.499  -24.931  43.236 0.0000000000
50316  -17.607  -40.801  60.269 0.0000000000
50457  -17.563  -42.127  54.746 0.0000000000
49174  -17.726  -42.248  54.240 0.0000000000
49089  -21.425  -42.594  60.728 0.0000000000
49105  -22.110  -42.809  59.412 0.0000000000
49124  -21.553  -42.264  59.032 0.0000000000
49123  -21.052  -42.043  59.666 0.0000000000
49162  -22.312  -42.660  55.662 0.0000000000
49189  -21.864  -42.203  54.043 0.0000000000
49175  -21.731  -42.131  55.072 0.0000000000
50443  -20.760  -41.644  55.564 0.0000000000
50468  -19.726  -41.760  53.418 0.0000000000
50477  -19.285  -41.801  53.029 0.0000000000
49223  -19.370  -42.250  51.481 0.0000000000
43113  -28.695  -48.123  60.463 0.0000000000
44322  -26.651  -46.492  57.420 0.0000000000
45561  -28.964  -45.518  57.793 0.0000000000
45584  -27.622  -45.015  56.619 0.0000000000
44323  -27.598  -46.193  57.456 0.0000000000
44373  -25.381  -45.957  55.088 0.0000000000
44375  -25.891  -45.735  54.132 0.0000000000
44387  -25.526  -45.722  54.084 0.0000000000
45615  -25.264  -45.720  54.196 0.0000000000
49191  -29.807  -42.826  53.884 0.0000000000
47966  -29.436  -43.223  53.446 0.0000000000
47965  -28.552  -43.505  53.666 0.0000000000
47964  -28.100  -43.715  53.630 0.0000000000
41174  -31.125  -48.934  62.181 0.0000000000
41184  -30.433  -49.002  62.004 0.0000000000
41185  -30.811  -49.022  62.072 0.0000000000
41186  -31.022  -49.048  62.099 0.0000000000
42125  -32.280  -47.743  60.084 0.0000000000
42127  -34.770  -48.321  59.456 0.0000000000
42136  -34.664  -48.068  58.886 0.0000000000
42137  -34.994  -47.922  58.637 0.0000000000
43115  -33.649  -48.109  59.827 0.0000000000
43136  -33.843  -47.914  59.295 0.0000000000
43156  -34.205  -47.845  58.796 0.0000000000
43174  -36.732  -47.172  57.400 0.0000000000
43182  -36.402  -47.107  56.973 0.0000000000
44273  -36.654  -46.951  59.887 0.0000000000
44308  -34.326  -47.360  58.093 0.0000000000
44406  -36.162  -46.056  53.387 0.0000000000
45497  -25.256  -45.800  60.130 0.0000000000
45503  -36.881  -46.420  59.887 0.0000000000
45518  -33.720  -44.911  60.273 0.0000000000
45620  -38.058  -45.133  55.013 0.0000000000
45630  -35.765  -45.804  53.629 0.0000000000
45676  -37.147  -45.007  51.561 0.0000000000
45692  -27.648  -45.940  51.331 0.0000000000
45697  -36.217  -44.998  50.977 0.0000000000
46735  -33.475  -44.453  60.340 0.0000000000
46736  -35.167  -45.508  60.501 0.0000000000
46768  -38.921  -44.518  58.618 0.0000000000
46779  -29.786  -44.827  57.616 0.0000000000
46804  -34.316  -45.260  56.260 0.0000000000
46805  -38.957  -44.581  56.756 0.0000000000
46819  -28.049  -43.934  55.899 0.0000000000
46909  -20.055  -44.357  49.094 0.0000000000
46927  -22.746  -45.180  48.727 0.0000000000
46931  -34.821  -44.305  49.048 0.0000000000
47864  -33.924  -43.008  60.354 0.0000000000
47875  -33.681  -44.013  60.118 0.0000000000
47891  -35.871  -43.143  59.012 0.0000000000
47893  -36.871  -43.609  58.996 0.0000000000
47923  -39.674  -43.589  57.129 0.0000000000
47941  -34.137  -44.111  55.545 0.0000000000
49128  -37.232  -43.339  58.950 0.0000000000
49187  -19.894  -41.870  53.043 0.0000000000
49204  -19.765  -41.959  52.646 0.0000000000
50480  -21.496  -42.063  53.226 0.0000000000
50481  -33.250  -42.238  52.191 0.0000000000
50482  -33.440  -42.374  52.311 0.0000000000
50484  -37.834  -41.110  52.589 0.0000000000
51440  -19.255  -40.714  64.220 0.0000000000
52753  -39.832  -39.563  54.410 0.0000000000
52806  -39.421  -38.972  53.184 0.0000000000
53978  -41.502  -37.993  55.208 0.0000000000
53990  -40.048  -38.617  53.503 0.0000000000
54005  -39.254  -38.663  52.447 0.0000000000
55233  -41.807  -37.682  55.283 0.0000000000
56534  -42.029  -36.629  54.616 0.0000000000
56535  -42.684  -36.384  54.951 0.0000000000
57728  -43.736  -35.333  55.873 0.0000000000
57746  -42.910  -35.404  54.683 0.0000000000
57820  -39.526  -35.809  50.242 0.0000000000
58812  -44.768  -33.827  56.543 0.0000000000
59006  -37.866  -34.328  45.269 0.0000000000
59914  -44.726  -33.820  56.155 0.0000000000
59929  -44.962  -33.197  55.882 0.0000000000
59943  -43.772  -33.810  54.541 0.0000000000
60057  -39.443  -33.099  47.376 0.0000000000
61029  -45.168  -32.456  56.343 0.0000000000
61054  -44.474  -32.560  54.487 0.0000000000
61080  -44.102  -32.178  53.456 0.0000000000
62267  -45.247  -32.125  56.112 0.0000000000
62299  -43.961  -31.408  53.426 0.0000000000
62314  -43.982  -31.855  53.246 0.0000000000
63492  -45.129  -31.653  56.194 0.0000000000
63504  -45.114  -31.533  55.864 0.0000000000
64872  -41.888  -29.437  53.048 0.0000000000
64900  -40.671  -29.245  49.272 0.0000000000
66134  -41.887  -28.004  43.936 0.0000000000
66135  -49.336  -27.621  44.479 0.0000000000
67149  -43.785  -27.450  55.641 0.0000000000
67150  -43.928  -27.806  55.796 0.0000000000
67395  -45.687  -27.760  42.220 0.0000000000
68370  -42.031  -27.419  53.425 0.0000000000
68419  -50.384  -26.241  49.022 0.0000000000
68449  -51.188  -26.568  48.088 0.0000000000
68533  -51.487  -25.932  42.689 0.0000000000
68544  -50.551  -25.773  41.635 0.0000000000
68546  -51.352  -25.984  42.178 0.0000000000
69689  -51.702  -25.495  47.283 0.0000000000
69699  -49.389  -24.832  45.136 0.0000000000
69712  -51.539  -25.516  44.479 0.0000000000
69715  -54.179  -25.094  43.932 0.0000000000
69724  -50.399  -25.910  43.591 0.0000000000
69751  -49.058  -25.587  41.484 0.0000000000
69771  -48.247  -25.127  40.804 0.0000000000
70820  -50.579  -25.301  48.617 0.0000000000
70905  -48.208  -24.665  43.956 0.0000000000
70918  -53.812  -24.300  42.549 0.0000000000
70954  -48.491  -24.700  40.717 0.0000000000
73128  -48.106  -22.789  47.952 0.0000000000
74119  -44.923  -21.518  54.237 0.0000000000
