#!ascii label  , from subject sub.01.dh.02t2 vox2ras=TkReg
997
56590  -36.170  -36.922  51.346 0.0000000000
55356  -18.206  -37.961  48.079 0.0000000000
54055  -26.480  -39.168  49.198 0.0000000000
79760  -38.408  -16.406  33.573 0.0000000000
82050  -44.351  -14.599  29.731 0.0000000000
56570  -10.185  -36.985  52.469 0.0000000000
77641  -35.563  -18.744  36.442 0.0000000000
62352  -36.961  -31.715  49.063 0.0000000000
52826  -31.704  -39.463  51.369 0.0000000000
55321  -14.351  -37.307  50.142 0.0000000000
51614  -13.497  -40.867  54.579 0.0000000000
55402  -32.617  -37.116  46.669 0.0000000000
59002  -33.875  -33.918  44.731 0.0000000000
57830  -21.760  -36.571  49.016 0.0000000000
56697  -28.626  -36.201  46.532 0.0000000000
68599  -32.730  -26.483  37.263 0.0000000000
72158  -36.967  -23.958  36.660 0.0000000000
74368  -40.717  -21.659  35.483 0.0000000000
49170  -5.545  -42.184  54.780 0.0000000000
47910  -2.803  -43.494  56.894 0.0000000000
62438  -30.488  -31.490  43.549 0.0000000000
66182  -28.361  -28.971  41.517 0.0000000000
67422  -29.837  -27.391  39.830 0.0000000000
51610  -9.206  -41.197  53.966 0.0000000000
52792  -18.512  -40.059  52.202 0.0000000000
55306  -20.112  -38.017  51.763 0.0000000000
55309  -34.324  -38.477  51.754 0.0000000000
58905  -16.512  -34.342  49.075 0.0000000000
54048  -16.288  -38.476  48.999 0.0000000000
52814  -15.769  -40.088  51.226 0.0000000000
57884  -31.047  -35.273  47.573 0.0000000000
55400  -30.927  -37.134  46.654 0.0000000000
72154  -32.764  -23.475  37.388 0.0000000000
69814  -34.925  -25.504  36.972 0.0000000000
73276  -33.824  -22.824  36.703 0.0000000000
75485  -36.976  -20.255  35.096 0.0000000000
76616  -38.904  -19.688  33.953 0.0000000000
75488  -42.234  -21.090  34.820 0.0000000000
77690  -40.234  -18.552  33.166 0.0000000000
78693  -42.238  -17.697  32.298 0.0000000000
61161  -30.711  -32.210  46.383 0.0000000000
61192  -33.420  -32.585  44.066 0.0000000000
62413  -28.353  -31.620  45.868 0.0000000000
67329  -25.729  -27.799  43.101 0.0000000000
68525  -26.172  -26.476  41.958 0.0000000000
67404  -28.648  -27.516  40.464 0.0000000000
69767  -28.206  -25.571  39.971 0.0000000000
70969  -29.222  -24.427  39.345 0.0000000000
54074  -23.710  -38.314  48.516 0.0000000000
52757  -6.798  -39.328  53.334 0.0000000000
52783  -9.121  -39.068  52.700 0.0000000000
43163  -3.189  -46.484  57.676 0.0000000000
43141  -2.077  -47.424  58.739 0.0000000000
75465  -33.982  -20.532  37.500 0.0000000000
64916  -36.713  -30.138  48.746 0.0000000000
52843  -29.344  -39.541  50.537 0.0000000000
56598  -12.009  -36.967  51.412 0.0000000000
52809  -11.267  -39.422  51.851 0.0000000000
52787  -13.271  -40.039  52.075 0.0000000000
82058  -45.881  -15.004  28.944 0.0000000000
55344  -34.292  -37.373  48.987 0.0000000000
57864  -35.371  -35.612  48.296 0.0000000000
56720  -33.886  -35.753  45.844 0.0000000000
60029  -17.925  -33.416  47.411 0.0000000000
57851  -19.647  -36.047  48.380 0.0000000000
60032  -20.543  -33.708  46.844 0.0000000000
57895  -22.396  -35.315  46.508 0.0000000000
55418  -24.912  -37.050  45.743 0.0000000000
57924  -26.223  -35.855  45.680 0.0000000000
54100  -27.582  -38.492  47.546 0.0000000000
54081  -30.323  -38.783  48.723 0.0000000000
54083  -32.281  -38.046  48.970 0.0000000000
66232  -33.718  -29.090  39.593 0.0000000000
74350  -35.866  -21.311  35.854 0.0000000000
73281  -38.734  -22.569  35.988 0.0000000000
78707  -43.464  -17.606  31.514 0.0000000000
49156  -4.131  -42.701  55.549 0.0000000000
45550  -4.953  -45.293  57.573 0.0000000000
60055  -35.573  -33.482  46.798 0.0000000000
62417  -35.379  -31.155  45.455 0.0000000000
64966  -32.584  -29.705  44.287 0.0000000000
64962  -26.526  -30.245  45.206 0.0000000000
63660  -28.348  -30.638  42.444 0.0000000000
66131  -31.103  -28.904  44.491 0.0000000000
68512  -30.976  -28.224  43.286 0.0000000000
67359  -31.383  -28.175  42.008 0.0000000000
66209  -32.412  -28.758  40.574 0.0000000000
67440  -31.248  -27.653  38.597 0.0000000000
70991  -31.083  -24.711  38.098 0.0000000000
56606  -21.042  -37.414  51.424 0.0000000000
52714  -4.790  -38.552  54.971 0.0000000000
50453  -7.462  -41.446  54.272 0.0000000000
51612  -11.548  -41.240  54.666 0.0000000000
43120  -0.869  -47.499  59.077 0.0000000000
54050  -18.792  -38.935  49.092 0.0000000000
52818  -19.565  -39.204  51.497 0.0000000000
55340  -19.375  -37.965  49.494 0.0000000000
55310  -35.027  -38.122  51.258 0.0000000000
56675  -17.348  -36.376  47.902 0.0000000000
57825  -16.285  -36.050  49.113 0.0000000000
54072  -17.177  -38.502  48.607 0.0000000000
52836  -17.369  -39.890  50.152 0.0000000000
73264  -32.565  -22.509  37.868 0.0000000000
72155  -33.582  -23.554  36.824 0.0000000000
74340  -32.829  -21.997  37.626 0.0000000000
78659  -37.687  -17.069  34.611 0.0000000000
76615  -37.899  -19.289  34.028 0.0000000000
77688  -38.318  -18.255  33.334 0.0000000000
76629  -39.688  -19.335  33.651 0.0000000000
78690  -39.219  -17.252  32.780 0.0000000000
78691  -40.158  -17.226  32.348 0.0000000000
62415  -29.914  -31.935  46.141 0.0000000000
69731  -26.245  -25.272  42.511 0.0000000000
69766  -27.335  -25.581  40.503 0.0000000000
70927  -27.502  -23.717  41.414 0.0000000000
72085  -28.539  -22.862  40.999 0.0000000000
54076  -25.088  -38.815  48.456 0.0000000000
52859  -24.598  -39.481  50.093 0.0000000000
52839  -25.509  -39.959  50.593 0.0000000000
55265  -8.329  -37.496  52.984 0.0000000000
55285  -9.005  -37.681  52.532 0.0000000000
80958  -44.757  -15.778  29.750 0.0000000000
43142  -2.549  -47.082  58.473 0.0000000000
59995  -37.707  -32.939  50.516 0.0000000000
63593  -36.720  -30.837  48.265 0.0000000000
52844  -30.375  -39.430  50.527 0.0000000000
52802  -31.494  -39.677  52.318 0.0000000000
56621  -15.271  -36.216  50.414 0.0000000000
56600  -13.854  -36.429  51.114 0.0000000000
56573  -13.220  -35.819  51.949 0.0000000000
55304  -13.391  -37.150  50.702 0.0000000000
54012  -12.768  -38.745  51.082 0.0000000000
52832  -13.618  -39.181  50.884 0.0000000000
52765  -16.996  -39.896  53.222 0.0000000000
52764  -16.030  -39.945  53.284 0.0000000000
55381  -33.761  -37.041  47.702 0.0000000000
56683  -34.261  -36.515  47.413 0.0000000000
56702  -33.482  -36.647  46.431 0.0000000000
61136  -18.393  -32.471  47.276 0.0000000000
60030  -18.978  -33.429  47.008 0.0000000000
61155  -19.779  -32.390  46.652 0.0000000000
60051  -22.002  -33.088  46.278 0.0000000000
58963  -23.399  -34.308  45.837 0.0000000000
56693  -23.323  -36.344  46.250 0.0000000000
57922  -24.486  -35.216  45.613 0.0000000000
57899  -27.983  -35.711  46.521 0.0000000000
56696  -27.558  -36.410  45.921 0.0000000000
55420  -26.653  -37.220  45.826 0.0000000000
54119  -27.947  -38.068  46.754 0.0000000000
54101  -28.592  -38.463  47.463 0.0000000000
54121  -29.448  -37.855  46.794 0.0000000000
55401  -31.789  -37.110  46.658 0.0000000000
54104  -31.403  -37.881  47.911 0.0000000000
55379  -32.243  -37.472  47.357 0.0000000000
55343  -33.441  -38.133  49.503 0.0000000000
67442  -33.516  -28.046  38.082 0.0000000000
67426  -35.010  -28.654  39.092 0.0000000000
68587  -34.168  -27.236  37.718 0.0000000000
71013  -35.356  -24.691  36.606 0.0000000000
68603  -36.374  -26.316  37.294 0.0000000000
76584  -34.516  -19.727  36.924 0.0000000000
75471  -34.415  -20.523  36.632 0.0000000000
75483  -35.675  -20.340  35.768 0.0000000000
74366  -38.693  -21.146  35.027 0.0000000000
73291  -38.242  -21.931  35.523 0.0000000000
73282  -39.669  -22.578  36.082 0.0000000000
72175  -40.116  -23.065  36.457 0.0000000000
78706  -42.741  -17.500  31.681 0.0000000000
79789  -42.544  -16.653  31.022 0.0000000000
79800  -42.838  -16.005  30.583 0.0000000000
51590  -3.939  -40.045  55.117 0.0000000000
51589  -3.559  -40.742  55.774 0.0000000000
49157  -5.037  -42.670  55.150 0.0000000000
46772  -5.531  -44.717  57.672 0.0000000000
45507  -5.000  -45.391  59.478 0.0000000000
58967  -34.681  -34.482  46.155 0.0000000000
58953  -35.448  -34.271  47.162 0.0000000000
58986  -34.522  -33.979  45.465 0.0000000000
61198  -30.897  -32.204  43.772 0.0000000000
62428  -33.901  -31.710  44.020 0.0000000000
62441  -33.262  -31.291  43.603 0.0000000000
63630  -34.393  -30.082  44.706 0.0000000000
63653  -31.889  -30.710  43.652 0.0000000000
66118  -25.918  -28.420  45.487 0.0000000000
66180  -26.548  -28.891  41.925 0.0000000000
64989  -26.633  -29.605  42.443 0.0000000000
64991  -28.773  -29.916  42.275 0.0000000000
64963  -30.160  -29.672  43.723 0.0000000000
66143  -29.795  -29.221  43.180 0.0000000000
67304  -30.389  -28.796  43.709 0.0000000000
67331  -30.021  -28.716  42.980 0.0000000000
67405  -29.526  -27.611  40.298 0.0000000000
67383  -30.357  -28.080  41.122 0.0000000000
67406  -30.279  -27.857  40.327 0.0000000000
66185  -32.176  -28.549  41.433 0.0000000000
67407  -30.802  -28.109  40.200 0.0000000000
67425  -31.781  -28.413  39.122 0.0000000000
68571  -30.272  -27.117  39.153 0.0000000000
72129  -29.757  -23.688  39.324 0.0000000000
70990  -30.294  -24.644  38.527 0.0000000000
72130  -30.553  -23.243  39.102 0.0000000000
58906  -20.888  -35.919  48.282 0.0000000000
57809  -20.664  -36.911  49.774 0.0000000000
57810  -21.231  -36.985  49.767 0.0000000000
51626  -8.079  -40.136  53.302 0.0000000000
51607  -6.737  -40.438  53.675 0.0000000000
50454  -8.420  -41.545  54.386 0.0000000000
51640  -12.116  -40.623  52.687 0.0000000000
51639  -11.361  -40.562  52.865 0.0000000000
51613  -12.588  -41.119  54.633 0.0000000000
52766  -17.978  -40.057  53.204 0.0000000000
53967  -19.095  -39.148  53.781 0.0000000000
55289  -20.100  -38.171  52.842 0.0000000000
57772  -20.385  -37.745  52.955 0.0000000000
54019  -32.960  -38.982  51.208 0.0000000000
52803  -32.429  -39.323  52.152 0.0000000000
58892  -16.122  -34.198  50.280 0.0000000000
56637  -15.851  -36.700  49.412 0.0000000000
54047  -15.241  -38.428  49.509 0.0000000000
52834  -15.115  -39.517  50.262 0.0000000000
52835  -16.267  -39.903  50.190 0.0000000000
52815  -16.866  -40.005  51.200 0.0000000000
57903  -31.452  -35.610  46.578 0.0000000000
56701  -32.232  -36.339  46.177 0.0000000000
56681  -28.999  -35.988  46.897 0.0000000000
55376  -29.819  -37.676  46.804 0.0000000000
57902  -30.784  -35.860  46.854 0.0000000000
69812  -32.959  -25.511  37.020 0.0000000000
68601  -34.554  -26.356  37.369 0.0000000000
71011  -33.275  -24.501  37.023 0.0000000000
72156  -34.208  -23.708  36.602 0.0000000000
72170  -35.197  -23.191  36.323 0.0000000000
76605  -36.178  -19.295  35.475 0.0000000000
76606  -37.091  -19.274  34.814 0.0000000000
75501  -38.466  -20.250  34.460 0.0000000000
74380  -39.564  -20.823  34.762 0.0000000000
74382  -41.054  -21.191  35.047 0.0000000000
75512  -40.511  -19.948  33.980 0.0000000000
75513  -41.275  -19.805  33.910 0.0000000000
76632  -42.598  -19.220  33.661 0.0000000000
77710  -41.609  -17.960  32.775 0.0000000000
79774  -40.625  -16.340  31.745 0.0000000000
50408  -7.107  -42.647  55.576 0.0000000000
49158  -6.159  -42.882  55.215 0.0000000000
49146  -6.902  -43.158  56.347 0.0000000000
61180  -31.725  -33.036  45.254 0.0000000000
60087  -33.104  -33.436  44.460 0.0000000000
61179  -30.957  -32.675  45.519 0.0000000000
61189  -30.399  -32.406  44.694 0.0000000000
62426  -29.488  -32.132  44.474 0.0000000000
67276  -25.714  -27.255  45.210 0.0000000000
68510  -25.717  -26.525  43.281 0.0000000000
68509  -26.039  -27.247  42.441 0.0000000000
68540  -26.773  -27.684  41.215 0.0000000000
67381  -28.465  -28.200  41.021 0.0000000000
68541  -26.822  -26.916  40.848 0.0000000000
68554  -27.886  -26.658  40.248 0.0000000000
68555  -28.889  -26.633  39.799 0.0000000000
69784  -29.358  -25.604  39.091 0.0000000000
70968  -28.549  -24.737  39.752 0.0000000000
56662  -22.670  -37.085  48.251 0.0000000000
56623  -22.074  -37.743  50.120 0.0000000000
55326  -22.795  -38.421  49.687 0.0000000000
53982  -7.926  -38.449  53.013 0.0000000000
51627  -8.878  -40.367  53.322 0.0000000000
45571  -2.813  -45.180  56.842 0.0000000000
47897  -2.455  -43.653  57.754 0.0000000000
45547  -2.307  -45.453  57.570 0.0000000000
45526  -1.887  -45.673  58.285 0.0000000000
45525  -1.408  -45.699  58.903 0.0000000000
64914  -35.688  -29.022  47.923 0.0000000000
52863  -27.765  -39.353  49.841 0.0000000000
52841  -27.350  -39.690  50.686 0.0000000000
56572  -12.217  -36.144  52.096 0.0000000000
56571  -11.196  -36.804  52.102 0.0000000000
55287  -10.631  -37.796  51.875 0.0000000000
55301  -11.267  -38.224  51.569 0.0000000000
52811  -12.624  -39.712  51.709 0.0000000000
51641  -13.165  -40.503  52.704 0.0000000000
52813  -14.655  -39.979  51.328 0.0000000000
52762  -14.346  -40.481  53.579 0.0000000000
52737  -14.175  -40.374  54.503 0.0000000000
82057  -45.303  -14.632  29.271 0.0000000000
55329  -35.408  -37.048  50.378 0.0000000000
57818  -35.982  -35.917  49.790 0.0000000000
56668  -34.779  -36.303  48.164 0.0000000000
57886  -34.611  -35.775  47.064 0.0000000000
57926  -33.570  -35.013  45.481 0.0000000000
57904  -31.995  -35.101  45.936 0.0000000000
58966  -32.172  -34.281  45.529 0.0000000000
60072  -32.274  -33.671  44.907 0.0000000000
61162  -31.520  -32.610  46.514 0.0000000000
56676  -18.250  -36.565  47.699 0.0000000000
56660  -19.048  -36.722  48.163 0.0000000000
57875  -19.211  -35.239  47.585 0.0000000000
58923  -19.989  -35.111  47.745 0.0000000000
58925  -21.450  -35.507  47.838 0.0000000000
61157  -21.416  -32.099  46.472 0.0000000000
58961  -21.627  -33.730  46.389 0.0000000000
57876  -22.346  -35.799  47.283 0.0000000000
56679  -22.834  -36.542  47.177 0.0000000000
55374  -24.199  -37.978  47.576 0.0000000000
54098  -25.534  -38.485  47.572 0.0000000000
58965  -25.604  -34.391  46.374 0.0000000000
56716  -25.650  -36.333  45.604 0.0000000000
54117  -26.129  -38.323  46.885 0.0000000000
54078  -27.165  -38.826  48.482 0.0000000000
54079  -28.186  -38.703  48.295 0.0000000000
52881  -29.402  -38.930  49.059 0.0000000000
54059  -30.541  -38.993  49.757 0.0000000000
55377  -30.468  -37.676  47.045 0.0000000000
54082  -31.603  -38.170  48.616 0.0000000000
54061  -32.302  -38.392  49.611 0.0000000000
54062  -32.917  -38.562  50.007 0.0000000000
55328  -34.828  -37.557  50.087 0.0000000000
58922  -17.127  -34.526  48.178 0.0000000000
68589  -36.182  -27.004  37.817 0.0000000000
74342  -34.008  -21.334  36.815 0.0000000000
73277  -34.464  -22.320  36.497 0.0000000000
72171  -36.244  -23.364  36.455 0.0000000000
74364  -36.568  -20.949  35.468 0.0000000000
73280  -37.640  -22.398  35.879 0.0000000000
72172  -37.274  -23.214  36.424 0.0000000000
72160  -39.048  -23.990  36.873 0.0000000000
79790  -43.715  -17.170  30.841 0.0000000000
79801  -43.389  -16.321  30.448 0.0000000000
82049  -43.214  -14.426  30.276 0.0000000000
50407  -2.861  -41.564  56.961 0.0000000000
47927  -3.370  -43.436  56.197 0.0000000000
47911  -5.512  -44.036  56.050 0.0000000000
46811  -4.504  -44.459  55.936 0.0000000000
46788  -3.317  -44.369  56.295 0.0000000000
45549  -4.259  -45.732  57.490 0.0000000000
58913  -35.936  -35.067  48.861 0.0000000000
60021  -36.538  -33.781  48.367 0.0000000000
61130  -36.648  -32.610  48.062 0.0000000000
60073  -34.800  -33.005  45.180 0.0000000000
61182  -35.302  -32.257  45.542 0.0000000000
62383  -36.532  -31.665  47.642 0.0000000000
63623  -35.513  -30.397  45.903 0.0000000000
64946  -34.841  -29.404  45.978 0.0000000000
64945  -33.411  -29.046  45.677 0.0000000000
62424  -27.640  -31.387  45.225 0.0000000000
62435  -27.667  -31.719  44.207 0.0000000000
66128  -25.940  -28.758  44.452 0.0000000000
63649  -27.599  -31.066  43.139 0.0000000000
63651  -30.023  -30.835  43.369 0.0000000000
64976  -30.270  -30.269  43.663 0.0000000000
64965  -31.644  -29.347  44.659 0.0000000000
67382  -29.515  -28.212  41.180 0.0000000000
68528  -31.040  -28.093  42.638 0.0000000000
66210  -33.289  -29.039  40.509 0.0000000000
67441  -32.322  -28.276  38.346 0.0000000000
68598  -31.900  -26.592  37.513 0.0000000000
69796  -29.933  -25.841  38.677 0.0000000000
69797  -30.635  -25.732  38.184 0.0000000000
69811  -32.157  -25.633  37.421 0.0000000000
70992  -31.707  -24.231  37.982 0.0000000000
72132  -32.162  -22.610  38.924 0.0000000000
56622  -19.788  -37.207  49.933 0.0000000000
56605  -20.489  -37.301  51.380 0.0000000000
55291  -22.171  -38.348  52.065 0.0000000000
51605  -4.828  -40.285  54.425 0.0000000000
52736  -5.951  -39.221  53.861 0.0000000000
51606  -5.735  -40.385  54.038 0.0000000000
50452  -6.491  -41.474  54.276 0.0000000000
50409  -7.749  -42.424  55.927 0.0000000000
52784  -9.818  -39.263  52.626 0.0000000000
52761  -10.125  -39.939  53.102 0.0000000000
51611  -10.331  -41.515  54.558 0.0000000000
42113  -1.956  -48.101  59.932 0.0000000000
44277  -1.081  -46.512  58.955 0.0000000000
45505  -0.459  -45.396  59.648 0.0000000000
56614  -36.513  -36.280  50.801 0.0000000000
54051  -19.232  -38.645  49.790 0.0000000000
55339  -18.976  -38.169  48.653 0.0000000000
55311  -35.520  -37.351  50.922 0.0000000000
55372  -17.603  -37.087  47.879 0.0000000000
55371  -17.192  -36.887  48.007 0.0000000000
54073  -17.903  -38.946  48.570 0.0000000000
74333  -32.828  -21.724  38.207 0.0000000000
78672  -38.050  -17.330  33.721 0.0000000000
78673  -38.622  -17.639  33.157 0.0000000000
78689  -38.556  -16.993  33.160 0.0000000000
70926  -26.830  -24.428  41.867 0.0000000000
54054  -25.527  -39.230  49.193 0.0000000000
52860  -25.115  -39.610  49.925 0.0000000000
52861  -25.995  -39.596  49.888 0.0000000000
56540  -9.719  -36.423  53.149 0.0000000000
56569  -9.351  -37.025  52.662 0.0000000000
82051  -44.969  -15.167  29.597 0.0000000000
62338  -37.417  -31.554  49.731 0.0000000000
52845  -31.170  -39.440  50.746 0.0000000000
52825  -30.866  -39.729  51.448 0.0000000000
56620  -14.510  -36.585  50.588 0.0000000000
56619  -14.170  -36.826  50.613 0.0000000000
55320  -13.793  -37.733  50.363 0.0000000000
54028  -13.527  -38.604  50.628 0.0000000000
55380  -33.180  -37.313  47.387 0.0000000000
56682  -33.692  -36.925  47.198 0.0000000000
62373  -18.776  -31.971  47.176 0.0000000000
60070  -23.980  -33.828  45.820 0.0000000000
60052  -23.332  -32.979  46.382 0.0000000000
57921  -23.771  -35.027  45.681 0.0000000000
60071  -24.528  -34.097  45.807 0.0000000000
57900  -28.433  -35.775  46.641 0.0000000000
55397  -28.267  -37.238  46.414 0.0000000000
54120  -28.903  -37.999  46.726 0.0000000000
67455  -33.320  -27.154  37.499 0.0000000000
71014  -36.412  -24.562  36.692 0.0000000000
69816  -37.033  -25.667  37.169 0.0000000000
71015  -37.498  -24.751  36.884 0.0000000000
76585  -35.113  -18.885  37.179 0.0000000000
76592  -34.728  -19.995  36.405 0.0000000000
76593  -35.325  -19.480  36.149 0.0000000000
74367  -39.760  -21.421  35.285 0.0000000000
73292  -39.175  -21.940  35.635 0.0000000000
73293  -39.995  -22.050  35.721 0.0000000000
73283  -40.685  -22.590  36.141 0.0000000000
80948  -41.842  -15.438  31.055 0.0000000000
50450  -4.704  -41.022  54.806 0.0000000000
50431  -5.003  -41.775  54.857 0.0000000000
58985  -34.009  -34.452  45.086 0.0000000000
59003  -34.217  -33.997  44.968 0.0000000000
62427  -30.162  -32.046  43.936 0.0000000000
62440  -32.302  -31.419  43.487 0.0000000000
62439  -31.370  -31.460  43.503 0.0000000000
63654  -32.707  -30.628  43.563 0.0000000000
66181  -27.290  -28.914  41.475 0.0000000000
65006  -27.062  -29.556  41.765 0.0000000000
65008  -28.468  -29.481  41.793 0.0000000000
64992  -29.418  -29.563  42.740 0.0000000000
66158  -28.773  -29.403  41.890 0.0000000000
66159  -29.338  -29.165  42.249 0.0000000000
68556  -29.460  -27.108  39.764 0.0000000000
67423  -30.352  -27.570  39.610 0.0000000000
67424  -31.118  -28.125  39.549 0.0000000000
57853  -21.526  -36.202  48.384 0.0000000000
57829  -21.127  -36.461  48.921 0.0000000000
51609  -8.447  -40.887  53.623 0.0000000000
51608  -7.725  -40.817  53.653 0.0000000000
50435  -8.823  -42.126  55.485 0.0000000000
50455  -9.413  -41.833  54.831 0.0000000000
51631  -12.838  -40.982  53.604 0.0000000000
49133  -2.728  -42.466  57.393 0.0000000000
47898  -2.648  -43.122  57.461 0.0000000000
59994  -37.385  -33.695  50.556 0.0000000000
52767  -18.795  -39.569  53.078 0.0000000000
54015  -19.775  -38.581  51.360 0.0000000000
53998  -19.919  -38.796  52.399 0.0000000000
56549  -20.008  -38.087  53.361 0.0000000000
56578  -20.343  -37.665  52.292 0.0000000000
54020  -33.650  -38.786  51.406 0.0000000000
54002  -33.112  -39.012  51.987 0.0000000000
60003  -16.669  -33.311  49.730 0.0000000000
57826  -16.182  -35.156  49.502 0.0000000000
55354  -16.242  -37.524  48.790 0.0000000000
55338  -15.633  -37.588  49.249 0.0000000000
55323  -15.364  -36.966  49.726 0.0000000000
52855  -15.261  -39.075  49.762 0.0000000000
52856  -15.766  -39.291  49.486 0.0000000000
52816  -17.978  -40.201  51.145 0.0000000000
52791  -17.444  -40.085  52.214 0.0000000000
56698  -29.592  -36.386  46.751 0.0000000000
56700  -31.291  -36.442  46.536 0.0000000000
71010  -32.343  -24.502  37.476 0.0000000000
72168  -33.992  -23.327  36.652 0.0000000000
71031  -34.851  -23.900  36.425 0.0000000000
72169  -34.404  -23.214  36.491 0.0000000000
77669  -36.648  -18.363  35.285 0.0000000000
77677  -37.280  -18.452  34.453 0.0000000000
74379  -39.010  -20.635  34.619 0.0000000000
75502  -39.335  -20.261  34.292 0.0000000000
75503  -40.171  -20.486  34.385 0.0000000000
75511  -39.825  -19.986  34.041 0.0000000000
76630  -40.757  -19.266  33.527 0.0000000000
77691  -41.196  -18.580  33.121 0.0000000000
77709  -40.702  -17.930  32.735 0.0000000000
79773  -39.580  -16.316  32.400 0.0000000000
62399  -28.873  -31.514  46.676 0.0000000000
61177  -29.856  -32.092  45.575 0.0000000000
62414  -29.458  -31.935  45.722 0.0000000000
68524  -26.438  -27.423  41.690 0.0000000000
69783  -28.853  -25.525  39.504 0.0000000000
72108  -28.679  -23.515  40.293 0.0000000000
55341  -22.986  -38.220  49.059 0.0000000000
54052  -23.549  -38.497  49.077 0.0000000000
52819  -25.024  -40.021  51.269 0.0000000000
54017  -24.272  -39.683  51.442 0.0000000000
53994  -8.661  -38.425  52.680 0.0000000000
52759  -8.499  -39.370  52.993 0.0000000000
52760  -9.352  -39.766  53.036 0.0000000000
44312  -2.805  -46.059  57.325 0.0000000000
44292  -2.343  -46.306  57.979 0.0000000000
44291  -1.804  -46.679  58.577 0.0000000000
64915  -36.160  -29.469  48.249 0.0000000000
64906  -36.346  -29.337  48.948 0.0000000000
52842  -28.327  -39.648  50.585 0.0000000000
56599  -12.873  -36.556  51.216 0.0000000000
56597  -11.568  -37.288  51.579 0.0000000000
55288  -11.283  -37.584  51.644 0.0000000000
55302  -11.872  -37.911  51.313 0.0000000000
52812  -13.548  -39.598  51.358 0.0000000000
51648  -12.888  -40.130  52.150 0.0000000000
52789  -15.359  -40.218  52.309 0.0000000000
52739  -15.772  -39.950  54.294 0.0000000000
52763  -15.108  -40.230  53.393 0.0000000000
56630  -34.831  -36.895  49.318 0.0000000000
56648  -35.134  -36.346  48.906 0.0000000000
56647  -34.588  -36.746  48.626 0.0000000000
56703  -34.288  -36.014  46.468 0.0000000000
56721  -34.296  -35.547  46.084 0.0000000000
61141  -32.010  -32.922  47.085 0.0000000000
60054  -31.907  -33.383  46.161 0.0000000000
58943  -17.803  -34.512  47.556 0.0000000000
57874  -18.408  -35.372  47.564 0.0000000000
58944  -18.636  -34.419  47.253 0.0000000000
60031  -19.855  -33.662  46.918 0.0000000000
58945  -19.519  -34.370  47.260 0.0000000000
58946  -20.334  -34.315  47.326 0.0000000000
58924  -20.745  -35.051  47.838 0.0000000000
58947  -21.231  -34.364  46.958 0.0000000000
58962  -22.284  -34.292  46.181 0.0000000000
58948  -21.874  -35.176  46.979 0.0000000000
57877  -22.737  -35.881  46.581 0.0000000000
56694  -24.006  -36.472  45.873 0.0000000000
55393  -24.024  -37.179  46.417 0.0000000000
55375  -24.922  -38.245  47.375 0.0000000000
55394  -25.203  -37.922  46.597 0.0000000000
57898  -26.933  -35.508  46.201 0.0000000000
57879  -27.017  -34.862  47.506 0.0000000000
57897  -26.201  -34.787  46.852 0.0000000000
58950  -25.819  -34.080  47.301 0.0000000000
57923  -25.621  -35.196  45.713 0.0000000000
54118  -26.983  -38.127  46.854 0.0000000000
55395  -26.359  -37.782  46.282 0.0000000000
54099  -26.579  -38.534  47.607 0.0000000000
54080  -29.127  -38.690  48.391 0.0000000000
52865  -29.798  -39.174  49.675 0.0000000000
55399  -30.104  -37.125  46.585 0.0000000000
55359  -31.842  -37.765  47.916 0.0000000000
54060  -31.242  -38.680  49.584 0.0000000000
55342  -32.655  -38.103  49.123 0.0000000000
60016  -17.279  -33.094  47.993 0.0000000000
61125  -17.144  -32.750  48.427 0.0000000000
60028  -17.342  -33.788  47.865 0.0000000000
57873  -17.568  -35.502  47.742 0.0000000000
66211  -34.205  -29.040  40.509 0.0000000000
67427  -35.627  -28.479  39.478 0.0000000000
69813  -33.935  -25.451  37.118 0.0000000000
68602  -35.520  -26.355  37.309 0.0000000000
75464  -33.699  -20.886  38.147 0.0000000000
74349  -34.859  -21.371  36.349 0.0000000000
73278  -35.515  -22.332  36.222 0.0000000000
75484  -36.201  -20.229  35.509 0.0000000000
74352  -37.436  -21.862  35.615 0.0000000000
72173  -38.332  -23.275  36.325 0.0000000000
72161  -40.325  -23.790  36.976 0.0000000000
75487  -41.767  -21.051  34.875 0.0000000000
78675  -42.878  -18.195  32.808 0.0000000000
82048  -42.622  -14.803  30.539 0.0000000000
80956  -43.042  -15.460  30.347 0.0000000000
80957  -43.840  -15.598  30.029 0.0000000000
50429  -3.380  -41.798  55.971 0.0000000000
49145  -3.106  -42.589  56.539 0.0000000000
49155  -3.570  -42.801  55.976 0.0000000000
47912  -6.105  -43.554  56.198 0.0000000000
47930  -5.534  -43.434  55.566 0.0000000000
46790  -5.023  -44.827  56.479 0.0000000000
46789  -4.119  -44.878  56.120 0.0000000000
45573  -4.276  -45.376  56.714 0.0000000000
45548  -3.845  -45.688  56.960 0.0000000000
44279  -4.356  -46.095  59.182 0.0000000000
57838  -35.656  -35.811  49.213 0.0000000000
57839  -36.150  -35.419  49.461 0.0000000000
60020  -36.150  -34.016  48.004 0.0000000000
60037  -35.991  -33.719  47.622 0.0000000000
60038  -36.383  -33.106  47.717 0.0000000000
61143  -36.034  -32.893  47.171 0.0000000000
61191  -32.357  -32.889  44.231 0.0000000000
60088  -33.806  -33.303  44.462 0.0000000000
62429  -34.549  -31.286  44.469 0.0000000000
61181  -34.864  -32.354  45.048 0.0000000000
62416  -34.922  -31.663  44.999 0.0000000000
62382  -36.177  -32.025  46.924 0.0000000000
62404  -35.762  -31.553  46.156 0.0000000000
63606  -36.141  -30.948  46.915 0.0000000000
63632  -35.329  -30.661  45.434 0.0000000000
64967  -33.310  -30.061  43.991 0.0000000000
64957  -34.553  -29.826  45.068 0.0000000000
64956  -33.740  -29.643  44.841 0.0000000000
64953  -26.328  -29.600  45.707 0.0000000000
63629  -27.068  -30.618  45.779 0.0000000000
63638  -26.812  -30.831  44.485 0.0000000000
67302  -25.792  -27.916  43.976 0.0000000000
66129  -25.748  -27.902  44.700 0.0000000000
66142  -25.993  -28.545  43.575 0.0000000000
64990  -27.545  -30.199  42.236 0.0000000000
64973  -26.860  -30.261  42.906 0.0000000000
63650  -29.066  -31.090  42.772 0.0000000000
66130  -30.273  -29.369  43.758 0.0000000000
64964  -30.627  -29.736  43.971 0.0000000000
64955  -32.523  -29.131  45.299 0.0000000000
66132  -31.428  -29.042  44.966 0.0000000000
67332  -30.568  -28.492  43.403 0.0000000000
66183  -29.140  -28.660  41.596 0.0000000000
67358  -30.469  -28.262  41.979 0.0000000000
67385  -32.729  -28.485  41.809 0.0000000000
66186  -33.044  -28.653  41.475 0.0000000000
67453  -31.753  -27.417  37.864 0.0000000000
70989  -29.639  -24.922  38.807 0.0000000000
72146  -30.795  -24.068  38.526 0.0000000000
69798  -31.384  -25.722  37.723 0.0000000000
71009  -31.709  -24.956  37.696 0.0000000000
72131  -31.659  -22.810  38.952 0.0000000000
56639  -19.478  -36.983  48.970 0.0000000000
57827  -19.875  -36.634  49.293 0.0000000000
57792  -20.798  -37.216  50.582 0.0000000000
57791  -20.387  -37.151  50.550 0.0000000000
56579  -20.722  -37.439  52.279 0.0000000000
56580  -21.370  -37.687  52.488 0.0000000000
55292  -22.938  -38.641  51.630 0.0000000000
55307  -22.222  -38.372  50.976 0.0000000000
52821  -26.854  -40.029  51.530 0.0000000000
52734  -4.495  -39.401  54.714 0.0000000000
52735  -5.142  -39.374  54.287 0.0000000000
53980  -6.430  -38.365  53.616 0.0000000000
53966  -5.818  -38.005  54.165 0.0000000000
50433  -7.341  -42.164  54.878 0.0000000000
54010  -10.925  -38.831  51.783 0.0000000000
53996  -10.184  -38.646  52.151 0.0000000000
52785  -10.797  -39.783  52.398 0.0000000000
51629  -10.780  -40.767  53.460 0.0000000000
51628  -9.761  -40.616  53.531 0.0000000000
42112  -1.360  -48.385  59.703 0.0000000000
52837  -18.437  -39.762  50.087 0.0000000000
52817  -19.026  -39.699  51.165 0.0000000000
54031  -19.156  -39.161  50.214 0.0000000000
54032  -19.455  -38.499  50.426 0.0000000000
55324  -19.739  -37.840  50.688 0.0000000000
57850  -16.776  -35.595  48.504 0.0000000000
56658  -16.862  -36.560  48.279 0.0000000000
55355  -17.000  -37.461  48.256 0.0000000000
54071  -16.674  -38.013  48.641 0.0000000000
54049  -16.851  -38.835  48.946 0.0000000000
52879  -17.371  -39.085  48.882 0.0000000000
52858  -17.814  -39.537  49.194 0.0000000000
73265  -33.080  -22.518  37.129 0.0000000000
73266  -33.666  -22.063  36.868 0.0000000000
78671  -37.528  -17.756  34.247 0.0000000000
76627  -38.071  -18.783  33.536 0.0000000000
76628  -38.665  -18.981  33.548 0.0000000000
77689  -39.229  -18.270  33.217 0.0000000000
77708  -39.888  -17.867  32.809 0.0000000000
61160  -30.342  -32.034  46.365 0.0000000000
63620  -29.230  -31.361  47.497 0.0000000000
62398  -28.072  -31.227  46.530 0.0000000000
69747  -26.575  -25.515  41.330 0.0000000000
70946  -27.147  -24.661  41.014 0.0000000000
70947  -28.008  -24.283  40.394 0.0000000000
54075  -24.231  -38.478  48.447 0.0000000000
54053  -24.446  -39.099  49.435 0.0000000000
52820  -25.827  -40.211  51.416 0.0000000000
53995  -9.389  -38.468  52.406 0.0000000000
79802  -44.447  -16.855  30.230 0.0000000000
78718  -45.526  -17.427  30.723 0.0000000000
43143  -3.210  -46.803  58.292 0.0000000000
43162  -2.788  -46.638  57.873 0.0000000000
43123  -3.183  -47.068  59.171 0.0000000000
43122  -2.445  -47.569  59.462 0.0000000000
63581  -37.053  -30.721  49.163 0.0000000000
52824  -29.903  -39.789  51.471 0.0000000000
52801  -30.515  -39.872  52.415 0.0000000000
56601  -14.525  -35.852  51.228 0.0000000000
56574  -13.970  -35.608  51.963 0.0000000000
55303  -12.687  -37.603  50.881 0.0000000000
54027  -13.033  -38.215  50.752 0.0000000000
54013  -13.342  -39.067  50.958 0.0000000000
52790  -16.398  -39.973  52.243 0.0000000000
55362  -34.114  -36.934  48.214 0.0000000000
56667  -34.414  -36.611  48.114 0.0000000000
56719  -33.024  -35.730  45.691 0.0000000000
60048  -19.560  -33.022  46.741 0.0000000000
60049  -20.204  -33.070  46.583 0.0000000000
61158  -22.299  -32.325  46.619 0.0000000000
57896  -23.043  -35.299  45.965 0.0000000000
56714  -23.859  -35.760  45.746 0.0000000000
55417  -24.369  -36.751  45.827 0.0000000000
57880  -27.717  -35.315  47.273 0.0000000000
56695  -27.051  -36.061  45.810 0.0000000000
56717  -26.633  -36.441  45.680 0.0000000000
56718  -27.063  -36.926  45.748 0.0000000000
55396  -27.284  -37.456  46.163 0.0000000000
54102  -29.721  -38.276  47.388 0.0000000000
55378  -31.358  -37.581  47.319 0.0000000000
55360  -32.607  -37.810  48.402 0.0000000000
55361  -33.584  -37.478  48.351 0.0000000000
66243  -34.128  -28.671  38.887 0.0000000000
66244  -34.687  -28.676  38.982 0.0000000000
67443  -34.796  -28.146  38.516 0.0000000000
67444  -35.911  -27.762  38.528 0.0000000000
69815  -35.942  -25.566  36.879 0.0000000000
76572  -34.496  -19.643  37.897 0.0000000000
75472  -35.093  -20.486  36.155 0.0000000000
75486  -37.838  -20.630  34.843 0.0000000000
74365  -37.526  -21.344  35.290 0.0000000000
72174  -39.364  -23.196  36.479 0.0000000000
73267  -40.586  -23.187  36.558 0.0000000000
79775  -41.715  -16.952  31.642 0.0000000000
79776  -42.299  -17.254  31.623 0.0000000000
80955  -42.443  -15.507  30.678 0.0000000000
50430  -4.237  -41.558  55.254 0.0000000000
45527  -4.684  -45.656  58.410 0.0000000000
57887  -35.139  -35.166  47.326 0.0000000000
57906  -35.013  -34.662  46.706 0.0000000000
58968  -35.084  -34.031  46.481 0.0000000000
60074  -35.080  -33.323  45.994 0.0000000000
61199  -31.831  -32.235  43.660 0.0000000000
61200  -32.768  -32.111  43.673 0.0000000000
63631  -34.942  -30.497  45.041 0.0000000000
63642  -34.075  -30.618  44.215 0.0000000000
64978  -33.060  -30.286  43.656 0.0000000000
63641  -32.331  -30.202  43.811 0.0000000000
66117  -26.033  -29.225  45.140 0.0000000000
66157  -26.207  -28.743  42.783 0.0000000000
63661  -28.835  -30.541  42.464 0.0000000000
64974  -29.146  -30.402  42.612 0.0000000000
68526  -30.253  -28.500  42.728 0.0000000000
67384  -30.990  -28.109  40.962 0.0000000000
66161  -31.786  -28.332  41.777 0.0000000000
66208  -31.542  -28.405  40.587 0.0000000000
66230  -31.897  -28.524  39.868 0.0000000000
67439  -30.660  -27.456  39.103 0.0000000000
68585  -30.417  -26.718  38.690 0.0000000000
70970  -29.855  -24.160  38.974 0.0000000000
72147  -31.318  -23.721  38.478 0.0000000000
57852  -20.354  -35.707  48.222 0.0000000000
57828  -20.399  -36.430  48.939 0.0000000000
57793  -21.310  -37.389  50.538 0.0000000000
51625  -7.375  -40.013  53.378 0.0000000000
50434  -8.036  -42.047  55.188 0.0000000000
52786  -11.468  -40.287  52.420 0.0000000000
51630  -11.859  -40.922  53.643 0.0000000000
61105  -37.273  -32.643  49.790 0.0000000000
52741  -17.519  -39.712  54.136 0.0000000000
52742  -18.376  -39.575  54.013 0.0000000000
53968  -19.443  -38.689  54.388 0.0000000000
52793  -19.402  -39.427  52.240 0.0000000000
53984  -19.689  -38.692  53.389 0.0000000000
54018  -32.360  -39.170  51.211 0.0000000000
57807  -15.802  -35.011  50.259 0.0000000000
57806  -15.858  -35.770  49.914 0.0000000000
57789  -15.537  -35.381  50.616 0.0000000000
55322  -14.892  -36.942  50.010 0.0000000000
54046  -14.733  -37.825  49.745 0.0000000000
54029  -14.450  -38.492  50.080 0.0000000000
54030  -15.015  -38.900  49.906 0.0000000000
52857  -16.845  -39.318  49.290 0.0000000000
57885  -31.535  -34.673  47.232 0.0000000000
57881  -28.602  -35.624  47.090 0.0000000000
56680  -28.757  -35.881  46.776 0.0000000000
55398  -29.262  -37.227  46.571 0.0000000000
56699  -30.480  -36.484  46.669 0.0000000000
68600  -33.612  -26.382  37.282 0.0000000000
71012  -34.283  -24.496  36.733 0.0000000000
71032  -35.722  -23.945  36.497 0.0000000000
71033  -36.222  -23.955  36.551 0.0000000000
76594  -35.751  -19.041  35.876 0.0000000000
77668  -36.250  -18.727  35.530 0.0000000000
75500  -37.637  -19.958  34.622 0.0000000000
74381  -40.439  -21.007  34.951 0.0000000000
75504  -41.378  -20.673  34.523 0.0000000000
77692  -42.228  -18.467  33.138 0.0000000000
78692  -41.173  -17.381  32.217 0.0000000000
49171  -6.056  -42.098  54.555 0.0000000000
59001  -33.511  -33.747  44.607 0.0000000000
61190  -31.354  -32.699  44.430 0.0000000000
61178  -30.185  -32.164  45.832 0.0000000000
67303  -25.666  -27.183  44.266 0.0000000000
67330  -25.670  -27.349  43.679 0.0000000000
67356  -26.259  -28.045  42.231 0.0000000000
67379  -26.716  -28.196  41.533 0.0000000000
67380  -27.410  -28.107  41.069 0.0000000000
67403  -27.787  -27.546  40.592 0.0000000000
68570  -29.734  -26.677  39.255 0.0000000000
68569  -29.178  -26.126  39.384 0.0000000000
70948  -28.734  -23.955  39.880 0.0000000000
72109  -29.534  -23.032  40.015 0.0000000000
73219  -29.892  -22.053  40.723 0.0000000000
56661  -22.207  -36.593  48.511 0.0000000000
56640  -22.204  -37.087  49.201 0.0000000000
56624  -22.421  -38.038  49.815 0.0000000000
55308  -22.839  -38.668  50.612 0.0000000000
54033  -23.493  -38.933  50.037 0.0000000000
54016  -23.507  -39.142  51.078 0.0000000000
53981  -7.141  -38.466  53.241 0.0000000000
55264  -7.534  -37.641  53.378 0.0000000000
52758  -7.612  -39.305  53.148 0.0000000000
52716  -13.965  -40.298  55.456 0.0000000000
46787  -2.744  -44.339  56.844 0.0000000000
47909  -2.600  -44.019  57.180 0.0000000000
46771  -2.449  -44.564  57.344 0.0000000000
46760  -2.119  -44.640  58.208 0.0000000000
46759  -1.690  -45.038  58.743 0.0000000000
46739  -1.365  -44.793  59.299 0.0000000000
75457  -34.187  -20.587  38.667 0.0000000000
76573  -35.346  -19.102  38.266 0.0000000000
76586  -35.780  -18.456  37.784 0.0000000000
66094  -34.694  -28.763  47.240 0.0000000000
52862  -26.871  -39.383  49.957 0.0000000000
52822  -27.851  -39.836  51.568 0.0000000000
56542  -11.357  -35.811  53.213 0.0000000000
54011  -11.747  -39.005  51.515 0.0000000000
52810  -11.732  -39.987  51.946 0.0000000000
51647  -12.502  -40.253  52.171 0.0000000000
51632  -13.710  -40.818  53.651 0.0000000000
52833  -14.124  -39.305  50.698 0.0000000000
52788  -14.162  -40.334  52.429 0.0000000000
51642  -13.873  -40.662  53.054 0.0000000000
82056  -44.760  -14.169  29.514 0.0000000000
56613  -35.885  -36.769  50.579 0.0000000000
56632  -36.116  -36.249  50.207 0.0000000000
56631  -35.509  -36.606  49.805 0.0000000000
56684  -34.843  -35.891  47.645 0.0000000000
57905  -34.610  -35.254  46.488 0.0000000000
57927  -34.278  -34.985  45.724 0.0000000000
58984  -33.181  -34.240  44.945 0.0000000000
58951  -31.879  -33.872  46.924 0.0000000000
57925  -32.863  -34.868  45.558 0.0000000000
62401  -30.953  -32.040  47.178 0.0000000000
62402  -31.449  -32.362  47.316 0.0000000000
56659  -18.690  -37.229  47.998 0.0000000000
56677  -18.916  -35.973  47.858 0.0000000000
58907  -21.254  -36.080  48.301 0.0000000000
62375  -20.265  -31.229  47.191 0.0000000000
61156  -20.551  -32.346  46.487 0.0000000000
60050  -21.071  -33.197  46.493 0.0000000000
58926  -21.930  -35.591  47.575 0.0000000000
57854  -21.923  -36.112  48.052 0.0000000000
56678  -22.390  -36.396  47.873 0.0000000000
55357  -23.256  -38.028  48.344 0.0000000000
55392  -23.326  -36.892  46.755 0.0000000000
55373  -23.314  -37.349  47.368 0.0000000000
55358  -23.840  -38.212  48.213 0.0000000000
54097  -24.800  -38.400  47.880 0.0000000000
54077  -26.062  -38.820  48.418 0.0000000000
58964  -25.085  -34.082  45.995 0.0000000000
58982  -24.871  -34.611  45.714 0.0000000000
56715  -24.678  -36.131  45.587 0.0000000000
55419  -25.892  -37.222  45.784 0.0000000000
54056  -27.258  -39.137  49.304 0.0000000000
54057  -27.972  -38.956  49.071 0.0000000000
52864  -28.779  -39.148  49.564 0.0000000000
54058  -28.618  -38.804  48.879 0.0000000000
54035  -31.010  -39.084  50.216 0.0000000000
54103  -30.829  -38.099  47.799 0.0000000000
54036  -31.738  -38.906  50.501 0.0000000000
54037  -32.592  -38.806  50.501 0.0000000000
54038  -33.315  -38.687  50.533 0.0000000000
55327  -34.125  -38.345  50.747 0.0000000000
60015  -16.929  -33.425  48.592 0.0000000000
66234  -35.284  -28.758  40.077 0.0000000000
68588  -35.186  -27.167  37.848 0.0000000000
74341  -33.405  -21.509  37.594 0.0000000000
76604  -35.812  -19.827  35.694 0.0000000000
74363  -36.067  -20.710  35.643 0.0000000000
74351  -36.919  -21.732  35.687 0.0000000000
73279  -36.572  -22.390  36.119 0.0000000000
79791  -44.323  -17.383  30.811 0.0000000000
83111  -43.653  -13.480  30.207 0.0000000000
47929  -4.729  -43.782  55.657 0.0000000000
46810  -4.033  -44.180  55.848 0.0000000000
46809  -3.637  -43.883  55.956 0.0000000000
45572  -3.565  -45.331  56.588 0.0000000000
44334  -3.523  -45.718  56.912 0.0000000000
44293  -3.616  -46.379  58.008 0.0000000000
44294  -4.108  -46.111  58.275 0.0000000000
44278  -3.751  -46.568  58.838 0.0000000000
57819  -36.597  -35.597  50.072 0.0000000000
58933  -35.864  -34.525  48.038 0.0000000000
58934  -36.267  -34.540  48.629 0.0000000000
61120  -36.847  -32.721  48.880 0.0000000000
60089  -34.321  -33.484  44.815 0.0000000000
61193  -34.416  -32.457  44.518 0.0000000000
61164  -35.708  -32.605  46.400 0.0000000000
61144  -36.394  -32.459  47.494 0.0000000000
62365  -36.777  -31.902  48.379 0.0000000000
63607  -36.463  -30.939  47.581 0.0000000000
63592  -36.330  -30.372  47.542 0.0000000000
63622  -35.191  -30.035  45.578 0.0000000000
64947  -35.429  -29.851  46.212 0.0000000000
64930  -35.838  -29.843  46.818 0.0000000000
64929  -35.463  -29.128  47.372 0.0000000000
66111  -34.336  -28.774  46.668 0.0000000000
62397  -27.798  -31.102  46.419 0.0000000000
64942  -27.168  -29.987  47.003 0.0000000000
63618  -27.635  -30.830  46.560 0.0000000000
62412  -27.691  -31.222  46.094 0.0000000000
62425  -28.514  -31.880  44.854 0.0000000000
62437  -29.650  -31.694  43.503 0.0000000000
64961  -26.230  -29.762  44.731 0.0000000000
64972  -26.306  -29.553  43.546 0.0000000000
63648  -26.712  -30.453  43.585 0.0000000000
63637  -26.428  -30.184  44.072 0.0000000000
62436  -28.602  -31.938  43.642 0.0000000000
63652  -30.933  -30.554  43.742 0.0000000000
63640  -31.750  -30.043  44.025 0.0000000000
63639  -31.206  -29.934  44.160 0.0000000000
64944  -32.871  -28.927  45.653 0.0000000000
66110  -33.790  -28.675  46.347 0.0000000000
66119  -31.360  -28.533  44.992 0.0000000000
67357  -29.924  -28.572  42.190 0.0000000000
68527  -30.503  -28.295  42.663 0.0000000000
66231  -32.622  -28.870  39.505 0.0000000000
66242  -33.253  -28.796  38.758 0.0000000000
67454  -32.562  -27.419  37.601 0.0000000000
68584  -30.009  -26.421  38.864 0.0000000000
68586  -31.141  -26.682  37.985 0.0000000000
72148  -32.162  -23.291  38.283 0.0000000000
73257  -32.495  -22.174  38.799 0.0000000000
56638  -19.044  -37.527  48.487 0.0000000000
57808  -20.193  -36.917  49.940 0.0000000000
56604  -20.101  -37.306  50.981 0.0000000000
57811  -21.684  -37.233  49.819 0.0000000000
57794  -21.640  -37.565  50.415 0.0000000000
56581  -21.707  -38.005  52.118 0.0000000000
55272  -22.901  -38.688  52.694 0.0000000000
55271  -22.240  -38.417  53.117 0.0000000000
55290  -21.810  -38.115  52.651 0.0000000000
55270  -21.741  -38.022  53.431 0.0000000000
52840  -26.419  -39.869  50.657 0.0000000000
50451  -5.470  -41.343  54.461 0.0000000000
52715  -5.321  -38.501  54.385 0.0000000000
50432  -6.660  -42.302  54.792 0.0000000000
55286  -9.746  -37.729  52.229 0.0000000000
51594  -13.295  -40.886  55.590 0.0000000000
51593  -12.395  -41.242  55.733 0.0000000000
50456  -10.003  -41.978  55.111 0.0000000000
80965  -45.396  -15.652  29.486 0.0000000000
42114  -2.303  -47.822  60.139 0.0000000000
42095  -1.732  -48.447  60.664 0.0000000000
43121  -1.607  -47.650  59.035 0.0000000000
45506  -0.834  -45.323  59.566 0.0000000000
42111  -0.714  -48.595  59.456 0.0000000000
43119  -0.369  -47.341  58.867 0.0000000000
44276  -0.479  -46.028  59.120 0.0000000000
44260  -0.273  -45.388  59.676 0.0000000000
44313  -3.531  -46.030  57.333 0.0000000000
44314  -3.871  -46.067  57.770 0.0000000000
44333  -3.205  -45.731  56.901 0.0000000000
45574  -4.672  -45.375  57.020 0.0000000000
47928  -3.905  -43.481  55.772 0.0000000000
49132  -2.606  -42.865  57.874 0.0000000000
52794  -19.837  -39.063  51.871 0.0000000000
52838  -24.737  -39.770  50.608 0.0000000000
52878  -17.078  -38.938  48.944 0.0000000000
52880  -28.986  -38.800  49.000 0.0000000000
53983  -19.457  -39.165  52.950 0.0000000000
53997  -19.650  -39.157  52.562 0.0000000000
54014  -19.451  -39.042  50.923 0.0000000000
54034  -24.155  -39.366  50.447 0.0000000000
55263  -6.901  -37.770  53.609 0.0000000000
55305  -13.927  -37.054  50.572 0.0000000000
55319  -13.260  -37.860  50.591 0.0000000000
55325  -22.388  -38.277  50.230 0.0000000000
55336  -14.768  -37.376  49.845 0.0000000000
55337  -15.095  -37.493  49.601 0.0000000000
56568  -8.837  -37.148  52.796 0.0000000000
56607  -21.622  -37.853  51.259 0.0000000000
56641  -22.562  -37.807  49.196 0.0000000000
56657  -16.387  -36.764  48.671 0.0000000000
57755  -20.474  -37.751  53.456 0.0000000000
57849  -16.591  -36.250  48.637 0.0000000000
58981  -24.168  -34.513  45.681 0.0000000000
58983  -25.322  -34.563  45.891 0.0000000000
58987  -34.770  -33.937  46.049 0.0000000000
59980  -37.456  -33.892  51.095 0.0000000000
61137  -19.109  -32.492  46.925 0.0000000000
61188  -29.860  -32.235  45.249 0.0000000000
61201  -33.356  -31.939  43.788 0.0000000000
62394  -20.117  -31.796  46.701 0.0000000000
63643  -34.575  -30.785  44.520 0.0000000000
63655  -33.324  -30.549  43.707 0.0000000000
64952  -26.182  -29.535  45.207 0.0000000000
64954  -31.924  -29.093  45.214 0.0000000000
64975  -29.693  -29.981  43.276 0.0000000000
64977  -32.795  -30.099  43.770 0.0000000000
65007  -27.912  -29.553  41.739 0.0000000000
66160  -31.576  -28.221  41.750 0.0000000000
66184  -31.571  -28.285  41.437 0.0000000000
66233  -34.730  -28.874  39.639 0.0000000000
68511  -30.444  -28.389  43.033 0.0000000000
72157  -36.474  -23.957  36.574 0.0000000000
73290  -37.702  -21.909  35.565 0.0000000000
76617  -39.439  -19.817  33.993 0.0000000000
77655  -35.646  -18.938  36.096 0.0000000000
77687  -37.746  -18.327  33.785 0.0000000000
