#!ascii label  , from subject sub.01.dh.02t2 vox2ras=TkReg
1593
67363  -34.825  -28.445  42.275 0.0000000000
78625  -49.818  -17.973  38.010 0.0000000000
70972  -42.381  -24.524  39.743 0.0000000000
50310  -9.365  -42.358  60.373 0.0000000000
66093  -34.002  -28.428  47.140 0.0000000000
51490  -23.887  -40.696  61.019 0.0000000000
53862  -32.915  -39.522  61.699 0.0000000000
57708  -39.734  -34.993  56.293 0.0000000000
64871  -39.698  -29.857  54.260 0.0000000000
52701  -17.629  -39.422  55.617 0.0000000000
55103  -20.765  -38.220  61.759 0.0000000000
55246  -21.217  -37.608  54.807 0.0000000000
52704  -30.582  -40.696  56.107 0.0000000000
53922  -35.552  -39.409  57.026 0.0000000000
70787  -36.399  -25.349  50.175 0.0000000000
69666  -39.563  -26.018  47.721 0.0000000000
75450  -45.848  -21.172  39.692 0.0000000000
68542  -38.796  -26.766  40.863 0.0000000000
79761  -46.238  -17.572  32.914 0.0000000000
47844  -6.089  -43.989  61.388 0.0000000000
68380  -35.662  -26.425  52.385 0.0000000000
68498  -32.811  -27.598  44.610 0.0000000000
51615  -24.574  -41.155  54.884 0.0000000000
50279  -28.752  -41.645  62.171 0.0000000000
70865  -41.971  -24.658  45.192 0.0000000000
80960  -54.053  -15.265  31.085 0.0000000000
56532  -37.784  -36.320  54.268 0.0000000000
59956  -38.256  -33.756  52.758 0.0000000000
55245  -19.861  -38.269  55.011 0.0000000000
52751  -33.159  -39.349  54.046 0.0000000000
55255  -35.908  -38.173  54.081 0.0000000000
55207  -37.909  -38.186  56.839 0.0000000000
68465  -35.652  -26.751  46.401 0.0000000000
69648  -38.312  -26.071  48.676 0.0000000000
68485  -37.042  -27.383  45.679 0.0000000000
76566  -47.785  -20.262  39.107 0.0000000000
77588  -46.856  -18.807  42.405 0.0000000000
79712  -51.535  -16.031  38.099 0.0000000000
50386  -7.935  -42.508  57.076 0.0000000000
49084  -7.443  -43.210  60.623 0.0000000000
66051  -37.822  -28.694  50.807 0.0000000000
67171  -38.298  -27.172  53.182 0.0000000000
67211  -34.567  -27.694  49.682 0.0000000000
69628  -33.593  -26.479  49.256 0.0000000000
67234  -33.120  -27.743  47.002 0.0000000000
52626  -22.212  -39.989  60.540 0.0000000000
51441  -21.649  -40.501  63.747 0.0000000000
49041  -23.145  -42.764  63.843 0.0000000000
47837  -25.656  -43.000  62.745 0.0000000000
55292  -22.938  -38.641  51.630 0.0000000000
52819  -25.024  -40.021  51.269 0.0000000000
51550  -32.086  -40.991  58.755 0.0000000000
50380  -29.744  -42.047  58.943 0.0000000000
52632  -31.012  -40.308  62.583 0.0000000000
50221  -29.997  -41.048  65.248 0.0000000000
52683  -13.544  -40.302  57.564 0.0000000000
55096  -14.414  -38.233  60.880 0.0000000000
56344  -14.048  -37.106  64.115 0.0000000000
68559  -40.208  -25.909  40.248 0.0000000000
69720  -40.278  -25.290  43.760 0.0000000000
72074  -41.160  -23.715  42.200 0.0000000000
80971  -56.410  -15.821  29.587 0.0000000000
51407  -9.336  -41.332  64.451 0.0000000000
59865  -39.498  -33.495  58.820 0.0000000000
62255  -40.135  -31.561  57.733 0.0000000000
61041  -39.673  -32.623  55.070 0.0000000000
63555  -38.352  -30.701  51.191 0.0000000000
55156  -17.301  -38.522  58.466 0.0000000000
55101  -19.135  -37.319  61.811 0.0000000000
55176  -19.423  -38.136  57.804 0.0000000000
56440  -20.960  -37.559  57.866 0.0000000000
55161  -22.836  -38.678  58.558 0.0000000000
52799  -28.419  -39.905  52.508 0.0000000000
52775  -31.219  -39.817  53.332 0.0000000000
52706  -32.704  -40.380  56.153 0.0000000000
52664  -34.045  -39.777  59.172 0.0000000000
55145  -36.080  -37.859  59.363 0.0000000000
56430  -38.141  -36.198  59.589 0.0000000000
52718  -15.527  -39.824  55.213 0.0000000000
70733  -36.951  -24.477  53.648 0.0000000000
73001  -39.676  -22.618  55.808 0.0000000000
70747  -38.799  -24.102  52.314 0.0000000000
71987  -40.220  -23.945  50.422 0.0000000000
73249  -44.601  -23.066  39.627 0.0000000000
74273  -42.309  -21.587  42.657 0.0000000000
76516  -44.559  -19.511  42.641 0.0000000000
43051  -3.167  -47.419  64.347 0.0000000000
67365  -36.764  -27.983  42.269 0.0000000000
68591  -38.004  -26.598  38.078 0.0000000000
72162  -41.525  -23.930  37.420 0.0000000000
73286  -43.802  -22.721  36.385 0.0000000000
75474  -45.432  -21.237  35.755 0.0000000000
76609  -46.933  -19.360  35.504 0.0000000000
79737  -48.055  -17.183  35.082 0.0000000000
77695  -44.985  -18.610  33.654 0.0000000000
49017  -6.837  -42.875  64.588 0.0000000000
49015  -5.390  -43.864  64.487 0.0000000000
46638  -3.833  -45.595  64.891 0.0000000000
69505  -39.509  -25.746  58.809 0.0000000000
66007  -40.112  -28.212  56.917 0.0000000000
68324  -39.111  -26.376  56.392 0.0000000000
69537  -37.912  -25.009  55.733 0.0000000000
70743  -35.468  -25.546  51.433 0.0000000000
69660  -34.212  -25.918  47.631 0.0000000000
67308  -34.084  -27.704  43.938 0.0000000000
53795  -20.280  -38.394  64.489 0.0000000000
53970  -22.792  -39.029  54.573 0.0000000000
52675  -24.592  -40.026  58.498 0.0000000000
51598  -27.641  -41.538  55.480 0.0000000000
50377  -27.077  -42.388  58.598 0.0000000000
52630  -26.223  -40.479  61.531 0.0000000000
50236  -27.357  -41.637  64.192 0.0000000000
50388  -9.434  -42.136  57.567 0.0000000000
51573  -11.597  -41.485  57.399 0.0000000000
51504  -11.409  -40.804  60.869 0.0000000000
67314  -39.292  -26.985  44.014 0.0000000000
69688  -41.255  -25.457  46.397 0.0000000000
70817  -44.182  -24.039  48.051 0.0000000000
72053  -43.252  -23.270  44.204 0.0000000000
80900  -49.593  -15.587  35.083 0.0000000000
82003  -50.641  -14.619  34.413 0.0000000000
83091  -52.653  -14.354  33.888 0.0000000000
80949  -52.053  -15.660  32.473 0.0000000000
80943  -55.743  -14.993  33.286 0.0000000000
56561  -36.845  -36.453  52.880 0.0000000000
57781  -37.291  -35.342  52.113 0.0000000000
57801  -36.971  -35.449  51.045 0.0000000000
55294  -35.032  -38.363  52.444 0.0000000000
55278  -36.167  -37.637  53.105 0.0000000000
55279  -36.751  -37.077  53.562 0.0000000000
67281  -35.505  -27.614  44.908 0.0000000000
68484  -36.060  -27.273  45.725 0.0000000000
67310  -35.924  -28.047  44.112 0.0000000000
77636  -48.928  -19.054  38.504 0.0000000000
77613  -48.529  -18.807  40.466 0.0000000000
77623  -49.368  -18.358  39.748 0.0000000000
78604  -50.852  -17.240  40.359 0.0000000000
78626  -50.416  -17.344  38.251 0.0000000000
50336  -8.371  -42.498  58.865 0.0000000000
49120  -7.808  -42.682  58.415 0.0000000000
50309  -8.512  -42.579  59.938 0.0000000000
66068  -35.437  -28.497  49.064 0.0000000000
67202  -36.156  -27.775  50.258 0.0000000000
66067  -34.784  -28.178  48.939 0.0000000000
67219  -33.737  -27.683  48.356 0.0000000000
66092  -33.332  -28.188  46.860 0.0000000000
55059  -16.743  -37.313  63.055 0.0000000000
51489  -23.018  -41.103  60.573 0.0000000000
50274  -22.627  -41.631  62.411 0.0000000000
50275  -23.626  -41.770  61.859 0.0000000000
47835  -24.392  -43.545  62.948 0.0000000000
50276  -25.122  -41.650  62.323 0.0000000000
52650  -33.018  -40.018  60.578 0.0000000000
51515  -31.526  -40.600  60.957 0.0000000000
52633  -31.778  -39.976  62.269 0.0000000000
52597  -31.888  -39.701  63.661 0.0000000000
55133  -15.652  -38.554  59.170 0.0000000000
55097  -15.495  -37.875  61.000 0.0000000000
55058  -15.847  -37.519  62.946 0.0000000000
71838  -40.161  -24.179  58.590 0.0000000000
69787  -41.148  -25.444  39.924 0.0000000000
70949  -40.987  -24.647  41.441 0.0000000000
72091  -41.778  -23.543  41.582 0.0000000000
58791  -39.672  -34.560  57.787 0.0000000000
59897  -39.942  -33.386  56.797 0.0000000000
59913  -39.819  -33.477  55.782 0.0000000000
61078  -38.533  -32.187  52.240 0.0000000000
62339  -37.850  -31.492  50.372 0.0000000000
63568  -37.584  -30.593  49.867 0.0000000000
53917  -17.612  -38.937  57.001 0.0000000000
55157  -18.405  -38.374  58.405 0.0000000000
53918  -18.485  -38.627  57.234 0.0000000000
56522  -20.443  -37.831  54.409 0.0000000000
56477  -20.624  -37.580  56.617 0.0000000000
55198  -21.215  -37.561  56.442 0.0000000000
55160  -22.172  -38.328  58.287 0.0000000000
55199  -21.742  -37.915  56.422 0.0000000000
52824  -29.903  -39.789  51.471 0.0000000000
52729  -34.837  -39.737  55.389 0.0000000000
52727  -32.896  -39.803  55.176 0.0000000000
52707  -33.762  -40.109  56.120 0.0000000000
52690  -33.543  -40.382  57.313 0.0000000000
53905  -35.129  -39.333  58.189 0.0000000000
55144  -35.380  -38.458  59.384 0.0000000000
53906  -35.946  -38.809  58.238 0.0000000000
56485  -38.970  -36.545  56.738 0.0000000000
55187  -38.152  -37.451  57.899 0.0000000000
56468  -38.708  -36.399  57.943 0.0000000000
58762  -38.972  -34.527  59.274 0.0000000000
52719  -16.356  -39.614  55.172 0.0000000000
70765  -36.724  -24.829  51.298 0.0000000000
71939  -37.942  -24.050  53.203 0.0000000000
70766  -37.892  -24.697  51.574 0.0000000000
69649  -39.159  -25.828  48.394 0.0000000000
70799  -39.786  -24.508  49.702 0.0000000000
70800  -40.517  -24.274  49.251 0.0000000000
71988  -40.867  -23.859  49.830 0.0000000000
70814  -40.665  -24.736  48.440 0.0000000000
74328  -45.187  -22.462  39.525 0.0000000000
75432  -44.460  -20.756  40.918 0.0000000000
76548  -45.137  -20.120  40.868 0.0000000000
76503  -47.460  -19.200  43.533 0.0000000000
73269  -42.345  -23.376  37.089 0.0000000000
74354  -42.266  -22.078  35.873 0.0000000000
75489  -43.276  -21.120  34.754 0.0000000000
75507  -44.431  -19.976  34.552 0.0000000000
75491  -45.790  -20.509  35.299 0.0000000000
76622  -45.476  -19.368  34.465 0.0000000000
77670  -46.145  -18.681  34.731 0.0000000000
47867  -6.282  -44.067  59.102 0.0000000000
46724  -5.359  -45.047  61.038 0.0000000000
51374  -8.950  -41.316  66.104 0.0000000000
50229  -8.036  -42.163  64.654 0.0000000000
51372  -7.734  -42.121  66.452 0.0000000000
50203  -5.901  -42.838  66.757 0.0000000000
48989  -5.062  -43.557  66.348 0.0000000000
47799  -4.494  -44.583  65.153 0.0000000000
46617  -4.694  -44.409  66.306 0.0000000000
45388  -4.476  -45.151  66.122 0.0000000000
63502  -39.938  -30.743  55.731 0.0000000000
63480  -40.183  -30.451  57.974 0.0000000000
66023  -39.868  -29.149  54.845 0.0000000000
67170  -36.924  -26.605  53.329 0.0000000000
67161  -38.942  -26.923  54.485 0.0000000000
67159  -37.347  -26.295  53.911 0.0000000000
68339  -38.016  -25.902  55.032 0.0000000000
68353  -36.325  -25.868  53.568 0.0000000000
69580  -35.749  -25.573  52.999 0.0000000000
69579  -35.423  -25.804  52.463 0.0000000000
68440  -33.456  -26.921  47.184 0.0000000000
69643  -33.982  -25.886  48.436 0.0000000000
69682  -33.885  -26.293  46.934 0.0000000000
68482  -34.215  -27.146  45.620 0.0000000000
56386  -20.158  -37.158  61.566 0.0000000000
56362  -20.049  -37.467  63.241 0.0000000000
53807  -20.539  -38.531  63.544 0.0000000000
52769  -24.220  -40.054  53.441 0.0000000000
55272  -22.901  -38.688  52.694 0.0000000000
52722  -23.575  -40.142  55.668 0.0000000000
52687  -23.978  -39.773  57.325 0.0000000000
51561  -24.584  -40.884  57.294 0.0000000000
52747  -28.813  -40.618  54.323 0.0000000000
52746  -27.785  -40.841  53.909 0.0000000000
51599  -28.802  -41.112  55.584 0.0000000000
50325  -29.472  -42.152  60.604 0.0000000000
50378  -28.071  -42.513  58.632 0.0000000000
49077  -27.878  -42.262  61.046 0.0000000000
51512  -26.370  -41.007  60.631 0.0000000000
52613  -27.118  -40.771  62.573 0.0000000000
51417  -26.504  -40.744  63.559 0.0000000000
52570  -27.635  -41.022  63.821 0.0000000000
56376  -36.240  -37.301  62.332 0.0000000000
51558  -12.405  -41.114  58.053 0.0000000000
51545  -12.093  -41.087  59.039 0.0000000000
51544  -11.377  -41.238  59.150 0.0000000000
56321  -13.938  -36.017  66.331 0.0000000000
67390  -38.037  -27.433  41.127 0.0000000000
67340  -38.346  -27.360  43.212 0.0000000000
68514  -38.897  -26.817  43.020 0.0000000000
70880  -40.854  -25.033  44.178 0.0000000000
69707  -40.451  -25.918  44.798 0.0000000000
70864  -41.530  -24.954  45.098 0.0000000000
70833  -42.600  -24.577  47.172 0.0000000000
70852  -43.155  -24.737  46.268 0.0000000000
75382  -42.782  -20.816  43.731 0.0000000000
74250  -42.359  -21.769  43.830 0.0000000000
73176  -43.519  -22.643  44.075 0.0000000000
78662  -47.398  -17.128  34.766 0.0000000000
79738  -48.952  -16.620  35.134 0.0000000000
80909  -47.524  -16.494  34.050 0.0000000000
82015  -49.329  -15.196  33.779 0.0000000000
82016  -49.759  -15.005  33.650 0.0000000000
83073  -52.096  -14.422  34.350 0.0000000000
82018  -51.138  -14.975  33.531 0.0000000000
79810  -53.264  -16.067  30.752 0.0000000000
79796  -52.080  -16.163  31.716 0.0000000000
80959  -53.354  -15.507  31.464 0.0000000000
82034  -53.711  -14.346  32.725 0.0000000000
82044  -55.061  -14.414  31.572 0.0000000000
82046  -56.062  -14.798  31.487 0.0000000000
78724  -56.672  -17.286  31.117 0.0000000000
57745  -38.642  -35.801  54.637 0.0000000000
58838  -39.151  -34.775  54.263 0.0000000000
58854  -38.544  -34.559  53.360 0.0000000000
58886  -37.534  -34.256  51.770 0.0000000000
53951  -18.770  -39.172  54.789 0.0000000000
53988  -33.941  -38.933  53.008 0.0000000000
53974  -34.923  -38.945  54.029 0.0000000000
53958  -35.888  -38.937  55.238 0.0000000000
53940  -36.269  -39.055  56.207 0.0000000000
53959  -36.776  -38.468  55.412 0.0000000000
55257  -37.740  -37.102  54.808 0.0000000000
69662  -35.843  -25.963  47.656 0.0000000000
69633  -36.887  -25.736  49.095 0.0000000000
69663  -36.777  -26.250  47.575 0.0000000000
68442  -37.359  -26.652  47.098 0.0000000000
68468  -38.882  -26.817  46.367 0.0000000000
75452  -47.203  -20.845  38.979 0.0000000000
76534  -46.378  -19.715  41.147 0.0000000000
76551  -47.847  -19.386  40.215 0.0000000000
77589  -47.895  -18.715  42.400 0.0000000000
81964  -52.263  -15.116  38.132 0.0000000000
47886  -6.757  -43.524  58.397 0.0000000000
47857  -6.975  -43.388  60.447 0.0000000000
66043  -38.682  -28.892  52.078 0.0000000000
66032  -38.879  -28.295  52.905 0.0000000000
66042  -38.038  -28.105  51.591 0.0000000000
67191  -36.320  -27.271  51.165 0.0000000000
67190  -35.252  -26.902  51.435 0.0000000000
68387  -34.819  -26.450  51.091 0.0000000000
67210  -33.954  -27.256  49.458 0.0000000000
68439  -33.432  -27.180  47.524 0.0000000000
68480  -32.322  -27.475  45.458 0.0000000000
53841  -21.501  -38.879  61.042 0.0000000000
52609  -21.245  -39.580  62.620 0.0000000000
51487  -21.512  -40.152  62.181 0.0000000000
50254  -22.597  -41.809  63.588 0.0000000000
46686  -25.069  -44.667  64.043 0.0000000000
54000  -24.187  -39.781  52.142 0.0000000000
52770  -25.528  -40.929  53.234 0.0000000000
51565  -31.400  -41.289  57.682 0.0000000000
51564  -30.170  -41.623  57.974 0.0000000000
51549  -31.253  -41.340  58.913 0.0000000000
51533  -30.577  -41.580  60.135 0.0000000000
51493  -29.976  -41.342  62.267 0.0000000000
52595  -29.018  -41.204  63.935 0.0000000000
51448  -30.496  -40.560  63.745 0.0000000000
52697  -14.544  -39.919  56.296 0.0000000000
52684  -14.417  -39.845  57.363 0.0000000000
53840  -13.779  -38.663  60.816 0.0000000000
55074  -12.970  -38.285  62.377 0.0000000000
56355  -14.511  -37.421  63.409 0.0000000000
68558  -39.695  -26.177  40.484 0.0000000000
68530  -39.284  -26.293  42.565 0.0000000000
69748  -39.835  -25.535  41.994 0.0000000000
70913  -40.735  -24.233  42.528 0.0000000000
70899  -41.427  -23.704  43.444 0.0000000000
78697  -46.019  -17.621  32.068 0.0000000000
79762  -47.275  -16.938  33.439 0.0000000000
78710  -46.322  -17.521  31.664 0.0000000000
79824  -54.130  -16.395  29.624 0.0000000000
80969  -55.354  -15.130  30.098 0.0000000000
79825  -55.197  -15.710  29.509 0.0000000000
79838  -55.751  -16.143  28.698 0.0000000000
51454  -10.382  -41.106  62.022 0.0000000000
50268  -9.076  -42.009  62.359 0.0000000000
60985  -39.719  -32.350  59.338 0.0000000000
60986  -39.672  -32.680  58.670 0.0000000000
62265  -40.047  -31.601  56.489 0.0000000000
62284  -39.509  -31.618  54.477 0.0000000000
59942  -39.439  -33.141  54.429 0.0000000000
62297  -38.892  -31.552  53.319 0.0000000000
63544  -38.892  -30.677  52.636 0.0000000000
64892  -38.341  -29.634  51.219 0.0000000000
64907  -36.844  -29.600  49.343 0.0000000000
55117  -17.458  -38.070  60.479 0.0000000000
55100  -18.372  -37.502  61.653 0.0000000000
55118  -18.348  -37.736  60.705 0.0000000000
55137  -19.155  -37.661  59.977 0.0000000000
56403  -20.314  -37.359  60.596 0.0000000000
55197  -19.673  -38.174  56.777 0.0000000000
56439  -20.441  -37.668  58.537 0.0000000000
56404  -20.755  -37.725  59.764 0.0000000000
53858  -21.695  -38.696  60.044 0.0000000000
53859  -22.443  -39.136  59.792 0.0000000000
52645  -23.886  -39.608  60.079 0.0000000000
52800  -29.479  -39.937  52.475 0.0000000000
52725  -30.727  -40.320  55.311 0.0000000000
52776  -32.215  -39.575  53.185 0.0000000000
52726  -31.822  -40.190  55.243 0.0000000000
52705  -31.623  -40.564  56.228 0.0000000000
52689  -32.530  -40.700  57.053 0.0000000000
52663  -33.359  -40.164  59.738 0.0000000000
53863  -33.498  -39.419  60.869 0.0000000000
53829  -34.339  -38.660  62.259 0.0000000000
53864  -34.464  -38.799  60.398 0.0000000000
55123  -35.710  -37.699  60.521 0.0000000000
56411  -36.600  -36.803  60.784 0.0000000000
55186  -37.380  -38.219  57.754 0.0000000000
56447  -37.167  -36.986  59.472 0.0000000000
56412  -37.274  -36.452  60.657 0.0000000000
58731  -38.220  -35.278  61.063 0.0000000000
52698  -15.369  -39.620  56.176 0.0000000000
71898  -37.912  -24.102  55.367 0.0000000000
71912  -38.486  -23.655  54.541 0.0000000000
73025  -39.213  -23.378  53.637 0.0000000000
73039  -40.053  -22.959  52.303 0.0000000000
70789  -38.784  -24.853  50.701 0.0000000000
70768  -39.697  -24.080  51.401 0.0000000000
72113  -43.497  -23.515  40.333 0.0000000000
72092  -42.434  -23.229  41.330 0.0000000000
74310  -43.321  -22.420  41.288 0.0000000000
75398  -43.197  -20.664  42.577 0.0000000000
76489  -44.213  -20.120  43.890 0.0000000000
77587  -45.825  -19.107  42.329 0.0000000000
76501  -45.435  -19.118  43.794 0.0000000000
66188  -34.559  -28.733  41.330 0.0000000000
67364  -35.811  -28.208  42.309 0.0000000000
67408  -35.691  -28.584  40.576 0.0000000000
67409  -36.438  -28.110  40.389 0.0000000000
67410  -37.368  -27.667  40.238 0.0000000000
67430  -38.409  -26.969  39.398 0.0000000000
68574  -39.740  -26.264  39.402 0.0000000000
69785  -40.221  -25.948  39.117 0.0000000000
70995  -41.529  -25.195  38.986 0.0000000000
70996  -42.527  -24.674  38.866 0.0000000000
72149  -43.486  -24.019  38.596 0.0000000000
73259  -44.563  -23.158  38.531 0.0000000000
73260  -45.307  -22.656  38.233 0.0000000000
74370  -42.726  -21.636  35.265 0.0000000000
73287  -44.529  -22.392  36.387 0.0000000000
74345  -46.427  -21.772  37.311 0.0000000000
75466  -47.007  -21.336  37.661 0.0000000000
76587  -47.958  -20.023  36.988 0.0000000000
77660  -48.745  -18.938  36.531 0.0000000000
78637  -49.044  -18.329  36.303 0.0000000000
77672  -47.685  -18.804  35.703 0.0000000000
78661  -46.581  -17.766  34.577 0.0000000000
78677  -45.291  -18.188  33.213 0.0000000000
78696  -45.440  -17.876  32.231 0.0000000000
50267  -8.291  -42.328  62.665 0.0000000000
49052  -7.071  -43.131  61.868 0.0000000000
47830  -6.506  -43.569  62.157 0.0000000000
51371  -7.182  -42.415  66.695 0.0000000000
49016  -6.031  -43.505  64.226 0.0000000000
47815  -5.673  -44.044  63.288 0.0000000000
46692  -4.803  -45.204  62.637 0.0000000000
45453  -4.274  -45.687  62.510 0.0000000000
45451  -3.236  -46.250  63.267 0.0000000000
44190  -3.404  -46.333  65.045 0.0000000000
70666  -38.865  -24.751  58.271 0.0000000000
65995  -40.060  -28.060  58.020 0.0000000000
67162  -39.699  -27.996  54.741 0.0000000000
67148  -39.586  -27.090  55.710 0.0000000000
68294  -39.008  -25.843  57.857 0.0000000000
69523  -38.511  -25.211  56.942 0.0000000000
71872  -38.422  -24.456  56.735 0.0000000000
70720  -36.972  -24.812  54.133 0.0000000000
70744  -35.973  -24.902  51.995 0.0000000000
70786  -35.560  -25.509  50.268 0.0000000000
69613  -34.392  -26.246  50.192 0.0000000000
69630  -34.592  -25.777  49.211 0.0000000000
69631  -35.274  -25.688  49.134 0.0000000000
69684  -35.277  -26.301  47.025 0.0000000000
67280  -34.575  -27.513  44.842 0.0000000000
67336  -34.483  -27.957  43.120 0.0000000000
66109  -32.757  -28.632  45.929 0.0000000000
66119  -31.360  -28.533  44.992 0.0000000000
67277  -31.551  -28.225  44.826 0.0000000000
68497  -32.103  -27.882  44.281 0.0000000000
67306  -32.444  -27.998  43.660 0.0000000000
67334  -32.793  -28.036  42.943 0.0000000000
67361  -33.139  -28.312  42.119 0.0000000000
66164  -34.155  -28.509  41.783 0.0000000000
52589  -21.049  -39.557  63.896 0.0000000000
56551  -21.310  -37.676  53.595 0.0000000000
55271  -22.240  -38.417  53.117 0.0000000000
55223  -22.055  -38.304  55.389 0.0000000000
53937  -22.884  -39.126  56.789 0.0000000000
53904  -23.974  -39.250  58.750 0.0000000000
52646  -24.925  -40.152  60.128 0.0000000000
52798  -27.392  -40.159  52.452 0.0000000000
51633  -26.431  -41.354  53.692 0.0000000000
51597  -26.386  -41.607  55.486 0.0000000000
51563  -28.980  -41.584  57.580 0.0000000000
50423  -27.268  -41.980  57.013 0.0000000000
50421  -25.667  -41.652  56.810 0.0000000000
50375  -25.337  -41.452  58.463 0.0000000000
51511  -25.692  -40.610  60.120 0.0000000000
52610  -25.209  -40.505  61.922 0.0000000000
51444  -25.874  -40.741  63.060 0.0000000000
50258  -26.943  -41.974  63.683 0.0000000000
50387  -8.626  -42.300  57.302 0.0000000000
50364  -9.740  -42.082  58.559 0.0000000000
51592  -11.301  -41.696  55.992 0.0000000000
51591  -10.431  -41.984  55.501 0.0000000000
50389  -10.272  -41.864  57.825 0.0000000000
50365  -10.635  -41.619  58.892 0.0000000000
50311  -10.287  -41.865  60.632 0.0000000000
51455  -11.018  -40.516  62.480 0.0000000000
56343  -13.220  -37.246  64.247 0.0000000000
67311  -36.892  -27.874  44.088 0.0000000000
67284  -38.238  -27.498  44.842 0.0000000000
68469  -39.686  -26.482  46.461 0.0000000000
69719  -39.834  -25.997  44.091 0.0000000000
68501  -39.918  -26.407  45.221 0.0000000000
69687  -40.810  -25.714  46.728 0.0000000000
70815  -42.001  -24.412  48.172 0.0000000000
73205  -42.004  -22.539  42.294 0.0000000000
72051  -42.102  -23.175  43.756 0.0000000000
70882  -42.352  -24.187  44.373 0.0000000000
79722  -49.984  -17.056  36.439 0.0000000000
79740  -50.675  -16.085  36.277 0.0000000000
81978  -51.018  -15.163  36.023 0.0000000000
80925  -48.004  -16.221  33.774 0.0000000000
82002  -49.757  -14.914  34.319 0.0000000000
81993  -52.057  -14.440  35.576 0.0000000000
81994  -52.854  -14.198  35.563 0.0000000000
83064  -53.849  -13.805  35.274 0.0000000000
79782  -51.034  -16.290  32.421 0.0000000000
82033  -52.871  -14.601  32.968 0.0000000000
83093  -54.636  -13.930  33.819 0.0000000000
79798  -56.480  -16.219  31.485 0.0000000000
56591  -36.797  -36.308  51.719 0.0000000000
55295  -35.725  -37.582  51.886 0.0000000000
56560  -36.366  -37.004  52.195 0.0000000000
67309  -34.967  -27.939  44.060 0.0000000000
67337  -35.390  -27.997  43.172 0.0000000000
77637  -49.367  -18.456  38.735 0.0000000000
78603  -50.147  -17.874  40.065 0.0000000000
78613  -50.016  -17.966  39.004 0.0000000000
78614  -50.656  -17.326  39.312 0.0000000000
50337  -9.134  -42.327  59.259 0.0000000000
66079  -35.291  -28.720  48.187 0.0000000000
66078  -34.307  -28.238  48.074 0.0000000000
66077  -33.663  -28.134  47.644 0.0000000000
55060  -17.604  -37.215  63.211 0.0000000000
55079  -17.566  -37.488  62.382 0.0000000000
50297  -23.086  -41.440  61.230 0.0000000000
51466  -23.692  -41.179  61.259 0.0000000000
51467  -24.471  -40.883  61.753 0.0000000000
52649  -32.468  -40.082  61.273 0.0000000000
52634  -32.432  -39.658  61.905 0.0000000000
53844  -32.688  -39.404  62.368 0.0000000000
55077  -15.685  -37.701  62.034 0.0000000000
70971  -41.722  -24.950  40.106 0.0000000000
70950  -41.477  -24.550  40.929 0.0000000000
72111  -41.987  -24.024  40.867 0.0000000000
57690  -39.826  -34.729  56.864 0.0000000000
58810  -39.877  -34.239  56.394 0.0000000000
61105  -37.273  -32.643  49.790 0.0000000000
61090  -37.998  -32.399  50.853 0.0000000000
53935  -18.336  -39.168  56.014 0.0000000000
56523  -20.912  -37.545  54.636 0.0000000000
56499  -20.813  -37.566  55.597 0.0000000000
56500  -21.052  -37.529  56.011 0.0000000000
52708  -34.736  -39.866  56.077 0.0000000000
52691  -34.542  -39.905  57.186 0.0000000000
57707  -39.371  -35.699  56.120 0.0000000000
57689  -39.514  -35.297  57.381 0.0000000000
52720  -17.154  -39.461  55.121 0.0000000000
53950  -17.024  -39.304  55.676 0.0000000000
70813  -39.470  -25.255  48.867 0.0000000000
69650  -39.871  -25.494  48.195 0.0000000000
74329  -45.784  -21.929  39.112 0.0000000000
74313  -45.519  -21.490  39.830 0.0000000000
73284  -41.774  -22.636  36.410 0.0000000000
76607  -45.194  -19.921  34.783 0.0000000000
76621  -44.882  -19.388  34.270 0.0000000000
47856  -6.373  -43.975  60.308 0.0000000000
46742  -5.721  -44.674  59.680 0.0000000000
46741  -5.331  -45.075  60.336 0.0000000000
46725  -5.797  -44.593  60.739 0.0000000000
52521  -8.250  -41.757  66.562 0.0000000000
52509  -8.284  -41.715  66.807 0.0000000000
47783  -4.694  -43.989  66.164 0.0000000000
45375  -4.954  -44.744  66.613 0.0000000000
64856  -39.961  -30.064  55.067 0.0000000000
64845  -40.092  -29.770  55.831 0.0000000000
67180  -36.010  -26.770  52.439 0.0000000000
68369  -36.374  -26.304  53.374 0.0000000000
68354  -36.959  -25.881  53.915 0.0000000000
68368  -35.846  -26.111  53.042 0.0000000000
68367  -35.498  -26.032  52.508 0.0000000000
68462  -33.395  -26.903  46.518 0.0000000000
68481  -33.372  -27.239  45.581 0.0000000000
55102  -20.421  -37.565  61.734 0.0000000000
55082  -20.417  -37.872  62.726 0.0000000000
55083  -20.695  -38.329  62.345 0.0000000000
52743  -23.947  -40.328  54.742 0.0000000000
51595  -24.178  -40.704  55.806 0.0000000000
51577  -24.622  -41.144  56.447 0.0000000000
52724  -29.663  -40.672  55.362 0.0000000000
52723  -29.111  -40.958  54.936 0.0000000000
52703  -29.887  -40.824  56.223 0.0000000000
50324  -28.704  -42.442  60.312 0.0000000000
50278  -28.017  -41.772  61.960 0.0000000000
50323  -27.252  -41.842  61.184 0.0000000000
51468  -27.904  -41.344  62.657 0.0000000000
52593  -27.502  -40.925  63.334 0.0000000000
51445  -28.254  -41.207  63.298 0.0000000000
57615  -36.533  -36.996  62.160 0.0000000000
53838  -12.521  -38.977  61.703 0.0000000000
68529  -38.744  -27.069  42.077 0.0000000000
70881  -41.551  -24.457  44.219 0.0000000000
70851  -42.275  -24.843  46.156 0.0000000000
70866  -42.705  -24.628  45.286 0.0000000000
75371  -43.719  -20.626  44.059 0.0000000000
74252  -43.345  -21.408  44.250 0.0000000000
79746  -46.433  -17.493  33.722 0.0000000000
79747  -47.283  -16.790  34.147 0.0000000000
82030  -50.142  -15.409  33.279 0.0000000000
82017  -50.284  -14.900  33.617 0.0000000000
82031  -50.645  -15.220  33.386 0.0000000000
80952  -54.411  -14.699  31.404 0.0000000000
82045  -55.703  -14.537  31.655 0.0000000000
82052  -55.332  -14.563  30.889 0.0000000000
57744  -38.439  -35.300  53.940 0.0000000000
57763  -37.775  -35.357  53.312 0.0000000000
58885  -37.369  -34.435  51.279 0.0000000000
58870  -37.475  -34.619  51.906 0.0000000000
54003  -33.871  -38.800  52.263 0.0000000000
55277  -35.349  -38.423  53.493 0.0000000000
53989  -34.612  -38.787  53.235 0.0000000000
55254  -35.417  -38.553  54.040 0.0000000000
53975  -35.563  -38.734  54.497 0.0000000000
53976  -36.200  -38.356  54.747 0.0000000000
56531  -37.073  -36.667  53.763 0.0000000000
56533  -38.313  -36.358  54.841 0.0000000000
69646  -36.403  -25.824  48.393 0.0000000000
69685  -36.137  -26.331  47.008 0.0000000000
68467  -37.830  -27.033  46.267 0.0000000000
68443  -38.305  -26.753  47.156 0.0000000000
76565  -47.130  -20.623  39.427 0.0000000000
77603  -48.661  -18.541  41.607 0.0000000000
77590  -48.894  -18.526  42.488 0.0000000000
79705  -51.688  -16.047  39.066 0.0000000000
80868  -52.096  -15.373  38.440 0.0000000000
49099  -7.395  -43.126  59.875 0.0000000000
49119  -7.304  -43.017  58.878 0.0000000000
47868  -6.847  -43.485  59.510 0.0000000000
66052  -38.270  -28.803  51.382 0.0000000000
67201  -35.320  -27.551  50.357 0.0000000000
67200  -34.480  -27.050  50.520 0.0000000000
67235  -33.274  -27.942  47.638 0.0000000000
67218  -33.413  -27.448  47.922 0.0000000000
68461  -33.077  -27.400  46.609 0.0000000000
52625  -21.485  -39.743  61.653 0.0000000000
50255  -23.150  -42.213  62.806 0.0000000000
47836  -25.030  -43.425  62.705 0.0000000000
47822  -24.708  -44.077  63.335 0.0000000000
52796  -24.953  -40.033  52.264 0.0000000000
51495  -31.401  -40.323  61.662 0.0000000000
51534  -31.122  -41.207  59.986 0.0000000000
51514  -30.795  -41.210  60.842 0.0000000000
50301  -30.421  -41.381  61.316 0.0000000000
51494  -30.657  -40.762  61.919 0.0000000000
51471  -30.474  -40.609  63.009 0.0000000000
52573  -31.083  -40.245  64.127 0.0000000000
52685  -15.046  -39.636  56.944 0.0000000000
53898  -14.644  -39.275  58.339 0.0000000000
55114  -14.660  -38.438  60.139 0.0000000000
55095  -13.766  -38.437  61.261 0.0000000000
55076  -14.686  -37.860  61.967 0.0000000000
56357  -15.975  -37.129  63.758 0.0000000000
56356  -15.077  -37.268  63.598 0.0000000000
69768  -39.818  -25.820  41.199 0.0000000000
70928  -40.966  -24.211  41.892 0.0000000000
69749  -40.576  -24.851  41.940 0.0000000000
70898  -40.804  -24.397  43.435 0.0000000000
72063  -41.036  -23.567  42.907 0.0000000000
79823  -52.935  -16.793  29.650 0.0000000000
51431  -10.012  -41.032  63.154 0.0000000000
52511  -9.451  -39.892  67.174 0.0000000000
59852  -39.112  -33.763  60.116 0.0000000000
59866  -39.671  -32.982  58.397 0.0000000000
61028  -39.888  -32.533  56.128 0.0000000000
61014  -40.007  -32.484  57.209 0.0000000000
62275  -39.792  -31.650  55.442 0.0000000000
58855  -39.069  -34.172  53.589 0.0000000000
59941  -39.271  -33.698  53.913 0.0000000000
59957  -38.850  -33.467  53.181 0.0000000000
62311  -38.485  -31.534  51.725 0.0000000000
61064  -38.711  -32.379  52.915 0.0000000000
62312  -38.684  -31.498  52.451 0.0000000000
63543  -38.639  -30.671  51.849 0.0000000000
64881  -38.841  -29.928  52.047 0.0000000000
55135  -17.405  -38.300  59.393 0.0000000000
55158  -19.288  -38.013  58.945 0.0000000000
56420  -19.767  -37.361  60.249 0.0000000000
56438  -19.856  -37.634  59.262 0.0000000000
53952  -19.225  -38.706  55.448 0.0000000000
55220  -19.671  -38.328  55.946 0.0000000000
56459  -20.536  -37.597  57.561 0.0000000000
56422  -20.887  -37.776  58.820 0.0000000000
55138  -21.489  -38.239  59.205 0.0000000000
55139  -22.359  -38.667  58.881 0.0000000000
55140  -22.836  -38.762  58.941 0.0000000000
53860  -23.201  -39.170  59.622 0.0000000000
53882  -23.266  -38.890  59.067 0.0000000000
52801  -30.515  -39.872  52.415 0.0000000000
52774  -30.169  -39.970  53.422 0.0000000000
52748  -29.878  -40.225  54.403 0.0000000000
52749  -30.956  -39.998  54.352 0.0000000000
52777  -32.924  -39.260  52.993 0.0000000000
52677  -34.323  -39.862  58.304 0.0000000000
52676  -33.607  -40.362  58.543 0.0000000000
53884  -34.023  -39.413  59.903 0.0000000000
55122  -35.250  -38.327  59.981 0.0000000000
56410  -36.132  -37.197  61.066 0.0000000000
56427  -36.187  -37.226  60.329 0.0000000000
53941  -37.173  -38.611  56.501 0.0000000000
53924  -37.112  -38.605  57.306 0.0000000000
56467  -38.221  -36.838  58.565 0.0000000000
55168  -37.850  -37.179  58.644 0.0000000000
56448  -37.785  -36.778  59.168 0.0000000000
56429  -37.566  -36.418  59.943 0.0000000000
57647  -37.982  -35.791  60.592 0.0000000000
57661  -38.157  -35.877  60.035 0.0000000000
58747  -38.567  -34.694  60.060 0.0000000000
55155  -16.741  -38.630  58.332 0.0000000000
71922  -37.356  -24.037  53.925 0.0000000000
71899  -38.430  -23.655  55.358 0.0000000000
71923  -37.861  -23.926  53.989 0.0000000000
70746  -38.236  -24.278  52.401 0.0000000000
71924  -38.665  -23.720  53.689 0.0000000000
71940  -38.760  -23.849  52.830 0.0000000000
73026  -39.735  -22.926  53.405 0.0000000000
71941  -39.431  -23.440  52.637 0.0000000000
69634  -37.652  -25.875  49.169 0.0000000000
70797  -37.273  -25.584  49.736 0.0000000000
70798  -38.528  -25.506  49.627 0.0000000000
70790  -39.649  -24.317  50.839 0.0000000000
71968  -40.114  -23.787  51.111 0.0000000000
71956  -40.335  -23.271  51.400 0.0000000000
71969  -40.687  -23.329  50.764 0.0000000000
73067  -41.230  -22.897  50.829 0.0000000000
71989  -42.026  -23.205  49.813 0.0000000000
73248  -43.950  -23.262  40.192 0.0000000000
73229  -43.573  -22.976  40.861 0.0000000000
73230  -44.269  -22.676  40.471 0.0000000000
75415  -44.026  -20.311  41.608 0.0000000000
75431  -43.784  -20.865  41.451 0.0000000000
76531  -44.009  -19.969  42.180 0.0000000000
76515  -43.636  -20.214  42.967 0.0000000000
76500  -44.478  -19.602  43.555 0.0000000000
77601  -46.630  -19.164  41.648 0.0000000000
77600  -46.107  -19.406  41.701 0.0000000000
44205  -2.982  -46.665  64.162 0.0000000000
43066  -2.695  -47.516  63.313 0.0000000000
67428  -36.699  -27.937  39.338 0.0000000000
67446  -37.638  -27.089  38.392 0.0000000000
68572  -38.239  -26.890  38.757 0.0000000000
68573  -38.917  -26.639  39.073 0.0000000000
68592  -38.692  -26.437  38.409 0.0000000000
69802  -39.884  -25.726  38.483 0.0000000000
70993  -40.052  -25.326  38.173 0.0000000000
69803  -40.651  -25.677  38.965 0.0000000000
70994  -40.493  -25.279  38.346 0.0000000000
71019  -41.970  -24.535  38.144 0.0000000000
72163  -42.402  -24.088  37.668 0.0000000000
71020  -42.821  -24.433  38.211 0.0000000000
73270  -43.476  -23.212  37.101 0.0000000000
72165  -43.967  -23.355  37.853 0.0000000000
73271  -44.550  -22.836  37.316 0.0000000000
75473  -44.942  -21.280  35.632 0.0000000000
74372  -44.353  -21.656  35.487 0.0000000000
74357  -44.856  -21.702  35.919 0.0000000000
74344  -45.863  -22.107  37.052 0.0000000000
74359  -46.204  -21.725  36.733 0.0000000000
75475  -46.643  -21.062  36.335 0.0000000000
75492  -46.572  -20.099  35.528 0.0000000000
75476  -47.444  -20.271  36.559 0.0000000000
76595  -47.144  -19.955  36.017 0.0000000000
76597  -48.290  -19.565  36.757 0.0000000000
76596  -47.870  -19.515  36.299 0.0000000000
77659  -48.180  -19.020  36.096 0.0000000000
77680  -45.622  -18.625  34.230 0.0000000000
77681  -46.223  -18.344  34.691 0.0000000000
78660  -45.862  -17.847  34.024 0.0000000000
44263  -4.446  -45.892  59.894 0.0000000000
50249  -8.796  -41.763  63.383 0.0000000000
50230  -8.501  -41.816  64.161 0.0000000000
50247  -7.439  -42.583  64.238 0.0000000000
49035  -7.773  -42.660  62.966 0.0000000000
49034  -6.978  -43.045  63.232 0.0000000000
51364  -7.829  -42.093  66.960 0.0000000000
48997  -5.453  -43.265  66.120 0.0000000000
48998  -6.155  -42.876  66.113 0.0000000000
49003  -5.387  -43.578  65.058 0.0000000000
47801  -5.404  -44.039  64.066 0.0000000000
46693  -5.425  -44.654  62.473 0.0000000000
47814  -5.167  -44.444  63.747 0.0000000000
46653  -4.081  -45.340  64.536 0.0000000000
46673  -4.079  -45.405  63.679 0.0000000000
45452  -3.734  -45.958  62.882 0.0000000000
45421  -3.479  -45.770  64.373 0.0000000000
45438  -3.195  -46.155  63.954 0.0000000000
45420  -3.317  -45.928  64.653 0.0000000000
45389  -4.934  -45.325  66.362 0.0000000000
69485  -39.893  -25.571  59.067 0.0000000000
70645  -39.419  -24.852  58.865 0.0000000000
69484  -39.201  -25.155  58.802 0.0000000000
62244  -40.013  -31.561  58.644 0.0000000000
62231  -39.959  -31.306  59.307 0.0000000000
63479  -40.199  -31.002  58.481 0.0000000000
64834  -40.113  -29.465  56.870 0.0000000000
63471  -40.051  -29.892  58.784 0.0000000000
64822  -40.152  -29.159  57.920 0.0000000000
64807  -40.143  -28.889  58.760 0.0000000000
67172  -39.278  -27.939  53.746 0.0000000000
67147  -39.083  -26.755  55.166 0.0000000000
68341  -39.160  -26.535  55.787 0.0000000000
67133  -39.744  -27.141  57.163 0.0000000000
68310  -39.301  -26.380  57.573 0.0000000000
69552  -37.936  -25.512  55.375 0.0000000000
68308  -38.409  -25.498  56.358 0.0000000000
70696  -38.224  -24.802  56.275 0.0000000000
70695  -37.811  -24.684  55.587 0.0000000000
71897  -37.615  -24.603  55.188 0.0000000000
70708  -37.292  -24.969  55.136 0.0000000000
70731  -35.623  -25.498  52.335 0.0000000000
70732  -36.266  -25.001  53.117 0.0000000000
70763  -35.250  -25.655  50.671 0.0000000000
68396  -34.240  -26.559  50.232 0.0000000000
69601  -34.666  -26.205  50.923 0.0000000000
68410  -33.933  -26.400  49.747 0.0000000000
69644  -34.724  -25.790  48.426 0.0000000000
69661  -34.974  -25.955  47.691 0.0000000000
69683  -34.472  -26.222  46.967 0.0000000000
67279  -33.684  -27.512  44.765 0.0000000000
66120  -31.837  -28.661  45.377 0.0000000000
66131  -31.103  -28.904  44.491 0.0000000000
68496  -31.644  -28.240  43.979 0.0000000000
68479  -31.769  -27.798  44.629 0.0000000000
68512  -30.976  -28.224  43.286 0.0000000000
68513  -31.678  -28.134  43.245 0.0000000000
67333  -32.110  -28.147  42.826 0.0000000000
66163  -33.570  -28.477  41.784 0.0000000000
55080  -18.514  -37.320  62.629 0.0000000000
55081  -19.176  -37.248  62.374 0.0000000000
55063  -20.053  -37.819  63.844 0.0000000000
51415  -21.602  -40.453  64.733 0.0000000000
55249  -22.675  -38.789  53.598 0.0000000000
53953  -22.498  -38.685  55.271 0.0000000000
55224  -22.417  -38.612  55.732 0.0000000000
53954  -22.745  -39.026  55.746 0.0000000000
51546  -24.483  -40.087  58.067 0.0000000000
52686  -23.777  -39.486  57.718 0.0000000000
52674  -24.237  -39.680  58.266 0.0000000000
52660  -24.245  -39.448  59.273 0.0000000000
52661  -24.712  -40.028  58.960 0.0000000000
51618  -28.187  -41.167  54.667 0.0000000000
52745  -27.346  -41.193  53.714 0.0000000000
51617  -27.104  -41.535  54.315 0.0000000000
51581  -29.392  -41.153  56.729 0.0000000000
50403  -29.283  -41.876  58.284 0.0000000000
50401  -27.786  -42.155  57.705 0.0000000000
50400  -26.746  -42.153  57.696 0.0000000000
50422  -26.493  -41.814  56.943 0.0000000000
50399  -25.882  -41.800  57.658 0.0000000000
50376  -26.130  -42.023  58.561 0.0000000000
51491  -26.761  -40.853  61.414 0.0000000000
52629  -25.400  -40.371  61.288 0.0000000000
52611  -25.864  -40.426  62.103 0.0000000000
51443  -25.322  -40.789  62.484 0.0000000000
50235  -26.690  -41.074  64.009 0.0000000000
49024  -27.189  -42.566  63.903 0.0000000000
51421  -29.500  -40.920  64.225 0.0000000000
51396  -28.973  -41.291  64.563 0.0000000000
50220  -29.189  -41.328  65.053 0.0000000000
50363  -8.891  -42.277  58.251 0.0000000000
51575  -13.135  -40.929  56.631 0.0000000000
51574  -12.324  -41.263  56.880 0.0000000000
50413  -10.796  -41.802  57.063 0.0000000000
50437  -10.489  -42.025  56.246 0.0000000000
51526  -11.395  -41.034  60.045 0.0000000000
51525  -10.918  -41.412  60.116 0.0000000000
50339  -10.609  -41.680  59.853 0.0000000000
51503  -10.841  -41.311  60.750 0.0000000000
51478  -10.569  -41.296  61.374 0.0000000000
51479  -10.966  -40.945  61.524 0.0000000000
55045  -13.350  -37.490  63.718 0.0000000000
55055  -12.894  -37.963  63.057 0.0000000000
74093  -40.083  -22.108  56.414 0.0000000000
67338  -36.352  -27.992  43.202 0.0000000000
67313  -38.783  -27.291  44.262 0.0000000000
67312  -37.841  -27.626  44.091 0.0000000000
68499  -38.942  -27.116  44.796 0.0000000000
68487  -38.706  -27.132  45.385 0.0000000000
68488  -39.496  -26.673  45.651 0.0000000000
69732  -39.719  -25.695  43.153 0.0000000000
69698  -41.209  -25.447  45.471 0.0000000000
69697  -40.830  -25.943  45.969 0.0000000000
68489  -40.188  -26.354  45.786 0.0000000000
69668  -41.021  -25.384  47.077 0.0000000000
70832  -41.580  -24.984  47.134 0.0000000000
70816  -43.092  -24.152  48.072 0.0000000000
74290  -42.388  -22.215  42.186 0.0000000000
73161  -42.519  -22.320  44.065 0.0000000000
73175  -42.136  -22.275  43.448 0.0000000000
73160  -42.329  -22.327  43.789 0.0000000000
72052  -42.709  -23.205  44.201 0.0000000000
78652  -48.641  -18.007  35.749 0.0000000000
78638  -49.538  -17.906  36.838 0.0000000000
78653  -49.485  -17.240  35.946 0.0000000000
79749  -48.662  -16.141  34.666 0.0000000000
79739  -50.027  -16.399  35.932 0.0000000000
80901  -50.512  -15.571  35.831 0.0000000000
80885  -51.109  -15.643  36.463 0.0000000000
80936  -48.232  -16.259  33.503 0.0000000000
83070  -49.596  -14.723  33.973 0.0000000000
82001  -49.034  -15.028  34.125 0.0000000000
81992  -50.712  -14.864  35.254 0.0000000000
83061  -51.531  -14.463  34.753 0.0000000000
83074  -53.067  -14.154  34.440 0.0000000000
83063  -53.286  -14.009  35.102 0.0000000000
83075  -53.835  -13.799  34.511 0.0000000000
83065  -54.241  -13.987  35.440 0.0000000000
83076  -54.395  -13.891  34.724 0.0000000000
79795  -50.774  -16.852  31.290 0.0000000000
79783  -51.634  -15.917  32.439 0.0000000000
80940  -51.322  -15.446  33.073 0.0000000000
80941  -52.322  -15.136  32.887 0.0000000000
82035  -54.586  -14.249  32.538 0.0000000000
83103  -54.214  -14.115  33.033 0.0000000000
83094  -55.053  -14.142  33.347 0.0000000000
82005  -55.083  -14.558  34.215 0.0000000000
80929  -55.438  -15.033  33.878 0.0000000000
80970  -55.850  -15.296  29.748 0.0000000000
80963  -56.208  -15.178  30.759 0.0000000000
79813  -56.664  -16.363  30.364 0.0000000000
56562  -37.264  -36.040  53.487 0.0000000000
57762  -37.263  -35.638  52.940 0.0000000000
55309  -34.324  -38.477  51.754 0.0000000000
55256  -36.999  -37.582  54.435 0.0000000000
67282  -36.463  -27.706  44.934 0.0000000000
76580  -48.524  -19.723  38.275 0.0000000000
77622  -48.827  -18.862  39.417 0.0000000000
78593  -50.237  -17.624  41.119 0.0000000000
79699  -51.439  -16.713  40.625 0.0000000000
79704  -51.274  -16.682  39.676 0.0000000000
79711  -51.096  -16.690  38.579 0.0000000000
50362  -8.203  -42.439  57.958 0.0000000000
49135  -7.827  -42.608  57.782 0.0000000000
49100  -7.873  -42.788  59.391 0.0000000000
49085  -7.957  -42.987  60.395 0.0000000000
66058  -36.475  -28.370  49.825 0.0000000000
66050  -36.903  -28.035  50.504 0.0000000000
66057  -35.751  -28.166  49.701 0.0000000000
67212  -35.095  -28.104  49.613 0.0000000000
67220  -34.239  -27.789  48.912 0.0000000000
66091  -32.679  -28.151  46.462 0.0000000000
56347  -17.069  -36.744  64.620 0.0000000000
51488  -22.128  -40.878  61.680 0.0000000000
50321  -22.661  -41.306  61.354 0.0000000000
50296  -22.732  -41.465  61.639 0.0000000000
47821  -23.860  -43.668  63.460 0.0000000000
49059  -24.062  -42.878  62.477 0.0000000000
49060  -25.253  -42.615  62.420 0.0000000000
51536  -32.609  -40.672  59.487 0.0000000000
51535  -31.949  -40.892  59.880 0.0000000000
51516  -32.155  -40.523  60.633 0.0000000000
52648  -31.782  -40.250  61.567 0.0000000000
52614  -31.214  -40.219  63.145 0.0000000000
52615  -31.819  -39.770  63.260 0.0000000000
53826  -32.125  -39.531  63.455 0.0000000000
55115  -15.348  -38.304  59.876 0.0000000000
69786  -40.466  -25.828  39.722 0.0000000000
69769  -40.566  -25.424  40.843 0.0000000000
69770  -41.270  -25.139  40.473 0.0000000000
70929  -41.278  -24.150  41.528 0.0000000000
72090  -41.265  -23.888  41.794 0.0000000000
59880  -39.639  -33.861  58.295 0.0000000000
59881  -39.796  -33.366  57.894 0.0000000000
58792  -39.881  -34.261  57.332 0.0000000000
59969  -37.940  -33.405  52.221 0.0000000000
61063  -38.461  -32.975  52.464 0.0000000000
61077  -38.206  -32.529  51.706 0.0000000000
62324  -38.218  -31.558  51.055 0.0000000000
63569  -38.012  -30.677  50.609 0.0000000000
53901  -17.058  -38.794  57.779 0.0000000000
53902  -17.783  -38.642  57.790 0.0000000000
53919  -19.154  -38.382  57.210 0.0000000000
56498  -20.259  -37.963  55.955 0.0000000000
56460  -20.942  -37.394  57.006 0.0000000000
55159  -21.514  -37.845  58.120 0.0000000000
55177  -21.422  -37.611  57.207 0.0000000000
55178  -22.063  -38.009  57.367 0.0000000000
55179  -22.775  -38.620  57.647 0.0000000000
52752  -33.879  -39.308  54.336 0.0000000000
52728  -34.064  -39.636  55.023 0.0000000000
53885  -34.726  -39.026  59.271 0.0000000000
53886  -35.452  -38.684  58.908 0.0000000000
55208  -38.547  -37.461  56.761 0.0000000000
55188  -38.656  -37.014  57.361 0.0000000000
56449  -38.424  -36.197  58.944 0.0000000000
57662  -38.478  -35.435  59.544 0.0000000000
57674  -38.897  -35.373  58.586 0.0000000000
58776  -39.433  -34.476  58.345 0.0000000000
52699  -15.968  -39.488  55.784 0.0000000000
53933  -16.584  -39.304  55.947 0.0000000000
53916  -16.630  -38.979  56.908 0.0000000000
70745  -37.060  -24.420  52.611 0.0000000000
71938  -37.359  -24.185  53.548 0.0000000000
70812  -38.896  -25.695  48.919 0.0000000000
72006  -40.848  -24.201  49.141 0.0000000000
72007  -41.493  -24.077  49.105 0.0000000000
74312  -44.944  -21.926  40.165 0.0000000000
76532  -44.648  -19.862  41.662 0.0000000000
77575  -47.136  -18.777  43.195 0.0000000000
81973  -53.727  -14.577  36.919 0.0000000000
69800  -38.476  -26.101  37.754 0.0000000000
73268  -41.206  -23.253  36.751 0.0000000000
73285  -42.800  -22.762  36.397 0.0000000000
75490  -44.561  -20.925  35.202 0.0000000000
76608  -46.082  -19.396  34.884 0.0000000000
77679  -44.651  -18.965  33.812 0.0000000000
45507  -5.000  -45.391  59.478 0.0000000000
45487  -4.716  -45.611  60.722 0.0000000000
51386  -8.555  -41.765  65.405 0.0000000000
51385  -7.879  -42.026  65.873 0.0000000000
50212  -7.173  -42.451  65.760 0.0000000000
50196  -6.619  -42.628  67.083 0.0000000000
48990  -5.490  -43.198  66.754 0.0000000000
47792  -4.793  -43.911  65.465 0.0000000000
47800  -4.835  -44.405  64.506 0.0000000000
47791  -4.535  -44.312  65.703 0.0000000000
46627  -4.438  -44.817  65.806 0.0000000000
45387  -4.202  -45.563  65.511 0.0000000000
45376  -5.491  -44.822  66.791 0.0000000000
63490  -40.133  -30.604  56.765 0.0000000000
66017  -40.056  -28.586  55.795 0.0000000000
67160  -37.893  -26.551  53.977 0.0000000000
68356  -38.307  -26.469  54.549 0.0000000000
68340  -38.682  -26.382  55.305 0.0000000000
68323  -38.478  -25.828  56.029 0.0000000000
68355  -37.819  -26.166  54.441 0.0000000000
68338  -37.497  -25.805  54.299 0.0000000000
69565  -37.014  -25.443  54.083 0.0000000000
69550  -37.141  -25.115  54.344 0.0000000000
69564  -36.485  -25.507  53.626 0.0000000000
69592  -35.293  -25.995  51.583 0.0000000000
69642  -33.573  -26.501  48.442 0.0000000000
69659  -33.690  -26.401  47.551 0.0000000000
68463  -33.990  -26.741  46.350 0.0000000000
67307  -33.222  -27.822  43.850 0.0000000000
56402  -19.721  -37.150  61.199 0.0000000000
56385  -19.632  -37.135  62.085 0.0000000000
56372  -20.047  -37.179  62.614 0.0000000000
52588  -20.577  -38.863  64.215 0.0000000000
51416  -22.140  -41.139  65.172 0.0000000000
52768  -23.801  -39.617  52.935 0.0000000000
53985  -23.306  -39.336  53.392 0.0000000000
53986  -23.402  -39.766  54.246 0.0000000000
53971  -23.189  -39.709  55.179 0.0000000000
53955  -23.174  -39.663  56.153 0.0000000000
52702  -23.732  -40.060  56.482 0.0000000000
51576  -24.245  -40.426  56.841 0.0000000000
51547  -24.720  -40.498  58.252 0.0000000000
52773  -29.097  -40.115  53.452 0.0000000000
52772  -27.983  -40.096  53.443 0.0000000000
51619  -28.758  -41.028  54.802 0.0000000000
50351  -29.256  -42.349  59.666 0.0000000000
50379  -28.951  -42.382  58.791 0.0000000000
49108  -28.268  -42.561  60.137 0.0000000000
49106  -27.176  -42.444  60.062 0.0000000000
50348  -26.472  -42.074  59.755 0.0000000000
50322  -26.795  -41.862  60.686 0.0000000000
51513  -26.903  -41.333  61.154 0.0000000000
52631  -26.809  -40.646  61.953 0.0000000000
52591  -26.228  -40.549  62.916 0.0000000000
52592  -26.781  -40.579  63.088 0.0000000000
51418  -27.203  -40.899  64.077 0.0000000000
51394  -27.670  -41.296  64.140 0.0000000000
52671  -13.464  -39.970  58.717 0.0000000000
51559  -12.947  -40.892  57.468 0.0000000000
52682  -13.018  -40.540  58.146 0.0000000000
51557  -11.630  -41.347  58.382 0.0000000000
51527  -11.774  -40.988  59.543 0.0000000000
52657  -11.723  -40.668  60.422 0.0000000000
51480  -11.500  -40.417  61.587 0.0000000000
56333  -14.297  -36.474  65.565 0.0000000000
67389  -37.068  -27.785  41.277 0.0000000000
67339  -37.354  -27.850  43.190 0.0000000000
67366  -37.764  -27.677  42.196 0.0000000000
67341  -39.018  -27.083  43.591 0.0000000000
69708  -41.129  -25.143  44.747 0.0000000000
70850  -41.703  -25.118  45.898 0.0000000000
70834  -43.660  -24.465  47.228 0.0000000000
75381  -42.344  -20.922  43.309 0.0000000000
74263  -42.206  -21.393  43.397 0.0000000000
74264  -42.411  -21.306  43.852 0.0000000000
74251  -42.705  -21.484  44.153 0.0000000000
73162  -43.066  -22.302  44.373 0.0000000000
79748  -48.065  -16.469  34.620 0.0000000000
83087  -49.682  -14.861  33.802 0.0000000000
83071  -50.229  -14.603  33.980 0.0000000000
83072  -51.087  -14.495  34.152 0.0000000000
83089  -50.640  -14.669  33.814 0.0000000000
83090  -51.602  -14.588  33.883 0.0000000000
79809  -51.982  -16.657  30.507 0.0000000000
79797  -52.881  -15.817  31.506 0.0000000000
80950  -52.810  -15.460  32.089 0.0000000000
80942  -53.079  -14.833  32.495 0.0000000000
80951  -53.669  -14.869  31.861 0.0000000000
82043  -54.311  -14.440  31.996 0.0000000000
82036  -55.361  -14.354  32.712 0.0000000000
82037  -55.946  -14.732  32.060 0.0000000000
78729  -56.839  -17.407  30.122 0.0000000000
57726  -39.270  -35.379  55.177 0.0000000000
58823  -39.379  -34.908  54.908 0.0000000000
58837  -38.736  -34.907  53.830 0.0000000000
57782  -37.514  -35.200  52.705 0.0000000000
58871  -37.719  -34.432  52.428 0.0000000000
59981  -37.686  -33.553  51.398 0.0000000000
52721  -18.010  -39.587  54.992 0.0000000000
55269  -20.007  -38.270  53.883 0.0000000000
57738  -20.763  -37.635  54.056 0.0000000000
54001  -32.710  -39.155  51.643 0.0000000000
52804  -32.947  -39.161  52.469 0.0000000000
53972  -33.474  -39.139  53.323 0.0000000000
54004  -34.373  -38.727  52.644 0.0000000000
53973  -34.031  -39.092  53.793 0.0000000000
53956  -34.364  -39.315  54.393 0.0000000000
53957  -35.072  -39.429  54.824 0.0000000000
53939  -35.429  -39.477  55.786 0.0000000000
53960  -37.452  -38.296  55.730 0.0000000000
55230  -37.326  -38.021  55.269 0.0000000000
55231  -38.038  -37.647  55.578 0.0000000000
55232  -38.695  -37.127  56.098 0.0000000000
56508  -38.747  -36.479  55.478 0.0000000000
69632  -36.104  -25.627  49.219 0.0000000000
70796  -36.650  -25.571  49.567 0.0000000000
69647  -37.301  -25.986  48.452 0.0000000000
68466  -36.682  -26.779  46.540 0.0000000000
69664  -37.781  -26.441  47.859 0.0000000000
69665  -38.731  -26.316  47.855 0.0000000000
68444  -39.177  -26.443  47.125 0.0000000000
75451  -46.522  -21.003  39.333 0.0000000000
75434  -46.062  -20.629  39.968 0.0000000000
76550  -46.861  -20.196  40.135 0.0000000000
76535  -47.049  -19.414  40.879 0.0000000000
77602  -47.655  -18.893  41.298 0.0000000000
77576  -48.177  -18.987  42.939 0.0000000000
79700  -51.822  -16.174  40.070 0.0000000000
80869  -52.634  -15.202  38.799 0.0000000000
81965  -52.474  -14.983  38.170 0.0000000000
49134  -7.375  -42.985  57.595 0.0000000000
64882  -39.164  -29.753  52.803 0.0000000000
66033  -39.380  -29.082  53.531 0.0000000000
66044  -39.049  -28.995  52.806 0.0000000000
67182  -38.316  -27.853  52.314 0.0000000000
67192  -37.318  -27.767  51.212 0.0000000000
67181  -37.280  -27.300  52.192 0.0000000000
67179  -35.607  -26.574  52.020 0.0000000000
68379  -35.392  -26.255  51.856 0.0000000000
67189  -34.842  -26.766  51.138 0.0000000000
67199  -33.969  -26.842  50.018 0.0000000000
68409  -33.757  -26.719  49.687 0.0000000000
68424  -33.409  -27.039  48.804 0.0000000000
68423  -33.519  -27.030  48.171 0.0000000000
53825  -21.021  -38.864  62.154 0.0000000000
51465  -22.025  -41.092  63.067 0.0000000000
51442  -22.071  -41.121  64.153 0.0000000000
50234  -22.436  -41.747  64.586 0.0000000000
53999  -23.593  -39.349  52.249 0.0000000000
52795  -24.124  -39.793  52.611 0.0000000000
52744  -24.612  -41.006  54.035 0.0000000000
51583  -31.231  -41.037  56.681 0.0000000000
51582  -30.462  -41.201  56.817 0.0000000000
51548  -30.532  -41.684  59.281 0.0000000000
50352  -29.997  -41.946  59.880 0.0000000000
50326  -30.223  -41.710  60.743 0.0000000000
50300  -29.757  -41.689  61.650 0.0000000000
50280  -29.424  -41.450  62.394 0.0000000000
51446  -28.976  -41.236  63.493 0.0000000000
51470  -29.769  -41.161  62.864 0.0000000000
51447  -29.713  -40.924  63.622 0.0000000000
51422  -30.566  -40.600  64.278 0.0000000000
52596  -31.466  -40.148  63.848 0.0000000000
51398  -30.829  -40.755  64.559 0.0000000000
52696  -13.837  -40.372  56.485 0.0000000000
52672  -14.030  -39.754  58.161 0.0000000000
53897  -14.061  -39.454  58.803 0.0000000000
53839  -13.242  -38.722  61.327 0.0000000000
53823  -12.945  -38.514  61.971 0.0000000000
55075  -13.617  -38.207  61.994 0.0000000000
55056  -13.991  -37.623  63.007 0.0000000000
55057  -14.961  -37.603  62.847 0.0000000000
56345  -15.172  -36.770  64.450 0.0000000000
68543  -39.344  -26.271  41.531 0.0000000000
69733  -40.235  -24.933  42.812 0.0000000000
79777  -46.117  -17.605  32.417 0.0000000000
79778  -46.733  -17.382  32.485 0.0000000000
79793  -47.101  -17.279  32.395 0.0000000000
79822  -51.779  -16.883  29.397 0.0000000000
79811  -54.480  -15.590  30.304 0.0000000000
80961  -54.894  -14.824  30.658 0.0000000000
79812  -55.028  -15.269  30.131 0.0000000000
79836  -53.660  -17.052  28.810 0.0000000000
79826  -55.771  -15.642  29.215 0.0000000000
50288  -9.594  -42.090  61.441 0.0000000000
50269  -9.752  -41.524  62.222 0.0000000000
51430  -9.367  -41.413  63.489 0.0000000000
52523  -9.450  -40.264  66.376 0.0000000000
62245  -39.927  -31.959  58.301 0.0000000000
63515  -39.766  -30.779  54.808 0.0000000000
63531  -39.498  -30.709  54.026 0.0000000000
58824  -39.642  -34.522  55.319 0.0000000000
59927  -39.678  -33.549  55.012 0.0000000000
61052  -39.044  -32.640  53.748 0.0000000000
61053  -39.353  -32.379  54.339 0.0000000000
62298  -39.238  -31.280  53.832 0.0000000000
63530  -39.177  -30.661  53.364 0.0000000000
64870  -39.446  -30.019  53.560 0.0000000000
64891  -38.031  -29.305  50.773 0.0000000000
64899  -38.163  -30.152  50.828 0.0000000000
64898  -37.818  -29.652  50.369 0.0000000000
66059  -37.141  -28.816  50.008 0.0000000000
66069  -36.140  -28.913  49.191 0.0000000000
66080  -35.745  -28.882  48.675 0.0000000000
55099  -17.498  -37.771  61.463 0.0000000000
55136  -18.390  -38.083  59.692 0.0000000000
55119  -19.111  -37.420  60.926 0.0000000000
55120  -20.423  -37.437  61.140 0.0000000000
53936  -19.116  -38.563  56.454 0.0000000000
56476  -20.097  -37.766  57.159 0.0000000000
56458  -19.965  -37.723  58.210 0.0000000000
56421  -20.334  -37.559  59.550 0.0000000000
55121  -20.890  -37.952  60.651 0.0000000000
53842  -22.005  -39.230  60.286 0.0000000000
53880  -22.097  -38.796  59.365 0.0000000000
52643  -22.417  -39.451  60.170 0.0000000000
52644  -22.954  -39.604  60.058 0.0000000000
52627  -23.478  -40.271  60.392 0.0000000000
52823  -28.875  -39.857  51.517 0.0000000000
52802  -31.494  -39.677  52.318 0.0000000000
52750  -32.059  -39.864  54.221 0.0000000000
52688  -31.838  -40.881  57.083 0.0000000000
51566  -32.319  -40.919  57.853 0.0000000000
51567  -33.029  -40.720  57.886 0.0000000000
51551  -32.879  -40.714  58.724 0.0000000000
53845  -33.542  -39.119  61.910 0.0000000000
53846  -34.327  -38.710  61.399 0.0000000000
55104  -35.160  -38.305  60.964 0.0000000000
55105  -35.638  -37.663  61.445 0.0000000000
56393  -36.582  -36.796  61.435 0.0000000000
53923  -36.559  -38.862  57.352 0.0000000000
55166  -36.685  -38.321  58.240 0.0000000000
55167  -37.198  -37.497  58.761 0.0000000000
55146  -36.730  -37.269  59.387 0.0000000000
56428  -36.708  -36.906  59.966 0.0000000000
57633  -37.719  -36.033  61.285 0.0000000000
57648  -38.333  -35.340  60.208 0.0000000000
58746  -38.394  -34.974  60.614 0.0000000000
52717  -14.722  -39.954  55.337 0.0000000000
53932  -16.017  -39.207  56.376 0.0000000000
53915  -15.640  -39.104  57.142 0.0000000000
55116  -16.435  -38.138  60.177 0.0000000000
71886  -38.497  -23.763  56.189 0.0000000000
73012  -39.231  -23.280  54.203 0.0000000000
73013  -39.968  -22.460  54.703 0.0000000000
70788  -37.584  -25.141  50.536 0.0000000000
70767  -39.056  -24.358  51.724 0.0000000000
71955  -39.784  -23.620  51.835 0.0000000000
71970  -41.361  -23.171  50.381 0.0000000000
72133  -42.914  -24.107  39.804 0.0000000000
72112  -42.750  -23.765  40.633 0.0000000000
73228  -42.915  -22.887  41.334 0.0000000000
74291  -42.974  -22.040  41.898 0.0000000000
74311  -43.826  -21.835  41.092 0.0000000000
74292  -43.404  -21.208  41.874 0.0000000000
74274  -42.951  -21.173  42.412 0.0000000000
76514  -43.107  -20.480  43.493 0.0000000000
76499  -43.532  -20.321  43.762 0.0000000000
76549  -45.936  -20.304  40.738 0.0000000000
76533  -45.593  -19.701  41.539 0.0000000000
76517  -45.155  -19.474  42.207 0.0000000000
77574  -46.102  -18.852  43.195 0.0000000000
77573  -45.171  -18.969  43.087 0.0000000000
44232  -3.066  -46.654  62.289 0.0000000000
67387  -35.369  -28.617  41.457 0.0000000000
67388  -36.189  -28.211  41.390 0.0000000000
67411  -38.225  -27.183  40.108 0.0000000000
67429  -37.699  -27.429  39.196 0.0000000000
68557  -38.991  -26.724  39.872 0.0000000000
68593  -39.298  -26.256  38.682 0.0000000000
69804  -40.966  -25.563  39.386 0.0000000000
71018  -40.945  -24.626  37.910 0.0000000000
70973  -42.960  -24.359  39.357 0.0000000000
72134  -43.566  -23.784  39.507 0.0000000000
72135  -44.165  -23.415  39.069 0.0000000000
72164  -43.309  -23.936  37.800 0.0000000000
72150  -43.865  -23.618  38.562 0.0000000000
73250  -45.134  -22.699  39.024 0.0000000000
74355  -43.225  -22.248  35.766 0.0000000000
74356  -44.123  -22.172  35.774 0.0000000000
73272  -45.410  -22.486  37.435 0.0000000000
74336  -45.964  -22.224  37.912 0.0000000000
74330  -46.431  -21.489  38.836 0.0000000000
75459  -46.914  -21.280  38.597 0.0000000000
75460  -47.467  -20.838  38.262 0.0000000000
75467  -47.488  -20.690  37.255 0.0000000000
76579  -47.988  -20.237  37.865 0.0000000000
76588  -48.465  -19.662  37.307 0.0000000000
77650  -48.944  -19.167  37.570 0.0000000000
77661  -49.190  -18.683  37.152 0.0000000000
77673  -48.330  -18.710  35.992 0.0000000000
78651  -47.400  -17.891  35.129 0.0000000000
77671  -46.703  -18.496  35.066 0.0000000000
78650  -46.835  -17.987  35.005 0.0000000000
50287  -8.541  -42.584  61.355 0.0000000000
49071  -7.687  -43.106  61.282 0.0000000000
50248  -7.968  -42.326  63.626 0.0000000000
49053  -7.740  -42.834  62.245 0.0000000000
47845  -6.715  -43.551  61.219 0.0000000000
49005  -6.888  -42.658  65.216 0.0000000000
50204  -6.429  -42.662  66.556 0.0000000000
49004  -6.307  -42.998  65.449 0.0000000000
49033  -6.241  -43.565  63.423 0.0000000000
47829  -5.866  -44.019  62.296 0.0000000000
46708  -5.661  -44.615  61.626 0.0000000000
46707  -5.127  -45.181  61.733 0.0000000000
46674  -4.666  -44.947  63.577 0.0000000000
46691  -4.288  -45.425  63.066 0.0000000000
44220  -2.941  -46.786  63.275 0.0000000000
43045  -3.523  -46.790  64.963 0.0000000000
44182  -3.901  -46.138  65.668 0.0000000000
44191  -3.892  -46.398  65.341 0.0000000000
70646  -40.038  -24.852  58.978 0.0000000000
71836  -39.141  -24.558  58.617 0.0000000000
62221  -40.003  -31.516  60.206 0.0000000000
63470  -40.106  -30.789  58.853 0.0000000000
67173  -39.596  -28.657  54.190 0.0000000000
65977  -40.093  -27.984  58.839 0.0000000000
68295  -39.525  -26.276  58.469 0.0000000000
68309  -38.680  -25.823  57.036 0.0000000000
69524  -38.750  -25.469  57.646 0.0000000000
69504  -39.026  -25.445  58.305 0.0000000000
69503  -38.699  -25.053  57.813 0.0000000000
70683  -38.593  -24.673  57.424 0.0000000000
71885  -38.103  -24.355  56.018 0.0000000000
71910  -37.429  -24.393  54.609 0.0000000000
70721  -37.063  -24.326  53.873 0.0000000000
70764  -35.801  -25.170  50.975 0.0000000000
69616  -35.686  -25.563  49.720 0.0000000000
69591  -35.006  -26.083  51.210 0.0000000000
69602  -34.908  -25.969  50.853 0.0000000000
69629  -33.980  -25.818  49.118 0.0000000000
69614  -34.736  -25.902  50.058 0.0000000000
69615  -35.158  -25.719  49.774 0.0000000000
69645  -35.532  -25.772  48.422 0.0000000000
68464  -34.751  -26.740  46.381 0.0000000000
68483  -35.105  -27.175  45.667 0.0000000000
66111  -34.336  -28.774  46.668 0.0000000000
66108  -32.290  -28.332  46.057 0.0000000000
67258  -32.267  -27.884  46.197 0.0000000000
67278  -31.739  -27.963  45.586 0.0000000000
67360  -32.292  -28.353  42.166 0.0000000000
67335  -33.611  -27.948  43.044 0.0000000000
67362  -33.975  -28.195  42.325 0.0000000000
56370  -18.669  -37.209  63.209 0.0000000000
56361  -19.542  -37.372  63.808 0.0000000000
53808  -20.834  -39.004  62.973 0.0000000000
57773  -20.559  -37.620  52.913 0.0000000000
56524  -21.177  -37.606  54.255 0.0000000000
55247  -21.592  -37.857  54.467 0.0000000000
55200  -22.402  -38.470  56.459 0.0000000000
53938  -23.417  -39.585  56.979 0.0000000000
53920  -23.338  -39.254  57.582 0.0000000000
53903  -23.476  -39.079  58.390 0.0000000000
53883  -23.795  -39.054  59.011 0.0000000000
52628  -24.476  -40.355  60.972 0.0000000000
52797  -26.271  -40.525  52.294 0.0000000000
52771  -27.052  -40.928  53.173 0.0000000000
51616  -25.661  -41.459  54.419 0.0000000000
51596  -25.118  -41.530  55.596 0.0000000000
51580  -28.188  -41.660  56.707 0.0000000000
50402  -28.566  -41.980  58.108 0.0000000000
51579  -27.057  -41.694  56.305 0.0000000000
51578  -26.288  -41.674  56.312 0.0000000000
50444  -25.202  -41.560  56.345 0.0000000000
50420  -24.937  -41.466  56.884 0.0000000000
50398  -25.059  -41.435  57.582 0.0000000000
51531  -25.330  -40.723  59.273 0.0000000000
50347  -25.731  -41.559  59.218 0.0000000000
50256  -25.640  -41.106  62.877 0.0000000000
50277  -25.706  -42.131  62.694 0.0000000000
50257  -26.295  -41.509  63.275 0.0000000000
49043  -26.627  -42.553  63.451 0.0000000000
52571  -28.407  -41.237  63.974 0.0000000000
51395  -28.215  -41.409  64.273 0.0000000000
50219  -28.134  -41.944  64.835 0.0000000000
50412  -9.995  -42.084  56.854 0.0000000000
50390  -11.004  -41.524  58.016 0.0000000000
50338  -10.010  -42.096  59.585 0.0000000000
50289  -10.188  -41.562  61.473 0.0000000000
67283  -37.398  -27.691  44.884 0.0000000000
68486  -37.860  -27.443  45.459 0.0000000000
68445  -39.880  -26.200  47.117 0.0000000000
68515  -39.393  -26.516  43.576 0.0000000000
69706  -39.922  -26.175  44.511 0.0000000000
68500  -39.511  -26.657  44.634 0.0000000000
68470  -40.360  -26.123  46.619 0.0000000000
69667  -40.422  -25.629  47.467 0.0000000000
70831  -40.937  -25.174  47.555 0.0000000000
72075  -41.477  -23.036  42.520 0.0000000000
73188  -41.885  -22.246  42.934 0.0000000000
72064  -41.563  -22.935  43.192 0.0000000000
70867  -43.631  -24.638  45.368 0.0000000000
78639  -50.121  -17.450  37.550 0.0000000000
79723  -50.817  -16.651  37.131 0.0000000000
79724  -51.479  -15.957  37.555 0.0000000000
80886  -51.564  -15.611  37.197 0.0000000000
81970  -52.085  -15.101  37.722 0.0000000000
81979  -51.706  -14.846  36.564 0.0000000000
80924  -47.566  -16.486  33.869 0.0000000000
80910  -47.821  -16.317  34.106 0.0000000000
80911  -48.804  -15.714  34.323 0.0000000000
80926  -48.784  -15.738  33.800 0.0000000000
80912  -49.457  -15.246  34.584 0.0000000000
81971  -52.512  -14.628  37.494 0.0000000000
81980  -52.764  -14.278  36.454 0.0000000000
81981  -53.519  -14.226  36.494 0.0000000000
83062  -52.525  -14.264  34.959 0.0000000000
83051  -53.392  -14.058  35.797 0.0000000000
83053  -54.146  -14.062  35.895 0.0000000000
81995  -54.292  -14.367  35.760 0.0000000000
80939  -50.361  -15.860  33.047 0.0000000000
82032  -50.997  -15.188  33.373 0.0000000000
82019  -52.215  -14.754  33.475 0.0000000000
82020  -53.071  -14.379  33.365 0.0000000000
83092  -53.746  -14.004  33.625 0.0000000000
82021  -54.826  -14.171  34.258 0.0000000000
80962  -55.590  -14.783  30.460 0.0000000000
44181  -3.782  -45.896  65.347 0.0000000000
45374  -4.738  -44.615  66.441 0.0000000000
45405  -3.720  -45.790  65.121 0.0000000000
45439  -3.555  -45.789  63.813 0.0000000000
46626  -4.085  -45.280  65.084 0.0000000000
46639  -4.459  -44.758  65.133 0.0000000000
46652  -3.606  -45.693  64.634 0.0000000000
46654  -4.398  -45.024  64.099 0.0000000000
46675  -5.164  -44.675  63.160 0.0000000000
47776  -5.024  -43.798  66.518 0.0000000000
47784  -4.751  -43.743  65.997 0.0000000000
47816  -6.260  -43.655  62.889 0.0000000000
48996  -4.904  -43.617  66.179 0.0000000000
49042  -26.073  -42.561  62.966 0.0000000000
49061  -25.677  -42.556  62.692 0.0000000000
49070  -7.171  -43.269  61.098 0.0000000000
49076  -27.567  -42.118  61.099 0.0000000000
49090  -26.914  -42.241  60.318 0.0000000000
49091  -27.416  -42.282  60.656 0.0000000000
49092  -28.116  -42.432  60.598 0.0000000000
49107  -27.804  -42.578  60.084 0.0000000000
50205  -7.001  -42.491  66.365 0.0000000000
50211  -6.574  -42.666  66.096 0.0000000000
50213  -7.789  -42.193  65.369 0.0000000000
50218  -27.857  -41.510  64.336 0.0000000000
50228  -7.338  -42.464  64.989 0.0000000000
50250  -9.383  -41.532  62.927 0.0000000000
50298  -27.741  -41.971  61.458 0.0000000000
50299  -28.576  -42.163  61.284 0.0000000000
50312  -10.679  -41.573  60.338 0.0000000000
50320  -22.469  -41.206  61.525 0.0000000000
50349  -27.469  -42.577  59.433 0.0000000000
50350  -28.391  -42.617  59.562 0.0000000000
50366  -11.153  -41.377  58.599 0.0000000000
50445  -25.753  -41.648  56.093 0.0000000000
51363  -6.992  -42.490  66.868 0.0000000000
51373  -8.328  -41.738  66.205 0.0000000000
51397  -29.783  -40.798  64.828 0.0000000000
51419  -27.914  -41.219  63.884 0.0000000000
51420  -28.657  -41.274  64.135 0.0000000000
51456  -11.547  -40.101  62.116 0.0000000000
51464  -21.552  -40.308  62.864 0.0000000000
51469  -28.833  -41.337  62.853 0.0000000000
51492  -27.291  -41.294  61.824 0.0000000000
51502  -10.494  -41.522  61.081 0.0000000000
51509  -22.421  -41.068  61.328 0.0000000000
51510  -22.636  -41.176  61.143 0.0000000000
51532  -25.908  -41.170  59.813 0.0000000000
51543  -10.975  -41.364  59.601 0.0000000000
51560  -24.396  -40.194  57.675 0.0000000000
51562  -28.389  -41.824  57.516 0.0000000000
51600  -29.417  -40.851  55.995 0.0000000000
51634  -27.010  -41.396  53.621 0.0000000000
52522  -8.723  -41.357  66.571 0.0000000000
52549  -31.022  -40.244  64.416 0.0000000000
52550  -31.466  -40.354  64.493 0.0000000000
52568  -26.600  -40.615  63.334 0.0000000000
52569  -26.998  -40.655  63.622 0.0000000000
52572  -28.909  -41.102  64.077 0.0000000000
52574  -31.614  -40.147  64.477 0.0000000000
52590  -25.703  -40.564  62.534 0.0000000000
52594  -28.249  -41.185  63.792 0.0000000000
52612  -26.475  -40.508  62.397 0.0000000000
52624  -12.447  -39.360  61.260 0.0000000000
52647  -25.748  -40.413  60.762 0.0000000000
52662  -32.625  -40.418  60.290 0.0000000000
52673  -23.698  -39.353  58.000 0.0000000000
53796  -31.466  -39.988  64.284 0.0000000000
53809  -31.668  -39.974  64.172 0.0000000000
53824  -20.685  -38.480  62.738 0.0000000000
53861  -23.710  -39.161  59.447 0.0000000000
53881  -22.741  -38.881  59.263 0.0000000000
53921  -23.625  -39.504  57.405 0.0000000000
53934  -17.308  -39.250  56.144 0.0000000000
53942  -37.721  -38.290  56.129 0.0000000000
53949  -16.780  -39.389  55.487 0.0000000000
53969  -22.403  -38.592  54.873 0.0000000000
53987  -33.372  -39.068  52.686 0.0000000000
55061  -18.228  -37.164  63.375 0.0000000000
55175  -18.901  -38.392  57.686 0.0000000000
55185  -36.951  -38.558  57.709 0.0000000000
55206  -37.430  -38.495  57.123 0.0000000000
55221  -21.065  -37.542  55.149 0.0000000000
55222  -21.332  -37.708  55.551 0.0000000000
55293  -34.403  -38.612  52.267 0.0000000000
56346  -16.181  -36.728  64.542 0.0000000000
56358  -16.871  -36.985  63.844 0.0000000000
56360  -18.620  -37.150  63.874 0.0000000000
56371  -19.232  -37.253  62.946 0.0000000000
56392  -36.187  -37.170  61.829 0.0000000000
56478  -20.921  -37.472  56.349 0.0000000000
56507  -38.104  -36.782  55.002 0.0000000000
56550  -21.239  -37.366  53.010 0.0000000000
57631  -36.637  -36.781  61.878 0.0000000000
57727  -39.561  -35.182  55.711 0.0000000000
57737  -20.589  -37.715  53.838 0.0000000000
57739  -20.962  -37.540  54.191 0.0000000000
57756  -20.702  -37.616  53.516 0.0000000000
57757  -20.998  -37.527  53.801 0.0000000000
58777  -39.764  -34.118  57.988 0.0000000000
58839  -39.535  -33.955  54.548 0.0000000000
60999  -39.792  -32.194  58.620 0.0000000000
61000  -39.824  -32.452  58.136 0.0000000000
61106  -37.668  -32.204  50.234 0.0000000000
62220  -39.895  -31.326  59.833 0.0000000000
62254  -40.203  -31.169  58.230 0.0000000000
62283  -39.105  -31.876  53.996 0.0000000000
64906  -36.346  -29.337  48.948 0.0000000000
66034  -39.638  -29.183  54.193 0.0000000000
66070  -36.658  -28.892  49.562 0.0000000000
66121  -32.309  -28.840  45.598 0.0000000000
66162  -33.257  -28.482  41.793 0.0000000000
67169  -36.195  -26.485  53.127 0.0000000000
67285  -38.674  -27.278  44.834 0.0000000000
67386  -32.979  -28.486  41.802 0.0000000000
68322  -38.230  -25.514  55.840 0.0000000000
68378  -35.106  -26.199  51.359 0.0000000000
68388  -35.069  -26.581  51.352 0.0000000000
68395  -33.848  -26.617  50.167 0.0000000000
68441  -36.848  -26.510  47.066 0.0000000000
68575  -40.057  -26.096  39.962 0.0000000000
69538  -38.121  -25.251  55.889 0.0000000000
69551  -37.447  -25.328  54.696 0.0000000000
69641  -33.547  -26.865  48.018 0.0000000000
69658  -33.550  -26.758  47.758 0.0000000000
69686  -36.602  -26.447  47.050 0.0000000000
70644  -39.096  -24.794  58.730 0.0000000000
70665  -38.719  -24.816  57.894 0.0000000000
70709  -37.504  -24.946  55.049 0.0000000000
70785  -35.168  -25.715  50.210 0.0000000000
70951  -42.097  -24.394  40.475 0.0000000000
70997  -43.170  -24.340  38.811 0.0000000000
71021  -43.255  -24.241  38.331 0.0000000000
71837  -39.543  -24.360  58.619 0.0000000000
71884  -37.844  -24.445  55.570 0.0000000000
71896  -37.368  -24.933  55.063 0.0000000000
71909  -37.380  -24.746  54.726 0.0000000000
71911  -37.806  -23.929  54.692 0.0000000000
71925  -39.166  -23.477  53.240 0.0000000000
71954  -39.173  -23.885  52.274 0.0000000000
73050  -40.251  -23.101  51.763 0.0000000000
73091  -42.221  -22.765  50.145 0.0000000000
73206  -42.379  -22.728  41.761 0.0000000000
74275  -43.299  -20.892  42.281 0.0000000000
74337  -46.473  -21.731  38.260 0.0000000000
74343  -45.178  -22.260  36.715 0.0000000000
74358  -45.717  -21.728  36.376 0.0000000000
75370  -43.102  -20.925  44.134 0.0000000000
75383  -43.226  -20.613  43.994 0.0000000000
75396  -42.138  -20.978  43.090 0.0000000000
75397  -42.661  -20.699  43.016 0.0000000000
75414  -43.579  -20.532  42.120 0.0000000000
75433  -45.388  -20.880  40.271 0.0000000000
76488  -43.813  -20.285  43.937 0.0000000000
76498  -43.131  -20.534  43.719 0.0000000000
76552  -48.417  -19.127  39.840 0.0000000000
76610  -47.410  -19.412  35.876 0.0000000000
77586  -45.161  -19.210  42.612 0.0000000000
77612  -47.973  -18.957  40.642 0.0000000000
77651  -49.334  -18.567  37.788 0.0000000000
79691  -51.507  -16.738  41.055 0.0000000000
80875  -51.759  -15.552  37.826 0.0000000000
80877  -53.993  -14.744  36.789 0.0000000000
80899  -48.970  -15.965  34.761 0.0000000000
80903  -54.411  -14.945  35.595 0.0000000000
80927  -51.338  -15.133  33.357 0.0000000000
80928  -51.660  -15.098  33.332 0.0000000000
80944  -56.041  -15.098  32.629 0.0000000000
81982  -54.000  -14.315  36.324 0.0000000000
81991  -49.853  -15.110  34.745 0.0000000000
82022  -55.223  -14.370  33.649 0.0000000000
82053  -55.692  -14.545  31.033 0.0000000000
82054  -55.951  -14.682  31.204 0.0000000000
83052  -53.888  -13.911  35.925 0.0000000000
83088  -49.972  -14.736  33.786 0.0000000000
83104  -54.624  -14.088  33.181 0.0000000000
83105  -54.892  -14.085  33.232 0.0000000000
