#!ascii label  , from subject sub.01.dh.02t2 vox2ras=TkReg
397
10863  -34.244  -84.191  5.674 0.0000000000
9522  -32.575  -85.551  3.250 0.0000000000
13147  -38.460  -80.648  6.787 0.0000000000
8801  -36.167  -86.667  4.289 0.0000000000
12451  -37.952  -81.562  1.870 0.0000000000
13126  -34.533  -80.461  9.944 0.0000000000
15615  -34.750  -77.801  7.901 0.0000000000
16384  -30.269  -76.229  11.708 0.0000000000
13967  -37.928  -79.856  4.577 0.0000000000
12389  -38.776  -81.637  4.499 0.0000000000
13991  -40.546  -80.204  2.356 0.0000000000
14740  -36.057  -78.331  9.504 0.0000000000
16406  -34.545  -76.376  10.515 0.0000000000
19187  -30.181  -73.518  10.419 0.0000000000
18248  -31.172  -75.234  7.837 0.0000000000
8132  -33.583  -87.867  5.324 0.0000000000
9524  -34.522  -85.687  3.343 0.0000000000
6810  -34.293  -89.012  3.106 0.0000000000
7454  -32.360  -88.408  2.119 0.0000000000
11569  -36.254  -82.900  6.719 0.0000000000
9508  -36.084  -85.691  5.543 0.0000000000
10899  -36.416  -83.947  3.698 0.0000000000
10922  -35.188  -83.489  2.441 0.0000000000
12323  -36.429  -81.037  8.485 0.0000000000
13939  -36.322  -79.076  6.965 0.0000000000
14794  -35.399  -78.923  4.469 0.0000000000
18176  -33.818  -74.673  11.590 0.0000000000
15580  -32.158  -76.930  9.191 0.0000000000
15635  -32.861  -77.364  6.190 0.0000000000
16512  -35.263  -76.633  3.828 0.0000000000
6758  -34.668  -89.160  5.208 0.0000000000
13200  -32.023  -80.476  3.524 0.0000000000
10199  -30.031  -84.490  3.351 0.0000000000
8791  -27.068  -86.052  3.341 0.0000000000
14009  -37.568  -79.297  2.979 0.0000000000
13989  -39.342  -79.683  3.319 0.0000000000
10167  -33.767  -85.007  5.562 0.0000000000
9523  -33.572  -85.659  3.314 0.0000000000
8142  -33.644  -87.321  3.191 0.0000000000
8816  -32.257  -86.988  2.975 0.0000000000
7453  -31.285  -88.238  1.917 0.0000000000
8815  -31.422  -86.599  2.743 0.0000000000
12356  -38.021  -81.977  6.869 0.0000000000
11571  -38.037  -82.197  6.421 0.0000000000
12433  -38.201  -81.723  3.018 0.0000000000
11616  -37.489  -82.294  3.381 0.0000000000
11637  -36.964  -82.392  2.536 0.0000000000
11614  -35.892  -83.289  2.828 0.0000000000
11636  -36.072  -82.754  2.204 0.0000000000
12322  -35.501  -81.285  8.577 0.0000000000
12309  -35.799  -80.776  9.049 0.0000000000
15600  -35.485  -77.425  8.568 0.0000000000
14748  -36.304  -78.595  8.264 0.0000000000
14757  -35.656  -78.398  7.606 0.0000000000
13950  -35.641  -79.348  6.080 0.0000000000
14767  -34.767  -78.817  6.713 0.0000000000
17248  -31.971  -75.907  12.057 0.0000000000
16404  -32.614  -76.310  10.454 0.0000000000
16403  -31.461  -76.474  10.385 0.0000000000
18262  -32.552  -74.783  6.805 0.0000000000
16460  -31.958  -76.192  6.982 0.0000000000
17354  -33.392  -75.839  5.557 0.0000000000
16490  -33.937  -76.747  4.715 0.0000000000
8785  -36.221  -86.487  5.279 0.0000000000
8134  -35.545  -87.524  5.286 0.0000000000
8138  -35.795  -87.820  4.686 0.0000000000
6161  -33.570  -90.476  2.858 0.0000000000
13963  -31.020  -79.559  4.303 0.0000000000
11612  -31.178  -82.412  3.651 0.0000000000
9517  -27.590  -85.260  3.546 0.0000000000
13953  -38.578  -80.168  5.269 0.0000000000
12370  -39.110  -81.400  5.290 0.0000000000
13165  -39.367  -80.616  4.815 0.0000000000
13202  -40.329  -80.577  3.340 0.0000000000
12435  -39.827  -80.995  2.210 0.0000000000
13127  -35.660  -80.017  9.692 0.0000000000
15584  -35.683  -77.491  9.511 0.0000000000
16441  -35.042  -77.077  8.818 0.0000000000
17264  -29.577  -75.264  11.418 0.0000000000
17307  -29.986  -75.592  9.777 0.0000000000
18214  -30.251  -74.733  9.035 0.0000000000
19243  -32.119  -74.090  7.521 0.0000000000
19258  -33.764  -74.069  6.592 0.0000000000
8800  -35.612  -86.754  3.797 0.0000000000
8144  -35.093  -87.755  3.491 0.0000000000
8160  -34.382  -88.115  3.107 0.0000000000
7455  -33.222  -88.594  2.499 0.0000000000
6821  -32.419  -90.048  1.276 0.0000000000
7470  -30.670  -88.982  1.347 0.0000000000
7469  -29.454  -88.886  1.348 0.0000000000
7468  -28.300  -88.868  1.413 0.0000000000
11568  -35.227  -82.849  6.552 0.0000000000
10168  -34.809  -84.970  5.585 0.0000000000
10170  -36.427  -84.603  5.488 0.0000000000
10181  -36.695  -84.766  4.868 0.0000000000
11596  -38.399  -81.948  4.994 0.0000000000
10879  -36.790  -83.767  4.393 0.0000000000
10205  -36.148  -84.861  3.899 0.0000000000
9525  -35.408  -85.788  3.583 0.0000000000
10203  -34.084  -84.797  2.986 0.0000000000
10224  -33.615  -83.959  2.733 0.0000000000
11552  -35.652  -82.227  7.250 0.0000000000
12341  -36.941  -81.581  7.818 0.0000000000
12325  -37.686  -80.854  7.794 0.0000000000
13128  -36.428  -79.863  9.078 0.0000000000
13919  -37.216  -79.874  8.280 0.0000000000
13928  -38.096  -79.985  7.028 0.0000000000
13952  -37.653  -79.765  5.583 0.0000000000
13966  -36.797  -79.645  4.851 0.0000000000
14809  -36.148  -78.920  3.556 0.0000000000
17288  -33.996  -75.366  10.652 0.0000000000
16425  -33.865  -76.673  9.640 0.0000000000
15598  -33.441  -77.423  8.556 0.0000000000
16439  -30.996  -76.254  8.344 0.0000000000
15613  -32.608  -77.558  7.812 0.0000000000
14754  -33.251  -78.176  7.202 0.0000000000
14779  -33.919  -78.408  5.480 0.0000000000
14807  -34.869  -78.057  4.144 0.0000000000
8783  -34.990  -86.759  5.516 0.0000000000
7420  -34.257  -88.729  5.347 0.0000000000
6802  -34.711  -89.270  3.588 0.0000000000
6129  -34.089  -90.478  4.511 0.0000000000
11650  -35.091  -82.067  1.429 0.0000000000
10921  -34.096  -83.135  2.235 0.0000000000
10223  -32.739  -83.867  2.952 0.0000000000
10918  -31.881  -83.138  2.911 0.0000000000
10200  -30.998  -84.461  3.086 0.0000000000
8794  -29.918  -86.007  3.094 0.0000000000
8153  -28.141  -87.491  2.449 0.0000000000
14010  -38.483  -79.349  2.664 0.0000000000
8797  -33.006  -86.632  3.371 0.0000000000
8796  -32.158  -86.267  3.070 0.0000000000
9521  -31.515  -85.535  2.964 0.0000000000
12343  -38.373  -81.074  7.182 0.0000000000
12357  -38.519  -81.496  6.535 0.0000000000
11638  -37.568  -81.985  2.572 0.0000000000
11653  -37.326  -82.035  2.116 0.0000000000
11652  -36.892  -82.188  1.605 0.0000000000
13125  -33.564  -80.507  10.094 0.0000000000
12307  -33.982  -80.938  9.381 0.0000000000
12308  -35.049  -80.972  9.349 0.0000000000
15616  -35.378  -77.987  7.914 0.0000000000
14747  -35.829  -78.165  8.113 0.0000000000
14756  -35.054  -78.341  7.434 0.0000000000
14768  -35.534  -78.709  7.109 0.0000000000
14755  -34.195  -78.320  7.303 0.0000000000
16367  -30.088  -76.139  12.654 0.0000000000
16354  -30.601  -76.359  13.400 0.0000000000
16368  -30.973  -76.284  12.422 0.0000000000
16385  -31.282  -76.303  11.364 0.0000000000
16386  -32.091  -76.175  10.980 0.0000000000
18263  -33.552  -74.879  6.067 0.0000000000
17341  -32.898  -75.459  6.243 0.0000000000
17355  -34.001  -75.555  5.119 0.0000000000
18275  -34.443  -75.050  5.318 0.0000000000
8788  -36.444  -86.567  4.841 0.0000000000
8139  -36.128  -87.145  5.055 0.0000000000
8146  -36.153  -87.169  4.604 0.0000000000
11592  -29.745  -82.305  4.314 0.0000000000
10197  -28.111  -84.526  3.794 0.0000000000
10179  -27.700  -83.850  4.093 0.0000000000
13968  -39.113  -79.912  4.345 0.0000000000
13990  -40.269  -79.970  3.058 0.0000000000
13969  -39.821  -79.964  3.900 0.0000000000
12412  -39.987  -81.149  3.231 0.0000000000
13203  -40.415  -80.571  2.793 0.0000000000
16427  -35.378  -77.000  9.188 0.0000000000
16426  -34.767  -76.855  9.281 0.0000000000
17247  -29.397  -75.082  12.318 0.0000000000
18195  -29.658  -74.680  10.713 0.0000000000
18213  -29.825  -74.624  9.873 0.0000000000
19204  -29.916  -74.022  10.304 0.0000000000
19244  -32.835  -73.730  7.254 0.0000000000
8799  -34.870  -86.687  3.429 0.0000000000
8143  -34.337  -87.434  3.219 0.0000000000
8158  -32.876  -87.726  2.902 0.0000000000
7471  -31.861  -89.096  1.397 0.0000000000
7452  -30.037  -88.036  1.975 0.0000000000
7451  -28.808  -88.226  2.027 0.0000000000
10852  -35.775  -83.858  6.080 0.0000000000
10171  -36.868  -84.232  5.375 0.0000000000
10182  -37.007  -84.020  5.066 0.0000000000
11594  -36.968  -83.191  4.195 0.0000000000
10226  -34.934  -84.071  2.662 0.0000000000
10225  -34.504  -84.044  2.616 0.0000000000
12340  -36.046  -81.620  7.862 0.0000000000
12324  -37.278  -80.973  8.103 0.0000000000
13910  -35.903  -78.975  9.928 0.0000000000
13911  -36.302  -79.171  9.336 0.0000000000
13926  -36.550  -79.073  7.825 0.0000000000
13918  -36.681  -79.378  8.498 0.0000000000
13927  -37.350  -79.633  7.644 0.0000000000
13940  -37.453  -79.587  6.572 0.0000000000
13965  -35.670  -79.341  5.086 0.0000000000
13986  -36.017  -79.230  4.227 0.0000000000
18196  -34.260  -74.725  10.943 0.0000000000
16405  -33.566  -76.226  10.318 0.0000000000
16424  -32.954  -76.719  9.727 0.0000000000
15582  -33.222  -77.043  9.143 0.0000000000
15597  -32.619  -77.252  8.671 0.0000000000
17322  -30.536  -75.625  8.754 0.0000000000
16422  -30.792  -76.446  9.394 0.0000000000
16461  -32.369  -76.718  6.636 0.0000000000
16451  -31.678  -76.593  7.598 0.0000000000
16452  -32.248  -77.197  7.193 0.0000000000
15623  -33.138  -77.876  6.320 0.0000000000
14766  -33.703  -78.411  6.387 0.0000000000
15636  -33.442  -77.663  5.597 0.0000000000
16491  -34.490  -76.672  4.405 0.0000000000
15652  -34.587  -77.580  4.271 0.0000000000
16511  -34.822  -77.094  4.049 0.0000000000
15671  -35.730  -77.553  3.182 0.0000000000
9507  -35.344  -85.784  5.544 0.0000000000
9506  -34.384  -85.886  5.477 0.0000000000
7421  -35.084  -88.584  5.274 0.0000000000
8133  -34.624  -87.754  5.434 0.0000000000
6757  -34.106  -89.766  5.191 0.0000000000
7457  -34.590  -88.575  3.272 0.0000000000
6803  -35.200  -88.782  3.787 0.0000000000
5490  -33.472  -90.995  3.056 0.0000000000
5474  -33.644  -90.980  3.607 0.0000000000
11665  -36.421  -81.869  0.710 0.0000000000
12449  -35.437  -81.380  0.945 0.0000000000
11634  -33.439  -82.227  2.424 0.0000000000
10920  -33.131  -83.122  2.691 0.0000000000
10895  -30.403  -83.465  3.609 0.0000000000
10896  -31.590  -83.460  3.112 0.0000000000
9520  -30.460  -85.451  2.980 0.0000000000
9519  -29.539  -85.284  3.328 0.0000000000
8792  -28.074  -86.046  3.284 0.0000000000
8812  -28.585  -86.719  2.827 0.0000000000
8811  -27.559  -86.803  2.928 0.0000000000
13988  -38.284  -79.637  3.617 0.0000000000
14011  -39.515  -79.446  2.020 0.0000000000
19205  -30.361  -73.697  9.578 0.0000000000
20215  -31.075  -72.739  9.668 0.0000000000
8782  -33.975  -86.847  5.364 0.0000000000
8798  -34.022  -86.591  3.347 0.0000000000
8157  -31.837  -87.597  2.557 0.0000000000
8156  -30.838  -87.372  2.420 0.0000000000
8155  -30.005  -87.203  2.511 0.0000000000
11570  -37.347  -82.507  6.763 0.0000000000
10854  -37.326  -83.188  6.178 0.0000000000
11581  -37.710  -82.774  5.953 0.0000000000
12411  -38.984  -81.463  3.635 0.0000000000
12410  -38.173  -81.916  3.992 0.0000000000
11615  -36.569  -83.072  3.497 0.0000000000
10898  -35.975  -83.950  3.122 0.0000000000
10941  -35.403  -82.664  1.752 0.0000000000
13136  -36.259  -80.407  8.991 0.0000000000
15585  -35.989  -77.897  9.002 0.0000000000
14741  -36.315  -78.526  8.880 0.0000000000
15601  -35.998  -78.087  8.569 0.0000000000
14758  -36.119  -78.638  7.693 0.0000000000
14769  -35.930  -78.678  7.345 0.0000000000
13938  -35.387  -79.036  6.604 0.0000000000
13949  -34.992  -79.200  6.248 0.0000000000
13964  -34.989  -79.236  5.567 0.0000000000
17249  -32.550  -75.151  12.472 0.0000000000
18175  -33.138  -74.714  12.086 0.0000000000
17266  -32.868  -75.337  11.213 0.0000000000
17265  -32.116  -76.035  11.422 0.0000000000
16423  -31.965  -76.821  9.513 0.0000000000
18249  -31.656  -74.755  7.510 0.0000000000
17331  -31.320  -75.664  7.620 0.0000000000
17340  -32.280  -75.729  6.674 0.0000000000
17353  -32.740  -76.090  6.139 0.0000000000
16473  -32.991  -76.740  5.811 0.0000000000
16474  -33.554  -76.758  5.150 0.0000000000
17372  -33.949  -76.170  4.869 0.0000000000
16492  -34.920  -76.142  4.277 0.0000000000
8784  -35.759  -86.576  5.485 0.0000000000
8135  -35.964  -86.961  5.325 0.0000000000
7422  -35.488  -88.289  4.993 0.0000000000
7440  -35.300  -88.743  4.930 0.0000000000
6809  -33.883  -89.496  2.858 0.0000000000
13180  -30.560  -80.438  4.480 0.0000000000
12387  -30.935  -81.367  4.177 0.0000000000
12408  -31.628  -81.365  3.647 0.0000000000
11593  -30.493  -82.033  4.177 0.0000000000
10878  -30.002  -82.972  4.071 0.0000000000
10894  -29.752  -83.955  3.743 0.0000000000
13155  -38.817  -80.741  5.880 0.0000000000
12371  -39.597  -81.010  4.815 0.0000000000
13182  -39.581  -80.275  4.243 0.0000000000
13183  -39.844  -80.556  3.933 0.0000000000
12390  -39.514  -81.167  4.309 0.0000000000
12434  -39.077  -81.370  2.608 0.0000000000
12452  -39.152  -81.009  1.676 0.0000000000
13116  -34.783  -79.866  10.318 0.0000000000
14730  -35.587  -78.222  10.163 0.0000000000
15599  -34.484  -77.304  8.557 0.0000000000
16383  -29.719  -75.755  12.036 0.0000000000
16401  -29.792  -75.912  11.247 0.0000000000
16402  -30.260  -76.247  10.570 0.0000000000
17285  -29.731  -75.574  10.581 0.0000000000
18234  -30.907  -74.901  8.235 0.0000000000
19206  -31.092  -73.339  8.922 0.0000000000
19226  -30.900  -74.071  8.623 0.0000000000
18235  -31.284  -74.315  8.094 0.0000000000
18250  -32.272  -74.327  7.264 0.0000000000
19257  -33.162  -74.349  6.669 0.0000000000
8145  -35.789  -87.443  4.128 0.0000000000
7456  -33.972  -88.726  2.818 0.0000000000
6819  -30.033  -89.813  1.037 0.0000000000
6818  -28.857  -89.672  0.933 0.0000000000
10851  -34.740  -83.501  6.012 0.0000000000
10864  -35.201  -84.233  5.776 0.0000000000
10865  -35.636  -84.257  5.855 0.0000000000
10169  -35.749  -84.670  5.730 0.0000000000
10161  -36.177  -84.237  5.898 0.0000000000
9509  -36.505  -85.708  5.142 0.0000000000
9511  -36.428  -85.809  4.507 0.0000000000
11582  -38.265  -82.093  5.695 0.0000000000
11595  -37.491  -82.696  4.696 0.0000000000
9526  -36.034  -86.014  3.984 0.0000000000
10204  -35.106  -84.602  3.066 0.0000000000
10202  -33.123  -84.718  3.086 0.0000000000
12339  -35.060  -81.664  7.857 0.0000000000
11553  -36.612  -82.168  7.345 0.0000000000
11554  -37.226  -81.974  7.390 0.0000000000
12342  -37.817  -81.504  7.436 0.0000000000
13137  -36.910  -80.288  8.592 0.0000000000
13138  -37.500  -80.357  8.057 0.0000000000
13146  -38.028  -80.562  7.520 0.0000000000
13941  -38.256  -80.114  6.224 0.0000000000
13951  -36.603  -79.482  5.873 0.0000000000
13987  -36.998  -79.532  3.745 0.0000000000
17287  -33.286  -75.790  10.668 0.0000000000
15583  -33.979  -77.106  9.062 0.0000000000
15614  -33.779  -77.803  7.901 0.0000000000
16440  -31.503  -76.818  8.662 0.0000000000
15612  -32.062  -77.076  8.323 0.0000000000
14780  -34.373  -78.960  5.837 0.0000000000
14793  -34.593  -78.569  4.745 0.0000000000
15651  -33.951  -77.467  4.718 0.0000000000
14808  -35.400  -78.445  3.865 0.0000000000
15685  -36.089  -78.130  2.796 0.0000000000
7419  -33.132  -88.994  5.232 0.0000000000
7445  -35.510  -88.313  4.003 0.0000000000
6785  -35.296  -88.937  4.102 0.0000000000
6784  -34.913  -89.323  4.655 0.0000000000
6801  -34.147  -89.854  3.209 0.0000000000
6149  -34.694  -89.722  4.088 0.0000000000
6783  -34.443  -89.905  4.716 0.0000000000
13221  -40.046  -80.783  2.031 0.0000000000
12471  -38.510  -81.228  1.260 0.0000000000
12450  -37.262  -81.766  1.122 0.0000000000
11666  -36.665  -81.957  0.932 0.0000000000
11651  -35.973  -82.318  0.981 0.0000000000
10940  -34.822  -82.655  1.960 0.0000000000
10201  -32.100  -84.477  3.144 0.0000000000
11613  -31.921  -82.055  3.274 0.0000000000
11633  -32.564  -82.313  2.880 0.0000000000
10919  -32.256  -83.206  2.848 0.0000000000
9543  -30.872  -85.981  2.725 0.0000000000
9542  -30.566  -85.968  2.817 0.0000000000
8813  -29.527  -86.630  2.790 0.0000000000
8154  -29.186  -87.406  2.463 0.0000000000
6130  -34.529  -89.949  4.368 0.0000000000
6148  -34.287  -90.161  3.721 0.0000000000
7441  -35.450  -88.606  4.591 0.0000000000
7444  -35.076  -88.554  3.575 0.0000000000
7473  -33.421  -89.223  2.402 0.0000000000
8795  -30.342  -85.978  2.921 0.0000000000
8814  -30.435  -86.470  2.747 0.0000000000
10180  -28.511  -83.899  4.094 0.0000000000
10897  -32.162  -83.761  2.979 0.0000000000
11611  -30.372  -82.644  3.962 0.0000000000
11632  -31.861  -82.753  3.012 0.0000000000
12388  -38.211  -82.017  4.578 0.0000000000
12413  -40.241  -80.869  2.519 0.0000000000
12436  -40.153  -80.816  2.253 0.0000000000
12453  -39.649  -80.894  1.811 0.0000000000
13166  -39.672  -80.828  4.494 0.0000000000
13222  -40.332  -80.552  2.064 0.0000000000
13240  -39.343  -80.886  1.290 0.0000000000
13241  -39.824  -80.802  1.474 0.0000000000
13937  -35.042  -79.055  6.533 0.0000000000
14765  -33.136  -78.116  6.682 0.0000000000
14792  -33.860  -78.098  5.040 0.0000000000
14825  -35.891  -78.413  3.178 0.0000000000
15581  -32.484  -76.965  9.182 0.0000000000
15596  -32.099  -77.006  8.919 0.0000000000
15622  -32.657  -77.695  6.822 0.0000000000
15670  -35.067  -77.556  3.841 0.0000000000
16442  -35.256  -76.985  8.957 0.0000000000
16450  -31.158  -76.059  7.860 0.0000000000
17267  -33.737  -74.827  10.939 0.0000000000
17286  -29.885  -75.881  10.281 0.0000000000
17289  -34.587  -75.448  10.690 0.0000000000
17306  -29.698  -75.135  10.206 0.0000000000
17330  -30.966  -75.629  8.081 0.0000000000
17339  -31.734  -75.691  7.165 0.0000000000
18261  -32.022  -75.227  7.014 0.0000000000
18294  -34.695  -75.261  4.948 0.0000000000
19186  -29.984  -73.790  11.069 0.0000000000
