#!ascii label  , from subject sub.01.dh.02t2 vox2ras=TkReg
1076
57210  22.355  -31.161  52.204 0.0000000000
55797  33.690  -32.907  60.054 0.0000000000
74318  38.474  -18.665  35.199 0.0000000000
65667  32.539  -26.089  45.679 0.0000000000
60843  37.340  -29.313  51.606 0.0000000000
85146  48.441  -9.481  27.273 0.0000000000
71777  38.780  -20.491  38.322 0.0000000000
70529  33.699  -21.172  38.459 0.0000000000
57190  17.392  -32.235  53.105 0.0000000000
55885  27.685  -32.322  55.354 0.0000000000
58416  31.439  -31.419  54.128 0.0000000000
57306  25.100  -31.466  48.962 0.0000000000
80883  42.738  -13.405  31.562 0.0000000000
63194  26.033  -28.373  56.914 0.0000000000
59606  20.404  -29.811  57.213 0.0000000000
78666  42.835  -15.757  35.542 0.0000000000
57119  15.766  -31.608  57.075 0.0000000000
54699  10.749  -34.786  57.739 0.0000000000
71688  33.780  -20.771  44.711 0.0000000000
64480  35.823  -27.210  48.197 0.0000000000
57352  36.008  -32.630  46.953 0.0000000000
56028  34.475  -32.426  50.545 0.0000000000
74247  38.733  -19.687  40.580 0.0000000000
71778  36.506  -20.492  38.596 0.0000000000
73040  36.276  -20.062  40.217 0.0000000000
75389  40.801  -18.035  40.499 0.0000000000
58476  20.551  -31.685  49.925 0.0000000000
57260  18.149  -33.473  49.811 0.0000000000
57188  19.469  -31.668  52.729 0.0000000000
57165  25.185  -31.131  53.553 0.0000000000
56013  26.284  -32.142  51.927 0.0000000000
57257  23.228  -31.495  50.443 0.0000000000
57309  22.171  -32.610  48.070 0.0000000000
76536  38.368  -17.543  33.287 0.0000000000
74289  41.078  -19.183  36.653 0.0000000000
76523  40.965  -17.520  35.338 0.0000000000
77595  40.970  -16.190  33.366 0.0000000000
59580  19.894  -29.926  60.169 0.0000000000
57098  18.692  -31.118  57.998 0.0000000000
58338  17.434  -30.397  60.377 0.0000000000
55777  11.244  -33.147  61.933 0.0000000000
57063  12.531  -32.169  60.225 0.0000000000
54671  10.377  -34.299  59.998 0.0000000000
52211  8.694  -37.078  59.070 0.0000000000
52171  8.081  -36.473  62.142 0.0000000000
69159  36.921  -24.735  50.480 0.0000000000
64459  36.618  -27.330  49.809 0.0000000000
60907  35.869  -29.650  47.728 0.0000000000
58510  36.592  -30.859  49.596 0.0000000000
60858  30.758  -30.287  50.658 0.0000000000
56011  33.346  -31.843  52.099 0.0000000000
58513  31.731  -31.559  48.683 0.0000000000
56086  33.126  -33.196  47.566 0.0000000000
69215  32.494  -23.247  46.008 0.0000000000
68082  31.409  -23.278  42.124 0.0000000000
65697  31.072  -25.889  43.398 0.0000000000
86227  50.975  -7.950  25.501 0.0000000000
85156  49.469  -9.880  25.457 0.0000000000
71825  39.131  -19.777  36.443 0.0000000000
71809  36.474  -20.323  37.241 0.0000000000
73050  41.700  -19.411  38.643 0.0000000000
55837  30.152  -31.602  57.957 0.0000000000
55880  32.124  -31.894  56.628 0.0000000000
55937  29.054  -32.055  54.687 0.0000000000
58473  27.855  -31.325  51.366 0.0000000000
58538  26.394  -30.519  48.237 0.0000000000
81867  44.808  -12.641  33.779 0.0000000000
81886  45.742  -12.220  31.651 0.0000000000
82928  45.905  -11.462  29.235 0.0000000000
82942  46.154  -11.651  26.978 0.0000000000
59632  23.732  -29.551  54.452 0.0000000000
59634  21.159  -29.790  54.761 0.0000000000
63206  22.685  -27.987  56.133 0.0000000000
59617  26.444  -30.356  55.764 0.0000000000
78702  42.679  -14.743  33.634 0.0000000000
57149  19.105  -31.844  54.538 0.0000000000
55917  17.080  -32.264  55.456 0.0000000000
55920  14.538  -33.234  54.605 0.0000000000
58355  15.076  -30.754  59.781 0.0000000000
55841  12.815  -32.617  57.590 0.0000000000
49692  6.931  -38.830  63.577 0.0000000000
72993  36.310  -19.591  43.365 0.0000000000
69188  33.947  -23.518  47.987 0.0000000000
67999  35.407  -24.795  48.845 0.0000000000
65649  34.691  -26.519  47.628 0.0000000000
62145  35.046  -29.177  46.795 0.0000000000
59751  35.692  -31.083  46.211 0.0000000000
57373  34.545  -33.601  45.017 0.0000000000
55934  34.307  -32.376  54.680 0.0000000000
55983  35.780  -32.594  53.260 0.0000000000
57248  36.203  -32.186  50.758 0.0000000000
56045  35.141  -32.715  49.222 0.0000000000
56108  33.562  -33.970  46.210 0.0000000000
71720  33.769  -20.377  41.421 0.0000000000
69286  31.509  -23.015  39.183 0.0000000000
74232  38.365  -19.548  41.303 0.0000000000
73020  37.819  -19.952  41.020 0.0000000000
74233  37.424  -19.711  41.395 0.0000000000
74231  39.394  -18.649  41.483 0.0000000000
57234  21.625  -31.530  51.297 0.0000000000
57235  20.422  -31.483  51.171 0.0000000000
57211  20.848  -31.309  51.985 0.0000000000
57185  23.817  -30.627  52.727 0.0000000000
55994  24.749  -31.561  52.161 0.0000000000
57233  22.894  -31.336  51.254 0.0000000000
57258  22.098  -31.567  50.363 0.0000000000
75471  38.266  -18.010  33.868 0.0000000000
74300  39.983  -19.052  35.921 0.0000000000
75441  40.764  -18.192  35.999 0.0000000000
75452  39.593  -18.124  34.749 0.0000000000
75469  39.820  -17.487  34.102 0.0000000000
55778  10.598  -33.634  62.443 0.0000000000
54661  10.443  -34.159  61.028 0.0000000000
53429  9.789  -34.798  60.528 0.0000000000
53444  9.282  -35.451  59.999 0.0000000000
53430  9.334  -35.405  61.031 0.0000000000
52181  8.177  -36.540  61.088 0.0000000000
65596  37.347  -26.376  50.812 0.0000000000
62109  37.164  -28.205  50.725 0.0000000000
60872  36.614  -29.522  49.598 0.0000000000
59704  36.840  -30.137  50.074 0.0000000000
55832  34.301  -32.660  58.400 0.0000000000
60874  29.717  -30.089  48.544 0.0000000000
59706  30.986  -30.585  49.201 0.0000000000
59719  30.580  -30.809  48.270 0.0000000000
58536  30.795  -31.771  47.167 0.0000000000
66837  31.921  -25.059  45.220 0.0000000000
66848  31.612  -24.519  44.161 0.0000000000
85142  48.275  -9.509  28.234 0.0000000000
85136  49.397  -9.160  28.833 0.0000000000
86225  49.581  -8.578  27.397 0.0000000000
86229  49.515  -8.722  26.430 0.0000000000
85149  48.957  -9.504  25.960 0.0000000000
71789  39.215  -20.357  37.678 0.0000000000
71808  37.453  -20.182  37.135 0.0000000000
70546  37.969  -20.245  37.831 0.0000000000
70506  35.305  -20.606  38.945 0.0000000000
70549  35.093  -20.503  38.007 0.0000000000
70550  33.967  -20.941  37.583 0.0000000000
73052  39.979  -20.025  39.583 0.0000000000
73066  40.260  -20.339  38.551 0.0000000000
70543  40.060  -19.972  36.615 0.0000000000
57238  17.242  -33.077  51.487 0.0000000000
57216  16.239  -33.241  52.780 0.0000000000
55858  28.864  -32.142  56.378 0.0000000000
55882  30.104  -31.787  56.277 0.0000000000
55912  28.065  -32.419  54.819 0.0000000000
56033  25.629  -31.918  51.063 0.0000000000
56031  26.763  -31.717  51.619 0.0000000000
57277  26.281  -31.438  50.325 0.0000000000
59708  27.016  -30.387  49.380 0.0000000000
58517  25.249  -31.317  47.969 0.0000000000
57332  24.605  -31.811  47.806 0.0000000000
62175  35.177  -29.960  44.538 0.0000000000
80855  44.528  -13.117  33.260 0.0000000000
81870  45.419  -12.292  33.116 0.0000000000
80881  44.948  -12.716  31.502 0.0000000000
81896  44.801  -12.175  29.636 0.0000000000
81911  44.994  -11.748  27.982 0.0000000000
82938  46.248  -11.228  27.944 0.0000000000
62035  24.652  -28.864  55.781 0.0000000000
62052  23.651  -28.568  55.449 0.0000000000
64399  24.173  -27.553  56.345 0.0000000000
62024  26.281  -29.243  56.630 0.0000000000
59618  25.609  -30.246  55.306 0.0000000000
79777  43.900  -13.870  34.890 0.0000000000
78685  42.839  -14.902  34.332 0.0000000000
78705  40.625  -15.398  32.447 0.0000000000
59620  20.546  -29.667  55.988 0.0000000000
58408  19.718  -31.062  54.825 0.0000000000
58394  19.633  -30.803  55.947 0.0000000000
57117  17.216  -31.635  57.165 0.0000000000
55887  17.518  -31.804  56.294 0.0000000000
55889  16.449  -32.397  55.955 0.0000000000
55919  15.583  -32.545  54.737 0.0000000000
55864  14.855  -31.946  56.300 0.0000000000
58326  14.284  -30.803  61.744 0.0000000000
55822  11.479  -33.304  58.818 0.0000000000
55821  12.268  -32.858  58.405 0.0000000000
55842  12.059  -33.550  57.707 0.0000000000
55866  12.541  -33.599  56.620 0.0000000000
70417  33.421  -21.984  47.149 0.0000000000
66791  36.405  -25.992  49.309 0.0000000000
69173  36.098  -24.931  49.667 0.0000000000
66804  35.949  -25.985  48.431 0.0000000000
66816  35.099  -25.800  47.795 0.0000000000
65648  35.360  -26.701  47.847 0.0000000000
64496  34.900  -27.565  47.669 0.0000000000
63296  35.534  -28.204  47.914 0.0000000000
58534  36.390  -31.338  47.818 0.0000000000
59750  35.935  -30.736  47.301 0.0000000000
58559  35.999  -32.217  45.930 0.0000000000
58578  35.271  -32.954  44.870 0.0000000000
57372  35.132  -33.255  45.611 0.0000000000
57143  31.874  -31.507  55.242 0.0000000000
55906  33.662  -32.222  55.606 0.0000000000
55936  33.109  -32.009  54.235 0.0000000000
56010  33.815  -31.992  51.885 0.0000000000
55985  34.740  -32.474  52.780 0.0000000000
56008  35.029  -32.477  51.615 0.0000000000
57227  36.017  -32.691  52.080 0.0000000000
56007  35.634  -32.614  51.351 0.0000000000
57272  35.842  -32.256  49.949 0.0000000000
56046  34.446  -32.910  49.373 0.0000000000
56110  32.268  -33.007  46.795 0.0000000000
56085  33.624  -33.670  47.360 0.0000000000
72976  35.353  -19.678  44.258 0.0000000000
73009  34.332  -19.966  41.943 0.0000000000
71707  33.552  -20.326  42.667 0.0000000000
68084  30.853  -24.577  41.334 0.0000000000
69265  31.652  -22.758  41.172 0.0000000000
85153  51.757  -9.223  24.127 0.0000000000
73053  38.814  -20.228  39.519 0.0000000000
70503  38.047  -20.492  38.452 0.0000000000
73054  37.877  -20.325  39.503 0.0000000000
71733  36.455  -20.260  39.692 0.0000000000
71758  34.953  -20.723  39.627 0.0000000000
76462  40.671  -17.636  40.783 0.0000000000
73036  39.689  -19.517  40.093 0.0000000000
58463  19.081  -32.189  50.398 0.0000000000
57236  19.328  -31.885  51.173 0.0000000000
57189  18.420  -31.978  52.947 0.0000000000
55915  25.956  -31.899  53.863 0.0000000000
55940  26.966  -32.282  53.808 0.0000000000
55970  25.783  -32.207  52.849 0.0000000000
56034  25.061  -31.780  51.232 0.0000000000
57280  23.922  -31.689  49.828 0.0000000000
57308  23.332  -32.365  48.502 0.0000000000
57281  22.536  -31.853  49.333 0.0000000000
58519  21.091  -32.317  48.207 0.0000000000
80892  42.059  -13.406  30.648 0.0000000000
65506  25.397  -26.550  57.535 0.0000000000
75430  41.677  -18.297  36.529 0.0000000000
76505  42.274  -17.404  36.308 0.0000000000
76522  41.297  -16.828  34.886 0.0000000000
77580  41.590  -16.195  34.270 0.0000000000
75467  40.809  -16.869  34.233 0.0000000000
77583  39.755  -16.543  33.188 0.0000000000
59595  20.253  -29.964  58.394 0.0000000000
57097  19.306  -31.149  57.445 0.0000000000
58349  19.483  -30.573  58.833 0.0000000000
57078  17.985  -30.807  58.652 0.0000000000
57080  16.334  -30.799  58.657 0.0000000000
57050  12.813  -31.665  61.782 0.0000000000
57051  11.795  -32.513  61.307 0.0000000000
54660  10.824  -33.681  60.358 0.0000000000
54686  10.463  -34.336  58.848 0.0000000000
53473  9.671  -35.914  57.912 0.0000000000
65597  36.644  -26.629  50.106 0.0000000000
64478  36.242  -27.374  48.694 0.0000000000
63295  35.805  -28.116  48.138 0.0000000000
62128  36.168  -28.691  48.757 0.0000000000
59732  36.447  -30.115  48.525 0.0000000000
58512  36.294  -31.885  48.053 0.0000000000
59676  31.107  -30.580  52.256 0.0000000000
57204  32.295  -31.322  53.154 0.0000000000
58458  31.993  -30.754  51.565 0.0000000000
57251  32.552  -31.344  50.828 0.0000000000
56048  33.502  -32.173  49.854 0.0000000000
56047  33.920  -32.647  49.564 0.0000000000
56068  32.793  -32.326  48.182 0.0000000000
57330  31.769  -32.583  47.215 0.0000000000
70436  32.736  -22.255  45.180 0.0000000000
70460  32.468  -21.938  43.304 0.0000000000
68051  31.764  -23.574  43.727 0.0000000000
66860  30.963  -24.775  42.641 0.0000000000
87295  50.777  -7.577  26.485 0.0000000000
86236  50.485  -8.890  25.180 0.0000000000
74302  38.983  -19.028  35.833 0.0000000000
74320  36.529  -18.705  34.862 0.0000000000
73099  37.816  -19.400  36.173 0.0000000000
70548  36.062  -20.591  37.984 0.0000000000
71811  34.652  -20.640  36.976 0.0000000000
76460  42.149  -17.380  40.386 0.0000000000
74243  42.438  -18.583  39.673 0.0000000000
74269  42.484  -19.127  38.322 0.0000000000
73074  41.362  -19.571  37.306 0.0000000000
73084  40.103  -20.017  36.131 0.0000000000
55835  32.133  -32.131  58.401 0.0000000000
55834  32.959  -32.279  58.465 0.0000000000
55855  31.626  -31.990  57.440 0.0000000000
55909  30.548  -31.729  55.776 0.0000000000
57163  30.476  -31.592  54.649 0.0000000000
55989  27.593  -32.054  53.091 0.0000000000
57205  28.432  -31.789  53.245 0.0000000000
59656  29.622  -31.136  53.257 0.0000000000
59694  28.938  -30.700  51.104 0.0000000000
59707  27.888  -30.314  49.470 0.0000000000
59736  27.828  -29.883  47.506 0.0000000000
82919  46.798  -11.511  31.813 0.0000000000
80889  45.037  -12.476  30.928 0.0000000000
81894  46.218  -11.744  30.440 0.0000000000
82922  47.227  -11.597  30.847 0.0000000000
82931  47.103  -11.123  29.277 0.0000000000
82937  46.909  -10.836  28.461 0.0000000000
84033  47.422  -10.320  26.995 0.0000000000
84037  47.614  -10.342  26.396 0.0000000000
58434  22.747  -30.338  52.951 0.0000000000
58435  21.714  -30.797  52.972 0.0000000000
60807  22.520  -29.382  54.441 0.0000000000
60799  22.090  -29.029  55.003 0.0000000000
62025  21.680  -28.365  57.091 0.0000000000
64389  23.134  -27.126  57.502 0.0000000000
60771  21.282  -28.800  58.597 0.0000000000
59586  21.050  -29.178  60.155 0.0000000000
55799  32.373  -32.344  60.302 0.0000000000
55819  30.848  -31.716  59.295 0.0000000000
57094  29.370  -31.611  57.957 0.0000000000
57096  28.025  -31.722  57.127 0.0000000000
59593  27.430  -30.724  57.213 0.0000000000
57130  27.110  -31.901  55.648 0.0000000000
58392  26.257  -30.860  55.098 0.0000000000
58419  24.632  -30.466  53.763 0.0000000000
81857  44.738  -12.673  35.513 0.0000000000
79786  43.885  -13.723  34.112 0.0000000000
80856  43.729  -13.676  32.853 0.0000000000
78703  42.093  -14.940  33.263 0.0000000000
78717  41.766  -14.729  32.659 0.0000000000
79815  41.912  -14.021  32.010 0.0000000000
58436  20.373  -31.216  53.006 0.0000000000
57167  19.092  -31.801  53.575 0.0000000000
57168  18.010  -32.034  54.134 0.0000000000
57115  19.030  -31.447  56.711 0.0000000000
55943  17.598  -31.985  55.017 0.0000000000
57169  16.995  -32.336  53.954 0.0000000000
55946  16.021  -32.545  54.278 0.0000000000
57152  14.904  -33.546  54.236 0.0000000000
58354  15.939  -30.551  59.622 0.0000000000
57081  15.311  -30.786  58.765 0.0000000000
57082  14.090  -31.367  59.305 0.0000000000
57121  14.388  -31.892  56.906 0.0000000000
55865  13.764  -32.412  56.689 0.0000000000
50891  7.445  -37.594  63.323 0.0000000000
73006  37.681  -19.401  43.042 0.0000000000
71672  33.713  -21.096  45.861 0.0000000000
70435  32.895  -22.190  46.126 0.0000000000
69200  33.003  -23.378  47.053 0.0000000000
66826  33.416  -25.442  46.972 0.0000000000
69187  34.584  -24.234  48.262 0.0000000000
66817  34.217  -25.646  47.636 0.0000000000
65666  33.210  -26.271  46.454 0.0000000000
64515  34.271  -27.944  47.236 0.0000000000
62159  34.674  -29.353  45.893 0.0000000000
60925  35.162  -29.962  45.563 0.0000000000
62144  35.386  -29.033  47.468 0.0000000000
60908  35.358  -29.993  46.609 0.0000000000
59767  35.951  -31.217  45.006 0.0000000000
58577  35.639  -32.024  44.503 0.0000000000
58601  34.865  -33.224  44.127 0.0000000000
59690  37.320  -29.987  51.920 0.0000000000
55852  33.985  -32.535  57.537 0.0000000000
55904  34.770  -32.334  55.736 0.0000000000
55932  35.358  -32.453  54.920 0.0000000000
55964  33.720  -32.164  53.613 0.0000000000
55962  34.883  -32.602  53.775 0.0000000000
55960  35.960  -32.524  54.162 0.0000000000
57178  36.474  -31.721  53.547 0.0000000000
58456  36.683  -31.115  52.311 0.0000000000
58470  36.688  -31.032  51.372 0.0000000000
58486  36.371  -31.350  49.884 0.0000000000
57299  36.020  -32.122  48.769 0.0000000000
57300  35.543  -32.687  48.377 0.0000000000
56066  33.749  -33.324  48.509 0.0000000000
56065  34.507  -33.460  48.173 0.0000000000
57329  34.932  -33.369  47.168 0.0000000000
57355  34.030  -34.006  45.594 0.0000000000
73007  36.059  -19.705  42.308 0.0000000000
71719  34.805  -20.291  40.932 0.0000000000
70487  33.910  -20.783  39.745 0.0000000000
70467  32.323  -21.854  42.339 0.0000000000
70489  32.278  -21.965  40.400 0.0000000000
70509  32.622  -21.817  39.455 0.0000000000
82946  48.258  -10.803  25.361 0.0000000000
74218  39.099  -18.734  42.851 0.0000000000
74219  38.407  -19.224  42.727 0.0000000000
57209  24.080  -31.219  52.043 0.0000000000
75453  38.960  -18.435  34.714 0.0000000000
75472  37.289  -18.061  33.523 0.0000000000
75454  37.935  -18.302  34.471 0.0000000000
75443  39.319  -18.603  35.379 0.0000000000
75442  39.548  -18.554  35.396 0.0000000000
75470  39.122  -17.957  33.828 0.0000000000
54652  10.195  -34.222  61.977 0.0000000000
53416  9.810  -34.791  61.492 0.0000000000
52180  8.650  -35.839  61.536 0.0000000000
62102  37.355  -28.464  51.230 0.0000000000
63254  37.489  -27.623  51.111 0.0000000000
62103  37.030  -28.796  50.622 0.0000000000
60857  36.837  -29.317  50.235 0.0000000000
60844  37.050  -29.396  50.811 0.0000000000
55796  34.373  -32.819  59.867 0.0000000000
55815  34.028  -32.757  59.219 0.0000000000
60890  29.526  -30.137  47.716 0.0000000000
59720  30.033  -30.483  47.936 0.0000000000
60910  29.477  -30.244  46.951 0.0000000000
59735  30.222  -30.873  47.278 0.0000000000
65680  31.842  -26.114  45.016 0.0000000000
85141  49.056  -9.052  27.825 0.0000000000
85145  48.961  -9.110  26.889 0.0000000000
85150  48.502  -9.630  26.557 0.0000000000
71790  38.939  -20.460  37.911 0.0000000000
70545  38.786  -20.279  37.592 0.0000000000
70524  38.375  -20.388  38.053 0.0000000000
70507  34.321  -20.781  39.052 0.0000000000
70528  34.691  -20.692  38.436 0.0000000000
70551  33.000  -21.777  37.747 0.0000000000
70530  32.877  -21.807  38.631 0.0000000000
71753  39.315  -20.439  38.795 0.0000000000
71776  39.562  -20.461  37.935 0.0000000000
70523  39.935  -20.250  37.471 0.0000000000
57214  17.804  -32.466  52.128 0.0000000000
57215  16.794  -32.925  52.300 0.0000000000
55859  28.181  -32.269  56.073 0.0000000000
55884  28.454  -32.324  55.607 0.0000000000
57278  25.542  -31.663  50.141 0.0000000000
57255  26.117  -31.850  50.824 0.0000000000
57305  25.756  -31.314  49.555 0.0000000000
57307  24.246  -31.869  48.730 0.0000000000
60940  36.040  -30.336  44.318 0.0000000000
80872  44.325  -13.213  32.289 0.0000000000
80882  43.881  -13.076  31.491 0.0000000000
63203  25.102  -28.295  56.234 0.0000000000
63204  24.386  -28.189  55.967 0.0000000000
64398  24.700  -27.842  56.267 0.0000000000
62034  25.511  -29.044  56.154 0.0000000000
77560  42.950  -16.067  35.938 0.0000000000
78665  43.278  -15.472  35.940 0.0000000000
78676  43.023  -15.104  35.127 0.0000000000
59619  20.824  -29.269  56.981 0.0000000000
58393  20.066  -30.258  55.906 0.0000000000
58380  20.044  -30.310  56.570 0.0000000000
57118  16.535  -31.671  57.154 0.0000000000
55862  16.457  -32.079  56.571 0.0000000000
55863  15.724  -32.049  56.442 0.0000000000
54698  11.195  -34.002  58.134 0.0000000000
54711  11.722  -34.333  56.995 0.0000000000
65630  36.128  -26.722  48.494 0.0000000000
66792  36.216  -25.767  49.014 0.0000000000
66815  35.608  -26.176  47.989 0.0000000000
65631  35.751  -26.738  48.147 0.0000000000
64495  35.533  -27.484  47.981 0.0000000000
58535  36.169  -32.033  47.251 0.0000000000
58558  36.048  -31.547  46.945 0.0000000000
58560  35.523  -32.881  45.703 0.0000000000
57353  35.498  -33.053  46.413 0.0000000000
57162  31.449  -31.477  54.620 0.0000000000
55907  32.753  -31.823  55.474 0.0000000000
57161  32.367  -31.645  54.582 0.0000000000
56029  33.923  -32.182  50.753 0.0000000000
56009  34.367  -32.244  51.759 0.0000000000
56027  35.105  -32.523  50.363 0.0000000000
72977  34.424  -20.015  43.989 0.0000000000
71699  33.647  -20.505  43.729 0.0000000000
73037  39.116  -19.823  40.113 0.0000000000
73038  38.129  -19.957  40.349 0.0000000000
73021  37.227  -20.003  40.872 0.0000000000
73039  37.032  -20.111  40.116 0.0000000000
71757  35.867  -20.401  39.356 0.0000000000
71734  35.554  -20.305  40.245 0.0000000000
77526  40.646  -16.456  40.967 0.0000000000
74246  39.290  -19.362  40.614 0.0000000000
74230  39.979  -18.522  40.852 0.0000000000
57212  19.825  -31.606  51.928 0.0000000000
57213  18.812  -32.009  51.979 0.0000000000
55941  26.249  -32.173  53.532 0.0000000000
55942  25.562  -31.866  53.246 0.0000000000
57232  23.927  -31.346  51.239 0.0000000000
56035  24.557  -31.579  51.268 0.0000000000
57256  24.018  -31.494  50.701 0.0000000000
56051  24.483  -31.602  50.723 0.0000000000
58475  21.384  -31.615  49.955 0.0000000000
58492  21.866  -31.903  49.273 0.0000000000
58493  21.257  -31.887  49.242 0.0000000000
74288  41.735  -19.019  36.915 0.0000000000
75419  42.124  -18.771  36.980 0.0000000000
75451  40.258  -17.772  35.094 0.0000000000
75440  41.206  -17.859  36.120 0.0000000000
76511  41.607  -17.313  35.717 0.0000000000
75450  40.823  -17.142  34.662 0.0000000000
76535  39.201  -16.974  33.212 0.0000000000
59587  20.436  -29.644  59.620 0.0000000000
59596  19.848  -30.409  58.624 0.0000000000
58335  19.423  -30.429  59.636 0.0000000000
58351  18.333  -30.554  59.334 0.0000000000
58352  17.655  -30.531  59.453 0.0000000000
57079  17.208  -30.985  58.701 0.0000000000
58353  16.857  -30.633  59.555 0.0000000000
57036  11.885  -32.427  62.362 0.0000000000
54670  10.869  -33.712  59.508 0.0000000000
53459  9.993  -35.157  58.337 0.0000000000
53443  9.792  -34.904  59.452 0.0000000000
52210  8.785  -36.142  59.433 0.0000000000
52228  9.135  -36.486  58.487 0.0000000000
50904  7.616  -37.225  61.705 0.0000000000
64458  37.015  -27.088  50.408 0.0000000000
65612  36.454  -26.672  49.095 0.0000000000
64467  36.475  -27.278  49.258 0.0000000000
63281  36.255  -27.855  48.847 0.0000000000
63269  36.398  -27.947  49.322 0.0000000000
59717  36.544  -30.442  48.951 0.0000000000
60888  36.405  -29.596  48.894 0.0000000000
59718  36.492  -30.947  48.376 0.0000000000
58511  36.446  -31.360  48.810 0.0000000000
59693  30.559  -30.316  51.274 0.0000000000
58445  31.819  -30.872  52.701 0.0000000000
59692  31.122  -30.442  51.142 0.0000000000
58487  31.665  -31.058  49.355 0.0000000000
58472  31.941  -30.914  50.363 0.0000000000
57275  32.452  -31.595  49.375 0.0000000000
57250  33.054  -31.781  50.257 0.0000000000
57302  32.841  -32.098  48.618 0.0000000000
57303  32.092  -32.099  48.128 0.0000000000
57331  31.154  -32.426  46.779 0.0000000000
69216  32.278  -23.080  44.989 0.0000000000
69230  32.155  -22.879  44.020 0.0000000000
66838  31.583  -25.403  44.388 0.0000000000
66849  31.154  -25.122  43.382 0.0000000000
85148  49.750  -9.166  25.634 0.0000000000
85155  50.065  -9.796  25.135 0.0000000000
84041  49.538  -10.391  25.157 0.0000000000
73098  38.803  -19.494  36.282 0.0000000000
74303  38.152  -19.035  35.707 0.0000000000
73085  38.198  -19.654  36.480 0.0000000000
73087  36.630  -19.985  36.647 0.0000000000
73088  35.741  -20.207  36.751 0.0000000000
70504  37.334  -20.486  38.531 0.0000000000
70525  37.625  -20.412  38.169 0.0000000000
70526  36.778  -20.488  38.275 0.0000000000
71794  34.757  -20.605  37.639 0.0000000000
76461  41.231  -17.539  40.514 0.0000000000
77536  41.395  -16.871  40.589 0.0000000000
75388  41.527  -18.107  40.194 0.0000000000
74244  41.862  -18.588  39.705 0.0000000000
74256  42.714  -18.856  39.331 0.0000000000
73064  41.673  -19.594  37.896 0.0000000000
70562  39.789  -20.020  36.547 0.0000000000
71804  40.202  -19.953  36.275 0.0000000000
71805  39.915  -20.078  36.157 0.0000000000
73097  39.506  -19.602  35.991 0.0000000000
55836  31.219  -31.876  58.266 0.0000000000
55856  30.649  -31.803  57.212 0.0000000000
55910  29.579  -31.939  55.387 0.0000000000
57145  30.053  -31.746  55.077 0.0000000000
57164  29.467  -31.788  54.397 0.0000000000
55969  26.558  -32.203  53.137 0.0000000000
55968  27.318  -32.194  53.395 0.0000000000
55990  26.927  -31.990  52.708 0.0000000000
57252  27.616  -31.477  51.698 0.0000000000
57206  28.049  -31.903  52.921 0.0000000000
58460  28.314  -31.420  52.156 0.0000000000
58446  28.886  -31.450  53.227 0.0000000000
58459  28.767  -31.302  52.573 0.0000000000
59678  29.098  -30.852  51.811 0.0000000000
59679  28.478  -31.016  51.423 0.0000000000
59722  27.042  -30.228  48.631 0.0000000000
59721  27.812  -29.954  48.149 0.0000000000
59737  26.982  -30.040  47.322 0.0000000000
57334  23.093  -33.125  47.314 0.0000000000
81859  45.124  -12.097  35.100 0.0000000000
81880  45.739  -12.135  32.279 0.0000000000
81869  45.808  -11.885  32.873 0.0000000000
81879  45.991  -11.791  32.506 0.0000000000
82910  46.763  -11.380  32.171 0.0000000000
81885  46.453  -11.706  31.731 0.0000000000
80891  43.281  -12.779  30.414 0.0000000000
80890  44.436  -12.632  30.847 0.0000000000
81902  45.293  -11.827  29.004 0.0000000000
81895  45.614  -11.795  29.949 0.0000000000
82923  46.794  -11.654  30.417 0.0000000000
82927  46.511  -11.468  29.762 0.0000000000
82926  47.321  -11.254  30.036 0.0000000000
82941  46.764  -10.804  27.393 0.0000000000
84030  47.464  -10.186  28.075 0.0000000000
58420  23.485  -29.964  53.562 0.0000000000
59643  22.960  -29.509  54.152 0.0000000000
63216  23.067  -28.173  55.788 0.0000000000
62053  22.832  -28.426  55.507 0.0000000000
62037  21.996  -28.261  56.063 0.0000000000
60787  21.271  -28.865  56.242 0.0000000000
63196  22.203  -27.992  56.945 0.0000000000
65507  24.516  -26.566  57.496 0.0000000000
64377  23.020  -27.076  58.559 0.0000000000
62014  21.620  -28.207  58.139 0.0000000000
62001  21.675  -28.424  59.165 0.0000000000
60765  21.384  -28.816  59.622 0.0000000000
55800  31.658  -31.944  60.397 0.0000000000
57095  28.605  -31.787  57.348 0.0000000000
60770  27.030  -30.140  57.263 0.0000000000
59604  27.060  -30.503  56.423 0.0000000000
58379  27.376  -31.194  56.417 0.0000000000
58391  26.909  -31.014  55.670 0.0000000000
57131  26.659  -31.372  55.212 0.0000000000
59631  24.720  -29.967  54.907 0.0000000000
58405  25.332  -30.661  54.471 0.0000000000
58406  24.425  -30.127  54.199 0.0000000000
57166  24.355  -30.527  53.330 0.0000000000
79778  43.432  -14.400  34.559 0.0000000000
79787  43.431  -14.131  33.637 0.0000000000
79802  42.938  -14.272  32.890 0.0000000000
77581  41.277  -16.167  33.717 0.0000000000
78687  41.684  -15.662  33.692 0.0000000000
78704  41.315  -15.553  33.016 0.0000000000
78718  41.109  -14.733  32.262 0.0000000000
79816  41.131  -14.254  31.375 0.0000000000
59645  21.460  -29.978  54.054 0.0000000000
58422  20.708  -30.489  53.952 0.0000000000
58423  19.731  -31.297  53.841 0.0000000000
55916  17.599  -31.901  55.644 0.0000000000
55944  17.106  -32.229  54.723 0.0000000000
57170  16.306  -32.599  53.899 0.0000000000
55945  16.439  -32.425  54.487 0.0000000000
57151  15.196  -33.121  54.295 0.0000000000
58341  14.592  -30.733  60.637 0.0000000000
57083  12.955  -32.185  58.616 0.0000000000
57104  13.304  -32.226  57.866 0.0000000000
57103  13.986  -31.889  57.718 0.0000000000
55840  13.479  -32.282  57.485 0.0000000000
49668  7.014  -38.411  64.012 0.0000000000
49691  7.174  -38.224  63.674 0.0000000000
72956  36.483  -19.718  45.565 0.0000000000
71656  33.982  -21.021  46.822 0.0000000000
68032  32.858  -24.410  46.618 0.0000000000
68024  33.804  -24.614  47.413 0.0000000000
69174  35.747  -24.473  49.519 0.0000000000
69175  34.941  -23.665  48.944 0.0000000000
68023  34.571  -25.118  47.772 0.0000000000
65650  33.836  -26.395  47.305 0.0000000000
64516  33.667  -27.390  46.756 0.0000000000
64497  34.320  -27.149  47.346 0.0000000000
63297  35.168  -28.382  47.586 0.0000000000
63313  34.694  -28.602  47.029 0.0000000000
60909  35.087  -29.588  46.172 0.0000000000
62129  35.987  -28.819  48.186 0.0000000000
62143  35.705  -28.750  47.900 0.0000000000
60924  35.505  -30.520  45.389 0.0000000000
58579  34.745  -33.414  44.452 0.0000000000
57399  34.354  -33.845  43.943 0.0000000000
55854  32.537  -32.110  57.533 0.0000000000
55853  33.340  -32.289  57.545 0.0000000000
55905  34.260  -32.358  55.644 0.0000000000
55933  34.830  -32.462  54.739 0.0000000000
57203  32.940  -31.681  52.657 0.0000000000
55965  33.254  -31.943  53.305 0.0000000000
55987  33.601  -32.016  52.768 0.0000000000
55961  35.415  -32.662  53.908 0.0000000000
57179  36.294  -32.087  53.984 0.0000000000
57201  36.107  -32.347  52.970 0.0000000000
57226  36.365  -32.210  51.722 0.0000000000
58457  36.517  -31.609  51.648 0.0000000000
58471  36.435  -31.644  50.853 0.0000000000
58485  36.657  -30.895  50.464 0.0000000000
56044  35.565  -32.535  49.691 0.0000000000
57273  35.641  -32.444  49.209 0.0000000000
56067  33.297  -32.588  48.584 0.0000000000
56084  34.223  -33.795  46.892 0.0000000000
57354  34.657  -33.646  46.122 0.0000000000
56107  34.148  -34.031  46.210 0.0000000000
74205  37.102  -19.436  42.976 0.0000000000
74206  36.733  -19.459  42.496 0.0000000000
73024  34.494  -20.170  41.408 0.0000000000
71735  34.422  -20.566  40.398 0.0000000000
71736  33.458  -20.878  40.585 0.0000000000
69244  31.899  -22.644  43.129 0.0000000000
69256  31.723  -22.560  42.209 0.0000000000
69274  31.487  -23.068  40.252 0.0000000000
69273  31.810  -22.498  40.393 0.0000000000
69285  31.928  -22.387  39.744 0.0000000000
69295  32.156  -22.381  38.885 0.0000000000
86234  52.264  -8.252  24.337 0.0000000000
86242  52.675  -8.961  23.765 0.0000000000
86233  53.281  -8.071  24.147 0.0000000000
82953  47.781  -11.435  24.968 0.0000000000
74234  36.870  -19.786  41.252 0.0000000000
57259  21.099  -31.524  50.571 0.0000000000
58461  20.489  -31.553  50.579 0.0000000000
57187  20.192  -31.416  52.411 0.0000000000
57184  24.861  -31.380  52.787 0.0000000000
57208  24.898  -31.573  52.420 0.0000000000
74299  40.527  -19.068  36.180 0.0000000000
75431  40.962  -18.738  36.394 0.0000000000
74315  40.252  -18.526  35.795 0.0000000000
74316  40.000  -18.367  35.447 0.0000000000
59570  19.682  -29.617  61.315 0.0000000000
58320  19.332  -30.146  60.432 0.0000000000
52192  8.681  -35.912  60.496 0.0000000000
52170  8.556  -35.778  62.553 0.0000000000
64451  37.644  -26.864  51.100 0.0000000000
63261  37.130  -27.671  50.575 0.0000000000
63262  36.632  -27.864  49.985 0.0000000000
62117  36.393  -28.733  49.450 0.0000000000
62110  36.757  -28.588  50.182 0.0000000000
60860  29.592  -29.982  49.535 0.0000000000
59705  31.267  -30.452  50.091 0.0000000000
60873  30.314  -30.216  49.068 0.0000000000
58488  31.232  -31.198  48.693 0.0000000000
58514  31.107  -31.718  48.086 0.0000000000
59734  30.677  -31.349  47.695 0.0000000000
58537  30.349  -31.442  46.558 0.0000000000
68033  32.324  -24.181  45.621 0.0000000000
68041  31.973  -23.888  44.641 0.0000000000
85137  48.419  -9.868  29.244 0.0000000000
85132  48.701  -10.080  29.741 0.0000000000
86224  50.089  -8.036  26.954 0.0000000000
70563  39.060  -19.999  37.037 0.0000000000
71807  38.509  -19.875  36.729 0.0000000000
70564  38.248  -20.165  37.342 0.0000000000
70565  37.578  -20.330  37.607 0.0000000000
71791  37.000  -20.400  37.572 0.0000000000
71779  36.081  -20.470  38.846 0.0000000000
70527  35.802  -20.538  38.429 0.0000000000
74258  40.667  -19.487  39.486 0.0000000000
74257  41.368  -19.149  39.318 0.0000000000
73051  40.916  -19.880  39.020 0.0000000000
73065  41.048  -19.980  38.205 0.0000000000
71774  41.021  -19.878  37.487 0.0000000000
71775  40.398  -20.202  37.645 0.0000000000
70544  39.588  -20.128  37.234 0.0000000000
57237  18.110  -32.756  50.803 0.0000000000
55996  16.122  -34.058  52.065 0.0000000000
55972  15.729  -33.743  52.908 0.0000000000
55857  29.672  -31.813  56.801 0.0000000000
55883  29.230  -32.096  55.924 0.0000000000
55911  28.806  -32.278  55.112 0.0000000000
55938  28.427  -32.295  54.361 0.0000000000
56012  26.812  -31.797  52.018 0.0000000000
56032  26.394  -31.909  51.465 0.0000000000
57254  26.617  -31.668  51.152 0.0000000000
57276  26.876  -31.406  50.826 0.0000000000
58489  27.635  -30.847  50.557 0.0000000000
58490  26.885  -30.802  50.111 0.0000000000
58516  25.814  -30.974  48.700 0.0000000000
58539  25.769  -30.595  47.365 0.0000000000
57358  24.416  -32.377  46.673 0.0000000000
62160  34.081  -29.162  45.780 0.0000000000
81866  45.231  -12.193  34.145 0.0000000000
80854  45.056  -12.709  32.917 0.0000000000
80871  45.173  -12.697  32.432 0.0000000000
81897  43.942  -12.471  29.447 0.0000000000
81903  44.479  -12.176  28.716 0.0000000000
82933  45.760  -11.487  28.433 0.0000000000
82939  45.681  -11.657  27.532 0.0000000000
82943  45.693  -11.836  27.113 0.0000000000
60797  24.232  -29.154  55.196 0.0000000000
62051  24.193  -28.777  55.507 0.0000000000
62036  24.112  -28.484  55.684 0.0000000000
63205  23.506  -27.970  55.969 0.0000000000
60776  26.608  -29.914  56.544 0.0000000000
60785  25.970  -29.675  55.900 0.0000000000
60786  25.052  -29.610  55.625 0.0000000000
79767  43.551  -14.610  35.400 0.0000000000
58407  20.284  -30.361  55.216 0.0000000000
57116  17.940  -31.523  56.927 0.0000000000
55860  17.399  -31.721  56.703 0.0000000000
55888  17.096  -32.248  56.130 0.0000000000
55918  16.421  -32.361  55.195 0.0000000000
55890  15.661  -32.303  55.706 0.0000000000
55891  14.639  -32.446  55.519 0.0000000000
58325  15.373  -30.427  61.594 0.0000000000
55804  12.114  -32.693  59.232 0.0000000000
55867  12.105  -33.840  57.128 0.0000000000
71657  33.718  -21.490  47.042 0.0000000000
70404  33.778  -21.611  47.486 0.0000000000
70403  33.925  -22.120  48.104 0.0000000000
67996  36.445  -25.541  50.010 0.0000000000
67985  36.578  -25.050  50.206 0.0000000000
67997  36.262  -25.328  49.674 0.0000000000
67998  35.860  -25.303  49.115 0.0000000000
68010  35.563  -25.364  48.497 0.0000000000
68011  35.036  -24.926  48.222 0.0000000000
66805  35.487  -25.664  48.133 0.0000000000
59733  36.378  -30.464  48.134 0.0000000000
55908  31.582  -31.632  55.900 0.0000000000
55879  33.068  -32.022  56.603 0.0000000000
55935  33.692  -32.204  54.588 0.0000000000
55984  35.506  -32.641  52.705 0.0000000000
57202  35.878  -32.614  52.734 0.0000000000
57249  36.029  -32.538  51.013 0.0000000000
56026  35.622  -32.579  50.266 0.0000000000
56109  32.882  -33.458  46.474 0.0000000000
56131  32.785  -34.015  45.479 0.0000000000
72994  35.226  -19.643  43.167 0.0000000000
72995  34.278  -19.798  42.947 0.0000000000
68083  31.228  -23.764  41.583 0.0000000000
86235  51.333  -8.576  24.724 0.0000000000
71754  38.421  -20.536  38.898 0.0000000000
71755  37.633  -20.564  38.944 0.0000000000
71756  36.801  -20.462  39.004 0.0000000000
73055  37.180  -20.360  39.421 0.0000000000
76449  40.820  -17.163  40.761 0.0000000000
75376  40.246  -18.147  41.008 0.0000000000
74245  40.372  -18.798  40.140 0.0000000000
58478  18.656  -32.750  49.661 0.0000000000
58462  19.868  -31.697  50.507 0.0000000000
57147  26.784  -32.001  54.838 0.0000000000
55913  27.355  -32.323  54.521 0.0000000000
55914  26.648  -32.153  54.289 0.0000000000
55991  26.138  -32.283  52.468 0.0000000000
55993  25.159  -31.905  52.329 0.0000000000
56015  25.101  -31.930  51.812 0.0000000000
56014  25.624  -32.163  51.809 0.0000000000
56050  24.845  -31.702  50.522 0.0000000000
57279  24.792  -31.669  49.775 0.0000000000
58518  21.784  -32.146  48.836 0.0000000000
64387  25.038  -27.369  56.764 0.0000000000
65505  26.148  -26.776  57.805 0.0000000000
75418  42.669  -18.262  37.213 0.0000000000
75429  42.363  -17.866  36.704 0.0000000000
77556  42.689  -16.965  36.343 0.0000000000
77561  42.519  -16.522  35.761 0.0000000000
77572  41.962  -16.350  34.935 0.0000000000
78677  42.511  -15.660  34.976 0.0000000000
76532  41.125  -16.660  34.238 0.0000000000
76533  40.805  -16.585  33.761 0.0000000000
75468  40.463  -17.106  34.238 0.0000000000
76534  40.152  -16.679  33.565 0.0000000000
77582  40.031  -16.389  33.135 0.0000000000
77597  39.596  -16.244  32.684 0.0000000000
59605  20.790  -29.271  57.966 0.0000000000
58366  20.055  -30.404  57.437 0.0000000000
58367  19.615  -30.749  58.034 0.0000000000
57077  18.470  -30.808  58.755 0.0000000000
57099  17.640  -31.317  57.890 0.0000000000
57100  16.796  -31.381  57.909 0.0000000000
57101  15.936  -31.162  57.814 0.0000000000
57064  11.684  -32.744  60.641 0.0000000000
55805  11.519  -33.101  60.008 0.0000000000
54685  10.920  -33.788  58.813 0.0000000000
53460  9.311  -35.614  58.895 0.0000000000
66777  37.170  -25.821  50.719 0.0000000000
66790  36.506  -26.000  50.052 0.0000000000
65629  36.210  -27.053  48.583 0.0000000000
64479  35.941  -27.433  48.342 0.0000000000
63282  36.025  -28.035  48.451 0.0000000000
60889  36.246  -29.620  48.345 0.0000000000
58431  31.367  -31.227  53.628 0.0000000000
57181  31.984  -31.424  53.997 0.0000000000
57229  32.528  -31.235  52.074 0.0000000000
57228  32.976  -31.681  51.480 0.0000000000
56030  33.448  -31.902  51.031 0.0000000000
56087  32.656  -32.590  47.635 0.0000000000
57304  31.341  -32.171  47.472 0.0000000000
57356  31.468  -32.904  46.381 0.0000000000
71689  33.227  -21.436  44.422 0.0000000000
70450  32.656  -22.140  44.243 0.0000000000
68065  31.541  -23.365  42.900 0.0000000000
68052  31.478  -24.140  43.379 0.0000000000
68066  31.268  -24.132  42.610 0.0000000000
68067  30.963  -24.516  42.116 0.0000000000
86228  50.158  -8.289  25.947 0.0000000000
85154  50.878  -9.711  24.596 0.0000000000
74319  37.550  -18.644  35.060 0.0000000000
74304  37.205  -19.055  35.594 0.0000000000
73086  37.595  -19.789  36.587 0.0000000000
73100  36.859  -19.485  36.106 0.0000000000
70547  37.071  -20.456  37.902 0.0000000000
71792  36.290  -20.482  37.673 0.0000000000
71793  35.407  -20.491  37.671 0.0000000000
71810  35.627  -20.415  37.285 0.0000000000
73089  35.226  -20.437  36.881 0.0000000000
74280  42.094  -19.099  37.463 0.0000000000
74281  41.459  -19.342  37.042 0.0000000000
71787  40.964  -19.768  37.116 0.0000000000
73083  40.410  -19.746  36.359 0.0000000000
73095  40.240  -19.520  36.087 0.0000000000
74301  39.543  -19.057  35.810 0.0000000000
55817  32.612  -32.412  59.353 0.0000000000
55816  33.325  -32.680  59.308 0.0000000000
55881  31.103  -31.837  56.560 0.0000000000
57144  30.985  -31.553  55.265 0.0000000000
58417  30.897  -31.433  54.203 0.0000000000
55939  27.713  -32.371  54.052 0.0000000000
55967  28.123  -32.186  53.584 0.0000000000
57207  27.488  -31.917  52.815 0.0000000000
57183  28.262  -31.932  53.407 0.0000000000
57182  28.596  -31.819  53.673 0.0000000000
58433  29.601  -31.497  53.773 0.0000000000
59654  30.799  -31.199  53.550 0.0000000000
59665  30.237  -30.748  52.850 0.0000000000
59677  30.156  -30.466  51.852 0.0000000000
60847  29.363  -30.237  50.510 0.0000000000
59695  28.393  -30.659  50.645 0.0000000000
60848  28.810  -30.211  49.883 0.0000000000
60875  28.716  -29.884  48.412 0.0000000000
60891  28.604  -29.888  47.439 0.0000000000
60912  27.807  -29.945  46.459 0.0000000000
57333  23.911  -32.471  47.566 0.0000000000
64517  32.911  -27.138  45.922 0.0000000000
84008  47.496  -11.104  31.746 0.0000000000
81891  44.999  -12.291  30.422 0.0000000000
81890  45.603  -12.162  30.869 0.0000000000
81889  46.450  -11.871  31.034 0.0000000000
82918  47.195  -11.397  31.597 0.0000000000
82921  47.688  -11.219  31.129 0.0000000000
82925  47.732  -11.098  30.547 0.0000000000
84022  47.498  -10.837  29.599 0.0000000000
82932  46.414  -11.243  28.869 0.0000000000
84026  47.560  -10.458  29.096 0.0000000000
84029  47.872  -9.803  27.456 0.0000000000
84032  47.985  -9.912  26.748 0.0000000000
57186  22.661  -30.667  52.602 0.0000000000
58421  21.995  -30.100  53.496 0.0000000000
59644  22.144  -29.617  54.195 0.0000000000
60806  22.906  -29.238  54.522 0.0000000000
60800  21.514  -29.420  54.918 0.0000000000
60788  21.265  -29.344  55.345 0.0000000000
64400  23.451  -27.370  56.654 0.0000000000
63195  22.804  -27.605  56.820 0.0000000000
63183  22.335  -27.638  57.971 0.0000000000
63184  21.891  -28.017  57.541 0.0000000000
60777  21.215  -28.770  57.518 0.0000000000
59594  20.881  -29.250  59.063 0.0000000000
59578  21.128  -29.002  61.170 0.0000000000
59579  20.496  -29.421  60.696 0.0000000000
55798  32.983  -32.793  60.203 0.0000000000
55818  31.823  -32.064  59.339 0.0000000000
55820  30.256  -31.578  58.719 0.0000000000
55838  29.188  -31.868  57.176 0.0000000000
55839  28.544  -32.086  56.691 0.0000000000
57129  27.714  -32.203  55.892 0.0000000000
58365  27.759  -31.302  57.212 0.0000000000
57114  27.681  -31.655  56.552 0.0000000000
57148  26.283  -31.534  54.579 0.0000000000
75455  37.011  -18.392  34.325 0.0000000000
81856  45.415  -12.378  36.147 0.0000000000
81860  44.667  -12.611  34.671 0.0000000000
80839  44.329  -13.268  35.239 0.0000000000
80847  44.336  -13.205  34.310 0.0000000000
80873  43.373  -13.566  32.256 0.0000000000
78686  42.181  -15.489  34.145 0.0000000000
79803  42.287  -14.379  32.641 0.0000000000
79814  42.651  -13.912  32.305 0.0000000000
80884  42.108  -13.628  31.395 0.0000000000
58448  21.145  -31.124  52.503 0.0000000000
58449  20.601  -31.266  52.457 0.0000000000
58437  19.639  -31.501  53.267 0.0000000000
58381  19.656  -30.871  57.014 0.0000000000
57132  19.108  -31.638  55.559 0.0000000000
57133  18.224  -31.637  56.007 0.0000000000
57150  18.284  -31.857  55.146 0.0000000000
57191  16.634  -32.698  53.256 0.0000000000
57192  16.005  -33.051  53.381 0.0000000000
57193  15.551  -33.496  53.503 0.0000000000
57171  15.692  -32.925  53.993 0.0000000000
57172  15.198  -33.599  53.917 0.0000000000
58339  16.589  -30.471  60.507 0.0000000000
57102  14.970  -31.315  57.886 0.0000000000
57049  13.582  -31.245  61.627 0.0000000000
57062  13.533  -31.183  60.858 0.0000000000
57120  14.920  -31.545  56.946 0.0000000000
55892  13.505  -33.165  55.431 0.0000000000
50890  7.578  -37.108  62.601 0.0000000000
50905  7.420  -37.911  62.402 0.0000000000
49731  6.985  -38.548  62.273 0.0000000000
72958  34.477  -20.129  45.057 0.0000000000
71673  33.282  -21.570  45.235 0.0000000000
66827  32.720  -25.259  46.106 0.0000000000
69176  34.218  -22.983  48.559 0.0000000000
68012  34.396  -24.545  47.943 0.0000000000
63315  33.344  -28.139  46.028 0.0000000000
63314  33.971  -28.661  46.524 0.0000000000
60941  35.449  -30.223  44.914 0.0000000000
59785  36.061  -31.289  43.839 0.0000000000
58600  35.132  -32.662  43.926 0.0000000000
57398  35.002  -33.275  43.626 0.0000000000
55833  33.674  -32.554  58.426 0.0000000000
55851  34.514  -32.580  57.584 0.0000000000
55878  33.766  -32.335  56.598 0.0000000000
55877  34.320  -32.424  56.638 0.0000000000
55876  34.826  -32.420  56.750 0.0000000000
55931  35.940  -32.309  55.320 0.0000000000
57180  32.696  -31.710  53.676 0.0000000000
55963  34.290  -32.386  53.745 0.0000000000
57160  36.293  -31.945  54.869 0.0000000000
57159  36.570  -31.529  54.513 0.0000000000
57200  36.456  -31.793  52.614 0.0000000000
59675  36.952  -30.541  51.873 0.0000000000
59691  36.993  -30.221  51.146 0.0000000000
57271  36.128  -31.828  50.218 0.0000000000
57298  36.114  -31.746  49.491 0.0000000000
57327  36.004  -32.411  47.782 0.0000000000
57301  35.104  -33.092  47.916 0.0000000000
57328  35.613  -32.948  47.436 0.0000000000
56130  33.432  -34.173  45.332 0.0000000000
57374  33.808  -34.051  44.766 0.0000000000
74220  37.489  -19.396  42.214 0.0000000000
74221  36.762  -19.502  41.729 0.0000000000
73022  36.117  -19.804  41.033 0.0000000000
73008  35.178  -19.896  42.117 0.0000000000
73023  35.058  -20.084  41.354 0.0000000000
71718  35.393  -20.109  40.859 0.0000000000
70508  33.450  -21.289  39.214 0.0000000000
71700  33.049  -21.203  43.491 0.0000000000
71708  32.894  -21.032  42.457 0.0000000000
71721  32.848  -21.167  41.466 0.0000000000
70477  32.256  -21.934  41.390 0.0000000000
71737  32.794  -21.435  40.746 0.0000000000
70488  33.065  -21.289  39.984 0.0000000000
84036  48.137  -10.177  25.991 0.0000000000
84035  48.903  -10.411  25.447 0.0000000000
82952  49.025  -11.179  24.981 0.0000000000
55861  17.036  -31.916  56.639 0.0000000000
55886  27.103  -32.193  54.914 0.0000000000
55966  28.685  -31.982  54.144 0.0000000000
55971  25.302  -31.825  52.744 0.0000000000
55986  34.115  -32.218  52.804 0.0000000000
55988  33.296  -31.877  52.725 0.0000000000
55992  25.574  -32.178  52.280 0.0000000000
56016  24.644  -31.560  51.815 0.0000000000
56049  25.195  -31.732  50.397 0.0000000000
56064  34.999  -32.956  48.415 0.0000000000
57093  29.890  -31.491  58.488 0.0000000000
57113  27.949  -32.042  56.491 0.0000000000
57146  29.508  -31.922  54.875 0.0000000000
57225  36.494  -31.751  52.054 0.0000000000
57230  27.736  -31.563  52.054 0.0000000000
57231  27.371  -31.756  52.403 0.0000000000
57253  27.225  -31.556  51.598 0.0000000000
57274  33.143  -31.992  49.244 0.0000000000
57282  21.845  -31.688  49.620 0.0000000000
58350  18.923  -30.765  59.024 0.0000000000
58368  19.189  -30.841  58.473 0.0000000000
58418  30.175  -31.620  54.184 0.0000000000
58432  30.518  -31.404  53.826 0.0000000000
58447  28.435  -31.630  52.874 0.0000000000
58474  27.318  -31.287  50.879 0.0000000000
58491  26.196  -31.014  49.591 0.0000000000
58515  26.464  -30.560  49.141 0.0000000000
59588  19.925  -30.202  59.225 0.0000000000
59633  21.694  -29.473  54.682 0.0000000000
59655  30.281  -31.155  53.450 0.0000000000
59664  30.962  -30.944  53.121 0.0000000000
59666  29.391  -30.950  52.645 0.0000000000
59738  26.254  -30.180  47.087 0.0000000000
60798  23.256  -28.895  54.913 0.0000000000
60834  29.682  -30.457  51.481 0.0000000000
60835  29.424  -30.474  51.189 0.0000000000
60845  30.672  -30.308  51.024 0.0000000000
60846  30.141  -30.142  51.040 0.0000000000
60859  30.429  -30.026  50.002 0.0000000000
60861  28.912  -29.940  49.184 0.0000000000
60892  27.992  -29.871  47.028 0.0000000000
63215  23.265  -28.318  55.658 0.0000000000
64388  23.957  -26.922  57.009 0.0000000000
64494  35.736  -27.652  48.129 0.0000000000
65613  36.375  -26.399  48.865 0.0000000000
66803  36.281  -26.181  48.771 0.0000000000
66850  30.897  -25.726  43.074 0.0000000000
67984  36.955  -25.224  50.521 0.0000000000
69266  31.416  -23.361  40.931 0.0000000000
70418  33.675  -21.654  47.222 0.0000000000
70505  36.897  -20.480  38.566 0.0000000000
70522  40.135  -20.056  37.136 0.0000000000
70561  40.007  -20.017  36.250 0.0000000000
71644  33.867  -21.353  47.229 0.0000000000
71788  40.531  -19.891  36.886 0.0000000000
71806  39.419  -19.847  36.435 0.0000000000
71823  39.774  -19.947  36.096 0.0000000000
71824  39.551  -19.860  36.202 0.0000000000
73005  37.983  -19.401  43.483 0.0000000000
73075  40.965  -19.630  36.874 0.0000000000
73096  40.015  -19.818  36.006 0.0000000000
74317  38.992  -18.734  35.408 0.0000000000
76512  41.076  -17.715  35.803 0.0000000000
76544  40.779  -16.319  33.388 0.0000000000
76545  40.587  -16.437  33.445 0.0000000000
81871  44.915  -12.671  33.350 0.0000000000
81884  46.827  -11.622  31.504 0.0000000000
81888  46.853  -11.705  31.268 0.0000000000
82894  46.126  -11.577  33.081 0.0000000000
82895  45.722  -11.892  33.268 0.0000000000
82909  47.117  -11.269  31.948 0.0000000000
82917  47.588  -11.178  31.409 0.0000000000
82945  48.771  -10.830  25.291 0.0000000000
83993  47.377  -10.951  32.119 0.0000000000
85138  47.895  -10.089  29.137 0.0000000000
85143  47.844  -9.943  28.784 0.0000000000
