#!ascii label  , from subject sub.01.dh.02t2 vox2ras=TkReg
980
63064  14.940  -29.050  67.909 0.0000000000
55950  9.047  -34.514  54.649 0.0000000000
57004  7.106  -33.252  66.537 0.0000000000
64318  5.537  -27.526  63.228 0.0000000000
69068  5.762  -22.899  56.765 0.0000000000
60686  10.239  -30.582  68.412 0.0000000000
64287  8.780  -27.810  66.871 0.0000000000
59510  17.939  -30.057  66.283 0.0000000000
57006  12.460  -31.676  66.265 0.0000000000
53352  8.230  -35.065  66.395 0.0000000000
72672  5.831  -20.779  64.661 0.0000000000
67862  5.511  -24.606  60.311 0.0000000000
73972  7.315  -20.026  61.930 0.0000000000
53418  5.204  -36.857  63.006 0.0000000000
57038  7.009  -33.770  62.472 0.0000000000
60708  7.313  -30.782  65.462 0.0000000000
68945  6.871  -24.176  66.239 0.0000000000
62003  9.116  -29.746  59.478 0.0000000000
62069  7.392  -28.457  54.501 0.0000000000
64445  6.416  -27.633  51.254 0.0000000000
70305  9.392  -23.219  54.911 0.0000000000
61905  12.505  -29.889  68.151 0.0000000000
63095  11.539  -28.975  66.795 0.0000000000
61915  16.538  -29.183  67.894 0.0000000000
58254  14.847  -30.619  66.573 0.0000000000
59492  13.982  -30.218  68.330 0.0000000000
56985  11.446  -31.539  68.167 0.0000000000
73966  5.928  -19.984  62.870 0.0000000000
54630  6.194  -35.705  64.671 0.0000000000
57013  6.674  -33.832  64.989 0.0000000000
59519  7.333  -31.758  66.248 0.0000000000
67795  8.776  -25.023  65.451 0.0000000000
66570  8.035  -25.555  66.106 0.0000000000
55753  7.732  -34.260  67.382 0.0000000000
52116  7.067  -36.875  65.704 0.0000000000
53366  6.212  -36.214  66.172 0.0000000000
52131  5.424  -37.921  64.402 0.0000000000
60732  7.158  -30.025  63.425 0.0000000000
59573  8.489  -31.684  61.621 0.0000000000
61978  7.108  -28.887  61.325 0.0000000000
69048  5.534  -23.750  58.263 0.0000000000
63187  5.968  -27.341  58.119 0.0000000000
65516  5.719  -27.104  55.946 0.0000000000
62082  6.404  -28.055  53.132 0.0000000000
66712  5.525  -25.384  53.572 0.0000000000
58243  8.012  -32.379  68.249 0.0000000000
61917  8.053  -30.150  67.864 0.0000000000
63084  9.488  -28.990  67.614 0.0000000000
65409  10.041  -27.051  65.384 0.0000000000
59523  18.997  -29.986  65.133 0.0000000000
58309  16.268  -30.446  62.471 0.0000000000
58268  15.947  -30.562  65.104 0.0000000000
57015  12.640  -31.722  64.679 0.0000000000
55751  10.283  -33.303  66.491 0.0000000000
55742  9.204  -33.368  68.110 0.0000000000
67807  5.677  -24.422  63.874 0.0000000000
66624  4.626  -26.292  62.206 0.0000000000
70210  5.693  -22.149  62.694 0.0000000000
71447  6.010  -21.794  60.388 0.0000000000
71459  6.383  -21.704  59.218 0.0000000000
64281  16.758  -27.721  66.413 0.0000000000
60729  21.994  -28.746  62.928 0.0000000000
63106  23.506  -27.305  64.503 0.0000000000
61921  20.432  -28.977  66.135 0.0000000000
64263  18.947  -28.208  66.646 0.0000000000
52183  4.190  -37.751  61.513 0.0000000000
54673  4.396  -36.459  60.232 0.0000000000
55779  5.929  -35.428  62.268 0.0000000000
58296  7.346  -32.465  63.994 0.0000000000
63113  6.407  -28.421  64.603 0.0000000000
63096  7.506  -28.658  66.708 0.0000000000
64301  6.847  -27.520  65.614 0.0000000000
66571  6.306  -25.344  65.037 0.0000000000
70169  6.016  -22.340  65.497 0.0000000000
57085  6.098  -34.259  59.462 0.0000000000
58383  7.267  -32.869  57.455 0.0000000000
59622  8.797  -32.050  56.530 0.0000000000
62007  6.470  -27.839  59.362 0.0000000000
62039  8.403  -28.934  56.907 0.0000000000
59657  10.165  -30.572  54.147 0.0000000000
60824  8.138  -30.062  52.448 0.0000000000
59682  6.786  -30.853  51.217 0.0000000000
72693  9.244  -20.021  61.137 0.0000000000
71476  8.121  -21.428  58.478 0.0000000000
71496  10.570  -22.362  57.528 0.0000000000
71555  7.001  -22.940  55.504 0.0000000000
67948  6.691  -24.906  53.057 0.0000000000
63065  13.945  -29.086  68.089 0.0000000000
63080  13.379  -29.074  67.478 0.0000000000
63079  14.749  -28.788  67.242 0.0000000000
61902  15.403  -29.232  67.996 0.0000000000
60680  15.447  -29.594  67.882 0.0000000000
61903  14.319  -29.455  68.183 0.0000000000
60683  12.949  -30.095  68.574 0.0000000000
54745  9.105  -35.534  54.287 0.0000000000
55975  9.415  -34.035  54.205 0.0000000000
54603  6.399  -34.788  65.841 0.0000000000
57008  6.733  -33.461  66.043 0.0000000000
58264  7.270  -32.569  66.367 0.0000000000
58306  18.603  -29.991  61.845 0.0000000000
55754  7.251  -34.269  66.984 0.0000000000
53355  6.815  -35.855  66.443 0.0000000000
54602  6.467  -35.222  66.098 0.0000000000
54616  6.059  -35.826  65.931 0.0000000000
61955  6.398  -28.943  63.162 0.0000000000
60744  7.111  -29.664  62.889 0.0000000000
63131  5.656  -27.922  62.647 0.0000000000
69058  5.597  -23.762  57.507 0.0000000000
66671  5.379  -25.881  57.126 0.0000000000
67897  5.662  -24.643  56.230 0.0000000000
64413  5.536  -26.505  54.558 0.0000000000
67904  5.866  -24.496  55.307 0.0000000000
60678  9.310  -30.935  68.539 0.0000000000
61910  8.654  -30.092  68.026 0.0000000000
61908  9.676  -30.094  67.815 0.0000000000
64299  10.936  -28.359  66.251 0.0000000000
66610  10.606  -25.669  63.715 0.0000000000
59517  18.105  -30.176  65.949 0.0000000000
58267  17.033  -30.505  64.975 0.0000000000
59518  17.325  -30.317  66.039 0.0000000000
58255  13.958  -30.966  66.908 0.0000000000
58270  14.131  -31.231  65.623 0.0000000000
57011  12.508  -31.754  65.505 0.0000000000
57000  11.330  -32.356  66.726 0.0000000000
59496  10.903  -30.903  68.943 0.0000000000
56987  9.971  -32.743  68.417 0.0000000000
58236  9.815  -31.614  69.447 0.0000000000
56989  8.434  -32.993  68.423 0.0000000000
70177  5.684  -22.012  64.303 0.0000000000
68989  5.588  -23.544  63.367 0.0000000000
71410  5.673  -21.371  63.146 0.0000000000
73965  6.322  -19.770  62.653 0.0000000000
72697  6.240  -20.930  62.047 0.0000000000
73982  6.445  -20.845  61.745 0.0000000000
72727  6.346  -21.494  60.219 0.0000000000
72696  7.112  -20.617  61.405 0.0000000000
60704  20.555  -29.291  65.464 0.0000000000
52182  4.488  -37.442  62.030 0.0000000000
53445  4.858  -36.389  61.326 0.0000000000
54653  5.498  -36.043  62.679 0.0000000000
59526  7.376  -31.766  65.254 0.0000000000
58281  7.217  -32.832  64.913 0.0000000000
59537  7.416  -31.614  64.755 0.0000000000
60722  7.205  -30.324  64.344 0.0000000000
61935  6.766  -29.485  64.699 0.0000000000
63086  8.269  -29.293  67.905 0.0000000000
61918  7.780  -29.972  67.368 0.0000000000
64274  8.179  -28.405  67.392 0.0000000000
67777  7.510  -24.934  66.027 0.0000000000
65383  7.512  -26.638  66.419 0.0000000000
66558  7.211  -25.639  66.045 0.0000000000
65398  6.575  -26.434  65.284 0.0000000000
67787  6.189  -24.374  65.634 0.0000000000
68954  6.596  -23.378  66.165 0.0000000000
58310  15.226  -30.388  62.615 0.0000000000
58325  15.373  -30.427  61.594 0.0000000000
53371  8.964  -35.021  65.305 0.0000000000
53380  8.464  -35.670  64.005 0.0000000000
52127  7.752  -35.888  65.191 0.0000000000
50852  6.457  -37.741  64.971 0.0000000000
50873  6.831  -38.136  64.348 0.0000000000
52144  5.102  -37.774  63.963 0.0000000000
52160  4.280  -38.079  63.114 0.0000000000
57054  5.921  -34.793  60.676 0.0000000000
57067  5.688  -34.659  59.823 0.0000000000
57066  6.173  -34.241  60.234 0.0000000000
60761  9.039  -31.149  60.323 0.0000000000
58357  8.007  -32.578  59.427 0.0000000000
59590  8.344  -32.085  58.673 0.0000000000
59609  8.166  -32.020  57.017 0.0000000000
59607  9.252  -31.201  58.000 0.0000000000
66634  4.877  -26.193  61.352 0.0000000000
64347  5.608  -27.276  61.254 0.0000000000
64355  5.908  -26.920  60.103 0.0000000000
62043  6.340  -27.829  56.281 0.0000000000
62030  6.716  -28.186  57.462 0.0000000000
63218  7.704  -28.543  55.595 0.0000000000
62066  9.234  -29.215  55.837 0.0000000000
62078  9.055  -28.875  54.432 0.0000000000
60823  9.070  -30.269  52.726 0.0000000000
62087  7.998  -29.274  52.790 0.0000000000
63242  6.217  -27.631  52.539 0.0000000000
60826  6.755  -29.461  51.953 0.0000000000
62097  6.358  -28.902  51.028 0.0000000000
72707  10.568  -20.490  60.407 0.0000000000
71445  8.829  -21.051  59.907 0.0000000000
71444  9.778  -21.201  59.999 0.0000000000
70287  10.856  -22.879  55.606 0.0000000000
70276  9.530  -22.937  56.147 0.0000000000
71522  8.637  -22.739  56.499 0.0000000000
70307  7.723  -23.309  54.870 0.0000000000
70325  6.941  -23.848  54.577 0.0000000000
69105  7.734  -23.950  53.998 0.0000000000
60685  11.115  -30.573  68.198 0.0000000000
63068  10.775  -29.650  67.404 0.0000000000
63067  11.863  -29.749  67.515 0.0000000000
60692  17.604  -29.588  66.956 0.0000000000
59511  16.864  -30.257  66.435 0.0000000000
59503  15.777  -30.108  67.324 0.0000000000
59504  14.714  -30.368  67.412 0.0000000000
58256  13.486  -31.078  67.202 0.0000000000
56991  12.441  -31.387  67.543 0.0000000000
58237  12.889  -30.731  68.267 0.0000000000
59495  11.634  -30.849  68.460 0.0000000000
73952  6.181  -19.648  64.276 0.0000000000
73957  5.698  -20.042  63.469 0.0000000000
75190  6.270  -19.378  63.415 0.0000000000
75188  7.070  -18.311  63.384 0.0000000000
75196  7.341  -18.761  62.888 0.0000000000
55765  6.429  -34.992  64.403 0.0000000000
55762  6.489  -34.711  65.170 0.0000000000
58271  7.152  -32.845  65.439 0.0000000000
59520  7.319  -31.795  65.739 0.0000000000
66568  8.747  -25.750  65.947 0.0000000000
65381  8.451  -26.916  66.578 0.0000000000
67784  8.590  -25.062  65.757 0.0000000000
68952  8.150  -23.933  65.816 0.0000000000
68953  7.318  -23.702  66.133 0.0000000000
70167  6.978  -22.568  66.136 0.0000000000
54585  8.239  -34.707  66.771 0.0000000000
53364  7.519  -35.981  65.830 0.0000000000
52101  7.204  -36.292  66.167 0.0000000000
52117  6.659  -36.644  66.095 0.0000000000
50853  6.028  -37.955  65.043 0.0000000000
50854  5.601  -38.295  64.481 0.0000000000
52130  5.804  -37.447  64.974 0.0000000000
53374  5.969  -36.211  64.985 0.0000000000
58314  7.691  -32.593  62.881 0.0000000000
58330  7.607  -33.009  61.966 0.0000000000
59563  7.979  -31.282  62.840 0.0000000000
60754  8.142  -29.895  61.962 0.0000000000
61977  7.884  -29.272  61.303 0.0000000000
67871  5.435  -24.726  58.996 0.0000000000
64366  5.578  -27.012  58.972 0.0000000000
66666  5.301  -25.759  58.337 0.0000000000
64390  5.789  -27.155  56.905 0.0000000000
62059  6.428  -27.873  55.248 0.0000000000
62070  6.882  -28.290  54.295 0.0000000000
64412  5.693  -27.017  54.784 0.0000000000
64422  5.550  -27.024  53.776 0.0000000000
65565  5.627  -26.304  52.628 0.0000000000
69086  9.882  -23.426  54.298 0.0000000000
67925  8.924  -24.040  53.014 0.0000000000
67924  9.892  -24.171  53.078 0.0000000000
58250  7.623  -32.516  67.735 0.0000000000
59508  7.571  -31.617  67.366 0.0000000000
60690  7.943  -31.278  67.895 0.0000000000
63072  8.496  -29.700  68.008 0.0000000000
64272  9.143  -28.526  67.335 0.0000000000
63083  10.139  -29.125  67.287 0.0000000000
64271  9.708  -28.663  67.156 0.0000000000
65379  9.459  -27.440  66.276 0.0000000000
66580  9.307  -25.843  65.350 0.0000000000
59534  19.076  -29.790  64.498 0.0000000000
58289  17.968  -30.199  63.152 0.0000000000
58274  17.732  -30.390  63.981 0.0000000000
58261  15.820  -30.556  65.709 0.0000000000
58269  14.988  -30.975  65.296 0.0000000000
58294  13.223  -31.407  63.711 0.0000000000
54600  9.398  -34.474  65.702 0.0000000000
54583  9.425  -34.063  66.425 0.0000000000
56993  10.567  -32.730  67.614 0.0000000000
55746  9.726  -33.347  67.482 0.0000000000
54570  8.731  -34.199  67.264 0.0000000000
55749  8.176  -33.955  68.020 0.0000000000
56995  7.779  -33.634  67.940 0.0000000000
65444  5.543  -25.973  63.246 0.0000000000
65458  4.684  -26.997  62.650 0.0000000000
67823  5.054  -25.467  62.856 0.0000000000
67837  5.391  -24.360  62.093 0.0000000000
67848  5.601  -24.119  61.223 0.0000000000
72686  5.981  -20.806  62.609 0.0000000000
70217  5.856  -22.582  61.359 0.0000000000
69022  5.630  -23.664  60.351 0.0000000000
70236  5.829  -22.531  59.536 0.0000000000
70252  5.725  -22.581  58.334 0.0000000000
71502  5.750  -22.166  57.489 0.0000000000
64267  16.263  -28.363  66.972 0.0000000000
59545  21.325  -29.127  62.901 0.0000000000
65462  24.437  -25.800  62.113 0.0000000000
65434  23.944  -26.065  63.894 0.0000000000
63129  23.529  -27.097  63.144 0.0000000000
61941  22.779  -28.142  63.898 0.0000000000
60718  22.005  -28.767  63.552 0.0000000000
59532  20.687  -29.440  63.889 0.0000000000
60705  19.663  -29.618  65.679 0.0000000000
60700  18.733  -29.629  66.285 0.0000000000
63090  19.606  -28.438  66.477 0.0000000000
60691  18.379  -29.507  66.704 0.0000000000
61914  17.448  -29.165  67.424 0.0000000000
63076  17.152  -28.770  67.334 0.0000000000
55792  5.588  -35.432  61.186 0.0000000000
57039  6.304  -34.784  61.761 0.0000000000
55770  6.237  -35.264  63.399 0.0000000000
57024  6.981  -33.487  63.579 0.0000000000
58315  7.357  -32.954  63.392 0.0000000000
59551  7.503  -31.283  63.870 0.0000000000
60733  6.813  -29.788  63.764 0.0000000000
64317  5.896  -27.955  63.557 0.0000000000
59514  7.418  -31.685  66.811 0.0000000000
60702  7.389  -30.900  66.652 0.0000000000
61925  7.450  -29.792  66.524 0.0000000000
64289  7.754  -27.755  66.969 0.0000000000
64290  7.323  -27.621  66.279 0.0000000000
61929  7.119  -29.618  65.502 0.0000000000
63105  6.717  -28.442  65.272 0.0000000000
64308  6.396  -27.376  64.727 0.0000000000
65412  5.995  -26.812  63.941 0.0000000000
66581  5.981  -25.277  64.241 0.0000000000
68956  5.798  -22.795  65.314 0.0000000000
71393  5.915  -21.564  65.122 0.0000000000
71391  6.653  -21.663  65.933 0.0000000000
72661  6.334  -21.003  65.617 0.0000000000
73946  6.377  -19.964  64.895 0.0000000000
52157  7.975  -36.434  63.373 0.0000000000
50850  7.133  -37.262  64.779 0.0000000000
58358  7.096  -33.268  59.838 0.0000000000
57105  6.537  -33.748  58.905 0.0000000000
58409  8.597  -32.672  55.791 0.0000000000
63137  5.708  -27.981  61.847 0.0000000000
61994  6.933  -28.529  60.443 0.0000000000
62005  7.382  -28.698  59.485 0.0000000000
62020  6.391  -27.741  58.298 0.0000000000
63186  7.217  -28.730  58.104 0.0000000000
62016  8.732  -29.379  58.623 0.0000000000
60789  9.607  -30.267  57.096 0.0000000000
59636  9.593  -31.821  55.475 0.0000000000
58424  9.672  -32.408  54.559 0.0000000000
58438  10.075  -32.015  53.055 0.0000000000
60816  7.171  -29.066  52.747 0.0000000000
59669  7.175  -30.665  51.781 0.0000000000
75195  8.249  -18.508  62.688 0.0000000000
73961  9.539  -18.888  62.091 0.0000000000
73971  8.207  -19.766  61.747 0.0000000000
72709  8.123  -20.832  60.337 0.0000000000
72743  7.394  -21.264  58.715 0.0000000000
71525  6.197  -22.116  56.867 0.0000000000
71475  9.178  -21.863  58.403 0.0000000000
71523  7.512  -22.365  56.727 0.0000000000
71557  6.397  -22.761  56.041 0.0000000000
69108  6.306  -24.451  54.259 0.0000000000
67950  5.905  -25.045  53.182 0.0000000000
66751  5.989  -26.112  52.111 0.0000000000
66770  6.641  -26.378  51.090 0.0000000000
63063  15.532  -28.913  67.871 0.0000000000
54746  8.178  -35.731  54.713 0.0000000000
55949  9.364  -34.847  54.280 0.0000000000
55758  6.533  -34.198  66.136 0.0000000000
59561  19.262  -29.628  62.427 0.0000000000
59571  19.084  -29.841  61.659 0.0000000000
55755  6.839  -34.214  66.584 0.0000000000
54588  6.870  -35.083  66.437 0.0000000000
63120  5.913  -28.167  63.274 0.0000000000
63132  5.544  -27.804  63.012 0.0000000000
69067  5.719  -23.515  56.868 0.0000000000
67888  5.664  -24.171  56.914 0.0000000000
67896  5.914  -23.994  56.255 0.0000000000
69075  6.108  -23.463  55.939 0.0000000000
60676  9.813  -30.615  68.899 0.0000000000
60687  9.581  -30.468  68.336 0.0000000000
59509  18.546  -29.975  66.104 0.0000000000
57005  13.365  -31.257  66.586 0.0000000000
57010  13.337  -31.380  65.964 0.0000000000
57007  11.687  -32.354  65.804 0.0000000000
55750  10.923  -32.868  65.997 0.0000000000
58240  10.480  -31.745  69.175 0.0000000000
59487  10.291  -30.879  69.317 0.0000000000
59497  9.451  -31.496  69.179 0.0000000000
71400  5.722  -21.387  64.484 0.0000000000
70188  5.603  -21.979  63.655 0.0000000000
71405  5.640  -21.308  63.788 0.0000000000
73964  6.907  -19.555  62.542 0.0000000000
73973  6.654  -20.299  62.005 0.0000000000
72711  6.621  -21.023  61.076 0.0000000000
53431  4.885  -36.772  61.969 0.0000000000
60712  7.360  -30.649  64.970 0.0000000000
61930  7.175  -30.115  65.167 0.0000000000
64273  8.628  -28.473  67.445 0.0000000000
64288  8.328  -27.698  66.983 0.0000000000
68944  7.304  -24.465  66.110 0.0000000000
67778  7.237  -24.885  66.059 0.0000000000
67779  6.784  -24.688  65.965 0.0000000000
68946  6.406  -23.979  66.127 0.0000000000
53363  8.273  -35.360  65.842 0.0000000000
49647  6.185  -38.625  64.450 0.0000000000
49646  6.559  -38.306  64.506 0.0000000000
53401  5.317  -37.024  63.674 0.0000000000
52159  4.895  -37.638  63.323 0.0000000000
52172  4.671  -37.494  62.650 0.0000000000
57053  6.541  -34.222  61.178 0.0000000000
61991  9.055  -30.223  60.385 0.0000000000
59589  8.739  -31.782  59.509 0.0000000000
60767  9.274  -30.860  59.341 0.0000000000
59597  9.245  -31.220  58.385 0.0000000000
62015  9.241  -30.082  58.578 0.0000000000
66646  5.315  -25.828  60.578 0.0000000000
65477  5.377  -26.588  60.871 0.0000000000
65489  5.549  -26.435  59.788 0.0000000000
62058  6.858  -28.086  55.405 0.0000000000
62057  7.364  -28.368  55.612 0.0000000000
62056  7.635  -28.511  55.386 0.0000000000
62068  7.954  -28.516  55.016 0.0000000000
62079  8.287  -28.806  53.626 0.0000000000
64438  6.148  -27.166  52.120 0.0000000000
63249  6.423  -28.024  51.565 0.0000000000
73980  10.405  -19.527  61.107 0.0000000000
72723  10.759  -21.213  59.820 0.0000000000
70288  9.891  -23.103  55.603 0.0000000000
70275  10.415  -22.781  56.186 0.0000000000
70289  8.881  -23.075  55.567 0.0000000000
70306  8.542  -23.206  54.823 0.0000000000
69088  8.290  -23.433  54.277 0.0000000000
61906  11.492  -30.119  67.799 0.0000000000
63093  13.745  -28.883  66.653 0.0000000000
60693  16.606  -29.632  67.522 0.0000000000
59502  16.746  -30.041  66.974 0.0000000000
59491  14.645  -30.037  67.875 0.0000000000
59505  13.977  -30.545  67.798 0.0000000000
58246  13.984  -30.898  67.401 0.0000000000
58247  13.065  -31.046  67.719 0.0000000000
59506  13.456  -30.581  68.182 0.0000000000
60684  12.081  -30.382  68.267 0.0000000000
75182  6.477  -18.870  64.098 0.0000000000
76277  6.900  -17.902  63.953 0.0000000000
75187  7.838  -18.005  63.218 0.0000000000
58265  7.103  -32.729  65.907 0.0000000000
57009  6.670  -33.672  65.568 0.0000000000
70176  8.457  -22.527  65.675 0.0000000000
70166  7.902  -22.571  65.983 0.0000000000
54586  7.824  -34.793  66.843 0.0000000000
53353  7.684  -35.495  66.193 0.0000000000
53354  7.272  -35.635  66.367 0.0000000000
53365  6.509  -36.168  66.347 0.0000000000
50838  6.383  -37.330  65.532 0.0000000000
52118  6.014  -37.090  65.815 0.0000000000
54617  6.253  -35.417  65.502 0.0000000000
53382  5.630  -36.699  64.337 0.0000000000
59550  7.695  -31.233  63.416 0.0000000000
60731  7.574  -30.325  63.152 0.0000000000
61963  6.869  -29.107  62.228 0.0000000000
60743  7.682  -29.919  62.619 0.0000000000
61962  7.459  -29.340  61.941 0.0000000000
66672  5.501  -26.440  56.622 0.0000000000
65509  5.595  -26.719  56.916 0.0000000000
64402  5.765  -27.173  56.459 0.0000000000
63210  6.030  -27.590  56.118 0.0000000000
64401  5.796  -27.283  55.914 0.0000000000
63220  6.061  -27.568  55.072 0.0000000000
65526  5.703  -26.991  55.641 0.0000000000
65540  5.445  -25.972  54.286 0.0000000000
64423  5.432  -26.546  54.015 0.0000000000
64432  5.412  -26.614  53.518 0.0000000000
64431  5.515  -26.859  52.999 0.0000000000
65555  5.361  -26.131  53.329 0.0000000000
70303  11.358  -23.125  55.027 0.0000000000
69085  10.854  -23.448  54.373 0.0000000000
69102  10.384  -23.748  53.673 0.0000000000
58244  7.815  -31.964  68.042 0.0000000000
59507  7.749  -31.715  67.783 0.0000000000
59500  7.974  -31.601  68.023 0.0000000000
63070  9.267  -29.453  67.878 0.0000000000
63071  8.776  -29.525  68.037 0.0000000000
63085  8.932  -28.945  67.936 0.0000000000
63082  10.982  -29.179  67.182 0.0000000000
64269  10.584  -28.968  67.073 0.0000000000
64285  10.013  -28.325  66.644 0.0000000000
64300  10.039  -27.717  65.984 0.0000000000
64286  9.303  -28.016  66.750 0.0000000000
65397  9.261  -26.557  65.937 0.0000000000
65410  9.632  -26.520  65.555 0.0000000000
59549  18.366  -29.989  64.013 0.0000000000
59535  18.298  -30.095  64.636 0.0000000000
58275  17.006  -30.596  64.103 0.0000000000
58276  16.084  -30.446  64.326 0.0000000000
58253  15.819  -30.466  66.224 0.0000000000
58278  13.841  -31.313  64.650 0.0000000000
58279  12.991  -31.453  64.230 0.0000000000
57016  11.864  -32.426  64.210 0.0000000000
54582  9.837  -33.831  65.910 0.0000000000
56992  11.672  -31.683  67.633 0.0000000000
56994  9.951  -33.051  67.887 0.0000000000
55741  9.592  -33.270  67.935 0.0000000000
54569  9.212  -33.909  67.086 0.0000000000
55747  9.175  -33.682  67.648 0.0000000000
55748  8.707  -33.859  67.812 0.0000000000
58242  8.778  -32.196  68.510 0.0000000000
56990  7.993  -33.299  68.328 0.0000000000
58249  7.721  -33.060  68.038 0.0000000000
66594  5.627  -25.326  63.520 0.0000000000
66611  5.242  -25.645  63.056 0.0000000000
67822  5.329  -24.687  63.008 0.0000000000
70195  5.623  -22.683  62.895 0.0000000000
69002  5.594  -23.474  62.555 0.0000000000
69013  5.715  -23.338  61.726 0.0000000000
75191  5.937  -19.684  63.310 0.0000000000
72680  5.699  -20.625  63.278 0.0000000000
71435  6.083  -21.753  61.406 0.0000000000
69021  5.735  -23.273  60.894 0.0000000000
70224  5.872  -22.438  60.621 0.0000000000
69033  5.753  -23.068  60.196 0.0000000000
71460  6.086  -21.906  59.418 0.0000000000
71480  5.691  -22.196  57.859 0.0000000000
72745  6.324  -21.668  58.422 0.0000000000
60740  21.970  -28.711  62.140 0.0000000000
60751  21.609  -28.820  61.689 0.0000000000
60741  21.642  -28.911  62.505 0.0000000000
64302  23.713  -26.727  64.574 0.0000000000
65414  23.922  -26.136  64.391 0.0000000000
64311  23.669  -26.843  64.129 0.0000000000
64326  23.725  -26.583  63.509 0.0000000000
63115  23.502  -27.265  63.945 0.0000000000
63130  23.169  -27.671  63.551 0.0000000000
63116  23.157  -27.765  64.284 0.0000000000
60719  21.553  -29.024  63.977 0.0000000000
60720  20.865  -29.308  64.390 0.0000000000
61928  20.729  -28.997  65.758 0.0000000000
60698  20.238  -29.309  65.881 0.0000000000
60706  18.969  -29.696  65.960 0.0000000000
60699  19.591  -29.384  66.053 0.0000000000
63073  19.243  -28.499  66.635 0.0000000000
61912  19.149  -28.810  66.744 0.0000000000
61913  18.427  -29.099  67.052 0.0000000000
63075  18.073  -28.676  67.032 0.0000000000
64280  17.468  -27.722  66.480 0.0000000000
64265  17.773  -28.248  66.823 0.0000000000
64266  16.933  -28.299  66.938 0.0000000000
63077  16.194  -28.789  67.715 0.0000000000
52194  3.992  -37.678  60.546 0.0000000000
53446  4.497  -36.874  60.963 0.0000000000
54662  5.177  -35.972  61.696 0.0000000000
57018  6.753  -33.866  64.165 0.0000000000
58280  7.290  -32.612  64.455 0.0000000000
57017  7.078  -33.144  64.121 0.0000000000
58295  7.561  -32.122  63.608 0.0000000000
59536  7.447  -31.462  64.297 0.0000000000
61944  6.472  -29.200  63.866 0.0000000000
63114  6.216  -28.478  63.963 0.0000000000
60697  7.583  -30.928  67.199 0.0000000000
61924  7.614  -29.328  67.021 0.0000000000
61919  7.549  -30.414  66.961 0.0000000000
66556  8.189  -26.113  66.338 0.0000000000
65382  8.004  -26.744  66.713 0.0000000000
65384  7.051  -26.558  65.910 0.0000000000
63097  7.217  -28.612  65.956 0.0000000000
65411  6.258  -26.222  64.483 0.0000000000
65426  5.997  -26.028  63.680 0.0000000000
68955  6.034  -23.269  65.843 0.0000000000
68966  5.793  -23.481  65.178 0.0000000000
70170  5.810  -22.145  64.946 0.0000000000
58308  17.182  -30.477  62.316 0.0000000000
58307  17.932  -30.208  62.096 0.0000000000
52141  7.878  -36.205  64.490 0.0000000000
52100  7.386  -36.324  65.926 0.0000000000
52115  7.324  -36.581  65.661 0.0000000000
52129  7.161  -36.945  65.445 0.0000000000
50941  3.903  -38.584  61.019 0.0000000000
57086  5.751  -34.580  59.165 0.0000000000
55823  5.354  -35.102  59.179 0.0000000000
58371  5.986  -34.488  58.267 0.0000000000
58329  8.032  -32.537  61.589 0.0000000000
58344  7.422  -33.252  61.006 0.0000000000
58343  7.859  -32.776  60.552 0.0000000000
58370  7.123  -32.983  58.595 0.0000000000
57122  6.718  -33.528  57.851 0.0000000000
59623  8.188  -32.173  56.653 0.0000000000
58396  7.842  -32.619  56.556 0.0000000000
58395  8.329  -32.407  56.246 0.0000000000
57153  8.143  -33.375  55.742 0.0000000000
65457  4.549  -26.945  62.210 0.0000000000
64338  4.999  -27.396  62.203 0.0000000000
63160  6.219  -27.478  60.307 0.0000000000
63147  6.086  -27.860  61.117 0.0000000000
61995  6.482  -28.080  60.387 0.0000000000
62006  6.856  -28.319  59.454 0.0000000000
62040  7.675  -28.763  56.911 0.0000000000
62029  7.232  -28.628  57.748 0.0000000000
62028  7.728  -28.891  57.674 0.0000000000
62017  7.850  -28.921  58.521 0.0000000000
62027  8.507  -29.213  57.769 0.0000000000
62026  9.103  -29.828  57.829 0.0000000000
62038  9.166  -29.409  57.074 0.0000000000
60813  9.875  -29.783  54.575 0.0000000000
60808  9.920  -29.895  55.564 0.0000000000
59646  10.183  -30.818  55.102 0.0000000000
59647  10.194  -31.483  54.531 0.0000000000
59658  10.070  -31.067  53.335 0.0000000000
59680  8.295  -31.406  51.860 0.0000000000
62081  6.871  -28.592  53.230 0.0000000000
60837  6.480  -30.071  51.308 0.0000000000
60836  6.851  -30.220  51.715 0.0000000000
73969  10.042  -19.049  61.885 0.0000000000
73970  9.308  -19.566  61.580 0.0000000000
73962  8.692  -19.039  62.133 0.0000000000
72694  8.662  -20.219  61.168 0.0000000000
72695  7.720  -20.421  61.235 0.0000000000
71458  8.339  -21.201  59.295 0.0000000000
72724  7.865  -21.110  59.451 0.0000000000
71477  7.486  -21.374  58.234 0.0000000000
72762  6.844  -21.435  58.136 0.0000000000
71499  7.297  -21.699  57.693 0.0000000000
71473  11.300  -22.051  58.265 0.0000000000
71474  10.242  -22.131  58.380 0.0000000000
71497  9.454  -22.343  57.537 0.0000000000
71539  7.613  -22.871  55.726 0.0000000000
71540  6.909  -22.542  56.081 0.0000000000
71541  6.442  -22.510  56.330 0.0000000000
71556  6.630  -22.847  55.807 0.0000000000
70327  6.454  -23.889  54.947 0.0000000000
70309  6.875  -23.258  55.204 0.0000000000
69126  6.512  -24.736  53.423 0.0000000000
69127  5.988  -24.799  53.453 0.0000000000
67949  6.150  -25.134  52.966 0.0000000000
66729  6.035  -25.392  52.716 0.0000000000
67926  8.016  -24.249  53.181 0.0000000000
61904  13.422  -29.609  68.405 0.0000000000
63066  12.907  -29.406  67.976 0.0000000000
63092  14.731  -28.480  66.206 0.0000000000
61916  16.066  -29.142  68.075 0.0000000000
60679  16.119  -29.525  67.940 0.0000000000
61901  15.965  -29.333  68.105 0.0000000000
60681  14.579  -29.717  68.198 0.0000000000
59493  13.284  -30.363  68.532 0.0000000000
60682  13.783  -29.897  68.597 0.0000000000
54744  9.483  -35.062  54.069 0.0000000000
55974  9.661  -34.282  53.839 0.0000000000
55759  6.454  -34.374  65.707 0.0000000000
54587  7.321  -34.965  66.613 0.0000000000
61954  6.699  -29.219  62.835 0.0000000000
61964  6.238  -28.573  62.367 0.0000000000
69047  5.537  -23.916  57.808 0.0000000000
67882  5.522  -24.901  57.920 0.0000000000
67889  5.516  -24.877  57.015 0.0000000000
66679  5.477  -25.336  56.239 0.0000000000
66680  5.476  -26.104  56.121 0.0000000000
65527  5.612  -26.439  55.253 0.0000000000
66688  5.597  -25.470  55.218 0.0000000000
67905  5.657  -25.062  54.710 0.0000000000
67913  5.675  -24.970  54.240 0.0000000000
59499  8.506  -31.498  68.238 0.0000000000
60688  9.037  -30.728  68.255 0.0000000000
61909  9.143  -30.011  68.056 0.0000000000
64284  10.692  -28.774  66.908 0.0000000000
64307  10.655  -27.786  65.353 0.0000000000
65425  10.746  -26.982  64.440 0.0000000000
59516  18.821  -29.872  65.721 0.0000000000
59524  18.078  -30.189  65.297 0.0000000000
59525  17.486  -30.342  65.632 0.0000000000
58260  16.718  -30.446  65.613 0.0000000000
58262  14.948  -30.828  65.963 0.0000000000
58263  14.123  -31.095  66.307 0.0000000000
57014  13.290  -31.400  65.305 0.0000000000
58239  11.223  -31.371  68.575 0.0000000000
56986  10.935  -32.025  68.321 0.0000000000
56988  9.097  -32.845  68.454 0.0000000000
58241  9.496  -32.091  69.094 0.0000000000
68978  5.640  -23.389  64.266 0.0000000000
70187  5.598  -22.682  63.565 0.0000000000
70196  5.584  -22.061  63.073 0.0000000000
73975  6.092  -20.339  62.522 0.0000000000
73974  6.291  -20.359  62.299 0.0000000000
73983  6.210  -20.737  61.861 0.0000000000
72712  6.333  -21.253  61.291 0.0000000000
72726  6.690  -21.287  59.934 0.0000000000
61961  22.285  -28.415  62.577 0.0000000000
63107  23.110  -27.792  64.674 0.0000000000
60703  21.071  -28.958  65.037 0.0000000000
61920  21.012  -28.701  65.796 0.0000000000
63088  21.099  -28.411  66.080 0.0000000000
64264  18.584  -28.219  66.710 0.0000000000
53432  4.517  -37.195  61.609 0.0000000000
63087  7.782  -28.876  67.340 0.0000000000
66557  7.739  -25.660  66.185 0.0000000000
66559  6.714  -25.490  65.663 0.0000000000
70168  6.363  -22.495  65.929 0.0000000000
53372  8.373  -35.524  64.915 0.0000000000
52142  7.538  -36.873  64.214 0.0000000000
50851  6.980  -37.394  64.984 0.0000000000
50875  4.603  -38.633  63.795 0.0000000000
52145  4.552  -38.178  63.569 0.0000000000
52173  4.169  -37.990  62.386 0.0000000000
55806  5.342  -35.331  60.197 0.0000000000
57084  6.446  -33.833  59.810 0.0000000000
60752  8.808  -31.345  61.042 0.0000000000
58342  8.344  -32.319  60.381 0.0000000000
59581  8.707  -31.814  60.366 0.0000000000
58369  7.739  -32.440  58.192 0.0000000000
58382  7.736  -32.278  57.374 0.0000000000
59599  8.262  -32.000  57.851 0.0000000000
59608  8.816  -31.659  57.496 0.0000000000
59621  9.406  -31.202  57.191 0.0000000000
65467  4.786  -26.857  61.661 0.0000000000
62031  6.293  -27.793  57.281 0.0000000000
62042  6.775  -28.083  56.443 0.0000000000
62041  7.254  -28.444  56.618 0.0000000000
63207  8.058  -28.752  56.393 0.0000000000
62054  9.038  -29.177  56.441 0.0000000000
62067  8.638  -28.743  55.396 0.0000000000
62077  9.464  -29.152  55.149 0.0000000000
60814  9.441  -29.736  53.511 0.0000000000
60815  8.591  -29.574  52.871 0.0000000000
62089  6.789  -28.755  52.542 0.0000000000
62090  6.581  -28.591  51.983 0.0000000000
60827  6.477  -29.389  51.364 0.0000000000
72708  9.414  -20.454  60.700 0.0000000000
71457  9.040  -21.412  59.225 0.0000000000
71520  10.945  -22.438  56.772 0.0000000000
71521  9.919  -22.666  56.792 0.0000000000
71538  8.267  -22.991  55.761 0.0000000000
71554  7.295  -23.108  55.302 0.0000000000
70308  7.139  -23.348  55.036 0.0000000000
70324  7.246  -23.763  54.506 0.0000000000
69106  6.979  -24.444  53.882 0.0000000000
67927  7.218  -24.570  53.381 0.0000000000
61907  10.488  -30.167  67.695 0.0000000000
63081  12.241  -29.411  67.265 0.0000000000
59501  17.485  -29.989  66.627 0.0000000000
59512  15.870  -30.305  66.750 0.0000000000
59490  15.311  -29.955  67.615 0.0000000000
59513  15.095  -30.362  66.998 0.0000000000
56998  13.423  -31.171  66.928 0.0000000000
56999  12.661  -31.413  67.044 0.0000000000
58248  12.329  -31.348  67.788 0.0000000000
58238  12.124  -31.248  68.256 0.0000000000
59494  12.506  -30.598  68.467 0.0000000000
72676  5.639  -20.638  63.950 0.0000000000
75183  5.990  -19.573  63.741 0.0000000000
75189  6.647  -18.872  63.499 0.0000000000
75198  6.263  -19.457  63.109 0.0000000000
75197  6.729  -19.105  63.033 0.0000000000
54643  5.843  -36.113  63.722 0.0000000000
65380  8.882  -26.958  66.351 0.0000000000
66555  8.498  -26.256  66.260 0.0000000000
66569  8.271  -25.596  66.042 0.0000000000
68951  8.515  -24.572  65.662 0.0000000000
67785  8.358  -24.958  65.789 0.0000000000
67786  7.812  -24.831  65.953 0.0000000000
52102  6.971  -36.194  66.361 0.0000000000
50837  6.794  -37.211  65.541 0.0000000000
53373  5.969  -36.453  65.538 0.0000000000
53381  5.769  -36.842  64.888 0.0000000000
52143  5.546  -37.364  64.504 0.0000000000
57037  7.380  -33.337  62.243 0.0000000000
58313  8.014  -32.325  62.393 0.0000000000
59562  8.264  -31.779  62.248 0.0000000000
60742  8.296  -30.843  62.283 0.0000000000
60753  8.597  -30.712  61.616 0.0000000000
61976  8.612  -29.919  61.245 0.0000000000
61992  8.468  -29.392  60.461 0.0000000000
66657  5.398  -25.677  59.468 0.0000000000
65499  5.283  -26.513  58.711 0.0000000000
64378  5.543  -27.088  57.934 0.0000000000
65508  5.335  -26.608  57.676 0.0000000000
63199  6.013  -27.445  57.123 0.0000000000
62071  6.418  -27.992  54.188 0.0000000000
63229  5.938  -27.551  54.053 0.0000000000
63236  5.834  -27.450  53.305 0.0000000000
70304  10.354  -23.232  55.005 0.0000000000
69087  8.983  -23.346  54.219 0.0000000000
69103  9.422  -23.671  53.620 0.0000000000
67923  10.887  -24.143  52.995 0.0000000000
55951  7.745  -34.634  55.191 0.0000000000
57003  7.387  -33.284  67.145 0.0000000000
56997  7.408  -32.748  66.965 0.0000000000
58251  7.509  -32.212  67.392 0.0000000000
60696  7.911  -30.898  67.708 0.0000000000
60689  8.272  -30.826  67.979 0.0000000000
61911  8.306  -30.072  67.978 0.0000000000
63069  9.897  -29.542  67.535 0.0000000000
64270  10.309  -28.860  67.054 0.0000000000
66579  9.899  -26.309  64.980 0.0000000000
59548  18.942  -29.602  63.555 0.0000000000
58288  18.511  -29.876  62.645 0.0000000000
58290  17.098  -30.587  63.256 0.0000000000
58266  17.626  -30.366  64.606 0.0000000000
58291  16.184  -30.463  63.419 0.0000000000
58311  14.306  -30.857  62.775 0.0000000000
58252  16.538  -30.396  66.011 0.0000000000
58277  15.042  -30.831  64.489 0.0000000000
58293  14.183  -31.082  63.690 0.0000000000
58312  13.457  -31.338  62.842 0.0000000000
54599  9.959  -34.000  65.290 0.0000000000
54601  8.953  -34.696  66.103 0.0000000000
54584  8.705  -34.567  66.582 0.0000000000
57001  10.589  -32.934  67.015 0.0000000000
55752  9.687  -33.532  66.927 0.0000000000
54571  8.302  -34.321  67.400 0.0000000000
54572  8.038  -34.368  67.468 0.0000000000
55743  8.628  -33.450  68.193 0.0000000000
57002  7.562  -33.671  67.531 0.0000000000
58258  7.604  -33.162  67.676 0.0000000000
65428  5.215  -26.953  63.290 0.0000000000
65446  4.979  -27.050  63.021 0.0000000000
66595  4.964  -26.593  63.116 0.0000000000
66612  4.829  -26.127  62.859 0.0000000000
67838  5.013  -25.377  62.456 0.0000000000
67849  5.161  -25.268  61.485 0.0000000000
71423  5.823  -21.654  62.657 0.0000000000
72685  6.083  -21.004  62.312 0.0000000000
71422  6.110  -21.369  62.205 0.0000000000
70209  5.827  -22.337  62.181 0.0000000000
67861  5.633  -23.893  60.711 0.0000000000
69034  5.556  -23.607  59.537 0.0000000000
70237  5.608  -23.077  58.939 0.0000000000
70262  5.625  -22.433  57.460 0.0000000000
70277  5.690  -22.398  56.988 0.0000000000
63078  15.586  -28.704  67.551 0.0000000000
64268  15.735  -28.431  66.939 0.0000000000
64282  16.214  -27.784  66.353 0.0000000000
59546  20.752  -29.301  63.119 0.0000000000
65451  24.175  -25.780  63.105 0.0000000000
61952  22.699  -28.024  63.079 0.0000000000
61953  22.350  -28.480  63.408 0.0000000000
61931  22.805  -28.080  64.390 0.0000000000
60730  21.668  -28.975  63.237 0.0000000000
59531  21.238  -29.206  63.454 0.0000000000
59547  19.954  -29.461  63.328 0.0000000000
59533  19.864  -29.718  64.173 0.0000000000
60711  20.062  -29.741  65.292 0.0000000000
59515  19.485  -29.827  65.331 0.0000000000
64276  21.026  -28.057  66.261 0.0000000000
63089  20.356  -28.500  66.324 0.0000000000
64277  20.261  -28.013  66.271 0.0000000000
61922  19.605  -29.063  66.472 0.0000000000
61923  18.884  -29.243  66.675 0.0000000000
60701  18.056  -29.791  66.523 0.0000000000
54672  4.911  -36.078  60.742 0.0000000000
57025  6.533  -34.493  62.979 0.0000000000
60721  7.309  -30.513  63.969 0.0000000000
58259  7.406  -32.324  66.911 0.0000000000
60707  7.259  -30.777  66.032 0.0000000000
61934  6.666  -29.011  65.048 0.0000000000
64309  6.010  -27.601  63.980 0.0000000000
65413  5.721  -26.919  63.590 0.0000000000
67796  5.920  -24.368  64.756 0.0000000000
68967  5.650  -22.725  64.747 0.0000000000
71392  6.197  -21.699  65.592 0.0000000000
72662  5.991  -21.112  65.292 0.0000000000
72671  6.166  -20.597  65.080 0.0000000000
73947  6.047  -20.214  64.551 0.0000000000
73951  6.483  -19.319  64.728 0.0000000000
58323  17.268  -30.364  61.338 0.0000000000
58324  16.394  -30.442  61.490 0.0000000000
52114  7.527  -36.127  65.595 0.0000000000
52128  7.344  -36.793  65.032 0.0000000000
50872  7.195  -37.577  64.261 0.0000000000
54687  4.763  -36.103  59.716 0.0000000000
57065  6.750  -33.768  60.583 0.0000000000
57123  6.351  -34.052  58.082 0.0000000000
55895  6.123  -34.502  57.129 0.0000000000
58397  7.278  -33.082  56.878 0.0000000000
57173  8.658  -33.556  55.122 0.0000000000
64330  5.229  -27.430  62.572 0.0000000000
61979  6.419  -28.432  61.424 0.0000000000
61993  7.607  -28.901  60.445 0.0000000000
62004  8.214  -29.052  59.519 0.0000000000
63172  6.072  -27.356  59.193 0.0000000000
62019  6.770  -28.227  58.466 0.0000000000
60778  9.409  -30.562  57.881 0.0000000000
59635  9.693  -30.917  56.185 0.0000000000
60801  9.575  -29.785  56.358 0.0000000000
57195  9.533  -33.334  53.994 0.0000000000
62080  7.446  -28.834  53.161 0.0000000000
62088  7.661  -29.465  52.557 0.0000000000
60817  6.997  -29.137  52.525 0.0000000000
60825  7.338  -29.753  52.244 0.0000000000
59668  7.801  -30.789  52.067 0.0000000000
73963  7.734  -19.259  62.329 0.0000000000
72710  7.179  -20.848  60.600 0.0000000000
72725  7.263  -21.102  59.639 0.0000000000
72744  6.655  -21.500  58.832 0.0000000000
72763  6.332  -21.636  58.106 0.0000000000
71501  6.038  -21.921  57.509 0.0000000000
71526  5.893  -22.265  56.925 0.0000000000
71498  8.333  -22.064  57.555 0.0000000000
71524  6.721  -22.129  56.832 0.0000000000
71542  6.194  -22.573  56.387 0.0000000000
70291  5.977  -22.705  56.440 0.0000000000
69089  6.208  -24.056  55.083 0.0000000000
67930  5.722  -24.982  53.797 0.0000000000
69107  6.645  -24.466  54.066 0.0000000000
67929  5.827  -24.974  53.495 0.0000000000
66711  5.633  -25.247  53.267 0.0000000000
65566  5.401  -25.820  53.009 0.0000000000
65578  6.270  -27.009  51.591 0.0000000000
69104  8.539  -23.693  53.668 0.0000000000
67966  6.456  -25.244  52.694 0.0000000000
66750  6.366  -25.686  52.156 0.0000000000
64452  6.311  -27.820  50.536 0.0000000000
50836  7.021  -37.137  65.473 0.0000000000
53356  6.514  -35.775  66.362 0.0000000000
53362  8.901  -34.889  65.767 0.0000000000
53528  8.645  -35.984  54.339 0.0000000000
55744  8.301  -33.457  68.262 0.0000000000
55745  10.160  -33.205  67.133 0.0000000000
56996  7.486  -32.633  67.318 0.0000000000
57052  7.135  -33.653  61.562 0.0000000000
57106  6.100  -34.327  58.673 0.0000000000
57107  5.758  -34.682  58.500 0.0000000000
57136  6.301  -34.139  57.290 0.0000000000
58235  10.108  -31.325  69.570 0.0000000000
58245  14.437  -30.638  67.075 0.0000000000
58257  7.661  -33.383  67.844 0.0000000000
58328  8.321  -32.350  61.058 0.0000000000
58356  8.469  -32.162  59.918 0.0000000000
58372  5.883  -34.621  58.108 0.0000000000
58384  6.160  -34.328  58.119 0.0000000000
58398  6.212  -34.271  57.729 0.0000000000
58399  6.163  -34.365  57.497 0.0000000000
58410  8.035  -33.077  56.066 0.0000000000
59488  9.566  -31.020  69.231 0.0000000000
59489  9.373  -31.052  68.790 0.0000000000
59498  9.191  -31.342  68.690 0.0000000000
59558  21.350  -29.030  62.495 0.0000000000
59559  20.950  -29.137  62.471 0.0000000000
59572  8.613  -31.958  60.937 0.0000000000
59598  8.999  -31.483  58.520 0.0000000000
60677  9.470  -30.778  68.639 0.0000000000
60694  15.908  -29.850  67.766 0.0000000000
60695  8.135  -30.495  67.907 0.0000000000
60750  21.867  -28.655  61.470 0.0000000000
60766  9.355  -30.707  59.004 0.0000000000
60772  9.356  -30.862  58.620 0.0000000000
60773  9.278  -31.116  58.829 0.0000000000
61975  8.889  -30.659  60.995 0.0000000000
62002  9.340  -30.420  59.023 0.0000000000
62018  7.210  -28.611  58.542 0.0000000000
62055  8.572  -28.881  56.118 0.0000000000
63074  18.891  -28.464  66.741 0.0000000000
63091  19.268  -28.266  66.558 0.0000000000
63121  5.415  -27.846  63.154 0.0000000000
63185  7.378  -28.791  58.082 0.0000000000
63197  7.366  -28.794  57.883 0.0000000000
63198  7.164  -28.717  57.947 0.0000000000
63208  7.689  -28.614  56.212 0.0000000000
63209  7.506  -28.463  55.923 0.0000000000
63217  8.088  -28.660  55.851 0.0000000000
63219  7.525  -28.527  55.674 0.0000000000
63227  8.005  -28.573  55.437 0.0000000000
63228  7.785  -28.555  55.331 0.0000000000
64275  21.316  -28.110  66.093 0.0000000000
64310  5.574  -27.157  63.554 0.0000000000
64331  5.286  -27.406  62.838 0.0000000000
64339  4.983  -27.281  62.595 0.0000000000
64391  5.731  -27.046  56.670 0.0000000000
65396  9.613  -27.041  65.845 0.0000000000
65427  5.496  -26.543  63.371 0.0000000000
65445  5.164  -26.213  63.100 0.0000000000
65517  5.664  -26.865  56.203 0.0000000000
65554  5.410  -26.384  52.990 0.0000000000
66596  4.886  -26.832  63.100 0.0000000000
66613  4.720  -26.707  62.954 0.0000000000
66625  4.582  -26.551  62.725 0.0000000000
66687  5.583  -24.973  55.725 0.0000000000
66698  5.556  -25.365  54.341 0.0000000000
66730  5.698  -25.452  52.909 0.0000000000
66731  5.421  -25.659  53.179 0.0000000000
67881  5.554  -24.238  57.592 0.0000000000
67903  5.991  -23.820  55.949 0.0000000000
67912  5.932  -24.657  54.277 0.0000000000
67928  6.891  -24.608  53.409 0.0000000000
68979  5.617  -22.548  64.126 0.0000000000
69059  5.635  -23.090  57.526 0.0000000000
69074  5.924  -23.454  56.332 0.0000000000
69125  6.693  -24.626  53.341 0.0000000000
70251  5.943  -22.195  58.899 0.0000000000
70290  8.164  -23.105  55.330 0.0000000000
70310  6.411  -23.210  55.641 0.0000000000
70326  6.685  -23.850  54.787 0.0000000000
71446  8.280  -21.022  59.748 0.0000000000
71478  6.337  -21.714  58.659 0.0000000000
71479  6.038  -21.920  58.348 0.0000000000
71500  6.489  -21.799  57.520 0.0000000000
72698  6.161  -20.528  62.392 0.0000000000
72742  7.920  -21.215  58.971 0.0000000000
72761  7.228  -21.360  58.162 0.0000000000
73953  5.708  -19.996  64.043 0.0000000000
73960  9.880  -18.795  62.090 0.0000000000
75184  5.803  -19.777  63.573 0.0000000000
75194  9.194  -18.373  62.440 0.0000000000
75199  6.066  -19.609  63.157 0.0000000000
