#!ascii label  , from subject sub.01.dh.02t2 vox2ras=TkReg
1036
56178  34.693  -34.581  43.788 0.0000000000
77634  41.890  -16.383  28.723 0.0000000000
66980  34.888  -26.296  35.628 0.0000000000
54755  14.299  -35.871  53.809 0.0000000000
60911  28.799  -30.087  46.355 0.0000000000
70595  34.215  -21.951  34.490 0.0000000000
56071  19.713  -34.146  48.226 0.0000000000
52358  18.088  -38.267  52.047 0.0000000000
54863  24.132  -36.383  46.069 0.0000000000
76599  45.939  -17.732  27.977 0.0000000000
60940  36.040  -30.336  44.318 0.0000000000
62232  34.176  -29.273  41.799 0.0000000000
58598  38.753  -32.727  44.076 0.0000000000
81922  44.502  -12.756  26.970 0.0000000000
78789  47.502  -14.797  25.238 0.0000000000
77615  38.613  -16.676  30.830 0.0000000000
73151  42.088  -20.967  31.469 0.0000000000
71868  37.979  -21.267  32.194 0.0000000000
68188  39.536  -25.771  35.011 0.0000000000
52430  32.825  -37.572  48.066 0.0000000000
49819  12.311  -39.818  56.116 0.0000000000
49806  8.285  -39.754  57.242 0.0000000000
49732  6.612  -39.284  61.643 0.0000000000
56132  31.733  -33.476  45.526 0.0000000000
56088  28.665  -35.691  46.748 0.0000000000
66902  30.542  -25.481  39.894 0.0000000000
66900  36.155  -26.500  40.884 0.0000000000
82950  50.786  -11.696  24.310 0.0000000000
76600  44.585  -17.847  28.509 0.0000000000
73187  44.322  -20.248  29.657 0.0000000000
58619  35.268  -32.820  43.142 0.0000000000
58631  36.222  -32.708  42.204 0.0000000000
56150  37.290  -34.286  44.098 0.0000000000
79832  41.405  -14.230  29.208 0.0000000000
81897  43.942  -12.471  29.447 0.0000000000
78752  42.712  -15.160  28.020 0.0000000000
78762  44.720  -15.296  26.834 0.0000000000
44947  7.467  -44.073  61.153 0.0000000000
74358  38.432  -19.553  30.905 0.0000000000
74360  36.677  -19.301  32.225 0.0000000000
68206  34.068  -24.332  34.597 0.0000000000
68217  36.333  -24.220  33.721 0.0000000000
67000  37.283  -26.347  35.145 0.0000000000
65825  37.504  -26.984  36.912 0.0000000000
53571  15.882  -36.560  52.784 0.0000000000
51103  17.896  -38.822  53.421 0.0000000000
52308  15.182  -38.028  53.747 0.0000000000
51039  14.709  -39.307  56.196 0.0000000000
51087  13.005  -38.161  54.282 0.0000000000
52246  9.345  -36.687  57.408 0.0000000000
50966  7.213  -38.907  59.413 0.0000000000
58580  30.674  -32.476  45.652 0.0000000000
54882  29.372  -35.091  45.271 0.0000000000
57403  27.945  -33.219  44.525 0.0000000000
53633  23.060  -37.264  49.413 0.0000000000
52420  25.946  -37.933  48.888 0.0000000000
63366  38.379  -28.948  42.200 0.0000000000
65711  35.519  -27.344  41.409 0.0000000000
74321  35.690  -19.226  34.785 0.0000000000
70566  33.622  -21.380  36.353 0.0000000000
69332  32.204  -23.688  36.568 0.0000000000
53635  21.424  -36.625  49.048 0.0000000000
53569  21.194  -37.494  51.731 0.0000000000
53613  18.961  -37.005  49.967 0.0000000000
54777  16.894  -35.513  51.243 0.0000000000
55972  15.729  -33.743  52.908 0.0000000000
58605  25.906  -32.540  44.536 0.0000000000
57359  23.936  -33.304  46.521 0.0000000000
54843  22.207  -35.592  46.996 0.0000000000
62160  34.081  -29.162  45.780 0.0000000000
62196  31.985  -29.426  43.720 0.0000000000
60956  35.084  -30.028  42.791 0.0000000000
60968  37.250  -30.739  41.455 0.0000000000
82954  47.145  -11.706  25.184 0.0000000000
79865  45.436  -13.974  25.910 0.0000000000
78760  46.725  -16.005  26.619 0.0000000000
77636  40.087  -16.719  29.544 0.0000000000
74392  42.016  -19.029  29.814 0.0000000000
75508  39.841  -18.894  30.048 0.0000000000
71878  40.510  -21.326  31.788 0.0000000000
70605  40.466  -22.785  33.446 0.0000000000
70624  36.362  -21.787  32.608 0.0000000000
69373  39.071  -23.446  33.610 0.0000000000
53682  33.762  -36.615  46.304 0.0000000000
54855  36.392  -35.644  46.453 0.0000000000
79816  41.131  -14.254  31.375 0.0000000000
54733  12.573  -35.302  54.979 0.0000000000
52265  10.819  -36.926  55.524 0.0000000000
49821  10.269  -39.505  55.962 0.0000000000
48568  10.504  -40.948  58.286 0.0000000000
47411  8.581  -41.592  58.476 0.0000000000
47403  7.156  -41.731  59.283 0.0000000000
47376  6.012  -41.185  61.610 0.0000000000
47349  5.450  -41.763  62.871 0.0000000000
56154  33.190  -34.649  44.733 0.0000000000
53699  31.198  -36.183  45.380 0.0000000000
53648  30.302  -36.435  48.070 0.0000000000
54861  26.893  -35.916  45.993 0.0000000000
66959  31.591  -25.624  37.535 0.0000000000
63405  31.008  -28.597  40.882 0.0000000000
64613  33.320  -28.144  38.897 0.0000000000
65782  35.960  -27.313  38.397 0.0000000000
56105  38.447  -34.563  46.523 0.0000000000
81940  52.511  -12.508  23.590 0.0000000000
80943  49.408  -13.311  24.420 0.0000000000
79880  50.369  -14.381  24.013 0.0000000000
76602  42.953  -16.941  28.616 0.0000000000
75524  44.254  -18.652  29.028 0.0000000000
75525  43.281  -18.456  29.334 0.0000000000
57426  34.838  -34.116  43.427 0.0000000000
56194  35.908  -34.074  42.661 0.0000000000
54922  35.496  -34.652  43.740 0.0000000000
78738  41.607  -15.275  28.717 0.0000000000
78753  42.019  -14.778  28.495 0.0000000000
77651  42.234  -15.604  28.437 0.0000000000
77650  42.927  -16.338  28.249 0.0000000000
44948  6.520  -43.951  61.417 0.0000000000
75480  37.001  -18.029  32.537 0.0000000000
75473  36.482  -18.525  33.669 0.0000000000
67003  34.487  -25.586  35.022 0.0000000000
67016  35.212  -25.179  34.496 0.0000000000
65842  35.704  -26.458  35.488 0.0000000000
65840  37.399  -26.752  35.984 0.0000000000
65826  36.528  -27.056  36.625 0.0000000000
53546  15.153  -36.646  53.200 0.0000000000
52333  15.472  -37.493  53.339 0.0000000000
52334  14.867  -37.268  53.454 0.0000000000
52309  14.311  -37.609  53.806 0.0000000000
53525  13.816  -36.731  53.933 0.0000000000
59768  29.816  -31.394  45.554 0.0000000000
58582  29.066  -32.546  44.713 0.0000000000
59786  28.453  -32.079  44.637 0.0000000000
53609  23.272  -37.344  50.647 0.0000000000
65680  31.842  -26.114  45.016 0.0000000000
64551  38.213  -27.377  42.771 0.0000000000
70567  33.063  -21.933  36.706 0.0000000000
70551  33.000  -21.777  37.747 0.0000000000
54805  20.003  -35.437  48.533 0.0000000000
53612  20.276  -37.275  49.647 0.0000000000
54806  19.056  -35.166  49.021 0.0000000000
56018  17.086  -34.082  50.796 0.0000000000
55995  16.682  -33.643  51.559 0.0000000000
55996  16.122  -34.058  52.065 0.0000000000
58540  24.978  -31.510  46.952 0.0000000000
58542  20.574  -33.181  47.724 0.0000000000
57335  21.991  -33.674  47.038 0.0000000000
56069  20.704  -34.431  47.604 0.0000000000
54803  21.693  -36.298  48.337 0.0000000000
62194  34.337  -29.983  43.393 0.0000000000
60955  35.796  -30.555  43.141 0.0000000000
58630  37.352  -32.825  42.695 0.0000000000
59814  36.933  -31.675  41.745 0.0000000000
59801  38.513  -31.812  43.299 0.0000000000
60953  39.101  -31.012  43.370 0.0000000000
59783  39.120  -31.869  44.130 0.0000000000
81913  43.566  -12.861  27.902 0.0000000000
81928  45.637  -12.518  26.215 0.0000000000
79866  44.905  -13.807  26.285 0.0000000000
77647  45.794  -17.102  27.658 0.0000000000
78761  45.769  -15.714  26.698 0.0000000000
76607  46.629  -17.210  27.625 0.0000000000
77624  39.196  -16.515  30.147 0.0000000000
76588  39.709  -17.639  29.781 0.0000000000
75509  39.126  -18.327  30.175 0.0000000000
73155  38.024  -20.344  31.593 0.0000000000
73154  39.110  -20.321  31.141 0.0000000000
71879  39.552  -21.131  31.710 0.0000000000
71866  39.926  -21.669  32.385 0.0000000000
70621  39.278  -22.189  32.778 0.0000000000
73111  35.016  -20.032  34.489 0.0000000000
73128  35.233  -20.303  33.533 0.0000000000
70611  34.803  -21.681  33.752 0.0000000000
68202  37.863  -25.014  34.215 0.0000000000
68216  37.411  -24.229  33.801 0.0000000000
68215  38.534  -24.228  33.926 0.0000000000
68213  40.296  -23.918  33.826 0.0000000000
53665  33.364  -37.136  47.431 0.0000000000
53663  35.189  -36.484  47.327 0.0000000000
77597  39.596  -16.244  32.684 0.0000000000
77614  39.220  -15.986  31.440 0.0000000000
78729  40.251  -15.052  30.196 0.0000000000
52381  19.421  -38.061  50.856 0.0000000000
51115  19.526  -38.757  52.691 0.0000000000
51040  13.811  -39.493  55.835 0.0000000000
50988  14.943  -39.431  58.403 0.0000000000
51015  14.014  -39.611  57.274 0.0000000000
49801  12.871  -39.946  57.106 0.0000000000
54722  11.627  -35.393  56.068 0.0000000000
53497  11.567  -36.046  55.555 0.0000000000
54723  11.124  -35.743  56.500 0.0000000000
51016  8.460  -38.163  57.025 0.0000000000
51041  9.537  -38.486  56.008 0.0000000000
49822  9.356  -39.438  56.355 0.0000000000
49804  10.026  -40.100  56.818 0.0000000000
48581  8.962  -40.639  57.462 0.0000000000
48569  9.475  -41.280  58.354 0.0000000000
48570  8.219  -40.873  57.842 0.0000000000
50940  6.902  -38.876  60.306 0.0000000000
48558  6.948  -40.580  59.057 0.0000000000
49753  6.572  -39.637  60.596 0.0000000000
47391  6.441  -41.815  60.597 0.0000000000
48531  6.211  -40.431  61.082 0.0000000000
56131  32.785  -34.015  45.479 0.0000000000
56130  33.432  -34.173  45.332 0.0000000000
56155  32.124  -34.549  44.815 0.0000000000
54903  32.495  -35.459  44.693 0.0000000000
54904  31.476  -35.427  44.699 0.0000000000
54858  28.997  -35.408  46.135 0.0000000000
53686  30.034  -36.127  46.121 0.0000000000
54816  29.550  -36.070  47.817 0.0000000000
56138  24.929  -34.461  44.860 0.0000000000
56137  26.357  -34.653  44.718 0.0000000000
54862  25.536  -36.791  45.961 0.0000000000
52410  26.747  -37.837  49.371 0.0000000000
73172  42.398  -20.417  30.578 0.0000000000
73171  43.508  -20.455  30.159 0.0000000000
73150  43.199  -21.090  31.193 0.0000000000
68108  30.992  -23.791  39.649 0.0000000000
68125  31.364  -24.013  38.399 0.0000000000
66919  30.820  -26.015  38.953 0.0000000000
62233  33.521  -29.530  41.867 0.0000000000
62215  31.298  -29.160  42.745 0.0000000000
62234  32.722  -29.538  41.779 0.0000000000
66880  35.582  -26.776  41.009 0.0000000000
64599  33.797  -27.815  40.110 0.0000000000
65744  34.801  -27.635  39.929 0.0000000000
65784  33.811  -27.549  38.093 0.0000000000
65762  36.215  -27.027  39.380 0.0000000000
65761  37.142  -26.823  39.434 0.0000000000
54854  37.497  -35.181  46.447 0.0000000000
81941  51.601  -12.498  23.890 0.0000000000
80934  46.944  -13.088  24.933 0.0000000000
81935  48.279  -12.196  24.569 0.0000000000
79883  48.002  -13.788  24.610 0.0000000000
78797  49.771  -15.297  24.387 0.0000000000
77694  51.176  -15.963  24.527 0.0000000000
58521  19.674  -33.202  48.341 0.0000000000
57283  19.007  -33.677  48.914 0.0000000000
74398  46.357  -19.101  28.842 0.0000000000
75541  44.863  -18.615  28.774 0.0000000000
58599  35.541  -32.065  43.440 0.0000000000
59802  35.860  -31.450  42.850 0.0000000000
58632  35.557  -33.028  42.583 0.0000000000
57441  36.663  -33.682  42.592 0.0000000000
57397  37.767  -33.957  43.969 0.0000000000
80891  43.281  -12.779  30.414 0.0000000000
80900  42.221  -13.320  29.571 0.0000000000
80908  42.992  -13.223  28.112 0.0000000000
80917  43.599  -13.354  27.504 0.0000000000
79852  44.375  -14.160  26.654 0.0000000000
78751  43.699  -15.574  27.558 0.0000000000
77649  44.057  -16.686  28.008 0.0000000000
44967  8.311  -43.576  60.603 0.0000000000
76546  38.760  -16.544  32.142 0.0000000000
75496  37.809  -18.299  30.946 0.0000000000
76565  37.442  -17.592  31.947 0.0000000000
74359  37.459  -19.357  31.478 0.0000000000
73156  37.129  -20.065  31.893 0.0000000000
69363  34.120  -23.269  34.487 0.0000000000
69376  35.446  -23.466  33.566 0.0000000000
68205  34.923  -24.280  34.120 0.0000000000
68203  36.783  -24.858  34.192 0.0000000000
67013  38.124  -25.793  34.741 0.0000000000
66999  38.301  -26.407  35.418 0.0000000000
65823  39.428  -26.923  37.276 0.0000000000
53625  32.159  -37.876  49.376 0.0000000000
52359  17.152  -37.646  52.117 0.0000000000
51117  18.060  -38.630  52.667 0.0000000000
52331  16.932  -38.227  52.807 0.0000000000
51104  16.706  -38.675  53.579 0.0000000000
51062  16.286  -39.207  55.547 0.0000000000
51064  14.298  -39.203  55.032 0.0000000000
51065  13.276  -39.045  54.902 0.0000000000
53472  10.469  -35.615  57.495 0.0000000000
52228  9.135  -36.486  58.487 0.0000000000
50964  8.178  -37.792  58.569 0.0000000000
50991  7.774  -38.838  58.082 0.0000000000
50938  8.037  -37.557  59.563 0.0000000000
50918  7.751  -37.355  60.607 0.0000000000
50919  7.125  -38.237  61.268 0.0000000000
57375  31.190  -33.079  45.847 0.0000000000
56157  30.300  -34.344  44.589 0.0000000000
57402  29.935  -33.979  44.678 0.0000000000
56134  29.030  -34.443  44.900 0.0000000000
56135  28.359  -34.779  45.264 0.0000000000
53671  23.771  -36.771  46.986 0.0000000000
53670  25.037  -37.451  47.096 0.0000000000
52422  24.458  -37.861  49.326 0.0000000000
71863  42.831  -21.496  32.660 0.0000000000
66862  30.380  -26.164  42.131 0.0000000000
63385  36.358  -28.816  41.278 0.0000000000
63387  34.564  -28.586  41.393 0.0000000000
64570  36.159  -27.575  41.718 0.0000000000
65709  36.416  -27.159  42.071 0.0000000000
84040  50.111  -10.585  24.803 0.0000000000
44930  5.303  -43.310  62.551 0.0000000000
73101  35.648  -19.740  35.801 0.0000000000
73102  34.931  -20.314  36.279 0.0000000000
71826  34.143  -21.009  35.575 0.0000000000
69351  33.466  -22.872  35.067 0.0000000000
68190  33.094  -24.622  35.424 0.0000000000
68166  32.750  -24.989  35.983 0.0000000000
53588  22.638  -37.090  51.446 0.0000000000
53568  21.980  -37.079  52.261 0.0000000000
53590  21.032  -37.488  50.552 0.0000000000
52399  19.917  -37.773  50.218 0.0000000000
53591  18.612  -37.522  50.570 0.0000000000
56036  18.294  -34.349  49.461 0.0000000000
54776  17.701  -35.399  50.406 0.0000000000
53593  17.082  -36.738  51.524 0.0000000000
54767  16.635  -36.120  51.718 0.0000000000
54769  15.416  -35.441  52.852 0.0000000000
54754  14.695  -35.532  53.569 0.0000000000
58583  27.116  -31.562  44.696 0.0000000000
58563  25.603  -31.262  45.970 0.0000000000
57381  24.589  -33.117  45.376 0.0000000000
56139  24.034  -34.851  45.346 0.0000000000
57334  23.093  -33.125  47.314 0.0000000000
57360  23.125  -34.055  46.215 0.0000000000
54864  23.459  -35.614  46.243 0.0000000000
53672  22.628  -36.372  47.356 0.0000000000
53634  22.007  -36.709  48.963 0.0000000000
63315  33.344  -28.139  46.028 0.0000000000
63336  32.281  -28.210  45.015 0.0000000000
62177  32.622  -29.235  44.620 0.0000000000
62195  33.006  -29.973  43.755 0.0000000000
62211  34.621  -29.864  41.992 0.0000000000
59815  35.851  -31.474  41.875 0.0000000000
59831  35.887  -30.809  41.426 0.0000000000
62230  35.800  -29.593  41.191 0.0000000000
62209  37.962  -30.077  41.839 0.0000000000
62190  39.440  -29.852  43.542 0.0000000000
82947  46.976  -11.082  25.956 0.0000000000
80935  46.327  -13.024  25.351 0.0000000000
79863  46.854  -14.680  25.488 0.0000000000
78778  44.991  -14.466  26.363 0.0000000000
78776  46.405  -15.198  26.136 0.0000000000
77635  40.874  -16.612  29.171 0.0000000000
75526  42.327  -18.270  29.498 0.0000000000
75527  41.378  -18.324  29.566 0.0000000000
74393  41.211  -19.070  29.796 0.0000000000
73173  41.347  -20.311  30.710 0.0000000000
74376  38.607  -18.825  30.529 0.0000000000
73175  39.741  -20.191  30.947 0.0000000000
71877  41.485  -21.331  31.889 0.0000000000
71865  41.047  -21.878  32.583 0.0000000000
70603  42.272  -22.439  33.639 0.0000000000
74343  36.000  -19.201  33.103 0.0000000000
73139  36.087  -20.174  32.516 0.0000000000
71869  37.012  -21.219  32.364 0.0000000000
70609  36.506  -22.660  32.959 0.0000000000
70608  37.622  -22.754  33.047 0.0000000000
70622  38.309  -22.106  32.653 0.0000000000
70606  39.608  -22.798  33.281 0.0000000000
54879  34.758  -36.028  45.030 0.0000000000
54878  35.420  -35.771  45.452 0.0000000000
54856  35.611  -36.128  46.682 0.0000000000
53662  35.720  -36.354  47.714 0.0000000000
79817  40.696  -14.488  30.654 0.0000000000
78739  40.788  -15.372  29.227 0.0000000000
55948  14.099  -34.821  54.204 0.0000000000
55922  13.040  -34.652  54.821 0.0000000000
54732  13.258  -34.968  54.595 0.0000000000
53527  12.557  -36.740  54.451 0.0000000000
52286  12.217  -37.348  54.549 0.0000000000
51067  11.170  -38.374  55.063 0.0000000000
52266  9.794  -37.044  56.034 0.0000000000
51068  10.242  -38.381  55.401 0.0000000000
49820  11.356  -39.749  56.064 0.0000000000
49803  10.979  -40.163  56.903 0.0000000000
48567  11.174  -40.627  58.082 0.0000000000
46222  9.251  -42.457  59.673 0.0000000000
48571  7.350  -40.623  58.313 0.0000000000
47402  8.211  -42.109  58.918 0.0000000000
46224  7.897  -42.626  59.407 0.0000000000
46205  7.215  -42.901  60.032 0.0000000000
46206  6.420  -43.012  60.732 0.0000000000
46192  6.052  -42.751  61.609 0.0000000000
48517  6.041  -40.186  62.305 0.0000000000
47363  5.930  -41.646  62.271 0.0000000000
46179  5.522  -42.595  62.452 0.0000000000
57399  34.354  -33.845  43.943 0.0000000000
57374  33.808  -34.051  44.766 0.0000000000
56153  33.954  -34.771  44.186 0.0000000000
53712  33.510  -36.199  44.812 0.0000000000
53697  33.208  -36.514  45.429 0.0000000000
53683  32.734  -36.863  46.394 0.0000000000
54881  30.172  -35.736  45.216 0.0000000000
53685  30.723  -36.491  46.291 0.0000000000
53666  32.105  -37.211  47.585 0.0000000000
57404  27.248  -33.249  44.499 0.0000000000
56136  27.425  -34.720  45.023 0.0000000000
56090  27.893  -35.803  46.483 0.0000000000
54839  26.785  -36.895  47.135 0.0000000000
54819  27.723  -36.739  48.001 0.0000000000
54818  28.325  -36.200  48.015 0.0000000000
74371  43.162  -19.689  29.872 0.0000000000
69312  31.914  -23.329  37.574 0.0000000000
68142  31.803  -24.354  37.237 0.0000000000
65829  33.535  -26.277  36.302 0.0000000000
63351  30.965  -28.040  43.886 0.0000000000
64589  30.401  -27.803  41.788 0.0000000000
65745  30.403  -27.023  40.531 0.0000000000
63402  33.072  -28.252  40.239 0.0000000000
63419  31.884  -28.420  39.510 0.0000000000
65765  30.939  -27.002  38.968 0.0000000000
65785  32.788  -27.276  37.867 0.0000000000
65808  33.448  -26.860  37.061 0.0000000000
65807  34.619  -27.180  37.239 0.0000000000
65805  36.707  -27.231  37.607 0.0000000000
54877  36.616  -34.962  45.367 0.0000000000
56106  37.821  -34.604  45.818 0.0000000000
56126  38.945  -33.548  45.435 0.0000000000
56082  39.485  -34.088  47.195 0.0000000000
58557  39.607  -32.708  45.846 0.0000000000
82957  53.179  -11.669  23.395 0.0000000000
82952  49.025  -11.179  24.981 0.0000000000
81933  50.243  -12.482  24.363 0.0000000000
78798  48.977  -15.030  24.628 0.0000000000
80942  50.209  -13.465  24.151 0.0000000000
81942  50.808  -12.823  24.075 0.0000000000
80952  51.828  -13.392  23.680 0.0000000000
79891  51.972  -14.196  23.550 0.0000000000
76585  42.761  -17.399  29.008 0.0000000000
56177  35.404  -34.329  43.258 0.0000000000
54923  35.145  -34.887  43.782 0.0000000000
77633  42.616  -16.798  28.611 0.0000000000
65841  36.439  -26.727  35.689 0.0000000000
65827  35.438  -26.928  36.295 0.0000000000
53547  14.380  -36.458  53.633 0.0000000000
59752  29.804  -30.785  46.102 0.0000000000
59769  28.989  -31.170  45.121 0.0000000000
60926  28.821  -30.425  45.639 0.0000000000
53587  23.507  -37.262  51.808 0.0000000000
64534  32.359  -26.765  45.362 0.0000000000
54823  20.193  -34.884  48.093 0.0000000000
56053  19.342  -34.469  48.623 0.0000000000
57337  20.389  -33.560  47.738 0.0000000000
56093  20.659  -34.020  47.520 0.0000000000
56070  20.224  -34.310  47.851 0.0000000000
54822  20.789  -35.079  47.830 0.0000000000
62174  36.002  -29.847  44.003 0.0000000000
62192  36.083  -30.067  43.687 0.0000000000
58616  38.187  -32.764  43.425 0.0000000000
58629  37.993  -32.314  42.947 0.0000000000
59784  38.660  -32.293  43.737 0.0000000000
59800  38.914  -31.560  43.612 0.0000000000
58597  39.089  -32.648  44.621 0.0000000000
81912  44.197  -12.518  27.636 0.0000000000
81903  44.479  -12.176  28.716 0.0000000000
81921  45.185  -12.170  26.849 0.0000000000
80927  44.663  -13.200  26.579 0.0000000000
76608  46.093  -17.165  27.637 0.0000000000
76598  47.098  -17.871  28.028 0.0000000000
47375  9.937  -42.399  60.835 0.0000000000
76574  38.979  -17.408  30.081 0.0000000000
77625  38.719  -17.000  30.327 0.0000000000
71880  38.728  -20.965  31.727 0.0000000000
71867  38.966  -21.597  32.190 0.0000000000
71838  34.601  -20.989  34.442 0.0000000000
71855  34.846  -21.154  33.783 0.0000000000
68201  39.198  -25.120  34.479 0.0000000000
53645  34.078  -37.064  47.996 0.0000000000
52418  33.557  -37.547  48.562 0.0000000000
77613  40.002  -15.706  32.251 0.0000000000
78720  39.661  -15.597  30.560 0.0000000000
52357  19.101  -38.755  51.776 0.0000000000
49818  13.175  -39.732  56.193 0.0000000000
51017  8.286  -38.726  57.206 0.0000000000
51042  8.805  -38.584  56.618 0.0000000000
51043  8.507  -39.119  56.915 0.0000000000
49805  9.148  -40.131  56.866 0.0000000000
50920  6.700  -38.956  60.972 0.0000000000
56109  32.882  -33.458  46.474 0.0000000000
56156  31.207  -34.378  44.559 0.0000000000
56111  28.850  -35.572  46.569 0.0000000000
54835  29.418  -35.951  46.697 0.0000000000
54836  28.949  -35.709  47.086 0.0000000000
54817  28.904  -35.979  48.038 0.0000000000
54886  24.673  -35.666  45.321 0.0000000000
54885  25.839  -35.535  45.210 0.0000000000
66881  30.559  -25.409  40.940 0.0000000000
68095  30.756  -24.610  40.292 0.0000000000
68109  30.767  -24.778  39.219 0.0000000000
66901  35.756  -26.676  40.941 0.0000000000
65743  35.596  -27.032  40.427 0.0000000000
65763  35.319  -27.462  39.252 0.0000000000
65742  36.549  -26.682  40.213 0.0000000000
84039  50.970  -10.813  24.381 0.0000000000
82959  51.580  -11.455  24.085 0.0000000000
81932  50.998  -12.187  24.109 0.0000000000
79873  47.320  -13.996  24.930 0.0000000000
79872  47.894  -14.435  24.834 0.0000000000
58494  20.262  -32.109  48.909 0.0000000000
58495  19.352  -32.846  48.842 0.0000000000
58477  19.574  -32.112  49.692 0.0000000000
75540  45.638  -18.798  28.658 0.0000000000
74389  44.671  -19.649  29.241 0.0000000000
56176  36.307  -34.297  43.152 0.0000000000
57424  36.887  -34.093  43.000 0.0000000000
57423  37.432  -33.692  43.290 0.0000000000
80901  41.653  -13.555  30.017 0.0000000000
79843  42.419  -14.112  28.260 0.0000000000
79842  43.239  -14.331  27.586 0.0000000000
78763  43.885  -14.736  27.049 0.0000000000
76601  43.512  -17.176  28.609 0.0000000000
77648  45.167  -16.891  27.740 0.0000000000
44946  8.322  -43.969  61.140 0.0000000000
76547  38.171  -17.087  32.501 0.0000000000
75498  36.798  -18.573  32.338 0.0000000000
73157  36.644  -20.033  32.172 0.0000000000
69362  34.790  -23.719  33.978 0.0000000000
67015  36.120  -25.431  34.527 0.0000000000
67014  37.088  -25.664  34.541 0.0000000000
65839  38.378  -26.748  36.282 0.0000000000
65824  38.443  -27.000  37.127 0.0000000000
65803  38.587  -27.056  38.022 0.0000000000
52360  16.533  -37.363  52.604 0.0000000000
52307  15.726  -38.166  53.523 0.0000000000
51105  16.098  -38.453  53.509 0.0000000000
51084  15.880  -38.944  54.157 0.0000000000
51063  15.283  -39.188  55.250 0.0000000000
51085  14.791  -38.648  54.299 0.0000000000
51086  13.849  -38.434  54.266 0.0000000000
52211  8.694  -37.078  59.070 0.0000000000
52229  8.752  -37.237  58.027 0.0000000000
50904  7.616  -37.225  61.705 0.0000000000
58561  30.710  -32.036  46.165 0.0000000000
57357  31.015  -32.721  46.022 0.0000000000
57376  30.748  -33.020  45.202 0.0000000000
57378  28.600  -33.641  44.653 0.0000000000
54883  28.884  -34.960  45.495 0.0000000000
53652  24.120  -37.701  48.468 0.0000000000
66861  30.648  -25.479  42.300 0.0000000000
65712  30.497  -26.203  42.483 0.0000000000
63367  37.337  -28.850  41.582 0.0000000000
64585  36.377  -28.106  41.614 0.0000000000
64568  37.834  -28.021  42.244 0.0000000000
65694  38.433  -26.968  43.227 0.0000000000
65696  36.874  -27.014  42.596 0.0000000000
70582  33.559  -22.218  35.308 0.0000000000
70583  33.221  -22.153  35.982 0.0000000000
69331  32.468  -22.673  37.014 0.0000000000
69352  32.982  -23.136  35.654 0.0000000000
69353  32.517  -24.148  35.903 0.0000000000
68191  32.664  -24.618  35.927 0.0000000000
53611  21.378  -37.039  49.658 0.0000000000
53589  21.783  -37.188  51.018 0.0000000000
54789  19.508  -36.181  49.238 0.0000000000
57260  18.149  -33.473  49.811 0.0000000000
53592  17.802  -36.814  50.642 0.0000000000
55997  15.644  -34.605  52.598 0.0000000000
55973  15.217  -34.364  53.329 0.0000000000
59755  26.278  -30.361  46.469 0.0000000000
59738  26.254  -30.180  47.087 0.0000000000
57358  24.416  -32.377  46.673 0.0000000000
58564  24.900  -32.081  45.978 0.0000000000
57382  24.069  -34.076  45.673 0.0000000000
56091  21.867  -34.710  46.785 0.0000000000
57361  22.461  -34.475  46.545 0.0000000000
56116  22.403  -35.035  46.512 0.0000000000
56115  22.975  -34.917  46.329 0.0000000000
54865  22.828  -35.414  46.553 0.0000000000
54842  23.084  -35.986  46.755 0.0000000000
54804  21.147  -36.151  48.560 0.0000000000
53610  22.371  -37.077  50.225 0.0000000000
63335  33.069  -28.730  45.394 0.0000000000
60957  34.549  -29.943  42.699 0.0000000000
62212  34.141  -29.839  42.361 0.0000000000
60971  34.742  -29.937  42.348 0.0000000000
58618  35.730  -32.289  42.643 0.0000000000
60969  35.685  -31.009  42.409 0.0000000000
59829  36.814  -31.005  41.364 0.0000000000
59830  36.384  -30.985  41.392 0.0000000000
60983  36.106  -30.372  41.115 0.0000000000
60982  36.719  -30.491  41.167 0.0000000000
62210  37.171  -29.874  41.253 0.0000000000
60939  39.599  -30.783  44.258 0.0000000000
62191  38.791  -29.963  42.701 0.0000000000
81892  44.318  -12.470  30.173 0.0000000000
82948  46.291  -11.770  26.331 0.0000000000
80936  45.723  -13.074  25.734 0.0000000000
81927  46.178  -12.211  25.859 0.0000000000
79875  45.998  -13.710  25.515 0.0000000000
79874  46.568  -13.859  25.262 0.0000000000
79864  46.117  -14.429  25.731 0.0000000000
78740  40.404  -16.129  29.400 0.0000000000
76587  40.668  -17.559  29.447 0.0000000000
75529  39.772  -18.353  29.924 0.0000000000
75528  40.435  -18.509  29.750 0.0000000000
74374  40.596  -19.517  30.196 0.0000000000
75510  38.465  -18.250  30.474 0.0000000000
73153  40.043  -20.712  31.228 0.0000000000
73152  40.977  -20.857  31.262 0.0000000000
70619  40.866  -22.317  33.175 0.0000000000
71853  41.280  -22.201  33.135 0.0000000000
70604  41.369  -22.658  33.557 0.0000000000
75456  36.457  -18.558  34.233 0.0000000000
74337  35.507  -19.555  33.820 0.0000000000
71871  35.701  -20.872  32.654 0.0000000000
73140  35.528  -20.489  32.955 0.0000000000
71870  36.222  -21.043  32.349 0.0000000000
69375  36.894  -23.526  33.332 0.0000000000
69374  38.034  -23.482  33.497 0.0000000000
70607  38.657  -22.787  33.155 0.0000000000
53696  34.167  -36.251  45.202 0.0000000000
53695  34.787  -36.152  45.432 0.0000000000
53681  34.780  -36.392  46.194 0.0000000000
53643  35.403  -36.522  48.200 0.0000000000
79824  41.699  -13.791  31.208 0.0000000000
78730  39.924  -15.824  29.711 0.0000000000
51014  15.188  -39.298  57.337 0.0000000000
55947  14.580  -34.299  54.063 0.0000000000
54721  12.183  -34.455  56.085 0.0000000000
55893  12.790  -34.146  55.332 0.0000000000
54743  13.074  -35.891  54.496 0.0000000000
53509  12.696  -36.164  54.612 0.0000000000
53511  11.321  -36.549  55.362 0.0000000000
53510  12.032  -36.397  54.970 0.0000000000
52287  11.452  -37.353  54.982 0.0000000000
51066  12.196  -38.425  54.682 0.0000000000
53486  10.079  -36.195  57.020 0.0000000000
49834  10.901  -39.180  55.363 0.0000000000
48579  10.597  -40.504  57.507 0.0000000000
48555  11.360  -40.944  59.003 0.0000000000
48557  9.792  -41.592  59.136 0.0000000000
47401  9.244  -42.002  59.149 0.0000000000
47390  9.701  -42.253  59.935 0.0000000000
50992  7.437  -38.902  58.800 0.0000000000
49786  7.655  -39.936  57.931 0.0000000000
49787  7.238  -39.622  58.711 0.0000000000
47413  7.171  -41.153  58.676 0.0000000000
46204  8.314  -43.189  60.063 0.0000000000
47392  6.279  -42.424  61.074 0.0000000000
47377  6.157  -41.982  61.437 0.0000000000
49713  6.689  -39.112  62.777 0.0000000000
48504  6.377  -39.526  63.463 0.0000000000
48505  5.814  -40.618  63.014 0.0000000000
57400  33.820  -34.349  44.386 0.0000000000
54902  33.475  -35.582  44.552 0.0000000000
53714  32.003  -36.098  44.839 0.0000000000
53713  32.801  -36.204  44.791 0.0000000000
53698  32.248  -36.592  45.431 0.0000000000
53684  31.649  -36.787  46.352 0.0000000000
54906  29.875  -35.021  44.679 0.0000000000
54905  30.591  -35.179  44.574 0.0000000000
53668  30.086  -36.426  47.064 0.0000000000
53667  30.932  -36.857  47.279 0.0000000000
53646  31.864  -37.638  48.616 0.0000000000
53647  31.000  -37.154  48.364 0.0000000000
58584  26.125  -31.700  44.870 0.0000000000
57405  26.301  -33.429  44.396 0.0000000000
54884  26.590  -35.438  45.178 0.0000000000
56114  27.099  -35.353  45.213 0.0000000000
56113  27.802  -35.520  45.846 0.0000000000
54860  27.610  -35.848  46.353 0.0000000000
53651  25.488  -37.759  48.193 0.0000000000
53669  26.049  -37.534  47.457 0.0000000000
53650  26.677  -37.576  48.232 0.0000000000
53607  27.482  -37.377  49.422 0.0000000000
53649  27.367  -37.150  48.400 0.0000000000
53630  27.731  -36.877  48.953 0.0000000000
54802  28.145  -36.461  48.685 0.0000000000
74391  42.856  -19.089  29.735 0.0000000000
74372  42.605  -19.738  30.040 0.0000000000
69295  32.156  -22.381  38.885 0.0000000000
69296  31.736  -22.964  38.363 0.0000000000
66937  31.519  -25.057  37.758 0.0000000000
66958  31.953  -25.503  36.948 0.0000000000
66983  32.609  -25.363  36.347 0.0000000000
66957  32.820  -26.061  36.585 0.0000000000
62178  31.771  -28.782  44.397 0.0000000000
63337  31.525  -27.995  44.485 0.0000000000
62197  31.359  -28.766  43.715 0.0000000000
62236  31.121  -29.173  41.870 0.0000000000
63370  30.664  -28.389  42.486 0.0000000000
63391  30.754  -28.638  41.541 0.0000000000
65728  30.364  -27.201  41.301 0.0000000000
64602  30.673  -28.030  40.591 0.0000000000
64587  35.207  -27.825  41.334 0.0000000000
63388  33.362  -28.628  41.094 0.0000000000
64588  34.442  -27.829  41.011 0.0000000000
64600  32.978  -28.231  39.666 0.0000000000
64614  32.315  -28.196  39.200 0.0000000000
64615  31.229  -27.937  39.430 0.0000000000
64628  31.922  -27.711  38.838 0.0000000000
65786  31.652  -26.965  38.289 0.0000000000
64627  32.504  -27.698  38.525 0.0000000000
65783  34.985  -27.694  38.204 0.0000000000
65806  35.705  -27.323  37.379 0.0000000000
65780  37.838  -27.034  38.738 0.0000000000
54853  38.118  -35.054  47.066 0.0000000000
56127  38.396  -34.101  45.278 0.0000000000
56104  39.096  -33.884  46.082 0.0000000000
57326  39.543  -33.472  46.422 0.0000000000
58556  39.969  -32.315  46.051 0.0000000000
82958  52.429  -11.624  23.774 0.0000000000
80951  52.661  -13.354  23.344 0.0000000000
80944  48.556  -13.145  24.529 0.0000000000
81934  49.284  -12.310  24.602 0.0000000000
79881  49.515  -14.298  24.285 0.0000000000
80953  50.988  -13.475  23.885 0.0000000000
79892  51.204  -14.286  23.762 0.0000000000
76583  44.182  -18.142  28.826 0.0000000000
76584  43.770  -17.922  28.941 0.0000000000
74390  43.692  -19.493  29.518 0.0000000000
57425  35.154  -33.627  43.064 0.0000000000
56152  35.865  -34.551  43.665 0.0000000000
56151  36.477  -34.512  43.983 0.0000000000
76548  37.616  -17.573  32.883 0.0000000000
76537  37.862  -17.754  33.408 0.0000000000
75472  37.289  -18.061  33.523 0.0000000000
75481  36.597  -18.546  32.861 0.0000000000
68189  33.845  -24.956  34.870 0.0000000000
67017  34.499  -24.897  34.573 0.0000000000
67002  35.456  -25.875  35.009 0.0000000000
67001  36.342  -26.148  35.012 0.0000000000
52332  16.143  -37.746  53.150 0.0000000000
53545  15.688  -37.102  53.118 0.0000000000
52310  13.494  -37.478  54.068 0.0000000000
52193  8.371  -36.744  60.040 0.0000000000
58562  30.211  -31.555  45.913 0.0000000000
58581  30.027  -32.190  45.294 0.0000000000
58602  28.376  -32.782  44.523 0.0000000000
53632  23.946  -37.676  49.814 0.0000000000
65681  31.378  -26.267  43.982 0.0000000000
64567  38.592  -28.118  42.598 0.0000000000
64550  39.095  -27.634  43.252 0.0000000000
54787  21.138  -36.623  49.063 0.0000000000
54788  20.561  -36.486  49.053 0.0000000000
56017  17.814  -34.234  50.040 0.0000000000
56019  16.569  -34.432  51.408 0.0000000000
54778  16.346  -34.886  51.629 0.0000000000
57310  21.389  -32.970  47.631 0.0000000000
57336  20.974  -33.495  47.459 0.0000000000
56092  21.181  -34.349  47.288 0.0000000000
54844  21.522  -35.101  47.313 0.0000000000
54821  21.657  -35.779  47.811 0.0000000000
62176  33.869  -29.450  44.884 0.0000000000
62175  35.177  -29.960  44.538 0.0000000000
62193  35.528  -30.006  43.561 0.0000000000
59813  37.836  -31.799  42.491 0.0000000000
60967  37.710  -31.078  41.956 0.0000000000
60954  38.443  -31.001  42.505 0.0000000000
59766  39.565  -31.484  45.021 0.0000000000
81904  43.657  -12.567  28.487 0.0000000000
81902  45.293  -11.827  29.004 0.0000000000
81920  45.930  -12.093  26.473 0.0000000000
80926  45.198  -13.102  26.186 0.0000000000
77660  45.249  -16.131  27.231 0.0000000000
77659  46.048  -16.629  27.271 0.0000000000
77658  47.097  -16.671  27.187 0.0000000000
76606  47.525  -17.165  27.743 0.0000000000
70620  40.190  -22.211  33.001 0.0000000000
71837  34.905  -20.722  33.846 0.0000000000
71854  35.221  -21.126  33.222 0.0000000000
70610  35.480  -22.156  33.103 0.0000000000
68214  39.628  -24.129  33.906 0.0000000000
53664  34.330  -36.766  47.210 0.0000000000
53644  34.704  -36.709  48.056 0.0000000000
77596  40.498  -16.145  33.015 0.0000000000
78705  40.625  -15.398  32.447 0.0000000000
78719  40.275  -15.073  31.428 0.0000000000
52380  20.492  -37.934  50.938 0.0000000000
52356  20.337  -38.331  52.224 0.0000000000
51101  19.963  -38.597  53.110 0.0000000000
49783  13.284  -39.989  58.235 0.0000000000
49784  12.409  -40.316  57.877 0.0000000000
54710  12.148  -34.131  56.587 0.0000000000
54734  11.932  -35.762  55.385 0.0000000000
53498  10.923  -36.218  56.039 0.0000000000
52247  8.777  -37.514  56.906 0.0000000000
52267  9.182  -37.887  56.339 0.0000000000
48580  9.791  -40.660  57.501 0.0000000000
49772  6.846  -39.698  59.652 0.0000000000
48546  6.610  -40.656  59.998 0.0000000000
47332  5.471  -40.820  63.506 0.0000000000
54857  29.530  -35.660  45.877 0.0000000000
54799  29.848  -36.277  48.494 0.0000000000
56159  25.563  -33.881  44.507 0.0000000000
52396  26.428  -38.173  50.436 0.0000000000
74373  41.691  -19.718  30.139 0.0000000000
68094  31.109  -23.838  40.684 0.0000000000
68126  31.126  -25.116  38.445 0.0000000000
66938  31.281  -25.835  38.003 0.0000000000
62214  32.313  -29.699  42.735 0.0000000000
62235  31.767  -29.448  41.841 0.0000000000
63389  32.153  -29.068  40.980 0.0000000000
65726  35.341  -27.145  41.190 0.0000000000
65727  34.841  -27.562  40.555 0.0000000000
64626  33.111  -27.672  38.339 0.0000000000
65764  34.379  -27.901  39.070 0.0000000000
54832  37.016  -35.740  47.338 0.0000000000
54831  37.844  -35.462  47.549 0.0000000000
56083  38.633  -34.947  47.736 0.0000000000
81936  47.372  -12.263  24.787 0.0000000000
80945  47.716  -13.089  24.592 0.0000000000
78796  50.778  -15.300  24.099 0.0000000000
78795  51.546  -15.514  23.944 0.0000000000
57311  19.880  -33.604  48.058 0.0000000000
58496  18.849  -33.180  49.180 0.0000000000
57309  22.171  -32.610  48.070 0.0000000000
58519  21.091  -32.317  48.207 0.0000000000
58520  20.175  -32.865  48.078 0.0000000000
75539  46.683  -18.649  28.528 0.0000000000
75523  45.021  -19.096  28.976 0.0000000000
74388  45.695  -19.716  29.184 0.0000000000
59785  36.061  -31.289  43.839 0.0000000000
57442  35.790  -33.556  42.492 0.0000000000
57440  37.174  -33.443  42.773 0.0000000000
57422  37.944  -33.311  43.488 0.0000000000
57396  38.311  -33.554  44.107 0.0000000000
80899  43.015  -12.791  29.135 0.0000000000
79831  42.032  -13.787  28.846 0.0000000000
80909  42.478  -13.385  28.758 0.0000000000
80916  44.126  -13.316  27.019 0.0000000000
79853  43.793  -13.997  27.110 0.0000000000
78750  44.566  -16.142  27.467 0.0000000000
46191  8.808  -43.388  60.824 0.0000000000
76563  38.656  -16.541  31.435 0.0000000000
76575  38.455  -17.548  30.516 0.0000000000
76564  38.083  -17.028  31.398 0.0000000000
75497  37.094  -18.487  31.838 0.0000000000
73137  37.399  -20.686  32.076 0.0000000000
69377  34.726  -22.551  33.768 0.0000000000
68218  35.623  -24.222  33.799 0.0000000000
68204  35.832  -24.742  34.083 0.0000000000
67012  38.990  -25.999  34.958 0.0000000000
66998  39.536  -26.330  35.785 0.0000000000
66979  39.671  -26.716  36.573 0.0000000000
65838  39.117  -26.862  36.553 0.0000000000
52419  32.658  -37.762  48.744 0.0000000000
52408  33.100  -37.769  49.673 0.0000000000
52383  17.598  -37.582  51.390 0.0000000000
52330  17.599  -38.390  52.573 0.0000000000
49831  13.234  -39.459  55.559 0.0000000000
49832  12.652  -39.368  55.405 0.0000000000
53473  9.671  -35.914  57.912 0.0000000000
50990  8.310  -37.997  57.616 0.0000000000
50965  7.652  -38.318  59.065 0.0000000000
50939  7.479  -38.197  60.047 0.0000000000
56133  30.858  -33.748  44.822 0.0000000000
57401  30.282  -33.695  44.740 0.0000000000
56158  29.629  -34.400  44.730 0.0000000000
57377  29.657  -33.478  44.719 0.0000000000
54859  28.733  -35.201  45.713 0.0000000000
56112  28.580  -35.537  46.097 0.0000000000
53688  24.145  -36.714  46.457 0.0000000000
53687  24.489  -36.909  46.440 0.0000000000
52421  25.072  -37.920  49.076 0.0000000000
52412  24.767  -37.957  49.934 0.0000000000
52411  25.709  -38.115  49.708 0.0000000000
73136  42.310  -21.218  32.029 0.0000000000
73135  42.944  -21.284  32.191 0.0000000000
68084  30.853  -24.577  41.334 0.0000000000
63386  35.431  -28.719  41.342 0.0000000000
64586  35.840  -28.059  41.434 0.0000000000
64571  35.680  -27.520  41.514 0.0000000000
64569  36.894  -27.768  41.996 0.0000000000
65710  35.852  -27.075  41.712 0.0000000000
65725  35.784  -26.924  41.484 0.0000000000
66879  35.950  -26.707  41.342 0.0000000000
78788  48.226  -15.180  25.171 0.0000000000
44929  5.868  -43.456  62.075 0.0000000000
74305  36.339  -19.183  35.481 0.0000000000
73112  34.763  -20.361  35.326 0.0000000000
69364  33.418  -23.992  34.846 0.0000000000
67004  33.666  -25.416  35.331 0.0000000000
66981  33.948  -26.080  35.665 0.0000000000
52398  20.488  -37.700  50.286 0.0000000000
52382  18.390  -37.931  51.129 0.0000000000
56054  18.746  -34.368  49.070 0.0000000000
54807  18.583  -34.856  49.262 0.0000000000
54790  18.435  -35.472  49.603 0.0000000000
53614  18.224  -36.185  50.143 0.0000000000
53570  16.570  -36.659  52.151 0.0000000000
54768  16.118  -35.499  52.075 0.0000000000
53572  15.241  -36.054  53.022 0.0000000000
60927  28.202  -30.291  45.673 0.0000000000
59754  27.178  -30.168  45.986 0.0000000000
59771  26.594  -30.880  45.433 0.0000000000
58585  25.260  -32.191  45.062 0.0000000000
57406  25.360  -33.114  44.610 0.0000000000
56160  25.073  -33.650  44.766 0.0000000000
54887  23.919  -35.514  45.668 0.0000000000
57383  23.732  -34.501  45.797 0.0000000000
56140  23.504  -34.903  45.854 0.0000000000
54841  23.598  -36.219  46.462 0.0000000000
53653  22.912  -36.903  48.208 0.0000000000
53654  22.106  -36.401  48.025 0.0000000000
63316  32.833  -27.926  45.554 0.0000000000
62213  33.309  -29.905  42.629 0.0000000000
62231  35.063  -29.530  41.648 0.0000000000
60970  35.229  -30.488  42.057 0.0000000000
59816  35.677  -30.746  41.683 0.0000000000
60984  35.582  -30.299  41.445 0.0000000000
63384  36.852  -29.318  41.253 0.0000000000
81926  46.764  -12.215  25.300 0.0000000000
78777  45.570  -14.872  26.269 0.0000000000
78775  47.391  -15.475  25.923 0.0000000000
76586  41.633  -17.455  29.163 0.0000000000
74375  39.412  -19.549  30.576 0.0000000000
74357  38.991  -19.810  30.875 0.0000000000
73174  40.355  -20.202  30.809 0.0000000000
71876  42.015  -21.197  31.993 0.0000000000
71864  42.193  -21.526  32.459 0.0000000000
71852  41.862  -22.065  33.119 0.0000000000
74344  35.615  -19.930  33.131 0.0000000000
73138  36.744  -20.552  32.196 0.0000000000
70623  37.304  -21.971  32.640 0.0000000000
69372  39.988  -23.433  33.615 0.0000000000
69371  40.820  -23.478  33.811 0.0000000000
54901  34.570  -35.527  44.385 0.0000000000
54834  35.663  -36.242  47.296 0.0000000000
54833  36.168  -36.056  47.417 0.0000000000
79825  41.332  -13.898  30.421 0.0000000000
79826  40.795  -14.526  29.807 0.0000000000
79833  40.920  -14.666  29.364 0.0000000000
53544  21.250  -37.336  53.276 0.0000000000
51116  18.673  -38.887  52.681 0.0000000000
57172  15.198  -33.599  53.917 0.0000000000
54741  14.290  -35.050  54.010 0.0000000000
55921  13.648  -34.302  54.562 0.0000000000
54742  13.794  -35.595  54.221 0.0000000000
53526  13.168  -36.547  54.225 0.0000000000
52311  12.826  -37.356  54.264 0.0000000000
51088  12.536  -37.844  54.372 0.0000000000
49833  11.755  -39.249  55.338 0.0000000000
53485  10.737  -35.925  56.788 0.0000000000
53499  10.399  -36.314  56.481 0.0000000000
52288  10.653  -37.585  55.319 0.0000000000
49802  11.956  -40.248  56.891 0.0000000000
49785  11.591  -40.449  57.625 0.0000000000
48578  11.092  -40.447  57.529 0.0000000000
49771  11.892  -40.575  58.488 0.0000000000
48556  10.534  -41.412  59.407 0.0000000000
46203  9.228  -42.820  60.265 0.0000000000
47412  7.696  -41.470  58.422 0.0000000000
46223  8.716  -42.578  59.530 0.0000000000
44968  7.769  -43.625  60.532 0.0000000000
44969  7.039  -43.591  60.679 0.0000000000
49731  6.985  -38.548  62.273 0.0000000000
48518  5.819  -40.870  62.501 0.0000000000
47362  5.828  -40.957  62.165 0.0000000000
63314  33.971  -28.661  46.524 0.0000000000
53711  33.920  -36.000  44.581 0.0000000000
54880  30.848  -35.690  44.907 0.0000000000
53700  30.533  -36.157  45.729 0.0000000000
52431  32.359  -37.583  48.241 0.0000000000
59787  28.001  -31.567  44.710 0.0000000000
58603  27.702  -32.409  44.475 0.0000000000
57380  27.005  -33.979  44.726 0.0000000000
57379  27.762  -33.924  44.787 0.0000000000
56089  28.229  -35.756  46.613 0.0000000000
54837  28.503  -35.872  47.278 0.0000000000
54840  25.914  -37.274  46.830 0.0000000000
54820  27.190  -37.109  47.921 0.0000000000
54838  27.720  -36.015  47.038 0.0000000000
54801  28.656  -36.215  48.928 0.0000000000
73134  44.094  -21.233  32.114 0.0000000000
70530  32.877  -21.807  38.631 0.0000000000
69311  32.310  -22.451  38.024 0.0000000000
68167  32.296  -24.667  36.373 0.0000000000
66982  33.201  -25.555  35.950 0.0000000000
64535  31.899  -27.140  44.772 0.0000000000
64536  31.270  -27.243  44.098 0.0000000000
65682  31.062  -26.792  43.703 0.0000000000
63369  30.968  -28.463  43.213 0.0000000000
63352  30.699  -27.821  43.164 0.0000000000
65699  30.453  -26.972  42.805 0.0000000000
65713  30.351  -26.813  42.228 0.0000000000
66882  30.349  -26.298  41.406 0.0000000000
66903  30.372  -26.176  40.343 0.0000000000
63403  32.376  -28.671  39.984 0.0000000000
63404  31.379  -28.630  40.280 0.0000000000
64601  31.012  -28.280  40.038 0.0000000000
65766  30.595  -26.850  39.651 0.0000000000
66920  30.505  -26.113  39.686 0.0000000000
65810  31.672  -26.136  37.516 0.0000000000
65809  32.340  -26.531  37.292 0.0000000000
65828  34.304  -26.664  36.342 0.0000000000
65804  37.668  -27.199  37.826 0.0000000000
65781  36.912  -27.117  38.561 0.0000000000
54900  35.712  -34.896  44.381 0.0000000000
54899  36.400  -34.696  44.605 0.0000000000
56129  36.858  -34.594  44.623 0.0000000000
54876  37.362  -34.827  45.676 0.0000000000
56128  37.492  -34.541  45.038 0.0000000000
56149  37.940  -34.201  44.449 0.0000000000
57371  38.736  -33.490  44.897 0.0000000000
57351  39.369  -33.166  45.769 0.0000000000
57370  39.134  -33.093  45.077 0.0000000000
58576  39.446  -32.396  45.269 0.0000000000
58575  39.731  -31.898  45.509 0.0000000000
82951  50.096  -11.528  24.617 0.0000000000
79882  48.609  -14.188  24.559 0.0000000000
44913  5.199  -42.998  62.848 0.0000000000
49823  8.778  -39.422  56.733 0.0000000000
53631  27.233  -37.361  48.877 0.0000000000
53673  22.165  -36.003  47.560 0.0000000000
56052  19.862  -34.665  48.247 0.0000000000
56175  36.901  -34.224  43.465 0.0000000000
56195  35.526  -33.932  42.765 0.0000000000
57284  18.529  -33.603  49.305 0.0000000000
57312  19.450  -33.643  48.485 0.0000000000
57350  39.694  -32.969  46.201 0.0000000000
57356  31.468  -32.904  46.381 0.0000000000
57395  38.837  -33.118  44.552 0.0000000000
58478  18.656  -32.750  49.661 0.0000000000
58541  20.800  -32.897  47.712 0.0000000000
58604  26.726  -32.460  44.461 0.0000000000
58617  37.727  -33.151  43.220 0.0000000000
59753  29.212  -30.514  45.724 0.0000000000
59770  27.666  -30.849  45.161 0.0000000000
62179  31.386  -28.424  44.154 0.0000000000
62216  30.826  -28.959  42.168 0.0000000000
62229  36.505  -29.749  41.103 0.0000000000
63334  33.648  -28.927  45.778 0.0000000000
63368  36.735  -28.369  41.607 0.0000000000
63390  31.366  -28.935  41.223 0.0000000000
63420  31.695  -28.511  39.716 0.0000000000
64518  32.456  -27.433  45.357 0.0000000000
64552  37.495  -27.316  42.517 0.0000000000
64553  30.854  -27.247  43.545 0.0000000000
64554  30.596  -27.194  43.084 0.0000000000
64572  30.476  -27.510  42.609 0.0000000000
64616  30.658  -27.494  40.009 0.0000000000
65698  30.748  -26.437  43.102 0.0000000000
66859  36.026  -26.824  41.664 0.0000000000
68207  33.585  -24.499  34.893 0.0000000000
70625  35.749  -21.434  32.699 0.0000000000
74336  35.949  -18.821  34.061 0.0000000000
74399  46.083  -19.317  28.953 0.0000000000
75522  46.745  -19.110  28.919 0.0000000000
79844  41.939  -14.222  28.666 0.0000000000
80893  41.678  -13.598  30.367 0.0000000000
