#!ascii label  , from subject sub.01.dh.02t2 vox2ras=TkReg
1118
106828  45.082  16.352  7.619 0.0000000000
112468  48.623  23.952  9.515 0.0000000000
104662  51.337  12.003  12.414 0.0000000000
106043  40.790  15.089  11.540 0.0000000000
103497  43.119  10.765  10.642 0.0000000000
113190  47.821  24.543  6.099 0.0000000000
115187  45.684  27.625  14.966 0.0000000000
115927  44.731  28.362  11.414 0.0000000000
104049  52.040  11.368  18.682 0.0000000000
103425  45.795  10.650  15.849 0.0000000000
110438  49.905  20.044  3.883 0.0000000000
105341  48.670  13.828  8.889 0.0000000000
108966  46.499  18.292  10.214 0.0000000000
107479  49.326  17.455  16.455 0.0000000000
116008  42.011  28.553  6.459 0.0000000000
116005  47.907  28.599  6.865 0.0000000000
102052  46.059  7.858  8.154 0.0000000000
106063  42.729  15.557  9.718 0.0000000000
104664  41.815  12.478  12.383 0.0000000000
105329  44.201  14.211  10.833 0.0000000000
109700  46.083  19.560  6.887 0.0000000000
108982  44.053  18.553  8.754 0.0000000000
117174  44.029  30.825  16.671 0.0000000000
104012  52.529  11.096  21.790 0.0000000000
102675  50.584  9.647  20.635 0.0000000000
102654  51.665  9.185  23.476 0.0000000000
117283  42.910  30.473  3.453 0.0000000000
111811  50.489  22.195  6.804 0.0000000000
109715  48.250  19.129  6.662 0.0000000000
111056  49.236  21.213  9.466 0.0000000000
110991  45.613  21.612  15.986 0.0000000000
109616  47.618  19.574  15.545 0.0000000000
109592  47.445  19.195  17.270 0.0000000000
107455  50.222  16.888  19.141 0.0000000000
115248  47.468  27.919  10.842 0.0000000000
116632  46.979  29.232  9.306 0.0000000000
114512  48.316  26.630  7.947 0.0000000000
113188  49.664  24.597  5.341 0.0000000000
105323  50.068  13.225  10.143 0.0000000000
103508  48.000  9.916  9.024 0.0000000000
102022  49.539  8.695  10.350 0.0000000000
103499  40.667  10.511  10.228 0.0000000000
102816  41.335  9.682  7.011 0.0000000000
116025  47.669  28.131  4.394 0.0000000000
113841  45.498  25.913  6.957 0.0000000000
114507  46.300  26.542  11.122 0.0000000000
111746  47.599  22.872  11.553 0.0000000000
117205  39.730  30.564  13.389 0.0000000000
115217  40.832  27.680  12.348 0.0000000000
116608  46.186  29.282  13.957 0.0000000000
104063  51.467  11.163  15.343 0.0000000000
103447  49.609  10.365  13.548 0.0000000000
103395  49.396  10.579  17.269 0.0000000000
102694  47.001  9.871  18.883 0.0000000000
108292  47.065  17.203  5.192 0.0000000000
106070  46.815  14.695  8.079 0.0000000000
107559  48.410  16.243  5.748 0.0000000000
107536  48.514  15.910  8.660 0.0000000000
106781  49.690  14.712  11.640 0.0000000000
110359  47.845  20.381  12.757 0.0000000000
107508  47.023  16.864  13.794 0.0000000000
106005  50.544  14.478  14.947 0.0000000000
105986  51.530  14.690  17.423 0.0000000000
105232  51.296  14.141  20.348 0.0000000000
116696  41.459  29.793  4.400 0.0000000000
117262  43.991  30.683  5.426 0.0000000000
116652  45.464  30.236  7.166 0.0000000000
117259  47.940  30.713  5.139 0.0000000000
114544  49.432  26.656  3.730 0.0000000000
111084  48.761  21.912  5.196 0.0000000000
104673  46.178  12.219  10.747 0.0000000000
102799  45.351  9.711  7.495 0.0000000000
101332  42.570  7.566  5.877 0.0000000000
102771  45.068  8.953  11.755 0.0000000000
106809  43.893  15.671  8.889 0.0000000000
106051  43.643  14.693  10.325 0.0000000000
106061  44.525  15.082  9.201 0.0000000000
108269  45.563  17.844  7.143 0.0000000000
109702  45.226  19.023  7.784 0.0000000000
107545  44.559  16.937  8.137 0.0000000000
107547  43.259  16.580  9.037 0.0000000000
103332  52.654  10.469  23.373 0.0000000000
102653  52.783  9.603  22.946 0.0000000000
102637  52.554  9.336  24.338 0.0000000000
102831  39.279  8.254  6.287 0.0000000000
112483  50.155  22.862  8.361 0.0000000000
111064  50.116  21.736  8.693 0.0000000000
111775  50.024  22.421  9.967 0.0000000000
110320  44.978  20.534  16.655 0.0000000000
110318  46.711  20.472  16.462 0.0000000000
113822  48.075  25.713  9.455 0.0000000000
114510  47.931  26.769  9.273 0.0000000000
113821  48.600  25.526  8.919 0.0000000000
113171  49.500  24.525  8.008 0.0000000000
105313  50.720  12.926  11.277 0.0000000000
103490  50.044  9.879  9.986 0.0000000000
102779  50.585  9.586  11.426 0.0000000000
105309  39.817  14.298  12.927 0.0000000000
105297  40.231  12.965  13.196 0.0000000000
104108  42.822  11.350  11.523 0.0000000000
103479  41.015  10.865  11.484 0.0000000000
103498  41.855  10.514  10.396 0.0000000000
103529  41.133  9.800  7.929 0.0000000000
103528  42.342  10.033  8.124 0.0000000000
114536  47.566  26.651  4.975 0.0000000000
115304  46.817  27.522  5.436 0.0000000000
113840  46.653  25.323  6.684 0.0000000000
106802  41.066  16.036  10.850 0.0000000000
106794  39.862  15.920  11.743 0.0000000000
115214  45.964  27.437  13.073 0.0000000000
113159  45.439  24.812  11.253 0.0000000000
114492  44.831  26.498  12.910 0.0000000000
115870  45.833  28.815  16.261 0.0000000000
116581  44.575  29.956  15.795 0.0000000000
115881  46.550  28.714  14.862 0.0000000000
115213  46.722  27.843  12.776 0.0000000000
104053  51.653  11.480  17.631 0.0000000000
103405  50.758  10.463  16.135 0.0000000000
103384  51.329  10.188  18.374 0.0000000000
102669  48.688  9.183  21.562 0.0000000000
102684  48.663  9.698  19.824 0.0000000000
102678  46.782  9.098  20.188 0.0000000000
109036  48.255  18.192  4.341 0.0000000000
107579  48.140  16.319  4.519 0.0000000000
108290  48.566  17.362  5.057 0.0000000000
108979  46.922  18.346  8.460 0.0000000000
108268  47.722  17.261  7.389 0.0000000000
107537  47.669  16.360  9.330 0.0000000000
106799  48.453  15.728  10.145 0.0000000000
107529  47.613  16.142  10.490 0.0000000000
111728  47.853  22.676  12.837 0.0000000000
111032  49.064  21.792  11.631 0.0000000000
111711  48.411  21.875  13.531 0.0000000000
108914  48.383  18.590  16.186 0.0000000000
108215  47.266  18.181  14.497 0.0000000000
107499  48.335  16.341  15.242 0.0000000000
106763  48.297  15.808  14.598 0.0000000000
106752  49.502  15.601  15.474 0.0000000000
105996  51.256  14.526  16.235 0.0000000000
106730  50.858  16.259  17.313 0.0000000000
105964  49.580  14.913  19.401 0.0000000000
105963  50.662  15.427  19.839 0.0000000000
116667  42.060  29.197  5.793 0.0000000000
116681  42.535  29.833  5.326 0.0000000000
116680  43.269  29.961  5.672 0.0000000000
115917  42.807  27.826  12.374 0.0000000000
115234  42.075  27.377  11.129 0.0000000000
115232  44.026  27.846  10.566 0.0000000000
115984  47.527  28.559  7.947 0.0000000000
116642  46.617  29.654  8.535 0.0000000000
117242  47.244  29.900  7.596 0.0000000000
117250  46.848  31.117  6.761 0.0000000000
117248  48.216  29.754  5.884 0.0000000000
116043  48.821  28.447  4.220 0.0000000000
115301  49.314  27.677  4.719 0.0000000000
111827  50.305  21.711  4.553 0.0000000000
112530  49.707  23.574  4.877 0.0000000000
111102  49.578  20.798  3.998 0.0000000000
110430  47.964  19.987  4.699 0.0000000000
106069  47.829  14.358  8.208 0.0000000000
105336  47.047  13.883  9.684 0.0000000000
105326  47.156  13.172  10.162 0.0000000000
102796  48.136  8.852  7.986 0.0000000000
103524  46.739  9.859  8.107 0.0000000000
102072  47.236  7.995  6.166 0.0000000000
102084  44.997  8.434  5.137 0.0000000000
101317  45.117  7.728  7.170 0.0000000000
103437  47.464  11.073  14.522 0.0000000000
103462  46.632  10.263  12.681 0.0000000000
102742  45.293  10.234  13.962 0.0000000000
106042  41.797  14.912  11.211 0.0000000000
105307  41.656  13.390  12.298 0.0000000000
106041  42.706  14.433  11.083 0.0000000000
104676  43.122  12.473  11.879 0.0000000000
104107  43.761  11.702  11.452 0.0000000000
111075  47.579  21.824  6.666 0.0000000000
107540  42.013  16.541  9.858 0.0000000000
104028  52.535  11.078  20.864 0.0000000000
103380  51.828  9.902  19.065 0.0000000000
102665  52.738  9.827  20.933 0.0000000000
102667  51.299  9.557  21.429 0.0000000000
110418  50.283  20.580  5.508 0.0000000000
109713  49.244  19.582  5.782 0.0000000000
110409  49.596  20.432  7.024 0.0000000000
110400  48.668  20.661  8.086 0.0000000000
110391  47.890  20.322  9.452 0.0000000000
111699  45.978  22.108  14.715 0.0000000000
111697  47.415  21.784  14.669 0.0000000000
110988  47.100  20.997  15.816 0.0000000000
109607  47.414  19.828  16.494 0.0000000000
108906  48.850  18.572  16.887 0.0000000000
108187  50.308  17.697  18.055 0.0000000000
108887  48.757  18.191  18.167 0.0000000000
106722  47.995  16.083  18.373 0.0000000000
105966  47.566  14.459  18.841 0.0000000000
115284  40.830  27.632  7.405 0.0000000000
115926  45.946  28.740  11.910 0.0000000000
115939  45.785  28.702  10.752 0.0000000000
115952  47.247  28.652  10.297 0.0000000000
115272  47.794  27.510  8.550 0.0000000000
115280  48.150  27.367  7.264 0.0000000000
114521  49.247  26.329  5.457 0.0000000000
113175  49.642  24.516  6.608 0.0000000000
112519  50.283  22.959  6.301 0.0000000000
105333  49.723  13.396  9.653 0.0000000000
104683  48.315  11.926  9.930 0.0000000000
104682  49.297  12.065  9.889 0.0000000000
102790  49.554  8.725  8.950 0.0000000000
102039  47.361  8.184  9.355 0.0000000000
102710  44.188  9.784  16.702 0.0000000000
102724  43.426  9.755  15.409 0.0000000000
103481  38.796  10.627  11.163 0.0000000000
104665  40.782  12.478  12.920 0.0000000000
103465  40.202  10.850  11.901 0.0000000000
103500  39.525  10.404  10.116 0.0000000000
103516  39.178  10.154  9.039 0.0000000000
102817  40.206  9.565  6.971 0.0000000000
102841  40.952  8.606  5.123 0.0000000000
116678  46.450  29.344  4.702 0.0000000000
115293  45.376  27.397  6.200 0.0000000000
113162  47.377  25.141  9.835 0.0000000000
112451  48.136  23.346  9.899 0.0000000000
112453  46.791  24.014  10.611 0.0000000000
111747  46.642  23.139  11.578 0.0000000000
111730  45.282  22.627  12.726 0.0000000000
111715  44.484  22.242  13.549 0.0000000000
111700  44.817  21.939  14.578 0.0000000000
115918  39.918  28.540  13.105 0.0000000000
115901  41.365  28.286  13.575 0.0000000000
115899  44.089  28.688  13.393 0.0000000000
115915  45.033  28.684  12.684 0.0000000000
115924  47.149  28.496  12.295 0.0000000000
115249  47.101  27.427  11.171 0.0000000000
104650  51.428  11.920  13.987 0.0000000000
102741  50.949  9.244  13.150 0.0000000000
103433  51.026  9.877  14.271 0.0000000000
103422  49.145  11.010  15.413 0.0000000000
103408  47.541  10.869  16.518 0.0000000000
103385  50.077  10.356  18.203 0.0000000000
103387  47.638  10.296  18.173 0.0000000000
103398  46.010  10.040  17.495 0.0000000000
106833  46.155  16.419  6.451 0.0000000000
106080  46.029  15.473  7.270 0.0000000000
106092  47.232  15.441  5.348 0.0000000000
106090  48.291  14.832  5.487 0.0000000000
106825  48.639  14.928  6.827 0.0000000000
108279  48.390  17.658  5.781 0.0000000000
107552  48.260  16.314  7.184 0.0000000000
106806  49.449  14.627  8.609 0.0000000000
106797  49.734  14.716  9.362 0.0000000000
106039  50.262  14.136  10.946 0.0000000000
106022  50.629  13.840  12.454 0.0000000000
111744  49.370  22.101  11.170 0.0000000000
110368  48.653  21.051  11.159 0.0000000000
109660  47.269  19.966  11.115 0.0000000000
110347  47.677  20.542  13.783 0.0000000000
108943  46.692  18.924  12.887 0.0000000000
107524  46.611  16.817  11.750 0.0000000000
106783  47.936  15.788  12.347 0.0000000000
106771  49.344  14.870  12.903 0.0000000000
105287  51.027  13.550  14.038 0.0000000000
105278  51.406  12.934  15.207 0.0000000000
105269  51.573  13.543  17.080 0.0000000000
104626  51.741  12.633  17.796 0.0000000000
106719  51.468  16.024  18.706 0.0000000000
105241  51.706  14.035  19.267 0.0000000000
104610  52.043  13.030  19.987 0.0000000000
104585  51.890  12.084  21.743 0.0000000000
117284  42.106  30.005  3.488 0.0000000000
117282  43.595  31.031  3.742 0.0000000000
117863  45.657  32.504  4.116 0.0000000000
115954  45.646  28.828  9.636 0.0000000000
116654  44.024  29.127  7.064 0.0000000000
117252  45.213  30.830  6.228 0.0000000000
117848  45.874  31.720  5.926 0.0000000000
117862  47.245  31.972  4.330 0.0000000000
116691  48.270  29.474  4.106 0.0000000000
115312  48.683  27.668  3.613 0.0000000000
113851  48.571  25.241  4.231 0.0000000000
113850  49.488  25.577  4.858 0.0000000000
112531  49.166  23.878  4.716 0.0000000000
112521  48.828  23.233  5.222 0.0000000000
110421  47.669  20.524  5.546 0.0000000000
109011  46.583  18.368  6.110 0.0000000000
106060  45.804  14.613  9.183 0.0000000000
105315  45.169  13.141  11.221 0.0000000000
104122  45.019  11.221  10.559 0.0000000000
104120  46.751  11.315  9.851 0.0000000000
103495  45.444  10.822  9.763 0.0000000000
103512  43.863  10.440  9.360 0.0000000000
102814  43.921  9.943  6.652 0.0000000000
102847  42.347  8.793  4.696 0.0000000000
102767  49.298  9.414  11.656 0.0000000000
102769  46.903  9.076  11.482 0.0000000000
102025  46.064  8.576  10.638 0.0000000000
102744  43.580  9.432  13.381 0.0000000000
101294  44.263  7.661  8.986 0.0000000000
101891  51.483  8.094  25.418 0.0000000000
101907  49.821  8.038  24.394 0.0000000000
106819  44.200  16.049  8.097 0.0000000000
106072  44.641  15.490  8.330 0.0000000000
107553  45.667  16.870  7.101 0.0000000000
108270  45.131  17.462  7.718 0.0000000000
107546  43.803  16.695  8.659 0.0000000000
103312  52.543  10.274  24.478 0.0000000000
112467  49.453  23.870  9.061 0.0000000000
111786  50.151  22.477  9.105 0.0000000000
111776  49.685  22.896  9.583 0.0000000000
113167  48.855  24.831  9.062 0.0000000000
113166  49.284  24.527  8.709 0.0000000000
104671  51.038  12.060  11.615 0.0000000000
104103  50.809  11.076  11.234 0.0000000000
104091  51.116  11.082  12.052 0.0000000000
106034  40.298  14.626  12.279 0.0000000000
105308  40.541  13.684  12.797 0.0000000000
103477  42.722  10.953  11.174 0.0000000000
103478  42.243  10.806  11.280 0.0000000000
103514  41.481  10.256  9.193 0.0000000000
103513  42.679  10.328  9.378 0.0000000000
113852  48.142  25.471  4.940 0.0000000000
114523  47.184  26.032  5.751 0.0000000000
113839  47.504  25.372  5.924 0.0000000000
106793  40.494  15.978  11.314 0.0000000000
106044  40.004  15.393  11.902 0.0000000000
106035  39.569  15.032  12.614 0.0000000000
115201  45.842  27.543  14.052 0.0000000000
114491  45.329  26.612  12.420 0.0000000000
114477  45.233  26.949  13.354 0.0000000000
115168  46.098  28.199  15.451 0.0000000000
115869  46.316  28.532  15.333 0.0000000000
115167  46.304  28.308  15.227 0.0000000000
104052  51.846  11.031  18.032 0.0000000000
103392  51.676  10.918  17.773 0.0000000000
103383  51.766  10.688  18.196 0.0000000000
102677  47.737  9.218  20.731 0.0000000000
109743  49.053  19.185  4.161 0.0000000000
109035  48.786  18.416  4.628 0.0000000000
108980  46.653  18.238  9.138 0.0000000000
108256  47.185  17.394  8.512 0.0000000000
108257  46.842  17.448  9.124 0.0000000000
107538  47.191  16.523  10.068 0.0000000000
107530  46.860  16.599  10.730 0.0000000000
111729  46.566  22.645  12.570 0.0000000000
111712  47.868  22.214  13.928 0.0000000000
108205  48.889  17.926  16.352 0.0000000000
108206  48.318  17.912  15.774 0.0000000000
107489  48.829  16.874  15.827 0.0000000000
106753  48.688  16.092  15.353 0.0000000000
107488  49.512  16.369  16.125 0.0000000000
106742  50.566  15.717  16.560 0.0000000000
107478  49.919  16.919  16.841 0.0000000000
105243  48.686  14.185  19.567 0.0000000000
115296  41.504  28.146  6.780 0.0000000000
116030  41.455  28.878  5.950 0.0000000000
116666  42.773  29.333  6.061 0.0000000000
115916  43.714  28.130  12.324 0.0000000000
115928  43.715  27.834  11.384 0.0000000000
117236  47.115  29.778  7.951 0.0000000000
116651  47.561  29.389  7.314 0.0000000000
117249  47.718  30.204  6.454 0.0000000000
116661  48.284  29.269  6.160 0.0000000000
116024  48.787  28.532  5.314 0.0000000000
115302  49.024  27.651  5.505 0.0000000000
110437  50.241  20.713  3.958 0.0000000000
111828  50.201  21.647  4.037 0.0000000000
110439  49.125  19.956  4.018 0.0000000000
105342  48.216  14.015  8.738 0.0000000000
106058  47.645  14.111  9.037 0.0000000000
105335  47.979  13.589  9.397 0.0000000000
102051  47.336  8.225  8.201 0.0000000000
102797  47.402  8.963  7.550 0.0000000000
102062  47.190  8.122  7.229 0.0000000000
102073  46.512  7.614  6.187 0.0000000000
101316  45.560  7.690  7.778 0.0000000000
103438  46.179  10.757  14.542 0.0000000000
102732  45.100  10.342  15.184 0.0000000000
106800  42.238  15.730  10.097 0.0000000000
106052  42.572  15.087  10.311 0.0000000000
106040  43.468  14.113  11.123 0.0000000000
105316  44.017  13.431  11.344 0.0000000000
111086  47.256  20.851  6.440 0.0000000000
111076  46.689  21.429  7.212 0.0000000000
110412  46.263  20.214  6.938 0.0000000000
108981  44.676  18.539  8.258 0.0000000000
109689  44.882  19.300  8.220 0.0000000000
106821  42.996  16.252  9.195 0.0000000000
107539  42.654  16.791  9.392 0.0000000000
106053  41.902  15.490  10.609 0.0000000000
103371  52.619  10.279  20.375 0.0000000000
103361  52.874  10.335  21.349 0.0000000000
102659  52.084  9.448  22.217 0.0000000000
102660  50.805  9.336  22.418 0.0000000000
102655  50.256  8.936  23.203 0.0000000000
117293  42.689  30.126  2.500 0.0000000000
116718  42.561  29.842  1.996 0.0000000000
111083  50.465  21.377  6.136 0.0000000000
110408  50.205  20.733  6.673 0.0000000000
111073  50.338  21.533  7.368 0.0000000000
111065  49.610  21.318  8.702 0.0000000000
110399  49.277  20.888  7.852 0.0000000000
111066  49.093  21.039  8.628 0.0000000000
110401  48.027  20.253  8.339 0.0000000000
110379  48.618  20.948  10.046 0.0000000000
111688  46.113  21.826  15.466 0.0000000000
111687  46.640  21.709  15.461 0.0000000000
110990  46.209  21.527  15.960 0.0000000000
109608  46.574  19.583  16.928 0.0000000000
109591  48.224  19.106  17.170 0.0000000000
108897  48.974  18.443  17.675 0.0000000000
108898  48.055  18.617  17.866 0.0000000000
107466  47.683  16.961  18.009 0.0000000000
106731  47.215  16.060  17.761 0.0000000000
105973  48.547  15.364  18.735 0.0000000000
105987  46.810  15.557  17.753 0.0000000000
115937  47.178  28.542  11.465 0.0000000000
115938  46.679  28.907  11.151 0.0000000000
114513  48.122  26.758  8.682 0.0000000000
115271  48.007  27.329  7.863 0.0000000000
113830  48.689  25.824  7.104 0.0000000000
113829  49.283  25.141  7.360 0.0000000000
112500  50.267  22.924  7.476 0.0000000000
112501  49.916  23.676  7.070 0.0000000000
111819  50.352  22.130  5.472 0.0000000000
104690  49.725  12.799  9.936 0.0000000000
104681  50.108  12.198  10.184 0.0000000000
102789  50.045  8.893  9.634 0.0000000000
103506  49.960  9.415  9.122 0.0000000000
102038  48.577  8.326  9.343 0.0000000000
104096  38.592  11.125  12.109 0.0000000000
103464  40.618  10.968  11.942 0.0000000000
103480  39.924  10.588  11.138 0.0000000000
103515  40.304  10.153  9.084 0.0000000000
102802  41.045  9.725  7.445 0.0000000000
102803  40.718  9.716  7.451 0.0000000000
102830  40.013  9.075  6.004 0.0000000000
102829  41.084  9.384  5.906 0.0000000000
116692  47.373  29.582  4.270 0.0000000000
116677  47.062  28.940  4.638 0.0000000000
114524  46.211  26.646  6.219 0.0000000000
115292  46.048  27.396  5.918 0.0000000000
114525  45.037  26.736  6.685 0.0000000000
113817  46.941  25.857  10.270 0.0000000000
112452  47.440  24.023  10.132 0.0000000000
113163  46.537  24.774  10.447 0.0000000000
112429  45.778  23.109  11.883 0.0000000000
111731  44.253  22.891  12.801 0.0000000000
116621  39.478  29.689  12.245 0.0000000000
116611  39.658  29.691  13.297 0.0000000000
115886  41.059  28.767  14.216 0.0000000000
115885  42.081  28.686  14.184 0.0000000000
115900  42.610  28.172  13.169 0.0000000000
116593  46.059  29.404  14.779 0.0000000000
115882  45.006  29.271  14.244 0.0000000000
115883  44.472  29.181  14.187 0.0000000000
115897  45.964  29.274  13.643 0.0000000000
115914  46.208  29.104  13.136 0.0000000000
116619  46.602  29.009  13.420 0.0000000000
114500  46.571  27.044  11.463 0.0000000000
115231  46.937  27.656  11.993 0.0000000000
114506  46.744  26.630  10.791 0.0000000000
104643  51.451  11.968  14.845 0.0000000000
103432  51.321  10.182  14.136 0.0000000000
103419  51.213  10.467  14.824 0.0000000000
103406  49.839  10.694  16.280 0.0000000000
103421  50.145  10.636  15.264 0.0000000000
103423  48.028  11.115  15.520 0.0000000000
103407  48.704  10.858  16.401 0.0000000000
102682  51.111  9.844  19.815 0.0000000000
102690  51.482  9.952  19.178 0.0000000000
102691  50.619  9.984  19.048 0.0000000000
102685  47.434  9.521  19.685 0.0000000000
102693  48.165  9.952  18.956 0.0000000000
103397  47.058  10.492  17.409 0.0000000000
103389  46.102  9.795  18.047 0.0000000000
102700  45.693  9.687  18.056 0.0000000000
102695  46.037  9.543  18.583 0.0000000000
107561  46.517  16.725  5.798 0.0000000000
106832  46.547  15.810  5.956 0.0000000000
106838  47.077  16.058  5.222 0.0000000000
106836  48.588  15.396  5.126 0.0000000000
106096  48.281  15.036  4.842 0.0000000000
106831  48.528  15.185  5.990 0.0000000000
106084  48.296  14.702  6.409 0.0000000000
109714  48.723  19.415  6.167 0.0000000000
109009  48.478  18.525  5.907 0.0000000000
109010  48.050  18.375  6.617 0.0000000000
107544  47.974  16.429  8.136 0.0000000000
107543  48.622  15.692  7.872 0.0000000000
106807  49.225  15.332  8.717 0.0000000000
106790  49.067  15.236  10.843 0.0000000000
106789  49.779  14.741  10.388 0.0000000000
106031  50.576  13.648  11.590 0.0000000000
106032  50.288  14.205  11.842 0.0000000000
111761  48.431  22.794  10.646 0.0000000000
111760  49.435  22.441  10.506 0.0000000000
111745  48.673  22.373  11.642 0.0000000000
110358  48.562  21.052  12.287 0.0000000000
110369  47.983  20.491  11.684 0.0000000000
109649  47.357  19.951  12.088 0.0000000000
110337  47.469  20.567  14.789 0.0000000000
109620  47.425  19.772  14.395 0.0000000000
108223  47.257  17.529  14.489 0.0000000000
108935  46.874  18.858  13.515 0.0000000000
107509  46.708  17.526  13.365 0.0000000000
108237  46.425  17.798  11.988 0.0000000000
107517  46.615  17.197  12.762 0.0000000000
107516  47.036  16.313  12.624 0.0000000000
106773  47.632  15.944  13.505 0.0000000000
106006  49.758  14.922  14.599 0.0000000000
106762  49.204  15.163  14.111 0.0000000000
106014  49.885  14.606  13.789 0.0000000000
106013  50.559  14.081  13.486 0.0000000000
105279  51.222  13.575  14.775 0.0000000000
106741  51.232  15.235  16.952 0.0000000000
105257  51.839  13.797  18.147 0.0000000000
108179  50.332  17.451  18.594 0.0000000000
107454  50.807  17.157  18.814 0.0000000000
107447  50.865  16.725  19.351 0.0000000000
105962  51.332  15.353  19.582 0.0000000000
104609  52.286  12.006  20.462 0.0000000000
116683  40.491  29.451  5.286 0.0000000000
116684  39.520  29.407  5.019 0.0000000000
116697  40.419  29.649  4.271 0.0000000000
117263  43.234  30.371  5.127 0.0000000000
117272  42.854  30.454  4.471 0.0000000000
117857  44.018  31.220  4.841 0.0000000000
117865  44.156  31.454  4.231 0.0000000000
117856  44.538  31.636  4.924 0.0000000000
115953  46.484  28.952  10.076 0.0000000000
116643  45.655  29.572  8.250 0.0000000000
116644  44.898  29.162  8.023 0.0000000000
116653  44.661  29.420  7.376 0.0000000000
116664  44.888  30.163  6.632 0.0000000000
117846  47.361  31.398  5.714 0.0000000000
117847  46.447  31.763  5.920 0.0000000000
117854  46.919  32.151  4.898 0.0000000000
117853  47.482  31.484  4.652 0.0000000000
117268  47.693  30.628  4.132 0.0000000000
117267  48.245  30.074  4.630 0.0000000000
116058  49.409  27.611  3.806 0.0000000000
114552  48.841  27.012  3.252 0.0000000000
114545  48.513  26.761  3.715 0.0000000000
113861  48.771  25.612  3.714 0.0000000000
113837  49.361  25.470  6.130 0.0000000000
111821  49.394  22.594  4.745 0.0000000000
111812  48.837  22.595  5.207 0.0000000000
111085  48.065  21.393  5.866 0.0000000000
109730  47.769  18.908  4.648 0.0000000000
109731  47.308  19.398  5.384 0.0000000000
109024  47.112  18.302  5.297 0.0000000000
108281  46.555  17.714  5.914 0.0000000000
106079  46.810  14.997  6.991 0.0000000000
106071  45.668  15.140  8.073 0.0000000000
104685  46.474  12.781  10.560 0.0000000000
105327  46.087  13.520  10.444 0.0000000000
105314  45.891  12.815  10.961 0.0000000000
104106  44.720  11.709  11.213 0.0000000000
104105  45.603  11.716  10.830 0.0000000000
104119  47.763  10.997  9.579 0.0000000000
103492  47.660  10.547  9.316 0.0000000000
102798  46.449  9.489  7.416 0.0000000000
103510  46.039  10.437  8.898 0.0000000000
103525  45.699  10.129  8.183 0.0000000000
103511  44.988  10.495  9.121 0.0000000000
103526  44.594  10.137  8.369 0.0000000000
102801  43.330  9.845  7.551 0.0000000000
102813  45.000  9.476  6.715 0.0000000000
101342  44.490  7.935  5.362 0.0000000000
102085  43.750  8.416  4.778 0.0000000000
102086  42.856  8.219  4.890 0.0000000000
101351  41.926  7.899  4.750 0.0000000000
101344  42.147  7.697  5.022 0.0000000000
103459  49.992  9.789  12.898 0.0000000000
102753  49.876  9.553  12.324 0.0000000000
103460  49.097  10.041  12.553 0.0000000000
102756  45.796  9.871  12.519 0.0000000000
102755  47.084  9.843  11.969 0.0000000000
102770  45.685  8.959  11.489 0.0000000000
102783  46.413  8.772  11.030 0.0000000000
102008  45.533  8.790  11.189 0.0000000000
102725  42.667  9.488  15.075 0.0000000000
102734  43.521  9.706  14.380 0.0000000000
102735  42.717  9.436  14.157 0.0000000000
106810  43.127  15.799  9.250 0.0000000000
106062  43.378  15.298  9.582 0.0000000000
106050  44.796  14.493  10.102 0.0000000000
109717  46.010  18.948  6.804 0.0000000000
109701  45.623  19.310  7.339 0.0000000000
108995  45.574  18.504  7.222 0.0000000000
108258  44.577  17.894  8.220 0.0000000000
108259  43.935  17.518  8.647 0.0000000000
108260  43.310  17.182  9.076 0.0000000000
106820  43.525  16.148  8.838 0.0000000000
103981  52.422  11.052  22.980 0.0000000000
103347  52.868  10.332  22.327 0.0000000000
102638  52.050  8.993  24.227 0.0000000000
111799  50.312  22.273  7.997 0.0000000000
111054  50.263  22.006  9.938 0.0000000000
110977  45.542  21.226  16.450 0.0000000000
110976  46.384  21.087  16.327 0.0000000000
110319  45.972  20.530  16.758 0.0000000000
109593  46.984  19.082  17.299 0.0000000000
114505  47.555  26.760  10.239 0.0000000000
115262  47.663  27.743  9.769 0.0000000000
114509  48.384  26.141  8.797 0.0000000000
113826  48.963  25.411  8.235 0.0000000000
113825  49.288  25.035  7.908 0.0000000000
112484  49.893  23.499  8.173 0.0000000000
105322  50.378  12.973  10.641 0.0000000000
104680  50.559  12.071  10.904 0.0000000000
103489  50.656  10.052  10.818 0.0000000000
102780  50.109  9.016  10.682 0.0000000000
104092  42.266  11.923  12.148 0.0000000000
104109  41.848  11.267  11.894 0.0000000000
103537  41.748  9.755  7.495 0.0000000000
115303  47.655  27.642  4.512 0.0000000000
116026  47.343  28.306  4.674 0.0000000000
114537  46.956  26.714  5.633 0.0000000000
107525  40.393  16.912  11.283 0.0000000000
107526  39.833  16.486  11.714 0.0000000000
106784  39.338  15.942  12.305 0.0000000000
114501  45.877  26.594  11.555 0.0000000000
113818  46.011  25.811  10.832 0.0000000000
113806  44.994  26.137  12.205 0.0000000000
116570  44.799  30.254  16.430 0.0000000000
116580  45.649  29.442  15.637 0.0000000000
116579  46.358  29.076  15.318 0.0000000000
116592  46.526  29.075  14.514 0.0000000000
116607  46.637  29.023  13.795 0.0000000000
115200  46.553  28.002  13.704 0.0000000000
114490  46.231  27.259  12.190 0.0000000000
104055  51.485  11.333  16.424 0.0000000000
103404  51.279  10.623  15.834 0.0000000000
103393  51.342  10.723  17.193 0.0000000000
103394  50.532  10.529  17.233 0.0000000000
102676  49.274  9.511  20.690 0.0000000000
102683  49.963  9.722  19.812 0.0000000000
108291  47.610  17.533  4.639 0.0000000000
107570  47.547  16.475  4.681 0.0000000000
108301  48.003  16.966  4.332 0.0000000000
108300  48.347  17.216  4.566 0.0000000000
108994  47.338  18.388  7.728 0.0000000000
106808  48.695  15.734  9.311 0.0000000000
106791  48.233  15.728  11.219 0.0000000000
111727  48.605  22.205  12.844 0.0000000000
111021  48.650  21.635  12.895 0.0000000000
110346  48.307  21.085  13.279 0.0000000000
108915  47.918  18.670  15.602 0.0000000000
108922  47.505  18.864  14.764 0.0000000000
108214  47.677  17.903  15.133 0.0000000000
107500  47.734  16.786  14.982 0.0000000000
106764  47.599  16.282  14.259 0.0000000000
105997  50.651  14.956  15.887 0.0000000000
106751  50.306  15.168  15.736 0.0000000000
106729  51.330  15.856  17.660 0.0000000000
106720  49.627  16.097  19.065 0.0000000000
106715  50.319  16.044  19.510 0.0000000000
105957  50.550  14.674  20.075 0.0000000000
116668  40.244  28.880  5.993 0.0000000000
116031  40.890  28.982  5.780 0.0000000000
116682  41.549  29.501  5.351 0.0000000000
116695  42.141  29.922  4.726 0.0000000000
115216  41.967  27.586  12.196 0.0000000000
115215  42.903  27.644  11.720 0.0000000000
115233  43.080  27.488  10.807 0.0000000000
116633  46.226  29.255  9.149 0.0000000000
116641  47.192  29.426  8.243 0.0000000000
117237  46.935  29.945  8.001 0.0000000000
117238  46.520  30.031  7.960 0.0000000000
117244  46.240  30.490  7.422 0.0000000000
117243  46.996  30.442  7.489 0.0000000000
117258  48.246  29.960  5.384 0.0000000000
116690  48.540  29.360  4.807 0.0000000000
116676  48.442  29.409  5.488 0.0000000000
116023  49.187  28.217  4.547 0.0000000000
115311  49.451  27.325  4.040 0.0000000000
112529  50.175  22.988  5.321 0.0000000000
111820  50.096  22.418  4.502 0.0000000000
111092  49.803  21.748  3.943 0.0000000000
111093  49.247  21.394  4.521 0.0000000000
111094  48.432  20.945  5.010 0.0000000000
110440  48.622  19.935  4.278 0.0000000000
109744  48.520  19.347  4.340 0.0000000000
106078  47.689  14.580  7.133 0.0000000000
106059  46.941  14.386  9.013 0.0000000000
104672  46.491  12.055  10.480 0.0000000000
103523  47.498  9.502  8.278 0.0000000000
102811  47.042  8.793  6.758 0.0000000000
102812  46.139  9.300  6.676 0.0000000000
102825  45.792  9.228  5.949 0.0000000000
102083  46.056  8.409  5.347 0.0000000000
101341  45.673  7.985  5.550 0.0000000000
101318  44.063  7.542  6.835 0.0000000000
103448  48.405  10.904  13.540 0.0000000000
103461  47.813  10.250  12.260 0.0000000000
103449  47.072  10.633  13.471 0.0000000000
103450  46.119  10.419  13.304 0.0000000000
106033  41.177  14.312  11.975 0.0000000000
105318  42.011  14.126  11.661 0.0000000000
105306  42.358  12.885  12.147 0.0000000000
105317  42.773  13.581  11.716 0.0000000000
104124  43.433  11.229  11.172 0.0000000000
112502  47.683  23.300  6.722 0.0000000000
113176  47.205  24.080  7.031 0.0000000000
111802  46.095  22.311  7.608 0.0000000000
110413  45.666  20.238  7.528 0.0000000000
108251  42.729  17.702  9.474 0.0000000000
108252  41.991  17.367  9.799 0.0000000000
106801  41.611  16.107  10.414 0.0000000000
106792  41.272  15.597  10.986 0.0000000000
117173  44.673  30.584  16.926 0.0000000000
117172  45.058  30.228  17.246 0.0000000000
104040  52.406  11.141  19.850 0.0000000000
103379  52.157  10.280  19.232 0.0000000000
102673  52.335  9.721  20.468 0.0000000000
102674  51.685  9.629  20.522 0.0000000000
102658  52.841  9.729  21.826 0.0000000000
102668  50.008  9.367  21.539 0.0000000000
110427  50.298  20.579  4.485 0.0000000000
110428  49.912  19.899  4.886 0.0000000000
110419  49.626  19.977  5.974 0.0000000000
110420  49.203  20.062  6.543 0.0000000000
111074  49.880  21.128  7.719 0.0000000000
110411  48.352  20.234  7.679 0.0000000000
109686  47.064  19.328  8.706 0.0000000000
109674  46.656  19.023  9.613 0.0000000000
111698  46.926  22.083  14.835 0.0000000000
111000  47.290  21.254  15.170 0.0000000000
110331  47.322  20.518  15.680 0.0000000000
110317  47.072  20.636  16.107 0.0000000000
109606  48.097  19.139  16.412 0.0000000000
108197  49.461  17.911  16.891 0.0000000000
108196  49.947  17.852  17.446 0.0000000000
108896  49.843  18.335  17.919 0.0000000000
108886  49.418  18.115  18.266 0.0000000000
107456  49.334  16.914  18.767 0.0000000000
107457  48.502  16.946  18.478 0.0000000000
106721  48.875  16.172  18.711 0.0000000000
105965  48.207  14.612  19.002 0.0000000000
115283  41.897  27.994  7.290 0.0000000000
115968  47.423  28.552  9.065 0.0000000000
115281  47.793  27.845  7.574 0.0000000000
115291  47.979  27.874  6.974 0.0000000000
114522  48.895  26.987  5.917 0.0000000000
114515  48.493  26.788  6.802 0.0000000000
112520  49.963  23.728  5.852 0.0000000000
111091  50.445  21.253  4.998 0.0000000000
105334  48.968  13.341  9.352 0.0000000000
105324  48.807  12.629  9.792 0.0000000000
104118  48.878  10.805  9.556 0.0000000000
104117  49.725  10.992  9.969 0.0000000000
103491  49.641  10.117  9.433 0.0000000000
103507  49.152  9.662  9.020 0.0000000000
102791  48.809  8.814  8.503 0.0000000000
102050  48.172  8.305  8.532 0.0000000000
102722  44.968  10.145  16.224 0.0000000000
102723  44.215  10.014  15.781 0.0000000000
104111  38.226  10.961  11.505 0.0000000000
104666  40.010  11.837  12.774 0.0000000000
104110  41.233  11.265  12.072 0.0000000000
104094  40.627  11.342  12.316 0.0000000000
104095  39.656  11.215  12.361 0.0000000000
103466  39.411  10.785  11.784 0.0000000000
103501  38.434  10.337  10.093 0.0000000000
103530  39.958  9.834  7.987 0.0000000000
102818  39.021  9.531  7.077 0.0000000000
116027  46.508  28.562  5.128 0.0000000000
115305  45.821  28.019  5.682 0.0000000000
113191  47.032  24.622  6.852 0.0000000000
113831  46.256  24.969  7.152 0.0000000000
113168  48.056  24.586  9.534 0.0000000000
112450  48.974  23.154  9.837 0.0000000000
112469  48.041  23.933  9.673 0.0000000000
112439  47.045  23.451  10.889 0.0000000000
113158  45.991  24.592  10.838 0.0000000000
112440  46.155  23.903  11.078 0.0000000000
111714  45.708  22.271  13.668 0.0000000000
111689  45.112  21.776  15.574 0.0000000000
115218  39.952  28.129  12.567 0.0000000000
116610  39.939  29.181  13.706 0.0000000000
115902  40.353  28.646  13.616 0.0000000000
115202  41.485  27.861  12.917 0.0000000000
115884  43.314  28.859  14.139 0.0000000000
115925  46.837  28.957  12.199 0.0000000000
115230  47.343  28.068  11.762 0.0000000000
115212  47.121  28.208  12.449 0.0000000000
113816  47.509  25.890  9.910 0.0000000000
104661  51.403  11.938  13.198 0.0000000000
103458  51.187  10.132  12.593 0.0000000000
103444  51.397  10.405  13.751 0.0000000000
103446  50.590  9.734  13.452 0.0000000000
103434  50.366  10.307  14.313 0.0000000000
103420  50.862  10.344  15.088 0.0000000000
104071  48.852  11.127  14.154 0.0000000000
103436  48.527  11.149  14.534 0.0000000000
103424  46.865  11.005  15.619 0.0000000000
102692  49.405  9.964  18.987 0.0000000000
103386  48.826  10.307  18.159 0.0000000000
103396  48.199  10.589  17.329 0.0000000000
103409  46.451  10.609  16.636 0.0000000000
103410  45.580  10.238  16.762 0.0000000000
103399  45.412  9.951  17.249 0.0000000000
106818  45.207  15.716  7.695 0.0000000000
106827  45.841  15.972  6.922 0.0000000000
106826  46.493  15.460  6.601 0.0000000000
106837  47.591  15.581  4.791 0.0000000000
106085  47.686  14.663  6.084 0.0000000000
106077  48.430  14.621  7.405 0.0000000000
106068  48.794  14.306  8.313 0.0000000000
109021  49.206  18.867  5.114 0.0000000000
108280  48.156  16.970  6.494 0.0000000000
107560  48.360  16.210  6.520 0.0000000000
107551  48.547  15.558  6.810 0.0000000000
106817  49.065  14.904  7.767 0.0000000000
106067  49.313  14.297  8.599 0.0000000000
106056  49.694  13.997  9.056 0.0000000000
106048  50.183  14.030  9.902 0.0000000000
106798  49.275  15.313  9.775 0.0000000000
106047  50.294  13.621  10.494 0.0000000000
106038  50.454  13.507  10.968 0.0000000000
105305  51.054  13.005  12.150 0.0000000000
111759  50.049  22.186  10.365 0.0000000000
111043  49.818  21.933  10.691 0.0000000000
111031  49.448  21.931  11.163 0.0000000000
110380  47.938  20.481  10.590 0.0000000000
109673  47.215  19.778  10.014 0.0000000000
109661  46.693  19.234  10.639 0.0000000000
111010  47.875  21.424  14.094 0.0000000000
108934  47.257  19.174  14.035 0.0000000000
109630  47.279  19.689  13.362 0.0000000000
109641  46.927  19.455  12.580 0.0000000000
109650  46.787  19.376  11.658 0.0000000000
108956  46.478  18.512  11.275 0.0000000000
108242  46.497  17.502  10.943 0.0000000000
107523  47.346  16.176  11.516 0.0000000000
106782  48.811  15.274  12.019 0.0000000000
106772  48.495  15.376  13.252 0.0000000000
106023  50.081  14.408  12.670 0.0000000000
105296  51.081  13.404  13.077 0.0000000000
105304  51.300  12.663  12.870 0.0000000000
105295  51.308  12.749  13.586 0.0000000000
105286  51.352  12.807  14.398 0.0000000000
106004  51.293  13.806  15.415 0.0000000000
105271  51.446  13.228  16.080 0.0000000000
104636  51.462  12.131  15.783 0.0000000000
104628  51.478  12.358  16.810 0.0000000000
104050  51.822  12.011  18.254 0.0000000000
107464  50.801  16.894  17.878 0.0000000000
107463  51.291  16.422  18.254 0.0000000000
105971  51.616  15.003  18.492 0.0000000000
106714  50.907  16.173  19.697 0.0000000000
104624  52.026  12.711  18.821 0.0000000000
104623  52.232  12.047  19.567 0.0000000000
104595  52.232  11.810  21.312 0.0000000000
104584  52.219  11.660  21.784 0.0000000000
103997  52.122  11.445  22.692 0.0000000000
117273  42.267  30.180  4.117 0.0000000000
117873  44.344  31.580  3.287 0.0000000000
117864  45.019  32.142  3.877 0.0000000000
118494  45.714  32.537  3.540 0.0000000000
115275  41.682  27.571  8.284 0.0000000000
115282  42.559  28.193  7.458 0.0000000000
115940  44.872  28.358  10.227 0.0000000000
116634  45.750  29.148  8.994 0.0000000000
115987  43.106  28.447  7.386 0.0000000000
116007  42.990  28.814  6.689 0.0000000000
116665  43.881  29.607  6.407 0.0000000000
117253  44.581  30.492  6.057 0.0000000000
117251  45.878  31.076  6.535 0.0000000000
117260  45.519  31.454  5.905 0.0000000000
117261  44.897  31.269  5.646 0.0000000000
117855  45.710  32.239  5.090 0.0000000000
118493  46.260  32.634  3.897 0.0000000000
118499  47.146  32.096  3.499 0.0000000000
117861  47.301  31.731  3.824 0.0000000000
116044  47.979  28.420  4.086 0.0000000000
114546  48.014  26.954  4.262 0.0000000000
113862  48.212  26.272  4.300 0.0000000000
113201  48.365  24.710  5.089 0.0000000000
114535  49.253  27.078  5.215 0.0000000000
114534  49.432  26.642  4.525 0.0000000000
113860  49.427  25.765  3.895 0.0000000000
113199  49.419  24.745  4.268 0.0000000000
113209  49.264  25.215  3.727 0.0000000000
113200  48.753  24.768  4.318 0.0000000000
113189  48.582  24.111  5.149 0.0000000000
112522  48.325  23.560  5.849 0.0000000000
111813  48.322  22.532  5.991 0.0000000000
110422  47.052  20.018  6.008 0.0000000000
110431  47.427  20.005  5.350 0.0000000000
109716  46.475  19.155  6.417 0.0000000000
108282  46.072  17.386  6.517 0.0000000000
105337  46.312  14.168  9.726 0.0000000000
106049  45.612  14.182  10.096 0.0000000000
105328  45.019  13.923  10.804 0.0000000000
104675  44.376  12.463  11.516 0.0000000000
104123  44.076  11.181  10.927 0.0000000000
105325  48.076  12.838  9.963 0.0000000000
104684  47.009  12.150  10.130 0.0000000000
104104  46.323  11.779  10.440 0.0000000000
103509  47.022  10.280  8.776 0.0000000000
103494  46.392  10.790  9.500 0.0000000000
104121  45.905  11.283  10.190 0.0000000000
103496  44.413  10.745  10.122 0.0000000000
103527  43.498  10.122  8.407 0.0000000000
102815  42.628  9.636  6.916 0.0000000000
102826  44.679  9.460  5.867 0.0000000000
102827  43.475  9.629  5.777 0.0000000000
102828  42.231  9.578  5.824 0.0000000000
102848  41.725  8.566  4.742 0.0000000000
102765  50.849  9.567  12.162 0.0000000000
102766  50.254  9.375  11.818 0.0000000000
102781  49.025  8.992  10.938 0.0000000000
102768  48.089  9.437  11.395 0.0000000000
102023  48.525  8.729  10.587 0.0000000000
102024  47.397  8.555  10.486 0.0000000000
102040  46.149  8.122  9.298 0.0000000000
102733  44.323  10.013  14.711 0.0000000000
102743  44.485  9.799  13.518 0.0000000000
102757  44.609  9.149  12.288 0.0000000000
102745  42.727  9.231  13.344 0.0000000000
102758  43.467  9.066  12.651 0.0000000000
101995  44.532  8.888  11.906 0.0000000000
102026  44.945  8.491  10.348 0.0000000000
102053  45.286  7.719  8.489 0.0000000000
101305  44.778  7.633  8.330 0.0000000000
101306  44.001  7.629  7.839 0.0000000000
101905  52.026  8.702  24.770 0.0000000000
101917  51.516  8.823  24.307 0.0000000000
101906  50.849  8.253  24.909 0.0000000000
101918  50.610  8.691  24.021 0.0000000000
101304  45.423  7.678  8.207 0.0000000000
101328  46.786  7.678  5.864 0.0000000000
101329  46.228  7.670  5.864 0.0000000000
101330  45.195  7.601  6.093 0.0000000000
101331  43.803  7.554  5.923 0.0000000000
101340  46.637  7.907  5.545 0.0000000000
101343  43.278  7.940  5.282 0.0000000000
101352  41.714  7.743  4.810 0.0000000000
101904  52.388  8.921  24.864 0.0000000000
101908  49.044  7.869  24.035 0.0000000000
101996  44.124  8.826  11.974 0.0000000000
102006  48.123  8.964  11.015 0.0000000000
102007  47.799  8.895  11.006 0.0000000000
102009  44.939  8.774  11.464 0.0000000000
102021  49.890  8.745  10.309 0.0000000000
102036  49.856  8.662  10.041 0.0000000000
102037  49.455  8.504  9.746 0.0000000000
102041  44.872  7.904  9.199 0.0000000000
102063  46.291  7.793  6.983 0.0000000000
102064  45.875  7.681  6.447 0.0000000000
102074  45.999  7.611  6.085 0.0000000000
102082  46.763  8.409  5.594 0.0000000000
102093  42.850  8.564  4.743 0.0000000000
102094  42.221  8.251  4.715 0.0000000000
102095  41.606  8.022  4.732 0.0000000000
102666  52.273  9.584  21.217 0.0000000000
102672  52.571  9.888  20.455 0.0000000000
102680  52.386  9.915  20.047 0.0000000000
102681  51.976  9.707  19.691 0.0000000000
102701  45.106  9.697  17.727 0.0000000000
102709  44.924  9.887  17.028 0.0000000000
102740  51.087  9.421  13.151 0.0000000000
102751  51.070  9.418  12.859 0.0000000000
102752  50.572  9.483  12.679 0.0000000000
102754  47.620  9.897  11.832 0.0000000000
102782  48.541  8.970  11.007 0.0000000000
102784  46.046  8.801  11.050 0.0000000000
102800  44.273  9.911  7.535 0.0000000000
102824  46.800  8.881  5.984 0.0000000000
102832  38.724  7.986  6.687 0.0000000000
102836  46.291  8.847  5.513 0.0000000000
102837  45.416  8.965  5.363 0.0000000000
102838  44.252  9.016  5.225 0.0000000000
102839  42.998  9.130  4.973 0.0000000000
102840  41.870  9.176  5.015 0.0000000000
102849  41.348  8.325  4.774 0.0000000000
103388  46.631  10.029  18.106 0.0000000000
103435  49.430  10.856  14.428 0.0000000000
103445  51.187  9.731  13.411 0.0000000000
103457  51.354  10.431  13.233 0.0000000000
103463  46.105  10.281  12.765 0.0000000000
103474  50.935  10.184  11.688 0.0000000000
103475  48.477  9.828  11.912 0.0000000000
103476  48.113  9.922  11.795 0.0000000000
103493  47.255  10.670  9.329 0.0000000000
103538  41.387  9.733  7.469 0.0000000000
103996  52.518  11.003  22.583 0.0000000000
104013  52.179  11.562  22.165 0.0000000000
104070  51.433  10.964  14.358 0.0000000000
104072  48.537  11.170  14.046 0.0000000000
104078  51.414  11.103  13.561 0.0000000000
104079  49.042  10.951  13.849 0.0000000000
104080  48.698  11.103  13.853 0.0000000000
104090  51.308  11.102  12.838 0.0000000000
104093  41.439  11.764  12.363 0.0000000000
104112  37.965  11.108  11.689 0.0000000000
104116  50.375  11.037  10.471 0.0000000000
104128  48.606  10.179  9.266 0.0000000000
104129  48.309  10.476  9.378 0.0000000000
104663  42.382  12.441  12.160 0.0000000000
104674  45.347  12.333  11.196 0.0000000000
104691  49.313  12.894  9.780 0.0000000000
105956  51.035  14.997  20.114 0.0000000000
105972  49.185  15.620  18.944 0.0000000000
105974  47.300  14.982  18.292 0.0000000000
106057  49.170  13.909  8.771 0.0000000000
106086  47.110  15.148  5.961 0.0000000000
106091  47.732  14.906  5.132 0.0000000000
106097  47.992  15.226  4.546 0.0000000000
106713  51.217  16.382  19.275 0.0000000000
106743  49.822  16.103  16.321 0.0000000000
106811  42.523  16.081  9.604 0.0000000000
106812  42.106  16.111  9.993 0.0000000000
106816  49.198  14.545  8.329 0.0000000000
106843  48.266  15.614  4.653 0.0000000000
106844  47.941  15.861  4.481 0.0000000000
107446  51.095  16.819  19.118 0.0000000000
107448  50.637  16.491  19.459 0.0000000000
107453  51.208  16.688  18.715 0.0000000000
107465  50.265  17.386  17.577 0.0000000000
107477  50.543  16.446  17.173 0.0000000000
107490  48.075  17.350  15.507 0.0000000000
107554  45.126  16.869  7.690 0.0000000000
107562  46.104  16.827  6.466 0.0000000000
107569  48.471  16.277  4.832 0.0000000000
107571  47.069  16.592  5.186 0.0000000000
107580  47.936  16.356  4.438 0.0000000000
108178  50.592  17.345  18.662 0.0000000000
108180  49.736  17.552  18.628 0.0000000000
108181  49.001  17.634  18.467 0.0000000000
108186  50.577  17.345  18.429 0.0000000000
108224  46.842  17.961  13.885 0.0000000000
108231  46.588  18.143  12.962 0.0000000000
108248  47.054  17.039  9.159 0.0000000000
108249  46.789  17.195  9.805 0.0000000000
108885  50.000  17.985  18.383 0.0000000000
108905  49.462  18.280  17.389 0.0000000000
108923  47.148  18.618  14.142 0.0000000000
108949  46.565  18.730  12.229 0.0000000000
108996  45.166  18.473  7.758 0.0000000000
109012  46.020  18.400  6.668 0.0000000000
109022  48.856  18.612  5.294 0.0000000000
109023  47.672  18.217  4.615 0.0000000000
109034  49.220  18.832  4.877 0.0000000000
109615  48.029  19.034  15.970 0.0000000000
109631  46.890  19.270  13.097 0.0000000000
109640  47.347  19.895  12.702 0.0000000000
109687  46.703  18.887  9.121 0.0000000000
109688  45.242  19.630  7.887 0.0000000000
109698  48.527  19.743  6.856 0.0000000000
109699  48.053  19.521  7.273 0.0000000000
109728  49.303  19.264  5.304 0.0000000000
109729  48.989  19.101  5.536 0.0000000000
109742  49.407  19.266  4.530 0.0000000000
110390  48.616  20.763  9.015 0.0000000000
110410  48.776  20.213  7.136 0.0000000000
110429  48.856  20.496  4.363 0.0000000000
110974  47.035  20.872  16.020 0.0000000000
110975  46.856  20.958  16.125 0.0000000000
110989  46.822  21.380  15.771 0.0000000000
111001  47.059  21.712  15.228 0.0000000000
111009  48.356  21.548  13.475 0.0000000000
111042  50.120  22.034  10.360 0.0000000000
111044  49.291  21.434  10.493 0.0000000000
111055  49.911  21.510  9.749 0.0000000000
111100  50.329  21.169  4.186 0.0000000000
111101  50.094  21.049  3.759 0.0000000000
111762  47.692  23.178  10.572 0.0000000000
111787  49.922  23.134  8.895 0.0000000000
111800  47.711  22.515  6.722 0.0000000000
113164  45.937  24.991  10.753 0.0000000000
113172  49.194  24.836  8.551 0.0000000000
113177  46.312  24.415  7.314 0.0000000000
113210  49.071  24.956  3.823 0.0000000000
113812  45.194  25.895  11.728 0.0000000000
113838  48.853  26.229  6.250 0.0000000000
113842  44.612  26.180  7.070 0.0000000000
113868  49.268  26.164  3.380 0.0000000000
113869  48.861  26.400  3.210 0.0000000000
114551  49.236  26.807  3.261 0.0000000000
115186  46.367  28.184  14.788 0.0000000000
115203  40.671  28.075  13.065 0.0000000000
115204  40.208  28.329  13.097 0.0000000000
115290  48.476  27.815  6.353 0.0000000000
115313  48.207  27.497  4.005 0.0000000000
115317  49.377  27.271  3.587 0.0000000000
115318  49.125  27.361  3.340 0.0000000000
115896  46.641  28.632  14.158 0.0000000000
115898  45.349  29.184  13.813 0.0000000000
115903  39.770  28.925  13.359 0.0000000000
115912  47.050  28.444  12.622 0.0000000000
115913  46.814  28.593  13.068 0.0000000000
115919  39.535  28.857  12.738 0.0000000000
115969  45.357  28.931  8.923 0.0000000000
115972  43.442  28.320  7.913 0.0000000000
115988  42.511  28.363  7.043 0.0000000000
116004  48.427  28.592  6.188 0.0000000000
116006  43.602  28.881  6.983 0.0000000000
116042  49.370  27.940  4.092 0.0000000000
116045  47.478  28.822  4.377 0.0000000000
116059  49.184  27.779  3.691 0.0000000000
116569  45.271  29.854  16.655 0.0000000000
116609  45.746  29.385  14.328 0.0000000000
116620  46.461  29.146  13.585 0.0000000000
116662  47.871  29.404  6.706 0.0000000000
116663  45.385  30.574  6.645 0.0000000000
117184  44.389  30.425  16.391 0.0000000000
117271  43.624  30.875  4.644 0.0000000000
117278  47.206  31.256  3.541 0.0000000000
117765  44.223  30.993  16.998 0.0000000000
117802  39.922  31.233  13.145 0.0000000000
118481  46.825  32.302  4.456 0.0000000000
118482  46.570  32.409  4.483 0.0000000000
118491  47.200  32.082  3.729 0.0000000000
118492  46.999  32.289  4.008 0.0000000000
118500  46.770  32.356  3.094 0.0000000000
118501  46.112  32.576  2.967 0.0000000000
