#!ascii label  , from subject sub.01.dh.02t2 vox2ras=TkReg
948
71329  19.665  -21.974  -18.864 0.2500000000
71328  20.703  -22.593  -19.023 0.7500000000
75049  19.102  -18.999  -19.708 0.2500000000
75038  19.185  -19.721  -19.655 0.1250000000
75048  19.446  -19.437  -20.087 0.3750000000
73824  19.236  -20.214  -19.574 0.2500000000
71330  18.935  -21.554  -18.834 0.2500000000
72566  20.471  -21.525  -19.563 0.7500000000
72567  19.402  -21.161  -19.342 0.3750000000
71327  21.441  -22.658  -19.698 0.8750000000
72565  21.251  -22.184  -19.816 0.8750000000
70147  22.254  -23.096  -20.162 0.8750000000
73835  19.631  -20.127  -20.061 0.3750000000
73823  19.907  -20.675  -19.886 0.3750000000
73833  21.282  -20.657  -20.782 0.8750000000
72577  20.739  -20.853  -20.160 0.7500000000
72597  22.275  -21.826  -21.555 1.0000000000
72576  21.470  -21.562  -20.443 1.0000000000
71346  21.969  -22.629  -20.493 1.0000000000
70146  22.849  -23.054  -20.536 1.0000000000
76135  19.111  -18.523  -20.030 0.2500000000
75047  20.090  -19.532  -20.535 0.7500000000
73849  21.018  -20.133  -20.944 0.8750000000
73834  20.313  -20.116  -20.461 0.7500000000
72619  22.460  -21.373  -22.066 1.0000000000
72598  21.822  -21.295  -21.507 1.0000000000
72620  21.441  -21.039  -22.892 1.0000000000
71373  23.307  -21.961  -21.725 1.0000000000
71374  22.949  -21.853  -21.895 1.0000000000
70155  23.394  -22.614  -21.057 1.0000000000
71365  22.802  -22.320  -21.273 1.0000000000
76119  18.778  -18.581  -19.509 0.1250000000
75063  20.010  -19.101  -20.588 0.6250000000
75061  21.579  -19.766  -21.914 1.0000000000
75062  20.740  -19.517  -21.038 0.8750000000
73848  21.519  -20.415  -21.659 1.0000000000
72618  23.290  -21.342  -22.136 1.0000000000
72626  22.825  -21.010  -22.645 1.0000000000
72627  22.079  -21.077  -23.120 1.0000000000
71376  20.174  -22.037  -23.358 1.0000000000
72596  23.719  -21.695  -21.761 1.0000000000
72594  25.511  -21.230  -21.611 1.0000000000
71364  23.842  -22.294  -21.300 1.0000000000
80478  18.715  -14.445  -21.446 0.2500000000
77179  19.128  -17.818  -20.351 0.3750000000
76134  19.613  -18.405  -20.539 0.5000000000
76152  20.990  -18.580  -21.640 1.0000000000
77193  20.097  -17.854  -21.125 0.6250000000
76151  21.692  -19.189  -22.164 1.0000000000
75102  21.193  -20.269  -23.843 1.0000000000
75084  21.945  -20.196  -22.725 1.0000000000
73870  23.995  -20.592  -22.313 1.0000000000
73871  23.295  -20.784  -22.491 1.0000000000
75101  21.854  -20.298  -23.380 1.0000000000
73885  24.521  -19.649  -22.864 1.0000000000
73846  24.733  -20.717  -21.941 1.0000000000
75082  25.477  -19.593  -23.195 1.0000000000
72616  25.483  -20.470  -22.180 1.0000000000
80477  19.236  -15.245  -21.607 0.5000000000
79393  18.799  -15.677  -21.013 0.3750000000
78293  19.199  -16.301  -21.095 0.3750000000
78292  19.798  -16.723  -21.366 0.5000000000
78301  20.158  -16.185  -21.904 0.5000000000
77192  20.487  -17.411  -21.740 0.8750000000
77204  21.323  -17.827  -22.393 1.0000000000
78311  21.565  -16.887  -22.949 1.0000000000
76168  22.489  -19.443  -22.711 1.0000000000
77203  21.830  -18.051  -22.747 1.0000000000
75099  24.225  -19.205  -23.064 1.0000000000
75100  23.013  -19.535  -22.793 1.0000000000
76180  25.776  -19.055  -24.142 1.0000000000
73897  24.978  -19.477  -23.568 1.0000000000
73868  25.919  -19.921  -22.691 0.8750000000
79402  19.836  -15.622  -21.885 0.5000000000
80488  20.354  -15.036  -22.512 0.6250000000
79409  21.024  -15.673  -22.853 1.0000000000
78300  20.562  -16.680  -22.207 0.7500000000
77223  24.858  -17.895  -24.535 1.0000000000
78308  23.693  -17.172  -23.903 1.0000000000
77211  23.678  -17.587  -23.727 1.0000000000
77212  23.037  -17.755  -23.377 1.0000000000
76198  24.673  -18.757  -23.830 1.0000000000
76182  23.723  -18.543  -23.247 1.0000000000
77222  25.846  -17.679  -24.927 0.8750000000
76197  25.523  -18.774  -24.480 1.0000000000
76179  26.337  -18.905  -24.007 0.8750000000
80489  19.557  -14.527  -22.252 0.5000000000
79418  22.238  -15.435  -24.188 1.0000000000
79408  21.766  -15.907  -23.447 1.0000000000
78320  24.097  -16.900  -24.192 1.0000000000
78321  23.243  -16.254  -24.166 1.0000000000
78310  22.506  -16.630  -23.646 1.0000000000
79415  24.772  -15.661  -24.522 1.0000000000
77221  26.740  -17.457  -24.673 1.0000000000
78318  26.201  -16.620  -24.584 1.0000000000
80490  19.022  -13.709  -22.187 0.5000000000
81521  20.269  -14.171  -22.862 0.8750000000
80498  20.858  -14.582  -23.193 1.0000000000
81544  22.414  -13.569  -24.773 1.0000000000
80506  21.907  -14.360  -24.289 1.0000000000
81535  21.268  -14.177  -23.799 1.0000000000
81543  24.558  -13.457  -24.888 1.0000000000
80512  24.098  -14.016  -25.109 1.0000000000
81542  24.981  -13.532  -24.240 1.0000000000
80503  24.479  -14.524  -24.733 1.0000000000
80496  25.780  -14.561  -23.658 1.0000000000
80502  25.209  -14.571  -24.180 1.0000000000
79413  26.411  -15.846  -24.083 0.8750000000
85748  21.025  -9.815  -24.885 1.0000000000
127838  20.445  -9.919  -24.283 0.3750000000
84651  21.341  -10.421  -25.280 0.8750000000
82519  22.239  -12.591  -24.823 1.0000000000
82518  24.614  -12.796  -25.188 1.0000000000
81553  23.613  -13.174  -25.648 1.0000000000
86780  21.159  -8.841  -25.129 0.8750000000
85747  21.686  -9.589  -25.659 1.0000000000
84650  21.988  -10.558  -25.738 1.0000000000
85746  22.553  -9.813  -26.151 1.0000000000
82532  22.870  -12.214  -25.525 1.0000000000
82530  24.377  -12.466  -25.739 1.0000000000
83563  24.816  -11.461  -25.429 1.0000000000
82529  24.859  -12.160  -25.169 1.0000000000
86779  21.738  -8.588  -25.856 0.7500000000
85745  23.520  -9.837  -26.467 1.0000000000
84647  24.766  -10.516  -25.744 1.0000000000
84648  23.977  -10.635  -26.251 1.0000000000
83564  24.262  -11.549  -26.111 1.0000000000
85764  23.048  -9.069  -26.418 1.0000000000
85744  24.681  -9.488  -26.421 1.0000000000
92020  23.512  -3.481  -25.410 0.1250000000
92034  23.594  -3.681  -27.818 0.2500000000
92028  23.608  -3.583  -26.553 0.1250000000
93131  22.831  -2.879  -29.629 0.3750000000
93112  23.559  -2.471  -27.565 0.2500000000
93122  22.592  -1.989  -29.771 0.2500000000
93132  22.421  -2.296  -30.565 0.3750000000
93106  23.657  -2.459  -26.323 0.2500000000
94141  22.536  -1.273  -29.276 0.2500000000
94140  23.035  -1.400  -28.360 0.2500000000
95082  22.558  -0.643  -28.852 0.2500000000
94150  22.105  -0.885  -30.473 0.2500000000
94158  21.894  0.054  -31.073 0.2500000000
94151  21.774  -1.402  -31.061 0.3750000000
94159  21.665  -0.453  -31.885 0.3750000000
73825  18.928  -20.238  -19.174 0.1250000000
71344  24.544  -22.751  -20.778 1.0000000000
80497  21.483  -15.021  -23.650 0.8750000000
80504  23.609  -14.678  -24.887 1.0000000000
70108  19.133  -22.618  -17.715 0.1250000000
70131  21.076  -23.114  -18.828 0.6250000000
68925  21.751  -23.966  -18.931 0.7500000000
75039  18.985  -19.528  -19.324 0.1250000000
68924  22.488  -24.046  -19.437 1.0000000000
72556  18.550  -21.203  -18.454 0.1250000000
70145  23.785  -23.052  -20.684 1.0000000000
71343  25.478  -22.835  -20.668 1.0000000000
77160  18.686  -17.825  -19.829 0.3750000000
79377  18.511  -15.999  -20.254 0.2500000000
78279  19.006  -16.853  -20.577 0.2500000000
72615  26.345  -20.643  -22.251 0.8750000000
76178  27.173  -18.497  -23.838 0.8750000000
75080  27.018  -19.287  -23.403 0.8750000000
127845  18.944  -9.677  -22.891 0.1250000000
84611  18.648  -10.419  -22.411 0.1250000000
81537  20.068  -13.038  -23.672 0.6250000000
78317  26.921  -16.562  -23.998 0.8750000000
127839  19.884  -10.562  -23.729 0.3750000000
82522  20.271  -11.753  -24.243 0.8750000000
82517  25.051  -12.522  -24.567 1.0000000000
83542  25.436  -11.585  -23.863 1.0000000000
83551  25.206  -11.485  -24.689 1.0000000000
85765  22.281  -9.088  -26.136 1.0000000000
84634  25.290  -10.522  -24.930 1.0000000000
87892  22.607  -7.549  -26.500 0.8750000000
86807  24.070  -7.856  -27.689 1.0000000000
85762  24.466  -8.893  -26.930 1.0000000000
92011  23.074  -3.548  -24.233 0.1250000000
90957  23.113  -4.364  -25.552 0.1250000000
90975  23.573  -4.813  -28.115 0.6250000000
92043  23.231  -3.754  -28.943 0.6250000000
92054  22.674  -3.451  -30.767 0.5000000000
93139  22.521  -2.351  -31.388 0.5000000000
94131  23.687  -1.179  -27.355 0.2500000000
93133  22.029  -1.638  -31.388 0.5000000000
94163  22.029  -1.649  -32.836 0.5000000000
127915  22.794  -0.251  -28.317 0.1250000000
95091  22.051  0.513  -30.485 0.2500000000
127886  21.691  1.155  -32.202 0.2500000000
95105  22.300  -0.163  -33.165 0.3750000000
127891  21.519  1.880  -33.682 0.2500000000
127903  22.315  0.613  -29.714 0.1250000000
71320  19.013  -22.290  -18.156 0.1250000000
71319  19.901  -22.718  -18.443 0.3750000000
71318  20.320  -22.863  -18.575 0.5000000000
72568  18.787  -20.827  -19.114 0.1250000000
70130  21.706  -23.239  -19.500 0.7500000000
70129  22.488  -23.392  -19.922 1.0000000000
71366  22.032  -22.012  -21.135 1.0000000000
76153  20.271  -18.680  -20.947 0.8750000000
73888  21.059  -20.663  -23.449 1.0000000000
73847  24.255  -21.031  -21.993 1.0000000000
72632  22.141  -21.228  -23.933 1.0000000000
73901  21.457  -20.787  -24.727 1.0000000000
72595  24.390  -21.476  -21.641 1.0000000000
71363  24.935  -22.089  -21.102 1.0000000000
78278  19.401  -16.999  -20.887 0.3750000000
77178  19.483  -17.434  -20.775 0.5000000000
76170  21.522  -18.603  -22.199 1.0000000000
73869  25.001  -20.029  -22.627 1.0000000000
73886  23.179  -20.240  -22.783 1.0000000000
73899  22.436  -20.684  -23.603 1.0000000000
73898  24.777  -19.371  -23.445 1.0000000000
75081  26.276  -19.314  -23.411 1.0000000000
78291  20.278  -16.909  -21.749 0.6250000000
79401  20.377  -15.824  -22.276 0.6250000000
77214  21.727  -17.652  -22.818 1.0000000000
76183  22.791  -18.834  -22.760 1.0000000000
76184  22.439  -18.756  -22.731 1.0000000000
77213  22.224  -17.931  -23.027 1.0000000000
75115  24.968  -19.269  -23.987 1.0000000000
76196  26.506  -18.322  -24.617 0.8750000000
73867  27.023  -19.983  -22.979 0.8750000000
78319  25.254  -16.731  -24.567 1.0000000000
77224  24.242  -18.064  -23.832 1.0000000000
78309  23.374  -17.025  -23.789 1.0000000000
76195  27.013  -17.999  -24.439 0.8750000000
80505  22.765  -14.478  -24.859 1.0000000000
79417  23.014  -15.459  -24.622 1.0000000000
78322  22.734  -15.938  -24.159 1.0000000000
79416  23.845  -15.599  -24.579 1.0000000000
79414  25.737  -15.565  -24.315 1.0000000000
81522  19.744  -13.316  -22.961 0.6250000000
81536  20.603  -13.561  -23.634 0.7500000000
81545  21.509  -13.393  -24.285 1.0000000000
81554  22.939  -12.952  -25.392 1.0000000000
80514  23.036  -13.644  -25.241 1.0000000000
81552  24.203  -13.363  -25.437 1.0000000000
80513  23.553  -13.906  -25.230 1.0000000000
83567  21.444  -11.108  -25.292 1.0000000000
83554  20.625  -11.021  -24.675 0.7500000000
82531  23.544  -12.381  -26.002 1.0000000000
82520  21.368  -12.515  -24.565 1.0000000000
83566  22.252  -11.573  -25.363 1.0000000000
86796  22.468  -8.385  -26.327 0.8750000000
84649  22.953  -10.659  -25.994 1.0000000000
83565  23.337  -11.512  -25.915 1.0000000000
85763  23.874  -9.109  -26.934 1.0000000000
86794  24.241  -8.329  -27.333 1.0000000000
86795  23.302  -8.290  -26.906 1.0000000000
90948  22.901  -4.005  -24.902 0.1250000000
93121  23.191  -2.488  -28.836 0.2500000000
92053  22.733  -3.727  -29.880 0.7500000000
95098  21.590  1.064  -31.269 0.2500000000
95106  22.004  0.607  -33.484 0.2500000000
70117  19.252  -22.830  -17.769 0.1250000000
70115  20.477  -23.315  -18.422 0.6250000000
70114  21.254  -23.554  -18.731 0.7500000000
68939  22.978  -23.690  -19.953 1.0000000000
83531  19.258  -11.271  -22.911 0.5000000000
82508  20.367  -12.810  -23.965 0.7500000000
81546  20.859  -12.913  -24.187 0.8750000000
127830  19.732  -11.482  -23.587 0.7500000000
82509  19.844  -12.245  -23.755 0.8750000000
82521  20.598  -12.194  -24.416 1.0000000000
83553  21.329  -11.774  -24.869 1.0000000000
86793  24.942  -8.509  -26.935 1.0000000000
90983  23.406  -4.752  -29.224 0.7500000000
96008  22.644  -0.010  -33.202 0.3750000000
64246  23.305  -28.360  -17.489 0.7500000000
64253  25.063  -28.354  -18.223 0.7500000000
64247  22.319  -28.164  -17.405 0.7500000000
65352  22.030  -27.235  -17.714 0.7500000000
64254  24.542  -28.014  -18.261 0.7500000000
65350  23.757  -27.874  -18.025 0.7500000000
65364  23.253  -27.203  -18.221 0.7500000000
65365  22.662  -27.172  -17.953 0.7500000000
65362  25.220  -27.864  -18.773 0.7500000000
65363  24.168  -27.409  -18.528 0.7500000000
66537  23.600  -26.475  -18.778 0.7500000000
68907  22.100  -24.763  -18.785 0.7500000000
68908  21.099  -24.309  -18.331 0.6250000000
67755  22.862  -25.675  -18.708 0.8750000000
66535  25.471  -27.021  -19.121 0.7500000000
66536  24.567  -26.956  -19.015 0.7500000000
66546  24.796  -26.296  -19.240 0.7500000000
67769  22.902  -24.936  -19.271 0.8750000000
68923  23.372  -24.376  -19.651 0.8750000000
66545  25.691  -26.257  -19.334 0.7500000000
67767  25.046  -25.448  -19.450 0.7500000000
68922  24.418  -24.338  -19.763 0.8750000000
68938  23.592  -23.652  -20.116 0.8750000000
68921  25.516  -24.687  -19.796 0.7500000000
70128  25.073  -24.088  -19.834 0.8750000000
70144  24.854  -23.497  -20.213 0.8750000000
70142  27.057  -23.676  -20.387 0.8750000000
70143  26.036  -23.675  -20.324 0.8750000000
71342  26.553  -22.922  -20.713 0.8750000000
71362  26.051  -22.072  -21.053 0.8750000000
71359  28.972  -22.289  -21.437 0.3750000000
71360  28.115  -22.258  -21.285 0.6250000000
71361  27.138  -22.186  -21.173 0.7500000000
72593  26.710  -21.409  -21.703 0.7500000000
72590  29.367  -21.463  -21.854 0.5000000000
72591  28.605  -21.624  -21.897 0.5000000000
72613  28.343  -21.007  -22.497 0.7500000000
72614  27.397  -20.844  -22.476 0.7500000000
73864  30.177  -20.337  -22.410 0.1250000000
73865  29.115  -20.492  -22.723 0.3750000000
73866  28.074  -20.414  -23.450 0.6250000000
73883  27.583  -19.738  -23.844 0.6250000000
73863  31.201  -20.471  -22.408 0.1250000000
75078  29.553  -19.738  -22.797 0.1250000000
76164  30.010  -19.185  -22.498 0.1250000000
76177  28.169  -18.724  -23.667 0.6250000000
77210  27.693  -17.831  -23.216 0.6250000000
77220  27.195  -17.563  -24.017 0.7500000000
76163  31.041  -19.315  -22.419 0.1250000000
77189  29.770  -17.987  -21.345 0.1250000000
77202  27.979  -17.298  -22.286 0.1250000000
78316  27.271  -17.024  -23.437 0.6250000000
76162  31.554  -19.449  -22.346 0.1250000000
78298  27.661  -16.494  -21.885 0.5000000000
79399  27.309  -15.825  -21.819 0.5000000000
78307  27.042  -16.282  -23.011 0.6250000000
79406  26.594  -15.494  -23.233 0.7500000000
87879  21.921  -7.752  -25.942 0.6250000000
88916  22.018  -6.837  -25.757 0.5000000000
80487  26.498  -14.563  -22.285 0.6250000000
81520  25.836  -13.219  -22.792 0.6250000000
81534  25.503  -13.559  -23.495 0.8750000000
81503  26.618  -13.588  -21.430 0.5000000000
81519  26.211  -13.562  -22.353 0.6250000000
82494  26.066  -12.537  -22.223 0.6250000000
82495  25.673  -12.522  -22.885 0.7500000000
88923  22.837  -6.602  -26.763 0.7500000000
82507  25.385  -12.558  -23.689 0.8750000000
85731  25.436  -9.390  -25.299 0.8750000000
83530  25.559  -11.613  -22.990 0.7500000000
84620  25.527  -10.593  -24.014 0.8750000000
85719  25.595  -9.565  -24.213 0.8750000000
82480  26.756  -12.608  -20.828 0.3750000000
82481  26.424  -12.618  -21.550 0.5000000000
83516  26.283  -11.699  -21.523 0.5000000000
83515  26.707  -11.709  -20.947 0.2500000000
83529  25.872  -11.628  -22.189 0.5000000000
88922  23.429  -6.830  -27.459 0.7500000000
87891  23.262  -7.454  -27.163 0.8750000000
87898  23.823  -7.392  -27.759 0.8750000000
86778  25.591  -8.367  -26.041 0.7500000000
86761  25.755  -8.392  -25.104 0.8750000000
84607  25.526  -10.681  -23.120 0.6250000000
85704  25.625  -9.636  -23.173 0.7500000000
84591  26.294  -10.661  -21.466 0.3750000000
85692  26.083  -9.633  -21.737 0.5000000000
87828  25.982  -7.913  -23.936 0.7500000000
84590  26.651  -10.958  -21.020 0.2500000000
89908  22.945  -5.725  -26.702 0.6250000000
87906  24.072  -7.097  -28.233 0.8750000000
87897  24.521  -7.403  -27.814 0.8750000000
87890  24.819  -8.017  -27.352 0.8750000000
88936  24.596  -6.620  -28.668 0.7500000000
87889  25.354  -7.502  -27.064 0.8750000000
87862  26.065  -7.650  -25.179 0.7500000000
86729  25.811  -8.574  -23.432 0.5000000000
86702  26.756  -8.722  -21.217 0.2500000000
86714  26.159  -8.523  -21.921 0.5000000000
85693  25.781  -9.297  -22.350 0.5000000000
84575  26.846  -10.364  -20.759 0.2500000000
89907  23.512  -5.918  -27.428 0.5000000000
89913  23.811  -5.761  -28.533 0.6250000000
88947  24.209  -6.276  -29.647 0.7500000000
88946  24.747  -6.311  -29.758 0.7500000000
88952  24.408  -6.002  -30.240 0.7500000000
89929  25.271  -5.481  -29.329 0.7500000000
89919  25.373  -5.496  -28.396 0.7500000000
88935  25.090  -6.132  -29.047 0.7500000000
89934  25.231  -5.458  -30.023 0.7500000000
88927  25.333  -6.436  -27.798 0.7500000000
88921  25.942  -6.393  -26.425 0.7500000000
89906  25.830  -5.555  -26.776 0.7500000000
87843  26.417  -7.100  -24.211 0.5000000000
88904  26.698  -6.221  -24.612 0.3750000000
88914  26.609  -6.168  -25.359 0.6250000000
87812  26.582  -7.433  -22.073 0.2500000000
88877  26.853  -6.581  -23.280 0.3750000000
88892  26.907  -6.096  -23.851 0.3750000000
90994  23.322  -4.555  -30.195 0.6250000000
89920  23.793  -5.642  -29.489 0.7500000000
89937  24.609  -4.789  -30.575 0.7500000000
90992  25.290  -4.885  -29.586 0.7500000000
90974  25.548  -4.654  -27.761 0.7500000000
90966  25.787  -4.705  -26.926 0.6250000000
89888  26.993  -5.560  -24.827 0.3750000000
89905  26.479  -5.477  -26.073 0.3750000000
88861  27.360  -6.619  -22.036 0.1250000000
89874  28.051  -5.218  -23.116 0.1250000000
89875  27.571  -5.356  -23.640 0.2500000000
91001  23.720  -4.516  -30.650 0.6250000000
91004  24.007  -4.132  -31.061 0.7500000000
91000  24.842  -4.439  -30.342 0.6250000000
90982  25.173  -4.289  -29.244 0.7500000000
90965  26.329  -4.709  -26.254 0.3750000000
92033  25.472  -3.745  -27.890 0.3750000000
89912  25.577  -5.400  -27.546 0.7500000000
90955  27.445  -4.541  -25.125 0.2500000000
90956  26.991  -4.634  -25.700 0.3750000000
90933  29.272  -4.287  -23.093 0.1250000000
90934  28.365  -4.591  -23.403 0.1250000000
89846  28.516  -5.866  -22.047 0.1250000000
90995  23.154  -3.964  -30.884 0.6250000000
91005  23.590  -3.573  -31.312 0.6250000000
92058  24.648  -3.533  -30.519 0.3750000000
92060  24.279  -3.439  -31.128 0.3750000000
93129  25.173  -2.937  -29.472 0.3750000000
94110  25.830  -2.084  -26.104 0.2500000000
92027  25.682  -3.884  -27.064 0.3750000000
92017  28.162  -3.436  -24.899 0.1250000000
92018  27.572  -3.713  -25.294 0.3750000000
92019  26.726  -3.810  -25.784 0.3750000000
90917  29.671  -4.838  -22.549 0.1250000000
90947  27.810  -4.467  -24.534 0.1250000000
94165  23.102  -1.678  -33.083 0.3750000000
92059  22.868  -3.206  -31.420 0.3750000000
92061  23.744  -3.241  -31.491 0.3750000000
94157  24.154  -1.703  -30.997 0.3750000000
93141  23.985  -2.544  -31.421 0.3750000000
94130  24.715  -1.319  -28.523 0.3750000000
94139  24.732  -1.732  -29.137 0.3750000000
93130  24.896  -2.653  -29.940 0.3750000000
94121  25.629  -1.783  -27.090 0.3750000000
94111  25.713  -2.376  -26.641 0.3750000000
93111  25.444  -2.754  -27.996 0.3750000000
93092  29.524  -2.236  -25.640 0.1250000000
93094  27.209  -2.800  -25.494 0.1250000000
94109  26.725  -1.896  -25.724 0.2500000000
92008  29.404  -3.344  -24.198 0.1250000000
95099  24.164  -0.757  -31.419 0.2500000000
95097  24.340  -0.735  -30.476 0.2500000000
94161  23.718  -1.668  -31.689 0.3750000000
95973  25.280  -0.183  -28.211 0.1250000000
95090  24.422  -0.870  -29.542 0.3750000000
94149  24.528  -1.730  -30.170 0.3750000000
95067  26.039  -0.684  -26.968 0.1250000000
95073  25.410  -0.660  -27.725 0.2500000000
95064  28.354  -0.799  -26.980 0.1250000000
94120  26.306  -1.156  -26.280 0.1250000000
96004  22.943  -0.228  -32.915 0.3750000000
95100  23.837  -0.971  -32.130 0.3750000000
96000  23.976  0.101  -31.937 0.2500000000
95979  25.044  0.143  -28.795 0.1250000000
95987  25.489  1.079  -29.920 0.1250000000
95978  26.111  0.667  -28.870 0.1250000000
94117  29.222  -1.603  -26.537 0.1250000000
95071  27.451  -0.145  -27.950 0.1250000000
96911  25.987  1.617  -31.090 0.1250000000
95977  27.135  0.452  -28.932 0.1250000000
95986  26.805  1.070  -29.635 0.1250000000
94136  29.597  -1.328  -28.317 0.1250000000
94127  29.420  -1.413  -27.444 0.1250000000
71341  27.585  -22.928  -20.642 0.6250000000
79400  26.882  -15.497  -22.220 0.6250000000
85677  26.792  -9.639  -20.972 0.3750000000
88929  23.860  -6.646  -28.029 0.8750000000
87905  24.263  -6.961  -28.385 0.8750000000
88937  23.998  -6.600  -28.825 0.7500000000
88928  24.940  -7.022  -28.097 0.8750000000
87878  26.019  -7.143  -25.900 0.7500000000
87827  26.301  -7.468  -23.137 0.5000000000
86728  26.020  -8.112  -22.596 0.5000000000
94118  28.332  -1.158  -26.403 0.1250000000
95988  24.614  0.043  -29.768 0.2500000000
94137  28.871  -1.112  -28.013 0.1250000000
75079  28.629  -19.663  -23.603 0.5000000000
75095  27.898  -19.271  -24.093 0.6250000000
75096  27.342  -19.145  -23.777 0.7500000000
79388  27.206  -15.282  -21.545 0.3750000000
80473  26.898  -14.594  -21.448 0.3750000000
82464  27.328  -12.637  -20.302 0.2500000000
86747  25.746  -8.627  -24.419 0.7500000000
95066  26.905  -0.382  -26.822 0.1250000000
83499  27.275  -11.826  -20.424 0.1250000000
64232  23.757  -29.086  -16.976 0.7500000000
64233  22.752  -28.798  -16.871 0.7500000000
64248  21.672  -27.783  -17.196 0.7500000000
64231  24.750  -29.412  -17.188 0.7500000000
64244  25.465  -28.733  -17.767 0.7500000000
67756  21.463  -25.644  -18.039 0.6250000000
66538  22.483  -26.518  -18.064 0.7500000000
65361  25.941  -27.588  -18.987 0.6250000000
66544  26.277  -26.169  -19.441 0.6250000000
68920  26.442  -24.998  -20.015 0.6250000000
70140  28.978  -23.520  -20.543 0.3750000000
71358  29.729  -22.025  -21.248 0.1250000000
72611  30.648  -21.058  -22.009 0.1250000000
72610  31.414  -21.003  -22.025 0.1250000000
73862  32.355  -20.487  -22.161 0.1250000000
75075  32.908  -19.741  -22.511 0.1250000000
76145  31.659  -19.064  -21.929 0.1250000000
76129  31.163  -18.267  -21.291 0.1250000000
88917  21.525  -7.337  -25.603 0.3750000000
77169  30.470  -17.625  -20.836 0.1250000000
77171  28.962  -17.047  -20.907 0.1250000000
79387  27.698  -15.623  -21.125 0.1250000000
80456  27.318  -14.284  -20.907 0.2500000000
81486  26.985  -13.882  -20.933 0.2500000000
89900  22.486  -5.941  -26.062 0.5000000000
85662  27.899  -10.229  -19.969 0.1250000000
84574  27.284  -10.858  -20.377 0.2500000000
87798  28.421  -8.066  -20.689 0.1250000000
88860  28.229  -6.456  -21.628 0.1250000000
89845  29.122  -6.017  -21.777 0.1250000000
90967  23.361  -4.871  -26.730 0.3750000000
89858  30.078  -5.675  -22.018 0.1250000000
90932  30.157  -4.305  -23.111 0.1250000000
90916  30.507  -4.885  -22.630 0.1250000000
93101  31.191  -2.828  -25.774 0.1250000000
93097  23.762  -2.547  -25.131 0.1250000000
96924  24.079  0.747  -33.222 0.2500000000
96919  24.423  1.169  -32.208 0.1250000000
96923  25.221  1.271  -33.155 0.1250000000
95985  27.800  0.524  -29.898 0.1250000000
96905  26.597  1.400  -30.388 0.1250000000
95078  28.389  -0.638  -28.598 0.1250000000
94126  30.105  -1.750  -27.685 0.1250000000
94148  29.086  -0.977  -28.831 0.1250000000
79407  26.201  -15.172  -23.746 0.7500000000
68937  24.142  -23.613  -20.192 0.8750000000
93143  22.716  -2.050  -32.242 0.3750000000
94168  22.485  -0.922  -33.164 0.3750000000
96938  23.040  0.728  -34.304 0.1250000000
96002  23.739  0.476  -33.625 0.2500000000
65351  22.846  -27.725  -17.906 0.7500000000
64245  24.413  -28.507  -17.663 0.7500000000
65349  25.580  -28.352  -18.357 0.7500000000
66525  21.333  -26.415  -17.546 0.7500000000
66524  21.901  -26.635  -17.816 0.7500000000
66547  24.179  -26.377  -19.180 0.7500000000
67768  23.808  -25.606  -19.368 0.8750000000
67766  25.987  -25.576  -19.603 0.7500000000
68936  26.063  -24.359  -20.075 0.7500000000
70127  25.520  -24.032  -19.994 0.8750000000
68935  26.750  -24.325  -20.196 0.6250000000
71339  29.264  -22.746  -20.817 0.2500000000
71340  28.527  -22.899  -20.720 0.5000000000
72592  27.740  -21.558  -21.846 0.7500000000
72612  28.977  -21.139  -22.322 0.5000000000
73844  29.769  -20.824  -22.035 0.2500000000
72589  30.061  -21.349  -21.590 0.1250000000
75076  31.733  -19.806  -22.476 0.1250000000
75077  30.662  -19.827  -22.706 0.1250000000
76165  28.880  -18.863  -22.882 0.5000000000
76148  28.800  -18.282  -22.262 0.1250000000
76147  29.406  -18.477  -22.038 0.1250000000
77201  28.380  -18.044  -22.590 0.5000000000
76146  30.487  -18.607  -21.770 0.1250000000
77190  28.693  -17.525  -21.549 0.1250000000
77191  28.082  -16.986  -21.732 0.1250000000
78306  27.468  -16.860  -22.712 0.6250000000
80495  26.226  -14.526  -23.097 0.6250000000
87844  25.949  -7.922  -24.568 0.7500000000
84606  25.719  -10.700  -22.271 0.5000000000
87861  26.396  -6.842  -25.164 0.6250000000
86715  25.831  -8.814  -22.669 0.5000000000
87811  27.354  -7.136  -21.366 0.1250000000
87799  27.471  -7.922  -20.937 0.1250000000
86701  27.592  -8.836  -20.774 0.1250000000
89936  24.384  -5.139  -30.493 0.7500000000
88920  26.544  -6.007  -25.864 0.6250000000
89876  27.090  -5.646  -24.244 0.3750000000
89899  26.950  -5.356  -25.434 0.3750000000
88862  26.873  -6.816  -22.615 0.1250000000
88891  27.317  -5.973  -23.300 0.3750000000
92052  24.960  -3.606  -29.830 0.3750000000
89887  27.439  -5.118  -24.352 0.3750000000
88876  27.481  -6.175  -22.711 0.1250000000
90935  27.836  -4.727  -23.970 0.1250000000
90919  28.374  -5.045  -22.952 0.1250000000
93104  25.819  -3.296  -26.507 0.3750000000
91995  28.917  -3.834  -23.649 0.1250000000
91994  29.759  -3.766  -23.603 0.1250000000
89859  29.074  -5.410  -22.215 0.1250000000
91996  28.488  -4.076  -23.846 0.1250000000
93142  23.274  -2.294  -31.838 0.3750000000
93095  26.248  -2.944  -25.931 0.2500000000
93083  29.034  -2.948  -24.811 0.1250000000
93093  28.302  -2.678  -25.206 0.1250000000
95081  24.569  -0.760  -28.727 0.3750000000
94129  25.103  -1.782  -28.260 0.3750000000
93082  29.924  -2.691  -24.672 0.1250000000
94107  28.675  -1.828  -25.843 0.1250000000
93103  29.825  -1.930  -26.420 0.1250000000
94108  27.789  -1.829  -25.715 0.1250000000
94119  27.345  -0.992  -26.126 0.1250000000
92007  30.259  -3.307  -24.151 0.1250000000
93081  30.695  -2.845  -24.594 0.1250000000
96920  23.861  0.512  -32.555 0.2500000000
96001  23.563  -0.121  -32.480 0.2500000000
95996  24.517  0.550  -30.956 0.2500000000
95072  26.342  -0.037  -27.521 0.1250000000
95070  28.289  -0.701  -27.591 0.1250000000
95065  27.824  -0.580  -26.920 0.1250000000
94128  28.750  -1.127  -27.158 0.1250000000
95995  25.189  1.276  -30.810 0.1250000000
95971  26.577  0.366  -28.207 0.1250000000
94116  29.889  -1.709  -26.933 0.1250000000
96917  26.748  1.666  -31.942 0.1250000000
96918  25.660  1.584  -32.203 0.1250000000
63045  23.050  -29.534  -16.438 0.7500000000
63044  24.057  -30.177  -16.541 0.7500000000
63046  22.368  -29.175  -16.426 0.7500000000
67743  21.035  -25.925  -17.582 0.5000000000
67765  26.846  -25.849  -19.658 0.6250000000
68919  27.516  -24.840  -20.021 0.5000000000
78270  29.199  -16.656  -20.601 0.1250000000
78269  29.888  -16.638  -20.338 0.1250000000
78289  28.705  -16.590  -20.832 0.1250000000
87810  28.316  -7.236  -21.107 0.1250000000
93091  30.570  -2.509  -25.352 0.1250000000
93102  30.487  -2.379  -26.678 0.1250000000
64234  21.707  -28.532  -16.494 0.7500000000
65354  20.990  -27.167  -16.888 0.5000000000
61869  23.808  -30.783  -15.933 0.6250000000
61883  24.762  -30.487  -16.233 0.6250000000
63042  25.458  -29.943  -16.264 0.3750000000
63043  25.049  -30.125  -16.739 0.6250000000
64229  26.234  -28.774  -16.622 0.2500000000
64243  26.166  -28.769  -17.440 0.3750000000
70141  28.037  -23.854  -20.264 0.3750000000
90968  22.803  -5.399  -26.324 0.2500000000
65348  26.435  -28.166  -18.393 0.5000000000
66534  26.504  -26.903  -19.146 0.5000000000
67753  27.279  -26.345  -19.261 0.3750000000
63029  25.488  -29.800  -15.538 0.5000000000
60646  23.544  -31.331  -15.416 0.6250000000
65339  20.704  -27.168  -16.487 0.3750000000
64220  20.876  -28.496  -15.565 0.3750000000
63031  23.252  -30.286  -16.109 0.6250000000
63032  22.049  -29.755  -15.745 0.6250000000
61826  25.023  -30.225  -14.084 0.3750000000
61868  24.548  -30.831  -15.553 0.5000000000
60645  24.048  -31.201  -15.501 0.6250000000
66514  20.115  -26.494  -16.259 0.2500000000
63014  25.411  -29.584  -14.680 0.3750000000
65337  26.680  -28.267  -17.199 0.2500000000
64217  26.181  -28.557  -15.737 0.2500000000
65336  27.097  -27.646  -17.583 0.2500000000
66533  27.249  -26.776  -18.818 0.3750000000
67764  27.773  -25.680  -19.501 0.2500000000
70126  28.251  -24.484  -20.053 0.2500000000
127829  19.462  -11.937  -23.317 0.3750000000
81523  19.102  -12.922  -22.342 0.2500000000
86762  20.588  -9.140  -24.536 0.2500000000
90958  22.514  -5.151  -25.742 0.2500000000
78257  18.555  -16.856  -19.706 0.2500000000
68909  20.194  -24.072  -17.846 0.2500000000
82496  19.359  -12.318  -22.945 0.3750000000
65338  21.206  -27.615  -16.785 0.5000000000
64230  25.649  -29.400  -16.938 0.5000000000
70125  28.790  -24.217  -20.189 0.2500000000
66526  20.808  -26.674  -16.921 0.3750000000
67744  20.357  -25.695  -17.120 0.3750000000
61867  25.200  -30.407  -15.862 0.5000000000
64218  25.836  -29.291  -16.061 0.2500000000
64207  25.762  -29.059  -15.221 0.2500000000
66523  27.072  -27.383  -18.630 0.3750000000
61845  25.135  -30.355  -15.073 0.5000000000
64235  20.887  -27.844  -16.269 0.3750000000
61870  22.812  -30.865  -15.583 0.6250000000
61846  24.697  -30.904  -14.623 0.3750000000
65347  27.108  -27.605  -18.211 0.2500000000
60624  22.430  -31.525  -14.968 0.5000000000
60607  24.602  -31.461  -13.966 0.2500000000
59428  24.201  -32.287  -14.092 0.3750000000
60623  23.303  -31.816  -15.021 0.5000000000
60625  21.484  -31.490  -14.069 0.3750000000
61848  21.695  -30.573  -15.002 0.5000000000
61871  22.206  -30.530  -15.411 0.5000000000
63033  21.379  -29.192  -15.516 0.3750000000
60590  19.739  -32.055  -12.597 0.1250000000
60608  20.909  -31.612  -13.619 0.3750000000
58162  19.946  -33.019  -12.271 0.1250000000
59431  20.626  -32.468  -13.020 0.2500000000
59429  21.856  -32.497  -13.696 0.3750000000
58179  23.512  -33.324  -13.812 0.3750000000
58195  22.760  -32.612  -14.201 0.5000000000
59416  19.357  -32.585  -12.164 0.1250000000
59430  21.169  -32.171  -13.477 0.3750000000
61829  19.477  -30.387  -13.359 0.1250000000
63017  19.964  -29.664  -14.122 0.1250000000
81485  27.498  -13.569  -20.434 0.1250000000
64219  21.520  -28.968  -15.812 0.3750000000
60622  24.147  -31.608  -14.914 0.3750000000
59441  22.250  -32.239  -14.173 0.5000000000
59440  22.940  -32.289  -14.594 0.5000000000
59439  23.647  -32.324  -14.541 0.3750000000
58193  23.866  -32.912  -14.238 0.3750000000
59442  21.715  -32.088  -13.829 0.3750000000
60626  20.793  -31.309  -13.746 0.2500000000
61849  20.631  -30.649  -14.079 0.1250000000
63016  21.046  -29.628  -15.001 0.1250000000
63015  21.579  -29.992  -15.269 0.5000000000
59415  20.102  -32.488  -12.622 0.1250000000
60591  19.294  -31.703  -12.492 0.1250000000
60609  20.179  -31.494  -13.205 0.2500000000
60610  19.169  -31.074  -12.830 0.1250000000
61828  20.057  -30.700  -13.609 0.1250000000
64208  20.272  -28.799  -14.736 0.1250000000
58182  21.009  -32.756  -13.116 0.3750000000
61850  19.994  -30.345  -13.808 0.1250000000
58160  21.985  -33.700  -13.032 0.2500000000
58159  23.047  -33.741  -13.199 0.2500000000
58178  24.221  -33.060  -13.654 0.2500000000
58161  20.792  -33.310  -12.491 0.1250000000
58180  22.546  -33.002  -13.714 0.2500000000
58181  21.545  -32.943  -13.296 0.2500000000
67745  19.544  -24.869  -16.987 0.1250000000
87863  20.339  -8.140  -24.693 0.1250000000
88906  21.118  -6.959  -24.992 0.1250000000
88905  21.625  -6.570  -25.314 0.1250000000
89889  21.867  -6.038  -25.071 0.1250000000
89890  20.534  -5.857  -24.130 0.1250000000
90950  20.984  -5.242  -23.740 0.1250000000
90937  21.146  -4.977  -23.176 0.1250000000
86763  19.700  -9.133  -24.046 0.1250000000
81508  18.428  -13.117  -21.519 0.1250000000
65328  20.234  -27.276  -15.758 0.1250000000
67732  19.784  -25.960  -16.444 0.1250000000
83532  18.362  -11.161  -22.063 0.1250000000
86764  18.898  -8.585  -23.590 0.1250000000
88908  19.127  -7.567  -23.646 0.1250000000
88907  19.850  -7.137  -23.863 0.1250000000
89878  20.069  -6.262  -23.115 0.1250000000
89862  20.699  -5.522  -22.401 0.1250000000
90949  21.851  -4.599  -24.444 0.1250000000
70116  19.623  -23.311  -17.835 0.1250000000
67757  20.558  -24.874  -17.755 0.1250000000
66515  19.619  -26.124  -16.123 0.1250000000
82497  18.783  -12.132  -22.193 0.1250000000
68910  19.751  -24.023  -17.571 0.1250000000
68898  19.923  -24.603  -17.415 0.1250000000
68885  19.393  -24.263  -16.625 0.1250000000
67733  19.400  -25.484  -16.220 0.1250000000
89891  19.932  -6.471  -23.511 0.1250000000
89877  20.524  -5.590  -23.186 0.1250000000
88879  19.960  -6.882  -22.548 0.1250000000
90921  21.252  -4.799  -22.093 0.1250000000
62997  25.457  -29.202  -13.698 0.1250000000
64206  26.082  -28.310  -14.845 0.1250000000
65327  26.547  -28.039  -16.291 0.1250000000
66513  26.923  -27.630  -16.768 0.1250000000
66512  27.325  -26.844  -16.770 0.1250000000
66522  27.400  -26.811  -18.014 0.1250000000
67741  28.321  -25.437  -17.534 0.1250000000
67742  27.949  -26.002  -17.987 0.1250000000
67752  27.811  -26.150  -18.764 0.1250000000
68897  28.755  -24.880  -17.998 0.1250000000
67763  28.379  -25.563  -19.105 0.1250000000
68896  29.090  -24.235  -18.537 0.1250000000
68905  29.108  -24.321  -19.421 0.1250000000
68917  29.031  -24.339  -19.911 0.1250000000
58157  24.462  -33.257  -12.747 0.1250000000
59414  24.720  -32.157  -13.179 0.1250000000
60588  25.210  -31.151  -12.804 0.1250000000
62980  25.608  -29.211  -13.005 0.1250000000
61809  25.380  -29.983  -12.952 0.1250000000
64190  25.672  -28.826  -14.441 0.1250000000
65298  26.515  -27.554  -14.508 0.1250000000
66502  27.266  -26.476  -15.671 0.1250000000
67718  27.803  -25.953  -16.178 0.1250000000
68880  28.951  -24.089  -17.547 0.1250000000
70124  29.382  -23.562  -20.063 0.1250000000
70113  29.319  -23.415  -19.138 0.1250000000
70139  29.338  -23.077  -20.462 0.1250000000
60606  24.940  -30.856  -13.523 0.1250000000
68918  28.514  -24.871  -19.687 0.1250000000
65316  26.441  -27.750  -15.411 0.1250000000
67751  28.399  -25.555  -18.394 0.1250000000
60589  24.855  -31.420  -13.363 0.1250000000
58158  23.927  -33.746  -13.263 0.1250000000
64189  26.169  -28.254  -13.770 0.1250000000
66503  26.796  -27.228  -16.011 0.1250000000
66488  26.729  -26.923  -15.100 0.1250000000
67731  27.819  -26.047  -17.180 0.1250000000
68881  28.571  -24.683  -17.062 0.1250000000
68906  28.886  -25.032  -18.895 0.1250000000
56908  24.094  -33.837  -12.745 0.1250000000
59399  24.979  -32.556  -12.336 0.1250000000
71317  29.609  -22.586  -18.651 0.1250000000
58194  23.245  -32.781  -14.209 0.5000000000
60647  23.016  -31.455  -15.330 0.5000000000
61827  24.773  -30.870  -14.049 0.1250000000
61847  22.266  -30.902  -15.284 0.5000000000
61882  25.164  -30.300  -16.304 0.6250000000
61884  24.326  -30.629  -16.108 0.6250000000
63030  23.719  -30.453  -16.227 0.6250000000
65353  21.315  -27.170  -17.224 0.5000000000
66539  21.784  -26.314  -17.882 0.7500000000
67754  23.424  -25.939  -18.980 0.7500000000
68934  27.350  -24.206  -20.216 0.5000000000
70156  23.202  -22.757  -20.906 1.0000000000
71345  22.563  -22.672  -20.796 1.0000000000
71375  20.575  -21.662  -23.207 1.0000000000
71377  19.837  -22.048  -23.764 1.0000000000
71378  20.852  -21.939  -23.483 1.0000000000
71379  20.363  -22.059  -23.859 1.0000000000
71380  20.078  -21.779  -24.112 1.0000000000
71381  20.977  -21.655  -23.986 1.0000000000
71382  20.660  -21.692  -24.132 1.0000000000
71383  20.336  -21.460  -24.161 1.0000000000
72617  23.919  -21.262  -21.997 1.0000000000
72621  20.260  -21.430  -23.092 1.0000000000
72622  19.917  -21.739  -23.497 1.0000000000
72628  21.458  -21.442  -23.632 1.0000000000
72629  19.991  -21.341  -23.519 1.0000000000
72630  19.896  -21.479  -23.883 1.0000000000
72631  22.442  -20.761  -23.289 1.0000000000
72633  21.355  -21.287  -24.326 1.0000000000
72634  20.640  -21.166  -24.399 1.0000000000
72635  20.197  -21.303  -24.155 1.0000000000
72636  21.081  -21.019  -24.707 1.0000000000
72637  20.764  -20.704  -24.769 1.0000000000
73845  29.317  -20.966  -22.261 0.5000000000
73872  21.497  -20.800  -22.936 1.0000000000
73873  20.494  -20.996  -23.356 1.0000000000
73882  28.168  -19.917  -24.219 0.6250000000
73884  25.058  -19.620  -23.295 1.0000000000
73887  22.338  -20.340  -23.224 1.0000000000
73889  20.340  -20.836  -23.869 1.0000000000
73890  20.054  -21.005  -24.094 1.0000000000
73900  21.950  -20.591  -24.305 1.0000000000
73902  20.495  -20.727  -24.375 1.0000000000
73903  20.210  -20.979  -24.245 1.0000000000
73909  21.611  -20.351  -25.006 1.0000000000
73910  21.129  -20.464  -25.103 1.0000000000
73911  20.674  -20.231  -25.079 1.0000000000
75057  32.207  -19.460  -22.258 0.1250000000
75058  31.799  -19.477  -22.307 0.1250000000
75059  26.770  -19.223  -23.417 0.8750000000
75060  26.523  -19.251  -23.485 0.8750000000
75083  22.159  -20.044  -22.950 1.0000000000
75097  25.910  -19.124  -23.895 1.0000000000
75098  25.443  -19.287  -23.819 1.0000000000
75103  20.656  -20.472  -24.261 1.0000000000
75116  24.755  -19.131  -23.598 1.0000000000
75117  21.039  -20.411  -24.789 1.0000000000
75118  21.187  -19.820  -24.624 1.0000000000
75119  20.725  -20.075  -24.633 1.0000000000
75128  21.377  -20.110  -25.202 1.0000000000
75129  21.107  -19.913  -25.227 1.0000000000
75130  20.845  -19.837  -25.025 1.0000000000
76130  30.601  -18.153  -21.291 0.1250000000
76149  26.848  -19.095  -23.550 0.8750000000
76150  26.576  -19.121  -23.529 0.8750000000
76166  26.909  -18.962  -23.660 0.8750000000
76167  26.655  -19.099  -23.623 0.8750000000
76169  22.018  -18.881  -22.602 1.0000000000
76181  24.281  -18.793  -23.372 1.0000000000
76199  24.267  -18.572  -23.542 1.0000000000
77170  29.444  -17.303  -20.843 0.1250000000
77188  30.318  -18.102  -21.299 0.1250000000
77209  28.255  -18.411  -23.135 0.5000000000
78290  28.154  -16.549  -21.279 0.1250000000
78299  27.273  -16.183  -22.349 0.5000000000
79386  28.278  -16.009  -20.646 0.1250000000
79392  19.344  -15.923  -21.407 0.3750000000
80472  27.400  -14.850  -21.140 0.2500000000
81502  26.916  -13.275  -20.686 0.2500000000
81533  25.895  -13.889  -23.083 0.6250000000
83552  21.811  -12.107  -24.832 1.0000000000
83555  20.089  -11.441  -24.006 0.7500000000
85676  27.580  -9.752  -20.384 0.1250000000
85703  25.654  -9.979  -22.491 0.5000000000
86808  23.729  -7.919  -27.425 0.8750000000
87800  26.756  -7.889  -21.380 0.2500000000
87877  26.341  -6.662  -25.585 0.7500000000
87880  21.200  -7.914  -25.495 0.1250000000
87896  25.073  -7.145  -27.731 0.8750000000
88875  27.930  -6.067  -22.150 0.1250000000
88915  26.315  -6.489  -25.829 0.7500000000
88945  25.178  -6.018  -29.908 0.7500000000
88950  25.119  -5.753  -30.274 0.7500000000
88951  24.851  -5.917  -30.347 0.7500000000
89860  28.224  -5.499  -22.582 0.1250000000
89861  27.715  -5.627  -23.050 0.1250000000
89898  27.348  -5.009  -24.881 0.3750000000
89930  23.921  -5.489  -30.223 0.7500000000
89935  24.986  -5.285  -30.483 0.7500000000
89938  24.361  -4.595  -30.684 0.7500000000
90918  28.807  -4.874  -22.720 0.1250000000
90946  28.205  -4.303  -24.028 0.1250000000
90981  25.343  -4.616  -28.719 0.7500000000
90993  25.070  -4.367  -29.776 0.7500000000
90999  25.169  -4.924  -30.125 0.7500000000
91002  23.429  -3.766  -31.164 0.6250000000
91003  24.474  -4.205  -30.783 0.7500000000
91993  30.503  -3.864  -23.690 0.1250000000
92009  28.499  -3.699  -24.396 0.1250000000
92010  28.012  -4.011  -24.944 0.1250000000
92026  26.078  -3.910  -26.369 0.3750000000
92041  25.286  -3.610  -28.767 0.3750000000
92042  25.065  -3.850  -29.369 0.7500000000
92051  25.203  -3.337  -29.279 0.3750000000
92062  23.252  -3.058  -31.584 0.6250000000
93084  28.520  -3.188  -24.844 0.1250000000
93090  31.323  -2.776  -24.927 0.1250000000
93096  25.789  -2.732  -26.394 0.3750000000
93105  25.640  -2.937  -27.074 0.3750000000
93119  25.291  -2.701  -28.871 0.3750000000
93120  25.109  -2.424  -29.285 0.3750000000
93138  24.456  -2.633  -30.764 0.3750000000
93140  22.124  -1.598  -32.030 0.5000000000
93144  22.082  -1.727  -32.491 0.5000000000
93145  23.083  -2.104  -32.682 0.3750000000
93146  22.861  -2.122  -33.081 0.3750000000
94138  25.113  -2.154  -28.895 0.3750000000
94160  21.796  0.579  -31.753 0.2500000000
94162  23.337  -1.660  -32.390 0.3750000000
94164  21.749  -1.369  -32.529 0.5000000000
94166  22.491  -1.419  -33.093 0.3750000000
94167  21.810  -0.900  -33.004 0.3750000000
94169  22.260  -0.837  -33.193 0.3750000000
95074  24.785  -0.985  -28.162 0.2500000000
95080  24.967  -0.462  -28.283 0.3750000000
95083  22.284  -0.036  -29.553 0.2500000000
95101  23.261  -0.927  -32.609 0.3750000000
95102  22.894  -0.844  -32.872 0.3750000000
95103  22.699  -0.681  -33.059 0.3750000000
95104  22.530  -0.460  -33.148 0.3750000000
95972  25.738  0.179  -28.126 0.1250000000
95980  24.583  -0.328  -29.164 0.3750000000
96003  23.261  0.099  -32.892 0.3750000000
96005  23.741  0.462  -34.146 0.2500000000
96006  23.351  0.398  -33.537 0.2500000000
96007  22.867  0.016  -33.077 0.3750000000
96009  23.626  0.552  -34.401 0.1250000000
96010  23.439  0.485  -34.021 0.2500000000
96011  22.869  0.450  -33.638 0.3750000000
96912  25.049  1.427  -31.435 0.1250000000
96925  23.618  0.355  -32.801 0.2500000000
96934  23.369  0.609  -34.271 0.1250000000
97782  22.681  1.077  -34.475 0.1250000000
127828  19.574  -11.755  -23.429 0.3750000000
127885  22.462  0.376  -29.062 0.1250000000
127888  22.380  0.523  -29.489 0.1250000000
127898  22.200  0.707  -29.950 0.1250000000
127901  22.635  0.767  -34.001 0.2500000000
127902  22.328  1.137  -29.647 0.1250000000
127908  22.454  -0.163  -28.917 0.2500000000
