#!ascii label  , from subject sub.01.dh.02t2 vox2ras=TkReg
1958
7013  36.711  -85.069  0.821 0.2000000030
6358  37.375  -85.674  0.464 0.2000000030
7709  37.143  -83.799  0.281 0.2000000030
6341  36.251  -86.248  1.320 0.2000000030
9197  35.986  -81.662  0.556 0.1000000015
5713  37.417  -86.434  1.021 0.3000000119
7012  37.301  -84.694  0.271 0.2000000030
8439  36.477  -82.893  0.833 0.1000000015
7684  36.116  -84.557  1.369 0.2000000030
8438  37.412  -83.101  0.109 0.1000000015
9196  37.142  -81.893  0.218 0.1000000015
9926  37.207  -80.848  -0.012 0.1000000015
9942  37.711  -80.286  -0.328 0.1000000015
9927  36.374  -80.832  0.188 0.1000000015
10700  37.684  -78.922  -1.348 0.1000000015
9943  36.739  -80.107  -0.273 0.1000000015
10678  36.329  -79.650  -0.863 0.1000000015
11442  38.448  -78.240  -2.888 0.2000000030
11420  37.282  -78.582  -2.011 0.1000000015
9212  39.580  -82.244  -1.513 0.1000000015
9940  39.527  -81.169  -1.251 0.1000000015
7732  37.952  -84.106  -0.273 0.2000000030
9214  38.005  -81.394  -0.319 0.1000000015
8462  38.241  -82.752  -0.514 0.1000000015
10676  38.246  -79.646  -0.794 0.1000000015
11418  39.136  -78.518  -2.082 0.1000000015
12231  39.498  -77.433  -4.000 0.2000000030
11441  39.480  -77.949  -3.026 0.2000000030
13022  40.029  -76.509  -5.284 0.1000000015
11466  38.535  -77.899  -3.841 0.2000000030
14594  39.982  -75.181  -5.354 0.2000000030
13801  39.090  -75.810  -5.458 0.1000000015
13783  39.347  -75.296  -4.481 0.1000000015
9941  38.740  -80.712  -0.568 0.1000000015
9956  40.052  -80.395  -1.620 0.1000000015
10699  38.726  -79.050  -1.386 0.1000000015
14593  40.494  -75.074  -5.251 0.2000000030
14585  40.496  -74.556  -4.877 0.2000000030
14578  40.368  -74.000  -4.350 0.2000000030
14586  39.878  -74.789  -4.830 0.2000000030
14579  39.777  -74.506  -3.976 0.1000000015
14580  39.151  -75.080  -3.564 0.2000000030
10698  39.740  -79.308  -1.528 0.1000000015
10697  40.420  -79.669  -1.896 0.1000000015
11417  40.180  -78.705  -2.069 0.1000000015
12204  40.252  -77.607  -3.395 0.2000000030
13020  41.176  -75.904  -4.482 0.2000000030
13021  40.523  -76.247  -4.891 0.3000000119
15393  40.014  -73.319  -3.491 0.3000000119
15374  39.061  -73.346  -2.849 0.2000000030
14567  38.525  -74.569  -2.812 0.2000000030
13775  37.867  -75.729  -2.860 0.2000000030
14584  41.135  -74.528  -4.893 0.3000000119
12230  40.458  -76.972  -4.164 0.2000000030
16236  40.224  -72.402  -3.409 0.3000000119
17949  39.634  -70.906  -3.029 0.3000000119
17950  38.981  -70.461  -2.626 0.3000000119
16217  39.552  -72.393  -2.894 0.3000000119
16218  38.606  -72.535  -2.351 0.2000000030
14568  37.573  -74.667  -2.056 0.2000000030
18931  40.576  -69.284  -3.292 0.4000000060
17099  40.911  -71.472  -4.002 0.3000000119
17100  40.236  -71.473  -3.405 0.3000000119
15404  41.002  -73.324  -4.677 0.2000000030
15392  40.588  -73.266  -4.168 0.2000000030
17069  38.351  -70.986  -2.149 0.3000000119
15375  38.005  -73.427  -2.023 0.2000000030
17086  38.151  -71.887  -2.007 0.2000000030
14550  37.207  -73.988  -1.517 0.2000000030
18918  39.976  -69.084  -2.800 0.3000000119
17961  39.963  -70.355  -3.121 0.3000000119
17939  37.979  -70.243  -2.129 0.2000000030
16208  36.680  -72.200  -1.072 0.2000000030
17070  37.591  -71.238  -1.757 0.2000000030
16193  36.257  -72.436  -0.684 0.1000000015
16207  37.438  -72.416  -1.554 0.2000000030
15357  35.913  -73.858  -0.738 0.2000000030
15356  36.741  -73.238  -0.966 0.2000000030
14569  36.950  -74.661  -1.679 0.2000000030
19895  38.827  -68.435  -2.317 0.3000000119
18920  38.212  -69.150  -2.178 0.3000000119
18919  39.124  -69.365  -2.611 0.3000000119
19882  37.689  -68.406  -1.689 0.2000000030
18905  37.367  -69.364  -1.702 0.3000000119
19883  36.978  -68.712  -1.428 0.2000000030
17951  38.536  -69.801  -2.421 0.3000000119
17940  36.815  -70.389  -1.371 0.1000000015
16194  35.579  -72.338  -0.417 0.1000000015
17048  36.112  -71.396  -0.759 0.1000000015
18890  36.131  -69.604  -0.768 0.1000000015
15337  36.021  -73.051  -0.462 0.1000000015
20912  39.212  -67.390  -2.478 0.3000000119
19881  38.431  -67.866  -1.868 0.2000000030
20899  37.710  -67.290  -1.359 0.2000000030
20885  37.347  -66.838  -0.825 0.2000000030
22946  37.282  -65.632  0.272 0.1000000015
21908  36.699  -66.647  -0.131 0.1000000015
20886  36.577  -67.308  -0.484 0.1000000015
18906  36.703  -69.314  -1.275 0.1000000015
17919  35.377  -70.334  -0.209 0.1000000015
17049  35.181  -71.530  -0.201 0.1000000015
21921  38.397  -66.555  -1.604 0.2000000030
22947  36.705  -66.056  0.387 0.1000000015
21895  36.260  -66.652  0.329 0.1000000015
20875  36.121  -67.177  0.093 0.1000000015
20876  35.610  -67.617  0.517 0.1000000015
20887  35.987  -68.187  -0.297 0.1000000015
19858  35.174  -68.660  0.597 0.1000000015
18877  35.279  -69.402  0.234 0.1000000015
18891  35.667  -69.378  -0.233 0.1000000015
23921  35.709  -65.055  2.084 0.1000000015
19849  34.604  -68.611  0.986 0.1000000015
17900  34.492  -70.359  0.541 0.1000000015
23920  36.294  -65.052  1.699 0.1000000015
10677  37.195  -79.398  -0.693 0.1000000015
9213  38.997  -81.905  -0.785 0.1000000015
12268  39.078  -76.756  -5.399 0.1000000015
16044  39.796  -73.077  8.704 0.5000000000
16036  40.281  -73.021  9.838 0.5000000000
16037  39.251  -72.693  9.430 0.5000000000
16038  38.459  -72.239  9.163 0.5000000000
16891  37.862  -71.908  8.810 0.5000000000
16019  43.357  -71.713  11.143 0.2000000030
16029  42.640  -72.297  10.851 0.2000000030
16884  42.069  -72.009  11.096 0.3000000119
16030  41.654  -72.496  10.726 0.3000000119
16031  40.699  -72.377  10.895 0.5000000000
16032  39.655  -72.652  10.437 0.5000000000
16022  39.158  -72.383  10.958 0.5000000000
16033  38.734  -72.382  10.146 0.5000000000
16880  38.179  -72.016  11.128 0.5000000000
16887  37.862  -72.062  9.779 0.5000000000
16900  37.397  -71.503  8.275 0.5000000000
16901  36.255  -71.209  8.739 0.5000000000
16919  37.784  -71.906  7.461 0.5000000000
16094  38.068  -72.741  6.126 0.5000000000
16876  42.432  -71.305  11.422 0.3000000119
16877  41.358  -71.225  11.597 0.3000000119
16021  39.967  -72.313  11.190 0.5000000000
16889  36.370  -71.380  10.751 0.5000000000
16893  36.407  -71.318  9.792 0.5000000000
16920  36.816  -71.529  7.614 0.5000000000
12860  39.641  -76.234  5.416 0.4000000060
13638  38.004  -75.441  5.621 0.5000000000
13637  39.193  -75.283  4.885 0.5000000000
15241  37.723  -73.386  5.865 0.5000000000
16075  37.544  -72.691  6.485 0.5000000000
12078  39.300  -76.819  5.791 0.4000000060
16875  43.643  -70.972  11.560 0.3000000119
17763  41.871  -70.302  11.892 0.4000000060
17764  40.667  -70.328  11.848 0.4000000060
16879  39.390  -71.924  11.584 0.5000000000
17750  38.409  -70.536  12.172 0.5000000000
16863  37.854  -71.259  11.980 0.5000000000
16881  37.006  -71.412  11.511 0.5000000000
16864  37.301  -71.091  12.053 0.5000000000
17766  36.206  -70.933  11.948 0.5000000000
17776  35.790  -71.089  11.197 0.5000000000
17784  35.752  -71.103  10.332 0.5000000000
16058  36.465  -72.551  7.397 0.6000000238
14431  38.380  -74.321  5.197 0.5000000000
15218  37.332  -73.120  6.323 0.5000000000
15197  36.430  -73.122  7.262 0.5000000000
11301  39.697  -78.663  6.611 0.4000000060
12062  40.228  -77.769  6.313 0.4000000060
12861  38.668  -76.438  5.744 0.5000000000
16809  43.666  -71.660  15.002 0.1000000015
16828  43.257  -70.794  14.516 0.1000000015
17723  42.747  -69.924  14.234 0.1000000015
17722  43.672  -70.168  13.926 0.1000000015
18674  42.947  -69.500  13.761 0.1000000015
18675  42.291  -68.976  14.030 0.1000000015
18687  43.329  -69.651  13.267 0.1000000015
18688  42.596  -69.007  13.432 0.1000000015
19664  42.175  -68.518  13.670 0.1000000015
17762  42.873  -70.185  11.995 0.2000000030
17747  43.263  -69.931  12.539 0.1000000015
16861  39.796  -71.095  12.000 0.5000000000
18716  41.563  -69.162  12.007 0.4000000060
17751  37.486  -70.495  12.166 0.5000000000
17752  36.651  -70.273  12.255 0.5000000000
17753  35.857  -70.190  12.335 0.5000000000
17767  35.299  -70.480  11.761 0.5000000000
16902  35.125  -71.248  8.583 0.5000000000
15242  36.810  -74.069  5.950 0.5000000000
12063  39.040  -77.526  6.225 0.4000000060
9844  39.969  -80.504  6.122 0.5000000000
15099  43.461  -73.626  18.078 0.1000000015
15961  43.564  -72.720  16.563 0.1000000015
15979  42.872  -72.338  15.773 0.1000000015
16829  42.221  -70.653  14.676 0.1000000015
16830  41.300  -70.582  14.826 0.1000000015
16810  42.549  -71.522  15.028 0.1000000015
18676  41.400  -68.988  14.416 0.1000000015
20643  39.868  -66.878  12.444 0.2000000030
21651  39.431  -66.223  12.783 0.2000000030
17746  43.887  -70.140  12.850 0.1000000015
19678  42.244  -68.469  13.156 0.1000000015
19665  41.748  -68.087  13.417 0.1000000015
20642  40.405  -67.252  12.791 0.2000000030
18697  42.505  -69.217  12.640 0.2000000030
19679  41.629  -68.155  12.640 0.1000000015
19698  40.973  -68.071  11.905 0.2000000030
19699  39.879  -68.117  11.657 0.2000000030
21668  39.538  -66.708  12.073 0.2000000030
21669  38.797  -66.036  11.687 0.2000000030
18717  40.419  -69.046  11.724 0.2000000030
18719  38.458  -69.010  11.699 0.3000000119
19681  37.386  -68.947  11.871 0.4000000060
18702  37.214  -69.549  12.128 0.5000000000
16059  35.303  -72.589  7.693 0.5000000000
18703  36.271  -69.449  12.356 0.4000000060
15243  33.956  -73.780  6.360 0.5000000000
16077  33.844  -73.028  6.865 0.5000000000
16060  34.096  -72.622  7.381 0.5000000000
14413  35.383  -74.642  6.650 0.5000000000
14392  35.195  -74.024  7.138 0.5000000000
15198  35.906  -73.378  7.432 0.5000000000
17785  35.163  -70.810  10.063 0.5000000000
17777  35.138  -70.801  10.882 0.5000000000
13639  36.908  -75.609  5.712 0.5000000000
14434  35.730  -75.045  6.177 0.5000000000
14412  36.200  -74.376  6.430 0.5000000000
16922  34.663  -71.813  8.013 0.5000000000
12847  38.170  -77.138  6.091 0.5000000000
15220  35.932  -74.038  6.991 0.5000000000
16921  35.790  -71.716  7.945 0.6000000238
14432  37.303  -74.601  5.491 0.5000000000
10560  39.358  -79.741  6.382 0.4000000060
15100  42.325  -73.508  18.083 0.1000000015
15939  42.999  -73.165  17.295 0.1000000015
15940  42.028  -73.122  17.200 0.1000000015
15941  41.118  -72.898  17.080 0.1000000015
15965  39.701  -72.200  16.678 0.1000000015
15962  42.655  -72.802  16.640 0.1000000015
15963  41.854  -72.607  16.411 0.1000000015
15980  41.755  -72.036  15.625 0.1000000015
16831  40.733  -70.535  14.938 0.1000000015
17725  40.877  -69.865  14.729 0.1000000015
18677  40.470  -69.020  14.694 0.1000000015
20609  40.222  -67.335  14.203 0.1000000015
20608  41.098  -67.757  13.801 0.1000000015
21632  40.048  -66.809  13.916 0.2000000030
22696  39.228  -65.992  13.331 0.2000000030
20625  41.111  -67.677  13.166 0.1000000015
21650  39.971  -66.743  13.390 0.2000000030
19700  38.878  -68.144  11.337 0.3000000119
20662  38.241  -67.148  11.231 0.3000000119
19701  37.672  -68.321  11.533 0.3000000119
21670  37.397  -65.927  11.043 0.2000000030
19682  36.868  -68.776  11.991 0.4000000060
21671  36.380  -66.490  11.021 0.3000000119
20644  35.374  -67.960  12.005 0.4000000060
20664  36.014  -67.480  11.676 0.4000000060
16959  32.921  -71.558  5.962 0.5000000000
16944  32.733  -71.055  6.719 0.5000000000
16923  33.568  -71.440  7.641 0.5000000000
18705  34.457  -68.993  12.131 0.5000000000
19786  32.858  -69.116  5.741 0.5000000000
19764  32.844  -68.635  6.007 0.5000000000
18768  32.617  -69.656  7.118 0.5000000000
17805  32.831  -70.606  7.455 0.5000000000
16904  33.719  -70.909  8.136 0.6000000238
18722  33.949  -69.560  11.434 0.5000000000
18721  34.669  -70.042  11.820 0.5000000000
19748  32.801  -68.705  6.922 0.5000000000
18767  32.803  -69.264  7.702 0.5000000000
18755  32.820  -69.881  7.801 0.6000000238
16903  34.191  -71.118  8.365 0.5000000000
17795  35.226  -71.007  9.332 0.5000000000
17797  33.603  -70.526  8.681 0.5000000000
17796  34.436  -70.845  9.062 0.5000000000
9123  40.220  -81.830  5.643 0.4000000060
9845  39.146  -80.720  6.180 0.4000000060
10559  40.542  -79.621  6.169 0.4000000060
16778  37.407  -71.436  17.370 0.1000000015
15966  39.136  -72.231  16.958 0.1000000015
17692  38.031  -70.535  15.923 0.1000000015
15964  40.761  -72.261  16.240 0.1000000015
16813  39.567  -70.996  15.503 0.1000000015
16814  38.809  -70.652  15.632 0.1000000015
16793  39.944  -71.730  15.927 0.1000000015
17707  39.431  -69.998  15.196 0.1000000015
17708  38.563  -69.847  15.487 0.1000000015
19633  39.215  -68.494  15.120 0.1000000015
20610  39.415  -67.254  14.555 0.1000000015
22679  38.744  -66.157  14.060 0.2000000030
22697  38.878  -65.892  13.583 0.2000000030
22720  38.810  -65.522  12.767 0.2000000030
21652  38.942  -65.693  12.300 0.2000000030
22741  38.554  -65.384  12.080 0.2000000030
25860  40.123  -62.390  7.559 0.2000000030
24850  38.495  -63.342  7.169 0.2000000030
25862  37.976  -62.360  7.151 0.2000000030
25863  36.912  -62.376  7.154 0.2000000030
25864  35.931  -62.444  7.410 0.2000000030
24851  37.455  -63.297  6.987 0.2000000030
23839  35.915  -64.210  7.266 0.2000000030
23840  34.643  -64.251  7.686 0.2000000030
24854  34.652  -63.146  8.000 0.3000000119
23813  33.462  -64.625  8.892 0.2000000030
23786  33.386  -64.879  9.833 0.4000000060
22828  36.560  -65.025  7.083 0.2000000030
22829  35.529  -65.098  7.158 0.3000000119
22831  33.875  -65.654  7.719 0.4000000060
22809  33.844  -65.006  7.944 0.3000000119
22788  33.131  -65.665  9.480 0.4000000060
21697  33.237  -66.595  10.097 0.5000000000
21673  34.360  -66.628  11.428 0.4000000060
19684  34.971  -68.385  12.195 0.5000000000
21804  34.271  -66.946  5.556 0.5000000000
21775  34.616  -66.319  6.515 0.4000000060
21755  34.290  -66.041  7.034 0.4000000060
21756  33.805  -66.272  7.335 0.4000000060
20717  33.064  -67.575  8.622 0.5000000000
21714  33.115  -66.642  9.060 0.5000000000
19704  34.086  -68.382  11.985 0.5000000000
21776  33.598  -66.848  6.331 0.5000000000
20737  33.062  -67.420  7.349 0.5000000000
19734  32.860  -68.518  8.098 0.5000000000
18754  33.020  -69.589  8.507 0.5000000000
17787  33.931  -70.491  9.424 0.5000000000
18747  33.922  -70.269  9.784 0.5000000000
18735  33.910  -70.036  10.264 0.5000000000
17666  35.848  -70.985  17.893 0.1000000015
16763  36.632  -71.585  18.240 0.1000000015
16779  36.502  -71.071  17.489 0.1000000015
18644  36.047  -69.526  16.740 0.1000000015
17693  37.098  -70.025  16.276 0.1000000015
18643  36.818  -69.175  16.173 0.1000000015
18660  37.480  -69.133  15.841 0.1000000015
19619  36.464  -68.530  16.252 0.1000000015
19635  37.835  -68.199  15.644 0.1000000015
20597  37.516  -67.319  15.589 0.1000000015
19634  38.830  -68.251  15.254 0.1000000015
21601  37.986  -66.613  15.087 0.2000000030
22659  37.401  -66.120  14.944 0.2000000030
22680  38.150  -66.054  14.279 0.2000000030
22721  37.986  -65.126  12.274 0.2000000030
22742  37.779  -64.891  11.477 0.2000000030
26888  39.642  -61.222  7.743 0.1000000015
26889  38.459  -61.427  7.474 0.2000000030
21694  36.930  -65.292  10.746 0.2000000030
26869  39.969  -60.630  8.209 0.1000000015
27826  36.871  -60.815  7.883 0.1000000015
26891  36.410  -61.564  7.609 0.1000000015
24824  33.925  -63.573  8.709 0.1000000015
24825  33.605  -64.046  9.086 0.2000000030
21672  35.356  -66.429  11.280 0.3000000119
21696  35.910  -66.015  10.976 0.2000000030
25836  34.489  -62.804  8.488 0.1000000015
24804  33.701  -64.057  9.607 0.1000000015
22744  34.744  -65.947  11.159 0.2000000030
20697  33.179  -67.562  9.697 0.5000000000
20681  33.393  -67.498  10.665 0.5000000000
19705  33.551  -68.375  11.195 0.5000000000
19727  33.132  -68.681  9.325 0.5000000000
18736  33.480  -69.263  10.302 0.5000000000
18748  33.510  -69.861  9.503 0.5000000000
17667  35.036  -70.590  18.399 0.1000000015
18636  34.581  -69.256  17.822 0.1000000015
19609  34.781  -68.614  17.393 0.1000000015
18635  35.197  -69.709  17.555 0.1000000015
19608  35.280  -68.990  17.207 0.1000000015
19621  34.975  -67.872  16.917 0.1000000015
19620  35.591  -68.461  16.774 0.1000000015
21582  35.932  -66.784  16.166 0.1000000015
20583  35.424  -67.426  16.573 0.1000000015
21602  36.785  -66.729  15.711 0.1000000015
22681  37.045  -65.582  14.272 0.2000000030
22699  36.927  -65.246  13.459 0.2000000030
22698  37.884  -65.558  13.278 0.2000000030
23700  37.148  -64.942  12.654 0.2000000030
23764  37.302  -64.031  10.971 0.2000000030
22765  37.180  -64.789  10.800 0.2000000030
27792  39.958  -59.856  9.153 0.1000000015
27809  39.377  -60.142  8.440 0.1000000015
26870  35.976  -61.229  8.041 0.1000000015
25835  34.937  -62.108  8.564 0.1000000015
23766  35.696  -64.266  10.613 0.1000000015
22766  36.433  -64.896  10.679 0.2000000030
26871  35.557  -61.318  8.485 0.1000000015
25816  34.389  -62.692  9.051 0.1000000015
24784  34.198  -63.899  10.284 0.1000000015
23768  33.803  -64.623  10.459 0.2000000030
22768  34.288  -65.288  10.984 0.2000000030
22767  35.415  -65.427  10.916 0.2000000030
18623  33.572  -69.189  18.805 0.1000000015
19587  34.214  -68.903  17.923 0.1000000015
20545  32.499  -67.483  18.922 0.1000000015
19610  34.058  -68.251  17.695 0.1000000015
21546  32.660  -66.726  18.254 0.1000000015
21565  33.490  -66.580  17.570 0.1000000015
21583  34.856  -66.601  16.641 0.1000000015
20584  34.869  -67.346  16.799 0.1000000015
23659  35.576  -65.210  14.935 0.1000000015
22682  36.139  -65.348  14.503 0.1000000015
23678  36.357  -65.180  13.919 0.1000000015
23722  37.308  -64.286  11.815 0.2000000030
24741  37.069  -63.852  11.590 0.2000000030
24780  37.166  -63.726  11.181 0.2000000030
24781  36.673  -63.406  10.934 0.1000000015
27746  40.872  -60.694  11.226 0.1000000015
28756  39.350  -59.795  10.404 0.1000000015
28778  38.240  -59.561  9.522 0.1000000015
27811  37.248  -60.071  8.681 0.1000000015
23765  36.614  -64.061  10.711 0.2000000030
28779  37.310  -59.623  9.383 0.1000000015
27794  36.557  -59.956  9.457 0.1000000015
27812  36.189  -60.678  8.542 0.1000000015
25815  34.981  -62.225  9.645 0.1000000015
24803  34.411  -63.241  9.715 0.1000000015
24783  34.950  -63.604  10.448 0.2000000030
22610  32.258  -65.569  18.474 0.1000000015
22628  32.592  -65.312  17.820 0.1000000015
22627  33.223  -65.267  17.348 0.1000000015
22641  34.600  -65.271  16.319 0.1000000015
23660  34.785  -64.541  15.260 0.1000000015
23679  35.535  -64.791  14.167 0.1000000015
23701  36.228  -64.725  13.217 0.2000000030
24719  35.053  -63.247  13.075 0.1000000015
23724  35.942  -64.256  12.749 0.1000000015
24743  35.848  -63.693  12.278 0.2000000030
24742  36.749  -63.906  11.864 0.2000000030
24760  35.807  -63.141  11.660 0.1000000015
24759  36.652  -63.594  11.454 0.2000000030
27749  37.767  -59.831  11.797 0.1000000015
28740  37.286  -59.561  10.982 0.1000000015
27750  36.540  -60.152  11.555 0.1000000015
26812  35.763  -61.285  11.266 0.1000000015
25781  35.625  -62.406  11.461 0.1000000015
25780  36.089  -63.171  11.218 0.1000000015
27747  39.832  -60.192  11.165 0.1000000015
28738  39.002  -59.741  10.967 0.1000000015
28758  37.767  -59.442  10.228 0.1000000015
28741  36.744  -59.756  10.801 0.1000000015
27751  35.996  -60.605  10.698 0.1000000015
26833  35.533  -61.235  10.132 0.1000000015
25798  35.495  -62.291  10.621 0.1000000015
24782  35.814  -63.312  10.656 0.1000000015
28759  36.920  -59.549  10.140 0.1000000015
27772  35.970  -60.440  10.030 0.1000000015
23636  32.436  -64.454  17.856 0.1000000015
23635  33.007  -64.411  17.224 0.1000000015
23646  33.681  -64.390  16.677 0.1000000015
23645  34.344  -64.409  16.104 0.1000000015
24688  34.522  -63.455  14.966 0.1000000015
24720  34.803  -63.619  13.680 0.1000000015
27703  37.175  -60.177  13.288 0.1000000015
27704  36.502  -60.552  13.554 0.1000000015
26785  35.956  -61.011  12.981 0.1000000015
26759  35.339  -61.671  13.308 0.1000000015
27702  38.020  -60.091  13.132 0.1000000015
27728  36.612  -60.523  12.708 0.1000000015
26786  35.537  -61.594  12.249 0.1000000015
25763  35.306  -62.594  12.416 0.1000000015
27701  38.991  -60.368  13.130 0.1000000015
27726  38.407  -60.185  12.484 0.1000000015
27727  37.396  -60.091  12.561 0.1000000015
26811  36.028  -60.888  12.160 0.1000000015
25706  34.262  -62.515  15.513 0.1000000015
26736  34.882  -61.870  14.965 0.1000000015
25721  34.621  -62.702  14.591 0.1000000015
26735  35.418  -61.293  14.394 0.1000000015
25740  34.698  -62.910  13.787 0.1000000015
28711  37.598  -59.633  13.594 0.1000000015
27682  36.889  -59.901  13.951 0.1000000015
27683  36.145  -60.250  14.276 0.1000000015
25739  34.942  -62.479  13.289 0.1000000015
28710  38.482  -59.549  13.387 0.1000000015
16886  41.034  -71.786  11.301 0.4000000060
17794  35.770  -71.083  9.609 0.5000000000
16878  40.461  -71.708  11.571 0.4000000060
18699  39.791  -69.818  11.914 0.4000000060
19649  41.776  -68.342  13.989 0.1000000015
18715  42.232  -69.673  12.123 0.2000000030
18700  38.917  -69.746  11.998 0.4000000060
18720  37.760  -69.124  11.830 0.4000000060
16811  41.560  -71.334  15.097 0.1000000015
20660  40.117  -67.379  12.079 0.3000000119
22719  39.115  -65.836  13.147 0.2000000030
19680  40.971  -67.732  12.469 0.2000000030
20659  40.634  -67.605  12.304 0.2000000030
20661  39.320  -67.212  11.539 0.3000000119
18718  39.415  -68.976  11.637 0.3000000119
19702  36.661  -68.027  11.724 0.3000000119
16061  33.447  -72.155  7.193 0.5000000000
15942  40.255  -72.686  17.152 0.1000000015
16812  40.586  -71.195  15.252 0.1000000015
17726  40.147  -69.708  14.907 0.1000000015
17706  40.214  -70.405  15.065 0.1000000015
19651  39.670  -68.250  14.806 0.1000000015
19650  40.834  -68.222  14.354 0.1000000015
20626  40.480  -67.256  13.561 0.1000000015
21617  39.697  -66.829  14.171 0.1000000015
21633  39.426  -66.329  13.736 0.2000000030
20663  37.070  -67.309  11.067 0.3000000119
20665  34.860  -67.533  11.916 0.4000000060
17837  32.652  -70.299  5.960 0.5000000000
18785  32.605  -69.621  6.519 0.5000000000
18822  33.474  -69.640  4.923 0.5000000000
21805  33.608  -67.358  5.601 0.5000000000
16795  37.550  -70.936  16.522 0.1000000015
16794  38.663  -71.584  16.500 0.1000000015
17709  37.853  -69.737  15.738 0.1000000015
18658  39.121  -69.005  15.227 0.1000000015
18659  38.284  -69.027  15.541 0.1000000015
20611  38.916  -67.170  14.738 0.1000000015
25861  39.045  -62.354  7.388 0.2000000030
24852  36.406  -63.296  7.123 0.2000000030
24853  35.415  -63.301  7.499 0.2000000030
25865  35.140  -62.527  7.837 0.1000000015
23838  36.963  -64.195  6.995 0.2000000030
22769  33.549  -65.642  10.483 0.4000000060
22846  35.322  -65.776  6.756 0.5000000000
22827  37.490  -65.055  6.961 0.2000000030
22830  34.498  -65.562  7.283 0.4000000060
21737  33.223  -66.710  8.132 0.5000000000
22810  33.385  -65.779  8.334 0.5000000000
20666  33.802  -67.461  11.533 0.5000000000
22745  34.027  -65.986  11.123 0.3000000119
21774  35.768  -66.257  6.172 0.5000000000
22845  36.183  -65.661  6.664 0.5000000000
17681  35.489  -70.438  17.746 0.1000000015
17680  35.975  -70.352  17.239 0.1000000015
17694  36.458  -70.180  16.758 0.1000000015
19618  37.107  -68.591  15.916 0.1000000015
20582  36.327  -67.501  16.190 0.1000000015
20581  37.016  -67.904  15.878 0.1000000015
20596  38.453  -67.272  15.142 0.1000000015
26890  37.410  -61.502  7.429 0.1000000015
27825  37.841  -60.695  7.856 0.1000000015
17668  34.408  -70.427  18.900 0.1000000015
18622  34.205  -69.723  18.511 0.1000000015
20566  34.352  -67.434  17.256 0.1000000015
21603  36.106  -66.357  15.755 0.1000000015
22660  36.249  -65.829  15.228 0.2000000030
23723  36.539  -64.317  12.370 0.2000000030
27791  40.577  -60.214  9.421 0.1000000015
28799  38.616  -59.709  8.892 0.1000000015
27810  38.291  -60.123  8.401 0.1000000015
23767  34.693  -64.468  10.706 0.2000000030
26852  35.336  -61.385  9.179 0.1000000015
19588  33.564  -68.556  18.348 0.1000000015
19563  33.139  -68.796  19.074 0.1000000015
19589  32.886  -68.189  18.768 0.1000000015
21531  32.114  -66.539  19.174 0.1000000015
20544  32.996  -67.653  18.299 0.1000000015
21545  33.140  -67.159  17.948 0.1000000015
21566  32.758  -65.918  17.819 0.1000000015
21564  34.220  -66.611  17.172 0.1000000015
22626  34.109  -65.882  17.082 0.1000000015
22640  35.534  -66.009  15.986 0.1000000015
22661  35.321  -65.395  15.538 0.1000000015
23680  34.712  -64.083  14.135 0.1000000015
25797  35.902  -62.955  10.997 0.1000000015
27769  40.702  -60.296  10.347 0.1000000015
28757  38.641  -59.591  10.285 0.1000000015
28800  37.865  -59.717  8.926 0.1000000015
27795  35.763  -60.687  9.364 0.1000000015
24802  35.098  -62.887  10.232 0.1000000015
22642  33.900  -65.195  16.864 0.1000000015
23702  35.303  -64.094  13.328 0.1000000015
27748  38.778  -60.026  11.673 0.1000000015
28739  38.228  -59.542  11.054 0.1000000015
24664  32.873  -63.539  17.125 0.1000000015
24677  33.534  -63.532  16.552 0.1000000015
24676  34.156  -63.519  16.002 0.1000000015
24701  34.603  -63.359  14.226 0.1000000015
26758  35.897  -60.958  13.838 0.1000000015
25720  34.940  -62.138  14.058 0.1000000015
26734  35.784  -60.762  14.332 0.1000000015
27684  35.537  -60.449  14.733 0.1000000015
28696  37.163  -59.032  14.066 0.1000000015
29730  37.933  -58.817  13.685 0.1000000015
15157  45.299  -73.049  9.932 0.1000000015
15165  45.664  -73.536  9.089 0.1000000015
15166  44.572  -73.428  9.294 0.1000000015
15167  43.517  -73.494  9.484 0.1000000015
15159  43.101  -73.007  10.219 0.1000000015
16027  44.822  -72.451  10.649 0.1000000015
15156  46.400  -73.196  9.868 0.2000000030
15177  45.787  -74.049  8.291 0.2000000030
15178  44.778  -73.909  8.530 0.1000000015
14367  44.889  -74.455  7.748 0.2000000030
15179  43.895  -73.828  8.828 0.1000000015
15160  42.071  -73.062  10.332 0.1000000015
14366  45.832  -74.521  7.618 0.2000000030
15168  42.388  -73.603  9.590 0.2000000030
14368  43.646  -74.370  8.042 0.2000000030
15180  42.900  -74.062  8.822 0.2000000030
15161  41.489  -72.957  10.271 0.3000000119
15169  41.225  -73.317  9.613 0.3000000119
14369  42.355  -74.418  8.009 0.2000000030
14408  45.099  -75.250  6.222 0.2000000030
15181  41.547  -73.990  8.550 0.2000000030
14409  44.174  -75.166  6.090 0.2000000030
12059  44.809  -77.556  6.581 0.1000000015
14387  45.912  -74.873  6.887 0.2000000030
14389  43.895  -74.840  6.982 0.2000000030
14388  45.055  -74.862  6.917 0.2000000030
15182  40.560  -73.513  8.631 0.3000000119
15170  40.441  -73.324  9.222 0.4000000060
12072  45.155  -76.817  6.293 0.1000000015
14407  45.775  -75.376  6.422 0.1000000015
14390  42.672  -74.686  7.105 0.2000000030
15194  41.234  -74.083  7.646 0.2000000030
12058  45.317  -76.966  7.017 0.1000000015
13632  45.118  -75.914  5.386 0.2000000030
13619  45.137  -75.621  5.719 0.2000000030
11297  44.173  -78.073  5.994 0.1000000015
11310  44.084  -77.872  5.277 0.2000000030
12073  44.545  -77.152  5.418 0.1000000015
13620  44.367  -75.485  5.371 0.2000000030
14411  41.741  -74.367  6.365 0.2000000030
15215  41.027  -73.957  6.850 0.2000000030
12857  44.601  -76.317  4.819 0.1000000015
15237  40.988  -73.801  6.054 0.4000000060
16045  38.907  -72.295  8.371 0.4000000060
13634  43.599  -75.477  4.463 0.3000000119
13621  43.568  -75.260  5.244 0.3000000119
13633  44.339  -75.879  4.539 0.2000000030
13652  44.194  -75.921  3.256 0.4000000060
15217  39.838  -72.751  6.567 0.4000000060
16898  38.629  -72.031  7.917 0.4000000060
14410  42.783  -74.939  5.811 0.3000000119
13654  42.654  -75.614  3.860 0.4000000060
26865  42.709  -61.715  8.532 0.1000000015
26887  40.644  -61.662  7.852 0.1000000015
16940  39.003  -72.069  7.176 0.4000000060
15238  40.385  -73.409  5.582 0.4000000060
16073  39.243  -72.243  6.406 0.5000000000
14449  41.813  -75.002  4.552 0.4000000060
14427  42.243  -74.854  4.902 0.3000000119
14428  41.399  -74.327  5.266 0.4000000060
14429  40.390  -73.924  4.833 0.4000000060
25833  42.312  -62.089  8.013 0.1000000015
25832  43.323  -62.321  8.372 0.1000000015
25859  41.271  -62.293  7.700 0.1000000015
16941  38.476  -72.055  6.932 0.4000000060
16074  38.310  -72.325  6.368 0.5000000000
16092  39.486  -72.737  5.646 0.5000000000
16942  37.878  -72.137  6.808 0.5000000000
25858  42.047  -62.888  7.633 0.1000000015
24848  40.567  -63.433  7.456 0.1000000015
23833  41.873  -64.635  7.650 0.1000000015
24847  41.516  -63.587  7.550 0.1000000015
23836  38.967  -64.363  7.206 0.1000000015
16028  43.735  -72.329  10.659 0.1000000015
15158  44.177  -72.924  10.013 0.1000000015
16026  45.950  -72.616  10.642 0.1000000015
16017  45.422  -71.972  11.361 0.1000000015
16046  38.314  -72.099  8.576 0.4000000060
24849  39.530  -63.388  7.349 0.1000000015
15163  47.219  -73.972  9.480 0.1000000015
15195  40.512  -73.519  7.553 0.3000000119
16056  39.581  -72.697  7.464 0.4000000060
16072  39.985  -72.679  5.938 0.4000000060
16016  46.519  -72.188  11.350 0.1000000015
9746  35.735  -80.207  13.145 0.1000000015
8992  35.987  -81.095  13.577 0.1000000015
8973  37.366  -81.514  14.896 0.1000000015
9731  37.693  -80.303  14.962 0.1000000015
9770  35.042  -80.272  12.583 0.1000000015
9787  33.833  -80.332  12.010 0.1000000015
8993  35.318  -81.179  13.017 0.1000000015
4264  31.482  -88.724  16.566 0.1000000015
11203  31.066  -78.831  12.885 0.1000000015
11245  30.732  -78.977  11.438 0.1000000015
10445  37.389  -79.700  14.551 0.1000000015
11244  31.378  -78.757  11.491 0.1000000015
9745  36.374  -80.236  13.827 0.1000000015
10500  32.926  -79.660  11.497 0.1000000015
9721  38.119  -80.906  15.374 0.1000000015
3704  31.274  -89.390  17.562 0.1000000015
4876  30.968  -87.713  16.059 0.1000000015
5493  31.732  -87.040  15.928 0.1000000015
3683  32.499  -89.280  18.081 0.1000000015
3714  31.833  -89.484  16.903 0.1000000015
6158  31.997  -85.993  15.481 0.1000000015
8960  31.325  -81.717  14.636 0.1000000015
10464  30.968  -79.405  13.428 0.1000000015
10463  35.978  -79.235  13.498 0.1000000015
10485  34.558  -79.506  12.269 0.1000000015
10461  37.463  -79.133  14.383 0.1000000015
9720  38.969  -81.021  15.518 0.1000000015
4875  31.924  -87.981  16.305 0.1000000015
6138  32.205  -86.595  15.899 0.1000000015
3682  33.575  -89.150  18.422 0.1000000015
3702  33.029  -89.414  17.653 0.1000000015
3703  32.153  -89.654  17.524 0.1000000015
4874  32.787  -88.049  16.439 0.1000000015
6137  32.739  -86.220  16.046 0.1000000015
7505  32.354  -83.837  15.449 0.1000000015
8228  32.395  -82.724  15.187 0.1000000015
8229  31.573  -82.643  14.757 0.1000000015
8959  32.085  -81.732  14.912 0.1000000015
10431  32.049  -80.002  14.663 0.1000000015
10447  31.406  -79.865  14.030 0.1000000015
11185  31.771  -78.897  14.194 0.1000000015
11981  31.695  -78.127  13.353 0.1000000015
11225  33.727  -78.263  12.191 0.1000000015
10462  36.794  -79.299  14.178 0.1000000015
10484  35.279  -79.189  12.783 0.1000000015
11224  34.585  -78.394  12.595 0.1000000015
11241  34.089  -78.914  11.987 0.1000000015
10444  38.026  -79.447  14.644 0.1000000015
9730  38.569  -80.140  15.186 0.1000000015
6802  33.129  -85.119  16.265 0.1000000015
3663  33.865  -89.133  19.079 0.1000000015
3701  33.953  -89.187  17.786 0.1000000015
3712  33.345  -89.214  17.296 0.1000000015
4262  33.166  -88.857  16.793 0.1000000015
5491  33.196  -87.073  16.442 0.1000000015
6136  33.525  -86.066  16.544 0.1000000015
8217  33.480  -82.841  16.236 0.1000000015
8958  32.822  -81.671  15.288 0.1000000015
10430  32.743  -79.792  15.216 0.1000000015
3662  34.200  -89.169  18.944 0.1000000015
3700  34.414  -89.162  17.911 0.1000000015
4251  33.919  -88.696  17.270 0.1000000015
4863  33.618  -87.945  16.805 0.1000000015
5479  33.981  -86.924  16.913 0.1000000015
9723  32.467  -80.789  15.035 0.1000000015
10446  31.877  -79.410  14.433 0.1000000015
11958  31.997  -77.933  14.246 0.1000000015
11959  31.699  -78.437  13.880 0.1000000015
12771  32.364  -77.274  14.040 0.1000000015
11997  32.550  -77.564  12.667 0.1000000015
11980  32.308  -77.408  13.453 0.1000000015
11977  34.829  -77.176  13.331 0.1000000015
11996  33.394  -77.623  12.509 0.1000000015
11200  36.372  -78.289  13.629 0.1000000015
11201  35.346  -78.217  13.155 0.1000000015
11202  34.739  -77.775  12.998 0.1000000015
11199  37.445  -78.432  13.912 0.1000000015
11183  38.298  -78.818  14.148 0.1000000015
9729  39.654  -80.274  15.172 0.1000000015
10442  40.413  -79.621  14.579 0.1000000015
10443  39.135  -79.374  14.548 0.1000000015
7471  34.203  -84.477  17.384 0.1000000015
7488  33.748  -84.087  16.970 0.1000000015
4217  34.003  -89.072  19.648 0.1000000015
4215  35.321  -88.433  19.151 0.1000000015
4231  35.274  -88.474  18.436 0.1000000015
4249  35.342  -88.177  18.104 0.1000000015
5478  34.722  -86.660  17.597 0.1000000015
6801  33.711  -85.224  16.858 0.1000000015
8227  33.048  -82.414  15.607 0.1000000015
9722  33.173  -80.714  15.510 0.1000000015
4232  34.826  -88.955  18.659 0.1000000015
4250  34.831  -88.794  17.775 0.1000000015
10427  33.422  -79.696  15.857 0.1000000015
11173  32.227  -78.924  14.822 0.1000000015
11172  32.942  -78.729  15.529 0.1000000015
11950  32.512  -77.857  15.106 0.1000000015
12769  33.936  -76.404  13.769 0.1000000015
12770  32.782  -76.758  13.879 0.1000000015
11975  36.901  -77.555  13.278 0.1000000015
11994  36.708  -76.842  12.838 0.1000000015
11976  35.881  -77.071  13.233 0.1000000015
11978  34.107  -77.368  12.882 0.1000000015
11974  37.715  -77.741  13.068 0.1000000015
11198  38.452  -78.313  13.234 0.1000000015
10458  41.136  -79.278  13.685 0.1000000015
4810  35.583  -87.676  20.468 0.1000000015
4811  34.637  -87.867  20.565 0.1000000015
4200  34.353  -88.514  19.896 0.1000000015
4845  35.675  -87.571  18.660 0.1000000015
4199  35.106  -88.333  19.956 0.1000000015
5477  35.103  -86.946  17.902 0.1000000015
6108  34.906  -85.242  17.811 0.1000000015
7470  34.398  -84.037  17.644 0.1000000015
8216  34.100  -82.841  17.008 0.1000000015
8946  33.924  -81.784  16.610 0.1000000015
9710  33.753  -80.716  16.215 0.1000000015
8940  34.428  -81.899  17.345 0.1000000015
9709  34.303  -80.806  16.990 0.1000000015
11164  33.672  -78.633  16.192 0.1000000015
11949  33.217  -77.589  15.783 0.1000000015
12745  33.432  -76.707  15.353 0.1000000015
12755  33.202  -76.656  14.584 0.1000000015
13531  34.729  -75.751  13.894 0.1000000015
12754  33.840  -76.194  14.827 0.1000000015
12768  35.028  -76.263  13.435 0.1000000015
11993  37.452  -77.090  12.557 0.1000000015
10460  39.037  -78.815  13.793 0.1000000015
10459  39.987  -78.804  13.940 0.1000000015
6775  35.474  -84.557  18.686 0.1000000015
7456  35.299  -83.606  18.800 0.1000000015
4828  35.858  -87.644  19.653 0.1000000015
4844  36.244  -86.954  19.299 0.1000000015
5462  35.389  -86.497  18.236 0.1000000015
6107  35.285  -85.369  18.220 0.1000000015
8195  34.927  -83.004  18.407 0.1000000015
8194  35.376  -82.671  18.830 0.1000000015
6776  34.919  -84.639  18.023 0.1000000015
8928  34.912  -81.978  18.146 0.1000000015
10406  35.087  -80.132  18.290 0.1000000015
11163  34.314  -78.583  16.938 0.1000000015
11939  33.974  -77.583  16.444 0.1000000015
12739  33.752  -76.855  15.991 0.1000000015
12744  34.017  -76.258  15.588 0.1000000015
13512  35.914  -75.179  14.110 0.1000000015
13514  34.441  -75.767  14.509 0.1000000015
13545  36.887  -75.688  12.880 0.1000000015
12777  36.397  -76.210  12.921 0.1000000015
13530  35.442  -75.614  13.706 0.1000000015
12776  37.179  -76.300  12.542 0.1000000015
12775  38.286  -76.510  12.155 0.1000000015
11992  38.407  -77.550  12.208 0.1000000015
6086  37.648  -85.349  19.735 0.1000000015
4790  36.194  -87.095  20.886 0.1000000015
5443  37.523  -85.928  19.897 0.1000000015
6087  36.809  -85.469  19.238 0.1000000015
6755  36.191  -84.534  19.240 0.1000000015
7440  35.785  -83.488  19.301 0.1000000015
4791  35.238  -87.408  21.353 0.1000000015
4827  36.512  -86.903  19.777 0.1000000015
5444  36.993  -86.269  19.508 0.1000000015
6106  35.906  -85.415  18.792 0.1000000015
8927  35.435  -81.489  18.886 0.1000000015
9683  34.944  -80.799  18.260 0.1000000015
11152  34.814  -78.384  17.670 0.1000000015
11938  34.564  -77.497  17.113 0.1000000015
12738  34.481  -76.462  16.419 0.1000000015
13474  35.158  -75.555  15.951 0.1000000015
13492  34.834  -75.432  15.118 0.1000000015
14312  36.422  -74.950  14.487 0.1000000015
13544  37.675  -75.683  12.688 0.1000000015
13529  36.288  -75.530  13.441 0.1000000015
12788  39.402  -76.728  11.402 0.1000000015
5425  37.547  -85.949  20.139 0.1000000015
6754  37.372  -84.553  19.521 0.1000000015
7439  36.754  -83.434  19.772 0.1000000015
5426  37.066  -86.382  20.268 0.1000000015
8908  36.020  -81.501  19.630 0.1000000015
9667  35.685  -80.535  19.229 0.1000000015
9682  35.298  -80.487  18.651 0.1000000015
10405  35.357  -79.516  18.636 0.1000000015
11151  35.378  -78.202  18.347 0.1000000015
11922  35.139  -77.378  17.740 0.1000000015
12737  35.459  -76.120  16.721 0.1000000015
12727  35.020  -76.748  17.168 0.1000000015
13473  36.230  -75.515  16.141 0.1000000015
14311  36.794  -74.818  14.594 0.1000000015
14294  36.431  -74.964  14.868 0.1000000015
13527  38.167  -75.332  13.322 0.1000000015
14323  36.510  -75.046  13.907 0.1000000015
13528  37.170  -75.155  13.546 0.1000000015
12774  39.137  -76.096  12.004 0.1000000015
12802  40.051  -76.747  10.942 0.1000000015
12023  40.880  -77.584  10.514 0.1000000015
6066  37.814  -85.431  20.311 0.1000000015
6085  38.178  -85.077  20.038 0.1000000015
7424  37.493  -82.949  19.951 0.1000000015
8180  36.471  -82.354  19.967 0.1000000015
9666  36.305  -80.634  19.871 0.1000000015
7425  36.922  -82.775  20.023 0.1000000015
10394  36.027  -79.644  19.534 0.1000000015
11904  36.007  -77.679  18.680 0.1000000015
11921  35.864  -77.192  18.130 0.1000000015
12726  35.729  -76.625  17.463 0.1000000015
12736  36.215  -76.119  16.979 0.1000000015
13509  38.642  -75.303  14.138 0.1000000015
13490  36.804  -74.920  15.163 0.1000000015
13511  37.246  -74.845  14.414 0.1000000015
13542  39.550  -75.611  12.410 0.1000000015
13565  39.908  -75.922  11.633 0.1000000015
12787  40.248  -76.318  11.005 0.1000000015
12799  42.254  -76.350  9.973 0.1000000015
12809  43.339  -76.874  9.269 0.1000000015
6736  38.390  -84.727  20.368 0.1000000015
6065  38.190  -85.096  20.286 0.1000000015
7437  38.804  -83.602  19.731 0.1000000015
8179  38.320  -82.979  19.840 0.1000000015
9651  37.515  -80.960  20.257 0.1000000015
10377  37.224  -80.478  20.265 0.1000000015
7438  37.946  -83.727  19.658 0.1000000015
8158  37.053  -82.277  20.227 0.1000000015
11131  36.565  -79.030  19.606 0.1000000015
11142  35.975  -78.505  19.163 0.1000000015
11903  36.716  -77.601  19.031 0.1000000015
12725  36.775  -76.424  17.858 0.1000000015
13472  37.327  -75.369  16.066 0.1000000015
14330  44.780  -75.130  12.538 0.1000000015
14331  43.670  -75.069  12.475 0.1000000015
14332  42.657  -74.848  12.431 0.1000000015
14321  41.979  -74.742  13.198 0.1000000015
13525  40.181  -75.280  13.120 0.1000000015
13488  39.095  -75.370  15.104 0.1000000015
13489  37.928  -75.117  15.015 0.1000000015
13537  44.340  -75.249  11.732 0.1000000015
14348  43.207  -75.042  11.836 0.1000000015
14333  41.864  -74.932  12.443 0.1000000015
13508  39.742  -75.352  14.132 0.1000000015
13536  45.340  -75.106  11.515 0.1000000015
13560  44.781  -75.276  10.851 0.1000000015
13561  43.694  -75.299  11.131 0.1000000015
13563  41.936  -75.383  11.140 0.1000000015
13541  40.470  -75.371  12.135 0.1000000015
13526  39.137  -75.446  13.258 0.1000000015
13559  45.670  -75.162  10.690 0.1000000015
13576  42.866  -75.644  10.317 0.1000000015
13564  40.862  -75.624  11.157 0.1000000015
13597  45.730  -75.894  8.537 0.1000000015
13584  42.934  -76.312  9.660 0.1000000015
12808  44.411  -76.809  8.828 0.1000000015
7422  39.602  -83.327  20.378 0.1000000015
7423  39.103  -84.038  20.058 0.1000000015
7436  39.410  -83.309  19.890 0.1000000015
8178  39.127  -82.712  19.702 0.1000000015
8156  38.390  -82.280  19.874 0.1000000015
8881  38.678  -81.736  19.805 0.1000000015
10376  37.654  -80.360  20.168 0.1000000015
10393  36.919  -79.870  20.095 0.1000000015
11130  37.305  -78.811  19.786 0.1000000015
11141  36.704  -78.371  19.448 0.1000000015
12705  36.839  -76.977  18.567 0.1000000015
13454  37.711  -75.751  17.010 0.1000000015
13487  40.272  -75.442  15.165 0.1000000015
13471  38.410  -75.500  16.061 0.1000000015
14320  42.966  -74.717  13.361 0.1000000015
13507  41.124  -75.062  14.078 0.1000000015
14319  44.008  -74.822  13.486 0.1000000015
14352  46.873  -74.632  10.233 0.1000000015
13573  46.348  -75.070  10.131 0.1000000015
8177  40.153  -82.778  19.716 0.1000000015
9665  38.856  -80.948  19.704 0.1000000015
9664  39.727  -80.893  19.478 0.1000000015
8906  39.532  -81.832  19.645 0.1000000015
10391  38.931  -79.928  19.803 0.1000000015
10392  37.895  -79.661  20.044 0.1000000015
11129  38.318  -78.841  19.852 0.1000000015
11882  37.765  -78.030  19.695 0.1000000015
12704  37.556  -76.863  18.834 0.1000000015
12724  38.102  -76.079  17.982 0.1000000015
13469  40.675  -75.608  16.250 0.1000000015
13452  39.924  -75.715  17.145 0.1000000015
13453  38.820  -75.771  17.041 0.1000000015
14309  43.132  -74.777  14.527 0.1000000015
14318  45.119  -74.753  13.514 0.1000000015
14329  46.004  -74.682  12.314 0.1000000015
8176  40.843  -82.178  19.721 0.1000000015
8905  40.379  -81.747  19.487 0.1000000015
10390  39.988  -79.942  19.343 0.1000000015
11881  38.675  -77.908  19.548 0.1000000015
12681  38.398  -77.092  19.239 0.1000000015
12703  38.692  -76.551  18.705 0.1000000015
12723  39.236  -75.980  17.998 0.1000000015
13486  41.441  -75.273  15.378 0.1000000015
14346  47.004  -74.387  11.446 0.1000000015
14355  47.293  -74.122  9.927 0.1000000015
10389  41.017  -80.017  19.396 0.1000000015
11127  40.417  -79.005  19.621 0.1000000015
11880  39.761  -78.026  19.476 0.1000000015
11128  39.349  -78.927  19.677 0.1000000015
11901  39.228  -77.168  19.214 0.1000000015
13468  41.834  -75.421  16.463 0.1000000015
13485  42.727  -75.145  15.536 0.1000000015
14351  47.379  -73.956  10.774 0.1000000015
15155  47.207  -73.505  10.223 0.1000000015
11126  41.494  -79.089  19.403 0.1000000015
11879  40.850  -78.000  19.449 0.1000000015
11899  40.808  -77.281  19.195 0.1000000015
11900  40.199  -77.227  19.193 0.1000000015
12701  40.977  -76.580  18.840 0.1000000015
12702  39.746  -76.507  18.733 0.1000000015
12722  40.284  -75.907  18.133 0.1000000015
13451  41.071  -75.678  17.410 0.1000000015
14327  47.603  -73.632  12.233 0.1000000015
14317  46.151  -74.426  13.626 0.1000000015
14292  43.112  -74.896  15.128 0.1000000015
15153  47.670  -73.291  11.280 0.1000000015
11878  41.957  -78.102  19.179 0.1000000015
12700  42.147  -76.557  18.722 0.1000000015
12679  41.804  -77.180  19.057 0.1000000015
13449  43.313  -75.827  17.801 0.1000000015
13434  42.615  -76.001  18.263 0.1000000015
13466  43.940  -75.463  16.956 0.1000000015
12721  40.976  -75.899  18.221 0.1000000015
13450  42.240  -75.619  17.504 0.1000000015
14328  47.154  -73.878  12.678 0.1000000015
14308  44.311  -74.692  14.526 0.1000000015
14291  43.584  -74.860  15.276 0.1000000015
16024  47.530  -72.860  11.034 0.1000000015
14307  45.393  -74.592  14.616 0.1000000015
13435  41.673  -75.884  18.277 0.1000000015
13484  43.688  -75.131  16.121 0.1000000015
14289  45.849  -74.656  15.603 0.1000000015
14290  44.673  -74.802  15.712 0.1000000015
13467  42.951  -75.463  16.714 0.1000000015
10448  30.637  -79.988  13.563 0.1000000015
11186  31.437  -78.906  13.638 0.1000000015
11998  32.028  -77.728  12.933 0.1000000015
11228  30.696  -78.730  12.015 0.1000000015
11227  31.765  -78.159  12.309 0.1000000015
8974  36.587  -81.216  14.156 0.1000000015
11243  32.379  -78.703  11.535 0.1000000015
9732  37.004  -80.363  14.484 0.1000000015
11242  33.343  -78.842  11.716 0.1000000015
9771  34.220  -80.494  12.247 0.1000000015
10499  33.816  -79.779  11.868 0.1000000015
3715  31.220  -89.121  16.975 0.1000000015
4263  32.311  -88.879  16.603 0.1000000015
6822  32.477  -84.860  15.670 0.1000000015
9724  31.765  -80.894  14.759 0.1000000015
9733  31.169  -80.853  14.429 0.1000000015
11223  35.091  -78.601  12.851 0.1000000015
5492  32.422  -87.177  16.150 0.1000000015
6157  32.607  -85.537  15.827 0.1000000015
8218  32.867  -83.150  15.705 0.1000000015
7489  32.952  -83.958  16.115 0.1000000015
11995  33.974  -77.892  12.520 0.1000000015
11226  32.868  -78.034  11.985 0.1000000015
8947  33.409  -81.682  15.878 0.1000000015
4862  34.509  -87.830  17.206 0.1000000015
12756  32.571  -77.202  14.524 0.1000000015
11979  33.087  -76.937  13.066 0.1000000015
6788  34.133  -85.004  17.277 0.1000000015
4216  34.614  -88.813  19.410 0.1000000015
5463  34.886  -85.872  17.992 0.1000000015
6120  34.118  -85.903  17.114 0.1000000015
10426  34.130  -79.692  16.565 0.1000000015
12746  32.887  -77.108  15.135 0.1000000015
12767  35.751  -76.072  13.242 0.1000000015
5461  36.177  -86.395  18.977 0.1000000015
7487  34.197  -83.476  17.342 0.1000000015
7457  34.817  -83.821  18.299 0.1000000015
8207  34.510  -82.995  17.758 0.1000000015
10417  34.744  -79.760  17.663 0.1000000015
12789  38.683  -77.025  11.698 0.1000000015
11222  39.058  -78.223  12.452 0.1000000015
11197  39.458  -78.609  13.092 0.1000000015
4809  36.291  -87.207  20.219 0.1000000015
9698  34.633  -81.038  17.688 0.1000000015
13513  35.142  -75.340  14.353 0.1000000015
11991  39.292  -77.890  11.819 0.1000000015
8181  35.891  -82.496  19.485 0.1000000015
10416  35.033  -78.954  18.092 0.1000000015
13491  35.859  -75.190  15.021 0.1000000015
13543  38.625  -75.732  12.572 0.1000000015
12009  39.625  -77.534  11.313 0.1000000015
6753  38.315  -84.497  19.787 0.1000000015
13455  36.843  -75.802  16.831 0.1000000015
13578  40.915  -76.235  10.586 0.1000000015
12801  40.544  -76.785  10.572 0.1000000015
12800  41.505  -76.791  10.130 0.1000000015
12035  42.176  -77.162  9.861 0.1000000015
8883  37.280  -81.583  20.295 0.1000000015
11920  36.412  -77.137  18.472 0.1000000015
12810  42.572  -76.839  9.639 0.1000000015
13577  41.688  -75.947  10.491 0.1000000015
13583  43.769  -76.096  9.481 0.1000000015
8882  37.948  -81.626  20.043 0.1000000015
11902  37.381  -77.550  19.319 0.1000000015
14349  42.698  -75.003  11.866 0.1000000015
13524  41.145  -75.027  12.808 0.1000000015
13562  42.756  -75.205  11.344 0.1000000015
13540  41.394  -75.195  11.910 0.1000000015
14347  46.319  -74.884  10.958 0.1000000015
13575  44.206  -75.436  10.065 0.1000000015
13598  45.147  -76.381  8.594 0.1000000015
13470  39.535  -75.622  16.112 0.1000000015
14310  42.246  -74.687  14.017 0.1000000015
13506  42.109  -74.889  14.754 0.1000000015
12682  37.923  -77.414  19.421 0.1000000015
14345  47.541  -73.742  11.759 0.1000000015
15239  39.820  -73.300  5.241 0.4000000060
12873  42.554  -76.454  3.736 0.3000000119
13655  41.410  -75.408  4.397 0.3000000119
14450  40.936  -74.663  4.531 0.3000000119
14430  39.468  -74.067  4.886 0.4000000060
15240  38.950  -73.362  5.404 0.4000000060
13656  40.531  -75.195  4.467 0.3000000119
6277  39.457  -85.609  5.393 0.1000000015
7616  39.677  -83.823  4.913 0.2000000030
9124  39.208  -81.715  5.622 0.3000000119
13640  35.991  -75.631  5.817 0.4000000060
13671  43.490  -75.858  2.912 0.3000000119
10561  38.596  -79.982  6.125 0.4000000060
11302  38.364  -78.803  6.118 0.4000000060
8365  39.950  -82.710  5.309 0.2000000030
12064  38.046  -77.776  6.213 0.4000000060
12863  36.312  -76.414  5.663 0.4000000060
6278  38.508  -85.511  5.683 0.1000000015
12848  37.748  -77.306  6.081 0.4000000060
5629  38.643  -86.098  4.888 0.1000000015
13623  34.861  -75.065  6.367 0.5000000000
7627  38.588  -84.155  4.321 0.2000000030
8366  38.994  -82.777  5.101 0.3000000119
9859  38.467  -80.734  5.616 0.3000000119
11303  37.719  -78.211  6.005 0.4000000060
14435  33.885  -74.188  5.827 0.4000000060
16078  33.403  -72.590  6.553 0.4000000060
10574  38.079  -79.687  5.498 0.4000000060
11313  37.917  -79.019  5.491 0.4000000060
12080  36.487  -77.419  5.336 0.4000000060
12081  35.734  -76.785  5.306 0.4000000060
12864  35.474  -76.207  5.610 0.5000000000
5646  38.067  -86.344  4.128 0.2000000030
6292  38.979  -85.952  4.612 0.2000000030
6938  38.619  -85.439  4.068 0.2000000030
8376  38.390  -82.950  4.528 0.2000000030
6937  39.244  -85.194  4.651 0.2000000030
9873  38.089  -80.337  4.745 0.3000000119
5630  37.921  -86.022  4.755 0.1000000015
11314  37.347  -78.465  5.211 0.4000000060
9142  38.222  -81.694  4.745 0.3000000119
10586  37.826  -79.611  4.771 0.4000000060
11315  36.640  -77.993  4.809 0.4000000060
12865  34.780  -76.007  5.554 0.5000000000
14452  33.688  -74.307  4.974 0.5000000000
15244  33.595  -73.381  5.801 0.4000000060
11326  37.228  -78.773  4.151 0.4000000060
12094  35.566  -77.081  4.694 0.4000000060
12876  35.062  -76.507  5.077 0.5000000000
13658  34.063  -75.161  4.581 0.5000000000
14453  33.597  -73.607  5.140 0.4000000060
6293  38.540  -86.076  4.235 0.2000000030
7628  38.018  -83.677  3.807 0.2000000030
9143  37.820  -82.438  4.184 0.4000000060
9161  37.717  -82.619  3.609 0.2000000030
9160  37.897  -81.749  3.498 0.4000000060
9882  38.081  -80.667  3.781 0.3000000119
12891  34.837  -76.439  4.164 0.5000000000
15253  33.765  -73.334  4.520 0.5000000000
16108  33.616  -72.535  4.813 0.4000000060
16095  33.333  -72.465  5.481 0.4000000060
10601  37.503  -79.151  4.008 0.4000000060
11327  36.684  -78.279  4.244 0.4000000060
12892  34.363  -75.679  4.180 0.5000000000
7649  38.309  -84.770  3.638 0.2000000030
6324  38.099  -85.995  2.617 0.2000000030
7650  38.042  -84.074  3.397 0.2000000030
16972  33.478  -71.505  4.815 0.4000000060
8404  37.816  -83.074  2.737 0.2000000030
10600  37.813  -79.642  3.913 0.3000000119
11343  37.006  -78.383  3.431 0.4000000060
12110  36.288  -77.742  3.411 0.4000000060
5661  37.789  -86.441  3.163 0.2000000030
6976  38.125  -84.258  2.730 0.2000000030
9171  37.861  -82.534  2.917 0.3000000119
9894  38.389  -80.878  2.976 0.4000000060
17836  32.900  -70.439  5.349 0.4000000060
12910  35.263  -76.379  3.217 0.5000000000
14468  34.237  -74.307  3.921 0.5000000000
20786  33.494  -67.860  5.437 0.4000000060
5678  37.838  -86.519  2.587 0.2000000030
6959  38.209  -85.360  3.248 0.2000000030
11359  37.587  -78.354  2.672 0.4000000060
15268  34.306  -73.165  3.869 0.5000000000
16971  34.083  -71.507  4.319 0.4000000060
5697  37.447  -86.985  1.726 0.2000000030
6975  38.193  -84.941  2.305 0.2000000030
8403  38.257  -82.971  2.201 0.2000000030
10620  38.394  -79.764  2.855 0.4000000060
13689  35.421  -75.570  2.731 0.5000000000
14467  34.875  -74.392  3.333 0.5000000000
5044  36.481  -87.271  2.327 0.2000000030
11341  37.954  -79.332  3.272 0.3000000119
12127  35.749  -77.067  2.981 0.5000000000
13672  34.769  -75.334  3.474 0.5000000000
16107  34.011  -72.277  4.207 0.5000000000
5698  36.608  -87.010  1.635 0.2000000030
21803  35.264  -66.807  5.546 0.4000000060
22844  37.091  -65.612  6.622 0.2000000030
19784  33.876  -68.317  4.833 0.4000000060
18821  34.275  -69.749  4.471 0.4000000060
9170  38.583  -81.790  2.381 0.4000000060
16982  34.620  -71.465  3.913 0.4000000060
18840  34.595  -70.270  4.212 0.4000000060
5712  37.899  -86.378  1.270 0.2000000030
7683  39.021  -83.440  1.527 0.2000000030
8418  38.959  -82.576  1.709 0.2000000030
6340  38.237  -85.669  1.413 0.2000000030
20783  35.623  -67.208  4.708 0.4000000060
18820  34.822  -69.189  4.252 0.4000000060
19822  35.378  -68.947  3.934 0.4000000060
11360  36.858  -77.914  2.774 0.3000000119
14482  35.494  -74.442  2.713 0.5000000000
15267  35.066  -73.434  3.283 0.5000000000
17874  34.778  -70.644  3.989 0.4000000060
9893  38.983  -80.522  2.302 0.4000000060
11358  38.059  -78.987  2.893 0.4000000060
11374  37.885  -77.836  1.987 0.3000000119
12126  36.436  -77.170  2.425 0.4000000060
10638  38.788  -79.468  2.227 0.4000000060
14481  36.093  -74.398  2.143 0.5000000000
6994  38.898  -84.486  1.122 0.2000000030
20808  35.163  -68.058  4.322 0.4000000060
16981  35.147  -71.780  3.458 0.5000000000
16991  35.692  -71.758  3.089 0.5000000000
12143  36.950  -76.936  1.746 0.4000000060
13688  36.082  -75.246  2.090 0.5000000000
15288  35.667  -73.540  2.735 0.5000000000
14494  36.678  -74.339  1.738 0.5000000000
13701  36.884  -75.345  1.451 0.5000000000
14451  40.082  -74.671  4.576 0.4000000060
12862  37.419  -76.661  5.969 0.4000000060
20784  34.811  -67.373  4.885 0.4000000060
19806  34.325  -68.603  4.563 0.4000000060
15287  36.254  -73.580  2.226 0.5000000000
11324  42.248  -78.311  4.536 0.3000000119
12092  42.009  -77.630  4.624 0.3000000119
12858  41.127  -76.982  5.158 0.2000000030
12859  40.597  -76.452  5.141 0.2000000030
10571  42.507  -79.886  5.244 0.2000000030
10572  41.549  -79.545  5.417 0.3000000119
10558  41.139  -79.088  6.077 0.3000000119
11300  40.736  -78.582  6.377 0.3000000119
9857  41.837  -80.732  5.304 0.2000000030
9107  40.832  -80.932  5.478 0.2000000030
10573  40.971  -80.072  5.652 0.2000000030
7615  40.586  -83.461  5.282 0.2000000030
6325  35.126  -86.509  2.118 0.1000000015
6977  34.944  -85.774  2.098 0.1000000015
10696  41.379  -79.941  -1.720 0.1000000015
12074  43.992  -77.639  4.702 0.1000000015
12874  41.699  -76.555  4.471 0.2000000030
11323  42.788  -78.423  4.372 0.2000000030
12091  42.670  -77.282  4.035 0.2000000030
11298  43.654  -78.776  6.421 0.1000000015
10556  43.139  -79.383  5.857 0.1000000015
10570  43.056  -79.345  5.135 0.2000000030
10548  43.282  -79.480  7.247 0.1000000015
10549  42.701  -80.208  6.943 0.1000000015
5662  37.326  -86.810  3.417 0.1000000015
5681  35.797  -87.107  2.356 0.1000000015
7730  39.857  -83.802  -0.807 0.1000000015
7707  40.292  -83.068  -0.538 0.1000000015
9195  40.788  -81.630  -0.250 0.1000000015
9925  40.885  -80.699  0.174 0.1000000015
7750  39.650  -83.549  -1.243 0.1000000015
8459  40.780  -82.206  -0.928 0.1000000015
9924  41.312  -80.498  -0.471 0.1000000015
11386  40.780  -78.672  0.383 0.1000000015
9938  41.395  -81.073  -0.984 0.1000000015
12157  41.538  -78.069  -0.507 0.1000000015
12173  41.262  -76.855  -0.566 0.1000000015
12960  41.700  -76.330  -0.735 0.1000000015
13740  41.152  -75.449  -0.599 0.1000000015
11311  43.518  -78.554  5.089 0.2000000030
9909  39.727  -80.619  1.668 0.1000000015
12141  38.335  -77.508  1.282 0.3000000119
7011  38.678  -85.146  0.479 0.1000000015
7010  39.443  -84.550  0.054 0.1000000015
7682  39.546  -83.743  0.911 0.1000000015
9181  39.967  -81.597  1.300 0.1000000015
11387  39.707  -78.989  0.815 0.2000000030
12140  39.134  -78.164  1.124 0.3000000119
13721  37.904  -75.489  0.798 0.3000000119
14510  37.927  -74.870  0.905 0.3000000119
6995  36.123  -85.460  1.324 0.1000000015
6376  38.182  -85.474  -0.060 0.1000000015
9180  40.473  -81.571  0.567 0.1000000015
10657  40.498  -79.751  0.754 0.1000000015
13720  38.818  -75.504  0.395 0.3000000119
7731  39.092  -83.767  -0.864 0.1000000015
13718  40.439  -75.459  -0.320 0.2000000030
14508  39.301  -74.519  0.342 0.3000000119
14507  40.391  -74.453  -0.188 0.2000000030
15317  39.671  -73.469  0.397 0.4000000060
13739  42.044  -75.481  -0.955 0.1000000015
14525  41.176  -74.534  -0.486 0.1000000015
15336  41.320  -73.677  -0.411 0.3000000119
15164  46.759  -73.831  8.851 0.1000000015
14386  46.175  -75.211  6.934 0.1000000015
16990  36.372  -71.742  2.702 0.4000000060
15306  36.766  -73.662  1.846 0.4000000060
13700  37.392  -75.413  1.105 0.3000000119
14493  37.586  -74.584  1.139 0.4000000060
15305  37.252  -73.606  1.574 0.4000000060
15318  38.850  -73.704  0.670 0.4000000060
16173  38.946  -72.532  0.814 0.4000000060
16172  39.952  -72.464  0.436 0.5000000000
15316  40.470  -73.161  0.037 0.3000000119
16171  40.425  -72.431  0.068 0.5000000000
14523  42.564  -74.578  -1.227 0.2000000030
14524  41.783  -74.569  -0.741 0.1000000015
16192  40.973  -72.475  -0.366 0.4000000060
13761  42.714  -75.503  -1.642 0.1000000015
14522  43.088  -73.839  -1.535 0.1000000015
16190  42.542  -73.124  -0.843 0.2000000030
16191  41.966  -72.822  -0.702 0.2000000030
12228  42.115  -76.695  -3.074 0.1000000015
13773  42.731  -75.453  -2.461 0.1000000015
15354  43.210  -72.990  -1.408 0.2000000030
13008  42.346  -75.955  -3.078 0.1000000015
17887  36.063  -71.115  3.040 0.4000000060
17873  35.416  -70.853  3.500 0.3000000119
17886  36.588  -70.744  2.674 0.4000000060
16153  37.503  -72.430  1.745 0.4000000060
16130  36.766  -72.494  2.281 0.4000000060
16152  38.230  -72.489  1.258 0.4000000060
17005  37.602  -71.322  1.785 0.4000000060
17022  39.537  -71.599  0.575 0.4000000060
17023  38.942  -71.584  0.830 0.4000000060
17896  40.187  -71.024  -0.032 0.5000000000
17047  40.937  -71.490  -0.695 0.4000000060
16206  42.007  -72.299  -1.114 0.3000000119
17046  41.544  -72.026  -0.871 0.4000000060
17068  41.375  -71.451  -1.119 0.4000000060
15390  42.591  -73.257  -3.260 0.2000000030
15372  42.931  -73.167  -2.682 0.2000000030
17066  42.750  -71.450  -2.060 0.2000000030
14576  42.347  -74.073  -3.423 0.1000000015
14566  42.845  -74.129  -2.697 0.2000000030
11443  37.530  -78.643  -2.834 0.1000000015
18856  36.793  -69.659  2.477 0.4000000060
19834  36.319  -69.348  3.003 0.4000000060
17885  37.242  -70.579  2.111 0.4000000060
17889  38.395  -70.375  1.189 0.4000000060
17890  37.866  -70.493  1.617 0.4000000060
17898  38.982  -70.720  0.694 0.4000000060
17917  39.940  -69.957  -0.261 0.4000000060
18875  39.385  -69.607  0.264 0.4000000060
17916  40.390  -70.710  -0.429 0.3000000119
17937  41.227  -70.563  -1.367 0.4000000060
17948  42.907  -70.651  -2.588 0.3000000119
17935  42.669  -70.714  -2.236 0.3000000119
17067  41.941  -71.615  -1.450 0.4000000060
15391  42.189  -73.571  -3.796 0.2000000030
16248  42.301  -72.243  -4.213 0.2000000030
16215  42.978  -72.246  -2.749 0.2000000030
17065  43.013  -71.698  -2.400 0.2000000030
14577  41.846  -74.300  -4.020 0.2000000030
9995  37.258  -80.023  -3.767 0.1000000015
10731  37.543  -79.127  -3.659 0.1000000015
11487  38.159  -78.506  -4.351 0.1000000015
20826  35.737  -68.248  3.843 0.3000000119
19833  36.637  -68.619  2.831 0.4000000060
19820  36.392  -68.298  3.231 0.3000000119
19847  37.758  -68.730  1.792 0.4000000060
20874  38.797  -67.516  1.123 0.4000000060
18868  38.123  -69.572  1.480 0.4000000060
19855  39.047  -68.582  0.721 0.4000000060
18876  38.695  -69.583  0.919 0.4000000060
18889  39.795  -69.165  -0.392 0.4000000060
19880  40.689  -68.521  -1.550 0.4000000060
18888  40.404  -69.506  -0.959 0.3000000119
19890  43.453  -68.376  -3.563 0.3000000119
19891  43.027  -68.349  -2.992 0.3000000119
18916  42.600  -69.217  -2.668 0.3000000119
18903  41.936  -69.513  -2.175 0.3000000119
18904  41.090  -69.276  -1.719 0.3000000119
17115  41.428  -71.471  -4.375 0.2000000030
17114  42.146  -71.352  -4.418 0.2000000030
18945  43.140  -69.371  -4.245 0.3000000119
18928  43.322  -69.434  -3.806 0.2000000030
18902  42.608  -70.065  -2.414 0.3000000119
17936  42.258  -70.640  -1.881 0.3000000119
16249  41.659  -72.336  -4.522 0.2000000030
17958  43.195  -70.397  -3.479 0.2000000030
15403  41.760  -73.304  -4.297 0.2000000030
21827  36.323  -67.092  4.310 0.3000000119
21825  37.947  -66.221  4.470 0.3000000119
21840  36.305  -67.450  3.871 0.3000000119
20824  36.641  -67.935  3.125 0.4000000060
20825  36.235  -67.913  3.560 0.3000000119
21873  38.608  -66.792  1.801 0.3000000119
21852  38.991  -66.241  2.578 0.4000000060
21892  39.571  -66.723  0.622 0.4000000060
21893  39.056  -66.764  1.267 0.4000000060
20873  39.277  -67.720  0.436 0.4000000060
20883  40.314  -67.234  -0.754 0.3000000119
19867  39.521  -68.460  0.001 0.4000000060
20884  39.738  -67.479  -0.168 0.4000000060
21931  43.690  -66.095  -2.823 0.3000000119
20909  42.747  -67.312  -2.672 0.2000000030
21919  42.812  -66.183  -2.062 0.2000000030
21920  41.782  -66.643  -1.555 0.2000000030
20897  40.917  -67.413  -1.530 0.3000000119
19866  40.088  -68.240  -0.831 0.3000000119
21945  44.040  -66.913  -3.961 0.3000000119
20908  43.702  -67.260  -3.165 0.3000000119
19879  41.549  -68.197  -2.229 0.2000000030
17960  41.168  -70.540  -3.904 0.2000000030
19903  42.257  -68.431  -4.203 0.3000000119
19920  42.851  -68.223  -4.425 0.3000000119
20938  43.554  -67.678  -4.240 0.3000000119
21801  37.324  -66.241  5.298 0.3000000119
21802  36.319  -66.630  5.244 0.3000000119
21891  40.725  -66.445  0.347 0.3000000119
21903  43.214  -65.883  -1.353 0.2000000030
22962  43.652  -65.987  -0.890 0.2000000030
21905  41.048  -66.531  -0.762 0.2000000030
21890  41.825  -66.377  0.018 0.2000000030
22978  43.170  -65.473  -2.243 0.2000000030
21904  42.304  -66.237  -1.025 0.2000000030
21773  36.737  -66.094  6.051 0.2000000030
12229  41.477  -76.927  -3.602 0.1000000015
13009  41.912  -76.115  -3.893 0.1000000015
18930  41.802  -69.359  -4.002 0.3000000119
16250  41.242  -72.375  -4.498 0.2000000030
12076  40.766  -77.259  5.721 0.3000000119
12075  41.471  -77.721  5.352 0.3000000119
9108  40.415  -81.094  5.745 0.2000000030
15176  46.276  -74.297  8.158 0.1000000015
12107  44.067  -76.690  3.094 0.2000000030
12875  40.838  -75.829  4.551 0.2000000030
9182  39.331  -81.992  1.652 0.1000000015
11373  38.552  -78.703  2.054 0.3000000119
21772  37.634  -66.059  6.160 0.3000000119
8417  39.830  -82.779  1.031 0.1000000015
18838  35.840  -69.756  3.448 0.3000000119
10637  39.342  -79.610  1.736 0.3000000119
12921  37.805  -76.812  0.962 0.2000000030
11372  39.180  -78.864  1.435 0.2000000030
7708  39.992  -83.544  0.243 0.1000000015
10584  42.205  -79.221  4.519 0.2000000030
11312  41.636  -78.585  5.244 0.3000000119
9858  41.181  -80.572  5.461 0.2000000030
10674  41.494  -79.957  -1.062 0.1000000015
12090  43.385  -77.506  4.098 0.2000000030
7027  39.291  -84.339  -0.537 0.1000000015
7729  40.297  -82.991  -1.235 0.1000000015
8437  40.130  -83.005  0.486 0.1000000015
10656  41.369  -79.544  -0.056 0.1000000015
11385  41.384  -78.517  -0.195 0.1000000015
12940  40.479  -76.453  -0.330 0.1000000015
10636  40.017  -80.050  1.326 0.2000000030
12942  38.405  -76.507  0.640 0.3000000119
12159  39.909  -77.711  0.312 0.2000000030
12160  39.042  -77.274  0.735 0.3000000119
14509  38.284  -74.537  0.749 0.4000000060
15304  38.068  -73.499  1.098 0.4000000060
12941  39.402  -76.493  0.277 0.3000000119
13719  39.793  -75.480  0.008 0.3000000119
16989  37.083  -71.647  2.256 0.4000000060
17004  38.324  -71.492  1.261 0.4000000060
14565  43.077  -73.543  -2.392 0.2000000030
15371  43.246  -73.067  -2.272 0.2000000030
18869  37.491  -69.627  1.924 0.4000000060
17098  42.977  -71.477  -3.424 0.2000000030
19848  37.215  -68.747  2.245 0.4000000060
18915  42.966  -69.602  -3.052 0.3000000119
17947  43.316  -70.644  -2.951 0.2000000030
17113  42.713  -71.239  -3.882 0.2000000030
20843  37.703  -67.403  2.374 0.4000000060
20844  37.286  -67.729  2.624 0.4000000060
20860  37.940  -67.690  1.912 0.4000000060
18947  42.007  -69.787  -4.343 0.2000000030
18946  42.459  -69.251  -4.359 0.2000000030
21854  37.409  -67.097  3.100 0.4000000060
21906  40.230  -66.817  -0.166 0.4000000060
23990  42.431  -64.925  -2.389 0.2000000030
21918  43.490  -65.804  -1.934 0.2000000030
20896  41.873  -67.038  -2.190 0.2000000030
21853  37.949  -66.889  2.652 0.3000000119
21838  37.585  -66.627  3.595 0.2000000030
21836  39.664  -66.182  3.550 0.3000000119
21826  37.012  -66.553  4.380 0.2000000030
9122  41.117  -81.510  5.485 0.1000000015
8363  41.332  -82.426  5.897 0.1000000015
8364  40.789  -82.558  5.461 0.1000000015
12089  44.097  -76.797  3.962 0.1000000015
6916  41.020  -83.962  6.017 0.1000000015
7614  41.118  -83.282  5.661 0.1000000015
22843  37.888  -65.711  6.744 0.1000000015
22842  38.242  -65.829  6.898 0.1000000015
21753  39.865  -66.127  7.149 0.1000000015
21771  38.488  -66.170  6.562 0.1000000015
21800  38.284  -66.224  5.470 0.1000000015
21770  39.478  -66.458  6.611 0.1000000015
21799  39.294  -66.443  5.688 0.1000000015
21824  39.031  -66.207  4.592 0.1000000015
21837  38.519  -66.297  3.564 0.2000000030
20806  41.145  -67.256  5.115 0.2000000030
21851  40.083  -66.022  2.419 0.2000000030
20805  41.551  -67.366  4.538 0.2000000030
21822  41.147  -66.919  4.078 0.2000000030
21835  40.913  -66.465  3.355 0.2000000030
19804  42.287  -67.933  4.716 0.2000000030
21872  39.407  -66.333  1.640 0.2000000030
21871  40.369  -66.180  1.334 0.2000000030
21870  41.447  -66.217  1.050 0.2000000030
21869  42.471  -66.433  0.777 0.1000000015
19783  42.515  -68.255  5.184 0.2000000030
21850  41.157  -66.332  2.113 0.2000000030
21849  42.189  -66.629  1.751 0.1000000015
20859  43.028  -66.912  1.422 0.1000000015
22826  38.430  -65.370  7.033 0.1000000015
21754  39.084  -65.984  7.075 0.1000000015
22824  40.395  -65.418  7.320 0.1000000015
21769  40.235  -66.775  6.812 0.1000000015
20736  40.855  -67.056  6.853 0.1000000015
21823  40.427  -66.710  4.752 0.2000000030
20823  41.734  -67.154  3.644 0.2000000030
20925  40.928  -67.570  -3.506 0.2000000030
21947  42.636  -66.636  -4.057 0.2000000030
20924  41.942  -67.468  -3.965 0.2000000030
19905  40.564  -68.361  -3.321 0.2000000030
20911  40.256  -67.331  -3.022 0.2000000030
23005  42.587  -66.091  -3.660 0.2000000030
20910  40.819  -66.982  -3.391 0.2000000030
23006  41.976  -65.917  -3.378 0.2000000030
19894  39.764  -68.326  -2.780 0.2000000030
22988  43.387  -66.063  -3.607 0.2000000030
22990  41.098  -65.704  -3.112 0.1000000015
21933  40.045  -66.491  -2.735 0.2000000030
23991  41.666  -64.990  -2.681 0.2000000030
22989  42.626  -65.446  -3.114 0.2000000030
22980  39.619  -65.250  -1.962 0.1000000015
22979  40.587  -64.941  -2.474 0.1000000015
22964  38.485  -65.350  -0.904 0.1000000015
22982  38.214  -65.782  -1.052 0.1000000015
20781  41.790  -67.675  5.475 0.1000000015
23959  40.547  -63.963  -1.048 0.1000000015
23981  41.487  -64.358  -1.963 0.1000000015
22963  39.228  -64.990  -1.279 0.1000000015
23982  40.127  -64.543  -1.688 0.1000000015
23939  38.460  -64.440  -0.052 0.1000000015
24970  39.044  -64.144  -0.423 0.1000000015
24942  37.665  -63.894  1.438 0.1000000015
18798  43.877  -69.567  5.037 0.1000000015
19762  43.893  -69.142  6.397 0.1000000015
19782  43.080  -68.783  5.611 0.1000000015
22977  43.761  -65.442  -1.529 0.1000000015
23980  43.019  -64.553  -1.735 0.1000000015
23958  41.922  -63.971  -0.678 0.1000000015
24969  39.692  -63.787  -0.386 0.1000000015
23918  38.169  -64.239  0.688 0.1000000015
24941  38.640  -63.369  1.034 0.1000000015
18784  44.166  -69.581  5.684 0.1000000015
20804  42.405  -67.798  3.942 0.1000000015
23937  42.799  -63.985  0.317 0.1000000015
23979  43.991  -64.775  -1.263 0.1000000015
24937  42.213  -63.598  1.523 0.1000000015
23957  43.406  -64.239  -0.782 0.1000000015
24938  41.372  -63.244  1.641 0.1000000015
23938  41.991  -63.803  0.135 0.1000000015
24939  40.459  -62.721  1.827 0.1000000015
24954  40.687  -63.445  0.905 0.1000000015
24968  40.643  -63.690  -0.125 0.1000000015
26976  39.936  -61.703  3.055 0.1000000015
25971  40.170  -62.283  2.301 0.1000000015
24955  39.680  -63.461  0.450 0.1000000015
25972  39.576  -62.302  2.002 0.1000000015
18819  43.467  -69.172  4.290 0.1000000015
22976  44.407  -65.317  -1.099 0.1000000015
25951  41.023  -62.240  3.027 0.1000000015
24921  41.152  -62.657  2.478 0.1000000015
25952  40.476  -62.101  2.813 0.1000000015
22961  44.248  -65.924  -0.851 0.1000000015
21934  39.083  -66.346  -2.207 0.1000000015
24940  39.618  -62.901  1.277 0.1000000015
25973  38.675  -62.597  1.799 0.1000000015
23936  43.974  -64.387  -0.012 0.1000000015
11489  35.778  -78.799  -5.030 0.1000000015
12234  35.708  -78.005  -3.988 0.1000000015
11468  35.382  -78.568  -4.119 0.1000000015
10747  35.810  -79.833  -5.381 0.1000000015
9300  35.164  -82.110  -5.354 0.1000000015
7830  35.315  -83.959  -4.927 0.1000000015
7097  34.468  -85.014  -4.606 0.1000000015
12233  36.514  -77.516  -4.338 0.1000000015
12206  36.185  -77.264  -3.275 0.1000000015
10748  35.222  -80.028  -4.870 0.1000000015
10030  35.502  -81.439  -5.448 0.1000000015
12994  37.109  -76.573  -3.035 0.1000000015
13012  37.891  -76.244  -3.901 0.1000000015
13025  37.101  -77.362  -4.894 0.1000000015
11510  36.323  -79.491  -5.534 0.1000000015
12235  35.101  -78.384  -3.528 0.1000000015
13774  38.496  -75.427  -3.350 0.1000000015
13784  38.575  -75.754  -4.128 0.1000000015
12207  34.974  -77.616  -2.662 0.1000000015
13776  36.674  -75.477  -1.846 0.1000000015
13762  36.223  -75.113  -1.459 0.1000000015
12996  34.954  -76.862  -1.910 0.1000000015
12995  35.858  -76.434  -2.098 0.1000000015
13763  35.641  -75.348  -1.221 0.1000000015
13013  37.169  -76.920  -4.182 0.1000000015
6445  33.379  -85.829  -4.501 0.1000000015
3681  34.339  -89.205  18.238 0.1000000015
3713  32.691  -89.527  17.006 0.1000000015
4252  30.763  -89.016  17.367 0.1000000015
4861  35.192  -87.552  17.828 0.1000000015
5031  36.883  -87.275  2.853 0.2000000030
5032  36.199  -87.336  2.911 0.2000000030
5043  37.076  -87.294  2.199 0.2000000030
5045  36.088  -87.294  2.609 0.2000000030
5057  37.025  -87.245  1.836 0.2000000030
5058  36.820  -87.284  1.973 0.2000000030
5645  38.572  -86.131  4.495 0.2000000030
5679  37.490  -86.896  2.567 0.2000000030
5680  36.302  -87.168  2.100 0.1000000015
5696  37.959  -86.531  2.009 0.2000000030
5699  35.842  -86.641  1.779 0.1000000015
5714  36.841  -86.328  0.948 0.2000000030
6048  37.635  -85.477  20.866 0.1000000015
6119  34.552  -85.576  17.574 0.1000000015
6265  38.788  -85.199  6.670 0.1000000015
6311  38.261  -86.031  3.602 0.2000000030
6342  35.544  -85.994  1.649 0.1000000015
6357  38.128  -85.826  0.430 0.3000000119
6359  36.645  -85.795  0.901 0.2000000030
6377  37.930  -85.608  0.072 0.1000000015
6444  34.238  -85.830  -4.546 0.1000000015
6756  35.613  -84.093  19.107 0.1000000015
6774  35.857  -84.853  18.922 0.1000000015
6787  34.550  -84.817  17.594 0.1000000015
6925  40.880  -83.815  5.555 0.1000000015
6960  38.133  -84.700  3.076 0.2000000030
6993  39.513  -84.112  0.552 0.1000000015
6996  35.318  -85.047  1.782 0.1000000015
7028  38.661  -84.995  -0.302 0.1000000015
7029  37.904  -85.197  -0.119 0.1000000015
7617  38.898  -83.447  4.738 0.2000000030
7626  39.389  -84.557  4.716 0.2000000030
7662  38.473  -83.964  2.140 0.2000000030
7663  37.962  -83.607  2.719 0.2000000030
7710  36.709  -84.108  0.863 0.2000000030
8157  37.758  -82.282  20.049 0.1000000015
8377  37.907  -83.209  4.052 0.2000000030
8395  37.741  -83.264  3.330 0.2000000030
8416  40.216  -82.146  0.798 0.1000000015
8436  40.393  -82.548  0.192 0.1000000015
8458  41.021  -81.889  -1.175 0.1000000015
8460  39.558  -82.839  -1.640 0.1000000015
8461  39.113  -82.853  -1.320 0.1000000015
8907  36.589  -81.533  20.174 0.1000000015
9019  34.741  -80.972  12.619 0.1000000015
9109  39.772  -81.211  5.955 0.4000000060
9169  39.339  -81.292  1.891 0.1000000015
9210  41.116  -81.685  -1.090 0.1000000015
9211  41.099  -81.575  -0.775 0.1000000015
9299  35.773  -82.006  -5.646 0.1000000015
9650  38.138  -80.983  19.987 0.1000000015
9652  36.896  -80.820  20.336 0.1000000015
9843  40.634  -80.471  5.742 0.2000000030
9908  40.322  -80.713  1.018 0.1000000015
9939  41.154  -81.120  -0.468 0.1000000015
9973  37.025  -79.708  -3.069 0.1000000015
10012  35.615  -80.663  -5.363 0.1000000015
10013  34.913  -81.199  -5.008 0.1000000015
10375  38.287  -80.360  19.976 0.1000000015
10432  31.612  -80.394  14.481 0.1000000015
10575  37.756  -79.180  5.108 0.4000000060
10583  42.851  -79.190  4.732 0.2000000030
10585  41.827  -78.835  4.793 0.3000000119
10587  37.534  -79.161  4.538 0.4000000060
10619  38.884  -79.825  2.287 0.4000000060
10658  39.882  -79.624  1.140 0.2000000030
10675  39.280  -80.004  -1.056 0.1000000015
10716  37.212  -79.309  -3.240 0.1000000015
11184  37.782  -78.927  14.326 0.1000000015
11289  43.750  -78.895  7.076 0.1000000015
11299  41.304  -78.497  5.812 0.3000000119
11325  41.867  -78.242  4.901 0.3000000119
11342  37.607  -78.934  3.480 0.4000000060
11398  41.770  -78.592  -0.884 0.1000000015
11419  38.119  -78.394  -1.991 0.1000000015
11421  36.887  -78.790  -2.161 0.1000000015
11444  37.130  -78.734  -2.402 0.1000000015
11465  39.089  -77.634  -3.681 0.2000000030
11467  37.993  -78.567  -3.706 0.1000000015
11490  35.175  -79.422  -4.524 0.1000000015
11883  37.139  -78.037  19.497 0.1000000015
12010  39.018  -77.357  11.593 0.1000000015
12024  40.074  -77.206  10.880 0.1000000015
12060  41.304  -78.038  5.797 0.3000000119
12061  41.072  -77.911  6.067 0.3000000119
12077  39.920  -76.999  5.817 0.4000000060
12079  37.386  -77.669  5.951 0.4000000060
12093  36.112  -77.718  4.402 0.4000000060
12108  43.695  -76.822  3.322 0.2000000030
12109  43.245  -77.050  3.526 0.2000000030
12111  35.506  -77.202  3.789 0.5000000000
12125  37.226  -77.569  2.196 0.3000000119
12142  37.552  -77.198  1.518 0.2000000030
12158  41.069  -77.682  -0.212 0.1000000015
12172  41.802  -77.418  -0.807 0.1000000015
12202  41.823  -77.483  -2.863 0.1000000015
12205  36.741  -77.080  -3.723 0.1000000015
12232  38.939  -77.567  -4.022 0.2000000030
12251  40.140  -76.676  -4.911 0.2000000030
12255  36.640  -77.989  -5.270 0.1000000015
12256  36.141  -78.046  -4.726 0.1000000015
12680  41.288  -77.408  19.199 0.1000000015
12811  42.115  -76.772  9.886 0.1000000015
12820  45.422  -76.594  8.064 0.1000000015
12856  45.247  -76.334  5.762 0.1000000015
12872  44.313  -76.201  3.826 0.4000000060
12877  34.431  -75.944  4.901 0.5000000000
12888  44.224  -76.352  3.005 0.2000000030
12889  43.900  -76.440  2.815 0.2000000030
12890  43.295  -76.409  3.115 0.2000000030
12906  43.928  -76.168  2.652 0.2000000030
12907  43.825  -76.099  2.628 0.2000000030
12908  43.673  -75.948  2.639 0.3000000119
12909  35.819  -76.324  2.452 0.5000000000
12922  37.273  -76.239  1.165 0.3000000119
12923  36.490  -76.245  1.784 0.5000000000
12943  37.799  -76.277  0.790 0.3000000119
12961  41.161  -76.287  -0.608 0.1000000015
12976  35.107  -76.307  -1.454 0.1000000015
12992  42.461  -76.339  -2.564 0.1000000015
12993  37.642  -76.209  -3.257 0.2000000030
13010  41.113  -76.435  -4.201 0.2000000030
13011  38.241  -76.040  -4.283 0.1000000015
13023  38.355  -76.186  -4.663 0.1000000015
13030  40.196  -76.157  -5.446 0.1000000015
13031  39.620  -76.336  -5.525 0.1000000015
13475  34.509  -75.822  15.672 0.1000000015
13493  34.297  -75.829  15.146 0.1000000015
13510  37.840  -75.073  14.065 0.1000000015
13538  43.726  -75.215  11.809 0.1000000015
13539  42.206  -75.070  11.856 0.1000000015
13572  46.679  -74.883  9.946 0.1000000015
13622  35.263  -75.100  6.308 0.5000000000
13635  42.879  -75.109  4.702 0.3000000119
13636  40.121  -75.662  4.787 0.3000000119
13641  35.154  -75.577  6.062 0.5000000000
13642  34.291  -75.176  5.681 0.5000000000
13653  43.706  -75.724  3.501 0.4000000060
13657  39.975  -75.170  4.601 0.3000000119
13669  43.940  -76.079  2.665 0.2000000030
13670  43.796  -75.915  2.773 0.3000000119
13673  34.262  -75.161  3.985 0.5000000000
13685  43.872  -76.029  2.544 0.2000000030
13686  43.793  -75.935  2.519 0.3000000119
13687  43.706  -75.701  2.598 0.3000000119
13777  36.039  -75.743  -1.735 0.1000000015
13781  42.303  -75.063  -3.444 0.1000000015
13782  41.563  -75.245  -4.349 0.2000000030
13785  38.212  -75.813  -3.557 0.1000000015
13789  40.781  -75.481  -5.050 0.3000000119
13790  40.422  -75.888  -5.300 0.3000000119
13791  39.435  -75.446  -5.205 0.1000000015
13792  38.863  -75.759  -5.024 0.1000000015
13798  40.544  -75.321  -5.310 0.2000000030
13799  40.204  -75.652  -5.490 0.1000000015
13800  39.493  -75.793  -5.541 0.2000000030
14293  36.625  -74.873  14.780 0.1000000015
14322  36.819  -74.816  14.156 0.1000000015
14353  46.576  -74.878  10.426 0.1000000015
14370  41.686  -74.301  7.906 0.2000000030
14391  41.740  -74.403  7.309 0.2000000030
14393  34.668  -73.864  7.067 0.5000000000
14414  34.482  -74.371  6.608 0.5000000000
14433  36.467  -74.885  5.882 0.5000000000
14436  33.669  -73.881  5.418 0.4000000060
14448  42.333  -75.216  4.520 0.3000000119
14492  37.946  -74.191  0.937 0.3000000119
14548  43.184  -73.751  -2.067 0.2000000030
14549  42.958  -74.568  -1.898 0.1000000015
14551  36.389  -74.529  -1.291 0.2000000030
14592  40.741  -75.098  -5.215 0.2000000030
15196  39.992  -73.119  6.923 0.4000000060
15199  34.877  -73.364  7.341 0.5000000000
15216  40.375  -73.274  6.444 0.4000000060
15219  36.758  -73.346  6.720 0.5000000000
15221  34.226  -73.501  6.905 0.5000000000
15222  33.784  -73.280  6.512 0.5000000000
15254  33.571  -73.069  5.129 0.4000000060
15333  43.172  -73.399  -1.428 0.2000000030
15334  42.926  -73.464  -1.077 0.2000000030
15335  42.250  -73.708  -0.765 0.1000000015
15353  43.289  -73.253  -1.742 0.2000000030
15355  37.366  -73.271  -1.482 0.2000000030
15373  39.564  -73.034  -3.026 0.3000000119
15394  39.275  -74.148  -3.364 0.1000000015
15402  42.359  -72.928  -3.865 0.2000000030
15943  39.485  -72.559  17.355 0.1000000015
15981  41.024  -71.779  15.525 0.1000000015
16020  40.413  -72.171  11.258 0.5000000000
16035  41.070  -72.843  10.277 0.3000000119
16055  40.066  -73.260  8.066 0.4000000060
16057  37.241  -72.137  7.034 0.5000000000
16076  37.017  -72.636  6.890 0.5000000000
16091  39.923  -72.967  5.571 0.4000000060
16093  38.634  -72.680  5.869 0.5000000000
16115  35.293  -72.419  3.228 0.5000000000
16116  34.731  -72.426  3.645 0.5000000000
16129  37.147  -72.190  2.124 0.4000000060
16131  35.871  -72.705  2.774 0.5000000000
16154  36.913  -73.150  1.933 0.4000000060
16204  43.152  -72.362  -2.038 0.2000000030
16205  42.629  -72.533  -1.293 0.2000000030
16216  42.788  -72.713  -2.994 0.2000000030
16219  38.058  -72.566  -1.950 0.2000000030
16233  43.010  -71.791  -3.171 0.2000000030
16234  42.720  -72.221  -3.439 0.2000000030
16235  40.757  -72.386  -4.063 0.3000000119
16792  40.559  -71.779  15.706 0.1000000015
16862  38.820  -71.350  12.025 0.5000000000
16882  36.331  -71.246  11.374 0.5000000000
16885  41.551  -71.880  11.213 0.3000000119
16888  37.102  -71.747  10.353 0.5000000000
16892  37.182  -71.507  9.248 0.5000000000
16899  38.187  -71.919  8.109 0.4000000060
16917  38.960  -72.112  7.689 0.4000000060
16918  38.501  -71.992  7.527 0.4000000060
16924  32.936  -71.258  7.242 0.5000000000
16943  33.028  -71.746  6.939 0.5000000000
16960  32.701  -70.732  6.096 0.5000000000
17021  40.311  -71.611  0.032 0.5000000000
17071  36.874  -71.531  -1.371 0.2000000030
17082  43.128  -71.583  -2.663 0.2000000030
17083  43.083  -71.222  -2.558 0.3000000119
17084  39.461  -71.360  -2.855 0.3000000119
17085  38.849  -71.601  -2.458 0.3000000119
17097  43.255  -71.313  -3.162 0.2000000030
17112  43.132  -70.946  -3.594 0.2000000030
17679  36.801  -70.716  16.899 0.1000000015
17724  41.838  -69.796  14.499 0.1000000015
17748  39.902  -70.436  11.975 0.4000000060
17749  39.291  -70.506  12.112 0.5000000000
17765  36.914  -70.893  12.090 0.5000000000
17768  34.631  -70.358  11.343 0.5000000000
17778  34.453  -70.472  10.642 0.5000000000
17786  34.449  -70.578  9.807 0.5000000000
17798  33.118  -70.260  8.090 0.6000000238
17804  33.383  -70.721  7.982 0.6000000238
17820  32.570  -70.257  6.542 0.5000000000
17855  34.211  -70.787  4.341 0.4000000060
17856  33.642  -70.419  4.738 0.4000000060
17872  36.076  -70.488  3.132 0.4000000060
17897  39.849  -70.742  0.179 0.4000000060
17899  34.975  -69.885  0.334 0.1000000015
17918  36.097  -70.428  -0.792 0.1000000015
17938  38.415  -70.556  -2.310 0.3000000119
17959  41.757  -70.032  -4.212 0.2000000030
17962  39.439  -70.108  -2.855 0.3000000119
17974  43.143  -70.305  -3.948 0.2000000030
17975  42.603  -70.322  -4.237 0.2000000030
17976  41.903  -70.449  -4.383 0.2000000030
17977  41.544  -70.845  -4.277 0.2000000030
18621  34.782  -70.042  18.118 0.1000000015
18634  35.726  -69.877  17.160 0.1000000015
18645  35.519  -69.181  17.057 0.1000000015
18678  39.760  -69.198  14.944 0.1000000015
18696  43.260  -69.700  12.819 0.1000000015
18698  41.867  -68.679  12.321 0.1000000015
18701  38.043  -69.754  12.008 0.4000000060
18704  35.102  -69.484  12.285 0.5000000000
18723  33.471  -68.914  10.857 0.5000000000
18797  44.570  -69.969  5.134 0.1000000015
18799  43.438  -69.204  4.674 0.1000000015
18800  33.016  -69.505  5.403 0.5000000000
18801  32.651  -69.761  5.931 0.5000000000
18839  35.030  -69.908  3.984 0.4000000060
18857  36.332  -69.997  2.945 0.4000000060
18878  34.671  -69.404  0.686 0.1000000015
18914  43.236  -69.706  -3.418 0.2000000030
18917  40.306  -69.020  -2.970 0.3000000119
18929  42.213  -68.997  -4.243 0.3000000119
18932  39.717  -69.710  -2.844 0.3000000119
18933  39.256  -69.915  -2.798 0.3000000119
19545  32.861  -68.921  19.801 0.1000000015
19648  42.132  -68.555  13.890 0.1000000015
19652  39.063  -67.620  14.911 0.1000000015
19683  35.945  -68.418  12.118 0.4000000060
19697  41.546  -68.477  12.193 0.1000000015
19703  36.228  -67.969  11.855 0.4000000060
19716  33.335  -68.379  10.348 0.5000000000
19749  32.680  -69.288  6.716 0.5000000000
19761  44.454  -69.325  6.539 0.1000000015
19765  32.709  -69.176  6.299 0.5000000000
19781  43.710  -69.326  5.715 0.1000000015
19785  33.439  -68.617  5.230 0.5000000000
19803  43.038  -68.659  4.352 0.1000000015
19805  34.949  -68.707  4.263 0.4000000060
19807  33.835  -69.136  4.693 0.5000000000
19821  36.078  -68.733  3.411 0.3000000119
19856  38.393  -68.608  1.324 0.4000000060
19857  35.643  -68.693  0.086 0.1000000015
19868  36.386  -68.543  -0.942 0.1000000015
19869  35.945  -68.872  -0.451 0.1000000015
19892  42.364  -68.508  -2.610 0.3000000119
19893  40.258  -68.700  -2.998 0.2000000030
19896  38.293  -68.479  -1.981 0.3000000119
19902  43.497  -68.430  -4.079 0.3000000119
19904  41.366  -68.396  -3.682 0.2000000030
19906  40.223  -68.322  -3.053 0.2000000030
19919  43.172  -68.415  -4.364 0.3000000119
20567  33.576  -67.620  17.824 0.1000000015
20598  36.925  -67.342  15.873 0.1000000015
20641  41.051  -67.698  12.757 0.2000000030
20645  35.067  -67.968  12.059 0.4000000060
20758  33.103  -67.830  6.066 0.5000000000
20780  42.414  -68.142  5.688 0.1000000015
20785  33.979  -67.788  4.964 0.4000000060
20807  35.889  -67.638  4.095 0.3000000119
20809  34.577  -67.929  4.635 0.4000000060
20861  37.539  -68.210  2.126 0.4000000060
20877  35.064  -68.178  0.896 0.1000000015
20898  38.572  -67.086  -1.882 0.2000000030
20900  36.940  -67.990  -1.339 0.2000000030
20907  43.976  -67.251  -3.637 0.3000000119
20922  43.931  -67.468  -3.949 0.3000000119
20923  42.883  -67.410  -4.443 0.2000000030
20926  40.300  -67.983  -3.188 0.2000000030
20939  43.250  -67.760  -4.397 0.3000000119
21581  36.378  -66.973  16.089 0.1000000015
21600  38.419  -66.786  14.915 0.1000000015
21616  40.010  -66.951  14.127 0.2000000030
21618  38.790  -66.583  14.494 0.2000000030
21619  38.229  -66.354  14.666 0.2000000030
21634  38.983  -66.192  13.963 0.2000000030
21674  33.628  -66.613  10.963 0.5000000000
21695  36.444  -65.665  10.859 0.2000000030
21839  36.810  -67.238  3.535 0.3000000119
21894  36.817  -66.264  0.080 0.1000000015
21907  37.225  -66.413  -0.372 0.1000000015
21922  37.899  -66.328  -1.072 0.2000000030
21929  44.099  -66.981  -3.816 0.3000000119
21930  44.006  -66.643  -3.610 0.3000000119
21932  40.722  -66.575  -3.223 0.2000000030
21946  43.553  -66.662  -4.142 0.3000000119
21948  41.576  -66.581  -3.563 0.2000000030
21962  43.810  -67.130  -4.156 0.3000000119
21963  43.498  -67.281  -4.328 0.2000000030
22658  37.958  -66.263  14.751 0.2000000030
22743  35.159  -65.935  11.123 0.2000000030
22922  36.996  -65.409  0.726 0.1000000015
22923  36.497  -65.712  0.899 0.1000000015
22945  38.135  -65.128  -0.257 0.1000000015
22960  44.877  -65.676  -0.526 0.1000000015
22965  37.863  -65.765  -0.572 0.1000000015
22975  44.613  -65.315  -0.956 0.1000000015
22981  38.716  -65.752  -1.578 0.1000000015
22991  39.914  -65.699  -2.482 0.1000000015
22992  39.294  -65.736  -2.091 0.1000000015
23004  43.101  -66.232  -3.967 0.2000000030
23703  34.875  -63.956  13.689 0.1000000015
23743  37.405  -64.059  11.309 0.2000000030
23812  33.853  -64.316  8.237 0.2000000030
23955  44.849  -65.013  -0.588 0.1000000015
23956  44.305  -64.599  -0.718 0.1000000015
23960  39.550  -64.307  -0.946 0.1000000015
23961  38.795  -64.694  -0.665 0.1000000015
23977  44.841  -65.235  -0.830 0.1000000015
23978  44.637  -64.955  -1.058 0.1000000015
24758  37.202  -63.855  11.398 0.2000000030
24922  40.573  -62.431  2.344 0.1000000015
24953  41.841  -63.698  0.822 0.1000000015
24956  38.871  -63.767  0.129 0.1000000015
24967  41.408  -63.717  0.190 0.1000000015
25866  34.766  -62.623  8.193 0.1000000015
25925  41.048  -62.153  3.561 0.1000000015
25926  40.742  -62.023  3.234 0.1000000015
25953  39.725  -61.969  2.616 0.1000000015
26810  41.266  -61.004  11.403 0.1000000015
26886  41.065  -61.763  7.885 0.1000000015
26892  35.569  -61.791  7.879 0.1000000015
27770  39.958  -59.970  10.015 0.1000000015
27771  36.401  -60.022  10.455 0.1000000015
27793  36.996  -59.788  9.128 0.1000000015
27808  40.259  -60.353  8.663 0.1000000015
27813  35.626  -60.950  8.869 0.1000000015
27824  38.747  -60.634  7.853 0.1000000015
27827  36.340  -61.030  7.969 0.1000000015
28777  39.193  -59.698  9.514 0.1000000015
28780  36.898  -59.645  9.645 0.1000000015
28801  37.468  -59.761  8.973 0.1000000015
