#!ascii label  , from subject sub.01.base.01 vox2ras=TkReg
1101
46072  -2.606  -11.827  46.417 0.0000000000
48204  -28.434  -9.546  39.951 0.0000000000
56506  -25.937  -3.392  35.873 0.0000000000
52436  -21.163  -5.349  41.970 0.0000000000
65304  -31.705  5.758  27.737 0.0000000000
63049  -25.644  3.769  31.058 0.0000000000
50275  -29.538  -7.505  44.385 0.0000000000
50325  -24.783  -8.248  41.608 0.0000000000
67183  -35.807  7.737  30.418 0.0000000000
68954  -38.965  10.155  27.762 0.0000000000
70906  -43.053  11.432  25.517 0.0000000000
61924  -25.913  2.033  39.354 0.0000000000
59866  -25.187  0.277  33.955 0.0000000000
65157  -27.356  6.202  37.006 0.0000000000
64125  -30.241  5.629  34.538 0.0000000000
54358  -13.950  -4.340  40.342 0.0000000000
116947  -0.518  -13.389  49.953 0.0000000000
53464  -27.675  -5.283  37.986 0.0000000000
58619  -28.283  -0.673  40.567 0.0000000000
54421  -18.218  -4.179  36.433 0.0000000000
52511  -22.612  -5.929  36.493 0.0000000000
71895  -39.731  12.891  21.821 0.0000000000
75666  -42.862  16.418  26.279 0.0000000000
64206  -29.039  5.059  29.472 0.0000000000
117956  -33.126  6.799  32.232 0.0000000000
47140  -5.907  -10.543  43.673 0.0000000000
40006  0.641  -18.928  46.994 0.0000000000
68082  -37.551  9.143  29.230 0.0000000000
62982  -25.589  3.723  37.911 0.0000000000
50358  -13.073  -8.108  39.270 0.0000000000
44995  -0.941  -12.781  48.064 0.0000000000
52536  -26.630  -7.834  36.184 0.0000000000
51462  -28.245  -7.271  39.161 0.0000000000
54382  -19.645  -4.216  39.778 0.0000000000
53475  -20.802  -5.099  36.362 0.0000000000
53444  -21.879  -5.305  38.610 0.0000000000
49233  -26.906  -9.933  41.401 0.0000000000
50377  -25.531  -8.756  39.165 0.0000000000
117108  -26.895  -10.206  38.980 0.0000000000
54313  -19.570  -4.414  43.463 0.0000000000
55395  -18.400  -3.181  41.215 0.0000000000
68974  -36.259  10.168  24.726 0.0000000000
71893  -38.404  12.154  22.502 0.0000000000
72821  -42.804  13.443  25.747 0.0000000000
62004  -24.965  1.955  32.551 0.0000000000
64204  -27.104  4.734  29.380 0.0000000000
65206  -31.272  6.165  33.336 0.0000000000
47172  -12.296  -10.447  43.118 0.0000000000
47122  -9.015  -9.486  43.406 0.0000000000
48131  -6.952  -9.593  44.327 0.0000000000
47189  -8.498  -11.247  41.843 0.0000000000
40022  -0.722  -18.169  46.554 0.0000000000
50327  -28.890  -8.488  42.035 0.0000000000
51446  -31.013  -6.937  41.189 0.0000000000
53373  -31.595  -5.616  43.671 0.0000000000
51392  -23.017  -6.906  44.495 0.0000000000
51423  -22.863  -6.625  41.573 0.0000000000
50286  -24.691  -7.762  43.950 0.0000000000
50308  -26.728  -8.689  42.842 0.0000000000
65287  -33.618  6.164  28.830 0.0000000000
67206  -35.705  7.758  28.426 0.0000000000
68102  -36.823  9.024  27.397 0.0000000000
68970  -39.235  9.512  25.383 0.0000000000
69926  -39.800  10.583  24.163 0.0000000000
69911  -40.694  10.922  26.731 0.0000000000
58654  -25.422  -0.537  37.806 0.0000000000
57585  -24.755  -1.505  34.966 0.0000000000
60957  -25.224  1.615  36.344 0.0000000000
63014  -24.886  3.512  34.835 0.0000000000
64134  -25.716  4.917  33.813 0.0000000000
65203  -28.046  5.823  32.834 0.0000000000
64107  -28.899  5.628  35.759 0.0000000000
52418  -13.648  -6.314  42.451 0.0000000000
48167  -13.769  -9.444  41.083 0.0000000000
76628  -43.519  17.504  21.495 0.0000000000
116960  0.013  -13.548  50.511 0.0000000000
53510  -26.563  -6.754  34.932 0.0000000000
54423  -27.099  -4.304  37.125 0.0000000000
54342  -29.410  -4.873  41.321 0.0000000000
55425  -28.077  -3.382  39.639 0.0000000000
57541  -26.405  -1.800  39.420 0.0000000000
59776  -26.956  0.401  40.138 0.0000000000
51472  -23.695  -6.699  38.735 0.0000000000
56443  -16.503  -1.926  42.409 0.0000000000
54380  -15.638  -3.668  38.746 0.0000000000
71888  -40.385  12.689  23.680 0.0000000000
73750  -40.517  15.140  23.536 0.0000000000
74694  -41.722  16.822  22.631 0.0000000000
77543  -44.384  18.735  24.623 0.0000000000
45071  -1.899  -12.753  43.201 0.0000000000
43985  -0.519  -14.185  44.755 0.0000000000
64231  -30.433  4.855  28.255 0.0000000000
65212  -29.508  5.381  32.261 0.0000000000
64163  -31.183  5.066  31.415 0.0000000000
64186  -32.926  4.933  30.245 0.0000000000
66194  -34.866  7.006  31.466 0.0000000000
47117  -4.708  -10.914  45.211 0.0000000000
116979  -1.513  -15.151  47.389 0.0000000000
116917  -1.063  -16.584  49.043 0.0000000000
116933  1.788  -16.582  48.503 0.0000000000
46071  -1.892  -12.077  46.849 0.0000000000
49267  -28.182  -8.932  39.209 0.0000000000
117120  -27.431  -8.187  38.048 0.0000000000
50362  -28.342  -7.910  39.452 0.0000000000
53407  -20.536  -4.778  40.589 0.0000000000
53423  -20.345  -4.618  39.194 0.0000000000
52468  -21.464  -5.505  40.344 0.0000000000
48188  -28.496  -9.957  40.674 0.0000000000
49249  -26.730  -10.304  40.337 0.0000000000
48203  -28.023  -10.278  39.864 0.0000000000
117113  -27.820  -10.010  38.698 0.0000000000
53361  -21.136  -5.360  44.110 0.0000000000
53360  -20.616  -5.131  44.556 0.0000000000
53382  -20.311  -4.710  43.029 0.0000000000
54341  -20.021  -3.977  41.415 0.0000000000
70919  -38.230  11.820  23.252 0.0000000000
55452  -26.175  -4.079  35.548 0.0000000000
56521  -25.563  -3.274  35.185 0.0000000000
63048  -25.140  3.246  31.666 0.0000000000
61028  -25.453  1.479  29.998 0.0000000000
64179  -26.337  4.626  30.723 0.0000000000
47192  -11.495  -11.164  42.084 0.0000000000
47146  -10.687  -9.717  43.211 0.0000000000
47170  -10.397  -10.545  42.648 0.0000000000
47143  -8.527  -10.424  43.298 0.0000000000
47190  -9.533  -11.230  41.892 0.0000000000
51408  -29.941  -7.838  43.267 0.0000000000
51409  -30.465  -7.467  43.046 0.0000000000
51396  -30.250  -7.293  43.909 0.0000000000
51381  -23.582  -7.316  44.851 0.0000000000
51393  -23.563  -7.224  43.755 0.0000000000
50269  -24.916  -7.932  45.107 0.0000000000
50273  -28.036  -8.022  44.595 0.0000000000
50288  -26.539  -8.466  43.639 0.0000000000
50290  -28.274  -8.163  43.621 0.0000000000
50310  -28.476  -8.450  42.654 0.0000000000
66226  -34.281  7.057  29.745 0.0000000000
66244  -34.058  6.911  28.584 0.0000000000
67196  -35.829  7.696  29.425 0.0000000000
68083  -38.214  9.549  28.764 0.0000000000
68092  -37.641  8.681  28.313 0.0000000000
68104  -38.329  9.061  27.574 0.0000000000
68113  -37.574  9.623  26.730 0.0000000000
68126  -39.823  8.948  26.262 0.0000000000
68971  -40.077  9.410  25.827 0.0000000000
68963  -39.638  10.988  27.124 0.0000000000
60937  -25.920  0.725  38.615 0.0000000000
59805  -25.189  0.551  37.076 0.0000000000
60936  -25.737  1.529  38.216 0.0000000000
64069  -26.753  5.778  37.584 0.0000000000
62996  -25.420  3.542  36.683 0.0000000000
65155  -26.296  5.374  36.372 0.0000000000
64133  -25.260  4.288  34.501 0.0000000000
65191  -26.680  5.866  35.199 0.0000000000
64123  -27.857  6.014  34.761 0.0000000000
64106  -28.121  6.164  35.921 0.0000000000
55378  -13.255  -3.174  42.722 0.0000000000
54311  -13.222  -4.353  43.292 0.0000000000
53392  -13.399  -5.503  41.719 0.0000000000
49243  -13.399  -8.839  39.895 0.0000000000
76621  -45.263  18.623  22.442 0.0000000000
76631  -46.068  18.599  21.431 0.0000000000
116949  -0.314  -13.517  50.348 0.0000000000
53477  -26.464  -6.858  37.034 0.0000000000
53492  -26.468  -7.233  36.511 0.0000000000
53478  -26.093  -5.978  36.752 0.0000000000
53494  -25.939  -5.454  35.881 0.0000000000
54424  -27.448  -4.925  37.414 0.0000000000
54366  -32.316  -4.882  40.790 0.0000000000
53410  -30.771  -5.672  41.471 0.0000000000
54343  -30.230  -4.525  41.563 0.0000000000
58620  -28.861  -1.208  41.008 0.0000000000
56466  -28.874  -2.701  40.671 0.0000000000
57533  -28.377  -2.057  40.484 0.0000000000
56473  -27.246  -2.627  39.501 0.0000000000
58629  -27.641  -1.047  40.139 0.0000000000
58628  -26.846  -0.413  39.991 0.0000000000
59777  -27.576  -0.294  40.302 0.0000000000
52510  -21.585  -5.464  36.561 0.0000000000
50341  -24.126  -7.738  40.958 0.0000000000
51459  -23.274  -6.733  39.546 0.0000000000
51443  -24.095  -7.742  40.253 0.0000000000
117127  -25.216  -8.170  38.614 0.0000000000
55368  -17.952  -2.411  44.192 0.0000000000
55433  -18.096  -3.422  39.247 0.0000000000
55407  -17.016  -3.198  40.146 0.0000000000
54397  -17.095  -3.745  38.064 0.0000000000
53457  -16.106  -5.300  37.093 0.0000000000
69928  -41.743  11.231  24.851 0.0000000000
70922  -40.604  11.901  23.791 0.0000000000
71877  -42.136  12.422  24.811 0.0000000000
74688  -42.974  15.442  26.251 0.0000000000
73745  -41.637  14.639  25.597 0.0000000000
73740  -41.594  15.620  25.472 0.0000000000
74693  -41.093  16.423  23.367 0.0000000000
75671  -41.969  16.995  24.579 0.0000000000
76611  -43.313  17.997  23.390 0.0000000000
76596  -43.834  17.992  25.891 0.0000000000
58694  -24.862  -0.611  34.507 0.0000000000
56539  -24.601  -2.557  33.828 0.0000000000
63103  -30.116  4.333  27.459 0.0000000000
64230  -29.346  4.607  28.549 0.0000000000
64137  -29.475  5.527  33.737 0.0000000000
65211  -28.896  5.581  32.388 0.0000000000
64148  -29.639  5.384  32.833 0.0000000000
65214  -32.240  7.065  32.258 0.0000000000
64150  -31.047  5.687  32.163 0.0000000000
63035  -32.006  5.627  31.731 0.0000000000
64185  -32.133  4.798  30.407 0.0000000000
62026  -33.098  5.824  31.366 0.0000000000
64189  -34.299  5.719  31.088 0.0000000000
64153  -33.935  6.129  32.354 0.0000000000
47119  -6.481  -10.273  44.266 0.0000000000
47100  -6.301  -10.332  45.236 0.0000000000
47099  -5.613  -10.890  45.915 0.0000000000
47139  -4.804  -10.781  44.086 0.0000000000
47164  -3.834  -11.125  43.512 0.0000000000
47165  -5.013  -10.922  42.674 0.0000000000
42963  -0.568  -15.632  44.835 0.0000000000
116976  -0.464  -14.322  46.450 0.0000000000
41991  -1.031  -16.610  46.184 0.0000000000
40021  -0.220  -19.171  46.248 0.0000000000
41003  -1.150  -17.286  47.341 0.0000000000
39985  0.410  -17.466  48.111 0.0000000000
116918  0.584  -17.106  49.045 0.0000000000
40972  1.114  -18.016  47.694 0.0000000000
50253  -26.346  -8.607  45.666 0.0000000000
68060  -36.484  8.999  31.234 0.0000000000
67197  -36.709  8.204  29.755 0.0000000000
68936  -36.835  9.497  30.518 0.0000000000
62964  -25.943  3.738  38.881 0.0000000000
53439  -14.387  -5.705  38.888 0.0000000000
52466  -13.528  -6.095  39.825 0.0000000000
46037  -0.710  -11.858  49.303 0.0000000000
44976  -0.859  -13.508  49.098 0.0000000000
117133  -27.169  -8.360  37.030 0.0000000000
52513  -26.854  -7.415  37.537 0.0000000000
52484  -28.404  -6.214  39.058 0.0000000000
60887  -28.068  0.622  41.442 0.0000000000
54412  -19.180  -3.805  37.402 0.0000000000
54422  -19.270  -4.245  36.378 0.0000000000
53442  -20.071  -4.612  38.028 0.0000000000
53461  -21.675  -5.152  37.512 0.0000000000
52494  -22.246  -5.499  37.232 0.0000000000
49232  -26.136  -9.238  41.605 0.0000000000
50343  -25.378  -8.737  40.294 0.0000000000
49248  -26.009  -9.317  40.046 0.0000000000
117118  -26.200  -9.819  39.157 0.0000000000
117110  -27.479  -10.200  38.261 0.0000000000
54302  -18.884  -4.188  44.277 0.0000000000
55369  -18.458  -2.997  43.459 0.0000000000
54312  -19.079  -3.791  42.985 0.0000000000
54360  -19.070  -3.742  40.188 0.0000000000
68122  -35.728  9.677  25.401 0.0000000000
71894  -38.986  12.468  22.178 0.0000000000
71870  -43.110  12.792  26.679 0.0000000000
71874  -43.006  12.196  25.438 0.0000000000
61003  -25.222  1.070  33.098 0.0000000000
63084  -27.084  4.212  28.196 0.0000000000
64205  -27.999  4.834  29.067 0.0000000000
64110  -31.598  5.866  35.371 0.0000000000
65200  -30.903  5.934  33.921 0.0000000000
64111  -32.254  6.243  34.980 0.0000000000
49196  -11.709  -8.014  42.648 0.0000000000
48136  -10.544  -8.607  43.316 0.0000000000
48123  -8.464  -8.005  44.176 0.0000000000
47121  -8.104  -9.689  43.589 0.0000000000
47142  -7.879  -10.629  43.285 0.0000000000
47141  -6.974  -10.436  43.376 0.0000000000
47187  -6.155  -11.692  41.851 0.0000000000
47188  -7.395  -11.371  41.830 0.0000000000
49235  -28.753  -8.951  41.200 0.0000000000
50345  -29.406  -7.616  40.764 0.0000000000
50329  -30.132  -7.266  41.583 0.0000000000
52426  -32.602  -6.925  41.958 0.0000000000
52408  -21.982  -5.761  43.544 0.0000000000
51422  -22.400  -6.131  41.924 0.0000000000
52423  -23.045  -6.570  42.651 0.0000000000
50305  -23.990  -7.771  43.087 0.0000000000
50306  -24.882  -7.911  42.783 0.0000000000
50271  -26.438  -8.453  44.714 0.0000000000
50287  -25.675  -8.135  43.711 0.0000000000
50307  -25.759  -8.636  42.467 0.0000000000
49220  -26.870  -9.147  42.216 0.0000000000
49222  -28.400  -9.015  41.905 0.0000000000
52398  -22.400  -6.504  44.876 0.0000000000
66242  -32.888  5.962  27.941 0.0000000000
66256  -32.401  6.481  27.545 0.0000000000
66257  -33.265  7.190  27.666 0.0000000000
67216  -33.414  8.106  27.280 0.0000000000
67217  -34.384  8.449  27.256 0.0000000000
67207  -36.691  8.131  28.692 0.0000000000
67219  -36.342  8.286  27.837 0.0000000000
68111  -35.129  9.245  26.235 0.0000000000
68961  -36.775  10.126  26.266 0.0000000000
69916  -36.955  10.464  25.359 0.0000000000
69924  -38.012  10.950  24.556 0.0000000000
69934  -38.411  11.298  23.983 0.0000000000
68977  -39.136  10.066  24.706 0.0000000000
69927  -40.860  10.617  24.924 0.0000000000
69912  -41.898  10.712  26.506 0.0000000000
69901  -40.590  11.134  28.119 0.0000000000
70898  -42.986  12.062  26.881 0.0000000000
57566  -25.388  -1.728  36.616 0.0000000000
56504  -25.200  -2.160  35.741 0.0000000000
57565  -25.106  -1.018  36.531 0.0000000000
59843  -24.943  0.346  35.170 0.0000000000
60980  -24.960  1.543  35.659 0.0000000000
61958  -25.482  2.534  36.861 0.0000000000
61957  -25.202  2.492  36.264 0.0000000000
60992  -24.996  1.516  34.399 0.0000000000
61991  -24.908  2.295  33.446 0.0000000000
63022  -25.215  4.263  32.959 0.0000000000
64145  -26.062  4.971  32.735 0.0000000000
64159  -26.124  4.868  31.697 0.0000000000
64135  -27.096  5.698  33.501 0.0000000000
64136  -28.518  5.638  33.685 0.0000000000
64108  -29.887  5.486  35.665 0.0000000000
64091  -30.554  5.488  36.694 0.0000000000
64109  -30.831  5.539  35.540 0.0000000000
52394  -13.476  -6.771  44.065 0.0000000000
51437  -13.428  -6.736  40.994 0.0000000000
50322  -13.913  -8.088  41.409 0.0000000000
50284  -13.062  -8.219  42.831 0.0000000000
48153  -12.925  -9.533  42.792 0.0000000000
54431  -26.312  -4.585  36.206 0.0000000000
55446  -26.451  -3.756  36.462 0.0000000000
51444  -29.209  -6.706  41.027 0.0000000000
52472  -28.654  -6.109  40.461 0.0000000000
53428  -28.440  -5.216  39.969 0.0000000000
54362  -28.468  -3.835  40.104 0.0000000000
54401  -27.759  -4.087  38.834 0.0000000000
54400  -27.371  -3.701  38.599 0.0000000000
55441  -26.681  -3.439  37.487 0.0000000000
56487  -25.726  -2.196  37.618 0.0000000000
58655  -25.704  -0.898  38.461 0.0000000000
59791  -26.406  0.226  39.268 0.0000000000
60921  -26.139  1.305  39.255 0.0000000000
60886  -27.505  1.140  41.199 0.0000000000
61889  -26.718  1.950  40.728 0.0000000000
52453  -22.294  -6.072  40.394 0.0000000000
52481  -23.192  -6.019  38.858 0.0000000000
52495  -23.364  -5.843  37.796 0.0000000000
50359  -24.921  -8.099  39.224 0.0000000000
51482  -24.573  -7.379  37.998 0.0000000000
56430  -15.173  -1.714  43.708 0.0000000000
55391  -14.571  -2.967  41.330 0.0000000000
56444  -17.494  -2.101  41.979 0.0000000000
55392  -15.683  -2.854  40.890 0.0000000000
55419  -14.800  -3.982  39.302 0.0000000000
53456  -15.353  -5.816  37.575 0.0000000000
70920  -39.236  11.994  23.380 0.0000000000
71887  -39.695  12.634  22.830 0.0000000000
72833  -40.112  13.246  23.107 0.0000000000
72824  -41.839  13.753  25.056 0.0000000000
72823  -40.742  14.253  24.415 0.0000000000
72843  -40.269  14.207  22.625 0.0000000000
73758  -40.476  14.798  22.481 0.0000000000
74702  -41.465  15.777  21.352 0.0000000000
75691  -42.216  16.209  20.854 0.0000000000
75680  -42.879  17.396  22.148 0.0000000000
76612  -44.401  18.712  23.133 0.0000000000
46120  -2.262  -12.150  44.499 0.0000000000
46119  -1.853  -12.496  45.359 0.0000000000
45070  -1.484  -13.224  43.838 0.0000000000
55464  -25.243  -3.445  34.239 0.0000000000
64254  -30.988  5.234  27.524 0.0000000000
64160  -26.922  5.465  31.302 0.0000000000
65238  -28.226  5.582  30.421 0.0000000000
65239  -29.144  5.516  30.421 0.0000000000
64139  -30.814  5.931  32.895 0.0000000000
64162  -30.399  5.272  31.719 0.0000000000
64207  -30.139  5.321  29.768 0.0000000000
64208  -31.412  5.355  29.460 0.0000000000
65261  -32.061  5.506  28.870 0.0000000000
65263  -33.550  5.631  29.230 0.0000000000
65241  -34.325  6.548  30.288 0.0000000000
66193  -34.787  7.175  31.012 0.0000000000
47085  -3.454  -10.859  47.440 0.0000000000
47098  -4.579  -11.105  46.187 0.0000000000
47116  -3.851  -11.342  45.573 0.0000000000
47163  -3.296  -11.325  43.923 0.0000000000
45072  -2.883  -12.676  42.482 0.0000000000
116977  -0.955  -13.405  46.556 0.0000000000
44996  -1.360  -13.895  47.675 0.0000000000
44977  -2.040  -15.155  49.126 0.0000000000
116942  -1.543  -16.109  48.079 0.0000000000
116935  -1.368  -15.730  49.611 0.0000000000
116946  -0.650  -15.076  50.284 0.0000000000
116913  1.088  -14.773  49.900 0.0000000000
40004  1.597  -18.614  46.866 0.0000000000
41002  2.065  -17.943  47.021 0.0000000000
47096  -2.827  -11.328  47.015 0.0000000000
46050  -2.185  -11.591  47.085 0.0000000000
49250  -28.691  -8.518  40.327 0.0000000000
52450  -20.847  -5.169  41.450 0.0000000000
53408  -21.060  -5.352  40.371 0.0000000000
52451  -21.217  -5.444  40.993 0.0000000000
48189  -28.567  -9.272  40.546 0.0000000000
48222  -28.040  -9.812  39.188 0.0000000000
53383  -20.985  -5.207  42.686 0.0000000000
53371  -20.771  -5.059  43.627 0.0000000000
53394  -20.875  -5.197  42.195 0.0000000000
53393  -20.604  -4.863  41.948 0.0000000000
70918  -37.452  11.300  22.902 0.0000000000
56522  -25.956  -3.787  35.142 0.0000000000
62023  -25.221  2.841  31.051 0.0000000000
62039  -25.560  2.721  30.261 0.0000000000
63067  -26.032  3.748  30.079 0.0000000000
47210  -11.369  -11.336  40.982 0.0000000000
47191  -10.494  -11.096  41.908 0.0000000000
50291  -29.281  -7.947  43.612 0.0000000000
51395  -29.930  -7.851  43.734 0.0000000000
50292  -29.836  -7.791  44.029 0.0000000000
51366  -24.284  -7.589  45.393 0.0000000000
51382  -24.159  -7.628  44.496 0.0000000000
50274  -28.805  -7.725  44.487 0.0000000000
51365  -23.645  -7.202  45.725 0.0000000000
67182  -35.022  7.426  30.058 0.0000000000
68093  -38.527  9.271  28.132 0.0000000000
67210  -38.793  9.271  27.601 0.0000000000
67228  -39.006  8.785  26.970 0.0000000000
68105  -39.383  9.231  27.132 0.0000000000
68116  -39.696  9.415  26.641 0.0000000000
68959  -39.275  10.172  27.240 0.0000000000
60920  -25.818  1.691  38.727 0.0000000000
65156  -26.604  5.940  36.754 0.0000000000
65174  -26.378  5.265  35.772 0.0000000000
65175  -26.677  6.004  35.949 0.0000000000
65192  -27.341  6.278  35.479 0.0000000000
64088  -27.987  6.216  36.687 0.0000000000
55390  -13.644  -3.508  41.685 0.0000000000
54324  -13.313  -4.376  42.213 0.0000000000
54339  -13.448  -4.394  41.177 0.0000000000
76630  -45.067  18.484  21.715 0.0000000000
76622  -46.255  18.343  22.501 0.0000000000
116962  -0.316  -12.999  50.034 0.0000000000
116948  -0.330  -13.286  50.269 0.0000000000
44958  -1.028  -14.310  50.040 0.0000000000
52514  -26.971  -6.110  37.324 0.0000000000
52515  -27.395  -5.597  37.494 0.0000000000
53479  -27.005  -5.283  36.832 0.0000000000
53480  -27.419  -5.264  37.412 0.0000000000
54344  -31.572  -5.022  41.475 0.0000000000
54327  -30.766  -4.383  42.142 0.0000000000
57523  -28.374  -1.497  40.486 0.0000000000
57532  -27.827  -1.961  40.207 0.0000000000
54420  -17.301  -4.371  36.662 0.0000000000
50342  -24.657  -8.325  40.317 0.0000000000
54398  -18.295  -3.574  38.413 0.0000000000
55432  -17.358  -3.478  38.844 0.0000000000
54411  -17.766  -3.838  37.314 0.0000000000
53458  -16.823  -4.765  36.720 0.0000000000
72851  -40.368  13.606  21.367 0.0000000000
70912  -41.934  11.743  24.739 0.0000000000
70905  -42.555  11.522  25.065 0.0000000000
73741  -42.193  14.974  26.119 0.0000000000
74687  -42.257  15.990  25.892 0.0000000000
74690  -41.366  16.371  24.622 0.0000000000
75665  -42.524  16.932  25.408 0.0000000000
76594  -42.976  17.536  25.075 0.0000000000
75653  -42.941  17.131  26.090 0.0000000000
58709  -24.824  -0.638  33.530 0.0000000000
64229  -28.532  4.599  28.565 0.0000000000
63101  -28.278  3.892  27.471 0.0000000000
117953  -32.829  6.948  32.622 0.0000000000
64152  -32.164  6.604  31.873 0.0000000000
117957  -32.673  6.994  31.937 0.0000000000
62006  -32.598  5.644  31.699 0.0000000000
63036  -32.917  6.272  31.912 0.0000000000
63038  -33.711  5.677  32.026 0.0000000000
117951  -33.437  6.522  32.323 0.0000000000
47118  -5.648  -10.589  44.776 0.0000000000
40007  -0.056  -18.168  47.224 0.0000000000
39984  0.672  -18.209  47.477 0.0000000000
39983  1.019  -18.533  47.394 0.0000000000
62954  -26.155  3.788  39.708 0.0000000000
52479  -14.173  -6.393  38.793 0.0000000000
47083  -1.403  -10.981  48.313 0.0000000000
47061  -1.407  -10.679  50.209 0.0000000000
117132  -27.368  -8.591  37.361 0.0000000000
50361  -27.827  -7.565  38.862 0.0000000000
51473  -27.644  -7.216  38.483 0.0000000000
52482  -27.507  -6.956  38.290 0.0000000000
51474  -28.076  -6.925  38.859 0.0000000000
54399  -19.442  -4.066  38.711 0.0000000000
53424  -21.305  -5.204  39.614 0.0000000000
53443  -21.104  -4.712  38.397 0.0000000000
48202  -27.223  -10.404  39.742 0.0000000000
49266  -26.536  -10.142  39.544 0.0000000000
117112  -26.446  -10.097  38.971 0.0000000000
53370  -20.086  -4.726  43.949 0.0000000000
53347  -20.302  -5.360  45.483 0.0000000000
53359  -19.708  -4.821  44.792 0.0000000000
53358  -19.045  -4.686  45.318 0.0000000000
54303  -19.534  -4.561  44.119 0.0000000000
54361  -19.763  -3.987  40.559 0.0000000000
54340  -19.209  -3.588  40.967 0.0000000000
54381  -18.853  -3.706  39.382 0.0000000000
61013  -25.149  1.198  32.000 0.0000000000
63083  -26.405  3.962  29.192 0.0000000000
64181  -27.739  5.276  29.844 0.0000000000
64093  -31.953  6.385  35.900 0.0000000000
67146  -33.211  7.254  33.705 0.0000000000
48152  -11.964  -9.496  43.270 0.0000000000
49195  -11.096  -8.099  43.099 0.0000000000
48142  -11.069  -8.908  43.206 0.0000000000
47145  -10.070  -9.782  43.172 0.0000000000
48140  -9.746  -9.163  43.137 0.0000000000
47123  -9.488  -9.361  43.219 0.0000000000
47103  -8.223  -9.208  43.536 0.0000000000
47168  -8.656  -10.943  42.709 0.0000000000
47167  -7.680  -11.014  42.729 0.0000000000
50328  -29.485  -7.961  41.748 0.0000000000
52424  -31.875  -6.872  43.113 0.0000000000
52425  -32.205  -7.020  42.643 0.0000000000
52413  -32.263  -6.398  42.988 0.0000000000
52409  -22.608  -6.314  43.708 0.0000000000
52422  -22.687  -6.306  42.797 0.0000000000
52410  -23.112  -6.643  43.073 0.0000000000
50285  -24.038  -7.664  43.684 0.0000000000
50324  -24.116  -7.637  42.020 0.0000000000
50270  -25.645  -8.185  44.857 0.0000000000
50289  -27.421  -8.403  43.664 0.0000000000
49219  -26.325  -9.033  42.347 0.0000000000
49221  -27.710  -9.205  42.109 0.0000000000
51380  -22.960  -7.010  45.296 0.0000000000
66243  -33.273  6.364  28.124 0.0000000000
67205  -34.752  7.718  28.112 0.0000000000
66258  -34.035  7.563  27.644 0.0000000000
67218  -35.433  8.257  27.617 0.0000000000
68081  -37.023  8.725  29.630 0.0000000000
67208  -37.218  8.437  29.100 0.0000000000
68091  -37.051  8.585  27.962 0.0000000000
67227  -36.074  8.712  27.195 0.0000000000
68112  -36.273  9.669  26.628 0.0000000000
68124  -38.493  9.414  26.009 0.0000000000
68968  -37.342  10.249  25.984 0.0000000000
68969  -38.313  10.187  25.388 0.0000000000
69917  -37.517  10.588  25.214 0.0000000000
68976  -38.567  10.470  24.727 0.0000000000
68965  -40.417  10.668  26.319 0.0000000000
68979  -40.434  9.900  25.342 0.0000000000
69918  -41.020  10.707  25.966 0.0000000000
70897  -42.352  11.624  27.227 0.0000000000
57553  -25.198  -1.057  37.151 0.0000000000
58653  -24.995  -0.161  37.026 0.0000000000
59822  -25.309  0.911  37.070 0.0000000000
59821  -25.062  0.774  36.436 0.0000000000
61943  -25.606  2.538  37.550 0.0000000000
63005  -25.129  3.497  35.806 0.0000000000
62995  -25.228  3.158  36.267 0.0000000000
61972  -24.751  2.527  35.263 0.0000000000
61981  -24.728  2.672  34.325 0.0000000000
63021  -24.905  3.626  33.760 0.0000000000
64124  -29.166  5.637  34.702 0.0000000000
64073  -30.416  5.701  37.339 0.0000000000
64092  -31.381  5.822  36.202 0.0000000000
53381  -13.534  -5.375  42.789 0.0000000000
53369  -13.509  -5.444  43.788 0.0000000000
52406  -13.759  -6.225  43.241 0.0000000000
51457  -13.376  -7.204  39.537 0.0000000000
52449  -13.404  -6.376  40.530 0.0000000000
51438  -13.427  -7.008  40.458 0.0000000000
48168  -13.766  -9.176  40.791 0.0000000000
50323  -13.815  -8.335  40.858 0.0000000000
50304  -13.846  -8.608  41.461 0.0000000000
51404  -13.577  -7.628  42.449 0.0000000000
49214  -13.672  -9.114  41.803 0.0000000000
49213  -13.265  -9.258  42.453 0.0000000000
48166  -13.622  -10.087  41.902 0.0000000000
116953  0.637  -14.293  50.323 0.0000000000
52557  -26.776  -7.364  35.266 0.0000000000
50346  -30.302  -7.039  41.367 0.0000000000
51445  -30.126  -6.863  41.363 0.0000000000
53395  -29.303  -5.485  41.420 0.0000000000
52454  -29.096  -5.917  41.369 0.0000000000
53409  -28.871  -5.325  40.967 0.0000000000
56475  -28.472  -2.639  40.204 0.0000000000
55411  -28.819  -3.306  40.553 0.0000000000
55410  -28.522  -3.432  40.060 0.0000000000
54383  -28.172  -4.087  39.576 0.0000000000
55435  -27.477  -3.526  39.000 0.0000000000
56481  -26.794  -2.614  39.142 0.0000000000
56488  -25.997  -2.553  38.118 0.0000000000
57555  -25.832  -1.554  38.679 0.0000000000
60902  -26.788  1.213  40.328 0.0000000000
60876  -28.164  0.829  41.983 0.0000000000
60875  -27.636  1.366  42.231 0.0000000000
53459  -20.023  -4.565  36.918 0.0000000000
53474  -19.803  -4.833  35.906 0.0000000000
53491  -20.366  -5.354  35.373 0.0000000000
51440  -22.303  -6.211  41.093 0.0000000000
51441  -22.794  -6.696  40.432 0.0000000000
52471  -22.945  -6.216  39.416 0.0000000000
50360  -25.292  -8.657  39.801 0.0000000000
57491  -15.772  -1.500  43.902 0.0000000000
56454  -14.712  -2.440  42.145 0.0000000000
56455  -15.564  -2.425  41.810 0.0000000000
55380  -18.613  -3.132  42.293 0.0000000000
56433  -18.260  -2.411  42.492 0.0000000000
56458  -17.885  -2.860  41.177 0.0000000000
55421  -16.428  -3.378  39.135 0.0000000000
55393  -16.703  -2.887  40.754 0.0000000000
55406  -15.998  -3.202  40.050 0.0000000000
55420  -15.408  -3.540  39.277 0.0000000000
54379  -15.131  -4.236  38.701 0.0000000000
54395  -15.284  -4.428  38.291 0.0000000000
69935  -39.039  11.290  23.749 0.0000000000
69936  -39.782  11.309  23.574 0.0000000000
70921  -40.096  11.920  23.435 0.0000000000
72825  -42.674  12.848  25.051 0.0000000000
73744  -41.076  15.185  24.685 0.0000000000
72834  -40.170  13.958  23.465 0.0000000000
73757  -40.422  14.287  22.128 0.0000000000
74697  -40.817  15.752  22.424 0.0000000000
74698  -41.559  16.412  22.189 0.0000000000
75683  -42.266  16.488  21.420 0.0000000000
75679  -42.270  16.900  22.133 0.0000000000
77542  -43.863  18.451  24.112 0.0000000000
77549  -44.001  18.538  23.596 0.0000000000
77551  -45.054  19.074  24.346 0.0000000000
46139  -1.990  -12.144  43.696 0.0000000000
45054  -1.723  -12.602  43.948 0.0000000000
57575  -25.107  -1.606  35.864 0.0000000000
56520  -24.916  -2.406  35.114 0.0000000000
56519  -24.739  -2.237  34.895 0.0000000000
64253  -30.489  4.541  27.141 0.0000000000
64146  -26.986  5.576  32.343 0.0000000000
65210  -27.877  5.730  31.878 0.0000000000
65223  -28.599  5.716  31.282 0.0000000000
65224  -29.580  5.475  31.543 0.0000000000
65201  -31.776  6.173  34.128 0.0000000000
65205  -30.805  5.949  33.376 0.0000000000
64183  -30.536  5.302  30.890 0.0000000000
64184  -31.224  5.053  30.504 0.0000000000
64209  -32.459  5.183  29.637 0.0000000000
65262  -32.824  5.530  29.055 0.0000000000
64210  -33.276  5.157  29.669 0.0000000000
65226  -34.561  6.316  31.277 0.0000000000
65242  -34.431  6.064  30.644 0.0000000000
66209  -34.470  6.633  30.888 0.0000000000
47087  -5.188  -10.944  46.740 0.0000000000
46097  -3.236  -11.879  45.031 0.0000000000
47138  -3.820  -11.244  44.529 0.0000000000
46141  -3.702  -11.572  42.589 0.0000000000
45073  -3.924  -12.419  42.147 0.0000000000
45034  -1.323  -12.889  45.890 0.0000000000
45052  -0.752  -13.481  45.657 0.0000000000
42945  -0.696  -15.462  46.314 0.0000000000
41019  -1.086  -17.770  46.075 0.0000000000
40987  -0.531  -17.480  47.832 0.0000000000
116924  -1.500  -16.331  48.607 0.0000000000
116955  -1.124  -15.216  50.144 0.0000000000
116927  -0.993  -15.804  49.868 0.0000000000
116919  0.196  -16.368  49.514 0.0000000000
116925  1.325  -16.083  49.260 0.0000000000
40019  2.048  -18.781  46.230 0.0000000000
46049  -1.440  -11.824  47.685 0.0000000000
117121  -27.455  -8.690  37.564 0.0000000000
49234  -28.082  -9.810  41.488 0.0000000000
48187  -27.613  -10.380  40.643 0.0000000000
117109  -27.586  -10.234  39.111 0.0000000000
117115  -27.837  -9.442  38.410 0.0000000000
52396  -21.118  -5.480  44.558 0.0000000000
54326  -19.814  -4.197  42.471 0.0000000000
71885  -38.412  12.151  22.856 0.0000000000
54445  -26.407  -4.789  35.037 0.0000000000
62022  -25.044  2.239  31.664 0.0000000000
62038  -25.285  2.112  30.803 0.0000000000
64203  -26.558  4.473  29.936 0.0000000000
47171  -11.340  -10.394  43.083 0.0000000000
47144  -9.342  -10.202  43.263 0.0000000000
47169  -9.538  -10.781  42.692 0.0000000000
47208  -9.362  -11.399  40.881 0.0000000000
50311  -29.356  -8.094  42.651 0.0000000000
51425  -29.910  -7.721  42.598 0.0000000000
51397  -30.872  -7.043  43.422 0.0000000000
52411  -30.797  -6.761  43.794 0.0000000000
50272  -27.278  -8.388  44.679 0.0000000000
50309  -27.565  -8.634  42.827 0.0000000000
67195  -34.935  7.386  29.071 0.0000000000
68103  -37.690  9.007  27.507 0.0000000000
68114  -38.618  9.035  26.826 0.0000000000
68125  -39.294  8.922  25.958 0.0000000000
68964  -39.757  10.432  26.698 0.0000000000
69910  -39.992  11.128  27.202 0.0000000000
59806  -25.494  0.583  37.693 0.0000000000
60958  -25.481  1.616  37.027 0.0000000000
64044  -25.875  5.047  38.312 0.0000000000
64068  -25.736  5.047  37.140 0.0000000000
64087  -25.876  4.679  36.238 0.0000000000
64103  -25.421  4.202  35.649 0.0000000000
64120  -25.365  4.223  35.213 0.0000000000
64104  -25.960  4.675  35.520 0.0000000000
64105  -26.347  5.205  35.094 0.0000000000
64122  -26.612  5.619  34.524 0.0000000000
65199  -27.248  6.220  34.987 0.0000000000
55367  -13.259  -3.359  43.939 0.0000000000
50340  -13.522  -8.172  40.087 0.0000000000
48180  -13.630  -10.466  40.751 0.0000000000
76629  -44.284  18.068  21.494 0.0000000000
76640  -44.128  17.535  20.602 0.0000000000
77567  -44.976  18.425  21.105 0.0000000000
77578  -45.594  18.498  20.817 0.0000000000
77584  -45.572  18.289  20.191 0.0000000000
116952  -0.452  -14.019  50.254 0.0000000000
53493  -26.282  -6.678  35.845 0.0000000000
53412  -32.463  -5.434  40.733 0.0000000000
52456  -31.004  -6.306  41.359 0.0000000000
54385  -31.913  -4.931  40.362 0.0000000000
53397  -30.897  -5.190  41.475 0.0000000000
54364  -29.471  -4.309  41.334 0.0000000000
57525  -29.617  -2.291  41.314 0.0000000000
57524  -28.913  -2.099  40.836 0.0000000000
56474  -27.715  -2.630  39.752 0.0000000000
57542  -27.140  -1.602  40.018 0.0000000000
58640  -26.743  -1.084  39.998 0.0000000000
52509  -21.162  -5.408  36.249 0.0000000000
51424  -23.489  -7.170  41.282 0.0000000000
51442  -23.580  -7.338  40.305 0.0000000000
51460  -24.100  -7.483  39.473 0.0000000000
117129  -25.839  -9.326  39.014 0.0000000000
56419  -17.212  -1.897  44.258 0.0000000000
55408  -17.906  -3.230  40.377 0.0000000000
55394  -17.551  -3.007  40.811 0.0000000000
55422  -17.526  -3.324  39.623 0.0000000000
55431  -16.677  -3.553  38.511 0.0000000000
54409  -15.968  -4.451  37.409 0.0000000000
54410  -16.616  -4.215  37.226 0.0000000000
70910  -40.571  11.187  23.835 0.0000000000
70911  -41.165  11.877  24.368 0.0000000000
72820  -42.361  14.208  25.696 0.0000000000
75674  -41.588  17.143  23.934 0.0000000000
75675  -42.156  17.359  22.965 0.0000000000
76610  -42.182  17.557  23.859 0.0000000000
76604  -43.318  17.957  24.527 0.0000000000
77537  -44.173  18.423  25.444 0.0000000000
44002  -2.238  -13.443  42.770 0.0000000000
57596  -24.583  -1.518  34.162 0.0000000000
57608  -24.478  -1.584  33.023 0.0000000000
63102  -29.566  4.141  27.523 0.0000000000
65204  -28.675  5.620  33.050 0.0000000000
64147  -29.037  5.399  33.163 0.0000000000
65207  -32.125  6.658  33.092 0.0000000000
64140  -31.372  6.164  32.715 0.0000000000
64151  -31.703  6.217  32.192 0.0000000000
63034  -31.536  5.490  31.811 0.0000000000
63050  -31.786  4.929  31.587 0.0000000000
64164  -31.757  4.695  31.041 0.0000000000
63051  -32.336  4.779  31.314 0.0000000000
63068  -32.785  4.895  30.855 0.0000000000
63069  -33.206  5.178  30.730 0.0000000000
64187  -33.594  5.082  30.272 0.0000000000
62043  -33.682  5.590  31.113 0.0000000000
64154  -34.446  5.875  32.163 0.0000000000
66184  -34.717  6.853  32.503 0.0000000000
47101  -6.687  -9.923  44.578 0.0000000000
46142  -4.528  -11.803  42.189 0.0000000000
116973  -0.159  -14.934  45.596 0.0000000000
116964  -1.236  -15.841  47.024 0.0000000000
40008  -0.660  -17.783  47.253 0.0000000000
116914  0.852  -17.283  48.471 0.0000000000
116932  1.429  -17.211  48.114 0.0000000000
50252  -25.680  -8.430  45.921 0.0000000000
50255  -27.761  -7.958  45.666 0.0000000000
67170  -36.203  8.495  31.633 0.0000000000
67184  -36.371  8.302  30.817 0.0000000000
68072  -36.792  9.104  30.226 0.0000000000
68073  -37.195  9.534  29.875 0.0000000000
68953  -38.575  9.990  28.539 0.0000000000
69899  -39.134  10.608  28.534 0.0000000000
69904  -39.514  10.683  27.897 0.0000000000
61906  -25.966  2.735  39.484 0.0000000000
61923  -25.755  2.380  38.683 0.0000000000
64070  -27.997  6.086  37.457 0.0000000000
53421  -14.341  -5.270  39.337 0.0000000000
53420  -13.792  -5.494  40.033 0.0000000000
52478  -13.989  -5.972  39.218 0.0000000000
116971  -0.411  -12.873  49.739 0.0000000000
116963  -0.648  -13.280  49.619 0.0000000000
52535  -26.673  -7.692  37.072 0.0000000000
117125  -27.181  -6.927  37.963 0.0000000000
52496  -27.670  -6.074  38.071 0.0000000000
58609  -28.716  -0.421  41.262 0.0000000000
53460  -20.870  -4.697  37.325 0.0000000000
50326  -25.462  -8.746  41.045 0.0000000000
117124  -25.800  -9.124  39.402 0.0000000000
55358  -18.122  -3.284  44.680 0.0000000000
54325  -19.217  -3.602  41.908 0.0000000000
55409  -18.579  -3.450  40.537 0.0000000000
55423  -18.345  -3.469  39.909 0.0000000000
68121  -34.767  9.125  25.153 0.0000000000
70903  -43.152  11.427  26.248 0.0000000000
75655  -44.223  16.893  26.786 0.0000000000
59888  -25.172  0.048  33.067 0.0000000000
59909  -25.111  0.256  32.267 0.0000000000
64126  -31.193  5.787  34.717 0.0000000000
64127  -31.751  5.929  34.794 0.0000000000
117952  -32.260  6.365  34.387 0.0000000000
117948  -32.388  6.611  33.945 0.0000000000
117947  -32.548  6.870  33.741 0.0000000000
117958  -33.781  7.011  32.699 0.0000000000
48141  -10.379  -9.199  43.127 0.0000000000
48135  -9.864  -8.538  43.436 0.0000000000
48132  -7.342  -9.528  43.892 0.0000000000
47120  -7.315  -9.961  43.715 0.0000000000
47166  -6.526  -10.938  42.712 0.0000000000
40020  0.434  -19.338  46.483 0.0000000000
49236  -29.141  -8.294  40.918 0.0000000000
50330  -30.602  -7.061  41.446 0.0000000000
51426  -30.352  -7.403  42.251 0.0000000000
51427  -31.002  -7.113  41.726 0.0000000000
52440  -32.205  -6.998  40.828 0.0000000000
53398  -33.138  -5.678  41.323 0.0000000000
52399  -30.602  -6.297  44.348 0.0000000000
52420  -21.417  -5.405  42.528 0.0000000000
52437  -21.893  -5.666  41.545 0.0000000000
52421  -22.041  -5.670  42.660 0.0000000000
51405  -22.480  -6.149  42.415 0.0000000000
51406  -22.809  -6.476  42.299 0.0000000000
51407  -23.443  -6.951  42.459 0.0000000000
52381  -21.639  -6.295  45.511 0.0000000000
52397  -21.697  -5.815  44.376 0.0000000000
53372  -21.450  -5.441  43.404 0.0000000000
65305  -32.113  6.012  27.726 0.0000000000
66261  -31.710  6.178  27.138 0.0000000000
67226  -35.316  8.925  26.997 0.0000000000
68967  -36.549  10.252  25.676 0.0000000000
68962  -36.990  10.008  26.499 0.0000000000
69915  -36.724  10.390  25.421 0.0000000000
69923  -36.997  10.688  24.518 0.0000000000
70909  -38.008  11.414  23.928 0.0000000000
69925  -38.824  10.752  24.286 0.0000000000
68978  -40.028  9.784  24.914 0.0000000000
69919  -42.019  10.693  25.475 0.0000000000
69913  -42.714  10.658  26.074 0.0000000000
69905  -40.113  10.931  27.804 0.0000000000
69906  -40.815  11.110  27.539 0.0000000000
70902  -42.652  10.976  26.532 0.0000000000
56495  -25.748  -2.260  37.109 0.0000000000
56505  -25.614  -2.379  36.009 0.0000000000
57576  -25.427  -1.916  36.135 0.0000000000
58680  -24.889  -0.750  35.316 0.0000000000
58666  -24.891  -0.414  36.063 0.0000000000
63032  -25.026  3.099  32.589 0.0000000000
63033  -25.405  4.116  32.086 0.0000000000
64089  -28.732  6.031  36.653 0.0000000000
64090  -29.572  5.671  36.643 0.0000000000
64072  -29.943  5.801  37.486 0.0000000000
53405  -13.567  -5.239  40.644 0.0000000000
52448  -13.434  -6.153  41.047 0.0000000000
52433  -13.566  -6.599  41.747 0.0000000000
51439  -13.560  -7.721  40.400 0.0000000000
51420  -13.684  -7.310  41.557 0.0000000000
52419  -13.734  -7.010  42.186 0.0000000000
52407  -13.634  -7.034  42.986 0.0000000000
51391  -13.251  -7.639  43.023 0.0000000000
50283  -12.260  -7.888  42.640 0.0000000000
49204  -12.409  -8.635  42.792 0.0000000000
48165  -12.871  -10.225  42.848 0.0000000000
47194  -13.369  -10.710  41.443 0.0000000000
47193  -12.717  -10.977  42.199 0.0000000000
76642  -46.307  18.483  20.361 0.0000000000
56496  -26.086  -2.968  36.815 0.0000000000
50344  -29.047  -8.031  39.975 0.0000000000
50363  -28.965  -7.669  39.944 0.0000000000
51463  -28.776  -7.056  39.841 0.0000000000
51475  -28.419  -6.878  39.198 0.0000000000
52497  -27.988  -5.644  38.507 0.0000000000
53448  -28.155  -5.327  38.981 0.0000000000
54363  -28.857  -4.351  40.766 0.0000000000
54384  -28.381  -4.438  39.976 0.0000000000
53427  -28.150  -4.675  39.317 0.0000000000
53447  -27.846  -4.886  38.609 0.0000000000
54414  -27.512  -4.573  38.002 0.0000000000
54413  -27.247  -3.898  38.080 0.0000000000
55424  -27.340  -3.044  39.304 0.0000000000
55434  -26.958  -3.281  38.535 0.0000000000
57554  -25.542  -1.640  37.710 0.0000000000
58639  -26.175  -0.754  39.288 0.0000000000
59807  -25.870  -0.072  38.547 0.0000000000
59766  -27.896  0.222  40.895 0.0000000000
59765  -27.296  0.737  40.636 0.0000000000
61907  -26.216  1.942  39.926 0.0000000000
52452  -21.851  -5.770  40.726 0.0000000000
53425  -22.171  -5.554  39.340 0.0000000000
52470  -22.550  -6.033  39.724 0.0000000000
53445  -22.626  -5.656  38.739 0.0000000000
53463  -22.870  -5.650  38.233 0.0000000000
52512  -23.674  -6.644  36.606 0.0000000000
56429  -14.229  -2.218  43.931 0.0000000000
56441  -14.161  -2.172  42.892 0.0000000000
55379  -13.972  -2.768  42.091 0.0000000000
55404  -13.944  -3.644  40.842 0.0000000000
56432  -17.675  -1.861  43.187 0.0000000000
56457  -17.400  -2.625  41.253 0.0000000000
56456  -16.558  -2.427  41.472 0.0000000000
55405  -14.737  -3.459  40.093 0.0000000000
54359  -14.401  -4.429  39.673 0.0000000000
54378  -14.699  -4.558  39.159 0.0000000000
53440  -15.029  -5.168  38.231 0.0000000000
53441  -15.706  -4.690  37.665 0.0000000000
71886  -38.773  12.276  22.833 0.0000000000
72842  -40.122  13.644  22.388 0.0000000000
71878  -42.727  12.376  24.996 0.0000000000
71876  -40.943  13.168  24.491 0.0000000000
73766  -40.457  14.046  21.808 0.0000000000
73767  -40.892  14.597  21.350 0.0000000000
74701  -40.835  15.285  21.869 0.0000000000
75684  -42.973  16.933  21.499 0.0000000000
75676  -42.995  17.605  22.698 0.0000000000
76619  -43.522  17.852  22.259 0.0000000000
76620  -44.298  18.329  22.405 0.0000000000
76613  -45.418  18.795  23.454 0.0000000000
46096  -2.592  -12.219  45.562 0.0000000000
46095  -1.939  -12.386  46.168 0.0000000000
45053  -1.297  -13.018  44.727 0.0000000000
44000  -1.132  -13.631  44.114 0.0000000000
44001  -1.553  -14.224  43.397 0.0000000000
43986  -0.761  -14.848  44.091 0.0000000000
58727  -24.781  -0.649  32.524 0.0000000000
64180  -27.114  5.156  30.332 0.0000000000
65222  -27.721  5.631  30.928 0.0000000000
65237  -27.688  5.462  30.365 0.0000000000
64182  -28.442  5.307  29.819 0.0000000000
64138  -30.302  5.691  33.407 0.0000000000
64161  -29.911  5.230  32.201 0.0000000000
65225  -30.121  5.369  31.221 0.0000000000
65260  -29.685  5.394  30.234 0.0000000000
65259  -29.518  5.341  29.985 0.0000000000
64232  -31.388  5.442  28.394 0.0000000000
65284  -31.879  5.651  28.317 0.0000000000
65285  -32.395  5.788  28.190 0.0000000000
65286  -33.121  5.857  28.551 0.0000000000
64211  -34.034  5.330  29.772 0.0000000000
65265  -34.335  6.130  30.118 0.0000000000
65264  -34.124  6.162  29.563 0.0000000000
66208  -34.553  7.115  30.653 0.0000000000
67168  -35.078  7.386  30.864 0.0000000000
67169  -35.695  7.821  31.452 0.0000000000
117959  -34.559  7.267  32.973 0.0000000000
47086  -4.428  -10.953  47.060 0.0000000000
47097  -3.554  -11.283  46.502 0.0000000000
46073  -3.217  -11.791  45.840 0.0000000000
46121  -3.028  -11.605  44.290 0.0000000000
46140  -2.649  -11.645  43.410 0.0000000000
47186  -5.224  -11.694  42.089 0.0000000000
45018  -1.338  -12.715  46.968 0.0000000000
44957  -1.297  -14.110  49.634 0.0000000000
116954  -0.590  -14.607  50.267 0.0000000000
116926  -0.114  -15.294  50.055 0.0000000000
38998  0.962  -19.746  46.355 0.0000000000
38997  1.404  -19.350  46.278 0.0000000000
40005  1.224  -18.835  47.065 0.0000000000
39982  1.310  -18.388  47.257 0.0000000000
40986  1.532  -18.018  47.379 0.0000000000
38974  1.334  -18.999  46.762 0.0000000000
38975  1.106  -19.273  46.763 0.0000000000
38976  0.781  -19.420  46.552 0.0000000000
48133  -8.503  -8.832  43.553 0.0000000000
48151  -11.041  -9.567  43.269 0.0000000000
48182  -13.697  -9.301  40.432 0.0000000000
49203  -11.581  -8.545  42.917 0.0000000000
49205  -13.281  -8.770  42.496 0.0000000000
49215  -13.879  -8.969  41.096 0.0000000000
49228  -13.670  -8.833  40.544 0.0000000000
49251  -29.135  -8.202  40.646 0.0000000000
50303  -13.734  -8.304  42.083 0.0000000000
50347  -30.653  -6.905  41.295 0.0000000000
51394  -24.075  -7.632  43.962 0.0000000000
51410  -31.280  -7.148  42.734 0.0000000000
51411  -31.894  -7.261  41.901 0.0000000000
51412  -32.293  -7.132  41.358 0.0000000000
51419  -13.516  -6.717  41.342 0.0000000000
51421  -13.724  -7.729  40.955 0.0000000000
51428  -31.759  -7.307  41.008 0.0000000000
51429  -32.279  -7.087  41.020 0.0000000000
51447  -31.555  -7.005  40.855 0.0000000000
51456  -13.454  -6.684  39.791 0.0000000000
51458  -22.860  -6.449  39.759 0.0000000000
51461  -27.927  -7.240  38.855 0.0000000000
52395  -13.400  -7.323  43.412 0.0000000000
52412  -31.459  -6.439  43.521 0.0000000000
52414  -32.707  -6.511  42.553 0.0000000000
52434  -13.711  -7.002  41.844 0.0000000000
52435  -20.826  -5.191  41.782 0.0000000000
52438  -29.255  -5.705  41.470 0.0000000000
52439  -29.472  -5.714  41.482 0.0000000000
52441  -32.628  -6.650  41.175 0.0000000000
52455  -29.909  -6.121  41.547 0.0000000000
52457  -31.925  -6.514  40.729 0.0000000000
52458  -32.739  -5.934  40.830 0.0000000000
52465  -13.498  -5.867  40.395 0.0000000000
52467  -13.673  -6.459  39.399 0.0000000000
52469  -21.967  -5.644  40.034 0.0000000000
52480  -22.799  -5.904  39.203 0.0000000000
52483  -27.766  -6.730  38.423 0.0000000000
52493  -21.811  -5.336  37.063 0.0000000000
53375  -32.924  -5.908  42.839 0.0000000000
53384  -21.475  -5.425  42.817 0.0000000000
53385  -33.161  -6.133  42.083 0.0000000000
53396  -29.982  -5.354  41.457 0.0000000000
53406  -14.094  -4.996  40.048 0.0000000000
53411  -31.815  -5.359  40.935 0.0000000000
53413  -33.005  -5.241  40.797 0.0000000000
53422  -14.790  -4.807  38.843 0.0000000000
53426  -22.557  -5.753  39.259 0.0000000000
53429  -31.999  -4.985  40.260 0.0000000000
53430  -32.262  -4.995  40.366 0.0000000000
53431  -32.655  -4.989  40.578 0.0000000000
53446  -23.040  -5.741  38.405 0.0000000000
53462  -22.439  -5.495  38.022 0.0000000000
53465  -27.905  -5.299  38.521 0.0000000000
53476  -21.291  -5.055  36.889 0.0000000000
54345  -32.485  -4.744  41.501 0.0000000000
54346  -33.145  -4.888  41.444 0.0000000000
54365  -31.979  -4.955  40.657 0.0000000000
54367  -32.867  -4.756  40.865 0.0000000000
54386  -32.119  -4.775  40.321 0.0000000000
54387  -32.469  -4.855  40.503 0.0000000000
54396  -15.791  -3.893  38.048 0.0000000000
55426  -28.568  -3.179  40.045 0.0000000000
56442  -15.384  -1.957  42.725 0.0000000000
56445  -18.120  -2.630  41.662 0.0000000000
56538  -24.623  -2.112  34.604 0.0000000000
57492  -15.976  -1.430  44.026 0.0000000000
57531  -27.166  -2.209  39.728 0.0000000000
57584  -24.682  -2.012  34.895 0.0000000000
57595  -24.641  -1.775  34.659 0.0000000000
62005  -32.213  5.410  31.769 0.0000000000
62007  -32.987  5.876  31.688 0.0000000000
62008  -33.270  5.827  31.773 0.0000000000
62024  -32.537  5.265  31.617 0.0000000000
62025  -32.873  5.532  31.449 0.0000000000
62027  -33.485  5.695  31.469 0.0000000000
62040  -32.757  5.137  31.274 0.0000000000
62041  -33.016  5.410  31.003 0.0000000000
62042  -33.303  5.574  31.049 0.0000000000
63006  -25.468  4.185  36.006 0.0000000000
63037  -33.381  5.937  32.037 0.0000000000
63052  -34.015  5.554  31.499 0.0000000000
63053  -34.182  5.590  31.312 0.0000000000
63070  -33.647  5.362  30.791 0.0000000000
63071  -33.983  5.531  30.983 0.0000000000
63072  -34.039  5.298  31.190 0.0000000000
64121  -25.895  4.817  34.802 0.0000000000
64149  -30.361  5.496  32.540 0.0000000000
64165  -34.141  5.649  32.056 0.0000000000
64166  -34.415  5.688  31.686 0.0000000000
64188  -34.143  5.474  30.494 0.0000000000
64212  -34.319  5.930  29.847 0.0000000000
65176  -27.364  6.305  36.304 0.0000000000
65190  -26.390  5.214  35.392 0.0000000000
65198  -27.095  6.061  34.775 0.0000000000
65213  -31.878  6.849  32.243 0.0000000000
65215  -34.678  6.279  31.978 0.0000000000
65216  -34.731  6.008  32.017 0.0000000000
65227  -34.610  5.974  31.522 0.0000000000
65240  -29.892  5.446  30.692 0.0000000000
65243  -34.519  6.001  31.117 0.0000000000
66255  -31.945  6.125  27.548 0.0000000000
67198  -37.113  8.587  29.413 0.0000000000
67209  -38.630  9.117  27.491 0.0000000000
67220  -38.828  8.927  27.224 0.0000000000
67221  -39.008  9.108  27.387 0.0000000000
67229  -39.174  8.863  27.172 0.0000000000
68094  -39.029  9.621  27.451 0.0000000000
68095  -39.171  9.934  27.292 0.0000000000
68106  -39.360  9.854  27.068 0.0000000000
68115  -39.410  8.758  26.717 0.0000000000
68123  -37.974  9.906  26.090 0.0000000000
68937  -37.123  9.842  30.483 0.0000000000
68955  -39.069  9.947  27.421 0.0000000000
68958  -39.405  10.579  27.338 0.0000000000
68972  -40.546  10.191  25.917 0.0000000000
69898  -38.640  10.388  29.021 0.0000000000
69909  -39.752  10.944  27.478 0.0000000000
69920  -42.903  10.940  25.579 0.0000000000
69922  -36.682  10.425  25.165 0.0000000000
71873  -42.706  12.108  24.995 0.0000000000
74686  -41.952  16.450  25.184 0.0000000000
75654  -43.467  16.974  26.515 0.0000000000
75664  -42.214  16.806  24.988 0.0000000000
75672  -42.314  17.035  24.869 0.0000000000
76581  -43.050  17.418  25.597 0.0000000000
76582  -43.418  17.567  26.031 0.0000000000
76595  -43.500  17.891  25.337 0.0000000000
76602  -42.102  17.366  24.276 0.0000000000
76603  -42.541  17.488  24.518 0.0000000000
76609  -41.869  17.312  24.157 0.0000000000
77536  -43.819  18.334  24.805 0.0000000000
77550  -44.488  18.849  23.848 0.0000000000
77566  -44.579  18.099  20.839 0.0000000000
77568  -45.448  18.539  21.292 0.0000000000
116931  -1.648  -16.161  48.660 0.0000000000
116934  -1.727  -16.043  48.471 0.0000000000
116956  -1.778  -16.020  48.945 0.0000000000
116957  -1.794  -15.899  48.670 0.0000000000
116970  -0.382  -12.385  49.908 0.0000000000
117949  -32.363  6.717  33.549 0.0000000000
