#!ascii label  , from subject sub.01.base.01 vox2ras=TkReg
1145
92039  -48.658  35.832  10.582 0.0000000000
105169  -39.780  53.474  7.948 0.0000000000
98737  -39.140  43.242  12.031 0.0000000000
99404  -45.453  44.172  9.626 0.0000000000
104624  -43.964  51.964  3.843 0.0000000000
103380  -43.912  49.929  9.415 0.0000000000
100734  -45.226  46.981  5.756 0.0000000000
99399  -40.576  43.970  9.015 0.0000000000
90462  -42.085  32.521  17.845 0.0000000000
91992  -44.688  35.215  15.883 0.0000000000
104607  -33.677  51.809  4.435 0.0000000000
105230  -38.368  53.574  1.431 0.0000000000
104637  -43.948  52.443  -1.982 0.0000000000
95074  -43.535  39.056  12.460 0.0000000000
103370  -39.201  50.603  10.782 0.0000000000
99965  -44.567  45.286  12.785 0.0000000000
96548  -46.519  40.439  8.416 0.0000000000
96598  -44.158  39.837  4.297 0.0000000000
95860  -40.383  39.391  4.270 0.0000000000
92894  -46.944  36.376  7.739 0.0000000000
102799  -46.408  48.905  1.459 0.0000000000
102754  -45.994  49.229  4.220 0.0000000000
101422  -45.388  47.429  3.188 0.0000000000
100743  -43.059  47.355  5.078 0.0000000000
118630  -44.557  33.597  17.020 0.0000000000
91976  -41.123  34.275  17.203 0.0000000000
105189  -31.374  52.939  5.830 0.0000000000
105245  -41.085  53.716  -0.180 0.0000000000
95060  -40.889  38.583  13.808 0.0000000000
97264  -41.140  41.364  13.208 0.0000000000
105165  -36.527  53.580  9.460 0.0000000000
105137  -39.352  53.340  10.559 0.0000000000
102051  -45.793  47.767  9.305 0.0000000000
101328  -44.762  47.706  11.410 0.0000000000
99997  -46.646  45.167  11.371 0.0000000000
97282  -46.535  42.250  11.477 0.0000000000
98075  -45.485  41.557  9.449 0.0000000000
95853  -46.304  39.602  5.592 0.0000000000
96532  -44.213  40.698  9.166 0.0000000000
97354  -40.525  41.380  5.600 0.0000000000
105802  -42.388  54.427  5.648 0.0000000000
105171  -41.650  53.026  8.654 0.0000000000
104000  -43.576  51.217  6.461 0.0000000000
102058  -45.572  48.932  7.265 0.0000000000
100698  -45.064  46.749  7.694 0.0000000000
99402  -43.540  44.160  9.335 0.0000000000
100696  -42.751  46.518  7.572 0.0000000000
100708  -40.069  46.720  6.808 0.0000000000
118604  -46.329  32.200  19.137 0.0000000000
92762  -48.534  35.152  18.332 0.0000000000
93588  -47.610  36.290  14.376 0.0000000000
105174  -31.151  53.335  7.892 0.0000000000
103984  -33.675  51.450  7.437 0.0000000000
104600  -37.289  51.912  5.832 0.0000000000
105199  -39.540  54.296  4.496 0.0000000000
105224  -41.555  53.749  2.663 0.0000000000
103448  -42.838  50.653  0.775 0.0000000000
102840  -44.169  49.245  -1.429 0.0000000000
103508  -43.754  50.779  -3.337 0.0000000000
93566  -40.774  36.269  15.192 0.0000000000
94358  -43.615  36.849  14.067 0.0000000000
95078  -46.963  37.960  12.519 0.0000000000
100673  -39.517  46.699  10.823 0.0000000000
103956  -42.051  51.418  10.948 0.0000000000
101325  -42.017  47.540  11.393 0.0000000000
99372  -42.204  44.065  11.792 0.0000000000
98030  -44.131  42.041  13.823 0.0000000000
95789  -45.637  40.089  10.783 0.0000000000
95120  -48.183  38.267  8.433 0.0000000000
94445  -47.360  37.523  4.831 0.0000000000
93740  -46.362  36.746  1.448 0.0000000000
95182  -42.491  38.275  0.597 0.0000000000
97348  -42.086  41.024  6.764 0.0000000000
97378  -41.775  41.189  2.765 0.0000000000
95165  -40.417  38.030  2.414 0.0000000000
92826  -48.154  35.560  12.809 0.0000000000
92858  -47.836  35.692  9.969 0.0000000000
92878  -48.473  35.895  9.212 0.0000000000
101471  -46.153  47.597  0.278 0.0000000000
101441  -46.215  47.801  1.945 0.0000000000
101455  -44.749  47.301  1.232 0.0000000000
101438  -43.521  47.628  2.382 0.0000000000
98026  -39.781  42.117  13.053 0.0000000000
105167  -38.295  53.383  8.736 0.0000000000
100681  -45.894  46.052  9.737 0.0000000000
100677  -46.242  45.945  10.819 0.0000000000
99392  -46.630  44.532  10.132 0.0000000000
98766  -47.051  43.091  9.798 0.0000000000
98765  -46.009  43.179  9.496 0.0000000000
97304  -45.031  41.515  9.101 0.0000000000
98764  -44.933  43.184  9.930 0.0000000000
105211  -43.216  53.679  4.253 0.0000000000
105193  -43.196  53.395  5.927 0.0000000000
104603  -44.152  52.184  4.999 0.0000000000
101380  -46.134  47.616  5.079 0.0000000000
102740  -45.701  48.968  6.151 0.0000000000
101361  -46.031  47.712  6.170 0.0000000000
100699  -45.609  47.202  7.853 0.0000000000
101352  -45.488  47.163  7.165 0.0000000000
100697  -44.084  46.221  7.924 0.0000000000
100712  -44.294  46.781  6.765 0.0000000000
100730  -41.251  47.122  5.914 0.0000000000
91982  -43.510  34.259  16.516 0.0000000000
118585  -46.183  33.917  18.424 0.0000000000
92771  -46.277  34.982  17.122 0.0000000000
93560  -48.572  36.243  16.525 0.0000000000
92800  -46.476  35.866  15.711 0.0000000000
104595  -32.165  52.368  5.404 0.0000000000
104584  -32.063  52.453  6.276 0.0000000000
104586  -33.968  51.359  5.974 0.0000000000
103997  -35.917  51.274  6.679 0.0000000000
104598  -35.211  51.553  5.232 0.0000000000
105220  -37.598  53.469  2.379 0.0000000000
105197  -37.578  52.918  4.126 0.0000000000
105834  -38.958  54.268  2.898 0.0000000000
105821  -40.544  54.725  3.499 0.0000000000
105222  -39.908  53.910  2.159 0.0000000000
105246  -42.270  53.338  -0.487 0.0000000000
104632  -42.309  52.414  0.285 0.0000000000
104032  -43.111  51.315  -0.620 0.0000000000
102812  -44.066  49.516  -0.093 0.0000000000
103496  -43.589  50.698  -2.105 0.0000000000
102849  -43.835  49.675  -2.457 0.0000000000
104040  -44.203  51.783  -2.325 0.0000000000
94340  -36.598  37.273  16.270 0.0000000000
93543  -36.155  36.367  18.053 0.0000000000
93547  -37.275  36.113  16.843 0.0000000000
92780  -39.210  35.594  16.535 0.0000000000
93564  -38.867  36.730  15.614 0.0000000000
95061  -41.765  38.771  13.365 0.0000000000
94356  -41.757  37.243  13.902 0.0000000000
95063  -43.523  38.343  12.800 0.0000000000
94373  -45.669  37.248  13.628 0.0000000000
95076  -45.447  38.956  12.368 0.0000000000
102715  -38.130  49.629  9.963 0.0000000000
101337  -37.843  47.858  10.695 0.0000000000
102043  -39.530  48.355  10.423 0.0000000000
103981  -42.366  51.555  8.737 0.0000000000
104552  -41.945  51.964  10.325 0.0000000000
103371  -42.830  50.773  10.502 0.0000000000
100663  -44.474  47.103  11.676 0.0000000000
101326  -43.176  47.653  11.185 0.0000000000
100643  -43.356  46.175  11.924 0.0000000000
100003  -42.325  45.417  10.947 0.0000000000
99373  -43.587  44.586  12.343 0.0000000000
98042  -43.547  43.041  13.025 0.0000000000
98716  -44.363  43.513  14.496 0.0000000000
97305  -45.749  41.478  10.001 0.0000000000
97289  -45.555  41.312  10.846 0.0000000000
95803  -46.617  39.829  9.103 0.0000000000
95791  -46.788  39.055  10.296 0.0000000000
95818  -47.426  39.454  8.425 0.0000000000
95133  -48.255  38.127  6.536 0.0000000000
95843  -47.809  39.676  6.667 0.0000000000
95862  -45.690  38.948  4.337 0.0000000000
95158  -46.710  38.285  3.256 0.0000000000
95175  -45.601  38.712  1.740 0.0000000000
93747  -44.548  37.449  0.903 0.0000000000
95905  -44.372  39.100  1.176 0.0000000000
99401  -41.918  44.138  8.895 0.0000000000
98059  -42.364  42.650  9.456 0.0000000000
98073  -41.112  42.280  8.673 0.0000000000
97364  -40.313  40.887  5.008 0.0000000000
97365  -41.217  41.337  4.596 0.0000000000
96604  -40.834  40.209  3.559 0.0000000000
95880  -41.385  39.688  2.022 0.0000000000
95145  -40.378  38.483  4.024 0.0000000000
94452  -39.361  37.042  4.042 0.0000000000
90492  -48.578  33.689  14.755 0.0000000000
92919  -45.911  35.989  6.205 0.0000000000
103417  -45.351  50.010  2.298 0.0000000000
104015  -45.117  50.917  3.967 0.0000000000
102766  -46.335  49.143  3.203 0.0000000000
101403  -45.975  47.745  3.990 0.0000000000
101402  -45.348  47.128  4.425 0.0000000000
100744  -43.918  47.212  5.073 0.0000000000
101401  -44.217  47.326  4.283 0.0000000000
118637  -42.814  33.035  17.631 0.0000000000
118638  -41.903  33.287  17.660 0.0000000000
91981  -42.227  34.456  16.489 0.0000000000
105202  -31.543  53.121  3.855 0.0000000000
105239  -40.280  53.405  0.537 0.0000000000
105875  -42.933  54.478  -1.468 0.0000000000
105255  -43.567  53.852  -2.308 0.0000000000
94354  -39.486  37.678  14.688 0.0000000000
95759  -41.548  39.517  13.448 0.0000000000
96493  -42.494  40.444  13.494 0.0000000000
103969  -39.279  51.553  10.858 0.0000000000
102727  -44.957  49.062  9.377 0.0000000000
102719  -44.108  49.365  10.370 0.0000000000
101342  -45.523  47.574  10.333 0.0000000000
101316  -45.621  46.582  11.928 0.0000000000
99967  -46.158  45.316  13.520 0.0000000000
98719  -46.188  43.416  13.833 0.0000000000
98751  -46.834  43.418  11.782 0.0000000000
98064  -46.690  41.990  10.025 0.0000000000
97322  -45.792  40.999  9.045 0.0000000000
96563  -46.604  40.551  7.414 0.0000000000
97337  -45.739  40.840  8.098 0.0000000000
95829  -45.078  39.529  7.202 0.0000000000
95839  -44.143  39.512  5.921 0.0000000000
98087  -40.296  42.434  7.446 0.0000000000
99368  -37.562  44.223  12.228 0.0000000000
105782  -41.059  53.974  6.830 0.0000000000
105772  -40.541  53.666  8.178 0.0000000000
105793  -42.450  54.084  6.658 0.0000000000
104580  -42.482  52.417  7.322 0.0000000000
103386  -43.363  50.425  7.653 0.0000000000
103396  -45.072  50.187  5.184 0.0000000000
103388  -44.645  49.807  6.593 0.0000000000
102731  -45.107  49.239  8.439 0.0000000000
102055  -46.013  48.163  8.147 0.0000000000
100686  -45.557  46.846  8.680 0.0000000000
100023  -44.958  45.597  9.276 0.0000000000
99403  -44.439  44.166  9.664 0.0000000000
100022  -44.361  45.700  8.859 0.0000000000
100020  -42.785  45.280  8.396 0.0000000000
100019  -41.895  45.149  8.186 0.0000000000
100710  -42.056  46.743  6.621 0.0000000000
100695  -41.708  46.315  7.321 0.0000000000
118588  -45.865  33.150  19.205 0.0000000000
118627  -47.578  33.971  18.650 0.0000000000
91224  -49.577  33.592  17.006 0.0000000000
91995  -49.247  34.989  15.542 0.0000000000
92813  -49.087  36.169  14.511 0.0000000000
93600  -48.027  36.199  13.731 0.0000000000
105149  -32.636  52.951  9.482 0.0000000000
104565  -32.497  52.421  7.960 0.0000000000
104567  -34.298  51.970  8.636 0.0000000000
104568  -35.361  52.191  9.111 0.0000000000
103980  -37.069  51.981  8.351 0.0000000000
105182  -38.767  52.876  6.754 0.0000000000
104619  -35.172  52.397  3.755 0.0000000000
104610  -36.814  52.460  4.596 0.0000000000
104611  -37.883  52.675  4.985 0.0000000000
105183  -39.601  53.407  6.368 0.0000000000
105800  -41.061  54.562  4.988 0.0000000000
105823  -42.189  54.316  3.929 0.0000000000
104628  -42.841  53.174  3.330 0.0000000000
105233  -41.345  53.378  1.743 0.0000000000
104630  -42.032  52.325  1.488 0.0000000000
103415  -43.053  50.798  2.303 0.0000000000
103433  -44.395  49.721  1.241 0.0000000000
102132  -44.971  48.564  -0.052 0.0000000000
101519  -44.755  47.658  -2.586 0.0000000000
102181  -44.232  48.893  -3.273 0.0000000000
104643  -44.586  52.673  -3.119 0.0000000000
92782  -40.809  35.390  16.067 0.0000000000
92796  -42.267  35.466  15.547 0.0000000000
94355  -40.634  37.456  14.277 0.0000000000
93583  -42.816  36.476  14.608 0.0000000000
92810  -44.647  35.905  14.842 0.0000000000
93586  -45.849  36.708  14.127 0.0000000000
93598  -47.043  37.133  13.569 0.0000000000
94385  -48.156  37.270  11.883 0.0000000000
99380  -38.979  44.532  11.462 0.0000000000
105747  -40.771  53.456  10.010 0.0000000000
105122  -40.825  52.823  10.911 0.0000000000
103359  -40.778  50.603  11.372 0.0000000000
102706  -43.206  49.534  10.957 0.0000000000
102030  -41.646  48.697  11.409 0.0000000000
102029  -40.681  48.786  11.299 0.0000000000
101340  -40.888  47.322  10.628 0.0000000000
99993  -40.611  45.474  11.220 0.0000000000
99370  -40.757  43.830  12.021 0.0000000000
98728  -41.342  42.952  13.041 0.0000000000
97265  -42.328  41.392  13.551 0.0000000000
96494  -43.634  40.416  13.427 0.0000000000
96496  -45.629  42.121  13.821 0.0000000000
97279  -44.632  40.876  12.351 0.0000000000
95769  -44.942  39.643  12.335 0.0000000000
95085  -46.341  38.883  11.413 0.0000000000
94399  -47.776  37.831  10.768 0.0000000000
94408  -48.978  36.613  9.727 0.0000000000
93670  -48.320  36.744  7.482 0.0000000000
93687  -47.426  36.935  6.215 0.0000000000
93700  -46.552  36.453  4.881 0.0000000000
95864  -47.248  39.064  4.721 0.0000000000
93726  -47.037  36.806  3.156 0.0000000000
93711  -45.694  36.488  3.549 0.0000000000
93723  -44.521  36.945  2.322 0.0000000000
93737  -43.066  37.338  1.658 0.0000000000
98060  -43.376  42.527  9.393 0.0000000000
96544  -42.837  40.324  8.332 0.0000000000
96571  -42.727  40.519  6.077 0.0000000000
97347  -41.453  41.577  6.400 0.0000000000
97366  -42.169  41.415  4.574 0.0000000000
96606  -43.117  40.798  3.061 0.0000000000
96623  -42.121  40.259  1.700 0.0000000000
95888  -40.842  38.502  1.746 0.0000000000
92038  -48.276  35.655  11.776 0.0000000000
118679  -47.984  35.485  11.764 0.0000000000
92859  -48.499  35.669  10.295 0.0000000000
92860  -48.974  35.800  9.971 0.0000000000
101470  -45.890  47.049  0.371 0.0000000000
101456  -45.681  47.256  1.185 0.0000000000
98038  -39.495  42.638  12.479 0.0000000000
105168  -39.106  53.387  8.254 0.0000000000
105770  -38.882  53.527  8.879 0.0000000000
105771  -39.460  53.560  8.741 0.0000000000
100011  -45.565  45.275  9.614 0.0000000000
100012  -46.247  44.980  9.980 0.0000000000
99405  -46.468  44.124  9.771 0.0000000000
104623  -43.356  52.622  3.714 0.0000000000
104613  -43.734  52.916  4.617 0.0000000000
104614  -44.078  52.127  4.239 0.0000000000
101379  -45.657  47.241  5.497 0.0000000000
101360  -45.577  47.298  6.408 0.0000000000
100713  -45.091  46.919  6.592 0.0000000000
100733  -44.522  46.977  5.845 0.0000000000
90466  -43.344  32.797  17.343 0.0000000000
91983  -44.842  34.614  16.480 0.0000000000
118621  -45.925  34.485  17.359 0.0000000000
91984  -45.704  34.940  16.743 0.0000000000
92786  -46.170  35.388  16.449 0.0000000000
92785  -45.280  35.312  16.307 0.0000000000
104606  -32.723  52.178  4.576 0.0000000000
104596  -33.279  51.792  5.321 0.0000000000
104587  -34.690  51.271  5.701 0.0000000000
104608  -34.722  51.813  4.405 0.0000000000
105229  -37.173  53.832  1.386 0.0000000000
105221  -38.805  53.805  2.430 0.0000000000
105835  -39.458  54.315  2.779 0.0000000000
105231  -39.510  53.495  1.391 0.0000000000
105247  -42.948  52.869  -1.048 0.0000000000
104634  -42.817  52.389  -0.552 0.0000000000
104635  -43.368  52.355  -1.286 0.0000000000
103480  -43.559  50.729  -1.512 0.0000000000
104039  -43.712  51.652  -1.705 0.0000000000
103481  -43.750  51.232  -2.116 0.0000000000
95040  -36.069  37.759  16.018 0.0000000000
94345  -36.918  37.529  15.515 0.0000000000
93553  -37.126  36.572  16.489 0.0000000000
94341  -37.327  36.886  16.078 0.0000000000
93554  -37.948  36.418  16.167 0.0000000000
95062  -42.670  38.735  12.793 0.0000000000
95064  -44.491  38.248  13.078 0.0000000000
95075  -44.354  38.976  12.578 0.0000000000
103369  -38.469  50.626  10.434 0.0000000000
102042  -38.550  48.595  10.325 0.0000000000
102716  -39.283  49.655  10.650 0.0000000000
103379  -43.283  50.363  9.094 0.0000000000
103975  -42.809  50.900  9.496 0.0000000000
103372  -43.414  50.302  10.222 0.0000000000
100635  -44.952  45.702  12.813 0.0000000000
100644  -44.409  46.083  12.266 0.0000000000
99980  -44.218  45.455  12.497 0.0000000000
99979  -43.704  45.380  12.240 0.0000000000
99357  -44.038  44.534  12.941 0.0000000000
99343  -44.141  44.006  13.952 0.0000000000
99344  -44.791  44.043  13.776 0.0000000000
96534  -46.033  40.485  9.497 0.0000000000
95817  -46.885  39.957  8.520 0.0000000000
95831  -47.689  39.604  7.250 0.0000000000
96564  -47.172  40.136  7.721 0.0000000000
95861  -44.983  39.393  4.076 0.0000000000
95873  -45.437  39.037  3.304 0.0000000000
95882  -45.214  39.182  2.434 0.0000000000
95906  -44.800  39.165  1.329 0.0000000000
95881  -44.490  39.730  2.399 0.0000000000
99400  -41.282  44.052  8.956 0.0000000000
98058  -41.452  42.783  9.213 0.0000000000
98057  -40.720  42.950  8.825 0.0000000000
96595  -40.271  40.208  4.614 0.0000000000
97370  -40.665  40.669  4.173 0.0000000000
95144  -40.070  38.555  4.927 0.0000000000
91239  -48.712  34.377  14.814 0.0000000000
92893  -45.950  35.933  7.706 0.0000000000
92909  -46.383  36.209  6.889 0.0000000000
103405  -46.081  49.734  2.826 0.0000000000
102783  -46.450  49.133  2.279 0.0000000000
101423  -46.091  47.812  2.929 0.0000000000
101421  -44.443  47.448  3.335 0.0000000000
101420  -43.372  47.653  3.402 0.0000000000
118631  -40.301  33.168  18.799 0.0000000000
91980  -41.498  34.622  16.578 0.0000000000
105195  -31.374  52.989  4.733 0.0000000000
105874  -42.200  54.840  -1.254 0.0000000000
106441  -42.732  55.337  -1.750 0.0000000000
106925  -42.222  55.954  -1.954 0.0000000000
97263  -40.053  41.411  13.470 0.0000000000
96491  -40.239  40.450  13.639 0.0000000000
96492  -41.338  40.384  13.395 0.0000000000
104559  -35.518  53.231  9.493 0.0000000000
102047  -45.186  48.239  10.138 0.0000000000
102048  -45.612  47.639  9.970 0.0000000000
101330  -45.986  46.554  11.317 0.0000000000
100664  -46.295  45.855  11.745 0.0000000000
100646  -46.000  45.951  12.521 0.0000000000
99981  -46.620  45.043  12.397 0.0000000000
99374  -46.743  44.372  12.576 0.0000000000
99998  -46.882  44.547  11.756 0.0000000000
98063  -46.108  42.265  9.714 0.0000000000
97338  -46.025  40.974  8.110 0.0000000000
97321  -45.351  41.051  8.781 0.0000000000
97303  -44.751  41.428  9.084 0.0000000000
95802  -44.929  40.432  8.471 0.0000000000
95801  -44.586  40.186  8.599 0.0000000000
95828  -44.238  39.478  6.939 0.0000000000
96545  -43.758  39.923  8.746 0.0000000000
105792  -41.780  54.556  6.372 0.0000000000
104592  -43.844  52.036  5.737 0.0000000000
104591  -43.153  52.454  6.410 0.0000000000
103999  -43.083  51.714  6.786 0.0000000000
103990  -42.837  51.267  7.533 0.0000000000
103399  -45.516  50.156  4.286 0.0000000000
104009  -44.894  50.788  4.746 0.0000000000
102753  -45.525  49.601  4.904 0.0000000000
102736  -45.517  49.031  6.841 0.0000000000
102739  -45.142  49.388  6.415 0.0000000000
102735  -45.050  49.379  7.353 0.0000000000
102054  -45.578  48.800  7.855 0.0000000000
101349  -45.836  47.482  8.431 0.0000000000
100680  -45.482  45.875  9.519 0.0000000000
100685  -45.025  46.165  8.966 0.0000000000
100684  -44.541  46.030  8.563 0.0000000000
100033  -43.224  45.907  8.183 0.0000000000
100732  -43.567  47.115  5.861 0.0000000000
100731  -42.321  47.179  5.587 0.0000000000
100709  -41.026  46.728  6.695 0.0000000000
92754  -47.588  34.897  18.544 0.0000000000
118628  -47.080  34.476  18.577 0.0000000000
91970  -48.395  34.158  18.226 0.0000000000
91214  -48.385  33.849  18.091 0.0000000000
91977  -49.324  34.779  17.794 0.0000000000
91985  -49.652  34.654  16.826 0.0000000000
92775  -49.117  35.359  17.307 0.0000000000
93573  -47.890  35.985  15.284 0.0000000000
93590  -49.160  36.402  15.108 0.0000000000
93589  -48.454  36.135  14.685 0.0000000000
92812  -48.484  35.923  14.113 0.0000000000
105173  -30.662  53.437  8.215 0.0000000000
105161  -30.602  53.415  8.804 0.0000000000
105162  -31.257  53.303  8.751 0.0000000000
105148  -31.890  53.302  9.485 0.0000000000
105163  -32.024  53.027  8.539 0.0000000000
105790  -31.116  53.751  6.294 0.0000000000
105181  -31.606  52.924  6.634 0.0000000000
103994  -33.360  51.513  7.053 0.0000000000
104575  -32.313  52.380  7.042 0.0000000000
104576  -33.051  51.783  7.496 0.0000000000
104566  -33.283  52.112  8.376 0.0000000000
104577  -33.732  51.657  7.976 0.0000000000
103977  -34.600  51.612  8.260 0.0000000000
103998  -36.736  51.472  6.730 0.0000000000
103987  -36.267  51.340  7.393 0.0000000000
104588  -37.426  51.689  6.891 0.0000000000
104578  -37.610  52.087  7.613 0.0000000000
104589  -37.989  52.243  6.737 0.0000000000
104620  -36.151  52.680  3.928 0.0000000000
105198  -38.666  53.558  4.486 0.0000000000
105190  -38.901  53.238  5.656 0.0000000000
105191  -39.713  53.879  5.310 0.0000000000
105837  -41.074  54.353  3.026 0.0000000000
105822  -41.353  54.593  3.725 0.0000000000
105838  -41.745  54.192  3.295 0.0000000000
105210  -42.792  53.963  3.820 0.0000000000
105225  -42.360  53.637  3.196 0.0000000000
105232  -40.556  53.494  1.470 0.0000000000
105240  -41.295  53.419  0.669 0.0000000000
104027  -42.471  51.471  0.664 0.0000000000
104024  -42.217  51.610  1.991 0.0000000000
103431  -42.575  50.887  1.586 0.0000000000
103416  -44.065  50.517  2.191 0.0000000000
103432  -43.357  50.374  1.394 0.0000000000
102827  -44.357  49.090  -0.502 0.0000000000
102148  -44.675  48.514  -0.919 0.0000000000
102149  -45.364  48.040  -0.586 0.0000000000
102162  -44.909  48.089  -1.209 0.0000000000
102161  -44.654  48.429  -1.894 0.0000000000
103497  -43.669  51.043  -2.608 0.0000000000
102860  -44.047  49.458  -3.111 0.0000000000
102859  -43.827  49.512  -3.422 0.0000000000
105256  -44.088  53.353  -2.708 0.0000000000
91973  -38.367  34.959  17.748 0.0000000000
93556  -39.826  35.969  15.947 0.0000000000
92781  -39.997  35.420  16.373 0.0000000000
92783  -41.663  35.016  16.078 0.0000000000
92795  -41.500  35.656  15.613 0.0000000000
95056  -40.076  38.342  14.318 0.0000000000
94357  -42.705  37.148  14.016 0.0000000000
93584  -43.823  36.102  14.609 0.0000000000
94359  -44.219  36.583  14.072 0.0000000000
92811  -45.071  36.030  14.802 0.0000000000
93585  -44.910  36.370  14.184 0.0000000000
95066  -46.066  37.873  13.377 0.0000000000
94374  -46.600  37.444  13.403 0.0000000000
94380  -46.867  37.816  12.822 0.0000000000
93602  -47.855  37.056  12.757 0.0000000000
94381  -47.436  37.527  12.608 0.0000000000
101338  -38.840  47.475  10.767 0.0000000000
99991  -38.547  45.367  11.435 0.0000000000
105773  -41.298  53.561  8.493 0.0000000000
105762  -40.619  53.649  9.317 0.0000000000
105170  -41.257  53.241  9.130 0.0000000000
104533  -42.056  51.809  10.756 0.0000000000
104532  -41.581  52.295  10.821 0.0000000000
103955  -41.294  51.516  11.163 0.0000000000
103954  -40.452  51.451  11.268 0.0000000000
102033  -44.412  48.486  10.864 0.0000000000
102707  -43.851  49.209  10.893 0.0000000000
102032  -43.612  48.590  11.086 0.0000000000
102031  -42.669  48.622  11.150 0.0000000000
102045  -41.162  47.966  11.089 0.0000000000
102044  -40.417  48.142  10.579 0.0000000000
101341  -41.442  47.368  10.958 0.0000000000
99390  -42.233  44.948  10.951 0.0000000000
100002  -41.666  45.457  10.859 0.0000000000
99383  -41.770  44.572  11.304 0.0000000000
99382  -40.880  44.561  11.694 0.0000000000
99371  -41.460  43.982  12.034 0.0000000000
98739  -40.984  43.240  12.528 0.0000000000
98740  -42.144  43.424  12.558 0.0000000000
98029  -43.560  42.423  13.609 0.0000000000
97266  -43.410  41.323  13.804 0.0000000000
96495  -44.224  40.849  13.080 0.0000000000
98032  -46.160  42.968  13.115 0.0000000000
97254  -45.796  42.567  13.824 0.0000000000
97274  -46.059  42.260  12.454 0.0000000000
96519  -45.431  40.499  11.112 0.0000000000
97280  -44.932  41.194  11.839 0.0000000000
96509  -45.001  40.384  11.947 0.0000000000
96508  -44.745  40.707  12.209 0.0000000000
95776  -45.503  39.714  11.435 0.0000000000
95084  -45.805  39.246  11.601 0.0000000000
95777  -45.947  39.372  11.201 0.0000000000
95110  -47.633  38.652  9.203 0.0000000000
95101  -47.321  38.441  10.544 0.0000000000
95111  -48.136  37.840  9.710 0.0000000000
94400  -48.277  37.406  10.736 0.0000000000
94414  -48.776  37.361  8.932 0.0000000000
94422  -49.018  36.748  8.467 0.0000000000
94421  -48.638  37.454  7.957 0.0000000000
94437  -48.014  37.533  6.157 0.0000000000
93688  -48.072  37.009  6.724 0.0000000000
94436  -47.530  37.307  5.575 0.0000000000
93701  -47.123  36.841  5.249 0.0000000000
96587  -46.700  40.003  5.587 0.0000000000
96588  -47.264  40.150  5.665 0.0000000000
96600  -47.036  39.867  4.928 0.0000000000
94476  -46.779  37.536  1.731 0.0000000000
94463  -47.097  37.426  2.689 0.0000000000
93741  -46.828  36.968  2.251 0.0000000000
93725  -46.423  36.553  2.680 0.0000000000
93724  -45.563  36.595  2.359 0.0000000000
93710  -44.707  36.786  3.448 0.0000000000
93739  -45.303  36.801  1.255 0.0000000000
95183  -43.373  38.329  0.628 0.0000000000
94474  -43.473  37.613  1.152 0.0000000000
94473  -42.696  37.554  1.230 0.0000000000
93736  -42.457  37.386  1.708 0.0000000000
94481  -42.227  37.797  0.911 0.0000000000
98763  -43.944  43.318  9.434 0.0000000000
98762  -42.941  43.463  9.224 0.0000000000
97300  -41.780  41.887  9.306 0.0000000000
97318  -42.311  41.114  8.849 0.0000000000
97336  -42.101  40.919  7.840 0.0000000000
96560  -42.680  40.270  7.209 0.0000000000
98101  -40.118  42.215  6.754 0.0000000000
98114  -40.702  41.769  6.222 0.0000000000
97372  -41.850  41.437  3.613 0.0000000000
97367  -42.640  41.203  4.197 0.0000000000
97379  -42.426  41.226  2.855 0.0000000000
96616  -42.974  40.696  2.301 0.0000000000
96615  -42.296  40.990  2.101 0.0000000000
95879  -40.833  39.156  2.340 0.0000000000
95173  -40.607  37.788  1.928 0.0000000000
91245  -48.124  35.180  13.492 0.0000000000
92839  -47.182  35.795  10.753 0.0000000000
102120  -46.474  48.242  0.890 0.0000000000
102111  -46.527  48.363  1.699 0.0000000000
101457  -46.256  47.706  1.055 0.0000000000
101440  -45.495  47.485  2.135 0.0000000000
101439  -44.575  47.491  2.273 0.0000000000
105166  -37.302  53.428  9.191 0.0000000000
105154  -37.763  54.009  9.456 0.0000000000
105745  -38.700  54.168  10.255 0.0000000000
101343  -45.980  47.050  10.244 0.0000000000
100004  -46.553  45.029  10.484 0.0000000000
100005  -46.951  44.580  11.037 0.0000000000
99406  -46.896  43.740  9.973 0.0000000000
98074  -45.213  41.573  9.222 0.0000000000
98062  -45.257  42.148  9.477 0.0000000000
98061  -44.353  42.387  9.400 0.0000000000
105814  -42.862  54.144  4.956 0.0000000000
105803  -42.884  53.970  5.752 0.0000000000
105200  -43.313  53.541  5.139 0.0000000000
104602  -43.656  52.821  5.469 0.0000000000
102067  -46.157  48.394  4.660 0.0000000000
102745  -45.865  49.023  5.236 0.0000000000
102063  -46.108  48.379  5.728 0.0000000000
102059  -45.928  48.474  6.951 0.0000000000
101353  -45.911  47.616  7.306 0.0000000000
100711  -43.194  46.976  6.797 0.0000000000
118620  -45.268  32.828  17.392 0.0000000000
118622  -46.861  34.857  18.066 0.0000000000
92761  -47.701  35.437  17.944 0.0000000000
92774  -48.444  35.878  17.411 0.0000000000
92773  -47.721  36.023  17.181 0.0000000000
92787  -47.259  35.698  16.369 0.0000000000
92801  -47.071  35.838  15.735 0.0000000000
105188  -31.499  52.808  5.232 0.0000000000
104585  -32.988  51.828  6.424 0.0000000000
103995  -33.850  51.272  6.853 0.0000000000
103985  -34.444  51.363  7.733 0.0000000000
103996  -34.890  50.978  6.508 0.0000000000
104003  -35.647  51.305  5.896 0.0000000000
104599  -36.203  51.747  5.312 0.0000000000
105219  -36.236  53.727  2.279 0.0000000000
105207  -36.865  53.144  3.444 0.0000000000
105208  -38.088  53.336  3.345 0.0000000000
105209  -38.723  54.066  3.368 0.0000000000
105809  -39.200  54.478  3.857 0.0000000000
105819  -39.177  54.455  3.235 0.0000000000
105836  -40.266  54.446  2.787 0.0000000000
105223  -40.816  53.886  2.315 0.0000000000
104031  -42.673  51.914  -0.087 0.0000000000
104028  -42.888  50.845  0.181 0.0000000000
103449  -43.490  50.172  0.151 0.0000000000
103463  -43.433  50.464  -0.798 0.0000000000
102826  -43.764  49.830  -0.910 0.0000000000
102839  -43.606  50.017  -1.819 0.0000000000
102848  -43.587  50.362  -2.265 0.0000000000
104054  -44.554  51.816  -3.036 0.0000000000
95039  -35.366  38.062  16.090 0.0000000000
94339  -35.942  37.703  16.326 0.0000000000
94335  -36.140  37.086  17.428 0.0000000000
92767  -38.580  35.242  17.190 0.0000000000
92779  -38.479  35.800  16.612 0.0000000000
93555  -38.993  36.181  16.083 0.0000000000
93565  -39.697  36.527  15.512 0.0000000000
94368  -41.203  38.178  13.660 0.0000000000
94369  -41.706  37.977  13.413 0.0000000000
94370  -42.624  37.779  13.286 0.0000000000
94371  -43.583  37.566  13.428 0.0000000000
94372  -44.627  37.134  13.550 0.0000000000
95065  -45.464  38.060  13.241 0.0000000000
95077  -46.397  38.240  12.698 0.0000000000
102041  -37.539  48.741  10.370 0.0000000000
104572  -42.121  52.412  8.320 0.0000000000
105156  -41.438  52.883  9.308 0.0000000000
103974  -42.324  51.483  9.838 0.0000000000
103970  -42.355  51.262  10.535 0.0000000000
103361  -42.751  50.536  10.893 0.0000000000
101327  -44.083  47.793  11.346 0.0000000000
100662  -43.752  46.852  11.533 0.0000000000
100661  -42.698  46.565  11.432 0.0000000000
100660  -42.153  46.931  11.222 0.0000000000
99978  -42.926  45.963  12.014 0.0000000000
99385  -43.306  44.898  11.957 0.0000000000
98750  -43.289  44.290  11.911 0.0000000000
98041  -42.969  42.830  12.829 0.0000000000
98741  -43.400  43.654  12.497 0.0000000000
98715  -43.837  43.226  14.592 0.0000000000
98004  -44.123  42.452  15.233 0.0000000000
97290  -46.346  41.913  10.772 0.0000000000
97281  -45.769  41.798  11.609 0.0000000000
96520  -45.692  40.578  10.376 0.0000000000
95790  -46.191  39.615  10.412 0.0000000000
95804  -47.039  39.216  9.672 0.0000000000
95832  -48.051  38.979  7.699 0.0000000000
95844  -48.212  39.147  6.516 0.0000000000
95139  -48.174  38.367  5.795 0.0000000000
95852  -45.678  39.249  5.464 0.0000000000
95146  -46.399  38.605  4.015 0.0000000000
95157  -46.130  38.613  3.294 0.0000000000
95167  -46.520  38.357  2.484 0.0000000000
94485  -46.066  37.889  0.615 0.0000000000
93749  -45.879  37.060  0.428 0.0000000000
94484  -45.229  37.776  0.617 0.0000000000
95184  -44.381  38.382  0.889 0.0000000000
95904  -43.508  38.993  0.941 0.0000000000
98773  -42.949  44.149  8.893 0.0000000000
98761  -41.919  43.525  9.232 0.0000000000
97317  -41.579  41.593  8.360 0.0000000000
97371  -41.074  41.062  3.595 0.0000000000
96605  -41.133  40.695  3.068 0.0000000000
97383  -41.590  40.610  2.365 0.0000000000
96613  -40.935  39.716  2.949 0.0000000000
95156  -40.372  38.232  3.206 0.0000000000
94453  -40.013  37.438  3.690 0.0000000000
94444  -40.294  37.903  3.860 0.0000000000
94443  -39.900  37.631  4.514 0.0000000000
90487  -48.941  33.369  15.179 0.0000000000
104020  -44.530  51.079  2.893 0.0000000000
104014  -44.527  51.486  3.733 0.0000000000
104021  -45.151  50.887  3.191 0.0000000000
103400  -45.966  49.744  3.577 0.0000000000
102096  -46.432  48.435  2.617 0.0000000000
102078  -46.270  48.443  3.618 0.0000000000
100746  -45.322  46.982  5.180 0.0000000000
100745  -44.801  46.972  5.077 0.0000000000
101400  -43.210  47.573  4.332 0.0000000000
90461  -41.677  32.588  18.153 0.0000000000
118636  -40.717  33.365  18.227 0.0000000000
118639  -41.246  33.536  17.761 0.0000000000
118634  -42.455  33.702  17.168 0.0000000000
91991  -43.921  34.757  15.820 0.0000000000
105797  -31.205  53.344  5.197 0.0000000000
104605  -31.920  52.578  4.575 0.0000000000
104616  -32.295  52.486  3.984 0.0000000000
105867  -41.711  54.248  -0.771 0.0000000000
105250  -42.720  53.846  -1.250 0.0000000000
105251  -43.363  53.400  -1.682 0.0000000000
105252  -44.046  52.924  -2.228 0.0000000000
105876  -43.356  54.369  -1.997 0.0000000000
106447  -43.319  54.992  -2.191 0.0000000000
95758  -40.304  39.291  13.873 0.0000000000
95760  -42.707  39.603  13.098 0.0000000000
103968  -38.214  51.694  10.755 0.0000000000
103373  -44.021  49.831  9.976 0.0000000000
102720  -44.650  48.988  10.005 0.0000000000
102046  -44.566  48.761  10.354 0.0000000000
102034  -44.994  48.033  10.973 0.0000000000
101329  -45.369  47.353  11.067 0.0000000000
101315  -45.039  47.041  12.054 0.0000000000
100645  -45.250  46.200  12.488 0.0000000000
99956  -45.704  45.011  13.717 0.0000000000
99345  -45.488  44.453  13.790 0.0000000000
99360  -46.564  44.397  13.248 0.0000000000
98742  -46.592  43.499  12.592 0.0000000000
98049  -46.796  42.787  11.490 0.0000000000
98754  -47.063  43.279  10.903 0.0000000000
98052  -46.968  42.468  10.696 0.0000000000
96562  -45.909  40.648  7.428 0.0000000000
96573  -45.931  40.278  6.846 0.0000000000
95816  -45.554  40.380  7.703 0.0000000000
95841  -45.789  39.784  6.376 0.0000000000
95840  -44.956  39.381  6.208 0.0000000000
95851  -44.721  39.341  5.107 0.0000000000
96586  -44.096  39.625  5.003 0.0000000000
98771  -40.158  43.250  8.430 0.0000000000
98783  -39.917  43.118  7.717 0.0000000000
98795  -39.764  42.821  7.090 0.0000000000
98113  -39.862  41.862  6.213 0.0000000000
98122  -39.550  41.443  5.770 0.0000000000
95859  -39.844  39.445  5.190 0.0000000000
105178  -40.195  53.580  7.135 0.0000000000
105783  -41.577  54.064  7.398 0.0000000000
105784  -42.010  53.754  7.679 0.0000000000
105794  -42.855  53.765  6.200 0.0000000000
105185  -42.409  53.327  7.129 0.0000000000
105179  -42.074  53.115  7.879 0.0000000000
103989  -42.426  51.916  7.972 0.0000000000
103382  -43.129  50.490  8.242 0.0000000000
103383  -43.768  49.976  8.371 0.0000000000
104008  -44.570  51.497  4.497 0.0000000000
103395  -44.639  50.492  5.545 0.0000000000
102744  -45.313  49.483  5.628 0.0000000000
103392  -44.824  49.951  5.908 0.0000000000
103391  -44.304  50.431  6.138 0.0000000000
103387  -44.021  50.097  7.179 0.0000000000
102734  -44.495  49.621  8.061 0.0000000000
102730  -44.457  49.552  8.910 0.0000000000
102050  -45.521  48.568  8.894 0.0000000000
101346  -45.822  47.074  9.287 0.0000000000
100010  -44.816  45.024  9.454 0.0000000000
100009  -43.937  44.970  9.345 0.0000000000
100034  -43.835  45.816  8.409 0.0000000000
100021  -43.572  45.424  8.690 0.0000000000
99414  -43.195  44.776  8.910 0.0000000000
99413  -42.400  44.557  8.646 0.0000000000
99412  -41.527  44.600  8.622 0.0000000000
118633  -45.255  33.155  17.588 0.0000000000
118593  -45.877  32.693  18.877 0.0000000000
118589  -46.554  33.406  19.423 0.0000000000
118606  -46.690  32.648  19.668 0.0000000000
91219  -48.703  33.355  17.582 0.0000000000
90479  -49.158  33.086  16.088 0.0000000000
91232  -49.414  33.962  15.854 0.0000000000
93561  -49.038  36.022  16.372 0.0000000000
92802  -49.447  35.890  15.195 0.0000000000
92004  -48.717  35.500  14.338 0.0000000000
92010  -48.275  35.609  13.423 0.0000000000
92821  -48.291  35.857  12.652 0.0000000000
118683  -48.453  36.199  11.982 0.0000000000
105175  -31.721  52.989  7.423 0.0000000000
105164  -32.778  52.605  8.746 0.0000000000
104557  -33.425  52.519  9.298 0.0000000000
104558  -34.475  52.838  9.839 0.0000000000
104569  -36.476  52.725  9.048 0.0000000000
103986  -35.475  51.246  7.534 0.0000000000
103979  -36.150  51.569  8.372 0.0000000000
104570  -37.632  52.725  8.410 0.0000000000
104571  -38.230  52.940  8.153 0.0000000000
105177  -39.386  53.287  7.375 0.0000000000
104618  -34.121  52.184  3.678 0.0000000000
104609  -35.718  52.117  4.536 0.0000000000
105196  -36.985  52.831  4.050 0.0000000000
104601  -38.230  52.646  5.850 0.0000000000
105184  -40.452  53.837  6.114 0.0000000000
105791  -41.156  54.359  5.840 0.0000000000
105801  -41.760  54.699  5.369 0.0000000000
105811  -40.809  54.752  4.235 0.0000000000
105812  -41.613  54.646  4.491 0.0000000000
105813  -42.317  54.520  4.774 0.0000000000
105824  -42.742  54.205  4.312 0.0000000000
105226  -42.955  53.498  3.637 0.0000000000
105241  -41.872  53.003  0.968 0.0000000000
105234  -41.861  53.086  2.184 0.0000000000
104627  -42.389  52.543  2.862 0.0000000000
104622  -42.871  52.166  3.290 0.0000000000
104012  -43.263  51.820  3.366 0.0000000000
103434  -45.216  49.539  1.533 0.0000000000
103450  -44.125  49.577  0.439 0.0000000000
102813  -44.646  49.178  0.411 0.0000000000
102815  -46.089  48.643  0.806 0.0000000000
102134  -46.169  48.123  0.256 0.0000000000
100777  -46.008  47.084  -0.198 0.0000000000
102171  -44.451  48.734  -2.807 0.0000000000
101527  -44.355  48.313  -3.120 0.0000000000
104638  -44.416  52.507  -2.543 0.0000000000
91975  -39.882  34.460  17.623 0.0000000000
92768  -39.484  35.019  17.030 0.0000000000
92770  -41.096  34.859  16.580 0.0000000000
92784  -42.437  34.908  15.870 0.0000000000
92797  -43.144  35.166  15.427 0.0000000000
94347  -38.741  37.206  15.154 0.0000000000
94349  -40.181  36.868  15.064 0.0000000000
93581  -41.216  36.823  14.389 0.0000000000
93567  -42.033  36.151  15.195 0.0000000000
93568  -42.922  35.867  15.114 0.0000000000
93569  -43.493  35.623  15.063 0.0000000000
92798  -44.160  35.412  15.215 0.0000000000
92799  -45.283  35.853  15.515 0.0000000000
93571  -46.125  36.304  14.926 0.0000000000
93572  -47.056  36.207  15.171 0.0000000000
93597  -45.408  36.735  13.869 0.0000000000
93587  -46.765  36.750  14.108 0.0000000000
93599  -47.528  36.860  13.369 0.0000000000
93603  -48.258  36.531  12.506 0.0000000000
93605  -48.474  36.716  11.359 0.0000000000
99990  -37.371  45.207  11.693 0.0000000000
99379  -38.147  44.681  11.687 0.0000000000
98746  -38.832  43.817  11.772 0.0000000000
105746  -39.987  53.555  10.033 0.0000000000
105748  -40.981  53.316  9.930 0.0000000000
105138  -40.490  53.035  10.685 0.0000000000
104549  -39.706  52.602  10.926 0.0000000000
103953  -39.892  51.416  11.181 0.0000000000
103358  -39.784  50.607  11.203 0.0000000000
103362  -43.304  50.057  10.753 0.0000000000
102705  -42.223  49.634  11.160 0.0000000000
103360  -41.747  50.593  11.142 0.0000000000
102704  -41.200  49.673  11.414 0.0000000000
102703  -40.102  49.690  11.371 0.0000000000
102702  -39.667  49.960  11.154 0.0000000000
102717  -39.970  48.890  10.867 0.0000000000
101339  -39.956  47.389  10.414 0.0000000000
100675  -41.681  46.627  10.865 0.0000000000
100674  -40.523  46.475  10.693 0.0000000000
100659  -39.866  46.060  11.139 0.0000000000
99992  -39.520  45.394  11.416 0.0000000000
99381  -39.980  44.673  11.622 0.0000000000
98738  -40.161  43.205  11.903 0.0000000000
98039  -40.355  42.676  12.582 0.0000000000
98027  -40.806  42.318  13.024 0.0000000000
98028  -42.005  42.474  13.370 0.0000000000
95761  -43.378  39.906  13.108 0.0000000000
98016  -45.233  43.142  14.544 0.0000000000
97245  -45.365  42.145  14.971 0.0000000000
97253  -45.054  41.628  14.094 0.0000000000
97273  -45.070  41.824  12.499 0.0000000000
97267  -44.397  41.535  13.443 0.0000000000
96501  -44.343  40.335  12.717 0.0000000000
95768  -44.239  39.577  12.625 0.0000000000
95086  -47.075  38.197  11.895 0.0000000000
95100  -46.630  38.974  10.639 0.0000000000
94384  -47.687  37.775  11.409 0.0000000000
93619  -48.710  36.669  10.444 0.0000000000
93634  -48.990  36.256  9.964 0.0000000000
93642  -49.064  36.059  9.177 0.0000000000
93655  -48.391  36.316  8.347 0.0000000000
93654  -47.792  36.550  7.688 0.0000000000
94428  -48.410  37.395  7.081 0.0000000000
93669  -47.708  36.794  7.027 0.0000000000
93668  -47.034  36.644  6.843 0.0000000000
93686  -46.568  36.369  6.001 0.0000000000
93685  -45.928  36.131  5.566 0.0000000000
96575  -47.389  40.087  6.640 0.0000000000
95855  -48.237  39.164  5.381 0.0000000000
95149  -47.783  38.383  5.099 0.0000000000
95147  -46.855  38.429  4.192 0.0000000000
94454  -47.243  37.401  3.745 0.0000000000
93713  -47.126  36.786  4.222 0.0000000000
93712  -46.496  36.541  3.814 0.0000000000
93698  -44.811  36.548  4.615 0.0000000000
93709  -43.558  36.979  3.430 0.0000000000
93738  -44.257  37.365  1.380 0.0000000000
93722  -43.343  37.078  2.405 0.0000000000
97302  -43.803  41.602  9.320 0.0000000000
97301  -42.789  41.717  9.461 0.0000000000
97319  -43.250  40.808  9.162 0.0000000000
96561  -43.481  39.697  7.670 0.0000000000
96572  -43.402  39.790  6.517 0.0000000000
96585  -43.543  40.031  5.287 0.0000000000
98072  -40.467  42.639  8.188 0.0000000000
97355  -41.367  41.519  5.484 0.0000000000
97356  -42.124  41.264  5.713 0.0000000000
96584  -42.719  40.862  5.026 0.0000000000
96597  -43.181  40.725  4.145 0.0000000000
96607  -43.911  40.201  3.233 0.0000000000
96625  -43.489  40.151  1.880 0.0000000000
95891  -43.567  39.675  1.409 0.0000000000
95903  -42.585  38.883  0.659 0.0000000000
96622  -41.671  40.177  1.998 0.0000000000
95889  -41.535  39.254  1.179 0.0000000000
95181  -41.777  38.288  0.829 0.0000000000
90471  -48.912  32.965  16.857 0.0000000000
91215  -48.698  34.153  18.003 0.0000000000
91220  -49.035  33.999  17.804 0.0000000000
91225  -49.405  33.778  17.601 0.0000000000
91978  -48.791  34.383  18.044 0.0000000000
91986  -49.627  34.160  17.726 0.0000000000
91990  -43.035  34.680  16.026 0.0000000000
92003  -48.640  35.730  14.071 0.0000000000
92009  -48.465  35.733  13.867 0.0000000000
92760  -37.983  35.149  17.674 0.0000000000
92769  -40.404  34.910  16.832 0.0000000000
92772  -46.952  35.276  17.348 0.0000000000
92788  -47.741  36.127  16.663 0.0000000000
92789  -48.911  35.836  16.794 0.0000000000
92790  -49.312  35.599  16.277 0.0000000000
92820  -48.262  35.957  13.385 0.0000000000
92841  -48.876  35.936  10.318 0.0000000000
92879  -48.825  35.820  9.647 0.0000000000
92896  -48.112  36.072  8.721 0.0000000000
92920  -46.165  36.072  6.453 0.0000000000
93548  -48.013  36.364  16.761 0.0000000000
93549  -48.198  36.309  17.067 0.0000000000
93557  -40.342  35.770  15.904 0.0000000000
93558  -47.452  35.955  15.754 0.0000000000
93559  -47.933  36.155  16.155 0.0000000000
93570  -45.449  36.193  14.697 0.0000000000
93574  -48.572  36.304  15.592 0.0000000000
93575  -49.156  36.222  15.846 0.0000000000
93582  -41.874  36.682  14.554 0.0000000000
93596  -45.155  36.798  13.713 0.0000000000
93606  -48.491  36.300  11.678 0.0000000000
93620  -48.635  36.124  10.935 0.0000000000
93633  -48.908  36.622  9.973 0.0000000000
93641  -48.771  36.081  8.775 0.0000000000
93653  -47.399  36.648  7.303 0.0000000000
93656  -48.805  36.323  8.560 0.0000000000
93671  -48.681  36.583  8.096 0.0000000000
93748  -44.967  37.290  0.753 0.0000000000
94334  -35.756  37.613  16.836 0.0000000000
94348  -39.611  37.130  15.123 0.0000000000
94360  -46.116  37.171  13.816 0.0000000000
94361  -46.335  37.048  13.883 0.0000000000
94375  -47.187  37.293  13.271 0.0000000000
94382  -47.998  37.145  12.467 0.0000000000
94407  -48.784  37.042  9.832 0.0000000000
94415  -49.014  36.652  9.326 0.0000000000
94429  -48.780  36.937  7.731 0.0000000000
94446  -47.724  37.844  5.501 0.0000000000
94472  -41.919  37.459  1.661 0.0000000000
94475  -46.464  37.446  0.935 0.0000000000
94480  -41.588  37.770  1.282 0.0000000000
94482  -43.070  37.804  0.713 0.0000000000
94483  -44.226  37.791  0.938 0.0000000000
95073  -43.132  39.172  12.570 0.0000000000
95102  -47.870  37.847  10.425 0.0000000000
95119  -47.784  38.812  8.563 0.0000000000
95127  -48.300  38.213  7.332 0.0000000000
95148  -47.283  38.230  4.449 0.0000000000
95159  -47.120  37.972  3.393 0.0000000000
95166  -45.904  38.646  2.412 0.0000000000
95168  -47.005  38.024  2.282 0.0000000000
95176  -46.438  38.188  1.425 0.0000000000
95177  -46.904  37.942  1.697 0.0000000000
95185  -45.385  38.485  1.078 0.0000000000
95186  -46.039  38.172  0.916 0.0000000000
95766  -42.939  39.305  12.678 0.0000000000
95767  -43.497  39.580  12.801 0.0000000000
95814  -44.403  39.661  7.934 0.0000000000
95815  -45.123  40.065  7.981 0.0000000000
95819  -47.881  38.885  8.263 0.0000000000
95830  -45.584  40.107  7.266 0.0000000000
95842  -46.338  39.934  5.985 0.0000000000
95850  -44.105  39.576  5.343 0.0000000000
95854  -47.762  39.714  5.026 0.0000000000
95863  -46.527  39.106  4.870 0.0000000000
95865  -47.874  38.995  4.714 0.0000000000
95871  -40.613  39.234  3.346 0.0000000000
95872  -44.720  39.597  3.279 0.0000000000
95890  -42.701  39.606  1.191 0.0000000000
95892  -44.254  39.677  1.680 0.0000000000
95893  -45.001  39.225  1.684 0.0000000000
95902  -42.044  38.678  0.634 0.0000000000
96475  -45.269  41.629  14.842 0.0000000000
96476  -45.529  41.979  14.416 0.0000000000
96477  -45.650  42.231  14.091 0.0000000000
96483  -45.153  41.513  14.501 0.0000000000
96484  -45.434  41.822  14.156 0.0000000000
96485  -45.616  42.101  13.860 0.0000000000
96497  -45.731  41.845  13.836 0.0000000000
96500  -43.721  40.025  13.060 0.0000000000
96502  -44.651  39.987  12.430 0.0000000000
96533  -44.792  40.759  8.752 0.0000000000
96546  -45.145  40.682  8.475 0.0000000000
96547  -45.509  40.647  8.078 0.0000000000
96549  -47.016  40.038  8.249 0.0000000000
96574  -46.484  40.285  6.438 0.0000000000
96576  -47.851  39.713  6.390 0.0000000000
96589  -47.884  39.776  5.881 0.0000000000
96596  -42.680  41.112  4.465 0.0000000000
96599  -46.670  39.680  5.227 0.0000000000
96614  -41.311  40.177  2.640 0.0000000000
96617  -43.701  40.236  2.378 0.0000000000
96624  -42.854  40.265  1.771 0.0000000000
97244  -44.828  41.966  15.262 0.0000000000
97246  -45.607  42.380  14.352 0.0000000000
97252  -44.626  41.799  14.553 0.0000000000
97255  -45.960  42.798  13.476 0.0000000000
97268  -45.358  41.997  13.453 0.0000000000
97269  -45.873  42.457  13.381 0.0000000000
97270  -45.992  42.768  13.281 0.0000000000
97272  -44.536  41.142  12.621 0.0000000000
97275  -46.511  42.539  11.918 0.0000000000
97288  -45.251  40.855  11.425 0.0000000000
97306  -46.083  41.718  10.342 0.0000000000
97320  -45.014  41.029  8.730 0.0000000000
97373  -42.568  41.260  3.706 0.0000000000
97377  -41.454  40.843  2.729 0.0000000000
97384  -41.755  40.834  2.169 0.0000000000
98003  -43.822  42.682  15.248 0.0000000000
98005  -44.789  42.656  15.082 0.0000000000
98006  -45.390  42.637  14.686 0.0000000000
98014  -43.785  42.683  14.870 0.0000000000
98015  -44.037  42.299  14.483 0.0000000000
98017  -45.797  42.967  14.155 0.0000000000
98018  -46.107  43.038  13.638 0.0000000000
98031  -46.015  42.744  13.114 0.0000000000
98040  -40.759  42.776  12.759 0.0000000000
98043  -46.106  42.686  12.866 0.0000000000
98044  -46.484  42.870  12.317 0.0000000000
98703  -43.797  42.935  15.208 0.0000000000
98704  -44.167  43.152  15.268 0.0000000000
98705  -44.654  43.243  14.837 0.0000000000
98717  -45.017  43.659  14.207 0.0000000000
98718  -45.766  43.727  14.029 0.0000000000
98727  -40.973  42.850  12.892 0.0000000000
98729  -43.837  43.505  13.495 0.0000000000
98730  -46.327  43.917  13.753 0.0000000000
98731  -46.457  43.576  13.326 0.0000000000
98747  -39.573  43.865  11.603 0.0000000000
98748  -40.292  44.005  11.699 0.0000000000
98749  -42.827  43.842  11.840 0.0000000000
98758  -40.216  43.600  8.859 0.0000000000
98759  -40.440  43.498  8.891 0.0000000000
98760  -41.069  43.471  9.034 0.0000000000
98772  -42.438  43.967  8.981 0.0000000000
99346  -46.127  44.497  13.870 0.0000000000
99358  -44.665  44.541  13.300 0.0000000000
99359  -45.098  44.530  13.481 0.0000000000
99361  -46.732  43.971  12.820 0.0000000000
99375  -46.869  44.050  12.163 0.0000000000
99384  -42.767  44.671  11.401 0.0000000000
99386  -47.008  43.988  11.327 0.0000000000
99391  -42.551  45.137  11.107 0.0000000000
99393  -46.925  44.039  10.384 0.0000000000
99398  -40.189  43.809  8.939 0.0000000000
99957  -45.912  44.897  13.905 0.0000000000
99964  -44.129  45.168  12.629 0.0000000000
99966  -45.275  45.094  13.349 0.0000000000
99982  -46.804  44.489  12.221 0.0000000000
99994  -41.239  45.027  11.284 0.0000000000
99995  -42.667  45.595  11.386 0.0000000000
99996  -43.099  45.356  11.819 0.0000000000
100001  -41.130  45.971  10.728 0.0000000000
100634  -44.688  45.678  12.613 0.0000000000
100636  -45.517  45.655  12.977 0.0000000000
100642  -42.984  46.252  11.843 0.0000000000
100672  -38.814  46.704  11.066 0.0000000000
100676  -42.289  45.963  10.943 0.0000000000
100778  -46.087  47.374  -0.157 0.0000000000
100786  -45.967  47.269  -0.365 0.0000000000
101317  -46.048  46.308  11.930 0.0000000000
101488  -45.551  47.558  -0.808 0.0000000000
101489  -45.910  47.616  -0.283 0.0000000000
101507  -44.870  47.864  -2.021 0.0000000000
101508  -45.147  47.601  -1.534 0.0000000000
102133  -45.687  48.356  0.194 0.0000000000
102150  -45.840  48.037  -0.096 0.0000000000
102718  -43.599  49.734  10.686 0.0000000000
102726  -44.352  49.454  9.692 0.0000000000
102782  -46.124  49.446  1.923 0.0000000000
102797  -45.133  49.270  1.076 0.0000000000
102798  -45.805  49.319  1.349 0.0000000000
102814  -45.444  48.878  0.647 0.0000000000
103404  -45.601  50.295  3.351 0.0000000000
103414  -42.551  51.164  2.226 0.0000000000
103418  -46.090  49.632  2.313 0.0000000000
103971  -42.757  50.939  10.193 0.0000000000
103978  -35.067  51.589  8.331 0.0000000000
103982  -42.813  50.861  8.627 0.0000000000
103988  -36.958  51.516  7.612 0.0000000000
103991  -43.402  50.703  7.139 0.0000000000
104002  -35.121  51.212  5.792 0.0000000000
104004  -36.383  51.493  6.065 0.0000000000
104005  -44.339  51.186  5.391 0.0000000000
104006  -44.721  50.666  5.216 0.0000000000
104013  -43.903  51.677  3.488 0.0000000000
104018  -42.725  51.549  2.832 0.0000000000
104019  -43.610  51.229  2.875 0.0000000000
104530  -40.071  52.033  11.170 0.0000000000
104531  -40.804  52.394  11.047 0.0000000000
104550  -40.299  52.567  11.001 0.0000000000
104551  -41.466  52.542  10.086 0.0000000000
104560  -36.074  53.437  9.404 0.0000000000
104561  -41.436  52.700  9.641 0.0000000000
104562  -41.803  52.307  9.380 0.0000000000
104579  -38.206  52.618  7.591 0.0000000000
104581  -42.851  51.959  6.960 0.0000000000
104590  -42.644  52.900  6.780 0.0000000000
104594  -31.697  52.648  4.982 0.0000000000
104597  -34.257  51.498  5.149 0.0000000000
104612  -38.435  53.015  5.230 0.0000000000
104621  -36.698  52.791  4.013 0.0000000000
105123  -41.055  52.810  10.864 0.0000000000
105139  -41.066  52.976  10.342 0.0000000000
105152  -35.910  54.078  9.760 0.0000000000
105155  -41.171  53.051  9.730 0.0000000000
105176  -38.699  53.061  7.820 0.0000000000
105186  -42.795  53.371  6.503 0.0000000000
105192  -40.542  54.258  5.390 0.0000000000
105763  -41.015  53.455  9.478 0.0000000000
105774  -41.691  53.395  8.134 0.0000000000
105798  -31.146  53.775  5.572 0.0000000000
105799  -40.276  54.457  4.730 0.0000000000
105808  -31.057  53.799  5.157 0.0000000000
105810  -39.991  54.707  4.034 0.0000000000
105820  -39.746  54.668  3.341 0.0000000000
105868  -42.367  54.153  -1.103 0.0000000000
106442  -43.175  54.883  -1.775 0.0000000000
118594  -46.059  32.601  19.611 0.0000000000
118595  -46.273  32.989  19.896 0.0000000000
118596  -46.625  33.023  19.749 0.0000000000
118608  -46.878  33.181  19.486 0.0000000000
118611  -46.564  34.943  17.598 0.0000000000
118612  -46.791  35.062  17.748 0.0000000000
118619  -47.253  32.982  19.199 0.0000000000
118678  -48.423  35.995  12.121 0.0000000000
118682  -48.497  36.021  11.677 0.0000000000
