#!ascii label  , from subject sub.01.base.01 vox2ras=TkReg
1199
57323  -25.896  -3.141  -24.493 0.5555555820
57332  -26.183  -2.502  -24.868 0.6666666865
58394  -25.971  -1.474  -25.621 0.7777777910
58395  -27.331  -1.810  -25.760 0.7777777910
59536  -26.410  0.206  -27.050 0.8888888955
59543  -29.122  0.289  -27.949 0.8888888955
57316  -25.568  -3.080  -23.821 0.5555555820
58375  -25.492  -2.558  -24.209 0.5555555820
58384  -25.539  -2.139  -24.680 0.6666666865
58402  -27.027  -1.121  -26.157 0.8888888955
59537  -27.414  -0.019  -27.110 0.8888888955
61645  -27.746  1.483  -28.484 1.0000000000
60630  -29.365  0.677  -28.360 0.8888888955
62720  -28.345  2.265  -29.643 1.0000000000
58383  -24.730  -1.317  -25.112 0.7777777910
60614  -24.957  0.593  -26.662 1.0000000000
60618  -24.578  1.292  -27.077 1.0000000000
60619  -25.369  0.866  -27.219 1.0000000000
61650  -25.978  2.304  -28.971 1.0000000000
60625  -25.006  1.407  -27.812 1.0000000000
61651  -26.882  2.207  -29.004 1.0000000000
61649  -25.554  2.509  -28.834 1.0000000000
62717  -25.857  2.962  -29.085 1.0000000000
62718  -26.579  2.839  -29.365 1.0000000000
63814  -28.454  3.677  -30.537 1.0000000000
63806  -26.332  3.635  -29.542 1.0000000000
63812  -26.935  3.905  -29.947 1.0000000000
64909  -28.019  4.547  -30.798 1.0000000000
66886  -27.577  5.666  -31.107 1.0000000000
66890  -27.797  6.177  -31.512 0.7777777910
61638  -23.869  2.118  -26.987 0.8888888955
62711  -24.671  2.793  -28.152 1.0000000000
63804  -25.189  3.523  -28.910 1.0000000000
65899  -26.263  4.920  -29.868 1.0000000000
65904  -26.787  5.216  -30.273 1.0000000000
67829  -26.706  6.353  -30.664 1.0000000000
67833  -27.442  6.701  -31.507 1.0000000000
67839  -27.825  7.139  -31.944 0.8888888955
68707  -27.547  8.151  -31.611 1.0000000000
68704  -29.008  8.716  -31.557 0.7777777910
62710  -22.273  3.740  -27.005 0.5555555820
65879  -22.895  5.660  -27.742 0.7777777910
64886  -23.850  4.644  -27.568 0.8888888955
65888  -24.959  5.390  -28.645 1.0000000000
64896  -25.467  4.417  -29.252 1.0000000000
65881  -24.387  5.421  -28.030 0.8888888955
65897  -25.492  6.051  -29.398 1.0000000000
117856  -26.374  7.632  -31.147 1.0000000000
117864  -28.353  9.617  -30.839 0.7777777910
117824  -27.857  9.438  -28.968 0.6666666865
64900  -20.823  4.834  -28.958 0.4444444478
64893  -21.579  4.848  -28.340 0.7777777910
65896  -22.156  6.403  -28.404 0.6666666865
66872  -23.468  7.302  -28.435 0.7777777910
66865  -24.458  6.753  -28.686 0.8888888955
117835  -24.300  7.467  -29.353 0.8888888955
117849  -26.152  6.835  -30.480 1.0000000000
117829  -24.586  7.657  -30.198 1.0000000000
117850  -25.711  7.544  -30.795 1.0000000000
117851  -26.047  8.716  -31.320 1.0000000000
117860  -26.882  9.690  -31.329 0.7777777910
117865  -27.613  10.013  -31.105 0.7777777910
117821  -27.536  8.116  -27.665 0.5555555820
67827  -21.812  7.373  -28.080 0.6666666865
66878  -21.431  6.275  -28.096 0.6666666865
67822  -23.029  7.846  -28.716 0.7777777910
67821  -22.474  7.942  -28.623 0.7777777910
67807  -23.753  7.824  -29.372 0.8888888955
117836  -23.908  7.961  -29.969 0.8888888955
69552  -23.453  8.324  -30.159 1.0000000000
69577  -24.484  9.027  -30.539 1.0000000000
117859  -26.666  9.970  -31.308 0.8888888955
117861  -26.517  10.215  -31.232 0.8888888955
117863  -26.959  10.143  -31.343 0.7777777910
117867  -28.020  10.377  -30.877 0.7777777910
117830  -27.005  9.158  -27.805 0.7777777910
68699  -21.701  8.142  -28.307 0.6666666865
67826  -21.375  7.037  -27.866 0.5555555820
68700  -22.056  8.278  -28.701 0.7777777910
69566  -22.444  8.796  -29.652 0.8888888955
69567  -23.095  8.891  -29.972 0.8888888955
69568  -23.786  9.320  -30.130 1.0000000000
117840  -23.705  8.729  -30.190 1.0000000000
69583  -26.007  10.134  -31.086 1.0000000000
69582  -25.394  9.709  -31.022 0.8888888955
117831  -27.162  10.529  -28.490 0.6666666865
117841  -26.552  10.190  -27.973 0.5555555820
117842  -25.923  9.560  -27.421 0.5555555820
69575  -21.640  9.003  -28.905 0.7777777910
69565  -21.291  9.488  -28.565 0.6666666865
69576  -21.999  8.955  -29.406 0.8888888955
70485  -23.557  10.134  -29.776 1.0000000000
70486  -24.193  9.860  -30.187 1.0000000000
70506  -25.299  10.704  -30.783 0.8888888955
70507  -26.413  10.736  -31.038 0.8888888955
71533  -26.809  11.520  -31.005 0.8888888955
70514  -27.197  10.650  -31.314 0.8888888955
70519  -28.555  10.599  -31.223 0.7777777910
71534  -29.179  11.467  -30.664 0.7777777910
117866  -28.728  10.626  -30.539 0.7777777910
73424  -28.014  12.797  -31.818 0.7777777910
71520  -28.503  11.318  -29.623 0.5555555820
117862  -26.887  11.432  -28.013 0.5555555820
72470  -28.924  11.790  -30.110 0.6666666865
70481  -19.944  10.831  -28.127 0.4444444478
70482  -20.775  10.375  -28.388 0.5555555820
71494  -21.770  11.379  -28.914 0.7777777910
70484  -22.328  9.785  -29.476 0.8888888955
71495  -23.162  11.390  -29.366 1.0000000000
71530  -24.371  11.745  -30.712 0.8888888955
71531  -25.049  11.596  -30.728 0.8888888955
71518  -26.368  11.801  -30.298 0.8888888955
72468  -27.190  12.088  -31.301 0.8888888955
72484  -29.253  12.022  -31.420 0.6666666865
72456  -28.808  12.040  -29.385 0.5555555820
73396  -20.283  13.190  -29.269 0.6666666865
71514  -20.444  11.750  -29.214 0.6666666865
72433  -21.675  12.624  -28.728 0.7777777910
72452  -23.422  12.575  -30.201 0.8888888955
73399  -23.076  12.994  -30.134 0.7777777910
72465  -23.968  12.590  -30.642 0.8888888955
73412  -24.519  13.454  -30.308 0.7777777910
72467  -25.490  12.040  -30.322 0.8888888955
73401  -26.002  13.418  -29.556 0.7777777910
72453  -26.073  12.355  -29.640 0.7777777910
72455  -27.668  12.837  -30.441 0.6666666865
74323  -26.056  14.453  -29.898 0.6666666865
73402  -27.515  13.957  -29.763 0.6666666865
73403  -28.033  13.499  -29.992 0.6666666865
73425  -28.488  12.727  -31.523 0.5555555820
75313  -28.570  15.287  -30.670 0.6666666865
75291  -28.225  14.859  -30.051 0.5555555820
74340  -28.995  14.462  -30.477 0.5555555820
72471  -29.169  12.277  -30.441 0.4444444478
75265  -19.252  15.540  -28.248 0.3333333433
75267  -21.171  15.010  -28.607 0.5555555820
74306  -21.296  14.203  -28.656 0.6666666865
75284  -21.502  15.717  -29.275 0.5555555820
74321  -22.268  14.377  -29.352 0.7777777910
73410  -22.928  14.005  -30.314 0.7777777910
75309  -23.675  15.200  -30.126 0.6666666865
74339  -24.058  14.494  -30.243 0.6666666865
74322  -24.996  14.533  -29.770 0.6666666865
75289  -26.839  15.403  -29.955 0.6666666865
75312  -27.669  16.112  -30.615 0.6666666865
75330  -28.412  16.136  -31.609 0.6666666865
75331  -29.277  15.879  -31.539 0.5555555820
76259  -29.805  16.695  -31.111 0.5555555820
76258  -29.203  16.755  -31.653 0.6666666865
76218  -19.713  16.696  -28.417 0.4444444478
76217  -18.819  16.633  -27.813 0.4444444478
75266  -20.506  15.588  -28.610 0.4444444478
76229  -20.609  16.965  -29.055 0.5555555820
75306  -21.866  15.801  -29.644 0.6666666865
75307  -22.164  15.355  -29.741 0.6666666865
75286  -23.639  15.814  -29.668 0.6666666865
75288  -25.750  15.776  -29.923 0.6666666865
75311  -26.648  16.295  -30.247 0.6666666865
76256  -27.575  16.858  -31.134 0.6666666865
77174  -28.688  17.388  -31.505 0.6666666865
78145  -29.541  18.655  -31.101 0.5555555820
77175  -29.581  17.667  -31.183 0.6666666865
77153  -21.087  17.835  -29.567 0.4444444478
76219  -23.493  16.756  -29.066 0.6666666865
76232  -23.098  16.444  -29.373 0.6666666865
76234  -25.143  16.573  -29.407 0.6666666865
75287  -24.476  15.553  -29.680 0.6666666865
77173  -27.936  17.511  -31.356 0.6666666865
59529  -26.746  -0.437  -26.583 0.8888888955
59524  -25.259  -0.820  -25.902 1.0000000000
59535  -25.830  0.443  -27.058 1.0000000000
60627  -26.562  1.291  -27.960 1.0000000000
61652  -28.036  1.938  -28.930 1.0000000000
65894  -20.871  5.533  -28.589 0.5555555820
117854  -26.110  9.629  -31.280 0.8888888955
69574  -21.466  8.806  -28.402 0.5555555820
70496  -21.824  9.402  -29.345 0.7777777910
71496  -23.666  11.029  -29.950 1.0000000000
71557  -28.242  11.033  -31.803 0.8888888955
73426  -29.086  12.738  -31.067 0.6666666865
73411  -23.448  13.519  -30.371 0.7777777910
73416  -29.494  13.534  -29.974 0.4444444478
76243  -22.011  16.102  -29.773 0.6666666865
77145  -23.326  17.356  -29.081 0.6666666865
66877  -21.039  6.024  -28.122 0.4444444478
68698  -21.412  8.131  -27.960 0.4444444478
79119  -29.712  19.412  -31.013 0.5555555820
76201  -18.384  16.941  -27.331 0.2222222239
56239  -25.695  -3.733  -22.664 0.5555555820
55177  -26.369  -4.393  -24.041 0.5555555820
57333  -26.858  -2.421  -25.120 0.5555555820
59531  -28.378  -0.993  -26.734 0.7777777910
59538  -28.715  -0.303  -27.349 0.8888888955
57308  -25.576  -3.271  -23.147 0.5555555820
58403  -27.965  -1.396  -26.345 0.8888888955
59544  -29.648  0.153  -27.916 0.7777777910
60636  -29.623  1.228  -28.811 0.7777777910
61657  -29.215  2.335  -29.926 0.8888888955
57307  -25.130  -2.963  -22.422 0.4444444478
58374  -24.802  -1.859  -23.892 0.5555555820
62725  -28.684  2.710  -30.133 1.0000000000
58382  -24.159  -1.003  -25.030 0.2222222239
59523  -24.553  -0.392  -25.769 0.6666666865
64915  -28.785  4.754  -31.059 0.8888888955
66891  -28.607  6.282  -31.608 0.6666666865
68708  -28.488  7.858  -32.014 0.7777777910
60612  -23.726  1.126  -26.039 0.5555555820
117858  -29.434  9.724  -30.660 0.6666666865
61635  -23.197  2.177  -26.388 0.4444444478
62707  -20.329  3.148  -27.651 0.2222222239
65893  -20.459  5.442  -28.470 0.4444444478
117826  -26.003  8.310  -26.814 0.5555555820
68675  -20.748  7.541  -27.182 0.3333333433
117845  -25.732  9.444  -26.484 0.5555555820
70450  -26.404  11.163  -25.628 0.4444444478
70466  -20.459  10.090  -27.608 0.3333333433
117852  -27.028  11.860  -27.710 0.5555555820
72457  -29.374  12.778  -29.243 0.4444444478
74303  -18.834  14.557  -28.081 0.3333333433
73381  -19.202  14.043  -28.316 0.3333333433
74319  -19.677  13.675  -28.878 0.4444444478
74341  -29.598  14.461  -30.353 0.4444444478
75332  -29.879  15.949  -30.886 0.4444444478
80153  -29.941  20.402  -30.791 0.2222222239
77142  -19.152  17.684  -28.128 0.3333333433
77154  -21.929  17.738  -29.910 0.6666666865
77163  -25.435  17.293  -29.685 0.6666666865
76246  -26.351  16.975  -30.361 0.6666666865
77172  -27.462  17.570  -30.604 0.6666666865
78143  -28.296  18.344  -31.112 0.6666666865
79118  -29.008  19.408  -31.453 0.6666666865
80152  -29.110  20.355  -31.639 0.6666666865
81221  -29.248  21.468  -32.211 0.4444444478
81208  -29.446  21.088  -31.589 0.3333333433
77156  -23.695  17.613  -28.943 0.5555555820
56257  -25.979  -3.914  -24.183 0.6666666865
57324  -26.554  -3.188  -24.526 0.6666666865
58401  -26.314  -0.837  -26.222 0.8888888955
60621  -26.968  0.649  -27.536 1.0000000000
60620  -26.084  0.800  -27.492 1.0000000000
60629  -28.550  0.649  -28.119 1.0000000000
60622  -27.866  0.423  -27.622 0.8888888955
57315  -25.223  -2.597  -23.155 0.4444444478
58393  -25.070  -1.066  -25.654 0.8888888955
59528  -25.581  -0.213  -26.496 0.8888888955
59530  -27.751  -0.687  -26.631 0.8888888955
60628  -27.581  1.079  -28.075 1.0000000000
60635  -28.812  1.194  -28.794 1.0000000000
61644  -27.141  1.671  -28.462 1.0000000000
61653  -29.027  1.852  -29.505 1.0000000000
62719  -27.627  2.722  -29.729 1.0000000000
58373  -24.152  -1.144  -24.608 0.5555555820
59516  -24.259  -0.844  -25.261 0.6666666865
59527  -24.840  0.149  -26.330 0.8888888955
60626  -25.672  1.338  -27.972 1.0000000000
61642  -25.270  2.026  -28.468 1.0000000000
61643  -26.176  1.740  -28.552 1.0000000000
62716  -25.249  2.966  -28.780 1.0000000000
63813  -27.624  3.684  -30.187 1.0000000000
63817  -28.924  4.044  -30.812 0.8888888955
64903  -26.575  4.432  -29.892 1.0000000000
64902  -25.977  4.368  -29.554 1.0000000000
64908  -27.250  4.513  -30.285 1.0000000000
65909  -27.893  5.346  -31.161 1.0000000000
65910  -28.385  5.545  -31.295 0.8888888955
66895  -28.248  6.687  -31.909 0.7777777910
62703  -23.953  2.901  -27.383 1.0000000000
60617  -23.898  1.405  -26.624 0.6666666865
61639  -24.567  2.016  -27.687 1.0000000000
63797  -24.867  3.644  -28.558 1.0000000000
64895  -25.062  4.459  -28.832 1.0000000000
65898  -25.858  5.160  -29.577 1.0000000000
66881  -26.050  5.893  -29.968 1.0000000000
67834  -27.016  7.181  -31.358 1.0000000000
62701  -21.798  3.566  -26.830 0.5555555820
62702  -22.898  3.306  -26.749 0.5555555820
62709  -21.769  3.795  -27.216 0.6666666865
63795  -22.119  4.223  -27.437 0.6666666865
63789  -23.133  3.906  -27.221 0.7777777910
64885  -22.748  4.858  -27.471 0.7777777910
65887  -22.142  5.666  -28.061 0.6666666865
66864  -23.200  6.396  -28.020 0.8888888955
65880  -23.620  5.653  -27.781 0.8888888955
63790  -24.245  3.671  -27.769 0.8888888955
64887  -24.621  4.505  -28.175 1.0000000000
117844  -25.181  6.906  -29.841 1.0000000000
117833  -28.239  8.445  -27.860 0.5555555820
65895  -21.419  5.573  -28.451 0.5555555820
64884  -19.472  4.545  -27.846 0.3333333433
63793  -20.543  3.795  -28.378 0.3333333433
63802  -20.908  4.184  -28.834 0.4444444478
63794  -21.334  4.002  -28.229 0.6666666865
66880  -22.186  7.180  -28.221 0.6666666865
66871  -22.577  6.988  -28.277 0.7777777910
117848  -25.390  7.250  -30.341 1.0000000000
117825  -27.061  8.422  -27.714 0.5555555820
68693  -22.856  8.241  -29.461 0.8888888955
117837  -26.478  9.812  -27.831 0.6666666865
67819  -21.156  6.621  -27.741 0.4444444478
70499  -24.754  10.022  -30.520 1.0000000000
71546  -27.701  11.044  -31.719 0.7777777910
71458  -26.184  11.388  -27.120 0.5555555820
117843  -26.116  10.241  -27.693 0.5555555820
69564  -21.125  9.193  -27.955 0.5555555820
70483  -21.445  10.060  -28.984 0.6666666865
70498  -24.306  10.831  -30.327 1.0000000000
70508  -26.983  11.071  -31.146 0.8888888955
71559  -29.175  11.418  -31.622 0.8888888955
72454  -27.001  12.378  -30.384 0.8888888955
71497  -27.797  11.749  -28.393 0.5555555820
71493  -20.882  11.134  -28.851 0.5555555820
71515  -20.933  11.605  -28.968 0.7777777910
71517  -23.702  11.749  -30.248 0.8888888955
72438  -28.744  12.415  -28.299 0.5555555820
73395  -19.869  13.167  -28.975 0.5555555820
72448  -19.952  12.415  -29.221 0.5555555820
74320  -19.889  13.760  -29.193 0.4444444478
73397  -20.925  12.885  -29.151 0.6666666865
73384  -21.528  13.507  -28.706 0.6666666865
72450  -20.957  12.086  -29.108 0.7777777910
71492  -19.974  11.480  -28.902 0.6666666865
73398  -22.645  13.471  -29.872 0.7777777910
72434  -22.539  12.495  -29.057 0.7777777910
73413  -25.285  12.882  -30.074 0.7777777910
73400  -25.333  13.737  -29.915 0.6666666865
73387  -27.154  13.577  -29.769 0.6666666865
74308  -26.477  13.940  -29.800 0.6666666865
75290  -27.770  15.183  -29.928 0.6666666865
73404  -28.674  13.945  -30.194 0.5555555820
73415  -28.830  13.440  -30.466 0.5555555820
75314  -29.478  15.223  -30.783 0.4444444478
74304  -19.640  14.342  -28.652 0.4444444478
75285  -21.824  14.963  -28.980 0.6666666865
74337  -22.626  14.529  -30.107 0.7777777910
77180  -28.541  16.893  -31.817 0.6666666865
76266  -28.739  16.670  -31.907 0.6666666865
75283  -21.042  16.226  -29.170 0.5555555820
76231  -22.319  16.761  -29.693 0.6666666865
75310  -26.112  16.482  -30.195 0.6666666865
71475  -19.852  11.803  -27.899 0.3333333433
66870  -20.766  5.903  -28.010 0.4444444478
67820  -21.160  7.429  -27.735 0.4444444478
78136  -30.388  18.364  -30.627 0.3333333433
56248  -25.932  -3.949  -23.538 0.5555555820
58409  -29.320  -0.806  -27.206 0.6666666865
63815  -29.212  3.433  -30.601 0.7777777910
67840  -28.704  7.174  -32.031 0.6666666865
60613  -24.387  0.681  -26.300 0.7777777910
62708  -21.092  3.433  -27.631 0.3333333433
62700  -20.954  3.067  -27.047 0.1111111119
62706  -19.874  3.205  -27.411 0.1111111119
67805  -20.909  7.172  -27.468 0.4444444478
68691  -21.047  8.215  -27.631 0.3333333433
73382  -19.529  13.467  -28.408 0.3333333433
80162  -28.784  21.131  -32.167 0.6666666865
80167  -28.787  21.332  -32.735 0.4444444478
57309  -27.036  -2.605  -22.708 0.4444444478
57293  -27.177  -2.376  -21.626 0.2222222239
56240  -26.166  -3.805  -22.938 0.4444444478
55178  -26.879  -4.613  -24.029 0.4444444478
56250  -26.984  -3.919  -23.946 0.4444444478
57317  -27.094  -2.911  -23.630 0.4444444478
57318  -27.626  -2.205  -23.998 0.4444444478
58365  -27.945  -1.590  -23.233 0.2222222239
57325  -27.138  -2.825  -24.398 0.4444444478
57326  -28.094  -2.025  -24.871 0.4444444478
58377  -28.611  -1.023  -23.870 0.1111111119
59511  -29.426  -0.392  -23.901 0.1111111119
58385  -28.501  -1.617  -24.888 0.3333333433
57334  -27.741  -2.163  -25.294 0.4444444478
57327  -28.726  -1.622  -25.305 0.3333333433
57328  -29.231  -1.238  -25.519 0.3333333433
59517  -29.620  -0.521  -24.744 0.2222222239
57335  -28.541  -1.885  -25.659 0.4444444478
57336  -29.082  -1.592  -25.813 0.3333333433
58396  -28.242  -1.872  -26.010 0.4444444478
58406  -30.363  -0.727  -26.647 0.2222222239
58407  -31.064  -0.575  -26.272 0.1111111119
59534  -31.859  -0.312  -26.573 0.1111111119
58411  -30.132  -0.738  -27.103 0.3333333433
59546  -30.771  -0.129  -28.004 0.3333333433
60631  -30.129  0.591  -28.379 0.4444444478
60637  -30.376  1.185  -28.775 0.5555555820
61659  -30.006  2.053  -29.472 0.6666666865
62722  -31.362  2.509  -28.864 0.4444444478
62726  -29.505  2.738  -30.156 0.6666666865
64912  -31.371  4.899  -29.698 0.3333333433
63816  -30.114  3.602  -30.265 0.6666666865
65912  -29.935  5.915  -30.763 0.5555555820
63818  -29.456  4.175  -30.870 0.6666666865
67836  -30.436  7.682  -31.294 0.5555555820
65906  -30.638  5.933  -30.343 0.4444444478
68705  -30.206  8.803  -31.521 0.3333333433
65911  -29.100  5.709  -31.209 0.5555555820
69585  -29.992  9.843  -31.023 0.4444444478
77165  -26.798  17.576  -30.193 0.5555555820
77164  -25.989  17.647  -29.979 0.5555555820
78142  -27.795  18.365  -30.656 0.5555555820
79117  -28.318  19.374  -31.242 0.5555555820
80166  -28.242  20.650  -33.094 0.5555555820
56224  -26.358  -3.456  -21.804 0.4444444478
58338  -27.516  -1.831  -22.328 0.2222222239
56258  -26.385  -3.901  -24.360 0.4444444478
58386  -28.981  -1.069  -24.813 0.2222222239
58398  -30.361  -0.946  -26.030 0.2222222239
58399  -31.010  -0.650  -25.665 0.1111111119
60632  -31.086  0.479  -28.284 0.4444444478
60623  -31.412  0.128  -27.908 0.3333333433
62727  -30.088  2.491  -29.802 0.6666666865
63808  -30.568  3.523  -29.607 0.4444444478
117853  -29.923  9.757  -29.865 0.3333333433
117847  -29.250  9.063  -28.418 0.4444444478
117832  -26.612  7.889  -27.335 0.4444444478
79111  -27.918  19.767  -30.798 0.5555555820
80143  -28.090  20.267  -31.058 0.5555555820
62723  -31.838  2.845  -28.699 0.2222222239
55156  -26.099  -4.589  -21.835 0.4444444478
55157  -26.344  -4.245  -21.310 0.4444444478
57271  -27.193  -2.992  -21.012 0.2222222239
56206  -27.519  -3.291  -20.091 0.1111111119
56222  -25.502  -4.311  -22.348 0.4444444478
56223  -25.988  -4.239  -22.434 0.4444444478
58339  -28.310  -1.332  -22.086 0.1111111119
58366  -28.832  -0.780  -22.863 0.1111111119
57272  -27.955  -2.395  -20.769 0.1111111119
59493  -29.838  -0.310  -22.524 0.1111111119
59518  -30.271  -0.233  -24.575 0.1111111119
58389  -31.656  -0.415  -24.755 0.1111111119
60615  -32.734  0.208  -26.334 0.1111111119
61640  -32.470  1.326  -27.632 0.1111111119
63810  -32.147  3.484  -28.845 0.2222222239
67830  -30.969  7.599  -30.869 0.1111111119
64905  -31.622  4.285  -29.319 0.2222222239
70509  -30.776  10.135  -30.746 0.2222222239
117822  -28.046  7.494  -27.606 0.4444444478
65851  -27.811  6.262  -26.966 0.3333333433
65835  -27.348  6.424  -25.673 0.3333333433
66822  -26.333  7.448  -25.908 0.3333333433
72432  -19.825  12.517  -28.619 0.4444444478
71459  -26.848  12.363  -26.474 0.4444444478
74342  -30.226  14.594  -29.789 0.3333333433
81230  -28.740  21.241  -33.414 0.5555555820
78125  -25.075  18.182  -28.918 0.5555555820
78127  -26.866  18.443  -29.078 0.5555555820
80151  -28.286  20.352  -31.565 0.5555555820
79130  -27.615  19.399  -33.092 0.5555555820
78155  -27.832  18.658  -34.526 0.5555555820
79110  -27.658  19.434  -30.140 0.5555555820
56249  -26.549  -4.209  -23.630 0.4444444478
58397  -28.699  -1.781  -26.106 0.5555555820
59539  -29.735  -0.414  -27.559 0.6666666865
61654  -29.863  1.685  -29.276 0.6666666865
66892  -29.410  6.775  -31.576 0.5555555820
67835  -29.422  7.862  -31.869 0.5555555820
75315  -30.240  15.470  -30.302 0.3333333433
56259  -26.819  -4.034  -24.262 0.4444444478
58410  -29.728  -0.872  -27.169 0.3333333433
57339  -29.393  -1.449  -26.251 0.3333333433
56241  -26.574  -3.461  -23.217 0.4444444478
57310  -27.386  -2.262  -23.330 0.4444444478
57294  -27.915  -1.884  -21.553 0.1111111119
58364  -27.434  -2.047  -22.910 0.4444444478
58376  -28.231  -1.573  -24.339 0.4444444478
58340  -29.264  -0.669  -21.581 0.1111111119
57340  -29.895  -1.145  -26.311 0.3333333433
58387  -29.972  -0.682  -25.389 0.2222222239
59541  -31.116  -0.126  -27.672 0.2222222239
59542  -31.492  -0.097  -27.199 0.1111111119
58408  -31.742  -0.716  -25.892 0.1111111119
60624  -31.932  0.310  -27.489 0.1111111119
58400  -31.798  -0.582  -25.227 0.1111111119
59540  -30.353  -0.377  -27.571 0.3333333433
61655  -30.527  1.938  -29.196 0.4444444478
63809  -31.090  3.495  -29.143 0.3333333433
60638  -30.940  1.325  -28.828 0.4444444478
61646  -31.539  1.674  -28.545 0.3333333433
65907  -31.397  5.900  -29.921 0.1111111119
64911  -30.454  5.018  -30.217 0.4444444478
64916  -29.557  4.986  -30.938 0.5555555820
68706  -31.149  8.626  -31.076 0.3333333433
117834  -28.866  7.607  -27.438 0.4444444478
79116  -27.933  19.058  -30.871 0.5555555820
78135  -27.286  18.347  -29.856 0.5555555820
80161  -28.203  20.988  -32.060 0.5555555820
58388  -31.011  -0.466  -25.023 0.1111111119
61647  -32.338  1.849  -28.089 0.2222222239
56205  -26.932  -3.443  -20.837 0.2222222239
55154  -25.262  -4.612  -22.289 0.4444444478
59512  -30.495  -0.103  -23.588 0.1111111119
48986  -24.287  -10.131  -17.581 0.1111111119
50096  -23.608  -9.058  -20.486 0.3333333433
49009  -24.488  -9.509  -19.336 0.2222222239
50063  -24.679  -9.639  -18.148 0.2222222239
50036  -24.868  -9.779  -17.556 0.1111111119
50037  -25.370  -9.497  -17.943 0.1111111119
52196  -22.900  -7.384  -21.324 0.3333333433
51187  -23.125  -8.375  -20.773 0.3333333433
51189  -24.695  -8.740  -20.461 0.3333333433
51170  -25.470  -8.464  -20.000 0.3333333433
50079  -24.787  -9.236  -19.842 0.2222222239
50064  -25.267  -9.157  -18.988 0.2222222239
50065  -25.851  -8.840  -18.775 0.1111111119
51151  -25.640  -8.646  -19.397 0.2222222239
54123  -22.507  -5.224  -21.732 0.2222222239
54110  -22.795  -5.883  -21.664 0.2222222239
52197  -23.958  -7.591  -21.441 0.3333333433
51188  -24.136  -8.472  -20.880 0.3333333433
51171  -25.773  -8.124  -19.766 0.1111111119
55169  -23.901  -4.653  -22.213 0.2222222239
54124  -23.404  -5.436  -21.908 0.3333333433
53173  -23.966  -5.971  -22.001 0.3333333433
55170  -24.850  -4.915  -22.322 0.3333333433
54125  -24.343  -5.515  -22.224 0.3333333433
53174  -24.566  -6.401  -21.964 0.3333333433
53175  -25.329  -6.439  -21.981 0.3333333433
53160  -25.436  -6.850  -21.592 0.3333333433
53176  -25.606  -6.485  -21.859 0.3333333433
52199  -25.676  -7.059  -21.153 0.3333333433
53143  -26.089  -6.510  -20.930 0.3333333433
52171  -26.349  -7.463  -19.494 0.1111111119
53134  -26.462  -6.505  -19.767 0.2222222239
56237  -23.406  -3.679  -22.279 0.2222222239
56238  -24.816  -3.994  -22.190 0.3333333433
55171  -25.331  -5.052  -22.343 0.3333333433
54126  -25.366  -5.669  -22.320 0.3333333433
54111  -25.797  -5.460  -22.260 0.3333333433
54112  -26.137  -5.667  -21.842 0.3333333433
57306  -24.204  -3.035  -22.299 0.3333333433
55155  -25.726  -4.985  -22.325 0.3333333433
55138  -26.364  -4.873  -21.097 0.3333333433
70429  -26.362  10.186  -25.226 0.3333333433
68634  -26.083  8.819  -24.686 0.2222222239
50097  -24.148  -8.966  -20.534 0.3333333433
50098  -24.367  -9.370  -20.216 0.3333333433
55168  -22.724  -4.505  -21.974 0.3333333433
53158  -23.532  -6.520  -21.710 0.3333333433
52215  -25.048  -6.954  -21.719 0.3333333433
52198  -25.178  -7.863  -21.193 0.3333333433
52179  -25.493  -7.991  -20.502 0.3333333433
52180  -25.800  -7.572  -20.207 0.3333333433
56221  -25.233  -4.309  -22.224 0.3333333433
47962  -23.703  -10.760  -17.574 0.1111111119
47940  -24.521  -11.187  -16.876 0.1111111119
51168  -22.350  -8.542  -20.458 0.3333333433
50078  -22.939  -9.154  -20.284 0.3333333433
49021  -23.335  -9.761  -19.969 0.3333333433
49022  -23.647  -9.931  -19.585 0.3333333433
49008  -23.809  -10.024  -18.627 0.3333333433
47921  -25.094  -11.446  -16.577 0.1111111119
50017  -25.271  -9.883  -17.316 0.1111111119
50018  -26.016  -9.884  -17.450 0.1111111119
51124  -26.557  -8.665  -18.343 0.1111111119
54085  -26.688  -5.529  -19.918 0.1111111119
55139  -26.644  -4.057  -20.495 0.1111111119
69528  -26.721  10.328  -24.552 0.2222222239
60609  -24.084  0.415  -25.765 0.5555555820
66800  -26.572  7.706  -24.785 0.2222222239
48966  -25.527  -10.587  -16.753 0.1111111119
48017  -23.954  -9.597  -20.430 0.3333333433
49023  -24.151  -9.715  -19.738 0.3333333433
53157  -22.489  -6.529  -21.454 0.2222222239
51186  -22.321  -7.882  -20.870 0.2222222239
51169  -22.717  -8.833  -20.382 0.3333333433
52214  -24.607  -7.152  -21.629 0.3333333433
53159  -24.187  -6.910  -21.675 0.3333333433
51152  -26.149  -8.325  -19.084 0.1111111119
53161  -25.826  -6.483  -21.640 0.3333333433
54127  -25.740  -6.205  -22.066 0.3333333433
54095  -26.406  -5.685  -20.677 0.3333333433
55124  -26.650  -4.987  -20.346 0.1111111119
47961  -23.409  -11.554  -17.665 0.1111111119
49020  -22.804  -9.611  -19.922 0.3333333433
50077  -22.380  -9.232  -19.928 0.2222222239
49007  -23.061  -10.700  -19.270 0.3333333433
52195  -22.125  -7.187  -21.119 0.2222222239
51185  -21.923  -7.606  -20.835 0.2222222239
65836  -28.260  5.670  -25.344 0.1111111119
65852  -28.909  4.758  -25.982 0.1111111119
66802  -29.014  5.957  -24.344 0.1111111119
66801  -27.720  7.057  -24.507 0.1111111119
67727  -28.408  7.644  -23.485 0.1111111119
67752  -27.630  8.077  -23.890 0.1111111119
68635  -27.130  8.757  -24.030 0.1111111119
72419  -28.811  12.783  -27.653 0.2222222239
69508  -26.535  9.797  -24.611 0.1111111119
69509  -27.185  9.946  -24.062 0.1111111119
73405  -29.825  13.569  -28.956 0.1111111119
72439  -29.484  13.112  -28.154 0.1111111119
73406  -30.317  14.120  -28.603 0.1111111119
77158  -25.442  17.808  -29.459 0.4444444478
76248  -30.509  16.563  -30.540 0.1111111119
78110  -23.954  19.325  -28.179 0.4444444478
78112  -25.280  18.660  -28.485 0.4444444478
79112  -30.252  19.374  -30.334 0.1111111119
80165  -27.734  20.414  -32.565 0.4444444478
81231  -29.230  21.692  -32.813 0.2222222239
83276  -29.531  22.065  -32.337 0.1111111119
82220  -29.922  22.074  -31.335 0.1111111119
79124  -27.224  20.054  -32.644 0.4444444478
118040  -26.426  17.989  -33.797 0.4444444478
77184  -27.027  17.531  -33.821 0.4444444478
118039  -26.490  16.732  -34.352 0.4444444478
77190  -27.232  17.243  -34.346 0.4444444478
78169  -27.463  18.111  -35.410 0.4444444478
78179  -27.975  18.920  -35.715 0.4444444478
79143  -28.417  19.712  -35.272 0.2222222239
79151  -28.679  20.366  -35.626 0.2222222239
118093  -28.996  21.026  -35.235 0.2222222239
118092  -29.178  21.431  -34.749 0.2222222239
118114  -29.254  22.304  -34.082 0.2222222239
84286  -26.489  23.987  -37.206 0.1111111119
82266  -27.491  22.436  -37.263 0.1111111119
118123  -29.447  23.017  -33.112 0.1111111119
80128  -27.577  20.501  -29.287 0.4444444478
80142  -27.861  20.663  -30.387 0.4444444478
80150  -28.110  21.106  -31.249 0.3333333433
79123  -26.822  20.214  -32.613 0.4444444478
118041  -25.588  17.524  -34.261 0.4444444478
118038  -25.233  16.823  -35.337 0.4444444478
76283  -26.461  16.270  -35.244 0.4444444478
77197  -26.825  16.494  -35.546 0.4444444478
79141  -27.047  18.092  -35.590 0.4444444478
78175  -23.614  18.363  -36.047 0.3333333433
79149  -26.873  19.112  -35.802 0.3333333433
80176  -26.394  20.136  -36.233 0.1111111119
80177  -27.499  20.263  -36.234 0.1111111119
81241  -28.008  20.904  -36.699 0.1111111119
118082  -29.312  21.757  -35.813 0.1111111119
118089  -28.897  21.686  -36.861 0.1111111119
80114  -26.899  20.481  -28.563 0.2222222239
80159  -26.136  20.548  -32.756 0.3333333433
118044  -25.417  20.344  -33.512 0.3333333433
77195  -23.977  17.757  -35.438 0.3333333433
77203  -25.381  16.910  -35.946 0.4444444478
79146  -23.937  19.359  -36.377 0.2222222239
78176  -24.255  18.142  -36.277 0.2222222239
79148  -25.618  19.108  -36.336 0.2222222239
80175  -24.152  20.462  -36.544 0.1111111119
79152  -24.351  19.870  -36.654 0.1111111119
80179  -24.638  20.579  -36.614 0.1111111119
81244  -26.732  21.666  -36.974 0.1111111119
81243  -25.527  21.608  -36.798 0.1111111119
80181  -26.019  20.975  -36.457 0.1111111119
81220  -27.000  21.575  -31.927 0.3333333433
80158  -25.686  20.779  -33.170 0.3333333433
81229  -24.899  21.926  -33.841 0.3333333433
81228  -24.612  21.261  -34.224 0.3333333433
118043  -23.973  19.282  -34.701 0.3333333433
78161  -23.585  18.686  -35.067 0.3333333433
79139  -23.555  19.437  -35.416 0.2222222239
79145  -23.551  19.453  -35.872 0.2222222239
80174  -23.722  20.368  -36.060 0.1111111119
82262  -24.489  22.280  -36.211 0.1111111119
82264  -25.559  22.384  -36.943 0.1111111119
85145  -26.235  25.444  -36.709 0.1111111119
83274  -27.328  23.849  -32.568 0.1111111119
83271  -24.913  23.616  -33.005 0.1111111119
83291  -24.390  23.208  -33.272 0.2222222239
83290  -23.581  23.018  -33.602 0.2222222239
81234  -23.692  21.619  -34.634 0.3333333433
83289  -22.957  23.004  -33.844 0.2222222239
79135  -23.660  19.626  -35.102 0.3333333433
81227  -22.735  21.805  -33.975 0.3333333433
83298  -22.628  23.177  -34.457 0.2222222239
82254  -22.498  22.306  -34.813 0.1111111119
84271  -22.928  24.159  -34.775 0.1111111119
83302  -22.810  23.315  -35.441 0.1111111119
83303  -23.329  23.905  -35.773 0.1111111119
81237  -24.109  21.290  -36.061 0.1111111119
83305  -23.905  23.315  -35.880 0.1111111119
84279  -24.716  24.337  -36.352 0.1111111119
83306  -25.165  23.277  -36.581 0.1111111119
84281  -26.890  24.719  -36.682 0.1111111119
84273  -27.423  25.161  -36.569 0.1111111119
84240  -25.666  24.475  -32.804 0.1111111119
85105  -25.810  25.647  -33.115 0.1111111119
84258  -24.521  24.231  -33.257 0.1111111119
85961  -24.233  26.608  -33.590 0.1111111119
85130  -24.185  26.006  -33.859 0.1111111119
84268  -23.000  23.881  -34.140 0.2222222239
85129  -23.623  25.501  -33.979 0.1111111119
85134  -22.976  24.757  -34.256 0.1111111119
85971  -23.711  26.568  -34.618 0.1111111119
85982  -23.772  26.383  -35.606 0.1111111119
85142  -23.754  25.436  -35.907 0.1111111119
85953  -26.500  26.598  -32.898 0.1111111119
85954  -27.190  26.360  -32.384 0.1111111119
85951  -24.604  26.987  -33.112 0.1111111119
86710  -25.029  27.859  -32.798 0.1111111119
85950  -23.921  27.479  -33.296 0.1111111119
86709  -24.213  28.080  -32.940 0.1111111119
86735  -23.863  27.709  -34.539 0.1111111119
86696  -26.765  27.908  -32.142 0.1111111119
86711  -26.131  27.684  -32.674 0.1111111119
65837  -29.385  4.552  -24.694 0.1111111119
67728  -29.605  7.420  -23.543 0.1111111119
70430  -26.833  11.372  -24.347 0.1111111119
70452  -27.543  13.263  -25.339 0.1111111119
76235  -30.796  16.156  -29.926 0.1111111119
79101  -26.655  18.844  -28.431 0.4444444478
79136  -28.238  19.261  -34.812 0.4444444478
80171  -28.620  20.557  -34.498 0.3333333433
81235  -29.096  21.615  -33.788 0.2222222239
84231  -29.439  22.325  -32.900 0.1111111119
81240  -27.112  20.959  -36.606 0.1111111119
81245  -28.000  21.579  -37.009 0.1111111119
83312  -28.685  23.247  -35.906 0.1111111119
77189  -24.473  18.206  -34.525 0.3333333433
82265  -26.332  22.438  -37.165 0.1111111119
84256  -23.320  23.735  -33.731 0.2222222239
85952  -25.528  26.913  -33.136 0.1111111119
85960  -23.785  27.094  -33.890 0.1111111119
86746  -24.243  27.517  -35.545 0.1111111119
87486  -25.662  28.594  -32.841 0.1111111119
87487  -26.474  28.562  -32.292 0.1111111119
67729  -30.933  6.663  -23.846 0.1111111119
66776  -29.738  6.445  -23.904 0.1111111119
70451  -26.739  12.299  -25.542 0.2222222239
77167  -30.974  17.572  -30.357 0.1111111119
78123  -23.148  18.899  -29.039 0.4444444478
79102  -27.290  19.328  -28.960 0.4444444478
118042  -25.592  18.960  -33.885 0.4444444478
78178  -26.155  17.742  -35.814 0.4444444478
78177  -25.063  17.894  -36.257 0.2222222239
85106  -26.988  25.618  -32.768 0.1111111119
86712  -27.034  27.206  -32.375 0.1111111119
67753  -31.093  5.437  -24.048 0.1111111119
66845  -29.118  6.485  -27.181 0.1111111119
64876  -29.836  5.042  -26.931 0.1111111119
66803  -30.239  5.309  -23.834 0.1111111119
68615  -30.470  8.499  -23.370 0.1111111119
68589  -29.701  9.172  -22.947 0.1111111119
68588  -29.011  9.283  -22.997 0.1111111119
70380  -29.026  10.361  -22.763 0.1111111119
69485  -28.103  10.207  -23.376 0.1111111119
71437  -28.640  12.583  -24.981 0.1111111119
70408  -27.497  12.200  -23.356 0.1111111119
70407  -27.742  11.203  -23.240 0.1111111119
71460  -28.606  13.297  -25.796 0.1111111119
73347  -30.343  13.701  -26.644 0.1111111119
74327  -30.545  14.707  -28.953 0.1111111119
78124  -24.213  18.335  -28.746 0.4444444478
75292  -30.748  15.516  -29.341 0.1111111119
76249  -31.069  16.818  -29.974 0.1111111119
83262  -29.742  22.472  -31.895 0.1111111119
81193  -30.607  21.072  -29.998 0.1111111119
78109  -23.243  20.112  -28.754 0.4444444478
79087  -25.736  19.325  -28.207 0.4444444478
84233  -29.942  23.576  -32.530 0.1111111119
118090  -29.498  23.650  -33.934 0.1111111119
81192  -28.101  21.846  -30.641 0.2222222239
81219  -26.621  21.879  -32.448 0.2222222239
82217  -27.557  22.864  -31.790 0.1111111119
82250  -25.016  22.477  -33.481 0.2222222239
85153  -28.075  24.939  -37.326 0.1111111119
84274  -27.755  25.260  -36.779 0.1111111119
82218  -28.055  23.135  -31.671 0.1111111119
84220  -28.348  23.948  -30.950 0.1111111119
85107  -27.662  25.664  -32.049 0.1111111119
85092  -28.045  25.671  -31.095 0.1111111119
85983  -27.503  26.028  -36.131 0.1111111119
85929  -27.937  26.540  -30.494 0.1111111119
86756  -24.594  27.256  -36.316 0.1111111119
86770  -26.087  28.039  -37.067 0.1111111119
86758  -26.316  27.535  -36.717 0.1111111119
85940  -27.535  26.655  -31.555 0.1111111119
86697  -27.240  27.683  -31.629 0.1111111119
87484  -23.934  28.904  -33.127 0.1111111119
118570  -24.812  29.391  -35.423 0.1111111119
70467  -27.208  12.870  -26.104 0.1111111119
67751  -26.982  8.049  -24.374 0.1111111119
68614  -29.204  8.416  -22.927 0.1111111119
68613  -28.179  9.046  -23.495 0.1111111119
71478  -28.469  13.472  -26.517 0.1111111119
73389  -30.038  13.695  -28.232 0.1111111119
72420  -29.192  13.264  -27.140 0.1111111119
78128  -30.537  18.812  -30.085 0.1111111119
83254  -30.141  22.609  -31.193 0.1111111119
79150  -27.980  19.618  -35.914 0.2222222239
80178  -28.461  20.631  -36.323 0.1111111119
83310  -26.972  23.299  -37.337 0.1111111119
84285  -25.950  23.815  -37.129 0.1111111119
82267  -28.708  22.374  -36.970 0.1111111119
83311  -28.130  23.372  -37.158 0.1111111119
77201  -24.069  17.581  -35.976 0.3333333433
118045  -24.576  19.704  -34.174 0.3333333433
79153  -24.912  19.928  -36.564 0.2222222239
79154  -25.543  20.186  -36.434 0.1111111119
81238  -24.756  21.418  -36.588 0.1111111119
81218  -25.536  21.465  -33.323 0.3333333433
82216  -26.844  22.677  -32.083 0.1111111119
82249  -24.180  22.345  -33.919 0.3333333433
80170  -24.042  20.551  -34.871 0.3333333433
80173  -23.731  20.406  -35.327 0.2222222239
80172  -23.671  20.464  -35.493 0.1111111119
82260  -22.885  22.164  -35.516 0.1111111119
82261  -23.701  22.203  -35.673 0.1111111119
84280  -25.747  24.353  -36.927 0.1111111119
85144  -25.103  25.392  -36.877 0.1111111119
85996  -25.742  26.447  -36.984 0.1111111119
83253  -28.371  23.536  -31.218 0.1111111119
83273  -26.499  23.593  -32.584 0.1111111119
83275  -28.017  23.867  -32.434 0.1111111119
83292  -25.101  23.073  -33.069 0.1111111119
82248  -23.094  22.010  -33.511 0.3333333433
84257  -23.826  23.837  -33.490 0.1111111119
81233  -23.184  21.485  -34.396 0.3333333433
81226  -22.655  21.775  -34.357 0.2222222239
81232  -22.999  21.325  -35.052 0.1111111119
85135  -23.351  25.340  -34.935 0.1111111119
84272  -23.310  24.425  -35.447 0.1111111119
84278  -23.849  24.450  -35.959 0.1111111119
86011  -24.975  26.090  -37.087 0.1111111119
85143  -24.300  25.176  -36.409 0.1111111119
85120  -25.290  25.081  -33.165 0.1111111119
84241  -26.682  24.632  -32.843 0.1111111119
84242  -27.744  24.714  -32.567 0.1111111119
84259  -25.045  24.675  -33.151 0.1111111119
85119  -24.668  25.567  -33.526 0.1111111119
85104  -25.160  26.338  -33.402 0.1111111119
85972  -23.917  26.349  -33.962 0.1111111119
85118  -23.853  24.641  -33.585 0.1111111119
85128  -23.267  24.483  -33.807 0.1111111119
86755  -23.899  26.995  -36.127 0.1111111119
85994  -23.978  26.399  -36.522 0.1111111119
118568  -23.798  28.446  -33.831 0.1111111119
118569  -23.886  28.388  -34.254 0.1111111119
117876  -30.915  4.691  -26.045 0.1111111119
70468  -27.714  13.462  -26.182 0.1111111119
84232  -29.713  23.036  -32.242 0.1111111119
118103  -28.717  24.274  -35.131 0.1111111119
87522  -24.525  28.629  -35.181 0.1111111119
88319  -26.310  29.386  -32.584 0.1111111119
72404  -29.539  13.392  -26.293 0.1111111119
73390  -30.493  14.044  -27.845 0.1111111119
118091  -29.493  24.548  -34.313 0.1111111119
84283  -28.443  24.832  -35.817 0.1111111119
82233  -26.310  22.846  -32.670 0.1111111119
82195  -27.970  22.864  -29.950 0.1111111119
85147  -28.240  24.928  -36.677 0.1111111119
86747  -25.142  28.010  -36.001 0.1111111119
85995  -24.859  26.708  -36.855 0.1111111119
88316  -24.020  29.039  -34.102 0.1111111119
88334  -24.961  29.412  -34.511 0.1111111119
49006  -22.372  -10.220  -19.340 0.2222222239
61632  -23.176  1.586  -25.695 0.2222222239
61634  -22.727  2.849  -26.209 0.2222222239
78122  -22.322  18.777  -29.750 0.3333333433
78120  -20.820  18.816  -29.166 0.2222222239
80126  -22.283  20.727  -29.542 0.1111111119
118237  -23.541  20.955  -28.306 0.1111111119
80112  -24.603  20.533  -28.064 0.2222222239
72417  -19.801  12.752  -28.002 0.1111111119
59522  -24.040  0.034  -25.457 0.2222222239
76216  -18.316  16.402  -27.461 0.1111111119
76200  -17.913  16.518  -26.994 0.1111111119
79077  -19.277  19.510  -27.421 0.1111111119
80111  -21.811  21.179  -29.125 0.1111111119
81175  -23.040  21.275  -29.244 0.1111111119
118249  -25.259  21.474  -28.436 0.1111111119
77152  -20.541  18.013  -29.008 0.2222222239
77131  -18.605  17.644  -27.513 0.1111111119
59515  -23.933  -0.426  -25.001 0.2222222239
65877  -19.940  5.246  -27.457 0.2222222239
78107  -19.465  18.647  -28.182 0.1111111119
64873  -19.772  4.448  -27.033 0.1111111119
66863  -20.800  5.981  -27.426 0.3333333433
79099  -22.520  19.740  -29.536 0.3333333433
80127  -22.750  20.349  -29.340 0.1111111119
60608  -23.748  0.660  -25.307 0.2222222239
79084  -19.929  19.279  -28.001 0.1111111119
80125  -21.677  20.468  -29.318 0.1111111119
77118  -17.807  17.374  -26.423 0.1111111119
79085  -20.596  19.683  -28.374 0.1111111119
79071  -18.314  18.988  -26.493 0.1111111119
79072  -18.859  19.536  -26.513 0.1111111119
80104  -19.891  20.163  -27.110 0.1111111119
78095  -18.355  18.386  -27.065 0.1111111119
61648  -32.808  1.909  -27.789 0.1111111119
47985  -22.231  -11.427  -18.764 0.1111111119
47986  -22.945  -11.544  -18.367 0.1111111119
47984  -21.441  -11.376  -18.913 0.1111111119
50062  -21.972  -9.725  -19.444 0.1111111119
50076  -21.996  -8.744  -20.079 0.1111111119
51167  -21.614  -8.103  -20.386 0.1111111119
58362  -24.798  -1.906  -22.433 0.1111111119
61631  -22.773  2.485  -25.984 0.1111111119
69551  -20.860  9.001  -27.156 0.2222222239
70448  -20.140  10.007  -26.707 0.2222222239
49005  -21.447  -10.351  -19.095 0.1111111119
62695  -22.613  3.177  -26.406 0.1111111119
47983  -20.526  -11.405  -19.097 0.1111111119
49004  -20.666  -10.314  -18.973 0.1111111119
51150  -21.050  -8.408  -19.637 0.1111111119
53142  -21.364  -6.759  -20.665 0.1111111119
53156  -21.649  -6.367  -21.042 0.1111111119
54109  -22.105  -5.744  -21.494 0.1111111119
55167  -22.211  -4.822  -21.744 0.1111111119
59510  -24.245  -1.178  -23.051 0.1111111119
61627  -22.806  2.161  -25.330 0.1111111119
69540  -20.737  9.208  -26.611 0.2222222239
70447  -19.867  10.943  -26.726 0.2222222239
71456  -19.890  11.637  -27.068 0.1111111119
47987  -23.313  -10.886  -18.025 0.1111111119
46959  -21.545  -12.446  -18.844 0.1111111119
70465  -19.843  10.847  -27.373 0.2222222239
68676  -20.764  7.926  -27.234 0.2222222239
62694  -21.955  3.502  -26.343 0.1111111119
54122  -21.952  -5.131  -21.631 0.1111111119
55153  -22.295  -4.114  -21.826 0.1111111119
50061  -21.556  -9.171  -19.445 0.1111111119
51166  -20.991  -7.757  -19.964 0.1111111119
58363  -24.753  -1.578  -21.766 0.1111111119
59509  -23.829  -0.675  -23.882 0.1111111119
71432  -20.086  11.346  -26.535 0.1111111119
72403  -20.231  12.228  -26.835 0.1111111119
73362  -19.044  13.907  -27.912 0.1111111119
68661  -20.659  7.733  -26.950 0.1111111119
73363  -19.503  13.385  -27.503 0.1111111119
74286  -18.407  14.208  -27.112 0.1111111119
75264  -18.313  15.574  -27.619 0.1111111119
47939  -23.797  -11.414  -17.245 0.1111111119
47941  -25.180  -11.140  -16.631 0.1111111119
48001  -23.805  -9.644  -20.201 0.3333333433
48002  -23.763  -9.819  -20.037 0.3333333433
48003  -23.919  -9.854  -19.843 0.3333333433
48018  -24.004  -9.743  -20.220 0.3333333433
48019  -24.032  -9.810  -19.985 0.3333333433
48965  -24.848  -10.157  -17.138 0.1111111119
49043  -23.834  -9.466  -20.324 0.3333333433
49044  -24.073  -9.495  -20.280 0.3333333433
49045  -24.125  -9.696  -20.085 0.3333333433
50016  -24.972  -9.867  -17.304 0.1111111119
52194  -21.649  -7.207  -20.771 0.1111111119
55179  -27.034  -4.369  -24.193 0.4444444478
55186  -26.371  -4.196  -24.254 0.4444444478
55187  -26.662  -4.397  -24.285 0.4444444478
55188  -26.969  -4.568  -24.340 0.4444444478
57337  -29.631  -1.197  -25.915 0.3333333433
57338  -28.955  -1.719  -26.106 0.3333333433
58404  -28.942  -1.386  -26.668 0.6666666865
58405  -29.758  -1.145  -26.719 0.3333333433
59532  -30.574  -0.430  -27.226 0.3333333433
59533  -31.027  -0.210  -26.905 0.2222222239
59545  -30.344  -0.030  -28.030 0.3333333433
60633  -31.869  1.080  -28.044 0.3333333433
60634  -28.172  1.244  -28.507 1.0000000000
61656  -31.080  1.795  -28.897 0.4444444478
61658  -29.606  2.184  -29.683 0.6666666865
62698  -19.797  3.134  -26.972 0.1111111119
62699  -20.212  2.799  -27.055 0.2222222239
62712  -31.654  2.208  -28.632 0.2222222239
62713  -32.097  2.527  -28.508 0.2222222239
62721  -30.614  2.877  -29.520 0.4444444478
62724  -28.084  3.159  -30.204 1.0000000000
63781  -19.785  3.608  -26.874 0.1111111119
63787  -19.638  3.692  -27.363 0.1111111119
63788  -22.610  4.249  -27.301 0.6666666865
63792  -19.749  3.676  -28.031 0.3333333433
63796  -22.569  3.754  -27.060 0.6666666865
63798  -25.160  3.910  -29.024 1.0000000000
63803  -21.205  4.494  -28.795 0.4444444478
63805  -25.559  3.665  -29.186 1.0000000000
63807  -26.965  3.309  -29.838 1.0000000000
63819  -29.931  4.533  -30.712 0.5555555820
64857  -29.191  5.289  -26.596 0.1111111119
64858  -29.768  4.506  -26.441 0.1111111119
64859  -30.471  4.438  -26.290 0.1111111119
64860  -30.741  4.560  -26.276 0.1111111119
64875  -29.450  5.412  -26.849 0.1111111119
64877  -30.336  4.701  -26.721 0.1111111119
64891  -20.069  4.627  -28.633 0.4444444478
64892  -20.572  4.336  -28.750 0.4444444478
64894  -22.039  4.883  -27.795 0.7777777910
64899  -20.477  5.132  -28.767 0.4444444478
64901  -21.267  4.896  -28.810 0.5555555820
64904  -30.730  4.216  -29.549 0.3333333433
64910  -28.570  4.258  -30.786 1.0000000000
64914  -28.251  5.044  -31.117 1.0000000000
64917  -29.939  5.064  -30.679 0.5555555820
65853  -30.089  4.044  -25.647 0.1111111119
65868  -29.060  5.792  -26.860 0.1111111119
65869  -29.681  5.721  -27.103 0.1111111119
65878  -20.506  5.771  -27.363 0.3333333433
65885  -19.937  5.442  -28.127 0.2222222239
65886  -21.686  5.280  -28.369 0.5555555820
65889  -25.409  5.076  -29.115 1.0000000000
65903  -26.266  5.430  -30.018 1.0000000000
65905  -27.448  5.208  -30.777 1.0000000000
66774  -28.323  7.218  -23.939 0.1111111119
66775  -28.777  6.923  -23.861 0.1111111119
66862  -20.723  6.066  -27.648 0.3333333433
66879  -21.964  6.816  -28.350 0.6666666865
66884  -26.521  5.961  -30.357 1.0000000000
66885  -27.160  5.952  -30.865 1.0000000000
66887  -30.759  6.851  -30.566 0.1111111119
66889  -27.349  6.368  -31.242 1.0000000000
66893  -30.135  6.834  -31.094 0.5555555820
66894  -27.886  6.673  -31.850 0.7777777910
66896  -28.743  6.736  -31.857 0.7777777910
67791  -20.696  7.281  -27.044 0.1111111119
67793  -29.502  7.250  -27.355 0.1111111119
67806  -20.988  7.679  -27.566 0.4444444478
67825  -20.763  6.352  -27.993 0.4444444478
67828  -22.188  7.604  -28.287 0.6666666865
67837  -31.072  7.946  -31.002 0.1111111119
67838  -27.717  6.679  -31.739 1.0000000000
68664  -23.558  8.062  -30.073 1.0000000000
68665  -29.475  7.679  -27.362 0.1111111119
68677  -23.274  8.198  -29.914 1.0000000000
68692  -22.340  8.445  -29.255 0.8888888955
69460  -28.728  9.986  -23.069 0.1111111119
69542  -23.611  8.201  -30.284 1.0000000000
69543  -23.854  8.260  -30.175 1.0000000000
69586  -30.893  9.604  -31.183 0.2222222239
70379  -28.782  10.373  -22.911 0.1111111119
70425  -19.967  11.043  -26.519 0.2222222239
70426  -20.229  10.833  -26.440 0.2222222239
70431  -27.300  12.986  -24.163 0.1111111119
70497  -21.991  9.351  -29.533 0.7777777910
70500  -30.641  10.114  -30.233 0.2222222239
70505  -24.754  11.250  -30.640 1.0000000000
70513  -26.768  10.433  -31.217 0.8888888955
70515  -30.749  10.029  -31.001 0.2222222239
70518  -28.418  10.708  -31.478 0.7777777910
71418  -28.052  12.040  -22.856 0.1111111119
71436  -25.968  10.569  -26.074 0.4444444478
71457  -19.959  12.088  -27.186 0.1111111119
71477  -27.674  12.685  -27.208 0.1111111119
71513  -20.053  11.940  -29.383 0.6666666865
71516  -23.372  12.066  -29.844 0.8888888955
71519  -26.810  11.958  -30.776 0.8888888955
71532  -25.884  11.317  -30.554 0.8888888955
71535  -29.394  11.824  -31.039 0.6666666865
71545  -27.336  11.373  -31.520 0.8888888955
71547  -29.173  11.158  -31.224 0.8888888955
71548  -29.344  11.584  -31.340 0.6666666865
71558  -28.765  11.034  -31.577 0.7777777910
72384  -20.421  11.755  -26.496 0.1111111119
72402  -20.134  11.754  -26.721 0.1111111119
72435  -26.718  12.974  -29.588 0.6666666865
72436  -27.299  12.961  -29.890 0.6666666865
72437  -27.639  13.111  -29.976 0.6666666865
72449  -20.359  12.351  -29.335 0.5555555820
72451  -23.054  12.496  -29.705 0.8888888955
72466  -24.752  12.404  -30.619 0.8888888955
72469  -27.644  12.557  -31.301 0.7777777910
72481  -27.294  11.785  -31.575 0.8888888955
72482  -27.923  12.004  -32.156 0.8888888955
72483  -28.814  12.297  -31.777 0.6666666865
72495  -28.500  11.425  -31.987 0.8888888955
72496  -28.920  11.703  -31.922 0.8888888955
72497  -29.247  11.683  -31.644 0.8888888955
73365  -21.910  13.728  -28.344 0.6666666865
73366  -22.108  13.896  -28.340 0.7777777910
73367  -30.049  13.613  -27.526 0.1111111119
73383  -20.865  13.597  -29.041 0.6666666865
73385  -22.211  13.547  -28.717 0.7777777910
73386  -26.601  13.588  -29.676 0.6666666865
73388  -27.478  13.335  -29.852 0.6666666865
73414  -28.163  12.858  -30.997 0.5555555820
73417  -30.122  14.114  -29.307 0.2222222239
74288  -21.692  13.958  -28.367 0.7777777910
74289  -21.945  13.947  -28.106 0.7777777910
74305  -20.479  14.246  -29.046 0.4444444478
74307  -22.033  14.379  -28.346 0.7777777910
74309  -26.779  13.875  -29.770 0.6666666865
74324  -27.038  14.366  -29.748 0.6666666865
74325  -27.872  14.397  -29.797 0.6666666865
74326  -28.443  14.419  -30.149 0.5555555820
74338  -23.265  14.529  -30.274 0.7777777910
75268  -21.566  14.695  -28.562 0.6666666865
75308  -22.969  15.446  -30.052 0.6666666865
75329  -27.921  16.442  -31.308 0.6666666865
75347  -28.642  16.385  -31.980 0.6666666865
75348  -28.914  16.247  -32.055 0.6666666865
76220  -23.571  17.072  -28.946 0.6666666865
76230  -21.519  16.666  -29.590 0.6666666865
76233  -24.035  16.590  -29.083 0.6666666865
76242  -21.740  16.062  -29.605 0.6666666865
76244  -22.502  15.997  -29.679 0.6666666865
76245  -25.732  16.821  -30.082 0.6666666865
76247  -27.052  16.902  -30.609 0.6666666865
76257  -28.026  16.734  -31.662 0.6666666865
76265  -28.461  16.618  -31.870 0.6666666865
76282  -25.033  16.713  -35.871 0.4444444478
77117  -17.615  17.240  -25.831 0.1111111119
77130  -18.159  17.535  -26.962 0.1111111119
77143  -19.976  17.782  -28.530 0.3333333433
77144  -23.242  17.045  -29.123 0.6666666865
77155  -22.843  17.587  -29.353 0.6666666865
77157  -24.758  17.493  -29.167 0.4444444478
77166  -30.361  17.371  -30.867 0.3333333433
77179  -28.302  17.035  -31.764 0.6666666865
77196  -24.497  17.288  -35.751 0.3333333433
77198  -27.148  16.736  -35.167 0.4444444478
77202  -24.699  17.124  -36.026 0.3333333433
77204  -26.340  16.558  -35.681 0.4444444478
77205  -26.743  16.321  -35.501 0.4444444478
78083  -17.754  17.854  -25.906 0.1111111119
78096  -18.738  18.573  -27.733 0.1111111119
78108  -20.270  18.689  -28.487 0.2222222239
78111  -24.682  18.728  -28.522 0.4444444478
78121  -21.483  18.807  -29.773 0.3333333433
78126  -25.991  18.246  -28.957 0.5555555820
78134  -26.615  17.988  -29.606 0.5555555820
78137  -30.856  18.094  -30.314 0.1111111119
78144  -28.917  18.472  -31.277 0.6666666865
78153  -27.084  18.409  -33.459 0.4444444478
78154  -27.483  18.283  -33.977 0.4444444478
78160  -23.463  18.870  -35.138 0.2222222239
78162  -27.459  17.885  -34.782 0.4444444478
78163  -27.797  18.590  -35.070 0.4444444478
78166  -23.494  18.854  -35.321 0.2222222239
78167  -23.537  18.468  -35.481 0.3333333433
78168  -26.945  17.090  -35.662 0.4444444478
78170  -28.090  18.975  -35.413 0.2222222239
78174  -23.519  18.868  -35.592 0.2222222239
78180  -28.252  19.498  -35.626 0.2222222239
79057  -18.094  18.866  -25.918 0.1111111119
79058  -18.570  19.278  -25.848 0.1111111119
79076  -18.591  19.093  -27.116 0.1111111119
79078  -20.037  19.857  -27.667 0.1111111119
79086  -24.861  19.307  -28.295 0.4444444478
79088  -26.568  19.679  -28.396 0.4444444478
79097  -21.243  19.747  -29.250 0.1111111119
79098  -21.873  19.768  -29.793 0.3333333433
79100  -22.874  19.781  -29.206 0.3333333433
79129  -26.607  19.384  -33.151 0.4444444478
79131  -28.130  19.390  -33.937 0.5555555820
79134  -23.512  19.021  -35.221 0.2222222239
79140  -23.678  20.088  -35.301 0.2222222239
79142  -27.578  18.721  -35.696 0.4444444478
79147  -24.622  19.032  -36.442 0.2222222239
80110  -21.230  20.737  -28.584 0.1111111119
80113  -25.910  20.486  -28.332 0.2222222239
80144  -30.459  20.073  -29.823 0.1111111119
80160  -27.371  20.962  -32.166 0.4444444478
80164  -25.931  19.796  -33.304 0.3333333433
80168  -23.620  21.016  -35.270 0.2222222239
80169  -23.726  20.720  -35.137 0.2222222239
80180  -25.175  20.746  -36.585 0.1111111119
81206  -26.900  22.186  -32.019 0.2222222239
81207  -27.405  21.999  -31.708 0.2222222239
81209  -29.990  21.419  -30.977 0.1111111119
81236  -23.584  21.312  -35.515 0.1111111119
81239  -25.184  21.937  -36.813 0.1111111119
81242  -24.947  21.088  -36.629 0.1111111119
82203  -28.298  22.779  -31.180 0.1111111119
82204  -28.285  23.249  -31.457 0.1111111119
82219  -29.617  21.654  -31.697 0.1111111119
82232  -25.718  22.551  -33.007 0.2222222239
82234  -29.473  21.790  -32.191 0.1111111119
82235  -29.649  22.023  -31.884 0.1111111119
82247  -22.586  22.298  -34.040 0.2222222239
82255  -23.282  21.700  -34.082 0.3333333433
82256  -23.691  21.893  -34.205 0.3333333433
82263  -25.104  22.319  -36.709 0.1111111119
83252  -28.206  23.587  -30.626 0.1111111119
83259  -27.122  23.302  -32.103 0.1111111119
83260  -27.711  23.406  -32.056 0.1111111119
83261  -28.306  23.592  -31.828 0.1111111119
83272  -25.594  23.474  -32.844 0.1111111119
83304  -23.146  22.750  -35.775 0.1111111119
83307  -25.698  23.668  -36.967 0.1111111119
83308  -25.450  22.784  -36.850 0.1111111119
83309  -25.903  23.218  -37.168 0.1111111119
84230  -28.380  24.130  -31.392 0.1111111119
84239  -25.100  24.100  -32.903 0.1111111119
84243  -28.326  24.251  -32.088 0.1111111119
84282  -27.626  25.015  -37.057 0.1111111119
84287  -27.585  24.292  -37.175 0.1111111119
84288  -28.280  24.229  -36.466 0.1111111119
85117  -23.527  24.184  -33.641 0.2222222239
85136  -27.045  25.405  -36.076 0.1111111119
85137  -27.786  25.525  -36.365 0.1111111119
85146  -28.046  25.278  -36.853 0.1111111119
85150  -24.055  25.726  -36.519 0.1111111119
85151  -24.464  25.685  -36.764 0.1111111119
85152  -24.734  25.807  -36.964 0.1111111119
85154  -28.137  24.608  -37.055 0.1111111119
86009  -24.147  25.985  -36.797 0.1111111119
86010  -24.475  26.129  -36.929 0.1111111119
86708  -23.845  28.331  -33.426 0.1111111119
86722  -23.773  27.918  -33.818 0.1111111119
87524  -25.124  28.638  -36.438 0.1111111119
87535  -26.707  28.395  -36.972 0.1111111119
117820  -27.432  8.831  -27.851 0.6666666865
117823  -27.090  9.892  -31.321 0.8888888955
117827  -26.880  9.894  -31.360 0.8888888955
117828  -26.070  7.383  -30.775 1.0000000000
117838  -26.207  8.976  -27.286 0.5555555820
117839  -26.760  10.169  -28.104 0.5555555820
117846  -26.370  10.740  -27.816 0.5555555820
117855  -26.981  6.593  -31.011 1.0000000000
117857  -26.417  9.917  -31.273 0.8888888955
118088  -28.637  21.259  -36.691 0.1111111119
118236  -23.661  20.174  -27.988 0.2222222239
118240  -23.989  21.478  -28.277 0.1111111119
