#!ascii label  , from subject sub.01.base.01 vox2ras=TkReg
497
44771  29.602  -13.948  47.067 0.0000000000
110612  39.417  -4.977  25.337 0.0000000000
56814  44.516  -2.925  22.266 0.0000000000
110569  47.217  -7.845  34.109 0.0000000000
41481  36.972  -16.592  45.819 0.0000000000
40401  33.567  -16.827  47.464 0.0000000000
56817  41.243  -4.674  21.389 0.0000000000
110618  40.677  -5.628  26.031 0.0000000000
110521  43.185  -11.850  38.410 0.0000000000
40445  42.221  -17.284  44.421 0.0000000000
61989  51.200  1.811  21.056 0.0000000000
60058  46.773  0.039  21.566 0.0000000000
50058  41.955  -9.355  32.367 0.0000000000
110579  43.019  -4.651  31.895 0.0000000000
42551  32.954  -15.226  46.646 0.0000000000
42530  31.739  -15.495  47.249 0.0000000000
56818  40.215  -4.552  21.812 0.0000000000
55733  40.202  -5.443  24.834 0.0000000000
110619  40.326  -5.451  25.863 0.0000000000
110501  40.694  -15.082  37.239 0.0000000000
40400  38.163  -17.718  47.629 0.0000000000
42546  39.254  -16.361  45.443 0.0000000000
38261  40.184  -19.114  45.885 0.0000000000
62004  49.267  2.092  19.984 0.0000000000
60066  50.027  0.477  20.691 0.0000000000
60068  48.441  0.623  20.363 0.0000000000
58026  44.187  -1.567  21.154 0.0000000000
59067  44.434  -0.743  20.836 0.0000000000
59027  45.846  -0.912  22.003 0.0000000000
57971  47.305  -1.402  22.237 0.0000000000
56813  45.563  -2.627  22.400 0.0000000000
48971  45.443  -9.713  37.289 0.0000000000
110545  43.219  -9.964  34.015 0.0000000000
110527  44.762  -7.490  34.400 0.0000000000
110570  43.001  -6.757  33.160 0.0000000000
110549  45.404  -5.707  33.554 0.0000000000
53346  45.982  -5.547  31.743 0.0000000000
51156  45.571  -7.399  32.825 0.0000000000
42526  36.270  -16.085  47.955 0.0000000000
58001  42.410  -2.828  20.163 0.0000000000
56816  42.402  -4.284  21.404 0.0000000000
55750  40.254  -5.489  23.297 0.0000000000
54595  40.040  -5.744  24.977 0.0000000000
110483  41.393  -14.481  39.410 0.0000000000
110477  42.090  -13.830  39.173 0.0000000000
110515  45.263  -11.815  38.028 0.0000000000
48013  47.058  -10.891  34.796 0.0000000000
50037  45.559  -9.670  33.372 0.0000000000
42621  40.304  -16.352  41.029 0.0000000000
38319  42.707  -18.347  41.597 0.0000000000
61037  53.315  1.588  19.076 0.0000000000
60084  46.921  0.655  19.970 0.0000000000
59040  48.166  -0.347  21.431 0.0000000000
56838  48.533  -2.427  21.145 0.0000000000
110595  40.885  -6.191  27.837 0.0000000000
110599  44.900  -3.103  29.658 0.0000000000
53376  44.245  -5.985  29.326 0.0000000000
43614  29.202  -14.873  47.096 0.0000000000
43613  30.107  -14.821  46.821 0.0000000000
41461  30.624  -16.627  47.414 0.0000000000
56795  39.555  -5.007  23.417 0.0000000000
110616  40.113  -5.473  25.836 0.0000000000
39333  39.228  -18.791  46.863 0.0000000000
62005  48.681  1.823  19.668 0.0000000000
61026  49.003  1.266  19.970 0.0000000000
61027  48.137  1.201  19.875 0.0000000000
57974  44.361  -2.097  21.991 0.0000000000
59028  44.883  -1.309  22.017 0.0000000000
57973  45.200  -1.826  22.338 0.0000000000
50007  47.710  -9.123  35.222 0.0000000000
110516  45.128  -8.273  35.335 0.0000000000
110568  46.307  -7.712  34.534 0.0000000000
49990  45.086  -6.932  34.315 0.0000000000
52232  46.711  -7.193  34.142 0.0000000000
51139  45.607  -6.622  33.290 0.0000000000
51138  46.527  -7.384  33.688 0.0000000000
110432  34.430  -16.353  46.986 0.0000000000
110402  34.718  -16.606  48.013 0.0000000000
40386  36.453  -17.349  48.942 0.0000000000
56844  41.131  -4.078  20.636 0.0000000000
56862  41.833  -3.327  20.059 0.0000000000
56843  42.240  -3.748  20.546 0.0000000000
56842  43.012  -3.066  21.267 0.0000000000
55769  42.196  -4.630  22.189 0.0000000000
55770  41.258  -5.115  21.983 0.0000000000
110604  39.943  -6.088  25.802 0.0000000000
110605  41.085  -6.091  26.634 0.0000000000
110461  41.293  -15.575  39.414 0.0000000000
110469  41.706  -14.395  39.243 0.0000000000
110470  41.673  -14.799  39.069 0.0000000000
110498  44.147  -12.432  37.295 0.0000000000
110518  46.614  -11.577  36.703 0.0000000000
42544  40.864  -16.560  45.472 0.0000000000
42583  40.506  -16.146  43.523 0.0000000000
42604  41.338  -16.256  42.781 0.0000000000
110471  41.695  -16.650  41.361 0.0000000000
39372  42.397  -17.601  43.322 0.0000000000
62002  50.883  2.849  20.982 0.0000000000
61023  52.026  1.684  20.155 0.0000000000
59062  49.357  -0.116  20.378 0.0000000000
59065  45.947  -0.238  21.172 0.0000000000
60071  45.077  0.210  20.487 0.0000000000
60070  46.174  0.257  20.672 0.0000000000
60085  46.708  0.566  20.254 0.0000000000
60069  47.365  0.456  20.550 0.0000000000
59064  48.051  0.194  20.998 0.0000000000
59041  47.545  0.030  21.706 0.0000000000
56811  47.294  -2.022  22.001 0.0000000000
57997  47.586  -1.731  21.950 0.0000000000
48030  41.085  -11.958  37.286 0.0000000000
110531  43.359  -10.451  35.605 0.0000000000
110546  42.726  -9.709  32.997 0.0000000000
49025  42.082  -11.213  32.458 0.0000000000
110574  42.698  -6.219  32.368 0.0000000000
52274  41.711  -6.802  30.453 0.0000000000
110582  42.147  -5.549  30.562 0.0000000000
110585  41.708  -6.186  29.579 0.0000000000
110583  42.479  -4.708  30.284 0.0000000000
110588  42.649  -4.832  29.540 0.0000000000
110581  43.186  -3.517  30.591 0.0000000000
52272  45.125  -6.275  31.084 0.0000000000
53364  45.309  -5.579  30.718 0.0000000000
52290  44.332  -6.867  29.933 0.0000000000
52304  43.864  -6.546  29.377 0.0000000000
42529  32.806  -15.456  47.199 0.0000000000
41459  32.429  -16.171  47.543 0.0000000000
39311  32.288  -17.790  47.107 0.0000000000
40403  31.447  -17.295  47.475 0.0000000000
56794  40.027  -4.771  22.802 0.0000000000
56780  39.924  -5.601  24.874 0.0000000000
42548  37.325  -16.495  46.731 0.0000000000
42547  38.090  -16.587  45.699 0.0000000000
41455  39.240  -16.770  46.903 0.0000000000
40421  40.808  -17.575  46.229 0.0000000000
39344  41.831  -18.434  45.291 0.0000000000
38286  41.762  -19.406  43.904 0.0000000000
37362  40.262  -20.040  44.432 0.0000000000
61991  50.313  2.330  21.364 0.0000000000
60055  50.585  1.031  21.125 0.0000000000
60057  49.578  1.349  20.895 0.0000000000
60067  49.331  0.791  20.476 0.0000000000
58027  43.605  -1.672  20.682 0.0000000000
59043  45.120  -0.734  21.616 0.0000000000
60049  46.115  -0.532  21.742 0.0000000000
59026  46.839  -0.541  22.313 0.0000000000
57972  46.250  -1.584  22.298 0.0000000000
110524  44.403  -10.072  36.303 0.0000000000
50025  44.217  -9.578  35.115 0.0000000000
50038  44.268  -8.989  34.542 0.0000000000
51142  43.610  -8.430  33.391 0.0000000000
51169  42.371  -7.727  32.771 0.0000000000
110564  43.805  -7.068  33.621 0.0000000000
110550  43.982  -5.789  34.040 0.0000000000
110551  45.478  -4.996  33.491 0.0000000000
55652  46.076  -3.653  33.307 0.0000000000
53316  45.850  -5.399  33.197 0.0000000000
52247  45.622  -6.076  32.557 0.0000000000
52256  45.053  -7.204  31.443 0.0000000000
110441  33.255  -15.681  44.567 0.0000000000
110431  34.852  -16.411  46.236 0.0000000000
41482  36.493  -16.474  46.650 0.0000000000
41457  37.221  -16.373  48.047 0.0000000000
39308  37.595  -18.380  47.773 0.0000000000
58000  42.940  -2.539  20.733 0.0000000000
56841  43.560  -2.724  21.463 0.0000000000
56815  43.514  -3.313  21.750 0.0000000000
110478  40.596  -14.492  39.888 0.0000000000
110493  41.089  -12.676  39.097 0.0000000000
110481  42.012  -12.534  39.295 0.0000000000
110474  41.560  -15.340  38.646 0.0000000000
110508  44.556  -11.549  38.230 0.0000000000
110513  45.458  -10.735  38.284 0.0000000000
47985  47.715  -9.550  37.458 0.0000000000
49000  48.167  -9.122  35.576 0.0000000000
50036  46.231  -8.746  33.665 0.0000000000
49014  46.064  -10.401  33.696 0.0000000000
110475  41.010  -15.925  40.099 0.0000000000
110465  41.796  -16.734  41.026 0.0000000000
110462  41.296  -17.201  39.914 0.0000000000
37412  41.083  -19.230  41.925 0.0000000000
38321  40.963  -18.657  41.256 0.0000000000
111371  53.611  1.913  18.714 0.0000000000
61039  47.268  1.080  19.564 0.0000000000
59063  48.614  0.041  20.617 0.0000000000
58025  48.658  -0.717  20.764 0.0000000000
59025  47.696  -0.689  22.143 0.0000000000
57996  48.019  -1.330  21.636 0.0000000000
56861  48.744  -1.521  20.719 0.0000000000
110556  41.895  -11.483  33.684 0.0000000000
110636  39.890  -6.763  26.206 0.0000000000
110592  40.870  -6.022  26.499 0.0000000000
110627  42.799  -5.043  28.648 0.0000000000
54509  46.780  -4.064  31.320 0.0000000000
54524  45.066  -4.839  29.707 0.0000000000
110626  42.706  -5.444  28.442 0.0000000000
110622  43.027  -6.201  28.657 0.0000000000
50044  45.800  -8.219  33.079 0.0000000000
50055  44.805  -8.324  31.927 0.0000000000
50022  47.545  -8.423  34.579 0.0000000000
51121  47.215  -7.454  34.158 0.0000000000
110410  34.026  -16.449  47.318 0.0000000000
110396  34.663  -17.291  47.921 0.0000000000
55788  41.794  -3.844  20.375 0.0000000000
110463  41.136  -16.558  39.640 0.0000000000
42562  42.076  -16.560  45.009 0.0000000000
42564  40.763  -16.260  44.703 0.0000000000
42582  41.521  -15.970  44.053 0.0000000000
42603  42.232  -16.237  43.500 0.0000000000
40470  43.085  -16.823  43.073 0.0000000000
62001  51.504  2.200  20.652 0.0000000000
60059  46.248  -0.259  21.446 0.0000000000
55786  47.284  -2.782  21.902 0.0000000000
56839  47.666  -2.246  21.738 0.0000000000
49032  41.504  -9.812  31.994 0.0000000000
110578  42.214  -5.981  31.422 0.0000000000
110580  43.191  -3.831  31.354 0.0000000000
110576  43.447  -3.676  31.538 0.0000000000
52273  44.865  -6.772  30.862 0.0000000000
51201  44.045  -7.495  30.029 0.0000000000
43611  31.729  -15.026  46.676 0.0000000000
41460  31.577  -16.363  47.550 0.0000000000
56845  39.929  -3.871  20.798 0.0000000000
42524  38.127  -16.660  46.835 0.0000000000
40399  38.883  -17.502  47.305 0.0000000000
39332  39.908  -18.298  46.683 0.0000000000
39331  40.933  -18.284  45.676 0.0000000000
38260  40.726  -18.889  45.300 0.0000000000
38287  40.806  -19.534  44.369 0.0000000000
62009  49.602  2.710  19.740 0.0000000000
62003  49.899  2.609  20.594 0.0000000000
61017  49.757  1.831  21.220 0.0000000000
61025  49.431  1.660  20.556 0.0000000000
59042  45.806  -0.490  21.537 0.0000000000
56812  46.708  -2.481  22.115 0.0000000000
110525  44.619  -9.185  35.394 0.0000000000
51140  44.523  -8.805  34.896 0.0000000000
51141  44.340  -8.154  34.062 0.0000000000
52233  43.843  -7.885  33.449 0.0000000000
52234  43.251  -7.647  33.255 0.0000000000
110543  44.064  -7.453  33.691 0.0000000000
110562  45.481  -6.875  34.307 0.0000000000
50009  44.821  -6.900  34.177 0.0000000000
110542  44.802  -5.838  33.891 0.0000000000
52255  45.284  -6.544  31.663 0.0000000000
51167  45.129  -7.689  31.967 0.0000000000
43637  32.730  -15.367  45.548 0.0000000000
42550  33.435  -15.651  46.544 0.0000000000
110442  34.940  -16.405  47.883 0.0000000000
110411  35.154  -16.485  47.042 0.0000000000
110425  35.300  -16.503  46.450 0.0000000000
41458  36.363  -16.289  47.263 0.0000000000
42549  36.786  -16.258  47.298 0.0000000000
42509  36.970  -16.014  48.255 0.0000000000
58028  42.691  -1.903  20.269 0.0000000000
110603  39.810  -5.779  24.618 0.0000000000
110479  40.951  -15.018  39.813 0.0000000000
110480  41.802  -13.602  39.346 0.0000000000
110503  45.058  -12.229  37.661 0.0000000000
110519  46.705  -12.198  35.307 0.0000000000
47998  47.345  -10.388  37.306 0.0000000000
48008  47.540  -10.367  35.978 0.0000000000
48007  48.167  -9.501  36.181 0.0000000000
49007  47.456  -9.520  34.983 0.0000000000
49008  46.642  -9.897  34.419 0.0000000000
48014  46.715  -11.123  34.024 0.0000000000
41500  37.652  -16.579  44.526 0.0000000000
42566  38.673  -16.409  44.306 0.0000000000
42605  40.089  -16.506  41.949 0.0000000000
41547  39.909  -15.761  40.782 0.0000000000
41546  40.497  -15.938  40.481 0.0000000000
110460  42.670  -17.664  41.322 0.0000000000
38342  41.738  -17.273  40.456 0.0000000000
37394  41.746  -19.533  42.705 0.0000000000
38343  40.709  -17.565  40.170 0.0000000000
61038  52.822  1.695  19.357 0.0000000000
60082  53.496  1.188  19.182 0.0000000000
60072  44.077  0.096  19.800 0.0000000000
61040  46.273  1.024  19.829 0.0000000000
110540  43.863  -9.905  35.016 0.0000000000
110553  42.439  -10.675  34.361 0.0000000000
52257  42.494  -7.221  32.535 0.0000000000
110594  40.336  -6.872  27.375 0.0000000000
110614  44.265  -3.299  29.309 0.0000000000
53315  46.319  -4.635  32.840 0.0000000000
54500  46.724  -3.675  32.627 0.0000000000
53345  46.479  -4.656  31.996 0.0000000000
53365  44.646  -6.097  30.137 0.0000000000
53375  44.748  -5.523  29.709 0.0000000000
110625  44.213  -5.147  28.912 0.0000000000
110624  43.866  -5.679  28.821 0.0000000000
110610  43.169  -5.604  28.562 0.0000000000
110623  43.634  -6.109  28.886 0.0000000000
52305  43.246  -6.719  29.170 0.0000000000
43612  30.908  -14.739  46.680 0.0000000000
42531  30.832  -15.638  47.171 0.0000000000
42532  29.902  -15.832  46.933 0.0000000000
56819  39.390  -4.383  22.061 0.0000000000
39307  38.784  -18.370  47.215 0.0000000000
39306  39.356  -17.922  47.141 0.0000000000
38246  38.803  -19.072  46.894 0.0000000000
38262  39.225  -19.173  46.325 0.0000000000
57998  44.241  -1.833  21.576 0.0000000000
59044  44.557  -1.254  21.559 0.0000000000
59029  44.505  -1.573  21.836 0.0000000000
48980  46.752  -9.845  36.154 0.0000000000
110523  45.182  -7.396  34.704 0.0000000000
110526  45.041  -7.369  34.577 0.0000000000
110522  45.332  -7.146  34.506 0.0000000000
110557  45.704  -6.677  33.690 0.0000000000
51155  46.062  -7.906  33.298 0.0000000000
41483  33.508  -15.818  47.074 0.0000000000
110409  34.776  -16.389  47.951 0.0000000000
110404  35.365  -16.004  48.627 0.0000000000
41445  36.524  -16.122  48.857 0.0000000000
110397  35.528  -17.038  48.897 0.0000000000
55806  41.524  -3.680  20.222 0.0000000000
55805  41.897  -3.642  20.274 0.0000000000
110464  41.537  -14.857  39.312 0.0000000000
110509  45.571  -12.080  37.357 0.0000000000
110510  45.643  -12.876  36.069 0.0000000000
110511  46.078  -12.831  35.386 0.0000000000
42545  40.137  -16.305  45.478 0.0000000000
42565  39.792  -16.107  44.473 0.0000000000
42584  39.287  -16.381  43.043 0.0000000000
42606  39.308  -16.325  42.023 0.0000000000
42620  41.058  -16.516  41.315 0.0000000000
42619  42.267  -16.503  42.246 0.0000000000
38297  42.963  -17.646  42.229 0.0000000000
59066  45.424  -0.253  21.100 0.0000000000
61029  45.625  0.737  20.147 0.0000000000
61028  46.034  0.690  20.236 0.0000000000
110555  42.243  -10.506  32.681 0.0000000000
49033  41.532  -10.598  32.149 0.0000000000
52258  42.163  -7.056  31.599 0.0000000000
110590  41.221  -6.909  29.520 0.0000000000
110586  42.210  -5.479  29.728 0.0000000000
110589  41.968  -5.839  28.688 0.0000000000
110577  43.735  -2.302  30.198 0.0000000000
43624  32.339  -15.049  46.355 0.0000000000
43610  32.121  -15.058  46.635 0.0000000000
39310  33.210  -17.711  47.207 0.0000000000
40402  32.411  -17.042  47.471 0.0000000000
41501  36.775  -16.619  44.809 0.0000000000
42523  38.915  -16.545  46.236 0.0000000000
41479  39.593  -16.530  46.074 0.0000000000
40398  39.652  -17.471  47.033 0.0000000000
41454  39.900  -17.068  46.778 0.0000000000
41478  40.318  -16.804  46.245 0.0000000000
41477  41.438  -16.916  45.837 0.0000000000
40420  41.721  -17.794  45.842 0.0000000000
40435  42.159  -17.608  45.077 0.0000000000
39355  42.175  -17.919  44.254 0.0000000000
38272  42.075  -18.772  44.434 0.0000000000
37379  40.730  -19.785  43.673 0.0000000000
37396  39.974  -19.875  43.064 0.0000000000
61015  50.931  1.563  21.277 0.0000000000
61016  50.369  1.646  21.497 0.0000000000
60056  49.852  1.115  21.192 0.0000000000
59068  43.436  -0.996  19.987 0.0000000000
60048  46.402  -0.424  21.873 0.0000000000
110514  44.576  -10.678  38.007 0.0000000000
110532  44.023  -10.088  35.532 0.0000000000
110533  43.904  -10.044  35.271 0.0000000000
110541  43.806  -9.358  34.314 0.0000000000
110547  43.225  -9.140  33.257 0.0000000000
50047  42.609  -8.871  32.865 0.0000000000
50048  42.255  -8.896  32.647 0.0000000000
51170  41.960  -8.179  32.293 0.0000000000
51157  42.640  -8.217  33.040 0.0000000000
52248  42.737  -7.433  33.030 0.0000000000
110534  44.257  -6.911  33.955 0.0000000000
110571  43.652  -6.534  33.615 0.0000000000
110565  43.674  -6.150  33.730 0.0000000000
110575  43.524  -5.925  33.443 0.0000000000
110566  45.227  -3.395  32.854 0.0000000000
110560  45.422  -3.996  33.252 0.0000000000
54485  46.034  -4.318  33.320 0.0000000000
53333  46.178  -5.165  32.506 0.0000000000
41502  35.578  -16.558  45.489 0.0000000000
42525  37.265  -16.290  47.611 0.0000000000
41456  37.871  -16.880  47.700 0.0000000000
41444  36.932  -16.510  48.560 0.0000000000
40384  37.611  -17.515  48.114 0.0000000000
57999  43.711  -2.270  21.178 0.0000000000
57975  43.946  -2.434  21.567 0.0000000000
110489  41.467  -12.708  39.242 0.0000000000
110507  46.336  -11.000  37.896 0.0000000000
47986  47.123  -10.079  38.057 0.0000000000
48981  47.156  -10.057  37.600 0.0000000000
48990  48.037  -9.690  36.326 0.0000000000
50008  48.153  -8.707  35.254 0.0000000000
50023  47.984  -8.170  34.680 0.0000000000
50035  47.208  -7.935  33.988 0.0000000000
50024  47.106  -8.763  34.429 0.0000000000
41518  37.942  -16.391  43.337 0.0000000000
42628  41.385  -16.582  40.876 0.0000000000
38285  42.275  -18.403  43.483 0.0000000000
38298  42.274  -19.031  42.662 0.0000000000
38320  41.785  -18.935  41.762 0.0000000000
45890  29.288  -13.041  46.965 0.0000000000
111367  54.212  2.439  19.361 0.0000000000
57970  47.721  -1.103  22.138 0.0000000000
110611  38.904  -5.205  24.228 0.0000000000
110591  40.904  -6.626  28.623 0.0000000000
110567  45.699  -3.214  32.899 0.0000000000
55661  46.711  -2.809  32.041 0.0000000000
110596  46.249  -2.944  30.373 0.0000000000
53363  46.269  -4.861  31.147 0.0000000000
54523  45.918  -4.088  30.325 0.0000000000
110613  44.704  -3.989  29.372 0.0000000000
110598  42.253  -5.863  28.088 0.0000000000
110607  42.461  -6.344  28.399 0.0000000000
110621  42.718  -6.665  28.769 0.0000000000
50045  45.141  -8.911  32.676 0.0000000000
37378  41.572  -19.593  43.144 0.0000000000
37395  41.114  -19.473  42.640 0.0000000000
38273  41.208  -19.019  44.799 0.0000000000
38299  41.798  -19.385  42.413 0.0000000000
38318  43.149  -17.938  41.592 0.0000000000
39330  41.545  -18.179  45.649 0.0000000000
39345  41.135  -18.600  45.225 0.0000000000
40373  36.835  -16.962  48.965 0.0000000000
40374  36.389  -16.848  49.136 0.0000000000
40422  40.179  -17.419  46.663 0.0000000000
40458  42.586  -16.793  43.378 0.0000000000
40459  42.352  -17.164  43.711 0.0000000000
41428  35.491  -16.130  50.062 0.0000000000
41429  35.681  -16.063  49.786 0.0000000000
41433  36.634  -16.623  48.977 0.0000000000
41434  36.261  -16.272  49.108 0.0000000000
41435  35.908  -15.984  49.502 0.0000000000
41443  37.371  -17.012  48.257 0.0000000000
41476  42.080  -17.176  45.527 0.0000000000
41480  37.394  -16.598  45.252 0.0000000000
41498  42.170  -16.936  44.880 0.0000000000
41499  42.017  -16.696  45.388 0.0000000000
41516  42.263  -16.799  44.100 0.0000000000
41531  42.387  -16.709  43.568 0.0000000000
42494  35.449  -15.773  49.860 0.0000000000
42495  35.299  -15.609  49.925 0.0000000000
42500  36.277  -15.922  48.946 0.0000000000
42501  35.981  -15.736  49.136 0.0000000000
42502  35.077  -15.554  49.640 0.0000000000
42510  36.489  -16.036  48.608 0.0000000000
42527  35.856  -15.795  48.849 0.0000000000
42528  33.194  -15.400  46.985 0.0000000000
42563  41.582  -16.399  45.052 0.0000000000
42581  42.086  -16.384  44.474 0.0000000000
42602  42.734  -16.365  43.231 0.0000000000
43576  35.188  -15.315  49.903 0.0000000000
43577  35.127  -15.244  49.640 0.0000000000
43582  35.002  -14.863  49.354 0.0000000000
43583  35.098  -15.025  49.105 0.0000000000
43594  35.401  -15.121  48.774 0.0000000000
43595  35.395  -15.478  48.953 0.0000000000
47973  46.394  -9.896  37.990 0.0000000000
47997  48.044  -9.715  36.731 0.0000000000
48999  48.129  -9.229  35.969 0.0000000000
49044  41.303  -9.586  31.632 0.0000000000
51122  46.958  -7.189  34.039 0.0000000000
51137  47.088  -7.501  33.942 0.0000000000
51158  42.249  -8.518  32.776 0.0000000000
53317  43.049  -7.200  33.228 0.0000000000
53332  46.445  -4.522  32.524 0.0000000000
54484  46.291  -4.491  33.089 0.0000000000
54499  46.858  -3.058  31.840 0.0000000000
54508  46.921  -3.268  31.422 0.0000000000
54522  46.741  -3.448  30.725 0.0000000000
55662  45.952  -2.411  32.172 0.0000000000
55670  46.867  -2.937  30.821 0.0000000000
55679  45.422  -3.194  29.929 0.0000000000
55787  42.056  -3.794  20.385 0.0000000000
56840  47.241  -2.377  21.951 0.0000000000
61990  50.951  2.124  21.342 0.0000000000
110395  36.075  -17.626  48.834 0.0000000000
110403  35.730  -16.095  49.287 0.0000000000
110412  35.322  -16.382  47.641 0.0000000000
110417  35.314  -16.472  46.796 0.0000000000
110418  34.917  -16.373  48.152 0.0000000000
110424  35.747  -16.433  46.944 0.0000000000
110426  34.589  -16.544  47.718 0.0000000000
110427  35.000  -16.487  46.714 0.0000000000
110459  42.852  -18.079  41.354 0.0000000000
110476  41.774  -14.037  39.299 0.0000000000
110484  41.716  -13.288  39.427 0.0000000000
110548  44.039  -7.734  33.598 0.0000000000
110558  43.718  -7.461  33.477 0.0000000000
110559  43.890  -6.124  33.991 0.0000000000
110563  43.393  -7.082  33.378 0.0000000000
110572  44.477  -3.257  32.212 0.0000000000
110573  43.932  -2.373  30.987 0.0000000000
110584  46.612  -2.513  31.238 0.0000000000
110587  42.411  -5.195  29.560 0.0000000000
110600  45.003  -2.423  30.433 0.0000000000
110601  41.675  -6.292  27.421 0.0000000000
110609  42.742  -5.945  28.423 0.0000000000
110615  43.806  -3.162  29.751 0.0000000000
