#!ascii label  , from subject sub.01.base.01 vox2ras=TkReg
1021
94532  45.919  43.352  -3.635 0.0000000000
97496  50.022  48.659  -1.451 0.0000000000
90735  51.573  37.025  -0.942 0.0000000000
93429  42.152  40.936  -1.531 0.0000000000
91275  43.870  37.421  -2.410 0.0000000000
98080  49.117  49.298  -6.721 0.0000000000
98014  46.717  49.649  -1.286 0.0000000000
100111  47.410  53.258  -1.925 0.0000000000
90139  52.939  35.600  5.235 0.0000000000
88994  47.633  34.095  3.924 0.0000000000
96417  49.970  46.219  -3.215 0.0000000000
92296  48.095  40.037  -3.655 0.0000000000
94492  49.097  43.553  1.024 0.0000000000
92816  50.842  40.720  2.485 0.0000000000
100142  44.873  53.954  -5.489 0.0000000000
98585  50.399  50.634  -5.904 0.0000000000
90186  45.835  35.504  -0.875 0.0000000000
93983  43.274  42.463  -3.740 0.0000000000
92268  43.395  39.187  -1.870 0.0000000000
92879  44.320  40.380  -4.132 0.0000000000
96447  47.279  46.521  -4.840 0.0000000000
95834  43.990  45.314  -2.694 0.0000000000
112995  46.670  52.359  1.459 0.0000000000
90106  52.102  34.821  8.240 0.0000000000
89532  49.653  34.461  7.571 0.0000000000
88975  49.700  32.744  9.141 0.0000000000
101763  45.158  56.608  -9.588 0.0000000000
96974  51.668  46.915  -2.515 0.0000000000
95790  49.168  45.075  -0.817 0.0000000000
96361  50.100  46.744  0.003 0.0000000000
95747  47.667  45.503  4.273 0.0000000000
94458  50.832  43.747  4.347 0.0000000000
93380  49.190  41.349  3.456 0.0000000000
92204  50.363  39.303  4.427 0.0000000000
98562  48.714  50.717  -2.477 0.0000000000
99100  48.882  52.129  -4.209 0.0000000000
98032  50.542  48.860  -3.792 0.0000000000
97008  52.248  46.993  -5.364 0.0000000000
91736  49.617  38.145  -2.049 0.0000000000
90234  48.105  35.346  -4.465 0.0000000000
90184  48.660  35.373  -0.969 0.0000000000
90751  41.312  36.766  -2.855 0.0000000000
90250  42.818  35.375  -5.532 0.0000000000
99635  48.750  52.249  -8.234 0.0000000000
112964  46.772  51.460  -6.206 0.0000000000
98002  48.764  49.177  -0.990 0.0000000000
96939  49.522  47.698  0.695 0.0000000000
100643  44.235  54.587  0.582 0.0000000000
99591  44.895  53.340  -1.415 0.0000000000
99089  47.341  51.685  -0.659 0.0000000000
90703  52.314  36.564  1.740 0.0000000000
90164  49.282  36.051  1.565 0.0000000000
90142  49.830  36.299  4.610 0.0000000000
89550  47.691  33.923  6.063 0.0000000000
95815  47.418  44.813  -3.095 0.0000000000
93991  47.177  42.492  -4.532 0.0000000000
93962  47.684  43.263  -2.363 0.0000000000
93421  48.375  41.818  -1.096 0.0000000000
92848  50.153  40.602  -0.632 0.0000000000
95765  51.008  45.194  2.313 0.0000000000
93920  50.339  42.269  2.208 0.0000000000
92244  52.333  39.259  0.940 0.0000000000
91685  52.735  38.579  3.581 0.0000000000
91188  52.204  37.159  6.196 0.0000000000
101264  43.500  55.173  -7.630 0.0000000000
101261  47.024  55.869  -7.395 0.0000000000
100133  48.045  53.635  -5.205 0.0000000000
100150  49.407  53.398  -7.292 0.0000000000
98620  51.068  49.890  -8.550 0.0000000000
96444  49.556  46.772  -5.781 0.0000000000
91756  45.920  38.608  -4.265 0.0000000000
90747  45.239  36.468  -3.177 0.0000000000
89629  42.629  34.336  -2.719 0.0000000000
89575  46.301  34.843  1.251 0.0000000000
93982  44.351  42.498  -3.990 0.0000000000
92880  43.838  41.060  -3.996 0.0000000000
93459  44.627  41.607  -4.422 0.0000000000
95832  46.068  45.386  -3.143 0.0000000000
96399  45.991  46.872  -3.012 0.0000000000
95174  45.412  44.341  -3.076 0.0000000000
94534  43.784  43.406  -3.427 0.0000000000
90097  50.791  34.242  9.311 0.0000000000
89521  51.067  34.098  8.750 0.0000000000
88974  50.100  33.313  9.489 0.0000000000
89671  39.668  34.191  -5.091 0.0000000000
97494  51.371  47.546  -1.960 0.0000000000
96960  50.757  47.338  -1.023 0.0000000000
96947  50.222  47.501  -0.171 0.0000000000
94470  47.047  43.690  3.269 0.0000000000
94468  48.609  43.346  3.484 0.0000000000
98023  49.626  49.239  -2.195 0.0000000000
98561  49.309  50.057  -2.783 0.0000000000
97509  50.375  48.638  -2.299 0.0000000000
97507  51.571  47.643  -2.949 0.0000000000
91261  50.591  37.498  -1.178 0.0000000000
90744  50.353  36.431  -2.243 0.0000000000
90727  50.232  36.834  -0.629 0.0000000000
92852  40.719  40.490  -0.254 0.0000000000
92260  41.655  39.348  -0.068 0.0000000000
91739  43.959  38.321  -2.300 0.0000000000
91264  42.482  37.685  -1.422 0.0000000000
90750  42.471  36.651  -2.854 0.0000000000
90779  41.636  36.022  -4.938 0.0000000000
90762  44.046  36.382  -3.726 0.0000000000
98612  49.177  50.363  -7.599 0.0000000000
112968  48.111  51.873  -7.274 0.0000000000
98587  47.784  50.838  -5.993 0.0000000000
93972  41.898  42.315  -2.872 0.0000000000
93963  41.046  42.254  -2.004 0.0000000000
98013  47.689  49.367  -1.299 0.0000000000
96961  48.111  47.385  -1.207 0.0000000000
96963  46.537  48.394  -0.780 0.0000000000
99091  46.035  51.169  -0.408 0.0000000000
99084  47.098  51.639  0.546 0.0000000000
98553  47.404  50.402  -1.158 0.0000000000
98542  48.229  49.890  -1.158 0.0000000000
90151  52.521  36.036  3.180 0.0000000000
90684  51.584  35.914  3.110 0.0000000000
90141  51.066  35.657  4.564 0.0000000000
88985  49.165  33.729  7.674 0.0000000000
89541  48.285  34.196  6.610 0.0000000000
88389  47.805  32.342  6.599 0.0000000000
95830  48.389  45.587  -3.808 0.0000000000
95163  47.480  44.349  -2.709 0.0000000000
95801  48.403  44.657  -2.199 0.0000000000
95136  48.781  44.230  0.139 0.0000000000
94511  48.410  43.472  -0.408 0.0000000000
93946  48.760  42.393  0.035 0.0000000000
93419  49.639  41.022  -1.069 0.0000000000
93412  49.484  41.667  0.197 0.0000000000
97445  49.110  48.062  1.875 0.0000000000
96928  49.823  46.997  1.709 0.0000000000
96897  50.032  46.773  3.268 0.0000000000
93913  50.349  42.281  2.984 0.0000000000
94477  51.092  43.643  3.432 0.0000000000
93387  50.377  41.392  2.347 0.0000000000
92830  50.687  40.781  1.544 0.0000000000
92828  52.050  40.096  2.128 0.0000000000
92235  52.402  39.402  2.069 0.0000000000
92814  52.262  40.025  2.855 0.0000000000
91678  49.713  38.600  4.838 0.0000000000
91667  51.208  38.448  5.385 0.0000000000
100718  43.957  54.941  -7.141 0.0000000000
101262  45.615  55.848  -7.588 0.0000000000
112978  45.981  55.144  -6.366 0.0000000000
100104  46.535  53.648  -1.387 0.0000000000
100113  45.530  53.395  -2.709 0.0000000000
100120  47.291  53.756  -3.089 0.0000000000
99099  49.639  51.334  -4.464 0.0000000000
99605  48.498  52.846  -4.599 0.0000000000
99609  49.248  52.486  -6.056 0.0000000000
112983  48.857  53.641  -6.556 0.0000000000
99616  49.934  52.157  -7.184 0.0000000000
99623  49.959  51.950  -7.920 0.0000000000
98597  51.113  50.171  -7.221 0.0000000000
96415  51.379  46.502  -4.154 0.0000000000
95860  51.835  46.121  -6.249 0.0000000000
96432  50.371  46.588  -4.842 0.0000000000
95851  48.534  45.912  -4.802 0.0000000000
93997  47.625  41.093  -3.953 0.0000000000
92291  46.407  39.403  -4.589 0.0000000000
92290  47.095  39.219  -4.228 0.0000000000
90196  46.933  35.384  -2.283 0.0000000000
90745  46.370  36.110  -3.108 0.0000000000
90198  45.457  35.468  -1.824 0.0000000000
90213  44.259  35.251  -3.018 0.0000000000
89617  44.529  35.067  -2.040 0.0000000000
89556  47.989  34.637  2.976 0.0000000000
89561  47.939  34.929  1.703 0.0000000000
89014  46.709  34.240  2.800 0.0000000000
93439  42.341  41.435  -2.473 0.0000000000
92864  42.799  40.422  -1.923 0.0000000000
93438  43.037  40.754  -2.722 0.0000000000
92275  43.668  39.381  -2.524 0.0000000000
91738  44.307  38.783  -2.947 0.0000000000
97013  47.910  46.992  -5.854 0.0000000000
93984  42.275  42.820  -3.283 0.0000000000
90132  53.368  35.318  6.523 0.0000000000
90135  51.362  35.023  5.834 0.0000000000
89530  51.044  34.268  7.771 0.0000000000
88984  49.918  34.131  8.028 0.0000000000
96397  50.542  46.189  -2.548 0.0000000000
95799  49.875  45.829  -2.065 0.0000000000
96380  50.456  46.410  -1.386 0.0000000000
96362  49.496  45.982  -0.435 0.0000000000
95782  48.981  44.623  0.881 0.0000000000
96874  48.384  46.734  4.859 0.0000000000
96297  50.060  45.981  4.829 0.0000000000
95098  49.292  44.488  4.128 0.0000000000
94467  49.485  43.365  3.666 0.0000000000
93379  50.168  41.234  3.135 0.0000000000
92801  50.682  40.300  3.303 0.0000000000
92802  49.594  40.417  3.534 0.0000000000
92217  48.927  39.513  3.848 0.0000000000
91679  48.724  38.576  4.199 0.0000000000
99611  43.744  53.409  -5.067 0.0000000000
99093  48.114  51.472  -2.178 0.0000000000
100119  47.881  53.204  -2.857 0.0000000000
99096  48.775  51.455  -3.365 0.0000000000
98577  49.852  50.596  -4.294 0.0000000000
98576  50.239  50.500  -4.853 0.0000000000
98077  51.361  49.484  -6.391 0.0000000000
97525  51.432  48.400  -4.827 0.0000000000
96989  51.910  46.879  -3.770 0.0000000000
92280  48.580  39.167  -3.209 0.0000000000
91286  48.087  37.310  -4.049 0.0000000000
90758  49.363  36.350  -3.864 0.0000000000
89625  48.584  34.707  -3.348 0.0000000000
89602  47.543  34.881  -0.918 0.0000000000
88995  46.801  33.293  4.833 0.0000000000
89003  45.934  34.109  3.677 0.0000000000
91279  40.200  37.201  -1.851 0.0000000000
91251  42.088  38.088  -0.790 0.0000000000
91278  40.864  37.261  -2.019 0.0000000000
90766  39.718  36.431  -3.982 0.0000000000
90780  40.511  36.076  -4.913 0.0000000000
90252  40.968  34.972  -5.964 0.0000000000
89657  41.682  34.431  -4.738 0.0000000000
112971  47.656  53.163  -7.854 0.0000000000
112967  46.606  52.340  -6.841 0.0000000000
97484  49.488  48.523  -0.788 0.0000000000
97475  49.886  47.934  0.072 0.0000000000
97476  49.320  47.910  0.129 0.0000000000
97477  48.719  47.499  0.492 0.0000000000
97464  47.958  47.988  2.276 0.0000000000
96900  47.724  47.443  3.718 0.0000000000
96326  47.021  46.724  3.974 0.0000000000
113007  44.499  53.737  -0.484 0.0000000000
113003  46.050  53.918  -0.758 0.0000000000
100103  46.930  53.401  -0.270 0.0000000000
99588  47.634  52.076  -1.609 0.0000000000
98552  48.112  50.628  -1.574 0.0000000000
98541  48.790  49.719  -1.281 0.0000000000
90713  52.146  36.681  0.609 0.0000000000
90715  50.506  36.880  0.287 0.0000000000
90694  50.871  36.543  2.169 0.0000000000
90148  49.495  36.366  3.566 0.0000000000
89553  48.565  34.913  4.345 0.0000000000
90136  50.269  35.651  5.654 0.0000000000
89549  48.528  34.540  5.670 0.0000000000
89554  47.645  34.074  5.104 0.0000000000
95173  46.428  44.370  -3.216 0.0000000000
94545  45.918  42.886  -4.558 0.0000000000
94543  47.070  43.142  -4.106 0.0000000000
93980  47.447  42.588  -3.611 0.0000000000
93969  47.710  41.500  -2.837 0.0000000000
95153  48.249  44.305  -1.719 0.0000000000
93961  47.751  42.717  -2.018 0.0000000000
93444  47.844  40.623  -2.591 0.0000000000
92862  48.865  40.110  -1.777 0.0000000000
92272  50.113  39.013  -1.405 0.0000000000
92266  51.002  39.269  -1.406 0.0000000000
96938  49.934  47.323  0.761 0.0000000000
96341  49.748  45.874  1.546 0.0000000000
95120  49.867  44.127  1.958 0.0000000000
95756  51.340  44.820  3.576 0.0000000000
95119  50.554  44.156  2.393 0.0000000000
94491  49.684  43.244  1.456 0.0000000000
92838  50.323  40.776  0.535 0.0000000000
92257  51.433  39.799  -0.411 0.0000000000
91717  52.295  38.286  -0.761 0.0000000000
91701  52.446  38.397  1.491 0.0000000000
91217  52.730  37.562  3.107 0.0000000000
91212  52.747  37.626  4.140 0.0000000000
92202  52.133  39.607  4.384 0.0000000000
91665  52.428  38.295  4.983 0.0000000000
90673  52.853  36.593  5.823 0.0000000000
90660  52.887  36.474  6.974 0.0000000000
101273  44.801  56.113  -8.675 0.0000000000
101752  45.860  56.561  -8.213 0.0000000000
101260  48.069  55.974  -7.692 0.0000000000
100126  47.900  53.404  -3.914 0.0000000000
112976  46.682  54.405  -5.325 0.0000000000
112982  47.086  55.113  -6.283 0.0000000000
112984  48.460  54.881  -6.842 0.0000000000
112980  48.715  54.980  -7.642 0.0000000000
100157  49.344  53.202  -7.935 0.0000000000
99127  49.690  51.081  -8.163 0.0000000000
97557  49.961  48.752  -7.879 0.0000000000
97554  51.990  47.785  -7.695 0.0000000000
96471  50.901  46.634  -9.187 0.0000000000
97538  49.490  47.766  -6.363 0.0000000000
97021  48.290  46.335  -6.067 0.0000000000
95831  47.217  45.309  -3.729 0.0000000000
112730  45.428  41.286  -5.123 0.0000000000
92292  45.264  39.535  -4.487 0.0000000000
91288  45.417  37.942  -3.489 0.0000000000
90775  46.502  37.299  -4.150 0.0000000000
91273  45.657  37.198  -3.347 0.0000000000
90748  44.418  36.741  -2.924 0.0000000000
90237  44.763  35.177  -5.101 0.0000000000
89643  42.676  34.501  -3.892 0.0000000000
90171  49.192  36.015  0.542 0.0000000000
89573  47.968  35.092  0.594 0.0000000000
89588  46.546  35.159  0.081 0.0000000000
89564  44.947  34.177  2.564 0.0000000000
89590  44.313  34.829  0.371 0.0000000000
88368  50.511  32.139  10.444 0.0000000000
87734  49.789  31.048  9.027 0.0000000000
94533  44.825  43.418  -3.514 0.0000000000
93449  44.930  42.177  -4.170 0.0000000000
93981  45.251  42.634  -4.153 0.0000000000
89511  50.337  33.725  9.756 0.0000000000
97495  50.789  48.138  -1.571 0.0000000000
97483  50.282  48.060  -0.750 0.0000000000
97508  51.080  48.225  -2.459 0.0000000000
91260  51.266  37.545  -1.252 0.0000000000
91249  50.603  37.096  -0.949 0.0000000000
90726  51.092  37.035  -0.405 0.0000000000
92858  41.558  40.794  -0.917 0.0000000000
92851  41.662  40.194  -0.295 0.0000000000
92850  42.134  39.881  -0.296 0.0000000000
91276  42.974  37.191  -2.118 0.0000000000
90749  43.528  36.676  -2.854 0.0000000000
98599  48.873  50.250  -7.184 0.0000000000
99105  48.416  50.681  -6.629 0.0000000000
98062  48.534  49.326  -6.013 0.0000000000
93440  41.568  41.984  -2.385 0.0000000000
93430  41.452  41.470  -1.696 0.0000000000
92859  40.894  41.128  -1.057 0.0000000000
97498  47.044  48.743  -1.219 0.0000000000
97499  46.261  49.033  -0.954 0.0000000000
98554  46.315  50.657  -1.216 0.0000000000
99090  46.738  51.338  -0.416 0.0000000000
90145  52.675  35.874  4.158 0.0000000000
90146  51.964  35.663  3.687 0.0000000000
90140  52.174  35.321  4.780 0.0000000000
88989  48.026  33.172  7.158 0.0000000000
95813  49.386  45.658  -2.859 0.0000000000
95814  48.170  44.997  -2.821 0.0000000000
95125  48.933  44.074  0.886 0.0000000000
93947  48.437  42.940  -0.173 0.0000000000
94504  48.686  43.376  0.388 0.0000000000
94503  49.059  42.964  0.817 0.0000000000
97432  49.146  48.040  2.638 0.0000000000
96917  49.425  47.460  2.255 0.0000000000
96898  49.385  47.414  3.351 0.0000000000
92815  51.518  40.292  2.676 0.0000000000
91213  49.100  38.047  4.721 0.0000000000
100143  43.880  54.002  -6.099 0.0000000000
100707  43.557  54.355  -6.704 0.0000000000
100706  44.493  54.516  -6.544 0.0000000000
100705  45.359  54.955  -6.759 0.0000000000
112973  45.494  54.600  -6.155 0.0000000000
100112  46.504  53.716  -2.385 0.0000000000
99103  50.089  51.185  -5.314 0.0000000000
99104  49.670  51.837  -5.620 0.0000000000
99110  49.682  52.182  -6.457 0.0000000000
99109  50.034  51.432  -6.417 0.0000000000
99116  50.155  51.342  -7.421 0.0000000000
98598  50.493  50.705  -6.894 0.0000000000
96416  50.673  46.355  -3.601 0.0000000000
95828  49.861  46.590  -4.043 0.0000000000
95829  49.212  46.076  -3.862 0.0000000000
92885  48.026  40.093  -3.920 0.0000000000
92299  47.500  39.561  -4.432 0.0000000000
92298  47.841  39.553  -4.227 0.0000000000
90197  46.501  35.447  -1.610 0.0000000000
89616  45.067  35.183  -1.803 0.0000000000
89604  45.182  35.087  -1.237 0.0000000000
89001  47.583  34.105  3.240 0.0000000000
89557  47.487  34.152  2.913 0.0000000000
89002  47.014  33.953  3.299 0.0000000000
93451  42.517  42.037  -3.292 0.0000000000
93450  43.179  41.402  -3.403 0.0000000000
92872  43.633  40.363  -3.269 0.0000000000
92871  43.986  39.979  -3.574 0.0000000000
92274  44.089  39.201  -2.970 0.0000000000
92282  44.268  39.433  -3.477 0.0000000000
97014  47.072  47.220  -4.991 0.0000000000
95833  44.952  45.370  -2.873 0.0000000000
96420  45.526  46.484  -3.050 0.0000000000
94535  42.782  43.472  -3.362 0.0000000000
90117  53.248  35.036  7.639 0.0000000000
89537  52.584  34.711  6.994 0.0000000000
89529  52.109  34.535  7.881 0.0000000000
88978  50.397  33.920  8.455 0.0000000000
88979  49.758  33.415  8.545 0.0000000000
88980  49.222  32.607  8.459 0.0000000000
101283  44.510  56.042  -9.796 0.0000000000
101295  44.661  55.775  -10.677 0.0000000000
96379  51.237  46.481  -2.172 0.0000000000
95781  49.073  45.137  0.275 0.0000000000
96348  49.467  45.969  0.758 0.0000000000
95746  48.674  45.476  4.475 0.0000000000
95099  48.103  44.762  4.021 0.0000000000
93915  48.674  42.417  3.299 0.0000000000
95108  48.962  43.807  3.744 0.0000000000
93914  49.788  42.304  3.427 0.0000000000
91686  48.363  38.996  3.847 0.0000000000
98033  50.004  49.123  -3.377 0.0000000000
98567  49.469  50.541  -3.692 0.0000000000
98045  49.990  49.946  -4.186 0.0000000000
98044  50.773  49.168  -4.434 0.0000000000
98043  51.224  48.940  -4.819 0.0000000000
96396  51.380  46.446  -3.063 0.0000000000
91743  49.010  38.711  -2.716 0.0000000000
91744  49.162  38.167  -3.308 0.0000000000
91737  49.806  37.524  -2.927 0.0000000000
90194  49.546  35.731  -1.750 0.0000000000
90207  49.571  35.320  -2.963 0.0000000000
90195  48.736  35.116  -1.815 0.0000000000
89613  48.325  34.749  -2.338 0.0000000000
89601  48.188  34.754  -1.356 0.0000000000
91267  39.587  37.245  -1.505 0.0000000000
91266  40.510  37.510  -1.379 0.0000000000
92269  43.009  39.423  -1.424 0.0000000000
91718  42.333  38.836  -0.604 0.0000000000
91730  42.873  38.416  -1.159 0.0000000000
91277  41.922  37.213  -2.072 0.0000000000
90765  40.821  36.423  -3.876 0.0000000000
90788  42.361  35.735  -5.333 0.0000000000
90240  41.203  35.565  -5.561 0.0000000000
90251  41.907  35.188  -5.827 0.0000000000
89670  40.787  34.441  -5.405 0.0000000000
89669  41.800  34.751  -5.518 0.0000000000
100158  48.615  53.200  -8.180 0.0000000000
112974  47.959  52.908  -7.841 0.0000000000
112962  46.427  51.850  -6.453 0.0000000000
98065  45.712  50.983  -5.527 0.0000000000
98001  49.110  49.204  -1.053 0.0000000000
96948  48.416  47.134  -0.376 0.0000000000
97463  48.471  47.792  1.592 0.0000000000
96919  46.681  47.565  2.676 0.0000000000
113010  43.181  53.740  -0.266 0.0000000000
113006  45.521  53.861  -0.781 0.0000000000
113001  46.178  53.967  -0.291 0.0000000000
112999  46.359  53.743  -0.762 0.0000000000
99589  47.425  52.640  -0.993 0.0000000000
99088  47.690  51.429  -1.528 0.0000000000
98011  49.321  49.213  -1.414 0.0000000000
90704  51.699  36.312  1.472 0.0000000000
90163  52.128  35.981  2.097 0.0000000000
90680  50.595  36.137  3.919 0.0000000000
90681  50.170  36.635  3.695 0.0000000000
90149  48.844  35.574  3.303 0.0000000000
89552  49.232  35.569  4.572 0.0000000000
89539  50.900  34.842  6.791 0.0000000000
90128  50.595  35.201  6.314 0.0000000000
89540  49.455  34.960  6.760 0.0000000000
88992  47.295  33.077  5.781 0.0000000000
95172  47.046  44.342  -3.269 0.0000000000
94531  46.678  43.604  -3.606 0.0000000000
94523  47.567  43.666  -2.566 0.0000000000
94530  47.187  43.520  -3.212 0.0000000000
93971  47.612  43.017  -2.804 0.0000000000
93979  47.647  41.969  -3.300 0.0000000000
93970  47.737  42.262  -2.853 0.0000000000
96381  49.582  45.714  -1.329 0.0000000000
95800  49.128  44.910  -1.909 0.0000000000
95152  48.784  44.624  -1.199 0.0000000000
93955  48.226  42.565  -0.884 0.0000000000
94517  48.067  43.494  -1.275 0.0000000000
93428  47.959  41.829  -1.679 0.0000000000
93436  47.823  41.129  -2.252 0.0000000000
93435  48.399  40.685  -2.017 0.0000000000
93426  49.131  40.939  -1.608 0.0000000000
92849  49.676  41.215  -0.458 0.0000000000
92856  49.679  40.352  -1.488 0.0000000000
92267  50.245  39.816  -1.403 0.0000000000
92258  50.684  39.913  -0.783 0.0000000000
96340  50.133  46.176  2.021 0.0000000000
95770  50.054  45.579  1.931 0.0000000000
95771  49.483  45.024  1.631 0.0000000000
95766  50.247  44.654  2.130 0.0000000000
95090  50.677  44.917  4.879 0.0000000000
95744  50.602  45.707  4.301 0.0000000000
95096  51.243  44.242  4.451 0.0000000000
94478  50.531  43.304  2.777 0.0000000000
94490  50.241  42.926  2.013 0.0000000000
94479  50.227  43.544  2.125 0.0000000000
93934  50.007  42.345  1.480 0.0000000000
93402  49.763  41.798  0.959 0.0000000000
93401  50.194  41.491  1.425 0.0000000000
92245  51.957  39.988  0.613 0.0000000000
92837  51.094  40.316  0.627 0.0000000000
92256  52.208  39.209  -0.160 0.0000000000
91707  52.371  38.323  0.346 0.0000000000
92228  52.599  39.377  3.121 0.0000000000
91694  52.601  38.473  2.574 0.0000000000
92215  50.956  39.822  3.978 0.0000000000
92214  51.654  39.860  4.119 0.0000000000
92203  51.260  39.437  4.483 0.0000000000
91203  51.686  37.873  5.729 0.0000000000
91666  52.072  38.376  5.161 0.0000000000
91202  52.502  37.668  5.176 0.0000000000
101265  43.051  54.863  -7.591 0.0000000000
100720  42.533  54.445  -7.448 0.0000000000
101275  42.951  55.104  -7.947 0.0000000000
101274  43.664  55.555  -8.289 0.0000000000
101751  46.506  56.521  -8.157 0.0000000000
99600  48.385  52.665  -3.538 0.0000000000
100134  47.412  54.240  -5.298 0.0000000000
112981  47.262  54.555  -5.709 0.0000000000
112986  47.829  54.310  -6.033 0.0000000000
100141  49.361  53.390  -6.938 0.0000000000
112979  48.801  53.982  -7.525 0.0000000000
99126  50.088  51.163  -8.028 0.0000000000
99633  49.821  51.655  -8.217 0.0000000000
98621  50.518  50.346  -8.420 0.0000000000
98622  50.024  50.355  -8.301 0.0000000000
98099  50.181  49.543  -8.251 0.0000000000
97537  51.576  48.567  -5.896 0.0000000000
97547  51.744  48.662  -6.870 0.0000000000
97018  51.894  48.014  -6.396 0.0000000000
96443  50.482  46.628  -6.153 0.0000000000
96462  51.767  46.169  -7.973 0.0000000000
97019  50.182  46.862  -6.883 0.0000000000
97020  49.873  47.531  -7.054 0.0000000000
97011  49.773  46.982  -6.465 0.0000000000
97012  48.878  46.918  -6.251 0.0000000000
95852  47.838  45.670  -4.698 0.0000000000
94554  46.395  42.797  -4.980 0.0000000000
94001  45.759  42.204  -5.159 0.0000000000
112727  46.281  41.462  -5.358 0.0000000000
91757  45.413  38.775  -4.100 0.0000000000
91748  44.992  38.643  -3.629 0.0000000000
91747  45.550  38.355  -3.862 0.0000000000
90773  48.113  36.105  -4.628 0.0000000000
91294  47.645  37.148  -4.379 0.0000000000
90774  47.121  36.405  -4.243 0.0000000000
90746  46.083  36.388  -3.111 0.0000000000
90761  44.599  36.093  -3.468 0.0000000000
90225  44.413  35.473  -3.982 0.0000000000
89628  43.710  34.914  -2.986 0.0000000000
89642  43.574  34.736  -4.188 0.0000000000
90706  49.836  36.623  0.936 0.0000000000
89574  47.254  34.884  1.001 0.0000000000
89587  47.428  35.011  -0.032 0.0000000000
89004  44.697  33.767  3.649 0.0000000000
89559  45.305  34.103  3.237 0.0000000000
93994  43.854  42.205  -4.082 0.0000000000
93460  43.770  41.771  -4.072 0.0000000000
93993  44.141  42.033  -4.257 0.0000000000
96418  47.076  46.119  -4.033 0.0000000000
96419  46.513  46.406  -3.550 0.0000000000
95175  44.155  44.398  -2.913 0.0000000000
89520  51.672  34.591  8.357 0.0000000000
96959  51.298  46.895  -1.707 0.0000000000
95110  47.508  44.190  3.613 0.0000000000
95109  48.396  44.042  3.652 0.0000000000
94469  47.810  43.471  3.268 0.0000000000
98551  49.103  50.048  -1.849 0.0000000000
97518  50.610  48.572  -2.888 0.0000000000
97517  50.958  48.483  -3.472 0.0000000000
91728  50.088  37.732  -1.369 0.0000000000
91271  50.233  37.092  -2.619 0.0000000000
91262  50.380  37.171  -1.617 0.0000000000
90737  50.133  36.402  -1.436 0.0000000000
90728  49.763  36.289  -0.955 0.0000000000
91729  43.427  38.762  -1.764 0.0000000000
91263  43.383  37.897  -1.680 0.0000000000
90764  41.997  36.342  -3.860 0.0000000000
90778  42.714  35.871  -4.808 0.0000000000
90238  43.317  35.776  -5.483 0.0000000000
99128  48.952  51.645  -8.207 0.0000000000
99111  48.514  50.822  -6.978 0.0000000000
98064  46.729  50.325  -5.363 0.0000000000
93973  41.300  42.590  -2.598 0.0000000000
93431  40.717  41.854  -1.318 0.0000000000
98003  48.242  49.492  -1.166 0.0000000000
98012  48.381  48.949  -1.239 0.0000000000
97497  47.923  48.342  -1.476 0.0000000000
112993  47.030  51.742  1.192 0.0000000000
112989  47.247  51.878  1.033 0.0000000000
98543  47.925  49.817  -1.119 0.0000000000
90162  52.370  36.148  2.462 0.0000000000
90152  52.087  35.852  2.776 0.0000000000
90147  51.217  35.869  3.655 0.0000000000
88988  48.695  34.100  7.097 0.0000000000
89542  47.821  33.677  6.594 0.0000000000
88990  47.621  33.102  6.412 0.0000000000
95162  48.009  44.492  -2.338 0.0000000000
95154  47.789  44.109  -2.265 0.0000000000
95135  48.886  44.664  -0.388 0.0000000000
95144  48.527  44.225  -0.787 0.0000000000
93954  48.548  42.067  -0.666 0.0000000000
93420  49.061  41.621  -0.831 0.0000000000
92839  49.866  41.071  0.079 0.0000000000
96929  49.412  47.519  1.387 0.0000000000
96916  49.931  46.873  2.563 0.0000000000
96335  50.444  46.177  2.901 0.0000000000
94466  50.476  43.312  3.619 0.0000000000
92829  51.474  40.298  1.650 0.0000000000
92236  52.155  39.912  1.456 0.0000000000
92799  52.657  40.141  3.706 0.0000000000
91677  50.744  38.929  4.982 0.0000000000
91204  50.671  37.941  5.900 0.0000000000
100708  42.918  54.246  -6.893 0.0000000000
100719  43.245  54.678  -7.246 0.0000000000
101263  44.365  55.471  -7.754 0.0000000000
100717  44.771  55.081  -7.219 0.0000000000
101254  45.815  55.398  -6.861 0.0000000000
101253  46.292  55.559  -6.830 0.0000000000
100105  45.800  53.634  -1.855 0.0000000000
99590  45.173  53.224  -2.150 0.0000000000
99604  49.091  52.248  -5.109 0.0000000000
99610  48.723  52.925  -5.688 0.0000000000
99618  49.113  53.018  -6.314 0.0000000000
99617  49.571  52.969  -6.825 0.0000000000
99624  49.794  52.761  -7.698 0.0000000000
98609  51.154  50.075  -8.092 0.0000000000
96414  51.962  46.489  -4.500 0.0000000000
96441  52.125  46.493  -6.008 0.0000000000
96431  51.513  46.269  -5.318 0.0000000000
96433  49.300  46.594  -5.179 0.0000000000
95850  49.191  46.383  -4.614 0.0000000000
94005  47.405  41.095  -4.626 0.0000000000
112733  46.915  41.031  -5.345 0.0000000000
94012  47.219  40.742  -5.081 0.0000000000
112731  47.092  39.848  -4.939 0.0000000000
91755  46.656  38.529  -4.164 0.0000000000
90209  47.220  35.292  -2.888 0.0000000000
90224  47.039  35.719  -3.571 0.0000000000
90210  46.511  35.750  -2.822 0.0000000000
90211  45.795  35.937  -2.482 0.0000000000
90212  44.822  35.550  -2.828 0.0000000000
90199  45.005  35.280  -2.128 0.0000000000
89618  43.509  34.824  -1.770 0.0000000000
90154  48.571  35.550  2.228 0.0000000000
89562  47.146  34.356  2.269 0.0000000000
92276  43.182  39.843  -2.089 0.0000000000
92863  43.259  40.154  -2.507 0.0000000000
97539  48.713  48.267  -5.794 0.0000000000
97541  46.992  48.063  -4.998 0.0000000000
96990  46.210  47.119  -3.338 0.0000000000
95176  43.307  44.253  -3.105 0.0000000000
112997  46.812  52.109  1.435 0.0000000000
99085  46.246  51.655  0.801 0.0000000000
90138  53.261  35.593  5.912 0.0000000000
90134  52.541  34.964  5.669 0.0000000000
89545  52.870  34.869  6.340 0.0000000000
89547  51.590  34.749  6.505 0.0000000000
89531  50.235  34.602  7.570 0.0000000000
88983  50.435  34.162  7.947 0.0000000000
88986  48.603  32.660  7.797 0.0000000000
95812  49.964  45.989  -2.491 0.0000000000
96886  48.243  47.151  4.516 0.0000000000
96885  49.024  47.345  4.376 0.0000000000
96299  49.094  46.254  5.143 0.0000000000
95738  49.367  45.540  4.768 0.0000000000
94459  50.162  43.834  4.088 0.0000000000
92216  50.009  39.749  3.894 0.0000000000
92205  49.537  39.167  4.267 0.0000000000
99593  47.944  52.512  -2.465 0.0000000000
100110  47.800  53.037  -2.405 0.0000000000
98568  49.046  50.692  -3.090 0.0000000000
99095  49.335  51.144  -3.822 0.0000000000
99098  50.068  51.057  -4.836 0.0000000000
98078  50.871  50.193  -6.402 0.0000000000
98061  50.842  49.868  -5.541 0.0000000000
98060  51.272  49.119  -5.293 0.0000000000
97009  51.875  47.742  -5.580 0.0000000000
97516  51.551  47.850  -3.933 0.0000000000
97000  51.934  47.403  -4.637 0.0000000000
96988  52.022  46.743  -4.275 0.0000000000
92877  48.355  39.368  -3.578 0.0000000000
92288  48.180  39.179  -3.952 0.0000000000
92281  48.480  38.845  -3.590 0.0000000000
91285  48.743  37.024  -3.766 0.0000000000
90233  48.744  35.293  -5.131 0.0000000000
90756  50.364  36.335  -3.018 0.0000000000
90222  49.574  35.498  -3.789 0.0000000000
89640  48.190  34.786  -3.960 0.0000000000
89626  47.841  34.798  -3.041 0.0000000000
89615  47.139  35.162  -1.259 0.0000000000
90185  46.380  35.360  -0.576 0.0000000000
88996  45.411  33.284  4.992 0.0000000000
90739  39.331  37.044  -1.942 0.0000000000
92259  42.388  39.540  -0.579 0.0000000000
91252  41.579  38.064  -0.837 0.0000000000
91265  41.456  37.736  -1.278 0.0000000000
90752  39.897  36.872  -2.549 0.0000000000
90753  38.866  36.442  -3.071 0.0000000000
90241  40.271  35.476  -5.513 0.0000000000
90253  40.091  34.817  -5.449 0.0000000000
112969  47.420  52.848  -7.473 0.0000000000
98063  47.697  49.387  -5.430 0.0000000000
97485  48.969  47.966  -0.982 0.0000000000
97462  49.103  47.869  1.054 0.0000000000
97446  48.569  48.287  2.411 0.0000000000
97434  48.199  47.975  3.526 0.0000000000
96325  47.667  46.758  4.249 0.0000000000
96314  47.271  46.160  4.293 0.0000000000
113008  45.528  53.621  -1.389 0.0000000000
113004  45.987  53.818  -1.172 0.0000000000
112988  47.232  52.447  0.946 0.0000000000
99594  47.654  52.659  -1.733 0.0000000000
90725  51.979  36.698  -0.408 0.0000000000
90714  51.448  36.723  0.454 0.0000000000
90705  50.767  36.731  1.210 0.0000000000
90695  49.951  36.752  1.897 0.0000000000
90693  51.593  36.103  2.436 0.0000000000
90686  50.073  36.855  2.871 0.0000000000
90153  49.354  36.205  2.580 0.0000000000
89548  49.331  35.323  5.267 0.0000000000
94544  46.491  43.111  -4.307 0.0000000000
93457  47.401  42.086  -4.189 0.0000000000
93456  47.435  42.029  -3.860 0.0000000000
93978  47.664  41.147  -3.268 0.0000000000
93463  47.694  40.644  -3.453 0.0000000000
94518  47.779  43.611  -2.016 0.0000000000
93437  47.776  41.844  -2.366 0.0000000000
93445  47.654  40.992  -2.835 0.0000000000
92876  47.879  40.364  -2.881 0.0000000000
92868  48.296  40.192  -2.409 0.0000000000
92279  48.776  39.351  -2.323 0.0000000000
92273  49.403  39.288  -1.465 0.0000000000
91735  49.721  38.580  -1.336 0.0000000000
91727  50.459  38.237  -1.394 0.0000000000
91726  51.636  38.297  -1.452 0.0000000000
96347  49.849  46.523  1.174 0.0000000000
95124  49.329  44.092  1.397 0.0000000000
96323  50.314  46.299  3.813 0.0000000000
95757  50.944  45.631  3.544 0.0000000000
95118  51.186  44.100  2.883 0.0000000000
93935  49.454  42.388  0.838 0.0000000000
93411  49.900  41.322  0.659 0.0000000000
92847  50.704  40.245  -0.128 0.0000000000
92265  51.933  39.109  -1.108 0.0000000000
91248  52.104  37.374  -1.115 0.0000000000
91240  52.284  37.405  -0.133 0.0000000000
91232  52.350  37.426  0.990 0.0000000000
91224  52.535  37.478  2.084 0.0000000000
90692  52.610  36.668  2.673 0.0000000000
90683  52.760  36.674  3.649 0.0000000000
90679  52.917  36.550  4.797 0.0000000000
92800  51.726  40.151  3.549 0.0000000000
92793  52.193  39.994  4.002 0.0000000000
92201  52.837  39.887  4.445 0.0000000000
91676  51.700  39.002  4.922 0.0000000000
91675  52.568  38.779  4.596 0.0000000000
90678  53.193  36.036  5.586 0.0000000000
90672  53.285  35.938  6.311 0.0000000000
90659  53.344  35.625  7.103 0.0000000000
90645  52.908  35.633  7.685 0.0000000000
90633  52.211  35.308  8.219 0.0000000000
101762  45.877  57.146  -8.922 0.0000000000
101761  47.092  56.970  -8.802 0.0000000000
101750  47.532  56.345  -8.222 0.0000000000
101749  48.235  56.166  -8.288 0.0000000000
112966  44.050  53.398  -4.759 0.0000000000
112972  45.879  54.275  -5.275 0.0000000000
112977  45.992  54.649  -5.768 0.0000000000
112987  47.886  55.529  -7.105 0.0000000000
112985  48.359  55.413  -7.488 0.0000000000
101259  48.475  55.567  -8.092 0.0000000000
100728  48.495  54.589  -8.204 0.0000000000
99634  49.450  52.269  -8.288 0.0000000000
99117  49.461  50.790  -7.995 0.0000000000
98092  49.231  49.916  -7.420 0.0000000000
98079  49.438  49.072  -7.084 0.0000000000
98090  51.431  49.393  -7.488 0.0000000000
98097  51.166  49.328  -8.188 0.0000000000
96452  52.020  46.533  -7.039 0.0000000000
97036  52.175  47.197  -8.564 0.0000000000
97563  51.093  48.525  -8.380 0.0000000000
97556  50.403  48.213  -8.113 0.0000000000
97548  49.610  48.538  -7.064 0.0000000000
97549  49.287  48.483  -6.417 0.0000000000
96446  47.667  46.235  -5.340 0.0000000000
95861  48.467  45.870  -5.560 0.0000000000
96456  47.930  45.869  -5.853 0.0000000000
96435  47.419  46.102  -4.487 0.0000000000
93992  45.569  42.380  -4.744 0.0000000000
93467  45.064  41.419  -4.794 0.0000000000
112732  45.150  40.939  -5.001 0.0000000000
92300  46.360  40.649  -5.241 0.0000000000
91274  44.805  37.704  -2.911 0.0000000000
91754  47.430  38.269  -3.993 0.0000000000
91295  46.910  37.587  -4.298 0.0000000000
91296  46.370  37.950  -4.176 0.0000000000
90759  46.534  36.186  -3.466 0.0000000000
90760  46.284  36.859  -3.749 0.0000000000
91287  45.930  37.733  -3.915 0.0000000000
90776  44.377  35.862  -4.422 0.0000000000
90260  44.103  35.080  -6.428 0.0000000000
90226  44.202  35.131  -3.595 0.0000000000
89641  44.271  34.855  -4.570 0.0000000000
89656  42.690  34.718  -4.864 0.0000000000
90716  49.734  36.508  -0.039 0.0000000000
90183  49.174  35.981  -0.523 0.0000000000
90165  48.498  35.600  1.136 0.0000000000
90172  48.490  35.595  0.063 0.0000000000
89586  48.094  34.950  -0.407 0.0000000000
90174  46.122  35.396  -0.280 0.0000000000
89015  46.459  34.223  3.096 0.0000000000
89563  46.057  34.514  2.565 0.0000000000
89016  44.380  33.937  2.888 0.0000000000
89576  45.224  34.623  1.376 0.0000000000
89589  45.492  35.085  -0.000 0.0000000000
89605  44.414  34.895  -0.866 0.0000000000
89606  43.361  34.903  -0.554 0.0000000000
88379  49.903  32.621  9.741 0.0000000000
88380  49.708  32.189  9.590 0.0000000000
88369  49.893  31.554  9.725 0.0000000000
88976  49.497  32.333  9.053 0.0000000000
87722  50.014  31.111  9.482 0.0000000000
88370  49.730  31.344  9.342 0.0000000000
88381  49.457  31.722  9.011 0.0000000000
89528  52.968  34.908  7.463 0.0000000000
89536  53.155  34.959  6.824 0.0000000000
89538  51.786  34.580  7.057 0.0000000000
89544  53.205  35.050  6.396 0.0000000000
89546  52.176  34.678  6.357 0.0000000000
89558  45.575  34.264  3.026 0.0000000000
89603  46.931  35.168  -0.695 0.0000000000
89614  47.461  34.999  -1.938 0.0000000000
89624  49.232  34.841  -3.681 0.0000000000
89627  44.345  35.197  -2.708 0.0000000000
89638  49.252  34.787  -4.668 0.0000000000
89639  48.791  34.650  -4.273 0.0000000000
89650  49.208  34.718  -5.420 0.0000000000
89651  48.779  34.754  -4.963 0.0000000000
89652  48.493  34.830  -4.487 0.0000000000
89653  44.961  34.698  -5.744 0.0000000000
89654  44.358  34.696  -5.465 0.0000000000
89655  43.585  34.764  -5.135 0.0000000000
89665  44.915  34.709  -6.210 0.0000000000
89666  44.472  34.668  -6.082 0.0000000000
89667  43.693  34.844  -5.973 0.0000000000
89668  42.745  35.044  -5.454 0.0000000000
89676  44.830  34.874  -6.348 0.0000000000
89677  44.549  34.847  -6.316 0.0000000000
89678  44.218  34.791  -6.259 0.0000000000
90118  52.884  34.981  8.007 0.0000000000
90126  53.347  35.146  7.238 0.0000000000
90127  50.934  34.994  6.293 0.0000000000
90133  53.113  35.199  5.990 0.0000000000
90143  49.182  35.758  4.088 0.0000000000
90173  46.351  35.318  -0.239 0.0000000000
90193  50.226  35.974  -2.009 0.0000000000
90206  50.153  35.785  -2.751 0.0000000000
90208  49.042  34.996  -2.658 0.0000000000
90221  50.165  35.907  -3.353 0.0000000000
90223  47.580  35.180  -3.727 0.0000000000
90232  49.304  35.242  -4.824 0.0000000000
90235  47.435  35.631  -4.076 0.0000000000
90236  45.140  35.005  -5.639 0.0000000000
90239  42.798  35.686  -5.357 0.0000000000
90247  45.171  34.930  -6.063 0.0000000000
90248  44.816  35.259  -5.781 0.0000000000
90249  43.666  35.475  -6.036 0.0000000000
90258  45.063  34.891  -6.290 0.0000000000
90259  44.694  35.156  -6.323 0.0000000000
90644  53.269  35.279  7.582 0.0000000000
90685  50.870  36.285  3.119 0.0000000000
90736  51.035  37.234  -0.926 0.0000000000
90738  49.879  36.086  -1.348 0.0000000000
90757  49.950  36.220  -3.614 0.0000000000
90763  43.113  36.222  -3.772 0.0000000000
90771  49.415  35.781  -4.123 0.0000000000
90772  48.852  35.961  -4.387 0.0000000000
90777  43.763  36.147  -4.849 0.0000000000
90786  44.366  35.693  -5.371 0.0000000000
90787  43.974  35.980  -5.850 0.0000000000
90789  41.968  35.569  -5.547 0.0000000000
90793  44.429  35.582  -5.988 0.0000000000
90794  44.178  35.550  -6.266 0.0000000000
91250  50.315  36.895  -1.121 0.0000000000
91272  50.090  37.137  -3.113 0.0000000000
91283  50.163  36.761  -3.209 0.0000000000
91284  49.684  37.031  -3.436 0.0000000000
91293  48.253  36.669  -4.292 0.0000000000
91731  41.332  38.061  -0.871 0.0000000000
91745  48.186  38.162  -3.755 0.0000000000
91746  47.786  37.692  -4.002 0.0000000000
91753  47.880  38.710  -3.977 0.0000000000
92194  53.189  40.036  4.691 0.0000000000
92195  53.091  40.084  4.710 0.0000000000
92200  53.172  39.957  4.544 0.0000000000
92212  53.167  39.927  4.230 0.0000000000
92213  52.869  39.578  3.932 0.0000000000
92261  41.234  39.916  -0.023 0.0000000000
92283  43.871  39.784  -3.230 0.0000000000
92286  48.209  39.915  -2.989 0.0000000000
92287  48.251  39.586  -3.598 0.0000000000
92289  47.659  39.124  -4.113 0.0000000000
92297  48.065  39.772  -4.027 0.0000000000
92786  53.188  40.251  4.593 0.0000000000
92787  52.961  40.487  4.608 0.0000000000
92791  53.282  40.303  4.290 0.0000000000
92792  52.633  40.352  4.252 0.0000000000
92798  53.176  40.201  3.895 0.0000000000
92857  42.365  40.261  -0.889 0.0000000000
92869  48.603  39.042  -3.530 0.0000000000
92870  48.376  39.065  -3.774 0.0000000000
92878  48.269  39.367  -3.787 0.0000000000
92884  47.864  40.290  -3.287 0.0000000000
92886  47.707  39.954  -4.555 0.0000000000
92890  47.693  40.398  -4.347 0.0000000000
93367  53.190  40.670  4.383 0.0000000000
93368  52.954  41.013  4.298 0.0000000000
93372  53.224  40.737  3.997 0.0000000000
93373  52.791  40.832  3.789 0.0000000000
93377  53.079  40.532  3.688 0.0000000000
93378  52.832  40.534  3.629 0.0000000000
93427  48.434  41.283  -1.569 0.0000000000
93446  47.505  42.377  -3.488 0.0000000000
93447  47.513  42.157  -3.679 0.0000000000
93448  45.121  42.311  -4.260 0.0000000000
93454  47.657  40.716  -3.122 0.0000000000
93455  47.737  40.928  -3.322 0.0000000000
93458  45.160  42.118  -4.416 0.0000000000
93464  47.726  40.715  -3.834 0.0000000000
93465  47.486  41.706  -4.192 0.0000000000
93466  45.457  41.671  -5.002 0.0000000000
93470  47.611  40.725  -4.280 0.0000000000
93471  47.071  41.589  -5.072 0.0000000000
93474  47.465  40.530  -4.700 0.0000000000
93989  47.650  41.053  -3.743 0.0000000000
93990  47.598  41.455  -3.748 0.0000000000
93998  47.529  41.269  -4.240 0.0000000000
93999  46.813  42.432  -5.041 0.0000000000
94000  46.304  42.107  -5.309 0.0000000000
94004  47.300  40.951  -4.770 0.0000000000
94457  51.182  43.838  4.365 0.0000000000
94465  51.184  43.680  4.072 0.0000000000
94553  46.864  42.918  -4.733 0.0000000000
94555  45.937  42.592  -5.100 0.0000000000
95091  49.867  44.929  4.768 0.0000000000
95092  49.421  45.025  4.484 0.0000000000
95097  50.380  44.302  4.541 0.0000000000
95100  47.112  44.799  4.047 0.0000000000
95107  51.460  44.096  3.597 0.0000000000
95143  48.835  44.655  -0.792 0.0000000000
95164  43.791  44.551  -2.900 0.0000000000
95736  50.682  45.363  4.624 0.0000000000
95737  50.167  45.592  4.783 0.0000000000
95739  48.928  45.813  4.937 0.0000000000
95743  51.109  45.174  4.347 0.0000000000
95745  49.173  45.141  4.414 0.0000000000
95764  51.386  44.536  3.080 0.0000000000
95772  49.129  44.472  1.235 0.0000000000
95847  51.989  46.111  -5.758 0.0000000000
95848  51.755  46.154  -5.874 0.0000000000
95849  49.690  46.660  -4.644 0.0000000000
95859  51.979  46.228  -6.072 0.0000000000
95862  48.064  45.704  -5.525 0.0000000000
95870  51.947  46.309  -6.358 0.0000000000
95871  51.849  46.306  -6.628 0.0000000000
95872  48.307  45.779  -5.874 0.0000000000
95873  48.075  45.708  -5.906 0.0000000000
95882  52.108  46.294  -8.602 0.0000000000
95883  51.955  46.086  -8.560 0.0000000000
95884  51.540  45.966  -8.577 0.0000000000
95898  52.086  46.238  -8.828 0.0000000000
95899  51.773  45.943  -9.018 0.0000000000
95900  51.168  46.062  -9.074 0.0000000000
95914  52.036  46.271  -9.240 0.0000000000
95915  51.533  46.249  -9.485 0.0000000000
95916  51.049  46.381  -9.529 0.0000000000
96298  49.717  46.127  4.801 0.0000000000
96300  48.579  46.457  5.014 0.0000000000
96310  50.159  46.092  4.543 0.0000000000
96311  49.815  46.550  4.325 0.0000000000
96312  48.647  46.040  4.946 0.0000000000
96313  48.141  46.284  4.597 0.0000000000
96324  49.800  46.825  3.776 0.0000000000
96398  49.985  46.064  -2.730 0.0000000000
96400  45.629  47.013  -3.102 0.0000000000
96430  52.132  46.386  -5.196 0.0000000000
96434  48.821  46.111  -5.275 0.0000000000
96436  46.954  46.600  -4.353 0.0000000000
96442  51.392  46.301  -6.275 0.0000000000
96445  48.791  46.054  -5.960 0.0000000000
96453  51.579  46.316  -7.072 0.0000000000
96454  50.807  46.520  -7.085 0.0000000000
96455  48.157  45.895  -6.030 0.0000000000
96461  52.141  46.505  -8.303 0.0000000000
96463  51.038  46.416  -8.238 0.0000000000
96470  52.185  46.688  -9.021 0.0000000000
96478  51.858  46.744  -9.519 0.0000000000
96479  51.289  46.702  -9.619 0.0000000000
96480  50.968  46.659  -9.567 0.0000000000
96872  49.346  46.745  4.697 0.0000000000
96873  48.788  46.949  5.044 0.0000000000
96884  49.497  47.032  4.139 0.0000000000
96930  48.204  47.390  1.115 0.0000000000
96975  45.959  47.071  -2.915 0.0000000000
96976  45.850  47.041  -3.251 0.0000000000
96991  45.732  47.231  -3.329 0.0000000000
96999  52.077  46.768  -4.586 0.0000000000
97001  46.373  47.267  -3.998 0.0000000000
97010  50.150  46.864  -6.516 0.0000000000
97017  52.219  47.274  -6.440 0.0000000000
97022  47.897  46.191  -5.977 0.0000000000
97027  52.202  47.267  -7.638 0.0000000000
97028  51.931  47.628  -8.085 0.0000000000
97029  50.456  47.280  -7.706 0.0000000000
97030  50.019  48.045  -7.613 0.0000000000
97037  51.572  47.575  -8.575 0.0000000000
97038  50.914  47.508  -8.731 0.0000000000
97042  52.009  47.206  -9.187 0.0000000000
97043  51.460  47.148  -9.298 0.0000000000
97044  51.021  46.919  -9.403 0.0000000000
97526  51.191  48.463  -4.151 0.0000000000
97546  52.091  47.925  -7.157 0.0000000000
97555  51.572  48.337  -7.807 0.0000000000
97564  50.662  48.719  -8.327 0.0000000000
97565  50.299  48.828  -8.217 0.0000000000
98091  49.569  49.353  -7.511 0.0000000000
98098  50.821  49.455  -8.445 0.0000000000
98586  48.439  50.228  -6.386 0.0000000000
98610  50.547  50.584  -7.745 0.0000000000
98611  49.561  50.312  -7.925 0.0000000000
99083  47.303  52.176  0.722 0.0000000000
99106  48.272  50.920  -6.614 0.0000000000
99118  49.028  50.901  -7.753 0.0000000000
100697  45.072  54.466  -6.265 0.0000000000
101272  45.539  56.468  -8.325 0.0000000000
101759  48.418  55.984  -8.547 0.0000000000
112728  45.707  41.194  -5.238 0.0000000000
112729  46.616  41.256  -5.375 0.0000000000
112734  46.589  41.731  -5.341 0.0000000000
112735  47.499  39.944  -4.862 0.0000000000
112736  47.291  40.085  -5.026 0.0000000000
112970  44.025  53.641  -5.157 0.0000000000
112990  47.269  52.570  0.764 0.0000000000
112991  47.114  52.116  1.283 0.0000000000
113011  45.351  53.461  -1.712 0.0000000000
