#!ascii label  , from subject sub.01.base.01 vox2ras=TkReg
1988
43615  28.048  -14.919  47.482 0.5555559993
39315  29.091  -18.334  46.854 0.4444440007
41463  28.589  -16.886  46.873 0.4444440007
40405  29.397  -17.860  47.292 0.4444440007
41464  27.592  -16.698  46.789 0.5555559993
42534  27.769  -15.908  46.962 0.4444440007
42533  28.838  -15.897  46.906 0.4444440007
39340  28.811  -18.142  46.175 0.4444440007
40424  27.550  -17.416  46.120 0.4444440007
44772  28.708  -13.884  47.366 0.4444440007
45891  28.221  -12.916  47.384 0.4444440007
44771  29.602  -13.948  47.067 0.4444440007
44773  27.675  -13.781  47.832 0.4444440007
42532  29.902  -15.832  46.933 0.5555559993
43614  29.202  -14.873  47.096 0.5555559993
41462  29.631  -16.855  47.156 0.4444440007
42511  27.124  -15.326  47.650 0.5555559993
40407  27.298  -17.092  46.577 0.4444440007
41465  26.889  -16.587  46.766 0.5555559993
42535  26.762  -15.952  47.233 0.5555559993
40439  27.011  -17.472  45.500 0.4444440007
40408  26.827  -16.896  46.584 0.5555559993
39363  26.986  -17.879  44.134 0.2222220004
39379  26.574  -18.333  43.373 0.1111110002
45892  27.286  -12.825  48.032 0.4444440007
40404  30.467  -17.574  47.406 0.4444440007
41461  30.624  -16.627  47.414 0.4444440007
43613  30.107  -14.821  46.821 0.4444440007
39314  29.790  -18.479  46.949 0.4444440007
41466  26.320  -16.227  46.851 0.5555559993
40451  26.619  -17.598  44.767 0.4444440007
40425  26.629  -17.109  46.197 0.4444440007
39311  32.288  -17.790  47.107 0.4444440007
40402  32.411  -17.042  47.471 0.4444440007
41460  31.577  -16.363  47.550 0.4444440007
42530  31.739  -15.495  47.249 0.4444440007
45889  29.791  -13.467  46.874 0.3333329856
46896  28.693  -12.377  46.951 0.3333329856
39312  31.362  -17.967  47.069 0.4444440007
40403  31.447  -17.295  47.475 0.4444440007
42531  30.832  -15.638  47.171 0.4444440007
43612  30.908  -14.739  46.680 0.4444440007
45903  29.542  -12.747  46.536 0.3333329856
46904  29.026  -12.442  46.535 0.3333329856
39338  30.485  -18.304  46.405 0.3333329856
39313  30.463  -18.230  47.068 0.3333329856
44781  30.533  -13.733  46.352 0.3333329856
45914  30.002  -13.048  46.284 0.3333329856
45923  29.186  -12.838  45.670 0.3333329856
39339  29.645  -18.365  46.278 0.2222220004
41484  26.498  -16.658  46.592 0.5555559993
39364  26.231  -17.971  44.047 0.1111110002
40401  33.567  -16.827  47.464 0.4444440007
41459  32.429  -16.171  47.543 0.4444440007
39334  33.705  -18.314  47.070 0.3333329856
39310  33.210  -17.711  47.207 0.4444440007
42529  32.806  -15.456  47.199 0.4444440007
39335  33.090  -18.291  46.789 0.3333329856
39336  32.255  -18.309  46.614 0.3333329856
39337  31.355  -18.288  46.507 0.3333329856
39349  31.374  -18.172  45.735 0.2222220004
43626  31.153  -14.410  46.348 0.3333329856
44793  29.662  -13.024  45.642 0.3333329856
46915  28.089  -11.917  46.290 0.2222220004
110396  34.663  -17.291  47.921 0.4444440007
110410  34.026  -16.449  47.318 0.5555559993
110390  34.697  -18.344  47.363 0.3333329856
42528  33.194  -15.400  46.985 0.5555559993
39373  33.490  -18.362  44.711 0.2222220004
39357  33.150  -18.429  45.249 0.2222220004
39348  32.259  -18.457  45.908 0.2222220004
43624  32.339  -15.049  46.355 0.4444440007
43610  32.121  -15.058  46.635 0.5555559993
40446  32.884  -18.188  44.766 0.1111110002
40460  33.255  -17.830  44.116 0.1111110002
110388  35.825  -17.901  48.474 0.4444440007
110402  34.718  -16.606  48.013 0.5555559993
110409  34.776  -16.389  47.951 0.5555559993
110387  35.917  -18.450  47.746 0.3333329856
110389  35.134  -18.034  47.928 0.3333329856
110432  34.430  -16.353  46.986 0.5555559993
41483  33.508  -15.818  47.074 0.5555559993
37383  36.527  -19.488  45.613 0.3333329856
110384  35.815  -19.012  46.245 0.3333329856
110381  35.512  -18.682  46.957 0.3333329856
110383  35.114  -18.440  47.342 0.3333329856
42550  33.435  -15.651  46.544 0.4444440007
42551  32.954  -15.226  46.646 0.5555559993
110391  35.717  -19.300  45.016 0.1111110002
110393  35.545  -19.104  45.710 0.2222220004
110385  35.161  -18.895  46.154 0.2222220004
110392  34.594  -18.704  46.255 0.2222220004
110394  34.294  -18.537  46.989 0.3333329856
110436  34.070  -16.001  45.506 0.3333329856
110441  33.255  -15.681  44.567 0.3333329856
43637  32.730  -15.367  45.548 0.3333329856
110399  34.798  -18.711  43.879 0.1111110002
39356  34.706  -18.750  44.764 0.1111110002
110401  34.718  -18.593  43.710 0.1111110002
110408  33.946  -18.150  43.807 0.1111110002
40471  31.850  -17.433  42.911 0.1111110002
110422  32.846  -17.486  42.539 0.1111110002
40478  32.420  -17.504  42.471 0.1111110002
39391  31.307  -17.823  42.338 0.1111110002
39413  30.849  -17.826  41.453 0.1111110002
110397  35.528  -17.038  48.897 0.5555559993
110404  35.365  -16.004  48.627 0.5555559993
110442  34.940  -16.405  47.883 0.6666669846
39309  36.721  -18.697  47.640 0.4444440007
40386  36.453  -17.349  48.942 0.5555559993
41445  36.524  -16.122  48.857 0.5555559993
42526  36.270  -16.085  47.955 0.6666669846
38248  37.140  -19.196  46.994 0.4444440007
39308  37.595  -18.380  47.773 0.4444440007
110425  35.300  -16.503  46.450 0.6666669846
110431  34.852  -16.411  46.236 0.5555559993
37366  37.487  -19.611  45.855 0.4444440007
37416  36.889  -20.077  43.289 0.3333329856
37399  36.694  -20.071  44.351 0.3333329856
110400  35.188  -18.963  43.890 0.2222220004
38300  35.837  -19.401  43.751 0.3333329856
110405  34.733  -18.477  43.444 0.1111110002
110414  33.554  -17.499  42.985 0.1111110002
39412  31.681  -17.839  41.724 0.1111110002
39435  31.607  -17.894  41.122 0.1111110002
40400  38.163  -17.718  47.629 0.6666669846
40384  37.611  -17.515  48.114 0.6666669846
41457  37.221  -16.373  48.047 0.6666669846
42509  36.970  -16.014  48.255 0.6666669846
41458  36.363  -16.289  47.263 0.6666669846
38247  38.083  -19.049  47.011 0.5555559993
39307  38.784  -18.370  47.215 0.5555559993
37382  37.683  -20.218  44.844 0.3333329856
37365  37.815  -19.852  45.552 0.4444440007
38324  36.722  -19.036  42.172 0.3333329856
41456  37.871  -16.880  47.700 0.6666669846
42525  37.265  -16.290  47.611 0.6666669846
42548  37.325  -16.495  46.731 0.7777780294
38263  38.387  -19.305  46.384 0.5555559993
39333  39.228  -18.791  46.863 0.5555559993
42524  38.127  -16.660  46.835 0.6666669846
37381  38.710  -20.572  44.378 0.4444440007
38262  39.225  -19.173  46.325 0.5555559993
38261  40.184  -19.114  45.885 0.5555559993
42547  38.090  -16.587  45.699 0.6666669846
37415  37.950  -20.059  42.701 0.3333329856
37398  37.781  -20.412  43.819 0.3333329856
37363  39.556  -20.303  44.854 0.4444440007
38346  37.044  -18.287  41.305 0.4444440007
37397  38.911  -20.518  43.312 0.4444440007
39332  39.908  -18.298  46.683 0.6666669846
40398  39.652  -17.471  47.033 0.6666669846
41455  39.240  -16.770  46.903 0.7777780294
38274  40.305  -19.570  45.052 0.6666669846
42523  38.915  -16.545  46.236 0.6666669846
37380  39.741  -20.409  43.966 0.4444440007
38345  37.863  -18.385  41.216 0.5555559993
37414  39.222  -19.784  42.364 0.4444440007
41454  39.900  -17.068  46.778 0.6666669846
41479  39.593  -16.530  46.074 0.7777780294
38287  40.806  -19.534  44.369 0.6666669846
39331  40.933  -18.284  45.676 0.6666669846
41477  41.438  -16.916  45.837 0.6666669846
37396  39.974  -19.875  43.064 0.5555559993
38323  38.419  -19.263  41.670 0.5555559993
38344  39.164  -18.168  40.948 0.5555559993
39355  42.175  -17.919  44.254 0.6666669846
40445  42.221  -17.284  44.421 0.6666669846
37394  41.746  -19.533  42.705 0.6666669846
38286  41.762  -19.406  43.904 0.6666669846
40435  42.159  -17.608  45.077 0.6666669846
42562  42.076  -16.560  45.009 0.6666669846
37413  40.346  -19.317  42.159 0.5555559993
37379  40.730  -19.785  43.673 0.5555559993
42564  40.763  -16.260  44.703 0.5555559993
38322  39.805  -18.831  41.467 0.5555559993
110472  39.368  -17.101  39.569 0.5555559993
39408  38.563  -17.533  40.454 0.5555559993
39372  42.397  -17.601  43.322 0.7777780294
42603  42.232  -16.237  43.500 0.6666669846
37412  41.083  -19.230  41.925 0.6666669846
38298  42.274  -19.031  42.662 0.6666669846
42582  41.521  -15.970  44.053 0.6666669846
38321  40.963  -18.657  41.256 0.6666669846
38320  41.785  -18.935  41.762 0.7777780294
110466  39.649  -17.533  40.140 0.5555559993
40496  39.311  -16.631  38.834 0.5555559993
38297  42.963  -17.646  42.229 0.7777780294
40470  43.085  -16.823  43.073 0.7777780294
42619  42.267  -16.503  42.246 0.6666669846
38319  42.707  -18.347  41.597 0.6666669846
42604  41.338  -16.256  42.781 0.6666669846
110486  40.161  -16.081  38.264 0.6666669846
110467  40.344  -16.898  39.529 0.5555559993
38343  40.709  -17.565  40.170 0.6666669846
110473  40.176  -16.471  39.006 0.6666669846
110471  41.695  -16.650  41.361 0.6666669846
110465  41.796  -16.734  41.026 0.6666669846
42620  41.058  -16.516  41.315 0.6666669846
38342  41.738  -17.273  40.456 0.7777780294
110460  42.670  -17.664  41.322 0.6666669846
110501  40.694  -15.082  37.239 0.7777780294
110462  41.296  -17.201  39.914 0.7777780294
110474  41.560  -15.340  38.646 0.7777780294
110468  41.160  -16.852  39.659 0.6666669846
42628  41.385  -16.582  40.876 0.6666669846
110461  41.293  -15.575  39.414 0.8888890147
41546  40.497  -15.938  40.481 0.6666669846
110498  44.147  -12.432  37.295 0.7777780294
110463  41.136  -16.558  39.640 0.8888890147
110502  43.294  -13.927  35.802 0.7777780294
110483  41.393  -14.481  39.410 0.7777780294
110479  40.951  -15.018  39.813 0.6666669846
110475  41.010  -15.925  40.099 0.6666669846
110477  42.090  -13.830  39.173 0.8888890147
110469  41.706  -14.395  39.243 0.8888890147
110470  41.673  -14.799  39.069 0.8888890147
110510  45.643  -12.876  36.069 0.7777780294
110493  41.089  -12.676  39.097 0.7777780294
110480  41.802  -13.602  39.346 0.8888890147
110489  41.467  -12.708  39.242 0.7777780294
110503  45.058  -12.229  37.661 0.8888890147
110521  43.185  -11.850  38.410 0.8888890147
110481  42.012  -12.534  39.295 0.8888890147
110509  45.571  -12.080  37.357 0.8888890147
110517  45.909  -12.977  35.420 0.7777780294
48030  41.085  -11.958  37.286 0.6666669846
110515  45.263  -11.815  38.028 0.8888890147
110508  44.556  -11.549  38.230 0.8888890147
110531  43.359  -10.451  35.605 0.8888890147
110511  46.078  -12.831  35.386 0.8888890147
110529  45.757  -13.097  34.919 0.7777780294
110507  46.336  -11.000  37.896 0.8888890147
110513  45.458  -10.735  38.284 0.8888890147
110514  44.576  -10.678  38.007 0.8888890147
110553  42.439  -10.675  34.361 0.5555559993
48008  47.540  -10.367  35.978 0.8888890147
110519  46.705  -12.198  35.307 0.8888890147
48013  47.058  -10.891  34.796 0.8888890147
110528  46.401  -12.394  34.513 0.7777780294
110555  42.243  -10.506  32.681 0.5555559993
110556  41.895  -11.483  33.684 0.4444440007
47985  47.715  -9.550  37.458 0.8888890147
47986  47.123  -10.079  38.057 0.7777780294
110524  44.403  -10.072  36.303 0.8888890147
110532  44.023  -10.088  35.532 0.8888890147
47998  47.345  -10.388  37.306 0.8888890147
110540  43.863  -9.905  35.016 0.7777780294
48040  41.560  -11.583  32.215 0.2222220004
49007  47.456  -9.520  34.983 0.8888890147
48014  46.715  -11.123  34.024 0.6666669846
48020  44.962  -12.256  32.822 0.6666669846
49014  46.064  -10.401  33.696 0.7777780294
48981  47.156  -10.057  37.600 0.8888890147
48971  45.443  -9.713  37.289 0.7777780294
49025  42.082  -11.213  32.458 0.3333329856
49033  41.532  -10.598  32.149 0.2222220004
48990  48.037  -9.690  36.326 0.8888890147
110525  44.619  -9.185  35.394 0.7777780294
110545  43.219  -9.964  34.015 0.7777780294
48007  48.167  -9.501  36.181 0.8888890147
50024  47.106  -8.763  34.429 0.8888890147
50037  45.559  -9.670  33.372 0.7777780294
49022  44.587  -9.978  32.746 0.6666669846
50046  44.413  -9.622  32.419 0.6666669846
49030  43.643  -9.884  31.790 0.5555559993
49032  41.504  -9.812  31.994 0.2222220004
50007  47.710  -9.123  35.222 0.8888890147
50038  44.268  -8.989  34.542 0.7777780294
49045  40.934  -9.890  31.562 0.1111110002
50023  47.984  -8.170  34.680 0.8888890147
110516  45.128  -8.273  35.335 0.8888890147
51140  44.523  -8.805  34.896 0.7777780294
50035  47.208  -7.935  33.988 0.8888890147
50036  46.231  -8.746  33.665 0.7777780294
50045  45.141  -8.911  32.676 0.7777780294
49031  43.314  -10.459  31.257 0.4444440007
50056  44.220  -9.013  31.641 0.6666669846
48053  42.732  -10.860  30.160 0.2222220004
48054  42.570  -11.232  29.810 0.2222220004
50057  43.662  -9.574  31.400 0.4444440007
49043  43.020  -9.969  30.333 0.3333329856
47136  42.210  -11.419  28.912 0.2222220004
48075  42.545  -10.638  29.390 0.2222220004
47137  41.563  -11.357  28.383 0.2222220004
48091  42.045  -10.483  28.574 0.2222220004
47138  41.023  -11.121  28.043 0.2222220004
48125  40.012  -10.700  26.217 0.2222220004
50047  42.609  -8.871  32.865 0.3333329856
50058  41.955  -9.355  32.367 0.3333329856
49044  41.303  -9.586  31.632 0.2222220004
50071  41.504  -9.122  31.493 0.2222220004
51142  43.610  -8.430  33.391 0.6666669846
51121  47.215  -7.454  34.158 0.8888890147
110568  46.307  -7.712  34.534 0.8888890147
110527  44.762  -7.490  34.400 0.7777780294
51141  44.340  -8.154  34.062 0.7777780294
51138  46.527  -7.384  33.688 0.8888890147
50044  45.800  -8.219  33.079 0.7777780294
50055  44.805  -8.324  31.927 0.7777780294
50069  44.046  -8.586  30.881 0.6666669846
51182  43.922  -8.389  30.562 0.5555559993
50070  43.626  -9.102  30.757 0.5555559993
49059  42.683  -9.669  29.633 0.3333329856
49060  42.246  -9.569  28.914 0.3333329856
48092  41.314  -10.348  28.055 0.3333329856
48093  40.816  -10.688  27.700 0.2222220004
51170  41.960  -8.179  32.293 0.4444440007
50048  42.255  -8.896  32.647 0.4444440007
110557  45.704  -6.677  33.690 0.8888890147
110562  45.481  -6.875  34.307 0.7777780294
49990  45.086  -6.932  34.315 0.7777780294
110543  44.064  -7.453  33.691 0.6666669846
52233  43.843  -7.885  33.449 0.7777780294
51139  45.607  -6.622  33.290 0.8888890147
51155  46.062  -7.906  33.298 0.8888890147
51156  45.571  -7.399  32.825 0.8888890147
51167  45.129  -7.689  31.967 0.7777780294
52247  45.622  -6.076  32.557 0.8888890147
52255  45.284  -6.544  31.663 0.8888890147
51168  44.752  -7.802  31.395 0.7777780294
51181  44.283  -7.876  30.632 0.7777780294
50086  43.091  -8.919  29.902 0.4444440007
50087  42.398  -8.740  29.333 0.3333329856
51157  42.640  -8.217  33.040 0.4444440007
51169  42.371  -7.727  32.771 0.4444440007
110534  44.257  -6.911  33.955 0.7777780294
110564  43.805  -7.068  33.621 0.6666669846
52248  42.737  -7.433  33.030 0.5555559993
52257  42.494  -7.221  32.535 0.4444440007
110549  45.404  -5.707  33.554 0.8888890147
52256  45.053  -7.204  31.443 0.8888890147
51201  44.045  -7.495  30.029 0.6666669846
51218  42.318  -7.989  29.014 0.5555559993
110620  41.936  -7.376  27.890 0.5555559993
51203  42.785  -8.014  29.592 0.5555559993
110570  43.001  -6.757  33.160 0.6666669846
110550  43.982  -5.789  34.040 0.7777780294
110565  43.674  -6.150  33.730 0.6666669846
110571  43.652  -6.534  33.615 0.6666669846
53316  45.850  -5.399  33.197 0.8888890147
53346  45.982  -5.547  31.743 0.8888890147
52272  45.125  -6.275  31.084 0.7777780294
52290  44.332  -6.867  29.933 0.7777780294
52304  43.864  -6.546  29.377 0.7777780294
52305  43.246  -6.719  29.170 0.7777780294
52273  44.865  -6.772  30.862 0.7777780294
52292  43.179  -7.409  29.550 0.5555559993
110597  39.501  -6.375  25.351 0.4444440007
110574  42.698  -6.219  32.368 0.5555559993
110575  43.524  -5.925  33.443 0.5555559993
52258  42.163  -7.056  31.599 0.5555559993
110551  45.478  -4.996  33.491 0.8888890147
53333  46.178  -5.165  32.506 0.8888890147
54485  46.034  -4.318  33.320 0.8888890147
53365  44.646  -6.097  30.137 0.7777780294
110621  42.718  -6.665  28.769 0.7777780294
110608  41.933  -6.735  27.757 0.7777780294
110633  41.503  -6.689  27.175 0.6666669846
110604  39.943  -6.088  25.802 0.5555559993
110602  39.837  -6.007  24.271 0.6666669846
110603  39.810  -5.779  24.618 0.6666669846
110579  43.019  -4.651  31.895 0.5555559993
110560  45.422  -3.996  33.252 0.8888890147
53315  46.319  -4.635  32.840 0.8888890147
55652  46.076  -3.653  33.307 0.8888890147
53345  46.479  -4.656  31.996 0.8888890147
53364  45.309  -5.579  30.718 0.7777780294
53376  44.245  -5.985  29.326 0.7777780294
110623  43.634  -6.109  28.886 0.7777780294
110598  42.253  -5.863  28.088 0.7777780294
110605  41.085  -6.091  26.634 0.6666669846
54595  40.040  -5.744  24.977 0.7777780294
53454  40.201  -5.748  23.588 0.7777780294
110567  45.699  -3.214  32.899 0.8888890147
54500  46.724  -3.675  32.627 0.8888890147
54509  46.780  -4.064  31.320 0.8888890147
54524  45.066  -4.839  29.707 0.7777780294
53375  44.748  -5.523  29.709 0.7777780294
110624  43.866  -5.679  28.821 0.7777780294
110610  43.169  -5.604  28.562 0.7777780294
110626  42.706  -5.444  28.442 0.7777780294
55661  46.711  -2.809  32.041 0.8888890147
110596  46.249  -2.944  30.373 0.8888890147
110613  44.704  -3.989  29.372 0.8888890147
110627  42.799  -5.043  28.648 0.8888890147
110625  44.213  -5.147  28.912 0.7777780294
110618  40.677  -5.628  26.031 0.7777780294
110577  43.735  -2.302  30.198 0.6666669846
110599  44.900  -3.103  29.658 0.7777780294
46889  26.181  -11.724  48.595 0.4444440007
42512  26.183  -15.193  48.338 0.4444440007
46905  28.317  -12.015  46.664 0.2222220004
43596  26.993  -14.548  48.124 0.5555559993
44805  29.403  -13.539  44.899 0.2222220004
42536  25.599  -15.611  47.282 0.5555559993
46906  27.580  -11.374  46.757 0.2222220004
44758  26.723  -13.603  48.380 0.4444440007
40450  27.257  -17.645  44.861 0.4444440007
38301  26.949  -18.882  42.883 0.1111110002
45890  29.288  -13.041  46.965 0.3333329856
46897  27.622  -11.916  47.445 0.3333329856
46888  26.769  -12.139  48.343 0.4444440007
44770  30.163  -13.929  46.736 0.3333329856
41485  25.815  -16.355  46.390 0.5555559993
40426  25.960  -16.998  45.793 0.5555559993
45902  29.926  -13.236  46.623 0.3333329856
45915  29.472  -12.669  46.107 0.3333329856
46914  28.760  -12.252  46.308 0.3333329856
44780  31.033  -13.939  46.057 0.3333329856
44792  30.335  -13.376  45.738 0.2222220004
45916  28.719  -12.341  45.976 0.2222220004
39350  30.395  -18.064  45.513 0.2222220004
110398  34.145  -17.942  47.526 0.3333329856
43611  31.729  -15.026  46.676 0.4444440007
39359  31.707  -17.914  45.078 0.2222220004
45917  27.974  -12.149  45.869 0.2222220004
39346  33.941  -18.531  46.349 0.2222220004
39347  33.229  -18.512  45.977 0.2222220004
110421  32.712  -17.345  43.154 0.1111110002
38249  36.286  -18.923  46.865 0.3333329856
38288  35.890  -19.488  44.699 0.2222220004
110407  34.396  -18.269  43.434 0.1111110002
39390  31.979  -17.639  42.185 0.1111110002
110411  35.154  -16.485  47.042 0.6666669846
39291  36.626  -18.037  48.423 0.4444440007
41444  36.932  -16.510  48.560 0.5555559993
42549  36.786  -16.258  47.298 0.6666669846
38246  38.803  -19.072  46.894 0.6666669846
39306  39.356  -17.922  47.141 0.6666669846
37364  38.626  -20.233  45.239 0.5555559993
40399  38.883  -17.502  47.305 0.6666669846
38275  39.412  -19.728  45.549 0.5555559993
38260  40.726  -18.889  45.300 0.6666669846
40421  40.808  -17.575  46.229 0.6666669846
37362  40.262  -20.040  44.432 0.6666669846
41478  40.318  -16.804  46.245 0.7777780294
39344  41.831  -18.434  45.291 0.6666669846
38272  42.075  -18.772  44.434 0.6666669846
40420  41.721  -17.794  45.842 0.6666669846
42544  40.864  -16.560  45.472 0.6666669846
38285  42.275  -18.403  43.483 0.6666669846
42605  40.089  -16.506  41.949 0.6666669846
110464  41.537  -14.857  39.312 0.8888890147
110552  44.690  -13.528  33.596 0.6666669846
110518  46.614  -11.577  36.703 0.8888890147
47030  46.941  -11.968  34.263 0.7777780294
48019  46.023  -12.100  33.674 0.7777780294
110533  43.904  -10.044  35.271 0.7777780294
49000  48.167  -9.122  35.576 0.8888890147
49008  46.642  -9.897  34.419 0.8888890147
49015  45.144  -10.725  32.990 0.6666669846
48980  46.752  -9.845  36.154 0.8888890147
50008  48.153  -8.707  35.254 0.8888890147
50025  44.217  -9.578  35.115 0.7777780294
110541  43.806  -9.358  34.314 0.6666669846
110546  42.726  -9.709  32.997 0.3333329856
50022  47.545  -8.423  34.579 0.8888890147
110547  43.225  -9.140  33.257 0.4444440007
110569  47.217  -7.845  34.109 0.8888890147
110523  45.182  -7.396  34.704 0.7777780294
48039  42.967  -10.672  30.651 0.3333329856
48074  42.765  -10.271  29.879 0.2222220004
47119  42.383  -11.559  29.545 0.2222220004
47160  40.196  -11.478  26.804 0.2222220004
48114  40.475  -10.506  27.042 0.2222220004
52232  46.711  -7.193  34.142 0.8888890147
110522  45.332  -7.146  34.506 0.7777780294
110526  45.041  -7.369  34.577 0.7777780294
52234  43.251  -7.647  33.255 0.5555559993
50009  44.821  -6.900  34.177 0.7777780294
51202  43.613  -8.040  30.063 0.5555559993
110542  44.802  -5.838  33.891 0.7777780294
52291  43.737  -7.167  29.671 0.7777780294
52306  42.619  -7.292  29.057 0.7777780294
51229  42.168  -7.628  28.448 0.6666669846
50116  41.832  -7.801  27.925 0.4444440007
50117  40.966  -7.746  27.223 0.4444440007
50101  41.957  -8.452  28.335 0.3333329856
110622  43.027  -6.201  28.657 0.7777780294
110606  42.322  -6.983  28.395 0.7777780294
53363  46.269  -4.861  31.147 0.7777780294
110607  42.461  -6.344  28.399 0.7777780294
110601  41.675  -6.292  27.421 0.6666669846
55750  40.254  -5.489  23.297 0.8888890147
54523  45.918  -4.088  30.325 0.8888890147
44759  25.874  -13.404  49.178 0.4444440007
45870  25.268  -12.554  49.809 0.4444440007
43597  26.215  -14.198  48.662 0.4444440007
38232  9.710  -19.942  49.054 0.1111110002
38242  8.814  -19.693  48.642 0.1111110002
37341  10.651  -20.805  48.919 0.1111110002
38241  9.998  -19.314  48.638 0.1111110002
37340  11.387  -20.709  48.541 0.1111110002
38231  10.557  -19.435  49.085 0.1111110002
36451  12.934  -21.025  46.447 0.1111110002
41481  36.972  -16.592  45.819 0.5555559993
41482  36.493  -16.474  46.650 0.5555559993
40370  17.121  -18.126  50.256 0.1111110002
37338  13.090  -20.061  47.930 0.1111110002
38239  11.781  -19.586  48.794 0.1111110002
37350  13.369  -20.443  47.114 0.1111110002
37339  12.312  -20.295  48.255 0.1111110002
39301  10.604  -18.797  48.742 0.1111110002
37359  13.419  -20.324  46.175 0.1111110002
36453  11.462  -21.684  47.490 0.1111110002
38282  13.690  -19.743  45.663 0.1111110002
36459  12.696  -20.859  45.775 0.1111110002
36452  12.384  -21.325  47.078 0.1111110002
38281  14.487  -19.351  45.408 0.1111110002
37369  12.765  -20.114  45.244 0.1111110002
41502  35.578  -16.558  45.489 0.5555559993
41426  16.086  -17.043  51.321 0.2222220004
40371  16.501  -17.523  50.694 0.1111110002
40376  17.335  -18.269  49.812 0.1111110002
38238  12.781  -19.489  48.375 0.1111110002
39299  12.379  -18.799  48.530 0.1111110002
39300  11.357  -18.702  48.893 0.1111110002
37351  12.677  -20.706  47.687 0.1111110002
39288  10.958  -18.998  49.314 0.1111110002
39323  10.990  -18.463  48.500 0.1111110002
40367  15.681  -16.917  52.684 0.3333329856
37349  13.860  -20.023  46.620 0.1111110002
40430  10.849  -17.540  46.793 0.1111110002
39324  10.560  -18.561  48.126 0.1111110002
38270  13.808  -19.910  46.152 0.1111110002
38280  15.438  -19.348  45.109 0.1111110002
110430  34.569  -16.139  44.261 0.4444440007
110435  33.888  -15.842  44.223 0.3333329856
42586  32.800  -15.660  43.633 0.2222220004
110453  32.139  -15.472  43.200 0.2222220004
40372  15.998  -16.967  50.311 0.2222220004
40377  16.933  -17.859  49.371 0.1111110002
39287  17.140  -18.268  48.698 0.1111110002
39296  15.681  -18.272  47.633 0.1111110002
39322  13.723  -19.238  47.928 0.1111110002
40394  11.992  -18.392  48.413 0.1111110002
40413  11.497  -18.056  47.877 0.1111110002
41427  15.801  -16.466  51.733 0.3333329856
39320  14.964  -18.841  47.183 0.1111110002
38254  14.262  -19.598  47.046 0.1111110002
40429  11.862  -17.375  46.922 0.1111110002
41423  15.005  -15.925  53.633 0.3333329856
39319  15.969  -18.889  47.276 0.1111110002
38253  15.218  -19.260  46.654 0.1111110002
42493  15.851  -15.724  52.382 0.3333329856
38251  17.571  -19.827  47.746 0.1111110002
38268  15.318  -19.661  46.010 0.1111110002
38267  16.128  -19.986  45.684 0.1111110002
37368  16.511  -20.683  45.130 0.1111110002
44845  21.881  -13.945  42.551 0.2222220004
44866  21.938  -13.804  41.617 0.2222220004
110439  33.501  -15.793  43.829 0.2222220004
43695  30.731  -15.161  42.058 0.1111110002
40391  15.625  -17.702  47.888 0.1111110002
40392  14.361  -17.910  47.284 0.1111110002
41432  15.771  -16.392  50.331 0.3333329856
39297  14.661  -18.357  47.338 0.1111110002
40393  12.799  -18.113  48.080 0.1111110002
40412  12.876  -17.454  47.349 0.1111110002
42499  15.999  -15.368  51.074 0.3333329856
38252  16.412  -19.731  46.775 0.1111110002
44846  20.949  -14.133  42.675 0.2222220004
43699  20.371  -14.254  42.020 0.2222220004
42546  39.254  -16.361  45.443 0.6666669846
44865  22.855  -13.710  41.450 0.2222220004
43671  31.533  -15.302  42.728 0.1111110002
40378  16.046  -17.203  49.273 0.2222220004
40379  15.596  -17.323  48.050 0.2222220004
40380  15.322  -17.617  47.504 0.1111110002
41439  15.184  -17.574  47.114 0.1111110002
42498  16.532  -14.788  51.198 0.3333329856
43580  16.454  -14.242  50.756 0.3333329856
44744  16.755  -13.299  50.340 0.3333329856
43633  17.069  -15.048  47.078 0.1111110002
43619  17.355  -14.140  47.668 0.1111110002
43632  17.573  -14.468  46.745 0.1111110002
41521  35.251  -16.364  44.057 0.4444440007
43657  17.180  -14.744  44.491 0.1111110002
41501  36.775  -16.619  44.809 0.5555559993
41538  34.884  -15.883  43.453 0.4444440007
44827  17.637  -14.359  43.878 0.1111110002
42566  38.673  -16.409  44.306 0.6666669846
44867  21.106  -14.030  41.841 0.2222220004
44869  19.207  -14.291  42.073 0.1111110002
43715  29.313  -14.904  41.372 0.1111110002
44887  22.903  -13.527  40.453 0.1111110002
43732  29.022  -14.765  40.470 0.1111110002
43733  28.142  -14.454  40.309 0.1111110002
44864  23.664  -13.454  41.317 0.1111110002
44882  27.435  -14.106  40.041 0.1111110002
44860  27.397  -14.030  41.069 0.1111110002
44902  27.084  -13.933  39.242 0.1111110002
44863  24.450  -13.223  41.278 0.1111110002
41437  15.843  -16.512  48.983 0.2222220004
41438  15.495  -17.052  47.831 0.1111110002
41451  14.523  -17.450  46.831 0.1111110002
41449  16.023  -16.420  48.092 0.2222220004
41450  15.390  -17.079  46.996 0.1111110002
42519  15.956  -15.775  49.089 0.1111110002
42540  16.587  -15.647  47.546 0.1111110002
43620  16.906  -14.693  48.056 0.1111110002
43643  17.527  -14.642  45.640 0.1111110002
43644  16.899  -15.205  45.980 0.1111110002
110446  32.741  -15.431  42.101 0.2222220004
43680  16.994  -14.726  43.858 0.1111110002
110458  31.583  -15.282  41.468 0.1111110002
43713  30.880  -15.081  41.285 0.1111110002
44849  17.990  -14.143  42.896 0.1111110002
43714  30.255  -14.972  41.316 0.1111110002
43716  28.370  -14.574  41.283 0.1111110002
43701  18.290  -14.212  42.048 0.1111110002
43698  27.773  -14.354  42.159 0.1111110002
44883  26.625  -13.729  40.142 0.1111110002
44861  26.283  -13.614  41.260 0.1111110002
43717  20.469  -14.244  41.303 0.1111110002
44889  20.992  -13.930  40.699 0.1111110002
44888  22.019  -13.684  40.584 0.1111110002
44884  25.574  -13.219  40.121 0.1111110002
44904  25.530  -12.997  39.465 0.1111110002
44885  24.695  -13.034  40.411 0.1111110002
41468  16.230  -16.248  47.549 0.1111110002
41470  14.785  -17.024  46.410 0.1111110002
41500  37.652  -16.579  44.526 0.6666669846
110447  33.176  -15.421  41.628 0.2222220004
41518  37.942  -16.391  43.337 0.4444440007
44848  19.002  -14.046  42.851 0.1111110002
45965  24.849  -12.813  39.643 0.1111110002
44903  26.080  -13.243  39.080 0.1111110002
45964  25.288  -12.914  39.574 0.1111110002
41469  15.756  -16.699  47.026 0.1111110002
41488  16.208  -16.258  46.906 0.1111110002
41520  36.055  -16.421  44.023 0.4444440007
110434  34.111  -15.524  42.837 0.2222220004
41534  38.183  -15.589  42.421 0.4444440007
41537  35.528  -15.906  43.264 0.4444440007
110440  33.499  -15.382  41.657 0.2222220004
110454  33.083  -15.342  41.331 0.2222220004
43734  20.088  -14.456  40.464 0.1111110002
43718  19.704  -14.406  41.469 0.1111110002
42609  35.102  -15.164  43.013 0.4444440007
110448  32.684  -15.287  40.396 0.1111110002
43700  19.932  -14.337  42.062 0.1111110002
42608  35.862  -14.840  43.085 0.4444440007
43694  34.692  -14.160  42.038 0.2222220004
43712  34.069  -14.971  40.866 0.2222220004
110456  33.364  -15.287  41.122 0.2222220004
110451  31.800  -15.559  39.336 0.1111110002
110457  33.028  -15.161  39.709 0.2222220004
110450  32.893  -15.151  39.821 0.1111110002
44917  31.156  -14.978  38.749 0.1111110002
44859  34.304  -14.306  40.688 0.2222220004
110452  32.508  -15.458  39.191 0.1111110002
44840  25.911  -13.459  42.618 0.1111110002
44900  33.667  -14.489  39.727 0.1111110002
44901  33.070  -14.809  39.296 0.2222220004
43759  32.813  -15.168  38.763 0.1111110002
43760  32.057  -15.423  38.244 0.1111110002
44862  25.323  -13.220  41.327 0.1111110002
44914  33.716  -14.354  39.159 0.1111110002
44915  33.380  -14.696  38.997 0.1111110002
44929  32.559  -14.705  37.709 0.1111110002
44930  31.413  -14.317  37.379 0.1111110002
44931  30.403  -14.019  37.150 0.1111110002
44928  33.141  -14.766  38.137 0.1111110002
44940  32.758  -14.207  37.125 0.1111110002
44941  32.088  -13.589  36.736 0.1111110002
44954  32.237  -13.239  36.064 0.1111110002
42557  16.400  -15.828  46.367 0.1111110002
42558  15.694  -15.972  45.749 0.1111110002
43719  18.670  -14.381  41.245 0.1111110002
43735  19.191  -14.468  40.469 0.1111110002
41519  36.982  -16.445  43.667 0.5555559993
41549  38.702  -14.541  41.616 0.4444440007
41517  38.527  -16.265  42.770 0.5555559993
41535  37.416  -15.350  42.954 0.4444440007
43730  31.020  -14.885  40.281 0.1111110002
42629  38.713  -13.708  40.825 0.3333329856
41536  36.385  -15.701  43.163 0.3333329856
43743  30.252  -14.635  40.004 0.1111110002
43668  36.095  -13.772  42.707 0.4444440007
43692  36.315  -12.785  41.997 0.4444440007
43693  35.462  -13.420  42.119 0.3333329856
44880  34.648  -14.166  40.116 0.2222220004
43751  34.146  -14.121  39.085 0.1111110002
44886  23.746  -13.208  40.270 0.1111110002
43758  33.513  -14.771  38.312 0.1111110002
43766  34.193  -14.745  38.024 0.1111110002
43767  33.224  -14.673  37.585 0.1111110002
44953  32.850  -13.430  36.103 0.1111110002
46016  32.122  -13.074  35.330 0.1111110002
46017  31.282  -12.598  35.339 0.1111110002
42622  38.251  -13.675  41.671 0.3333329856
43731  29.920  -14.757  40.549 0.1111110002
44839  26.957  -13.866  42.271 0.1111110002
44907  21.271  -13.610  39.697 0.1111110002
110491  38.701  -13.905  39.732 0.2222220004
42607  36.753  -14.479  43.006 0.3333329856
110492  38.278  -14.326  38.538 0.2222220004
43667  36.900  -13.466  42.501 0.3333329856
43744  29.672  -14.638  39.789 0.1111110002
43745  28.816  -14.648  39.560 0.1111110002
44905  22.918  -13.283  39.632 0.1111110002
44906  22.156  -13.393  39.689 0.1111110002
43753  29.570  -14.593  38.753 0.1111110002
44837  35.567  -13.031  41.113 0.2222220004
44898  34.467  -14.307  39.486 0.1111110002
44857  35.213  -13.825  40.464 0.1111110002
110497  34.488  -14.521  38.856 0.1111110002
43772  33.082  -14.233  36.794 0.1111110002
110538  38.152  -13.795  35.891 0.2222220004
45976  23.260  -12.628  39.307 0.1111110002
42623  37.573  -13.985  42.517 0.2222220004
44836  36.563  -12.783  40.983 0.3333329856
45943  35.785  -13.668  40.570 0.1111110002
45963  35.421  -14.519  39.507 0.1111110002
110505  34.364  -14.849  37.960 0.1111110002
110499  35.211  -14.665  38.664 0.1111110002
44952  33.340  -14.111  36.268 0.1111110002
41550  38.083  -14.614  42.330 0.3333329856
43691  37.400  -12.987  41.526 0.3333329856
45941  36.616  -13.286  40.630 0.1111110002
44835  36.944  -13.741  40.508 0.2222220004
110500  35.812  -14.559  39.358 0.1111110002
46064  39.150  -13.010  34.505 0.2222220004
45952  36.679  -14.025  40.311 0.1111110002
47074  38.598  -12.627  32.732 0.1111110002
46065  38.295  -12.901  33.698 0.1111110002
110494  37.848  -13.823  40.162 0.1111110002
47120  38.565  -11.669  31.223 0.1111110002
47096  39.093  -11.874  32.333 0.1111110002
47073  39.402  -12.989  33.615 0.1111110002
46082  38.159  -12.632  32.687 0.1111110002
48057  39.230  -11.295  31.152 0.1111110002
48077  38.690  -11.173  30.106 0.1111110002
47097  38.092  -12.200  32.007 0.1111110002
48094  39.234  -10.373  29.444 0.1111110002
48076  39.560  -10.617  30.442 0.1111110002
49061  39.776  -9.806  29.711 0.1111110002
50073  40.155  -9.395  30.050 0.1111110002
50089  40.041  -8.992  29.472 0.1111110002
51205  41.204  -7.561  29.949 0.3333329856
110588  42.649  -4.832  29.540 0.5555559993
110586  42.210  -5.479  29.728 0.5555559993
52274  41.711  -6.802  30.453 0.4444440007
51204  41.564  -7.438  30.324 0.4444440007
110585  41.708  -6.186  29.579 0.4444440007
48095  38.488  -10.477  28.919 0.1111110002
48096  37.384  -10.401  28.684 0.1111110002
50088  40.588  -8.236  29.582 0.3333329856
110590  41.221  -6.909  29.520 0.4444440007
50103  40.653  -7.505  29.051 0.4444440007
54616  40.924  -5.528  22.583 0.7777780294
54615  42.344  -5.502  22.570 0.6666669846
49073  39.443  -9.444  28.499 0.1111110002
49074  38.299  -9.671  27.866 0.1111110002
110595  40.885  -6.191  27.837 0.5555559993
110592  40.870  -6.022  26.499 0.5555559993
110589  41.968  -5.839  28.688 0.5555559993
59027  45.846  -0.912  22.003 0.6666669846
57973  45.200  -1.826  22.338 0.6666669846
56814  44.516  -2.925  22.266 0.6666669846
55767  44.854  -3.602  22.767 0.5555559993
54631  44.451  -4.447  22.860 0.5555559993
54614  43.709  -5.189  22.954 0.5555559993
59042  45.806  -0.490  21.537 0.6666669846
55748  42.901  -4.953  22.690 0.5555559993
60059  46.248  -0.259  21.446 0.6666669846
59066  45.424  -0.253  21.100 0.3333329856
60068  48.441  0.623  20.363 0.4444440007
60069  47.365  0.456  20.550 0.5555559993
60070  46.174  0.257  20.672 0.6666669846
60071  45.077  0.210  20.487 0.3333329856
60085  46.708  0.566  20.254 0.5555559993
61028  46.034  0.690  20.236 0.5555559993
61029  45.625  0.737  20.147 0.3333329856
61030  44.875  0.740  19.878 0.3333329856
50104  39.958  -8.359  28.525 0.1111110002
49092  39.576  -8.688  27.993 0.1111110002
55733  40.202  -5.443  24.834 0.7777780294
59028  44.883  -1.309  22.017 0.6666669846
57974  44.361  -2.097  21.991 0.6666669846
55768  43.574  -4.304  22.373 0.6666669846
55749  42.021  -5.054  22.530 0.7777780294
59043  45.120  -0.734  21.616 0.6666669846
61027  48.137  1.201  19.875 0.3333329856
60084  46.921  0.655  19.970 0.2222220004
60072  44.077  0.096  19.800 0.2222220004
61025  49.431  1.660  20.556 0.3333329856
61039  47.268  1.080  19.564 0.2222220004
60073  43.454  -0.414  19.530 0.1111110002
60087  43.131  0.061  19.073 0.1111110002
59086  42.185  -0.682  19.211 0.1111110002
61042  44.317  1.199  19.235 0.1111110002
60086  43.756  0.609  19.270 0.1111110002
61043  43.455  1.004  18.891 0.1111110002
49094  37.818  -9.116  26.796 0.1111110002
110619  40.326  -5.451  25.863 0.6666669846
56815  43.514  -3.313  21.750 0.7777780294
57998  44.241  -1.833  21.576 0.5555559993
59044  44.557  -1.254  21.559 0.4444440007
59067  44.434  -0.743  20.836 0.3333329856
59068  43.436  -0.996  19.987 0.3333329856
61026  49.003  1.266  19.970 0.3333329856
59069  42.436  -1.381  19.649 0.1111110002
61040  46.273  1.024  19.829 0.4444440007
61041  45.281  1.305  19.573 0.2222220004
59085  42.978  -0.734  19.413 0.1111110002
59070  41.421  -1.465  19.469 0.1111110002
62011  47.931  2.139  19.280 0.4444440007
62013  45.651  2.068  19.065 0.1111110002
62014  44.942  1.806  19.011 0.1111110002
61016  50.369  1.646  21.497 0.3333329856
62960  46.044  3.057  18.902 0.1111110002
61049  43.797  1.620  18.585 0.1111110002
56841  43.560  -2.724  21.463 0.7777780294
56816  42.402  -4.284  21.404 0.7777780294
55769  42.196  -4.630  22.189 0.7777780294
57999  43.711  -2.270  21.178 0.6666669846
58026  44.187  -1.567  21.154 0.3333329856
58027  43.605  -1.672  20.682 0.3333329856
56845  39.929  -3.871  20.798 0.2222220004
58028  42.691  -1.903  20.269 0.1111110002
58029  41.815  -2.438  19.697 0.1111110002
56864  40.114  -2.934  20.291 0.2222220004
62005  48.681  1.823  19.668 0.2222220004
58030  40.655  -2.350  19.682 0.1111110002
61017  49.757  1.831  21.220 0.3333329856
62004  49.267  2.092  19.984 0.2222220004
62012  46.736  2.100  19.192 0.3333329856
61991  50.313  2.330  21.364 0.3333329856
62959  47.206  3.363  18.866 0.2222220004
110593  40.206  -7.491  28.122 0.4444440007
56842  43.012  -3.066  21.267 0.7777780294
58000  42.940  -2.539  20.733 0.4444440007
56863  40.948  -3.378  19.942 0.2222220004
62009  49.602  2.710  19.740 0.3333329856
62010  48.953  2.520  19.374 0.3333329856
62958  48.385  3.145  18.900 0.3333329856
62003  49.899  2.609  20.594 0.3333329856
61989  51.200  1.811  21.056 0.3333329856
61023  52.026  1.684  20.155 0.3333329856
61037  53.315  1.588  19.076 0.3333329856
63960  46.256  3.926  18.568 0.1111110002
111371  53.611  1.913  18.714 0.3333329856
63959  46.862  4.181  18.700 0.1111110002
111389  52.829  2.429  19.228 0.3333329856
56794  40.027  -4.771  22.802 0.7777780294
55770  41.258  -5.115  21.983 0.7777780294
56817  41.243  -4.674  21.389 0.7777780294
56843  42.240  -3.748  20.546 0.6666669846
56862  41.833  -3.327  20.059 0.2222220004
62002  50.883  2.849  20.982 0.3333329856
62957  49.598  3.502  19.100 0.2222220004
62970  48.563  3.888  18.640 0.2222220004
62971  47.922  3.729  18.738 0.2222220004
62001  51.504  2.200  20.652 0.3333329856
61038  52.822  1.695  19.357 0.3333329856
63975  47.593  4.506  18.631 0.1111110002
110591  40.904  -6.626  28.623 0.4444440007
110594  40.336  -6.872  27.375 0.3333329856
56780  39.924  -5.601  24.874 0.6666669846
56818  40.215  -4.552  21.812 0.6666669846
56795  39.555  -5.007  23.417 0.4444440007
56844  41.131  -4.078  20.636 0.6666669846
56819  39.390  -4.383  22.061 0.3333329856
55788  41.794  -3.844  20.375 0.4444440007
55806  41.524  -3.680  20.222 0.3333329856
62952  49.954  3.108  19.905 0.3333329856
62969  49.140  4.043  18.558 0.3333329856
64948  52.073  5.455  17.790 0.2222220004
110616  40.113  -5.473  25.836 0.4444440007
65869  52.013  5.877  17.637 0.2222220004
64956  52.204  5.190  16.894 0.3333329856
39294  17.504  -18.787  48.276 0.1111110002
43581  15.943  -14.822  50.321 0.3333329856
40389  16.750  -18.059  48.628 0.1111110002
40390  16.289  -17.832  48.437 0.1111110002
44765  17.042  -13.434  48.748 0.1111110002
43575  16.895  -14.179  51.203 0.3333329856
42505  15.725  -15.529  49.913 0.2222220004
42518  16.388  -15.285  48.680 0.2222220004
111390  52.375  3.201  19.850 0.3333329856
62950  51.695  3.113  20.266 0.3333329856
62000  52.368  2.479  19.882 0.3333329856
63973  49.543  4.422  18.558 0.2222220004
62951  50.611  3.670  20.144 0.3333329856
62956  50.304  4.035  19.421 0.1111110002
38240  10.495  -19.064  48.983 0.1111110002
37328  10.956  -19.988  49.001 0.1111110002
39302  10.167  -18.927  48.337 0.1111110002
38255  13.683  -19.668  47.652 0.1111110002
37358  13.837  -19.959  46.367 0.1111110002
41431  16.060  -16.807  50.881 0.3333329856
40366  16.134  -17.459  51.983 0.2222220004
39321  14.166  -19.075  47.600 0.1111110002
39298  13.564  -18.743  48.048 0.1111110002
38269  14.308  -19.633  46.261 0.1111110002
39295  16.607  -18.417  48.050 0.1111110002
42483  15.374  -15.466  54.149 0.3333329856
39318  16.866  -19.078  47.573 0.1111110002
37357  16.936  -20.850  46.257 0.1111110002
42492  16.690  -15.397  51.701 0.3333329856
40411  13.722  -17.426  47.036 0.1111110002
43589  16.290  -14.331  49.762 0.3333329856
44757  16.931  -13.160  49.436 0.1111110002
43605  16.763  -14.123  48.855 0.1111110002
41448  16.360  -15.945  48.017 0.1111110002
42504  15.972  -15.148  49.505 0.3333329856
43590  15.812  -14.902  49.894 0.3333329856
43670  34.877  -14.796  42.599 0.3333329856
43669  35.312  -14.263  42.701 0.4444440007
44838  35.070  -13.475  41.601 0.2222220004
44881  34.255  -14.303  40.325 0.2222220004
43752  30.371  -14.646  39.306 0.1111110002
60048  46.402  -0.424  21.873 0.5555559993
59065  45.947  -0.238  21.172 0.5555559993
60058  46.773  0.039  21.566 0.5555559993
59029  44.505  -1.573  21.836 0.6666669846
57975  43.946  -2.434  21.567 0.7777780294
62020  44.377  2.142  18.539 0.1111110002
58001  42.410  -2.828  20.163 0.2222220004
111384  53.623  2.775  19.112 0.3333329856
60098  54.164  1.855  19.011 0.2222220004
55805  41.897  -3.642  20.274 0.3333329856
110612  39.417  -4.977  25.337 0.5555559993
38325  35.048  -18.517  43.154 0.1111110002
39389  35.548  -18.233  41.756 0.2222220004
110406  34.295  -18.182  41.293 0.1111110002
110419  32.985  -17.893  39.932 0.1111110002
39411  35.278  -18.288  40.824 0.2222220004
39444  34.607  -18.710  39.800 0.1111110002
110428  33.719  -18.899  38.780 0.1111110002
40545  33.070  -18.595  38.230 0.1111110002
39410  36.285  -17.983  41.058 0.2222220004
39434  35.682  -18.325  40.148 0.1111110002
38357  34.906  -18.975  39.067 0.2222220004
38358  34.379  -19.138  38.741 0.1111110002
39450  33.633  -19.333  38.351 0.1111110002
39433  36.607  -17.840  39.799 0.3333329856
39443  35.613  -18.501  39.116 0.2222220004
38364  34.931  -19.072  38.437 0.2222220004
39442  36.826  -17.578  38.326 0.3333329856
39409  37.373  -17.728  40.626 0.3333329856
39448  36.075  -17.940  37.457 0.2222220004
39449  35.604  -18.493  38.022 0.2222220004
39454  35.799  -18.018  37.170 0.2222220004
40544  35.482  -18.078  36.659 0.2222220004
39432  38.069  -17.235  39.293 0.3333329856
40527  36.672  -17.172  37.236 0.2222220004
40512  38.688  -16.555  38.300 0.4444440007
39441  37.986  -17.105  38.217 0.4444440007
110554  40.893  -14.277  35.634 0.5555559993
41589  36.362  -16.335  36.311 0.2222220004
110561  38.297  -14.175  34.960 0.3333329856
40513  37.961  -16.114  37.297 0.4444440007
110482  39.415  -16.288  38.315 0.5555559993
110485  39.489  -15.794  37.692 0.5555559993
110490  39.934  -15.389  37.248 0.5555559993
110496  39.538  -14.957  36.801 0.4444440007
49023  44.106  -10.831  32.230 0.5555559993
48041  41.196  -12.295  33.596 0.4444440007
47072  40.426  -12.840  34.536 0.3333329856
110581  43.186  -3.517  30.591 0.6666669846
110566  45.227  -3.395  32.854 0.5555559993
51183  41.750  -7.998  30.678 0.3333329856
51184  41.064  -8.172  30.134 0.2222220004
110576  43.447  -3.676  31.538 0.5555559993
110614  44.265  -3.299  29.309 0.5555559993
110578  42.214  -5.981  31.422 0.3333329856
110582  42.147  -5.549  30.562 0.3333329856
110580  43.191  -3.831  31.354 0.3333329856
54634  40.955  -6.162  22.632 0.4444440007
54633  41.489  -5.869  22.459 0.4444440007
63974  48.735  4.630  18.417 0.1111110002
64908  49.902  4.810  18.610 0.1111110002
64907  50.288  5.085  18.833 0.1111110002
64929  50.408  5.929  18.620 0.1111110002
64906  50.888  5.352  19.017 0.1111110002
64928  51.356  5.907  18.573 0.1111110002
65849  50.647  6.840  18.327 0.1111110002
64949  51.802  5.786  18.186 0.2222220004
65848  51.234  6.829  18.076 0.1111110002
65870  51.749  6.212  17.786 0.1111110002
65881  52.063  5.891  17.281 0.1111110002
73936  55.093  16.027  8.741 0.1111110002
73937  54.216  16.005  8.721 0.1111110002
42545  40.137  -16.305  45.478 0.5555559993
50072  40.792  -8.971  30.404 0.3333329856
54617  40.482  -5.819  23.028 0.5555559993
110583  42.479  -4.708  30.284 0.3333329856
42569  19.788  -15.597  45.506 0.2222220004
42570  19.516  -15.786  45.989 0.3333329856
41506  19.710  -16.315  45.903 0.3333329856
42590  20.270  -15.525  44.880 0.2222220004
40443  19.687  -16.719  46.308 0.2222220004
40409  18.940  -17.541  47.778 0.2222220004
43654  21.112  -14.688  43.902 0.2222220004
42589  20.793  -15.407  44.223 0.2222220004
40442  19.917  -17.172  45.970 0.1111110002
41505  20.075  -16.365  45.271 0.1111110002
41525  20.501  -16.337  44.393 0.1111110002
42613  21.441  -15.503  43.472 0.2222220004
41524  20.929  -16.000  43.846 0.1111110002
42556  19.413  -15.494  46.298 0.3333329856
41487  19.467  -16.189  46.527 0.3333329856
42555  19.504  -15.330  45.893 0.3333329856
43641  19.947  -14.959  45.155 0.3333329856
43630  19.606  -15.041  45.594 0.3333329856
43655  20.356  -14.721  44.596 0.2222220004
43679  21.837  -14.860  43.440 0.2222220004
42624  22.627  -15.907  42.678 0.2222220004
42612  22.290  -15.315  43.037 0.2222220004
42626  21.541  -16.033  43.071 0.2222220004
43631  19.271  -14.840  46.184 0.3333329856
41467  19.260  -16.378  47.505 0.3333329856
43678  22.619  -14.848  43.171 0.2222220004
42611  23.290  -15.554  42.913 0.1111110002
42610  24.242  -15.595  43.351 0.2222220004
41539  24.688  -16.372  43.641 0.2222220004
41540  23.989  -16.426  42.924 0.2222220004
42539  19.337  -15.412  46.955 0.3333329856
43656  19.900  -14.591  44.939 0.2222220004
43642  19.544  -14.677  45.306 0.3333329856
44810  20.460  -14.271  44.029 0.2222220004
44809  20.951  -14.388  43.665 0.2222220004
44824  20.646  -14.198  43.381 0.2222220004
44823  21.624  -14.343  43.306 0.1111110002
43677  23.898  -14.875  43.270 0.1111110002
44822  22.798  -14.507  42.869 0.1111110002
43652  24.536  -14.966  43.880 0.1111110002
42587  24.764  -15.426  44.184 0.2222220004
40454  24.958  -17.201  43.873 0.2222220004
39362  27.888  -17.854  44.435 0.3333329856
43618  19.278  -14.492  47.274 0.3333329856
44796  19.029  -14.408  45.562 0.2222220004
43653  24.685  -14.580  44.208 0.1111110002
44821  24.049  -14.138  43.349 0.3333329856
42568  24.749  -14.931  44.754 0.2222220004
42567  24.863  -15.322  45.408 0.2222220004
41504  25.265  -15.948  45.842 0.4444440007
41503  25.585  -16.625  45.498 0.3333329856
40406  28.305  -17.599  46.680 0.3333329856
40441  25.756  -17.133  45.165 0.3333329856
40423  28.240  -17.653  46.017 0.3333329856
40438  27.762  -17.594  45.413 0.3333329856
44784  18.943  -13.964  46.694 0.3333329856
44808  24.803  -14.058  44.818 0.3333329856
43627  24.414  -14.784  46.292 0.3333329856
42553  24.763  -15.279  46.577 0.3333329856
42552  25.384  -15.775  46.674 0.3333329856
43640  24.514  -14.510  45.657 0.3333329856
44782  23.940  -14.018  46.328 0.3333329856
44795  24.001  -13.675  46.377 0.3333329856
43628  23.846  -14.443  46.921 0.3333329856
43617  22.686  -13.708  48.126 0.3333329856
45918  25.103  -12.622  45.860 0.2222220004
42554  24.236  -14.858  47.231 0.4444440007
46929  25.356  -12.428  45.542 0.2222220004
45873  22.914  -12.510  48.848 0.3333329856
44774  22.759  -13.291  47.687 0.3333329856
44750  24.452  -13.428  49.882 0.3333329856
43587  23.290  -13.661  49.318 0.3333329856
45894  23.575  -12.751  47.310 0.3333329856
42513  25.026  -14.941  48.377 0.3333329856
46909  24.482  -12.323  47.079 0.3333329856
43625  31.581  -14.644  46.179 0.2222220004
46907  25.545  -11.425  46.560 0.2222220004
43638  31.768  -14.760  45.537 0.2222220004
44791  31.179  -14.115  45.595 0.1111110002
44803  31.360  -14.416  45.102 0.1111110002
44804  30.776  -13.998  44.930 0.1111110002
43651  29.510  -14.207  44.263 0.2222220004
110544  38.892  -13.077  32.559 0.1111110002
46892  23.788  -11.818  48.001 0.3333329856
45862  24.125  -12.752  50.094 0.3333329856
46881  24.417  -11.747  49.242 0.3333329856
46880  25.062  -11.897  49.494 0.3333329856
42583  40.506  -16.146  43.523 0.5555559993
42606  39.308  -16.325  42.023 0.5555559993
42584  39.287  -16.381  43.043 0.5555559993
42585  38.581  -16.385  43.371 0.3333329856
41548  39.448  -14.637  40.765 0.3333329856
41532  39.449  -15.889  41.434 0.2222220004
41533  38.900  -15.765  41.952 0.4444440007
110487  39.131  -13.801  40.238 0.3333329856
110488  39.366  -13.581  38.574 0.2222220004
110539  42.356  -13.829  33.362 0.4444440007
41547  39.909  -15.761  40.782 0.5555559993
110478  40.596  -14.492  39.888 0.5555559993
47059  39.780  -13.607  35.647 0.3333329856
42621  40.304  -16.352  41.029 0.5555559993
49016  44.682  -11.487  32.641 0.4444440007
58019  54.654  -1.254  20.563 0.1111110002
59055  56.563  -0.381  20.013 0.1111110002
49046  40.227  -9.943  30.647 0.1111110002
56838  48.533  -2.427  21.145 0.2222220004
56860  49.518  -1.994  20.393 0.2222220004
56837  49.681  -2.963  20.969 0.2222220004
58022  51.521  -1.323  20.467 0.1111110002
56859  50.620  -2.215  20.572 0.2222220004
58021  52.586  -1.209  20.428 0.1111110002
57995  52.094  -1.782  20.874 0.1111110002
59057  54.325  -0.428  19.965 0.1111110002
58020  53.593  -1.349  20.326 0.1111110002
57994  52.866  -1.878  20.980 0.1111110002
59056  55.381  -0.163  20.198 0.1111110002
111340  57.563  1.480  19.326 0.1111110002
56813  45.563  -2.627  22.400 0.4444440007
55766  45.903  -3.553  22.424 0.4444440007
56812  46.708  -2.481  22.115 0.4444440007
57997  47.586  -1.731  21.950 0.4444440007
54630  45.298  -4.286  22.929 0.4444440007
57996  48.019  -1.330  21.636 0.4444440007
56839  47.666  -2.246  21.738 0.3333329856
58024  49.443  -0.999  20.294 0.3333329856
56861  48.744  -1.521  20.719 0.3333329856
59060  51.233  -0.349  20.310 0.1111110002
58023  50.428  -1.225  20.240 0.2222220004
59059  52.277  -0.370  20.195 0.1111110002
59083  53.996  0.332  19.394 0.1111110002
59058  53.260  -0.525  19.873 0.1111110002
60080  55.209  1.801  20.259 0.2222220004
59082  54.905  0.784  20.048 0.1111110002
57972  46.250  -1.584  22.298 0.4444440007
57970  47.721  -1.103  22.138 0.4444440007
57971  47.305  -1.402  22.237 0.4444440007
53453  43.179  -5.906  22.727 0.3333329856
59025  47.696  -0.689  22.143 0.4444440007
54613  44.885  -4.981  23.113 0.3333329856
58025  48.658  -0.717  20.764 0.4444440007
59062  49.357  -0.116  20.378 0.2222220004
59061  50.217  -0.296  20.341 0.2222220004
60065  50.906  0.473  20.561 0.1111110002
59084  52.953  0.334  19.627 0.2222220004
60064  52.079  0.721  20.114 0.2222220004
60081  54.542  1.577  19.511 0.2222220004
53455  40.117  -6.210  23.475 0.3333329856
110634  39.487  -6.564  24.161 0.3333329856
59026  46.839  -0.541  22.313 0.4444440007
53473  40.946  -6.169  22.465 0.3333329856
54632  42.031  -5.815  22.395 0.3333329856
59063  48.614  0.041  20.617 0.4444440007
59040  48.166  -0.347  21.431 0.4444440007
60055  50.585  1.031  21.125 0.3333329856
60066  50.027  0.477  20.691 0.3333329856
59064  48.051  0.194  20.998 0.4444440007
66867  52.761  7.774  12.203 0.1111110002
67741  52.338  8.483  11.770 0.1111110002
40428  19.508  -17.205  46.847 0.2222220004
39317  18.527  -17.788  48.405 0.2222220004
39342  19.360  -18.460  47.383 0.2222220004
40440  26.311  -17.317  45.374 0.3333329856
42565  39.792  -16.107  44.473 0.5555559993
40452  25.970  -17.522  44.649 0.3333329856
44760  25.474  -13.641  49.380 0.3333329856
41486  25.314  -15.830  46.380 0.4444440007
41555  39.125  -14.027  40.986 0.2222220004
60049  46.115  -0.532  21.742 0.4444440007
40427  19.691  -17.992  46.521 0.2222220004
42625  21.939  -15.868  42.785 0.2222220004
43676  24.409  -15.184  43.638 0.2222220004
44811  19.602  -14.249  44.619 0.2222220004
42588  24.661  -14.979  44.273 0.2222220004
41523  25.169  -16.373  44.743 0.2222220004
44775  19.234  -13.608  47.711 0.3333329856
44794  24.398  -13.857  45.871 0.3333329856
45919  24.750  -13.342  45.660 0.3333329856
43616  23.205  -14.234  48.019 0.3333329856
42537  24.557  -15.045  47.606 0.3333329856
42514  24.161  -14.567  48.267 0.4444440007
110537  37.478  -13.548  32.825 0.1111110002
55785  47.915  -3.093  21.890 0.3333329856
56858  51.465  -2.153  20.973 0.1111110002
56836  50.891  -3.018  21.577 0.2222220004
56811  47.294  -2.022  22.001 0.4444440007
55786  47.284  -2.782  21.902 0.3333329856
60082  53.496  1.188  19.182 0.2222220004
59081  56.320  1.585  19.978 0.1111110002
53452  43.916  -5.999  22.933 0.2222220004
59041  47.545  0.030  21.706 0.4444440007
110536  43.151  -13.305  32.336 0.3333329856
110535  44.079  -12.992  32.234 0.3333329856
53382  52.881  -5.474  28.952 0.1111110002
53373  53.086  -5.439  29.482 0.1111110002
53407  51.992  -6.197  26.266 0.1111110002
53418  51.410  -5.876  25.166 0.1111110002
53393  52.482  -5.621  27.653 0.1111110002
53394  52.131  -5.985  27.139 0.1111110002
52328  51.271  -6.799  25.951 0.1111110002
52341  50.645  -6.449  25.283 0.1111110002
54552  52.848  -5.293  28.207 0.1111110002
54543  52.880  -5.362  28.636 0.1111110002
52329  50.243  -7.052  25.978 0.1111110002
52342  49.802  -6.451  25.237 0.1111110002
53417  52.254  -5.707  25.714 0.1111110002
53406  52.559  -5.493  26.753 0.1111110002
53419  50.318  -5.585  24.913 0.1111110002
53420  49.473  -5.752  24.818 0.1111110002
53432  50.827  -5.144  24.859 0.1111110002
54579  49.867  -5.244  24.758 0.1111110002
54592  49.612  -4.884  24.391 0.1111110002
54577  51.983  -5.540  25.065 0.1111110002
54564  52.843  -5.227  27.550 0.1111110002
53434  49.022  -5.611  24.490 0.1111110002
53436  47.782  -5.868  24.339 0.1111110002
53437  47.195  -5.873  24.125 0.1111110002
54590  51.633  -4.932  24.563 0.1111110002
53421  48.699  -6.044  24.888 0.1111110002
54563  53.145  -4.868  27.114 0.1111110002
55731  50.190  -4.219  24.191 0.1111110002
54608  49.592  -4.547  23.919 0.1111110002
54609  49.103  -4.834  23.521 0.1111110002
54628  47.156  -4.751  23.008 0.1111110002
47093  42.373  -11.831  30.167 0.2222220004
54591  50.500  -4.653  24.652 0.1111110002
54593  48.757  -5.391  24.073 0.1111110002
54611  47.246  -5.149  23.621 0.1111110002
53469  46.755  -5.065  23.214 0.1111110002
54594  48.217  -5.585  24.146 0.1111110002
53448  47.338  -5.465  23.928 0.1111110002
53449  46.762  -5.503  23.511 0.1111110002
55765  46.989  -3.658  22.189 0.1111110002
54629  46.136  -4.569  22.628 0.1111110002
54626  48.953  -4.588  22.919 0.1111110002
54627  48.344  -4.649  22.924 0.1111110002
55732  49.784  -4.389  24.069 0.1111110002
55747  49.388  -4.484  22.956 0.1111110002
53470  46.498  -5.091  23.003 0.1111110002
55746  49.914  -4.305  23.505 0.1111110002
55761  50.538  -3.941  22.932 0.1111110002
53450  45.754  -5.499  22.961 0.2222220004
55730  50.925  -4.187  24.263 0.1111110002
55745  50.756  -3.880  23.603 0.1111110002
55764  47.978  -4.160  22.095 0.1111110002
54612  45.518  -4.834  22.930 0.2222220004
53451  44.666  -5.798  23.054 0.2222220004
55763  49.015  -4.284  22.327 0.1111110002
55762  49.872  -4.140  22.601 0.1111110002
55784  48.770  -3.540  21.550 0.1111110002
55783  49.800  -3.704  21.794 0.1111110002
56810  50.998  -3.496  22.557 0.1111110002
55782  50.451  -3.706  22.259 0.1111110002
52372  43.007  -6.386  22.436 0.1111110002
53472  41.789  -6.128  22.215 0.2222220004
53471  42.469  -6.034  22.420 0.2222220004
52389  40.511  -6.744  22.644 0.1111110002
52387  42.436  -6.647  21.904 0.1111110002
51268  39.756  -7.366  23.214 0.1111110002
51269  39.396  -7.736  23.299 0.1111110002
50148  39.041  -8.411  24.411 0.1111110002
51285  39.690  -7.844  22.740 0.1111110002
49071  41.705  -9.469  28.252 0.2222220004
48113  40.868  -10.030  27.532 0.2222220004
49091  40.005  -9.800  26.439 0.2222220004
52373  39.860  -6.985  23.464 0.1111110002
52374  39.522  -7.283  23.594 0.1111110002
49072  41.125  -9.265  27.713 0.2222220004
49090  40.539  -9.347  27.118 0.2222220004
110638  39.279  -7.888  25.775 0.1111110002
50118  40.000  -8.814  26.476 0.2222220004
110639  39.142  -7.210  24.332 0.1111110002
60067  49.331  0.791  20.476 0.2222220004
60057  49.578  1.349  20.895 0.2222220004
60056  49.852  1.115  21.192 0.2222220004
61024  51.340  1.338  20.747 0.2222220004
62981  55.916  3.253  17.526 0.2222220004
62072  54.236  2.715  14.712 0.2222220004
62045  55.617  2.277  16.907 0.2222220004
62062  54.963  1.801  15.787 0.2222220004
62063  54.035  2.460  15.443 0.2222220004
64018  53.469  4.133  14.327 0.2222220004
64021  53.931  4.408  13.520 0.2222220004
64999  53.809  5.334  13.250 0.1111110002
60083  52.820  0.960  19.528 0.2222220004
62046  54.707  2.199  16.780 0.2222220004
62967  56.887  3.932  17.505 0.1111110002
63970  56.669  4.803  18.456 0.1111110002
63940  57.794  4.098  20.485 0.1111110002
111353  57.246  2.863  20.047 0.1111110002
62047  53.747  2.369  16.673 0.2222220004
62061  55.410  1.956  16.322 0.2222220004
63008  53.569  3.284  14.974 0.2222220004
64993  53.471  5.121  14.004 0.2222220004
66856  52.027  7.590  12.791 0.1111110002
111367  54.212  2.439  19.361 0.2222220004
111361  54.901  2.043  20.235 0.1111110002
61022  55.499  2.619  20.883 0.1111110002
111382  55.793  3.706  17.839 0.2222220004
64926  56.409  5.412  19.763 0.1111110002
64905  57.209  5.516  20.284 0.1111110002
62948  55.588  3.434  21.596 0.1111110002
64925  57.591  5.412  19.472 0.1111110002
64887  57.714  4.656  20.643 0.1111110002
111349  57.633  3.531  20.275 0.1111110002
62994  53.240  3.264  15.950 0.2222220004
65909  53.144  5.610  14.235 0.1111110002
65910  52.623  5.980  14.223 0.1111110002
65919  53.248  5.946  13.736 0.1111110002
65920  52.244  6.557  13.386 0.1111110002
65928  53.480  6.310  12.850 0.1111110002
65929  52.770  7.038  12.693 0.1111110002
111362  54.609  2.536  20.361 0.1111110002
111360  54.891  2.828  21.324 0.1111110002
111381  54.005  2.597  18.431 0.2222220004
111373  55.446  3.934  18.224 0.2222220004
111374  55.465  4.698  18.644 0.1111110002
111385  55.554  5.098  19.191 0.1111110002
64880  56.325  5.046  21.952 0.1111110002
62938  55.922  4.031  21.909 0.1111110002
62033  53.204  2.944  17.436 0.2222220004
63941  56.660  3.855  20.988 0.1111110002
62048  53.142  3.121  16.778 0.2222220004
64009  52.870  4.258  15.339 0.2222220004
63997  52.730  3.946  16.006 0.2222220004
62995  52.858  3.638  16.476 0.2222220004
64985  51.034  5.536  14.414 0.1111110002
64983  52.957  5.196  14.809 0.1111110002
64984  52.088  5.869  14.822 0.1111110002
65911  51.763  6.002  14.037 0.1111110002
111376  52.926  2.617  19.045 0.2222220004
111380  53.815  3.661  19.446 0.2222220004
111379  53.070  2.989  19.329 0.2222220004
111375  54.154  4.857  21.149 0.2222220004
111363  54.482  3.052  20.866 0.1111110002
62949  55.130  3.375  21.850 0.1111110002
111372  54.535  4.467  19.060 0.2222220004
111387  53.896  4.590  20.074 0.2222220004
111365  55.396  4.476  22.157 0.1111110002
64968  51.378  5.734  15.296 0.1111110002
64010  52.555  4.408  15.873 0.2222220004
64967  52.296  5.204  15.729 0.1111110002
64966  52.699  4.886  15.280 0.1111110002
63957  50.821  4.615  19.462 0.2222220004
63942  52.156  3.859  19.337 0.2222220004
63971  52.068  4.719  18.432 0.2222220004
62968  52.756  3.640  18.079 0.2222220004
63986  52.354  4.437  17.484 0.2222220004
62982  52.785  3.604  17.137 0.2222220004
63998  52.524  4.320  16.503 0.2222220004
65895  51.532  6.323  16.076 0.1111110002
65894  52.046  5.862  16.576 0.1111110002
63956  51.475  4.951  18.932 0.2222220004
63972  51.680  5.263  18.629 0.1111110002
47092  42.746  -11.481  30.831 0.2222220004
50102  41.453  -8.722  27.880 0.2222220004
61015  50.931  1.563  21.277 0.2222220004
48021  44.449  -11.951  32.523 0.3333329856
53433  50.417  -5.018  24.838 0.1111110002
52343  48.948  -6.388  25.374 0.1111110002
54578  50.110  -4.983  24.799 0.1111110002
53416  52.731  -5.364  26.029 0.1111110002
53435  48.430  -5.799  24.464 0.1111110002
54610  47.965  -5.233  23.689 0.1111110002
56793  50.938  -3.728  23.072 0.1111110002
56835  52.045  -2.272  21.672 0.1111110002
52388  41.323  -6.678  21.965 0.1111110002
51283  40.787  -7.069  22.203 0.1111110002
50161  38.822  -8.442  23.282 0.1111110002
49132  39.035  -9.539  24.469 0.1111110002
110632  39.469  -9.374  25.560 0.2222220004
63015  54.105  3.277  14.300 0.2222220004
64904  58.090  5.207  20.078 0.1111110002
111369  55.278  5.074  21.491 0.1111110002
111388  53.933  3.462  20.491 0.2222220004
111368  54.184  4.293  21.855 0.1111110002
38224  18.090  -20.077  51.754 0.1111110002
36418  20.142  -20.917  52.447 0.2222220004
37317  19.348  -20.388  52.739 0.2222220004
37318  18.580  -20.638  52.862 0.1111110002
38220  18.207  -19.918  52.269 0.1111110002
38215  18.531  -19.598  52.957 0.1111110002
36426  18.074  -21.397  50.886 0.1111110002
37336  18.472  -21.079  49.454 0.1111110002
37326  18.411  -20.833  50.037 0.1111110002
38221  17.605  -19.387  52.370 0.1111110002
38225  17.614  -19.499  51.256 0.1111110002
37323  17.931  -19.802  50.602 0.1111110002
37316  20.117  -20.013  52.457 0.2222220004
38229  17.721  -19.373  50.050 0.1111110002
38211  18.337  -18.880  53.550 0.1111110002
38216  17.595  -18.988  53.205 0.1111110002
38214  19.552  -19.400  52.734 0.2222220004
38210  18.966  -19.021  53.305 0.1111110002
39274  16.651  -18.276  52.720 0.1111110002
39270  17.323  -18.562  53.924 0.1111110002
38222  17.065  -18.850  52.465 0.1111110002
39276  19.616  -18.683  52.136 0.2222220004
39272  19.267  -18.534  53.075 0.2222220004
39281  17.322  -18.770  50.256 0.1111110002
39282  16.951  -18.596  50.976 0.1111110002
39275  19.961  -19.199  51.966 0.2222220004
40362  16.143  -17.511  53.065 0.1111110002
41412  18.650  -17.232  54.520 0.2222220004
40354  17.683  -17.581  55.175 0.2222220004
39267  16.802  -18.026  54.247 0.2222220004
40364  19.198  -17.593  51.665 0.2222220004
40361  19.203  -17.799  52.708 0.2222220004
40357  19.050  -17.801  53.666 0.2222220004
39279  19.637  -18.453  51.175 0.2222220004
41430  18.318  -16.593  50.935 0.2222220004
42470  18.057  -15.789  55.412 0.2222220004
41405  17.300  -16.472  56.032 0.2222220004
40355  16.664  -17.358  54.883 0.2222220004
41425  18.589  -16.677  51.827 0.2222220004
41421  18.516  -16.533  52.835 0.2222220004
41436  18.388  -16.472  50.026 0.2222220004
40365  18.698  -17.099  51.308 0.2222220004
41424  18.932  -17.118  52.455 0.2222220004
39285  18.799  -18.201  50.055 0.2222220004
42485  17.884  -16.127  52.252 0.2222220004
42480  17.865  -15.968  53.365 0.2222220004
41411  14.949  -16.076  54.825 0.2222220004
40375  18.414  -17.317  49.637 0.2222220004
40410  18.729  -17.338  48.220 0.2222220004
42486  17.202  -15.636  52.671 0.2222220004
42487  16.390  -15.423  53.060 0.2222220004
42490  18.024  -15.959  51.262 0.2222220004
42496  18.248  -15.550  50.367 0.2222220004
41446  19.067  -16.257  48.371 0.2222220004
41447  18.709  -16.361  49.145 0.2222220004
40387  18.931  -16.917  48.095 0.2222220004
45854  17.763  -12.376  50.883 0.2222220004
44733  17.028  -13.237  50.973 0.2222220004
43574  17.147  -14.504  51.098 0.2222220004
44731  18.808  -12.809  51.005 0.2222220004
44732  17.747  -13.371  50.759 0.2222220004
44755  18.711  -13.674  49.462 0.2222220004
44742  18.412  -13.519  50.391 0.2222220004
43579  17.654  -14.318  50.637 0.2222220004
42491  17.354  -15.455  51.398 0.2222220004
42516  19.354  -15.224  47.999 0.2222220004
43603  18.850  -14.462  48.864 0.2222220004
43588  18.397  -14.538  49.764 0.2222220004
42497  17.833  -15.198  50.775 0.2222220004
42517  18.974  -15.550  48.756 0.2222220004
42503  18.618  -15.486  49.469 0.2222220004
44844  22.871  -14.019  42.371 0.1111110002
46869  19.087  -12.035  51.093 0.2222220004
45866  17.160  -12.629  49.985 0.1111110002
44825  19.770  -14.082  43.588 0.1111110002
45874  19.203  -11.980  50.662 0.2222220004
45876  18.773  -12.024  49.208 0.2222220004
43602  19.280  -14.181  48.127 0.2222220004
44762  19.077  -13.346  48.862 0.2222220004
45883  18.909  -12.637  48.883 0.2222220004
45895  19.107  -12.883  48.092 0.2222220004
46878  17.938  -11.632  50.029 0.1111110002
45885  17.999  -12.795  47.948 0.1111110002
45896  18.643  -12.879  47.616 0.1111110002
44797  18.486  -14.205  45.792 0.1111110002
44812  18.583  -14.159  44.798 0.1111110002
45929  24.977  -13.702  44.199 0.1111110002
44826  18.773  -13.993  43.796 0.1111110002
45936  24.383  -13.508  43.167 0.1111110002
44847  19.955  -14.223  42.628 0.1111110002
45928  25.292  -12.837  44.874 0.1111110002
39358  32.275  -18.222  45.230 0.1111110002
40447  32.308  -17.755  44.637 0.1111110002
40448  31.419  -17.588  44.513 0.1111110002
40462  31.154  -17.666  43.552 0.1111110002
46898  24.630  -11.723  47.572 0.2222220004
40463  30.578  -17.932  43.857 0.1111110002
39378  27.369  -18.251  43.453 0.1111110002
39375  30.293  -18.095  43.269 0.1111110002
38326  27.136  -19.057  42.488 0.1111110002
39392  30.454  -18.065  42.330 0.1111110002
39414  29.781  -18.089  41.629 0.1111110002
39395  27.575  -18.660  42.670 0.1111110002
38347  27.273  -19.046  42.250 0.1111110002
47885  25.410  -11.310  47.927 0.2222220004
47895  25.578  -11.198  46.882 0.2222220004
40437  30.745  -17.817  44.791 0.1111110002
39360  30.063  -18.110  44.380 0.1111110002
39393  29.525  -18.307  42.479 0.1111110002
39377  28.262  -18.248  43.481 0.1111110002
39415  28.790  -18.447  41.720 0.1111110002
39416  27.535  -18.724  41.801 0.1111110002
40481  29.063  -18.056  40.925 0.1111110002
47883  26.330  -11.161  48.052 0.2222220004
47887  26.379  -10.859  47.411 0.2222220004
47886  27.015  -11.077  47.466 0.2222220004
39351  29.400  -18.094  45.404 0.1111110002
39352  28.544  -17.807  45.351 0.1111110002
39361  28.916  -18.060  44.426 0.1111110002
39376  29.270  -18.280  43.434 0.1111110002
39394  28.506  -18.501  42.579 0.1111110002
40497  28.551  -17.746  40.747 0.1111110002
40482  28.182  -18.041  41.231 0.1111110002
40483  27.341  -17.975  41.320 0.1111110002
44972  39.616  -13.108  32.066 0.1111110002
46063  40.542  -13.025  32.052 0.1111110002
46081  40.316  -13.002  30.987 0.1111110002
49024  42.744  -12.328  31.908 0.1111110002
47094  41.911  -12.499  30.900 0.1111110002
46062  40.996  -12.633  30.931 0.1111110002
46080  40.919  -12.727  30.146 0.1111110002
44986  39.676  -13.442  30.253 0.1111110002
44996  39.827  -13.619  29.211 0.1111110002
46079  41.864  -12.408  30.155 0.1111110002
44985  40.418  -13.167  29.526 0.1111110002
44995  40.483  -13.206  28.804 0.1111110002
45008  39.884  -13.705  28.411 0.1111110002
45021  39.792  -13.642  27.649 0.1111110002
43830  39.500  -14.420  28.047 0.1111110002
46098  41.070  -12.744  29.212 0.1111110002
45036  39.459  -13.238  26.722 0.1111110002
46151  38.967  -12.382  25.428 0.1111110002
110631  39.366  -10.119  25.077 0.1111110002
47191  39.117  -11.185  24.847 0.1111110002
46078  42.174  -12.169  30.039 0.1111110002
46096  42.165  -12.115  29.779 0.1111110002
46097  41.683  -12.393  29.553 0.1111110002
46109  41.678  -12.168  28.817 0.1111110002
46110  40.981  -12.636  28.497 0.1111110002
45020  40.184  -12.945  27.384 0.1111110002
45035  39.954  -12.701  27.011 0.1111110002
46135  39.878  -12.285  26.657 0.1111110002
47161  39.865  -11.600  26.099 0.1111110002
45049  39.184  -12.847  25.982 0.1111110002
110629  39.627  -10.358  25.628 0.1111110002
47174  39.402  -11.602  25.438 0.1111110002
46150  39.494  -12.351  26.036 0.1111110002
110630  39.739  -10.066  25.998 0.1111110002
48126  39.746  -11.029  25.677 0.1111110002
48141  39.439  -10.810  25.184 0.1111110002
46108  42.155  -12.016  29.272 0.1111110002
46120  41.248  -12.073  28.315 0.1111110002
46121  40.695  -12.339  27.891 0.1111110002
46134  40.218  -12.227  27.256 0.1111110002
47152  40.593  -11.454  27.591 0.1111110002
44843  23.762  -13.687  42.349 0.1111110002
40436  31.128  -17.838  45.185 0.1111110002
47882  26.866  -11.457  48.082 0.2222220004
40363  15.555  -16.908  53.533 0.2222220004
40359  16.203  -17.493  53.949 0.1111110002
39277  16.675  -18.323  51.761 0.1111110002
43569  16.849  -14.720  55.311 0.2222220004
42481  17.178  -15.040  53.900 0.2222220004
38226  17.096  -19.000  51.765 0.1111110002
37327  18.100  -20.064  49.938 0.1111110002
39269  18.155  -18.401  54.276 0.1111110002
38217  17.069  -18.731  52.927 0.1111110002
39271  16.657  -18.143  53.551 0.1111110002
40358  18.789  -18.022  54.249 0.1111110002
41420  18.811  -17.151  53.252 0.2222220004
40369  18.694  -17.476  50.713 0.2222220004
40388  18.614  -17.135  48.691 0.2222220004
44743  17.908  -13.704  50.543 0.2222220004
44763  18.852  -13.803  49.013 0.2222220004
43578  18.053  -14.614  50.333 0.2222220004
40472  31.305  -17.664  42.911 0.1111110002
44978  39.432  -13.242  31.532 0.1111110002
45007  40.420  -13.139  28.068 0.1111110002
47175  38.931  -11.711  24.932 0.1111110002
47151  41.044  -11.701  28.072 0.1111110002
110611  38.904  -5.205  24.228 0.2222220004
43648  32.574  -15.476  44.529 0.1111110002
43649  31.609  -15.032  44.294 0.1111110002
46918  25.732  -11.586  46.122 0.1111110002
45925  27.346  -12.427  45.226 0.1111110002
43650  30.180  -14.417  44.216 0.1111110002
45924  28.462  -12.727  45.424 0.1111110002
47893  26.881  -10.861  46.787 0.1111110002
46916  27.232  -11.421  46.039 0.1111110002
46917  26.416  -11.317  45.922 0.1111110002
46926  26.726  -11.800  45.500 0.1111110002
110628  38.950  -6.956  25.221 0.1111110002
110636  39.890  -6.763  26.206 0.1111110002
110635  38.499  -4.985  24.568 0.1111110002
56796  39.002  -4.615  22.989 0.1111110002
56797  38.728  -4.550  22.510 0.1111110002
56820  38.802  -4.413  22.111 0.1111110002
56846  38.742  -3.782  21.325 0.1111110002
41522  25.462  -16.878  44.998 0.2222220004
39366  25.260  -17.562  43.840 0.2222220004
58002  39.437  -3.025  20.762 0.1111110002
50119  39.014  -7.973  25.976 0.1111110002
61072  56.387  1.702  16.317 0.1111110002
61082  57.118  1.535  15.299 0.1111110002
111400  56.962  1.871  15.307 0.1111110002
111438  58.317  3.257  14.227 0.1111110002
62070  58.748  1.966  14.228 0.1111110002
61084  56.077  1.762  15.816 0.1111110002
111409  57.382  2.247  14.774 0.1111110002
111443  55.631  3.701  9.722 0.1111110002
62071  54.959  2.176  14.687 0.1111110002
61085  56.456  2.430  14.847 0.1111110002
111408  56.925  3.433  14.033 0.1111110002
111405  56.625  2.887  14.250 0.1111110002
111432  56.795  4.139  13.571 0.1111110002
64020  54.790  3.634  13.067 0.1111110002
111425  55.216  3.353  12.606 0.1111110002
111423  54.946  3.728  12.220 0.1111110002
64030  55.038  4.232  11.338 0.1111110002
64039  55.476  3.944  10.383 0.1111110002
111441  55.806  3.490  9.243 0.1111110002
63014  54.719  2.733  14.228 0.1111110002
63017  54.656  3.152  13.790 0.1111110002
64024  54.524  4.285  12.486 0.1111110002
64027  54.455  4.678  11.944 0.1111110002
65006  54.997  4.817  10.402 0.1111110002
111442  55.356  4.442  10.030 0.1111110002
65012  55.491  4.468  9.379 0.1111110002
65038  55.667  4.317  8.583 0.1111110002
64080  55.555  4.089  8.279 0.1111110002
65948  54.542  5.282  8.625 0.1111110002
64081  55.129  4.130  8.091 0.1111110002
63018  54.132  3.697  13.774 0.1111110002
64025  54.273  4.657  12.874 0.1111110002
64028  54.327  4.761  12.418 0.1111110002
65932  54.232  5.619  11.369 0.1111110002
65004  54.524  5.093  11.249 0.1111110002
65938  54.632  5.622  9.740 0.1111110002
65940  54.948  5.253  8.987 0.1111110002
65040  54.524  4.801  8.333 0.1111110002
65975  54.461  6.821  6.496 0.1111110002
65041  53.863  5.523  8.268 0.1111110002
65950  53.713  6.266  7.490 0.1111110002
65042  53.256  5.760  8.013 0.1111110002
65002  54.079  5.348  12.388 0.1111110002
65933  53.878  6.169  11.717 0.1111110002
65935  54.329  5.770  10.810 0.1111110002
66874  54.178  6.410  10.308 0.1111110002
66878  54.172  6.693  9.579 0.1111110002
65941  54.421  5.997  8.906 0.1111110002
65949  54.355  6.146  7.957 0.1111110002
65998  54.788  6.943  5.643 0.1111110002
65951  52.761  6.226  7.492 0.1111110002
65943  52.134  6.030  8.189 0.1111110002
66899  54.838  7.409  6.476 0.1111110002
65976  53.431  6.646  6.473 0.1111110002
66882  54.205  7.160  8.603 0.1111110002
66886  54.440  7.470  7.359 0.1111110002
65977  52.315  6.721  6.553 0.1111110002
66001  51.838  7.137  5.755 0.1111110002
66919  51.582  7.325  5.223 0.1111110002
67770  55.036  7.606  6.153 0.1111110002
66916  54.754  6.957  5.024 0.1111110002
66000  52.915  7.049  5.578 0.1111110002
66918  52.190  7.470  5.126 0.1111110002
67771  54.737  8.282  6.418 0.1111110002
67785  55.168  7.749  5.691 0.1111110002
65999  54.098  6.856  5.327 0.1111110002
67786  55.135  8.547  5.406 0.1111110002
67794  55.305  7.903  5.041 0.1111110002
66915  55.183  7.250  5.129 0.1111110002
67759  54.008  8.703  7.529 0.1111110002
66015  53.462  7.124  4.923 0.1111110002
66931  53.353  7.497  4.330 0.1111110002
66930  54.510  7.515  4.280 0.1111110002
66943  53.517  8.000  3.630 0.1111110002
67795  55.243  8.457  4.424 0.1111110002
68644  55.019  9.496  4.944 0.1111110002
68624  54.321  9.525  6.858 0.1111110002
69471  54.335  10.457  6.298 0.1111110002
70347  54.089  11.559  6.668 0.1111110002
68634  54.720  9.444  5.897 0.1111110002
70354  54.451  11.398  5.811 0.1111110002
66942  54.125  8.181  3.531 0.1111110002
67803  54.646  8.703  3.451 0.1111110002
71205  54.600  12.435  6.128 0.1111110002
69480  54.595  10.414  5.419 0.1111110002
69488  54.661  10.472  4.600 0.1111110002
69494  54.418  10.589  3.917 0.1111110002
70367  54.686  11.586  4.376 0.1111110002
70366  55.048  12.184  4.008 0.1111110002
71230  55.388  12.788  3.941 0.1111110002
71219  54.784  11.964  4.819 0.1111110002
72115  55.813  13.332  4.310 0.1111110002
72114  56.313  13.497  4.844 0.1111110002
61073  55.874  1.990  16.315 0.1111110002
61083  56.700  1.528  15.691 0.1111110002
111399  57.193  3.177  14.386 0.1111110002
111406  55.808  2.765  13.758 0.1111110002
111426  55.882  3.423  12.654 0.1111110002
63079  55.875  3.616  8.472 0.1111110002
65001  54.207  5.386  11.719 0.1111110002
65936  53.996  6.631  10.979 0.1111110002
66898  55.035  7.139  5.950 0.1111110002
65952  51.609  6.340  7.463 0.1111110002
66917  52.876  7.363  4.868 0.1111110002
66932  52.367  7.717  4.405 0.1111110002
65978  51.242  6.723  6.452 0.1111110002
66014  53.899  7.086  4.626 0.1111110002
66929  55.210  7.696  4.639 0.1111110002
68652  54.916  9.583  4.025 0.1111110002
70360  54.610  11.333  5.038 0.1111110002
71218  55.303  12.667  4.701 0.1111110002
36420  18.245  -21.663  53.172 0.1111110002
38213  20.028  -19.579  52.383 0.1111110002
39278  20.023  -19.125  51.549 0.1111110002
39283  20.088  -19.083  50.894 0.1111110002
40368  19.216  -17.927  51.070 0.1111110002
39280  19.211  -18.171  50.681 0.1111110002
38266  19.550  -19.482  47.352 0.1111110002
38250  19.423  -19.492  48.308 0.1111110002
38234  20.307  -19.813  49.718 0.1111110002
39316  18.885  -18.661  48.501 0.1111110002
39292  19.238  -18.751  49.534 0.1111110002
39341  19.756  -18.746  46.721 0.1111110002
39382  24.072  -18.338  42.767 0.1111110002
40464  24.469  -17.306  43.075 0.1111110002
41552  22.363  -16.568  42.451 0.1111110002
40465  23.717  -17.418  42.584 0.1111110002
41551  23.186  -16.508  42.527 0.1111110002
38374  34.481  -19.807  37.721 0.1111110002
39455  35.409  -18.420  37.139 0.1111110002
38378  34.808  -19.422  36.798 0.1111110002
40564  35.495  -17.606  36.151 0.1111110002
40543  35.890  -17.609  36.855 0.1111110002
110504  35.621  -15.061  35.045 0.1111110002
110520  36.482  -14.236  33.710 0.1111110002
45907  19.052  -13.203  47.350 0.1111110002
38373  34.787  -19.314  37.593 0.1111110002
39460  35.110  -18.572  36.461 0.1111110002
40563  35.899  -17.197  36.462 0.1111110002
38218  20.270  -19.568  51.995 0.1111110002
39293  18.370  -18.131  49.146 0.1111110002
37319  20.650  -20.245  51.920 0.1111110002
37324  20.465  -20.392  49.938 0.1111110002
38227  20.329  -19.517  50.251 0.1111110002
37346  19.526  -20.349  48.165 0.1111110002
37335  19.984  -20.281  49.124 0.1111110002
41604  35.491  -16.647  35.507 0.1111110002
36442  18.407  -21.297  49.184 0.1111110002
37334  20.257  -19.958  49.490 0.1111110002
37378  41.572  -19.593  43.144 0.6666669846
37395  41.114  -19.473  42.640 0.6666669846
38212  17.851  -18.820  53.808 0.1111110002
38219  19.928  -19.304  52.246 0.2222220004
38223  20.469  -19.630  51.269 0.1111110002
38230  11.156  -19.297  49.237 0.1111110002
38237  13.394  -19.453  48.073 0.1111110002
38264  37.610  -19.407  46.320 0.4444440007
38273  41.208  -19.019  44.799 0.6666669846
38276  38.573  -19.633  45.800 0.5555559993
38277  37.977  -19.536  45.943 0.4444440007
38299  41.798  -19.385  42.413 0.6666669846
38318  43.149  -17.938  41.592 0.7777780294
39265  17.931  -17.950  54.767 0.2222220004
39266  17.428  -18.042  54.606 0.2222220004
39268  18.865  -18.501  53.770 0.1111110002
39273  17.036  -18.607  53.283 0.1111110002
39289  10.745  -18.908  49.111 0.1111110002
39290  37.243  -17.832  48.272 0.4444440007
39330  41.545  -18.179  45.649 0.6666669846
39345  41.135  -18.600  45.225 0.6666669846
40346  17.920  -16.969  56.068 0.2222220004
40347  17.623  -16.752  56.002 0.2222220004
40348  18.150  -17.196  55.648 0.2222220004
40349  17.390  -17.004  55.728 0.2222220004
40350  16.540  -16.717  55.432 0.2222220004
40351  16.040  -16.435  55.276 0.2222220004
40352  18.789  -17.557  54.279 0.2222220004
40353  18.390  -17.603  54.786 0.2222220004
40356  15.878  -16.639  54.959 0.2222220004
40360  15.663  -16.840  54.335 0.2222220004
40373  36.835  -16.962  48.965 0.5555559993
40374  36.389  -16.848  49.136 0.5555559993
40385  37.072  -17.319  48.591 0.4444440007
40422  40.179  -17.419  46.663 0.6666669846
40449  30.785  -17.793  44.223 0.1111110002
40453  25.435  -17.227  44.478 0.2222220004
40458  42.586  -16.793  43.378 0.7777780294
40459  42.352  -17.164  43.711 0.6666669846
41404  17.651  -16.540  56.051 0.2222220004
41406  16.880  -16.227  55.970 0.2222220004
41407  18.103  -16.550  55.831 0.2222220004
41408  16.949  -16.530  55.807 0.2222220004
41409  16.305  -16.224  55.587 0.2222220004
41410  15.487  -16.191  55.123 0.2222220004
41413  18.462  -16.687  54.885 0.2222220004
41414  15.168  -16.327  54.615 0.2222220004
41415  14.744  -16.081  54.425 0.2222220004
41416  18.748  -17.142  54.087 0.2222220004
41417  18.479  -16.491  53.823 0.2222220004
41418  15.043  -16.372  54.017 0.2222220004
41419  14.749  -16.024  53.879 0.3333329856
41422  15.292  -16.240  53.190 0.3333329856
41428  35.491  -16.130  50.062 0.5555559993
41429  35.681  -16.063  49.786 0.5555559993
41433  36.634  -16.623  48.977 0.5555559993
41434  36.261  -16.272  49.108 0.5555559993
41435  35.908  -15.984  49.502 0.5555559993
41443  37.371  -17.012  48.257 0.6666669846
41476  42.080  -17.176  45.527 0.6666669846
41480  37.394  -16.598  45.252 0.6666669846
41498  42.170  -16.936  44.880 0.6666669846
41499  42.017  -16.696  45.388 0.6666669846
41516  42.263  -16.799  44.100 0.6666669846
41531  42.387  -16.709  43.568 0.6666669846
42467  17.746  -16.019  55.947 0.2222220004
42468  17.291  -16.062  56.103 0.2222220004
42469  16.963  -16.064  56.149 0.2222220004
42471  17.343  -15.365  55.785 0.2222220004
42472  16.645  -15.690  55.887 0.2222220004
42473  15.652  -15.626  55.277 0.2222220004
42474  15.127  -15.932  55.060 0.2222220004
42475  18.071  -15.713  54.411 0.2222220004
42476  17.521  -15.027  54.946 0.2222220004
42477  15.790  -15.123  54.516 0.3333329856
42478  15.402  -15.363  54.700 0.3333329856
42479  14.989  -15.822  54.785 0.2222220004
42482  16.140  -15.168  54.070 0.3333329856
42484  14.898  -15.766  54.295 0.2222220004
42488  15.480  -15.664  53.479 0.3333329856
42489  14.980  -15.778  53.876 0.3333329856
42494  35.449  -15.773  49.860 0.5555559993
42495  35.299  -15.609  49.925 0.5555559993
42500  36.277  -15.922  48.946 0.5555559993
42501  35.981  -15.736  49.136 0.5555559993
42502  35.077  -15.554  49.640 0.5555559993
42510  36.489  -16.036  48.608 0.5555559993
42515  23.648  -14.412  48.193 0.3333329856
42527  35.856  -15.795  48.849 0.5555559993
42538  23.890  -14.614  47.724 0.3333329856
42563  41.582  -16.399  45.052 0.6666669846
42581  42.086  -16.384  44.474 0.6666669846
42602  42.734  -16.365  43.231 0.7777780294
43566  16.751  -15.080  55.723 0.2222220004
43567  16.261  -15.033  55.398 0.2222220004
43568  15.793  -15.027  55.030 0.2222220004
43570  16.200  -14.707  54.776 0.2222220004
43571  15.809  -15.017  54.759 0.3333329856
43572  16.902  -14.643  54.662 0.2222220004
43573  16.605  -14.790  54.369 0.2222220004
43576  35.188  -15.315  49.903 0.5555559993
43577  35.127  -15.244  49.640 0.5555559993
43582  35.002  -14.863  49.354 0.5555559993
43583  35.098  -15.025  49.105 0.5555559993
43584  25.112  -13.786  49.491 0.3333329856
43585  24.760  -13.817  49.487 0.3333329856
43586  24.004  -13.778  49.429 0.3333329856
43594  35.401  -15.121  48.774 0.5555559993
43595  35.395  -15.478  48.953 0.5555559993
43598  25.372  -14.124  49.147 0.3333329856
43599  24.459  -14.256  48.938 0.4444440007
43600  23.579  -14.145  48.739 0.3333329856
43601  22.808  -13.777  48.761 0.3333329856
43604  17.119  -13.912  48.341 0.1111110002
43629  23.071  -13.867  47.552 0.3333329856
43639  24.553  -15.006  45.986 0.2222220004
43742  34.163  -14.357  38.995 0.1111110002
43757  34.185  -14.258  38.795 0.1111110002
43771  33.649  -14.826  37.059 0.1111110002
44730  19.141  -12.582  51.088 0.2222220004
44737  24.998  -13.178  50.054 0.4444440007
44738  24.765  -13.146  50.118 0.3333329856
44739  24.327  -13.097  50.186 0.3333329856
44740  19.582  -12.374  50.926 0.2222220004
44741  19.292  -12.552  50.907 0.2222220004
44748  25.563  -13.266  49.518 0.3333329856
44749  25.201  -13.373  49.717 0.3333329856
44751  23.700  -13.242  49.907 0.3333329856
44752  22.828  -13.156  49.398 0.3333329856
44753  19.325  -12.285  50.962 0.2222220004
44754  19.263  -12.832  50.163 0.2222220004
44761  22.411  -13.179  48.529 0.3333329856
44783  23.495  -13.621  46.948 0.3333329856
44858  34.603  -13.811  40.914 0.2222220004
44868  19.681  -14.326  42.070 0.1111110002
44879  35.035  -14.397  39.723 0.1111110002
44899  34.121  -14.214  39.584 0.1111110002
44916  32.798  -15.001  38.780 0.1111110002
44927  33.531  -14.646  38.707 0.1111110002
45852  19.146  -12.411  51.097 0.2222220004
45853  18.562  -12.424  51.066 0.2222220004
45855  17.225  -12.671  50.575 0.1111110002
45860  25.031  -12.952  50.149 0.4444440007
45861  24.676  -12.797  50.150 0.4444440007
45863  19.630  -12.169  50.846 0.2222220004
45864  19.549  -12.103  50.992 0.2222220004
45865  17.510  -12.066  50.343 0.1111110002
45869  25.634  -13.015  49.570 0.4444440007
45871  24.516  -12.308  49.860 0.3333329856
45872  23.646  -12.459  49.561 0.3333329856
45875  19.254  -12.290  49.692 0.2222220004
45877  17.732  -12.370  49.301 0.1111110002
45878  17.210  -12.651  49.572 0.1111110002
45879  26.518  -12.864  48.610 0.4444440007
45880  26.013  -12.480  49.124 0.4444440007
45881  25.633  -11.935  49.250 0.3333329856
45882  22.836  -12.629  48.051 0.3333329856
45893  24.145  -12.497  47.156 0.3333329856
45904  25.062  -12.322  46.355 0.3333329856
45905  24.546  -12.644  46.630 0.3333329856
45906  24.112  -13.287  46.558 0.3333329856
45908  18.657  -13.400  47.025 0.1111110002
45920  24.343  -13.553  46.164 0.3333329856
45942  36.260  -13.346  40.635 0.1111110002
45953  36.198  -14.300  40.104 0.1111110002
45954  35.583  -14.315  40.117 0.1111110002
46061  41.445  -12.582  30.534 0.1111110002
46083  37.728  -12.667  32.689 0.1111110002
46870  18.541  -11.799  50.993 0.2222220004
46871  17.960  -11.642  50.694 0.1111110002
46875  19.676  -11.918  50.694 0.2222220004
46876  19.276  -11.700  50.688 0.2222220004
46877  18.565  -11.526  50.386 0.2222220004
46882  23.631  -11.892  48.782 0.3333329856
46883  23.238  -12.214  48.314 0.3333329856
46884  19.450  -11.854  50.335 0.2222220004
46885  19.130  -11.648  49.922 0.2222220004
46886  18.374  -11.693  49.718 0.2222220004
46887  18.009  -11.821  49.688 0.1111110002
46890  25.433  -11.544  48.594 0.3333329856
46891  24.603  -11.559  48.267 0.3333329856
46893  23.416  -12.295  47.769 0.3333329856
46895  29.191  -12.577  46.715 0.3333329856
46899  24.049  -12.207  47.439 0.3333329856
46900  23.613  -12.404  47.527 0.3333329856
46908  25.064  -11.907  46.824 0.2222220004
46919  25.355  -12.145  46.023 0.2222220004
47884  26.025  -10.982  48.014 0.2222220004
47888  25.797  -10.992  47.415 0.2222220004
47889  25.222  -11.379  47.554 0.2222220004
47894  26.222  -10.821  46.853 0.2222220004
47896  25.031  -11.628  47.101 0.2222220004
47903  26.576  -10.953  46.373 0.1111110002
47904  26.050  -11.101  46.419 0.2222220004
47905  25.722  -11.261  46.478 0.1111110002
47973  46.394  -9.896  37.990 0.7777780294
47997  48.044  -9.715  36.731 0.8888890147
48999  48.129  -9.229  35.969 0.8888890147
51122  46.958  -7.189  34.039 0.8888890147
51137  47.088  -7.501  33.942 0.8888890147
51158  42.249  -8.518  32.776 0.4444440007
53317  43.049  -7.200  33.228 0.5555559993
53332  46.445  -4.522  32.524 0.8888890147
54484  46.291  -4.491  33.089 0.8888890147
54499  46.858  -3.058  31.840 0.8888890147
54508  46.921  -3.268  31.422 0.8888890147
54522  46.741  -3.448  30.725 0.8888890147
55662  45.952  -2.411  32.172 0.8888890147
55670  46.867  -2.937  30.821 0.8888890147
55679  45.422  -3.194  29.929 0.8888890147
55787  42.056  -3.794  20.385 0.4444440007
56840  47.241  -2.377  21.951 0.3333329856
60099  54.034  1.517  18.910 0.2222220004
61036  54.994  2.236  20.845 0.1111110002
61988  54.480  3.255  21.150 0.1111110002
61990  50.951  2.124  21.342 0.3333329856
62939  55.445  3.910  22.111 0.1111110002
63919  55.861  4.518  22.420 0.1111110002
63928  56.104  4.457  22.114 0.1111110002
63929  55.788  4.303  22.308 0.1111110002
64888  57.236  5.184  21.012 0.1111110002
64927  51.817  5.438  18.371 0.1111110002
65039  55.195  4.659  8.539 0.1111110002
65942  52.690  5.709  8.245 0.1111110002
65974  54.798  6.916  6.011 0.1111110002
66933  51.530  7.505  4.618 0.1111110002
110382  35.407  -18.438  47.521 0.3333329856
110386  34.885  -18.621  46.861 0.3333329856
110395  36.075  -17.626  48.834 0.5555559993
110403  35.730  -16.095  49.287 0.5555559993
110412  35.322  -16.382  47.641 0.6666669846
110417  35.314  -16.472  46.796 0.6666669846
110418  34.917  -16.373  48.152 0.5555559993
110424  35.747  -16.433  46.944 0.6666669846
110426  34.589  -16.544  47.718 0.5555559993
110427  35.000  -16.487  46.714 0.6666669846
110449  32.837  -15.210  39.530 0.1111110002
110455  33.314  -15.387  41.424 0.2222220004
110459  42.852  -18.079  41.354 0.7777780294
110476  41.774  -14.037  39.299 0.8888890147
110484  41.716  -13.288  39.427 0.7777780294
110548  44.039  -7.734  33.598 0.6666669846
110558  43.718  -7.461  33.477 0.5555559993
110559  43.890  -6.124  33.991 0.7777780294
110563  43.393  -7.082  33.378 0.6666669846
110572  44.477  -3.257  32.212 0.8888890147
110573  43.932  -2.373  30.987 0.6666669846
110584  46.612  -2.513  31.238 0.8888890147
110587  42.411  -5.195  29.560 0.5555559993
110600  45.003  -2.423  30.433 0.6666669846
110609  42.742  -5.945  28.423 0.7777780294
110615  43.806  -3.162  29.751 0.6666669846
111359  55.119  2.494  21.106 0.1111110002
111364  54.650  3.600  21.777 0.1111110002
111366  55.572  4.231  22.272 0.1111110002
111370  54.628  4.869  21.891 0.1111110002
111377  56.011  4.708  22.418 0.1111110002
111378  53.093  2.397  18.926 0.3333329856
111383  56.146  3.942  17.880 0.2222220004
111386  55.068  5.203  20.272 0.1111110002
111391  56.277  5.451  20.889 0.1111110002
