#!ascii label  , from subject sub.01.base.01 vox2ras=TkReg
680
58674  19.976  -1.118  -30.547 0.0000000000
65557  27.272  5.814  -36.032 0.0000000000
73423  19.830  14.291  -31.372 0.0000000000
69892  20.516  11.543  -30.688 0.0000000000
53037  19.436  -6.277  -27.834 0.0000000000
55399  22.973  -4.270  -29.216 0.0000000000
61695  23.975  1.438  -33.647 0.0000000000
67403  21.349  7.440  -34.648 0.0000000000
69920  24.263  10.932  -32.828 0.0000000000
76278  27.690  16.964  -33.474 0.0000000000
76345  23.540  17.217  -39.524 0.0000000000
56462  20.423  -3.835  -29.068 0.0000000000
54184  21.452  -5.151  -29.142 0.0000000000
56473  21.768  -2.968  -30.274 0.0000000000
64598  20.373  4.579  -33.786 0.0000000000
67388  20.423  7.737  -32.992 0.0000000000
71585  18.948  13.051  -30.991 0.0000000000
70770  21.739  11.083  -31.798 0.0000000000
71603  22.211  12.720  -33.242 0.0000000000
72523  25.565  14.066  -32.658 0.0000000000
75305  25.512  16.349  -33.298 0.0000000000
78210  22.724  19.712  -36.835 0.0000000000
111696  23.584  16.817  -34.557 0.0000000000
80228  23.149  21.342  -39.777 0.0000000000
63648  25.065  3.352  -34.688 0.0000000000
59751  26.018  -0.294  -32.910 0.0000000000
62663  27.215  2.686  -33.861 0.0000000000
73386  15.916  14.182  -31.159 0.0000000000
68257  28.369  8.501  -34.544 0.0000000000
60723  19.317  0.822  -32.493 0.0000000000
59748  21.396  -0.236  -32.551 0.0000000000
61704  21.107  1.466  -34.333 0.0000000000
64612  22.653  4.628  -34.903 0.0000000000
66497  24.639  6.627  -35.663 0.0000000000
69107  21.532  9.444  -32.638 0.0000000000
69116  22.592  9.395  -34.320 0.0000000000
68239  25.962  8.705  -33.820 0.0000000000
70765  27.385  11.488  -33.825 0.0000000000
111721  18.085  17.082  -32.821 0.0000000000
74409  22.706  15.431  -34.806 0.0000000000
80235  24.758  21.630  -40.493 0.0000000000
77294  26.015  19.211  -39.266 0.0000000000
76306  25.433  17.581  -35.981 0.0000000000
79179  27.069  20.486  -35.453 0.0000000000
58682  23.381  -1.483  -31.616 0.0000000000
59719  19.405  -0.495  -29.868 0.0000000000
58660  19.736  -1.656  -29.134 0.0000000000
58659  20.160  -2.391  -29.598 0.0000000000
57586  20.614  -2.893  -29.682 0.0000000000
58673  20.681  -1.946  -30.249 0.0000000000
72489  19.880  13.341  -31.237 0.0000000000
71584  20.518  12.544  -31.254 0.0000000000
73441  21.217  13.317  -32.701 0.0000000000
73438  23.777  14.239  -33.223 0.0000000000
73420  22.267  14.264  -33.007 0.0000000000
81112  22.993  21.959  -38.416 0.0000000000
79223  22.443  20.365  -38.912 0.0000000000
81121  23.148  22.207  -39.038 0.0000000000
64621  26.550  4.497  -36.183 0.0000000000
62671  26.581  2.794  -34.457 0.0000000000
64608  27.808  3.949  -35.366 0.0000000000
72468  16.594  13.406  -30.752 0.0000000000
74342  15.998  15.624  -30.678 0.0000000000
55380  19.304  -4.531  -27.944 0.0000000000
54205  18.543  -6.187  -29.191 0.0000000000
51956  19.061  -6.854  -27.483 0.0000000000
51955  20.102  -7.147  -27.467 0.0000000000
54183  22.094  -5.214  -29.344 0.0000000000
53034  22.352  -6.256  -28.388 0.0000000000
60733  19.966  0.657  -33.248 0.0000000000
62668  19.609  2.549  -33.128 0.0000000000
66487  20.884  6.635  -34.348 0.0000000000
64613  21.547  4.473  -34.644 0.0000000000
66485  22.203  5.978  -35.063 0.0000000000
65561  23.281  5.536  -35.289 0.0000000000
66499  22.629  6.467  -35.301 0.0000000000
69090  21.759  9.715  -32.208 0.0000000000
69923  21.602  10.933  -31.967 0.0000000000
70767  22.599  11.270  -33.078 0.0000000000
69104  22.182  9.819  -33.913 0.0000000000
69949  23.252  9.771  -33.813 0.0000000000
68241  24.167  8.655  -34.475 0.0000000000
69086  25.257  10.124  -33.017 0.0000000000
69084  26.719  10.028  -33.206 0.0000000000
70753  26.225  11.604  -32.637 0.0000000000
74391  26.783  15.603  -31.942 0.0000000000
73435  27.082  14.579  -32.328 0.0000000000
75353  22.413  16.589  -38.901 0.0000000000
75275  20.359  15.659  -31.200 0.0000000000
111700  22.596  16.152  -34.422 0.0000000000
111699  22.559  15.623  -33.802 0.0000000000
74419  24.176  16.148  -37.909 0.0000000000
77268  26.296  18.652  -37.809 0.0000000000
78228  26.324  19.373  -37.080 0.0000000000
78208  25.879  19.380  -36.135 0.0000000000
60720  22.343  0.142  -32.803 0.0000000000
58692  23.141  -0.717  -32.087 0.0000000000
59746  23.626  -0.118  -32.373 0.0000000000
60696  25.170  0.729  -30.870 0.0000000000
59718  24.432  -0.664  -30.943 0.0000000000
56438  19.702  -3.763  -28.422 0.0000000000
55379  20.162  -4.736  -28.522 0.0000000000
54159  20.841  -5.457  -28.577 0.0000000000
55402  20.885  -4.579  -29.036 0.0000000000
55401  21.762  -4.531  -29.512 0.0000000000
56460  22.258  -3.847  -29.847 0.0000000000
65540  19.957  5.378  -33.256 0.0000000000
66471  20.149  6.631  -33.250 0.0000000000
67387  20.496  7.639  -33.531 0.0000000000
70742  20.053  12.253  -30.522 0.0000000000
70758  21.163  11.575  -31.514 0.0000000000
70768  22.299  11.262  -32.705 0.0000000000
71620  23.414  12.301  -33.051 0.0000000000
71600  24.958  12.581  -32.743 0.0000000000
72524  23.847  13.199  -33.038 0.0000000000
74392  25.577  15.674  -32.215 0.0000000000
76279  27.028  16.984  -33.910 0.0000000000
78166  23.531  18.115  -33.944 0.0000000000
76319  22.221  18.173  -37.253 0.0000000000
77298  21.679  18.257  -39.328 0.0000000000
78270  22.826  19.464  -40.234 0.0000000000
62673  24.512  2.284  -34.198 0.0000000000
60728  25.321  0.321  -33.287 0.0000000000
61693  25.703  0.920  -33.409 0.0000000000
61686  26.175  0.945  -33.096 0.0000000000
70726  20.061  11.831  -30.212 0.0000000000
71569  18.996  12.617  -30.327 0.0000000000
71571  16.972  12.604  -31.395 0.0000000000
111703  18.186  14.039  -32.571 0.0000000000
51954  20.756  -6.879  -27.776 0.0000000000
67398  27.716  7.653  -35.076 0.0000000000
65555  28.442  5.288  -35.190 0.0000000000
59735  19.560  -0.329  -31.390 0.0000000000
58685  20.768  -1.024  -30.990 0.0000000000
59749  20.236  -0.145  -32.757 0.0000000000
59757  21.040  0.214  -33.927 0.0000000000
61703  22.069  1.368  -34.352 0.0000000000
63652  20.902  3.500  -34.269 0.0000000000
63651  22.028  3.464  -34.620 0.0000000000
62674  23.501  2.539  -34.396 0.0000000000
63649  24.049  3.367  -34.511 0.0000000000
64623  24.940  5.017  -35.351 0.0000000000
66496  25.729  6.310  -36.013 0.0000000000
68244  20.938  8.543  -33.210 0.0000000000
68265  20.833  8.252  -33.774 0.0000000000
69938  21.860  10.252  -32.348 0.0000000000
69105  21.666  9.535  -33.680 0.0000000000
68274  22.347  8.007  -35.131 0.0000000000
67402  23.727  7.887  -35.361 0.0000000000
67400  25.579  7.574  -34.676 0.0000000000
67399  26.721  7.377  -34.964 0.0000000000
68258  27.292  8.564  -34.530 0.0000000000
69932  27.668  10.496  -34.019 0.0000000000
71618  26.772  12.848  -33.167 0.0000000000
75277  15.588  16.439  -31.881 0.0000000000
111716  16.733  15.635  -34.709 0.0000000000
74403  22.794  15.278  -34.213 0.0000000000
80236  23.898  21.438  -40.523 0.0000000000
78268  24.322  19.685  -40.461 0.0000000000
79241  25.685  20.727  -40.251 0.0000000000
76343  24.946  17.993  -39.482 0.0000000000
75333  25.321  16.890  -37.827 0.0000000000
75329  25.095  16.697  -36.513 0.0000000000
111685  24.807  16.640  -34.794 0.0000000000
75318  25.344  16.539  -34.361 0.0000000000
76294  26.623  17.689  -34.422 0.0000000000
77229  27.428  18.625  -34.272 0.0000000000
58684  21.774  -1.500  -30.994 0.0000000000
57608  22.805  -2.121  -31.367 0.0000000000
57598  23.324  -2.654  -30.423 0.0000000000
59731  24.425  -0.423  -31.705 0.0000000000
57606  23.704  -1.987  -30.748 0.0000000000
73403  19.794  13.869  -31.381 0.0000000000
73402  20.302  13.560  -31.567 0.0000000000
73422  20.743  13.868  -32.141 0.0000000000
73439  22.547  14.110  -33.144 0.0000000000
74376  22.344  14.432  -33.032 0.0000000000
64631  27.183  5.079  -36.420 0.0000000000
63659  27.405  3.798  -35.397 0.0000000000
64620  27.530  4.510  -36.017 0.0000000000
54161  19.238  -5.533  -27.990 0.0000000000
54186  18.982  -6.030  -28.129 0.0000000000
53056  19.086  -6.261  -27.889 0.0000000000
53055  19.041  -6.488  -27.897 0.0000000000
54182  22.519  -5.112  -29.249 0.0000000000
54157  22.527  -5.571  -28.884 0.0000000000
55377  22.894  -4.948  -29.049 0.0000000000
55376  23.303  -4.344  -28.441 0.0000000000
62669  19.132  2.296  -32.666 0.0000000000
62657  19.258  2.976  -32.643 0.0000000000
65549  21.919  5.413  -34.921 0.0000000000
66486  21.755  6.455  -34.878 0.0000000000
66500  22.180  6.910  -35.173 0.0000000000
69907  21.347  11.066  -31.236 0.0000000000
70766  23.150  11.301  -33.068 0.0000000000
69935  22.819  10.171  -33.505 0.0000000000
69934  23.730  10.365  -33.289 0.0000000000
69102  24.562  9.581  -33.440 0.0000000000
69933  24.449  10.397  -33.098 0.0000000000
69918  25.734  10.822  -32.667 0.0000000000
69919  24.912  10.835  -32.735 0.0000000000
75303  27.764  16.312  -32.580 0.0000000000
75365  22.699  17.129  -39.791 0.0000000000
111691  23.233  16.666  -35.769 0.0000000000
74427  23.433  16.270  -38.394 0.0000000000
74414  23.784  16.174  -37.231 0.0000000000
75342  24.140  16.683  -38.773 0.0000000000
78243  26.654  19.394  -37.916 0.0000000000
78242  26.801  19.973  -37.653 0.0000000000
78227  26.698  20.137  -36.992 0.0000000000
60730  23.323  0.583  -32.978 0.0000000000
60719  22.983  0.043  -32.542 0.0000000000
59754  24.081  0.395  -32.657 0.0000000000
59717  24.962  -0.081  -30.454 0.0000000000
57587  19.909  -2.923  -29.071 0.0000000000
57569  19.438  -2.821  -28.047 0.0000000000
55403  20.477  -4.377  -28.875 0.0000000000
57601  21.337  -2.664  -30.213 0.0000000000
56461  21.426  -3.544  -29.707 0.0000000000
56472  22.198  -3.131  -30.267 0.0000000000
66470  20.476  6.904  -33.813 0.0000000000
70741  20.488  12.052  -30.990 0.0000000000
71583  20.878  12.459  -31.623 0.0000000000
71604  21.325  12.237  -31.907 0.0000000000
71623  21.821  12.186  -32.469 0.0000000000
71621  22.727  12.219  -33.250 0.0000000000
72506  22.598  12.693  -33.293 0.0000000000
74393  24.273  15.798  -32.652 0.0000000000
79194  22.770  20.478  -37.005 0.0000000000
78194  23.122  19.771  -36.120 0.0000000000
77256  22.670  19.133  -36.625 0.0000000000
111701  22.709  18.759  -36.382 0.0000000000
77269  22.278  18.863  -37.528 0.0000000000
79233  22.679  20.393  -39.733 0.0000000000
78244  22.144  19.363  -38.650 0.0000000000
77308  22.451  18.429  -40.180 0.0000000000
79244  23.186  20.390  -40.256 0.0000000000
62665  25.313  1.693  -33.813 0.0000000000
62672  25.643  2.547  -34.347 0.0000000000
62664  26.198  1.903  -33.706 0.0000000000
62656  26.701  1.908  -32.925 0.0000000000
61678  26.215  1.156  -32.318 0.0000000000
71568  19.522  12.137  -29.917 0.0000000000
71554  18.586  12.771  -30.038 0.0000000000
71555  17.972  12.892  -30.483 0.0000000000
72475  17.088  12.802  -30.793 0.0000000000
72476  16.173  12.923  -31.473 0.0000000000
71587  16.581  12.532  -32.251 0.0000000000
73387  15.671  13.707  -31.866 0.0000000000
53036  20.430  -6.302  -27.954 0.0000000000
53035  21.397  -6.561  -28.124 0.0000000000
53012  21.699  -7.182  -27.756 0.0000000000
59736  19.008  0.517  -31.115 0.0000000000
60708  19.251  0.432  -31.811 0.0000000000
59750  19.600  0.166  -32.293 0.0000000000
61705  20.635  1.536  -34.035 0.0000000000
59756  20.632  0.286  -33.606 0.0000000000
60736  21.278  0.705  -34.154 0.0000000000
60735  21.858  0.692  -34.066 0.0000000000
63635  20.299  3.652  -33.729 0.0000000000
62675  22.545  2.467  -34.526 0.0000000000
63650  23.054  3.443  -34.633 0.0000000000
64611  23.611  4.285  -34.742 0.0000000000
65560  24.277  5.752  -35.496 0.0000000000
64624  24.018  5.009  -35.020 0.0000000000
65559  25.226  5.729  -35.785 0.0000000000
65558  25.780  5.647  -36.219 0.0000000000
68245  21.117  8.601  -32.752 0.0000000000
68243  21.232  8.804  -33.593 0.0000000000
69117  21.903  9.275  -34.308 0.0000000000
68263  22.149  8.677  -34.739 0.0000000000
68273  22.774  7.865  -35.301 0.0000000000
68262  23.153  8.591  -35.084 0.0000000000
68240  25.117  8.543  -33.877 0.0000000000
67386  24.927  8.118  -34.530 0.0000000000
67385  25.323  8.148  -34.374 0.0000000000
68259  26.325  8.212  -34.388 0.0000000000
68238  26.660  8.875  -34.003 0.0000000000
69916  27.029  10.659  -33.551 0.0000000000
69099  27.169  9.627  -33.827 0.0000000000
70781  28.080  11.134  -34.073 0.0000000000
72504  25.310  13.477  -33.014 0.0000000000
71599  25.743  12.655  -32.888 0.0000000000
72522  26.229  13.706  -32.956 0.0000000000
76266  22.923  16.436  -32.233 0.0000000000
76255  22.234  15.949  -31.545 0.0000000000
111713  18.681  16.797  -32.123 0.0000000000
77206  16.537  18.490  -31.241 0.0000000000
78154  15.271  19.095  -31.144 0.0000000000
76259  14.865  17.952  -31.381 0.0000000000
75278  15.247  17.227  -31.630 0.0000000000
76268  17.242  17.428  -33.313 0.0000000000
74404  22.579  15.600  -34.639 0.0000000000
111722  17.343  16.605  -34.117 0.0000000000
111706  21.634  14.922  -32.300 0.0000000000
81141  24.096  22.383  -40.285 0.0000000000
79243  23.765  20.459  -40.555 0.0000000000
79242  24.571  20.606  -40.580 0.0000000000
79232  26.257  20.243  -39.684 0.0000000000
79240  26.141  21.365  -40.070 0.0000000000
78256  25.848  19.714  -39.698 0.0000000000
78267  25.089  19.749  -40.196 0.0000000000
77295  25.324  18.703  -39.590 0.0000000000
76330  25.369  17.639  -38.867 0.0000000000
76329  25.807  18.187  -38.734 0.0000000000
77254  25.996  18.541  -37.032 0.0000000000
76310  25.689  17.588  -37.064 0.0000000000
111684  23.404  15.308  -34.660 0.0000000000
75325  25.237  16.867  -35.234 0.0000000000
111688  24.516  16.619  -34.329 0.0000000000
79192  26.532  20.085  -35.757 0.0000000000
77243  26.186  18.498  -34.858 0.0000000000
79170  26.745  19.761  -34.811 0.0000000000
79169  27.294  20.130  -34.783 0.0000000000
59733  21.555  -0.618  -31.511 0.0000000000
58683  22.744  -1.289  -31.672 0.0000000000
57599  22.782  -2.692  -30.772 0.0000000000
57607  23.369  -2.158  -31.156 0.0000000000
59752  25.435  -0.092  -32.921 0.0000000000
59744  25.375  0.037  -32.452 0.0000000000
58658  24.252  -1.529  -29.722 0.0000000000
58671  24.083  -1.421  -30.506 0.0000000000
57597  23.815  -2.122  -30.109 0.0000000000
57585  23.491  -2.753  -29.688 0.0000000000
58672  21.466  -2.146  -30.565 0.0000000000
72488  20.676  12.996  -31.735 0.0000000000
72527  21.664  12.900  -32.844 0.0000000000
72526  22.219  13.072  -33.106 0.0000000000
73440  21.625  13.599  -32.966 0.0000000000
74374  24.077  16.193  -32.949 0.0000000000
80189  22.821  21.317  -37.243 0.0000000000
80203  22.745  21.258  -38.192 0.0000000000
79210  22.583  20.391  -37.954 0.0000000000
80215  22.790  21.272  -39.053 0.0000000000
63647  26.094  3.427  -35.098 0.0000000000
63646  26.996  3.346  -35.031 0.0000000000
62670  27.164  3.037  -34.547 0.0000000000
63645  27.698  3.492  -34.706 0.0000000000
73376  16.694  14.436  -30.492 0.0000000000
74361  15.634  15.343  -31.609 0.0000000000
55354  18.840  -4.316  -27.551 0.0000000000
55355  18.371  -4.525  -27.094 0.0000000000
54136  18.728  -5.046  -27.618 0.0000000000
54162  18.665  -5.881  -27.732 0.0000000000
50812  19.355  -7.843  -27.653 0.0000000000
50811  20.208  -8.165  -27.422 0.0000000000
54158  21.775  -5.746  -28.816 0.0000000000
60724  18.859  1.460  -32.216 0.0000000000
60734  19.521  1.261  -33.043 0.0000000000
61698  20.088  1.699  -33.537 0.0000000000
62677  20.723  2.218  -34.126 0.0000000000
65539  20.424  5.936  -33.818 0.0000000000
64614  20.934  4.486  -34.327 0.0000000000
65550  21.062  5.422  -34.442 0.0000000000
64625  23.374  4.875  -34.994 0.0000000000
66498  23.631  6.521  -35.579 0.0000000000
69937  21.939  10.290  -32.879 0.0000000000
69936  22.265  10.341  -33.263 0.0000000000
69950  22.941  9.659  -34.004 0.0000000000
68242  23.549  9.025  -34.497 0.0000000000
69103  23.696  9.400  -33.929 0.0000000000
69101  25.543  9.296  -33.268 0.0000000000
69100  26.395  9.351  -33.414 0.0000000000
69085  26.052  9.975  -32.876 0.0000000000
69917  26.485  10.745  -32.931 0.0000000000
70752  26.806  11.499  -33.211 0.0000000000
73436  25.960  14.605  -31.973 0.0000000000
74390  27.993  15.349  -31.833 0.0000000000
74435  22.518  16.947  -37.409 0.0000000000
75274  21.381  15.497  -31.226 0.0000000000
77220  23.048  16.465  -34.697 0.0000000000
76267  22.461  15.756  -32.701 0.0000000000
111698  20.846  14.999  -31.759 0.0000000000
111720  18.384  16.722  -32.669 0.0000000000
78255  26.738  19.727  -39.055 0.0000000000
77281  26.194  18.718  -38.770 0.0000000000
78209  25.547  18.843  -35.925 0.0000000000
78207  26.528  20.081  -36.384 0.0000000000
59747  22.533  -0.420  -32.072 0.0000000000
58691  23.540  -0.769  -31.938 0.0000000000
60718  25.943  0.032  -32.430 0.0000000000
59730  24.907  0.066  -31.474 0.0000000000
59705  24.524  -0.822  -30.099 0.0000000000
56439  19.170  -3.748  -27.803 0.0000000000
54160  20.039  -5.658  -28.208 0.0000000000
55378  20.612  -4.927  -28.725 0.0000000000
55400  22.491  -4.571  -29.470 0.0000000000
56459  22.824  -3.809  -29.666 0.0000000000
67404  20.769  7.594  -34.132 0.0000000000
69908  20.562  11.707  -30.950 0.0000000000
70757  21.445  11.637  -31.768 0.0000000000
71605  21.040  12.069  -31.616 0.0000000000
70769  21.966  11.266  -32.134 0.0000000000
70756  23.830  11.502  -32.841 0.0000000000
70755  24.558  11.693  -32.574 0.0000000000
71601  24.159  12.443  -32.779 0.0000000000
72505  24.565  13.232  -32.975 0.0000000000
73418  24.792  13.771  -33.097 0.0000000000
72525  22.921  13.084  -33.245 0.0000000000
73437  24.841  14.409  -32.493 0.0000000000
75304  26.669  16.351  -33.080 0.0000000000
75344  22.145  17.632  -37.616 0.0000000000
77283  22.199  19.050  -38.096 0.0000000000
77284  21.862  18.490  -38.435 0.0000000000
75355  22.357  17.361  -37.297 0.0000000000
76360  21.790  17.463  -39.592 0.0000000000
76359  22.314  17.494  -40.047 0.0000000000
77307  23.305  18.582  -40.410 0.0000000000
60729  24.487  0.724  -33.028 0.0000000000
61694  24.990  1.089  -33.469 0.0000000000
60727  26.092  0.026  -33.375 0.0000000000
60717  26.211  0.231  -32.682 0.0000000000
60706  26.062  0.632  -32.430 0.0000000000
71570  17.819  12.870  -30.905 0.0000000000
71586  17.466  12.770  -31.744 0.0000000000
72490  18.845  13.675  -31.586 0.0000000000
74378  19.123  14.209  -31.531 0.0000000000
66494  27.519  6.268  -35.590 0.0000000000
65556  27.841  5.470  -35.786 0.0000000000
66493  28.197  6.204  -35.192 0.0000000000
59720  18.913  0.302  -30.216 0.0000000000
58686  20.127  -0.905  -31.282 0.0000000000
59734  20.566  -0.608  -31.799 0.0000000000
59755  21.053  -0.094  -33.449 0.0000000000
60721  21.679  0.104  -33.279 0.0000000000
60731  22.230  0.540  -33.551 0.0000000000
61696  22.800  1.137  -33.748 0.0000000000
63636  19.764  3.694  -33.145 0.0000000000
62667  20.215  2.870  -33.679 0.0000000000
62676  21.537  2.382  -34.489 0.0000000000
61702  23.113  1.794  -34.202 0.0000000000
61701  23.773  1.998  -34.143 0.0000000000
64610  24.561  4.245  -34.830 0.0000000000
64609  25.416  4.159  -35.368 0.0000000000
64622  25.777  4.907  -36.076 0.0000000000
65570  26.252  5.404  -36.414 0.0000000000
66506  26.303  5.920  -36.272 0.0000000000
69106  21.471  9.441  -33.084 0.0000000000
68264  21.386  8.477  -34.261 0.0000000000
68275  21.782  8.020  -34.835 0.0000000000
67416  22.495  7.346  -35.263 0.0000000000
67415  23.173  7.437  -35.434 0.0000000000
67414  23.925  7.283  -35.626 0.0000000000
68261  23.901  8.272  -35.124 0.0000000000
67401  24.516  7.705  -35.185 0.0000000000
66484  25.288  6.966  -35.371 0.0000000000
66483  26.089  6.832  -35.335 0.0000000000
66495  26.702  6.360  -35.793 0.0000000000
67412  27.222  6.851  -35.280 0.0000000000
69114  27.996  9.546  -34.317 0.0000000000
70754  25.461  11.828  -32.428 0.0000000000
71598  26.430  12.312  -32.941 0.0000000000
72521  27.378  13.465  -32.874 0.0000000000
71617  27.634  12.512  -33.466 0.0000000000
75276  15.700  16.001  -31.159 0.0000000000
111705  18.623  16.038  -32.880 0.0000000000
75291  16.024  16.483  -33.661 0.0000000000
74362  15.528  15.351  -32.742 0.0000000000
111715  16.485  14.182  -34.288 0.0000000000
74377  19.570  14.885  -31.560 0.0000000000
74395  22.462  14.742  -33.149 0.0000000000
81131  23.461  22.451  -39.648 0.0000000000
80227  23.506  21.669  -40.109 0.0000000000
81130  23.713  22.134  -40.125 0.0000000000
80237  23.420  21.068  -40.336 0.0000000000
78269  23.570  19.537  -40.487 0.0000000000
77306  24.281  18.639  -40.227 0.0000000000
80234  25.594  21.899  -40.201 0.0000000000
77305  24.761  19.179  -40.176 0.0000000000
76344  24.240  17.587  -39.536 0.0000000000
76331  24.707  17.130  -38.965 0.0000000000
75334  24.722  16.518  -38.117 0.0000000000
111680  24.349  16.335  -36.737 0.0000000000
76316  25.785  17.561  -37.963 0.0000000000
111669  23.373  15.428  -35.020 0.0000000000
74394  23.392  15.353  -33.644 0.0000000000
75273  23.825  16.126  -33.257 0.0000000000
75306  24.651  16.538  -33.538 0.0000000000
76305  25.783  17.653  -35.061 0.0000000000
75324  25.929  16.965  -34.719 0.0000000000
75317  26.314  16.552  -34.146 0.0000000000
76293  27.589  17.752  -33.967 0.0000000000
78190  28.004  20.396  -35.306 0.0000000000
78177  28.117  19.535  -34.566 0.0000000000
77228  28.358  18.503  -34.219 0.0000000000
57600  22.090  -2.420  -30.740 0.0000000000
59732  22.218  -0.894  -31.453 0.0000000000
57609  22.399  -1.868  -31.208 0.0000000000
56471  22.748  -3.205  -30.123 0.0000000000
56470  23.127  -3.210  -29.862 0.0000000000
59753  24.678  0.209  -32.684 0.0000000000
59745  24.439  -0.148  -32.185 0.0000000000
58690  23.869  -0.789  -31.732 0.0000000000
58681  23.836  -1.278  -31.229 0.0000000000
56458  23.246  -3.500  -29.211 0.0000000000
64607  28.263  4.310  -35.041 0.0000000000
63644  28.101  3.899  -34.283 0.0000000000
53038  19.033  -6.018  -27.855 0.0000000000
53082  18.482  -5.799  -30.070 0.0000000000
53083  18.398  -5.935  -29.858 0.0000000000
53085  18.606  -5.680  -30.560 0.0000000000
53086  18.553  -5.645  -30.311 0.0000000000
54185  19.069  -5.971  -28.160 0.0000000000
54204  18.776  -5.845  -28.677 0.0000000000
54213  18.577  -5.923  -29.850 0.0000000000
54214  18.407  -5.738  -30.015 0.0000000000
54215  18.172  -5.888  -29.762 0.0000000000
54216  18.560  -5.639  -30.236 0.0000000000
54217  18.404  -5.585  -30.482 0.0000000000
59743  26.016  -0.164  -32.634 0.0000000000
59758  20.880  0.453  -33.986 0.0000000000
60707  25.608  0.648  -32.063 0.0000000000
60722  19.756  0.319  -32.744 0.0000000000
60732  21.492  0.320  -33.797 0.0000000000
60737  20.630  0.908  -33.927 0.0000000000
61687  19.149  1.511  -32.645 0.0000000000
61697  22.255  0.870  -34.015 0.0000000000
61699  19.395  1.840  -32.979 0.0000000000
62666  24.719  1.588  -33.806 0.0000000000
63660  26.797  3.914  -35.636 0.0000000000
63661  26.125  4.165  -35.725 0.0000000000
64619  28.138  4.859  -35.618 0.0000000000
64632  26.802  4.959  -36.516 0.0000000000
64633  26.331  4.925  -36.387 0.0000000000
65548  22.524  5.595  -35.134 0.0000000000
65568  27.380  5.300  -36.230 0.0000000000
65569  26.861  5.586  -36.388 0.0000000000
66482  26.564  6.793  -35.330 0.0000000000
66507  26.007  5.834  -36.306 0.0000000000
67411  27.846  6.858  -35.171 0.0000000000
67413  26.807  6.795  -35.317 0.0000000000
67417  21.939  7.371  -35.062 0.0000000000
68260  25.661  8.246  -34.249 0.0000000000
69087  24.794  10.244  -33.101 0.0000000000
69115  23.187  9.335  -34.321 0.0000000000
70739  25.979  12.044  -32.426 0.0000000000
70740  25.782  12.243  -32.583 0.0000000000
70793  23.536  16.464  -35.602 0.0000000000
71581  26.222  12.089  -32.626 0.0000000000
71582  26.030  12.296  -32.698 0.0000000000
71588  16.071  12.456  -32.808 0.0000000000
71602  22.394  12.562  -33.273 0.0000000000
71606  17.759  12.917  -31.995 0.0000000000
71607  17.238  12.497  -32.770 0.0000000000
71608  16.478  12.317  -33.130 0.0000000000
71609  16.059  12.587  -33.332 0.0000000000
71619  26.159  12.950  -33.219 0.0000000000
71622  22.201  12.283  -33.059 0.0000000000
71624  17.226  12.717  -33.366 0.0000000000
71625  16.881  12.573  -33.575 0.0000000000
71626  16.399  12.655  -33.632 0.0000000000
72477  15.736  13.202  -32.243 0.0000000000
72491  15.970  12.687  -32.312 0.0000000000
72492  15.781  13.065  -32.987 0.0000000000
72503  25.828  13.204  -33.186 0.0000000000
72507  22.407  12.849  -33.260 0.0000000000
72508  21.201  12.921  -32.354 0.0000000000
72509  18.130  13.347  -32.007 0.0000000000
72510  17.613  12.976  -32.494 0.0000000000
72511  16.152  13.192  -33.715 0.0000000000
72547  23.649  16.637  -36.158 0.0000000000
73404  15.570  14.513  -32.017 0.0000000000
73405  15.572  14.080  -32.781 0.0000000000
73419  24.386  13.791  -33.154 0.0000000000
73421  21.944  14.252  -32.822 0.0000000000
73424  15.887  13.890  -33.589 0.0000000000
73455  23.839  16.232  -36.946 0.0000000000
73460  23.810  16.440  -36.609 0.0000000000
73461  23.538  16.398  -36.825 0.0000000000
73470  22.966  16.444  -37.806 0.0000000000
74359  24.150  16.407  -33.027 0.0000000000
74360  23.856  16.292  -32.947 0.0000000000
74375  23.669  15.986  -33.028 0.0000000000
74379  15.869  14.989  -33.823 0.0000000000
74413  24.057  16.055  -37.210 0.0000000000
74420  23.690  16.141  -37.703 0.0000000000
74421  23.480  16.293  -37.422 0.0000000000
74426  23.863  16.294  -38.496 0.0000000000
74428  23.248  16.315  -37.813 0.0000000000
74433  22.897  16.365  -38.726 0.0000000000
74434  22.764  16.498  -38.049 0.0000000000
74436  22.834  17.281  -36.213 0.0000000000
75263  15.638  16.079  -30.695 0.0000000000
75264  15.373  16.389  -30.833 0.0000000000
75265  14.832  16.826  -30.763 0.0000000000
75272  23.978  16.314  -33.150 0.0000000000
75288  24.172  16.305  -33.241 0.0000000000
75289  23.858  16.395  -33.745 0.0000000000
75290  21.507  15.368  -31.567 0.0000000000
75330  24.795  16.397  -37.456 0.0000000000
75341  24.903  16.887  -38.534 0.0000000000
75343  23.654  16.423  -38.759 0.0000000000
75345  22.410  18.045  -36.842 0.0000000000
75351  23.736  17.044  -39.242 0.0000000000
75352  23.171  16.713  -39.257 0.0000000000
75354  22.082  17.094  -38.189 0.0000000000
75366  22.296  16.921  -39.576 0.0000000000
75367  21.826  16.944  -39.100 0.0000000000
76258  15.703  17.466  -32.484 0.0000000000
76309  25.992  18.047  -37.645 0.0000000000
76315  25.941  18.112  -38.303 0.0000000000
76317  22.353  18.518  -37.033 0.0000000000
76318  22.123  18.251  -37.561 0.0000000000
76332  21.876  17.865  -38.012 0.0000000000
76333  22.121  17.964  -37.489 0.0000000000
76346  21.586  17.608  -38.802 0.0000000000
76357  23.749  18.045  -40.175 0.0000000000
76358  23.181  17.537  -40.080 0.0000000000
77207  15.944  18.622  -32.046 0.0000000000
77208  14.957  18.889  -31.241 0.0000000000
77217  22.992  16.428  -33.912 0.0000000000
77230  26.771  18.698  -34.524 0.0000000000
77244  25.651  18.451  -35.527 0.0000000000
77255  25.619  18.377  -36.325 0.0000000000
77270  22.017  18.329  -37.918 0.0000000000
77282  25.724  18.275  -39.021 0.0000000000
77296  24.709  18.209  -39.745 0.0000000000
77297  21.955  18.600  -39.764 0.0000000000
77309  21.896  18.034  -39.946 0.0000000000
78153  15.811  19.030  -31.138 0.0000000000
78155  14.963  19.180  -31.104 0.0000000000
78165  23.706  17.587  -32.814 0.0000000000
78170  23.194  18.877  -35.441 0.0000000000
78178  27.143  19.387  -34.523 0.0000000000
78179  26.548  19.218  -34.773 0.0000000000
78180  23.338  19.516  -35.529 0.0000000000
78181  23.360  19.760  -35.708 0.0000000000
78191  26.101  19.240  -35.273 0.0000000000
78192  25.695  19.042  -35.676 0.0000000000
78193  23.036  19.290  -35.951 0.0000000000
78229  22.459  19.624  -37.680 0.0000000000
78245  21.780  18.759  -38.968 0.0000000000
78257  22.258  19.369  -39.625 0.0000000000
78258  21.894  18.874  -39.324 0.0000000000
79171  26.470  19.521  -34.975 0.0000000000
79180  26.698  20.095  -35.175 0.0000000000
79181  26.484  19.711  -35.135 0.0000000000
79191  26.804  20.430  -35.949 0.0000000000
79193  26.337  19.737  -35.484 0.0000000000
81102  22.971  22.220  -37.556 0.0000000000
111664  23.613  16.400  -35.309 0.0000000000
111665  23.888  16.590  -35.710 0.0000000000
111666  23.138  15.784  -35.287 0.0000000000
111667  23.947  16.583  -36.243 0.0000000000
111668  23.398  15.031  -35.037 0.0000000000
111670  23.186  15.172  -35.086 0.0000000000
111671  24.108  16.515  -36.039 0.0000000000
111672  24.045  16.333  -36.659 0.0000000000
111673  22.818  15.479  -35.212 0.0000000000
111674  23.290  15.062  -34.880 0.0000000000
111675  23.496  14.964  -34.842 0.0000000000
111676  23.461  15.202  -34.939 0.0000000000
111677  23.026  15.092  -34.867 0.0000000000
111678  22.867  15.325  -35.016 0.0000000000
111679  23.870  16.477  -35.085 0.0000000000
111681  22.717  15.530  -35.075 0.0000000000
111682  23.141  16.531  -37.258 0.0000000000
111683  23.495  14.999  -34.767 0.0000000000
111686  22.929  16.539  -37.605 0.0000000000
111687  22.871  16.721  -37.105 0.0000000000
111689  22.497  15.836  -34.531 0.0000000000
111690  22.642  15.901  -35.055 0.0000000000
111692  22.925  16.786  -36.116 0.0000000000
111693  22.913  16.707  -36.216 0.0000000000
111694  22.877  17.012  -36.146 0.0000000000
111695  22.841  16.893  -36.332 0.0000000000
111697  23.148  17.160  -35.666 0.0000000000
111702  17.571  13.496  -33.319 0.0000000000
111704  17.502  13.835  -33.684 0.0000000000
111707  17.251  13.145  -33.736 0.0000000000
111708  17.563  13.079  -33.043 0.0000000000
111709  16.692  13.168  -34.005 0.0000000000
111710  17.152  13.772  -34.201 0.0000000000
111711  17.611  14.777  -34.130 0.0000000000
111712  17.851  13.303  -32.562 0.0000000000
111714  18.017  17.023  -33.186 0.0000000000
111717  17.660  15.874  -34.290 0.0000000000
111718  18.366  13.665  -32.060 0.0000000000
111724  17.706  17.830  -31.961 0.0000000000
111725  17.808  16.938  -33.751 0.0000000000
