#!ascii label  , from subject sub.01.dh.02.long.sub.01.base.03 vox2ras=TkReg
1422
92074  -36.364  24.602  15.125 0.0000000000
87938  -48.002  20.957  4.352 0.0000000000
98141  -44.134  31.757  15.501 0.0000000000
87857  -44.815  20.157  10.836 0.0000000000
90997  -42.124  23.506  19.867 0.0000000000
93086  -41.562  24.833  4.994 0.0000000000
98265  -44.532  30.693  4.425 0.0000000000
101833  -39.573  35.784  2.477 0.0000000000
88725  -34.871  21.433  25.525 0.0000000000
86751  -39.607  19.931  12.785 0.0000000000
87909  -41.970  20.755  6.991 0.0000000000
92112  -39.627  24.260  10.898 0.0000000000
98134  -48.281  31.943  15.829 0.0000000000
96404  -47.281  29.224  10.035 0.0000000000
98178  -43.545  32.024  11.560 0.0000000000
99123  -38.745  32.508  6.413 0.0000000000
102585  -43.959  37.086  7.134 0.0000000000
86876  -44.715  19.477  1.726 0.0000000000
97220  -33.093  29.865  17.364 0.0000000000
96369  -38.813  29.545  13.117 0.0000000000
89975  -49.678  23.516  14.874 0.0000000000
88852  -43.802  21.277  16.048 0.0000000000
86705  -37.687  19.531  17.811 0.0000000000
90990  -35.607  23.346  21.405 0.0000000000
87957  -44.084  21.051  2.703 0.0000000000
91206  -43.512  23.765  -0.359 0.0000000000
94703  -43.624  27.517  10.488 0.0000000000
95606  -45.072  29.125  4.139 0.0000000000
94795  -43.846  27.647  -1.161 0.0000000000
97390  -40.067  30.635  -0.783 0.0000000000
98303  -36.100  31.505  0.235 0.0000000000
88868  -38.081  22.091  13.857 0.0000000000
88905  -38.657  21.788  11.206 0.0000000000
92088  -38.420  24.099  13.129 0.0000000000
100853  -48.978  33.951  15.443 0.0000000000
99072  -46.819  32.160  13.903 0.0000000000
100872  -45.761  34.903  12.603 0.0000000000
100886  -43.431  35.357  10.633 0.0000000000
86869  -46.513  20.308  2.509 0.0000000000
97174  -31.669  30.665  20.589 0.0000000000
97207  -35.633  30.649  18.611 0.0000000000
89936  -43.200  22.753  17.777 0.0000000000
86718  -41.400  20.047  17.319 0.0000000000
88824  -40.063  21.636  18.955 0.0000000000
89811  -35.118  22.784  23.058 0.0000000000
91028  -30.469  23.671  18.835 0.0000000000
92992  -29.714  25.791  17.668 0.0000000000
92042  -28.013  24.301  18.839 0.0000000000
88931  -46.445  21.284  8.522 0.0000000000
90071  -41.148  22.175  5.712 0.0000000000
87934  -43.201  20.729  5.307 0.0000000000
90091  -41.736  22.332  3.947 0.0000000000
89021  -43.082  22.300  1.004 0.0000000000
92172  -42.272  24.594  2.947 0.0000000000
98161  -40.996  31.608  13.711 0.0000000000
95514  -41.203  28.529  12.024 0.0000000000
96383  -43.773  29.218  12.236 0.0000000000
97326  -46.395  30.422  7.649 0.0000000000
95579  -47.005  29.381  6.832 0.0000000000
97360  -46.263  30.227  4.217 0.0000000000
95631  -45.169  28.608  0.862 0.0000000000
97374  -44.777  30.748  0.511 0.0000000000
96517  -42.909  29.880  -0.853 0.0000000000
98309  -42.550  31.579  0.777 0.0000000000
100932  -38.221  34.073  4.783 0.0000000000
99149  -37.214  31.988  3.093 0.0000000000
100040  -37.078  34.031  2.178 0.0000000000
99154  -35.187  33.206  1.472 0.0000000000
101839  -36.961  35.215  1.571 0.0000000000
86778  -42.045  18.904  11.529 0.0000000000
87885  -43.271  20.072  8.754 0.0000000000
86805  -40.723  20.278  9.654 0.0000000000
90047  -39.688  22.526  8.450 0.0000000000
93058  -40.304  24.706  7.840 0.0000000000
98131  -45.954  31.590  16.244 0.0000000000
96373  -46.116  29.368  13.050 0.0000000000
97270  -47.566  30.552  13.594 0.0000000000
97281  -46.221  30.506  10.904 0.0000000000
98207  -43.506  30.913  8.441 0.0000000000
98246  -41.310  31.339  5.012 0.0000000000
99107  -41.387  32.416  9.039 0.0000000000
100908  -40.317  34.694  8.039 0.0000000000
102612  -41.557  36.786  4.967 0.0000000000
86874  -42.821  19.483  1.828 0.0000000000
95500  -34.689  28.157  15.212 0.0000000000
94672  -37.194  27.354  13.837 0.0000000000
97244  -35.800  30.232  15.486 0.0000000000
97246  -38.080  31.131  16.412 0.0000000000
98126  -40.356  31.362  17.298 0.0000000000
97200  -40.484  31.244  20.942 0.0000000000
98106  -43.458  31.715  18.791 0.0000000000
88880  -47.030  21.731  12.738 0.0000000000
89972  -46.825  21.769  15.155 0.0000000000
87821  -44.689  20.265  13.726 0.0000000000
85780  -42.399  18.743  14.282 0.0000000000
86732  -38.835  19.434  14.755 0.0000000000
88771  -41.570  21.891  22.133 0.0000000000
89781  -37.482  23.306  25.645 0.0000000000
90952  -37.896  23.206  22.931 0.0000000000
91015  -39.098  23.505  20.135 0.0000000000
87753  -36.147  20.975  20.056 0.0000000000
92067  -34.252  24.983  16.037 0.0000000000
90094  -48.284  22.578  3.575 0.0000000000
87912  -44.793  20.775  6.580 0.0000000000
88979  -45.357  21.344  4.380 0.0000000000
89014  -46.893  21.456  2.194 0.0000000000
87969  -45.136  20.799  1.383 0.0000000000
86895  -44.041  20.523  0.435 0.0000000000
89026  -42.705  22.243  -0.729 0.0000000000
93881  -39.596  26.559  12.508 0.0000000000
93035  -41.217  26.053  10.535 0.0000000000
94731  -41.699  26.871  7.627 0.0000000000
95544  -45.930  28.318  10.108 0.0000000000
95576  -44.578  28.535  7.480 0.0000000000
94748  -42.916  27.413  5.130 0.0000000000
93969  -43.635  26.605  1.945 0.0000000000
92203  -44.073  25.509  -1.386 0.0000000000
92200  -42.323  24.351  -0.903 0.0000000000
98277  -39.966  31.422  2.653 0.0000000000
98317  -37.808  31.159  -0.725 0.0000000000
96471  -37.204  29.715  2.148 0.0000000000
97358  -34.918  30.549  2.316 0.0000000000
98257  -33.622  31.602  3.957 0.0000000000
91064  -37.155  23.611  14.398 0.0000000000
91074  -38.061  23.544  13.388 0.0000000000
92076  -37.679  25.146  14.128 0.0000000000
100867  -48.018  34.855  13.920 0.0000000000
101717  -46.414  35.657  11.505 0.0000000000
87950  -47.218  20.689  3.383 0.0000000000
89922  -42.734  23.149  18.373 0.0000000000
88826  -41.652  22.088  18.079 0.0000000000
89905  -40.800  23.372  18.942 0.0000000000
91011  -30.020  22.916  19.045 0.0000000000
91027  -29.420  23.377  18.636 0.0000000000
88907  -46.577  21.144  10.737 0.0000000000
87873  -45.996  20.781  9.782 0.0000000000
92157  -40.850  23.728  5.785 0.0000000000
90081  -41.531  22.364  4.922 0.0000000000
91174  -41.459  23.289  4.532 0.0000000000
91192  -41.869  23.007  2.826 0.0000000000
92165  -41.989  24.866  3.793 0.0000000000
98151  -41.982  31.893  14.728 0.0000000000
98171  -42.488  30.931  12.876 0.0000000000
98163  -43.521  31.098  13.419 0.0000000000
98235  -45.539  30.519  6.266 0.0000000000
98251  -46.361  30.342  5.427 0.0000000000
98282  -45.101  30.568  3.632 0.0000000000
97366  -45.818  30.220  2.145 0.0000000000
98296  -44.811  30.723  2.545 0.0000000000
98310  -43.603  31.302  1.059 0.0000000000
98280  -43.161  31.170  3.139 0.0000000000
101815  -39.274  35.233  3.759 0.0000000000
100941  -38.141  34.338  3.637 0.0000000000
100950  -38.581  34.793  2.652 0.0000000000
100965  -37.189  34.788  1.493 0.0000000000
101840  -38.023  35.365  1.718 0.0000000000
86760  -40.501  19.342  12.204 0.0000000000
86792  -41.144  19.622  10.521 0.0000000000
86776  -40.479  19.756  11.104 0.0000000000
91111  -38.989  23.354  10.541 0.0000000000
90025  -38.916  22.382  9.967 0.0000000000
91122  -39.224  23.247  9.544 0.0000000000
92142  -39.642  23.692  8.335 0.0000000000
92124  -40.081  24.565  9.371 0.0000000000
98132  -46.871  31.662  16.266 0.0000000000
97249  -46.995  30.496  15.000 0.0000000000
98145  -47.783  31.317  15.236 0.0000000000
99077  -45.460  32.335  13.104 0.0000000000
98167  -46.320  31.652  13.132 0.0000000000
98179  -44.329  31.650  11.757 0.0000000000
98197  -44.415  30.664  9.225 0.0000000000
98196  -43.410  31.259  9.632 0.0000000000
98206  -42.243  31.617  8.824 0.0000000000
99097  -42.086  32.411  10.279 0.0000000000
101751  -43.028  36.109  9.182 0.0000000000
100897  -41.391  34.876  9.186 0.0000000000
101784  -42.033  36.241  7.746 0.0000000000
101796  -41.068  36.109  6.601 0.0000000000
102598  -42.655  36.991  6.103 0.0000000000
86875  -43.692  19.512  1.590 0.0000000000
96352  -33.381  28.953  16.295 0.0000000000
96358  -35.152  29.266  15.237 0.0000000000
97236  -34.933  30.160  16.414 0.0000000000
97195  -36.855  30.923  19.536 0.0000000000
97238  -37.151  30.920  17.020 0.0000000000
97225  -38.306  30.699  18.318 0.0000000000
98125  -39.484  31.173  17.538 0.0000000000
97226  -39.203  30.896  18.647 0.0000000000
98071  -40.179  31.386  22.259 0.0000000000
98096  -42.101  31.442  20.189 0.0000000000
98097  -43.329  31.607  19.961 0.0000000000
98099  -45.226  32.260  19.063 0.0000000000
98087  -44.332  32.054  20.941 0.0000000000
89991  -48.795  22.729  12.352 0.0000000000
91065  -49.294  23.157  13.792 0.0000000000
89963  -46.555  21.880  16.167 0.0000000000
88854  -45.506  21.773  15.905 0.0000000000
88870  -45.548  21.196  14.450 0.0000000000
87813  -44.519  20.571  14.776 0.0000000000
86754  -43.493  19.323  13.591 0.0000000000
86735  -43.079  19.545  15.492 0.0000000000
86716  -39.270  19.159  17.232 0.0000000000
86725  -39.956  18.793  16.537 0.0000000000
86715  -38.214  19.291  17.008 0.0000000000
89779  -36.393  22.482  25.714 0.0000000000
90950  -36.256  23.928  22.621 0.0000000000
90969  -36.975  23.975  21.824 0.0000000000
89854  -38.623  23.195  21.751 0.0000000000
90992  -37.602  23.278  21.178 0.0000000000
88803  -37.863  22.246  20.283 0.0000000000
89879  -36.127  22.732  20.908 0.0000000000
92999  -33.267  25.509  16.283 0.0000000000
92998  -32.278  25.552  16.615 0.0000000000
91175  -48.934  23.014  4.152 0.0000000000
87898  -42.584  20.422  7.809 0.0000000000
87899  -43.564  20.420  7.764 0.0000000000
87910  -42.832  20.614  6.942 0.0000000000
87948  -43.698  20.771  3.854 0.0000000000
87936  -44.591  20.840  4.595 0.0000000000
87949  -44.770  21.028  3.528 0.0000000000
88995  -46.396  21.806  3.265 0.0000000000
89005  -45.955  21.377  2.701 0.0000000000
87970  -46.280  21.056  1.923 0.0000000000
87968  -44.246  21.235  1.611 0.0000000000
90118  -42.963  22.889  0.611 0.0000000000
89022  -43.252  22.169  0.161 0.0000000000
87984  -43.191  21.996  -0.327 0.0000000000
87983  -43.075  21.727  -0.358 0.0000000000
90124  -43.271  23.007  -1.189 0.0000000000
95507  -38.216  28.470  13.324 0.0000000000
94676  -38.488  27.405  13.270 0.0000000000
95508  -38.997  28.349  12.880 0.0000000000
94692  -42.664  27.591  11.252 0.0000000000
93893  -41.401  26.811  11.481 0.0000000000
93912  -42.335  26.784  10.401 0.0000000000
93918  -41.562  26.216  9.140 0.0000000000
94722  -42.829  27.346  9.074 0.0000000000
96387  -47.134  29.450  12.025 0.0000000000
95519  -45.744  28.630  11.732 0.0000000000
95534  -46.693  28.603  10.682 0.0000000000
95597  -45.632  29.315  5.218 0.0000000000
95577  -45.370  28.730  7.276 0.0000000000
95596  -44.512  28.829  5.228 0.0000000000
94741  -43.519  28.268  5.863 0.0000000000
94749  -43.596  28.066  4.652 0.0000000000
93961  -43.492  26.841  2.947 0.0000000000
94763  -44.063  27.566  2.583 0.0000000000
94797  -44.799  28.169  -0.781 0.0000000000
94789  -44.746  27.485  -0.437 0.0000000000
93135  -43.994  25.989  -1.602 0.0000000000
92209  -43.065  24.755  -1.591 0.0000000000
93125  -42.927  25.584  -1.213 0.0000000000
93115  -42.420  25.403  -0.342 0.0000000000
93990  -43.190  26.703  -0.833 0.0000000000
97392  -41.792  30.573  -0.720 0.0000000000
96498  -42.249  29.318  0.661 0.0000000000
98231  -40.434  31.719  6.512 0.0000000000
98261  -40.481  31.400  3.866 0.0000000000
98260  -39.259  31.482  3.834 0.0000000000
98288  -36.596  31.952  0.847 0.0000000000
98289  -37.422  31.658  0.952 0.0000000000
97373  -36.172  30.976  -0.565 0.0000000000
96494  -37.675  29.543  -0.036 0.0000000000
96481  -35.841  30.318  0.568 0.0000000000
96470  -36.167  29.965  1.778 0.0000000000
96480  -35.438  30.583  1.008 0.0000000000
100038  -35.130  33.670  1.904 0.0000000000
98273  -34.433  31.671  2.923 0.0000000000
99147  -34.374  32.483  3.381 0.0000000000
99139  -33.552  32.428  4.418 0.0000000000
87819  -38.804  20.763  12.951 0.0000000000
87827  -39.186  20.682  12.171 0.0000000000
89989  -38.457  22.508  12.614 0.0000000000
91097  -38.619  23.210  11.997 0.0000000000
92101  -39.607  24.585  11.764 0.0000000000
99067  -48.016  32.480  14.713 0.0000000000
99955  -47.890  33.478  14.740 0.0000000000
99959  -45.866  33.737  13.652 0.0000000000
99963  -44.869  33.792  12.957 0.0000000000
99966  -43.055  34.080  11.519 0.0000000000
100877  -44.966  35.113  11.747 0.0000000000
101731  -45.352  35.894  10.505 0.0000000000
86868  -45.568  19.522  2.677 0.0000000000
97191  -32.487  30.774  19.582 0.0000000000
97221  -34.182  30.275  17.523 0.0000000000
97192  -33.733  31.211  19.789 0.0000000000
88843  -43.589  21.817  16.630 0.0000000000
87794  -42.963  20.727  16.592 0.0000000000
87784  -42.047  20.945  17.366 0.0000000000
86708  -40.643  20.285  17.881 0.0000000000
87772  -38.925  20.414  18.633 0.0000000000
88738  -34.993  21.441  24.364 0.0000000000
89831  -33.785  22.588  22.175 0.0000000000
92046  -31.533  24.121  18.379 0.0000000000
92994  -31.155  25.528  17.267 0.0000000000
92044  -29.991  24.544  18.186 0.0000000000
92989  -29.200  25.287  17.977 0.0000000000
90060  -40.972  21.769  6.352 0.0000000000
87919  -42.229  20.745  6.335 0.0000000000
88977  -41.766  21.562  5.350 0.0000000000
88991  -41.958  21.706  4.622 0.0000000000
88993  -43.207  21.115  2.986 0.0000000000
89004  -43.451  21.500  2.132 0.0000000000
90103  -42.194  22.461  2.456 0.0000000000
90111  -42.654  22.790  1.562 0.0000000000
92187  -43.256  24.468  1.023 0.0000000000
97264  -39.428  30.705  13.401 0.0000000000
96379  -39.763  29.520  12.680 0.0000000000
97275  -41.652  30.363  12.481 0.0000000000
96382  -42.887  29.374  12.022 0.0000000000
95530  -43.328  28.182  11.442 0.0000000000
97308  -47.138  29.833  8.817 0.0000000000
95557  -47.402  29.229  8.663 0.0000000000
97328  -47.401  30.181  7.125 0.0000000000
96465  -46.744  29.995  5.211 0.0000000000
95615  -45.612  29.322  3.333 0.0000000000
95622  -45.049  28.252  1.703 0.0000000000
96487  -45.902  29.703  2.684 0.0000000000
96511  -45.335  29.444  0.287 0.0000000000
96519  -44.331  29.556  -0.824 0.0000000000
95643  -43.737  28.724  -0.681 0.0000000000
97394  -43.705  30.582  -1.126 0.0000000000
98337  -42.806  30.870  -1.262 0.0000000000
98320  -41.163  31.379  -0.465 0.0000000000
100007  -38.450  33.237  6.206 0.0000000000
98243  -37.800  31.878  4.513 0.0000000000
100016  -37.372  32.741  4.556 0.0000000000
100032  -36.543  33.019  2.719 0.0000000000
99161  -36.005  32.469  0.977 0.0000000000
98302  -35.469  31.767  0.631 0.0000000000
100044  -36.070  33.603  0.985 0.0000000000
101837  -35.802  34.511  1.317 0.0000000000
101820  -36.236  34.951  2.435 0.0000000000
87856  -43.676  19.644  11.055 0.0000000000
87871  -44.024  19.979  9.819 0.0000000000
87855  -43.073  19.576  10.644 0.0000000000
87869  -41.720  20.001  9.395 0.0000000000
87883  -41.377  20.410  8.630 0.0000000000
87853  -39.570  20.783  10.276 0.0000000000
88917  -39.893  21.206  9.288 0.0000000000
88940  -40.613  21.233  8.058 0.0000000000
90059  -40.500  22.053  6.869 0.0000000000
92150  -40.380  23.831  6.565 0.0000000000
92151  -40.860  24.456  6.014 0.0000000000
98142  -45.247  31.403  15.375 0.0000000000
98165  -45.237  30.508  13.863 0.0000000000
98155  -46.111  30.543  14.699 0.0000000000
96365  -47.255  29.842  13.820 0.0000000000
97283  -47.182  29.881  11.477 0.0000000000
98168  -47.272  31.191  13.270 0.0000000000
98176  -47.167  30.640  12.498 0.0000000000
97282  -46.734  30.275  11.204 0.0000000000
97306  -45.953  30.297  9.506 0.0000000000
98220  -44.989  30.537  7.145 0.0000000000
98234  -44.427  30.705  6.277 0.0000000000
98247  -42.685  31.014  5.248 0.0000000000
98218  -42.645  31.079  7.522 0.0000000000
98217  -41.299  31.699  7.729 0.0000000000
99125  -40.042  32.193  7.327 0.0000000000
99972  -41.956  34.121  10.380 0.0000000000
99992  -40.358  33.686  8.744 0.0000000000
100000  -39.005  33.555  7.176 0.0000000000
100917  -39.448  34.641  6.857 0.0000000000
101806  -40.095  35.810  4.882 0.0000000000
102625  -40.466  36.065  3.791 0.0000000000
93872  -35.454  26.882  14.999 0.0000000000
93874  -36.875  26.431  14.367 0.0000000000
94670  -35.681  27.393  14.748 0.0000000000
96362  -36.085  29.283  14.570 0.0000000000
97262  -37.386  29.995  13.982 0.0000000000
97237  -36.041  30.723  16.663 0.0000000000
97245  -36.916  30.875  15.872 0.0000000000
97263  -38.146  30.602  14.045 0.0000000000
98149  -39.727  31.449  15.174 0.0000000000
98138  -40.554  31.494  16.138 0.0000000000
98139  -41.701  31.855  15.927 0.0000000000
97198  -39.368  31.139  20.187 0.0000000000
98103  -40.322  31.238  19.545 0.0000000000
98114  -42.446  31.626  17.939 0.0000000000
98129  -43.842  31.937  16.599 0.0000000000
98116  -44.735  31.864  17.453 0.0000000000
99047  -46.139  32.309  17.836 0.0000000000
99048  -46.748  32.420  17.547 0.0000000000
90004  -48.042  22.233  11.494 0.0000000000
88893  -46.218  21.255  11.855 0.0000000000
89964  -47.716  21.908  15.902 0.0000000000
89973  -47.829  22.233  14.862 0.0000000000
89982  -47.152  21.845  14.304 0.0000000000
88879  -46.168  21.280  13.058 0.0000000000
87842  -44.694  20.009  11.908 0.0000000000
86764  -43.837  19.474  12.795 0.0000000000
86762  -42.163  18.726  12.603 0.0000000000
86743  -40.238  19.023  13.447 0.0000000000
85764  -41.500  18.916  15.826 0.0000000000
85769  -39.867  18.694  14.893 0.0000000000
86742  -39.711  19.259  13.768 0.0000000000
87811  -38.320  20.646  14.088 0.0000000000
90899  -38.667  23.784  25.726 0.0000000000
89813  -36.414  22.750  24.176 0.0000000000
90933  -37.975  23.219  23.838 0.0000000000
89795  -39.073  22.781  24.179 0.0000000000
89834  -39.279  22.698  22.507 0.0000000000
90973  -40.287  23.038  21.113 0.0000000000
90995  -40.452  23.419  20.483 0.0000000000
89903  -39.074  23.055  19.660 0.0000000000
87763  -38.243  20.860  19.387 0.0000000000
87771  -37.856  19.977  18.676 0.0000000000
92069  -35.581  24.580  15.524 0.0000000000
93868  -34.209  26.463  15.692 0.0000000000
95497  -33.382  28.017  15.804 0.0000000000
96351  -32.739  28.674  16.531 0.0000000000
96337  -31.280  29.738  17.978 0.0000000000
90085  -50.064  22.206  4.870 0.0000000000
88998  -48.759  22.275  3.934 0.0000000000
88997  -48.235  21.974  3.545 0.0000000000
87887  -45.496  20.706  8.622 0.0000000000
87901  -45.348  20.820  7.534 0.0000000000
87921  -43.831  20.648  5.870 0.0000000000
88954  -45.082  20.936  5.958 0.0000000000
88968  -46.638  22.277  5.100 0.0000000000
88981  -46.855  22.333  4.059 0.0000000000
90104  -47.569  22.398  3.149 0.0000000000
87960  -47.181  21.133  2.523 0.0000000000
86878  -46.466  20.708  1.908 0.0000000000
86877  -45.876  19.956  1.607 0.0000000000
86887  -44.991  20.234  0.820 0.0000000000
89013  -43.450  21.659  1.109 0.0000000000
86896  -44.472  20.599  0.452 0.0000000000
86886  -44.014  19.982  0.903 0.0000000000
86894  -43.442  20.384  0.431 0.0000000000
87975  -42.262  20.959  -0.257 0.0000000000
89019  -41.656  21.652  -0.086 0.0000000000
93009  -38.005  25.668  13.967 0.0000000000
93013  -39.073  25.718  12.819 0.0000000000
93025  -40.167  25.187  11.632 0.0000000000
94681  -40.744  27.649  12.075 0.0000000000
93892  -40.744  26.366  11.629 0.0000000000
92113  -40.344  24.818  10.398 0.0000000000
93051  -40.884  25.664  8.895 0.0000000000
93926  -41.035  26.244  8.022 0.0000000000
93934  -41.461  26.245  6.776 0.0000000000
96372  -45.306  29.566  12.889 0.0000000000
95518  -44.839  28.583  11.859 0.0000000000
94704  -44.526  27.760  10.343 0.0000000000
95556  -46.928  28.793  8.861 0.0000000000
94717  -45.348  28.193  9.398 0.0000000000
94723  -43.769  27.844  8.609 0.0000000000
94732  -42.538  27.517  7.808 0.0000000000
94740  -42.534  27.551  6.363 0.0000000000
93087  -41.934  25.494  4.679 0.0000000000
93094  -42.450  25.530  3.556 0.0000000000
92188  -43.609  24.903  0.372 0.0000000000
94780  -44.546  27.164  0.923 0.0000000000
93118  -44.392  26.116  -0.313 0.0000000000
91211  -43.582  24.016  -0.926 0.0000000000
90131  -43.054  23.611  -1.545 0.0000000000
91210  -42.437  23.547  -1.213 0.0000000000
94788  -43.180  27.751  -0.117 0.0000000000
98279  -42.127  31.420  2.905 0.0000000000
98292  -40.668  31.646  1.541 0.0000000000
98307  -40.286  31.547  0.358 0.0000000000
98276  -38.809  31.396  2.513 0.0000000000
98290  -38.437  31.445  1.213 0.0000000000
97382  -39.302  30.601  -0.258 0.0000000000
96495  -38.789  29.769  0.519 0.0000000000
96472  -38.398  29.569  2.610 0.0000000000
96461  -38.795  29.620  4.000 0.0000000000
98287  -34.767  31.821  1.734 0.0000000000
97357  -34.362  30.864  2.957 0.0000000000
102651  -40.525  36.610  2.074 0.0000000000
102662  -39.752  36.509  1.705 0.0000000000
103426  -38.711  36.530  1.859 0.0000000000
102636  -37.131  35.987  2.964 0.0000000000
101814  -36.854  35.574  3.606 0.0000000000
92082  -37.476  24.122  14.082 0.0000000000
92075  -37.214  24.622  14.477 0.0000000000
90998  -42.795  23.427  19.777 0.0000000000
91034  -43.340  23.394  19.011 0.0000000000
91019  -42.500  23.587  19.297 0.0000000000
91032  -42.201  23.472  18.788 0.0000000000
91018  -41.718  23.611  19.332 0.0000000000
89898  -30.143  22.121  19.553 0.0000000000
87858  -45.736  20.649  10.787 0.0000000000
92158  -41.270  24.159  5.240 0.0000000000
92164  -41.648  24.341  4.312 0.0000000000
98152  -43.242  31.716  14.541 0.0000000000
98249  -44.972  30.673  5.360 0.0000000000
98266  -45.446  30.576  4.592 0.0000000000
98281  -44.166  30.785  3.363 0.0000000000
98295  -43.914  31.126  2.227 0.0000000000
101823  -39.146  35.222  2.827 0.0000000000
100951  -38.890  34.924  2.909 0.0000000000
101822  -38.922  35.162  2.362 0.0000000000
101831  -38.661  35.204  2.022 0.0000000000
101832  -39.168  35.471  2.162 0.0000000000
86759  -39.795  20.073  11.691 0.0000000000
92123  -39.559  24.096  9.966 0.0000000000
92133  -39.523  23.919  9.050 0.0000000000
98133  -47.732  31.751  16.116 0.0000000000
99081  -44.277  32.331  12.408 0.0000000000
98173  -44.714  32.009  12.408 0.0000000000
98185  -44.540  30.861  10.482 0.0000000000
98184  -43.245  31.711  10.860 0.0000000000
98195  -42.507  31.779  9.997 0.0000000000
99085  -43.146  32.392  11.431 0.0000000000
102559  -43.635  36.541  8.511 0.0000000000
101770  -42.412  36.221  8.253 0.0000000000
102571  -43.270  36.639  8.075 0.0000000000
102584  -42.695  36.641  7.178 0.0000000000
85901  -44.904  19.288  2.780 0.0000000000
85900  -44.314  19.056  2.690 0.0000000000
85909  -44.045  19.276  2.055 0.0000000000
97234  -33.346  29.526  16.775 0.0000000000
96353  -34.389  29.475  15.985 0.0000000000
97235  -33.882  29.744  16.713 0.0000000000
97209  -37.580  30.745  18.906 0.0000000000
97210  -38.475  30.782  19.170 0.0000000000
98086  -43.150  31.505  21.183 0.0000000000
91066  -50.029  23.746  14.189 0.0000000000
89974  -48.947  22.925  14.485 0.0000000000
88863  -45.058  21.279  15.100 0.0000000000
87805  -44.368  20.864  15.419 0.0000000000
87812  -44.000  20.216  15.080 0.0000000000
87804  -43.774  20.591  15.680 0.0000000000
86706  -38.595  19.575  17.970 0.0000000000
86722  -36.929  19.933  16.310 0.0000000000
86714  -37.206  19.543  17.041 0.0000000000
88726  -35.771  22.057  25.575 0.0000000000
90968  -35.926  23.828  21.840 0.0000000000
90991  -36.572  23.436  21.296 0.0000000000
89880  -37.232  22.765  20.787 0.0000000000
92060  -32.638  24.508  16.784 0.0000000000
92059  -32.050  24.918  16.909 0.0000000000
90072  -47.379  22.833  4.957 0.0000000000
88994  -45.642  21.434  3.379 0.0000000000
87958  -45.140  21.125  2.422 0.0000000000
90119  -43.227  23.027  -0.224 0.0000000000
89028  -43.222  22.620  -0.646 0.0000000000
90125  -43.445  23.259  -0.827 0.0000000000
96368  -37.820  29.409  13.672 0.0000000000
94702  -42.863  27.309  10.728 0.0000000000
93902  -42.204  27.000  11.041 0.0000000000
93919  -42.292  26.712  9.548 0.0000000000
94714  -42.934  27.209  10.014 0.0000000000
96394  -47.268  29.327  10.880 0.0000000000
95521  -47.182  28.925  11.142 0.0000000000
95535  -47.268  28.899  10.365 0.0000000000
95587  -45.482  29.016  6.243 0.0000000000
95605  -44.192  28.502  3.914 0.0000000000
95613  -44.116  28.111  3.210 0.0000000000
95651  -44.459  27.895  -1.075 0.0000000000
94000  -44.337  26.849  -1.406 0.0000000000
93999  -43.851  26.694  -1.514 0.0000000000
93134  -43.528  25.714  -1.503 0.0000000000
93998  -43.446  26.304  -1.320 0.0000000000
93991  -43.560  26.995  -1.207 0.0000000000
97391  -40.712  30.610  -0.818 0.0000000000
97384  -41.051  30.264  -0.525 0.0000000000
96508  -40.692  29.985  0.122 0.0000000000
97383  -40.176  30.323  -0.545 0.0000000000
98230  -39.207  31.853  6.043 0.0000000000
98245  -39.844  31.505  5.089 0.0000000000
96492  -35.981  30.599  -0.209 0.0000000000
97372  -35.498  31.010  0.052 0.0000000000
100031  -34.928  33.830  2.678 0.0000000000
100037  -34.742  33.228  2.648 0.0000000000
88869  -38.359  21.670  13.327 0.0000000000
91081  -38.469  23.546  12.717 0.0000000000
91082  -38.875  24.002  12.080 0.0000000000
92089  -38.876  24.691  12.658 0.0000000000
99956  -48.481  33.269  15.309 0.0000000000
100866  -46.826  34.646  13.612 0.0000000000
100860  -47.013  34.021  14.307 0.0000000000
100865  -45.948  34.402  13.333 0.0000000000
99958  -45.362  33.707  13.338 0.0000000000
99964  -45.500  34.165  13.251 0.0000000000
100871  -44.550  34.499  12.242 0.0000000000
101732  -46.388  35.930  10.489 0.0000000000
101753  -45.151  36.233  9.775 0.0000000000
86861  -46.535  19.975  3.585 0.0000000000
97175  -32.597  31.101  20.930 0.0000000000
89949  -43.712  22.449  17.336 0.0000000000
88836  -43.245  22.316  17.246 0.0000000000
88842  -42.896  21.527  16.844 0.0000000000
88835  -42.530  22.053  17.350 0.0000000000
88825  -40.578  22.005  18.713 0.0000000000
87774  -41.180  21.094  18.008 0.0000000000
87773  -40.063  20.934  18.678 0.0000000000
86707  -39.666  19.852  18.061 0.0000000000
91013  -32.008  23.206  19.484 0.0000000000
91029  -31.344  23.671  18.867 0.0000000000
91030  -31.968  23.698  18.502 0.0000000000
92045  -31.008  24.377  18.399 0.0000000000
92043  -28.884  24.317  18.273 0.0000000000
88964  -41.537  21.215  6.160 0.0000000000
88992  -42.504  21.317  3.847 0.0000000000
90092  -42.025  21.964  3.172 0.0000000000
89003  -42.618  21.631  2.673 0.0000000000
91182  -41.990  23.957  3.074 0.0000000000
91193  -42.240  23.535  2.432 0.0000000000
91200  -42.808  23.619  1.294 0.0000000000
92179  -42.650  24.473  1.903 0.0000000000
97265  -40.162  31.224  13.429 0.0000000000
97274  -40.466  30.635  12.842 0.0000000000
98170  -41.566  31.172  12.953 0.0000000000
97266  -43.427  30.496  12.816 0.0000000000
97276  -42.723  30.206  12.455 0.0000000000
95516  -43.130  28.719  11.710 0.0000000000
95517  -43.969  28.637  11.870 0.0000000000
97317  -46.892  30.248  8.256 0.0000000000
97318  -47.370  30.095  7.914 0.0000000000
97327  -47.023  30.369  7.375 0.0000000000
98284  -46.186  30.399  4.606 0.0000000000
97345  -46.903  30.206  5.759 0.0000000000
96476  -46.470  29.994  4.598 0.0000000000
96464  -46.458  29.852  4.801 0.0000000000
96475  -46.138  29.876  3.893 0.0000000000
97375  -45.330  30.331  0.877 0.0000000000
97386  -45.153  30.035  0.108 0.0000000000
96510  -44.949  29.740  -0.284 0.0000000000
97385  -44.613  30.442  -0.204 0.0000000000
98322  -43.282  31.360  -0.021 0.0000000000
98321  -42.267  31.437  -0.294 0.0000000000
98329  -42.153  30.983  -0.981 0.0000000000
98308  -41.441  31.656  0.529 0.0000000000
100925  -38.346  33.833  5.650 0.0000000000
100017  -37.721  33.221  5.092 0.0000000000
100949  -37.574  34.382  2.614 0.0000000000
100940  -37.366  33.896  3.463 0.0000000000
100033  -36.890  33.712  2.753 0.0000000000
99155  -36.338  32.459  1.838 0.0000000000
100039  -36.459  33.402  1.744 0.0000000000
100957  -36.790  34.119  1.397 0.0000000000
100964  -36.462  34.460  1.257 0.0000000000
101838  -36.007  34.774  1.296 0.0000000000
101828  -35.818  34.696  1.685 0.0000000000
101830  -36.721  35.338  2.151 0.0000000000
86795  -43.164  19.442  11.461 0.0000000000
86794  -42.723  19.427  10.960 0.0000000000
86807  -41.842  19.699  10.151 0.0000000000
86806  -41.138  19.990  9.839 0.0000000000
87868  -40.970  20.285  9.227 0.0000000000
88892  -38.873  21.234  11.492 0.0000000000
87840  -39.305  20.687  11.152 0.0000000000
88906  -38.912  21.468  10.605 0.0000000000
90036  -39.440  22.355  9.135 0.0000000000
88916  -39.416  21.508  9.678 0.0000000000
90037  -39.848  22.004  8.642 0.0000000000
88929  -40.191  21.365  8.704 0.0000000000
90048  -40.156  22.090  7.894 0.0000000000
88952  -40.666  21.515  7.469 0.0000000000
92143  -39.912  23.899  7.584 0.0000000000
93068  -40.300  24.414  7.222 0.0000000000
93069  -40.691  25.135  6.991 0.0000000000
98143  -46.298  30.937  15.318 0.0000000000
97259  -47.478  30.530  14.428 0.0000000000
97258  -46.850  30.109  14.377 0.0000000000
96366  -47.511  30.165  13.761 0.0000000000
96375  -47.474  29.894  13.143 0.0000000000
97279  -47.425  30.272  12.554 0.0000000000
99073  -47.502  31.989  14.163 0.0000000000
98181  -46.330  30.617  11.401 0.0000000000
98175  -46.533  30.839  12.188 0.0000000000
97293  -46.379  30.135  10.248 0.0000000000
98208  -44.620  30.562  8.130 0.0000000000
98219  -43.891  30.732  7.298 0.0000000000
98233  -43.214  30.801  6.345 0.0000000000
98205  -41.473  31.972  8.518 0.0000000000
99116  -41.044  32.265  8.399 0.0000000000
98216  -40.539  31.991  7.401 0.0000000000
99106  -40.626  32.790  8.715 0.0000000000
100875  -42.896  34.491  11.121 0.0000000000
99973  -42.492  33.847  10.967 0.0000000000
100885  -42.535  35.019  10.340 0.0000000000
100909  -41.086  35.161  8.324 0.0000000000
100896  -40.684  34.338  8.849 0.0000000000
99991  -39.652  33.662  8.061 0.0000000000
100907  -39.489  34.187  7.624 0.0000000000
100918  -40.035  35.114  7.216 0.0000000000
102596  -41.157  36.415  5.455 0.0000000000
101795  -40.644  35.925  5.930 0.0000000000
102611  -40.876  36.301  4.828 0.0000000000
86884  -42.151  20.101  1.468 0.0000000000
94668  -35.120  27.381  15.086 0.0000000000
96359  -35.747  29.733  14.992 0.0000000000
96361  -35.598  28.768  14.739 0.0000000000
97253  -36.056  29.972  14.834 0.0000000000
96363  -36.992  29.330  14.032 0.0000000000
97254  -36.798  30.340  14.607 0.0000000000
97206  -34.541  30.618  18.608 0.0000000000
97222  -35.282  30.557  17.588 0.0000000000
97255  -37.837  30.989  15.282 0.0000000000
98136  -38.484  31.199  15.791 0.0000000000
98148  -38.738  31.234  15.143 0.0000000000
98127  -41.495  31.528  17.056 0.0000000000
97184  -40.436  31.306  21.477 0.0000000000
97182  -39.496  31.279  20.821 0.0000000000
97199  -40.074  31.188  20.459 0.0000000000
97212  -39.857  31.075  19.814 0.0000000000
98094  -40.287  31.163  20.054 0.0000000000
98105  -42.271  31.531  19.063 0.0000000000
98115  -43.608  31.814  17.687 0.0000000000
98107  -44.546  31.925  18.484 0.0000000000
98108  -45.566  32.236  18.242 0.0000000000
99043  -46.318  32.496  18.319 0.0000000000
99044  -46.907  32.854  18.629 0.0000000000
91083  -49.655  23.357  12.189 0.0000000000
89990  -47.836  22.353  12.537 0.0000000000
88894  -47.229  21.652  11.673 0.0000000000
89965  -48.676  22.609  15.657 0.0000000000
87822  -45.160  20.767  14.037 0.0000000000
88878  -45.709  21.060  13.732 0.0000000000
87829  -45.244  20.649  12.920 0.0000000000
87828  -44.500  19.911  12.836 0.0000000000
86744  -43.089  19.147  14.390 0.0000000000
86753  -42.735  18.885  13.501 0.0000000000
85788  -41.986  18.625  13.509 0.0000000000
85802  -41.702  18.657  13.072 0.0000000000
85779  -41.555  18.586  14.225 0.0000000000
86719  -42.048  20.208  17.075 0.0000000000
86727  -42.210  19.676  16.412 0.0000000000
86726  -40.995  19.188  16.568 0.0000000000
85768  -39.300  18.831  15.347 0.0000000000
85762  -39.692  18.676  15.737 0.0000000000
86733  -39.546  18.996  14.408 0.0000000000
87802  -38.147  20.115  14.706 0.0000000000
89836  -41.797  22.374  21.515 0.0000000000
89774  -37.637  23.660  26.205 0.0000000000
90898  -37.931  23.626  25.616 0.0000000000
88753  -35.282  22.101  23.804 0.0000000000
89812  -35.853  22.704  23.845 0.0000000000
90951  -37.170  23.632  22.733 0.0000000000
90932  -37.371  23.261  23.643 0.0000000000
89814  -38.620  22.872  23.403 0.0000000000
89815  -39.506  22.506  23.418 0.0000000000
89833  -38.552  23.012  22.327 0.0000000000
90993  -38.567  23.414  20.738 0.0000000000
90971  -38.903  23.384  21.270 0.0000000000
90994  -39.420  23.518  20.570 0.0000000000
91016  -39.832  23.515  19.848 0.0000000000
88802  -36.802  21.775  20.356 0.0000000000
88816  -38.571  22.070  19.680 0.0000000000
88814  -37.051  21.199  19.973 0.0000000000
87762  -37.014  20.622  19.479 0.0000000000
92062  -34.265  24.050  16.157 0.0000000000
89947  -35.110  22.872  16.289 0.0000000000
91055  -35.210  23.725  15.763 0.0000000000
92068  -34.674  24.547  15.875 0.0000000000
93004  -35.256  25.415  15.569 0.0000000000
93003  -34.489  25.568  15.804 0.0000000000
93865  -32.760  26.418  16.326 0.0000000000
93867  -33.497  26.449  15.979 0.0000000000
92993  -30.377  25.581  17.539 0.0000000000
93860  -30.687  26.027  17.245 0.0000000000
93859  -30.139  26.543  17.395 0.0000000000
96346  -30.672  29.163  17.759 0.0000000000
96347  -31.504  29.086  17.406 0.0000000000
96336  -30.508  29.649  18.535 0.0000000000
97203  -31.096  30.130  18.770 0.0000000000
90074  -50.277  22.316  5.091 0.0000000000
91167  -50.129  22.558  5.172 0.0000000000
90083  -48.248  23.075  3.967 0.0000000000
91184  -49.034  22.790  4.099 0.0000000000
90105  -47.859  22.431  3.296 0.0000000000
87872  -45.081  20.420  9.749 0.0000000000
87886  -44.347  20.324  8.710 0.0000000000
87900  -44.561  20.560  7.652 0.0000000000
87920  -42.910  20.748  6.003 0.0000000000
88966  -45.188  21.144  5.354 0.0000000000
88967  -45.907  21.666  5.260 0.0000000000
88980  -46.125  21.844  4.215 0.0000000000
89006  -46.603  21.522  2.494 0.0000000000
88996  -46.991  22.304  3.116 0.0000000000
89007  -47.234  21.850  2.618 0.0000000000
89015  -47.105  21.539  2.292 0.0000000000
87971  -46.809  21.265  2.057 0.0000000000
86888  -45.849  20.596  1.582 0.0000000000
89012  -42.899  22.042  1.798 0.0000000000
87977  -43.866  21.152  0.440 0.0000000000
87976  -43.201  20.911  -0.063 0.0000000000
87982  -42.679  21.527  -0.453 0.0000000000
89020  -42.210  21.877  -0.534 0.0000000000
93875  -37.654  26.432  14.028 0.0000000000
94677  -39.256  27.375  12.782 0.0000000000
93878  -38.896  26.528  13.110 0.0000000000
93016  -39.938  25.638  12.116 0.0000000000
96380  -40.842  29.501  12.329 0.0000000000
95513  -40.219  28.469  12.319 0.0000000000
93901  -41.738  26.481  10.808 0.0000000000
93027  -41.219  26.324  11.010 0.0000000000
93026  -40.606  25.809  11.202 0.0000000000
93034  -40.819  25.530  10.310 0.0000000000
93043  -40.647  25.216  9.582 0.0000000000
93044  -41.192  25.789  9.763 0.0000000000
93927  -42.022  26.784  8.533 0.0000000000
97256  -45.584  30.303  13.892 0.0000000000
97268  -45.075  30.192  13.360 0.0000000000
95533  -45.936  28.292  11.004 0.0000000000
95532  -44.950  28.209  11.116 0.0000000000
95543  -45.310  28.085  10.532 0.0000000000
95568  -47.109  29.170  7.848 0.0000000000
95566  -45.135  28.425  8.079 0.0000000000
95565  -44.358  28.287  8.067 0.0000000000
94716  -44.570  27.840  9.474 0.0000000000
94733  -43.595  28.275  7.290 0.0000000000
93944  -42.143  26.588  5.399 0.0000000000
93952  -42.712  26.479  4.292 0.0000000000
93968  -43.264  26.220  2.519 0.0000000000
93102  -43.299  25.977  2.028 0.0000000000
93110  -43.456  25.579  1.261 0.0000000000
95630  -44.904  28.081  1.064 0.0000000000
93127  -44.394  25.804  -0.867 0.0000000000
93986  -44.607  26.692  -0.279 0.0000000000
93126  -44.080  25.233  -0.693 0.0000000000
92202  -43.908  24.903  -1.118 0.0000000000
91218  -43.425  24.198  -1.316 0.0000000000
92208  -42.673  24.206  -1.423 0.0000000000
90116  -41.756  22.453  -0.356 0.0000000000
91199  -41.440  23.886  0.142 0.0000000000
95637  -43.304  28.936  -0.183 0.0000000000
95628  -42.398  28.708  1.116 0.0000000000
98263  -42.376  31.228  4.067 0.0000000000
98262  -41.470  31.331  3.733 0.0000000000
98278  -41.078  31.477  2.742 0.0000000000
98291  -39.541  31.472  1.400 0.0000000000
99142  -37.314  32.257  4.104 0.0000000000
98259  -38.043  31.648  3.668 0.0000000000
98275  -37.763  31.606  2.246 0.0000000000
98305  -38.091  31.466  0.057 0.0000000000
98318  -38.660  30.803  -0.198 0.0000000000
97381  -38.194  30.586  -0.690 0.0000000000
96506  -38.455  30.155  -0.246 0.0000000000
96482  -36.830  29.675  0.793 0.0000000000
96460  -37.542  29.656  3.563 0.0000000000
96458  -35.474  30.110  2.663 0.0000000000
96459  -36.399  29.885  3.095 0.0000000000
96446  -35.529  30.105  3.937 0.0000000000
97352  -34.694  30.295  3.341 0.0000000000
99160  -35.335  32.705  1.123 0.0000000000
98301  -34.932  31.886  0.996 0.0000000000
99159  -34.899  32.287  1.366 0.0000000000
98258  -34.044  31.180  3.418 0.0000000000
97350  -33.501  31.048  4.533 0.0000000000
103427  -39.539  36.992  1.613 0.0000000000
102661  -38.816  36.184  1.680 0.0000000000
102637  -37.805  36.338  2.999 0.0000000000
89971  -37.322  22.809  14.329 0.0000000000
89980  -37.782  22.738  13.851 0.0000000000
91073  -37.584  23.576  13.891 0.0000000000
92083  -38.053  24.640  13.633 0.0000000000
100862  -48.624  34.535  14.732 0.0000000000
101704  -47.853  35.235  13.240 0.0000000000
101709  -46.738  35.500  12.232 0.0000000000
101718  -47.509  35.610  11.472 0.0000000000
101733  -47.462  35.785  10.494 0.0000000000
97164  -31.748  30.436  21.659 0.0000000000
89923  -43.602  23.095  18.658 0.0000000000
88827  -42.161  22.486  17.944 0.0000000000
89921  -41.939  22.951  18.351 0.0000000000
89920  -40.976  22.885  18.623 0.0000000000
89919  -40.525  22.642  18.888 0.0000000000
91010  -29.593  22.944  18.860 0.0000000000
88908  -47.426  21.586  10.603 0.0000000000
88918  -46.687  21.219  9.713 0.0000000000
87888  -46.186  20.940  9.144 0.0000000000
91163  -40.755  23.015  5.973 0.0000000000
91164  -41.101  23.122  5.317 0.0000000000
90102  -41.823  22.608  3.155 0.0000000000
91181  -41.741  23.419  3.460 0.0000000000
92171  -41.872  24.254  3.510 0.0000000000
98162  -42.311  31.515  13.652 0.0000000000
98172  -43.049  30.702  12.867 0.0000000000
97267  -44.156  30.404  13.051 0.0000000000
97336  -46.432  30.429  6.716 0.0000000000
98250  -45.792  30.501  5.366 0.0000000000
98267  -45.973  30.504  4.823 0.0000000000
98283  -45.852  30.450  4.008 0.0000000000
97359  -46.012  30.205  3.285 0.0000000000
98297  -45.522  30.421  2.910 0.0000000000
98312  -45.296  30.556  1.931 0.0000000000
98311  -44.624  30.888  1.314 0.0000000000
98323  -44.188  31.038  0.293 0.0000000000
98294  -42.873  31.450  1.967 0.0000000000
100933  -38.814  34.687  4.312 0.0000000000
100958  -37.343  34.575  1.800 0.0000000000
100959  -38.016  34.840  1.967 0.0000000000
86761  -41.340  18.866  12.132 0.0000000000
86793  -41.886  19.309  10.770 0.0000000000
86777  -41.201  19.215  11.337 0.0000000000
86791  -40.476  20.211  10.191 0.0000000000
90016  -38.682  22.367  10.817 0.0000000000
91133  -39.421  23.143  8.709 0.0000000000
91143  -39.676  23.040  7.955 0.0000000000
92134  -39.920  24.345  8.470 0.0000000000
98144  -47.203  31.104  15.526 0.0000000000
97250  -47.409  30.796  15.069 0.0000000000
99071  -46.009  32.573  13.540 0.0000000000
98174  -45.437  31.666  12.516 0.0000000000
98180  -45.557  30.818  11.321 0.0000000000
97291  -45.188  30.561  10.343 0.0000000000
99108  -41.892  32.161  9.620 0.0000000000
101729  -43.445  35.670  10.054 0.0000000000
100898  -42.209  35.452  9.444 0.0000000000
101750  -42.101  35.693  8.883 0.0000000000
101768  -41.044  35.437  7.786 0.0000000000
101782  -40.632  35.588  7.105 0.0000000000
101783  -41.557  36.171  7.205 0.0000000000
102597  -41.612  36.591  6.035 0.0000000000
85908  -43.478  19.032  2.283 0.0000000000
86885  -42.972  20.099  1.107 0.0000000000
96357  -34.197  28.751  15.597 0.0000000000
96354  -34.905  29.732  15.830 0.0000000000
97243  -35.190  29.880  15.730 0.0000000000
97194  -35.963  30.686  19.462 0.0000000000
97223  -36.346  30.817  17.758 0.0000000000
97208  -36.631  30.763  18.706 0.0000000000
97224  -37.369  30.739  18.009 0.0000000000
97239  -38.120  30.920  17.450 0.0000000000
97247  -38.785  31.117  17.125 0.0000000000
97240  -38.921  30.903  17.847 0.0000000000
98111  -39.436  31.053  18.123 0.0000000000
98112  -40.106  31.248  18.481 0.0000000000
98084  -41.022  31.265  21.392 0.0000000000
98095  -40.901  31.252  20.390 0.0000000000
98098  -44.557  32.026  19.631 0.0000000000
91075  -49.494  23.251  13.157 0.0000000000
89984  -48.684  22.758  13.339 0.0000000000
89983  -47.714  22.302  13.695 0.0000000000
88855  -46.185  21.813  15.562 0.0000000000
88864  -45.896  21.609  15.046 0.0000000000
87814  -45.058  20.994  14.574 0.0000000000
86746  -44.359  20.048  14.180 0.0000000000
86755  -44.185  19.725  13.619 0.0000000000
86745  -43.848  19.778  14.559 0.0000000000
85772  -42.714  18.996  14.860 0.0000000000
86717  -40.338  19.472  17.324 0.0000000000
86724  -38.919  18.865  16.077 0.0000000000
86723  -37.773  19.581  15.843 0.0000000000
86731  -38.018  19.880  15.052 0.0000000000
90929  -35.194  23.400  22.676 0.0000000000
90930  -35.655  23.518  23.118 0.0000000000
90970  -37.977  23.309  21.805 0.0000000000
89881  -38.270  22.971  20.338 0.0000000000
89945  -33.732  23.066  16.805 0.0000000000
91047  -34.021  23.613  16.474 0.0000000000
92061  -33.801  24.514  16.288 0.0000000000
93000  -33.950  25.285  16.071 0.0000000000
93864  -31.948  26.486  16.563 0.0000000000
91166  -49.511  23.002  5.032 0.0000000000
90073  -48.098  23.247  4.803 0.0000000000
90082  -47.550  22.738  4.008 0.0000000000
87911  -43.749  20.597  6.795 0.0000000000
87947  -43.105  20.842  4.607 0.0000000000
87935  -43.820  20.624  4.962 0.0000000000
87959  -45.899  21.117  2.121 0.0000000000
89027  -43.055  22.434  -0.844 0.0000000000
95505  -37.427  28.436  13.681 0.0000000000
94673  -37.889  27.044  13.622 0.0000000000
95515  -42.167  28.504  11.775 0.0000000000
94682  -41.438  27.704  11.793 0.0000000000
93894  -42.074  27.262  11.317 0.0000000000
93911  -41.783  26.267  10.057 0.0000000000
96386  -46.401  29.092  12.320 0.0000000000
95520  -46.608  28.751  11.533 0.0000000000
95588  -46.492  29.388  6.048 0.0000000000
95578  -46.321  28.991  7.056 0.0000000000
95586  -44.491  28.671  6.574 0.0000000000
94755  -43.279  27.257  4.304 0.0000000000
93953  -43.283  26.848  3.710 0.0000000000
94756  -43.691  27.614  3.616 0.0000000000
94782  -44.927  28.100  0.049 0.0000000000
93992  -44.577  26.740  -0.992 0.0000000000
92211  -44.015  25.672  -1.553 0.0000000000
92210  -43.634  25.127  -1.434 0.0000000000
93124  -42.581  24.981  -1.022 0.0000000000
92193  -41.803  24.419  -0.033 0.0000000000
93116  -42.836  26.069  -0.673 0.0000000000
96509  -42.131  29.914  0.070 0.0000000000
98274  -36.891  31.871  1.973 0.0000000000
98304  -36.984  31.440  -0.300 0.0000000000
98316  -37.261  31.244  -1.088 0.0000000000
96505  -37.562  30.173  -0.724 0.0000000000
96493  -36.631  30.182  -0.445 0.0000000000
96469  -35.477  30.378  1.596 0.0000000000
97364  -35.101  30.846  1.353 0.0000000000
99153  -34.852  32.645  2.012 0.0000000000
98272  -34.071  31.936  3.535 0.0000000000
99146  -33.844  32.101  3.796 0.0000000000
99140  -34.261  32.805  3.967 0.0000000000
86750  -39.174  20.285  13.013 0.0000000000
87826  -38.854  21.055  12.403 0.0000000000
88876  -38.629  21.604  12.435 0.0000000000
88891  -38.678  21.740  11.758 0.0000000000
89981  -38.191  22.673  13.286 0.0000000000
90003  -38.578  22.369  11.924 0.0000000000
91110  -38.677  22.913  11.338 0.0000000000
91098  -39.017  23.769  11.419 0.0000000000
98146  -48.249  31.919  15.209 0.0000000000
99068  -48.328  32.432  15.187 0.0000000000
99066  -47.350  32.807  14.440 0.0000000000
100861  -47.612  34.200  14.336 0.0000000000
99954  -47.287  33.578  14.473 0.0000000000
99960  -46.630  33.355  14.176 0.0000000000
99070  -45.329  33.095  13.348 0.0000000000
99076  -44.833  32.569  12.861 0.0000000000
99075  -44.131  33.152  12.606 0.0000000000
99079  -43.028  33.211  11.538 0.0000000000
99967  -43.537  33.779  12.107 0.0000000000
100876  -43.704  34.888  11.455 0.0000000000
100878  -45.635  35.372  11.803 0.0000000000
101715  -44.719  35.491  11.130 0.0000000000
101730  -44.236  35.728  10.490 0.0000000000
101752  -44.154  36.167  9.562 0.0000000000
102560  -44.182  36.511  8.729 0.0000000000
102573  -45.162  36.832  8.091 0.0000000000
86867  -44.863  19.339  2.434 0.0000000000
97205  -33.372  30.495  18.523 0.0000000000
97193  -35.001  30.872  19.542 0.0000000000
97176  -33.372  31.323  20.707 0.0000000000
98092  -34.593  31.244  20.184 0.0000000000
87795  -43.524  21.130  16.231 0.0000000000
87793  -42.364  20.353  16.921 0.0000000000
88834  -41.962  21.669  17.601 0.0000000000
87783  -41.452  20.635  17.616 0.0000000000
87673  -34.651  21.085  24.821 0.0000000000
87693  -34.399  21.041  24.255 0.0000000000
88752  -34.601  21.732  23.383 0.0000000000
89832  -34.428  22.518  22.698 0.0000000000
88769  -34.058  21.967  22.724 0.0000000000
90948  -34.584  23.232  22.272 0.0000000000
92053  -31.735  24.510  17.595 0.0000000000
92052  -30.755  24.930  17.781 0.0000000000
92990  -29.909  25.254  17.817 0.0000000000
88953  -41.197  21.299  7.036 0.0000000000
88965  -42.117  20.947  5.726 0.0000000000
88978  -42.508  21.141  5.077 0.0000000000
91205  -43.264  23.637  0.391 0.0000000000
96370  -39.419  30.015  13.013 0.0000000000
97273  -39.766  30.217  12.988 0.0000000000
96381  -41.905  29.409  12.150 0.0000000000
95529  -42.658  28.129  11.520 0.0000000000
94693  -43.471  27.725  11.078 0.0000000000
97294  -46.919  29.639  10.149 0.0000000000
96413  -47.276  29.410  9.232 0.0000000000
96422  -47.479  29.679  8.319 0.0000000000
96431  -47.561  29.899  7.555 0.0000000000
96430  -47.403  29.635  7.240 0.0000000000
97337  -47.041  30.342  6.574 0.0000000000
97346  -47.282  30.105  6.109 0.0000000000
96440  -47.032  29.636  6.034 0.0000000000
95598  -46.294  29.604  5.198 0.0000000000
95607  -45.907  29.566  4.419 0.0000000000
95614  -44.789  28.498  2.858 0.0000000000
95623  -45.536  28.943  2.137 0.0000000000
96499  -45.713  29.545  1.451 0.0000000000
95638  -45.108  28.639  -0.120 0.0000000000
95646  -44.961  28.481  -0.620 0.0000000000
95645  -44.642  28.453  -0.869 0.0000000000
95644  -44.179  28.358  -1.007 0.0000000000
96518  -43.681  29.523  -0.947 0.0000000000
96526  -43.249  30.157  -1.280 0.0000000000
98331  -43.840  31.024  -0.523 0.0000000000
97393  -43.163  30.845  -1.346 0.0000000000
97400  -42.597  30.586  -1.106 0.0000000000
98328  -41.017  30.961  -0.983 0.0000000000
98229  -38.608  32.094  5.848 0.0000000000
99134  -38.234  32.503  5.643 0.0000000000
100026  -37.642  33.726  4.212 0.0000000000
100025  -36.908  33.154  3.893 0.0000000000
100024  -36.678  32.783  3.262 0.0000000000
100043  -35.499  33.660  1.234 0.0000000000
100963  -35.852  34.255  1.068 0.0000000000
100956  -35.523  34.285  1.484 0.0000000000
100947  -35.538  34.491  2.424 0.0000000000
100948  -36.022  34.730  2.760 0.0000000000
87870  -42.779  19.681  9.951 0.0000000000
86808  -42.319  19.527  10.448 0.0000000000
87884  -42.221  20.125  8.686 0.0000000000
87897  -41.631  20.682  7.830 0.0000000000
86775  -39.930  20.317  10.782 0.0000000000
87854  -40.018  20.570  9.949 0.0000000000
87866  -39.806  20.898  9.680 0.0000000000
87867  -40.337  20.670  9.398 0.0000000000
87882  -40.711  20.728  8.647 0.0000000000
87896  -41.045  20.777  8.127 0.0000000000
88941  -41.014  21.068  7.668 0.0000000000
90070  -40.748  22.361  6.241 0.0000000000
91144  -39.963  22.929  7.098 0.0000000000
98153  -44.442  31.359  14.455 0.0000000000
98154  -45.488  30.748  14.452 0.0000000000
97257  -46.137  30.205  14.231 0.0000000000
97248  -46.493  30.438  14.725 0.0000000000
96364  -46.547  29.743  13.725 0.0000000000
96374  -46.925  29.445  13.066 0.0000000000
98156  -47.813  31.477  14.433 0.0000000000
97307  -46.645  30.077  9.240 0.0000000000
97316  -46.201  30.348  8.555 0.0000000000
97315  -45.354  30.442  8.842 0.0000000000
97325  -45.597  30.451  7.897 0.0000000000
97335  -45.829  30.475  7.125 0.0000000000
98248  -43.899  30.870  5.325 0.0000000000
98264  -43.465  30.916  4.269 0.0000000000
98232  -41.897  31.174  6.415 0.0000000000
99124  -39.469  32.297  6.870 0.0000000000
99084  -42.531  32.642  10.968 0.0000000000
99083  -41.923  33.275  10.440 0.0000000000
99096  -41.541  32.864  9.805 0.0000000000
100884  -41.790  34.475  9.966 0.0000000000
99984  -41.415  33.851  9.836 0.0000000000
99095  -40.968  33.253  9.304 0.0000000000
99105  -39.976  32.999  8.382 0.0000000000
99114  -39.510  32.761  7.684 0.0000000000
99113  -38.977  32.777  7.088 0.0000000000
100008  -38.685  34.031  6.381 0.0000000000
100926  -38.891  34.578  5.546 0.0000000000
101781  -40.044  35.346  6.619 0.0000000000
101794  -39.708  35.297  5.795 0.0000000000
101805  -39.385  35.253  4.750 0.0000000000
101816  -39.814  35.583  4.087 0.0000000000
102638  -40.155  36.172  2.754 0.0000000000
93005  -35.951  25.421  15.283 0.0000000000
93007  -36.657  25.520  14.789 0.0000000000
93873  -35.955  26.401  14.888 0.0000000000
94671  -36.371  27.343  14.379 0.0000000000
95501  -35.327  28.203  14.851 0.0000000000
95503  -35.946  28.226  14.541 0.0000000000
95504  -36.638  28.334  14.101 0.0000000000
98159  -39.115  31.294  14.305 0.0000000000
98160  -39.975  31.499  14.115 0.0000000000
98137  -39.276  31.289  16.336 0.0000000000
98150  -40.803  31.671  14.973 0.0000000000
98140  -42.926  31.979  15.688 0.0000000000
97211  -39.234  30.966  19.485 0.0000000000
97227  -39.749  31.081  19.190 0.0000000000
98113  -41.276  31.484  18.196 0.0000000000
98104  -41.131  31.443  19.318 0.0000000000
98128  -42.652  31.836  16.832 0.0000000000
98130  -44.956  31.673  16.419 0.0000000000
98117  -45.816  32.013  17.223 0.0000000000
98118  -46.461  32.019  16.798 0.0000000000
99058  -47.440  32.301  16.880 0.0000000000
87843  -45.414  20.625  11.772 0.0000000000
88871  -46.348  21.438  14.202 0.0000000000
88872  -46.913  21.680  13.600 0.0000000000
87830  -45.714  21.032  12.382 0.0000000000
86780  -43.446  19.433  11.989 0.0000000000
86779  -42.780  19.185  11.865 0.0000000000
86763  -43.093  19.149  12.709 0.0000000000
85801  -41.345  18.738  12.789 0.0000000000
85800  -40.950  18.928  12.537 0.0000000000
86752  -40.181  19.342  13.077 0.0000000000
86728  -42.971  19.923  16.253 0.0000000000
86734  -42.357  19.320  15.714 0.0000000000
85771  -42.125  18.844  15.193 0.0000000000
85763  -40.500  18.627  15.786 0.0000000000
85770  -41.005  18.544  14.990 0.0000000000
85778  -40.497  18.704  13.981 0.0000000000
86741  -39.057  20.033  13.551 0.0000000000
88861  -38.038  21.470  14.032 0.0000000000
88860  -37.542  21.823  14.491 0.0000000000
89970  -36.825  22.833  14.772 0.0000000000
91063  -36.598  23.700  14.909 0.0000000000
89884  -41.737  23.203  20.514 0.0000000000
90884  -39.028  24.479  26.545 0.0000000000
90900  -39.602  23.731  25.741 0.0000000000
90917  -39.247  23.194  24.952 0.0000000000
88739  -35.593  21.916  24.610 0.0000000000
89792  -36.224  22.358  24.740 0.0000000000
89794  -37.258  23.028  25.004 0.0000000000
90931  -36.573  23.265  23.617 0.0000000000
90914  -37.143  23.087  24.288 0.0000000000
90915  -37.641  23.263  24.652 0.0000000000
90916  -38.417  23.184  24.646 0.0000000000
89796  -39.806  22.659  24.305 0.0000000000
89816  -40.392  22.081  23.497 0.0000000000
89835  -40.028  22.272  22.572 0.0000000000
89855  -39.156  23.061  21.756 0.0000000000
89856  -39.948  22.647  21.665 0.0000000000
88784  -40.534  22.280  21.948 0.0000000000
89857  -41.051  22.666  21.242 0.0000000000
89883  -41.145  23.237  20.537 0.0000000000
90996  -41.328  23.462  19.992 0.0000000000
91017  -40.800  23.558  19.470 0.0000000000
89904  -40.297  22.971  19.264 0.0000000000
88817  -39.754  22.138  19.231 0.0000000000
89902  -38.521  22.751  19.857 0.0000000000
87764  -39.249  21.274  19.192 0.0000000000
87770  -36.689  19.782  18.231 0.0000000000
89878  -34.986  22.779  21.156 0.0000000000
88801  -35.581  21.845  20.546 0.0000000000
87752  -35.043  21.061  19.844 0.0000000000
87761  -35.788  20.357  19.143 0.0000000000
91056  -35.908  23.747  15.378 0.0000000000
93870  -35.592  25.922  15.322 0.0000000000
93869  -35.100  26.422  15.393 0.0000000000
94667  -34.479  27.274  15.404 0.0000000000
93002  -33.884  25.850  15.942 0.0000000000
94666  -33.765  27.237  15.692 0.0000000000
95499  -33.992  28.000  15.458 0.0000000000
96349  -33.054  29.412  16.818 0.0000000000
92995  -31.729  25.244  16.965 0.0000000000
92997  -31.618  25.849  16.803 0.0000000000
95492  -31.741  28.329  16.917 0.0000000000
96338  -31.957  29.595  17.622 0.0000000000
97219  -32.406  29.721  17.544 0.0000000000
97204  -32.135  30.180  18.315 0.0000000000
97190  -31.473  30.462  19.525 0.0000000000
96327  -30.337  29.652  20.258 0.0000000000
97173  -30.944  30.169  20.482 0.0000000000
97163  -31.211  30.178  21.247 0.0000000000
88984  -49.813  21.762  4.773 0.0000000000
91176  -49.445  22.609  4.560 0.0000000000
90084  -49.347  22.223  4.377 0.0000000000
88983  -49.004  21.792  4.363 0.0000000000
88982  -48.335  21.523  4.088 0.0000000000
87951  -47.744  21.375  3.409 0.0000000000
88930  -45.810  20.964  8.018 0.0000000000
87922  -44.560  20.768  5.553 0.0000000000
88955  -45.684  21.293  6.377 0.0000000000
88956  -46.511  22.021  6.159 0.0000000000
90093  -47.691  22.441  3.356 0.0000000000
89008  -47.706  22.226  3.169 0.0000000000
87961  -47.556  21.773  3.006 0.0000000000
86889  -46.397  20.888  1.793 0.0000000000
87978  -44.620  20.605  0.708 0.0000000000
87967  -42.817  20.542  0.274 0.0000000000
87966  -42.193  20.537  0.603 0.0000000000
93008  -37.396  25.638  14.361 0.0000000000
92084  -38.644  25.189  13.145 0.0000000000
93877  -38.288  26.459  13.635 0.0000000000
93012  -38.538  25.696  13.440 0.0000000000
92102  -40.182  24.866  11.229 0.0000000000
95512  -39.542  28.670  12.592 0.0000000000
95509  -39.605  28.044  12.595 0.0000000000
94680  -39.976  27.451  12.349 0.0000000000
93883  -41.065  27.179  11.911 0.0000000000
93882  -40.513  26.700  12.011 0.0000000000
93017  -40.471  26.118  11.771 0.0000000000
93050  -40.414  24.985  8.711 0.0000000000
93059  -40.559  25.411  8.091 0.0000000000
93077  -41.342  25.326  5.717 0.0000000000
98164  -44.679  30.739  13.758 0.0000000000
96371  -44.453  29.755  12.698 0.0000000000
96385  -45.536  29.048  12.383 0.0000000000
96384  -44.651  29.101  12.365 0.0000000000
95531  -44.116  28.204  11.381 0.0000000000
94694  -44.149  27.843  10.912 0.0000000000
95546  -47.376  28.972  9.506 0.0000000000
95545  -46.779  28.687  9.806 0.0000000000
95567  -46.125  28.647  8.146 0.0000000000
94725  -45.510  28.395  8.731 0.0000000000
94705  -45.181  27.910  9.988 0.0000000000
94715  -43.733  27.508  9.682 0.0000000000
94739  -41.882  27.125  6.949 0.0000000000
93935  -41.879  26.786  6.252 0.0000000000
93078  -41.726  25.930  5.393 0.0000000000
93960  -42.983  26.245  3.235 0.0000000000
92194  -43.563  24.248  0.187 0.0000000000
94764  -44.679  27.801  2.031 0.0000000000
94771  -44.296  27.236  1.600 0.0000000000
94781  -44.759  27.603  0.453 0.0000000000
93978  -44.566  26.839  0.408 0.0000000000
93977  -44.133  26.499  0.872 0.0000000000
93117  -44.048  25.636  -0.008 0.0000000000
92195  -43.770  24.652  -0.421 0.0000000000
90133  -43.383  23.555  -1.220 0.0000000000
90132  -43.190  23.560  -1.431 0.0000000000
90123  -42.871  23.041  -1.359 0.0000000000
91217  -43.204  24.165  -1.522 0.0000000000
91216  -42.895  23.844  -1.556 0.0000000000
90117  -42.308  22.728  -0.830 0.0000000000
94794  -43.513  27.769  -0.731 0.0000000000
95629  -42.830  28.827  0.418 0.0000000000
94779  -42.741  27.754  0.599 0.0000000000
98293  -41.783  31.556  1.722 0.0000000000
98319  -39.954  31.056  -0.550 0.0000000000
98244  -38.507  31.755  5.032 0.0000000000
98306  -39.148  31.245  0.327 0.0000000000
96507  -39.542  30.188  0.044 0.0000000000
96484  -39.248  29.574  1.711 0.0000000000
96483  -37.996  29.501  1.229 0.0000000000
96447  -36.616  29.764  4.525 0.0000000000
97371  -35.126  31.256  0.743 0.0000000000
97370  -34.873  31.369  1.321 0.0000000000
97363  -34.715  31.152  2.082 0.0000000000
98242  -33.049  31.456  4.837 0.0000000000
102586  -45.130  37.040  7.143 0.0000000000
102613  -42.452  37.211  5.114 0.0000000000
102626  -41.404  36.733  3.894 0.0000000000
102639  -40.947  36.525  2.920 0.0000000000
102650  -39.861  36.208  2.159 0.0000000000
103429  -41.177  37.547  1.201 0.0000000000
102663  -40.559  37.040  1.525 0.0000000000
101842  -39.462  35.931  1.992 0.0000000000
101841  -39.011  35.737  1.751 0.0000000000
102660  -37.885  35.973  1.782 0.0000000000
103413  -38.247  36.451  2.292 0.0000000000
102649  -37.507  36.067  2.356 0.0000000000
102659  -37.252  35.597  2.052 0.0000000000
101821  -36.693  35.451  2.783 0.0000000000
101813  -36.327  34.938  3.283 0.0000000000
85765  -42.032  19.212  15.767 0.0000000000
85777  -39.872  18.823  14.242 0.0000000000
85786  -40.699  18.941  13.058 0.0000000000
85787  -41.292  18.655  13.428 0.0000000000
86709  -41.167  20.503  17.716 0.0000000000
86736  -43.720  19.999  15.232 0.0000000000
86790  -39.992  20.455  10.294 0.0000000000
87754  -36.752  21.104  19.997 0.0000000000
87765  -39.795  21.481  19.057 0.0000000000
87775  -41.701  21.462  17.754 0.0000000000
87785  -42.605  21.328  17.029 0.0000000000
87803  -43.280  20.139  16.075 0.0000000000
87820  -39.193  20.407  12.735 0.0000000000
87841  -44.074  19.630  12.100 0.0000000000
87941  -50.143  21.389  5.101 0.0000000000
88770  -40.732  21.927  22.492 0.0000000000
88785  -40.960  22.110  21.907 0.0000000000
88804  -38.301  22.566  20.012 0.0000000000
88815  -37.618  21.415  19.939 0.0000000000
88818  -40.289  22.480  19.022 0.0000000000
88859  -37.102  22.316  14.665 0.0000000000
88862  -44.639  20.989  15.313 0.0000000000
88877  -38.865  21.262  12.062 0.0000000000
88928  -39.765  21.686  9.083 0.0000000000
89793  -36.794  22.766  24.725 0.0000000000
89882  -38.710  23.368  20.145 0.0000000000
89906  -43.580  23.244  19.286 0.0000000000
89934  -33.837  22.531  17.018 0.0000000000
89935  -42.508  22.729  17.949 0.0000000000
90015  -38.601  22.238  11.405 0.0000000000
90075  -50.584  22.155  5.334 0.0000000000
90086  -50.424  22.011  5.035 0.0000000000
90095  -48.937  22.577  4.016 0.0000000000
90972  -39.702  23.275  21.142 0.0000000000
91020  -43.132  23.433  19.359 0.0000000000
91031  -41.379  23.465  18.818 0.0000000000
91033  -42.938  23.470  18.863 0.0000000000
91048  -34.611  23.599  16.197 0.0000000000
91154  -40.428  22.837  6.484 0.0000000000
91177  -49.868  22.460  4.851 0.0000000000
91183  -48.803  22.785  3.888 0.0000000000
92051  -30.264  25.080  17.827 0.0000000000
92201  -42.715  24.735  -1.316 0.0000000000
93136  -44.268  26.069  -1.406 0.0000000000
93943  -41.625  26.222  5.869 0.0000000000
93985  -44.395  26.345  0.110 0.0000000000
94675  -37.834  27.724  13.503 0.0000000000
94691  -42.061  27.655  11.522 0.0000000000
94724  -44.774  28.179  8.751 0.0000000000
94772  -44.717  27.704  1.289 0.0000000000
94790  -44.871  28.102  -0.533 0.0000000000
94796  -44.633  27.636  -0.973 0.0000000000
94803  -44.203  27.436  -1.309 0.0000000000
94804  -44.422  27.478  -1.231 0.0000000000
95493  -32.368  28.446  16.632 0.0000000000
95555  -46.138  28.492  9.190 0.0000000000
95569  -47.434  29.448  8.180 0.0000000000
95589  -47.021  29.515  6.338 0.0000000000
95650  -44.320  27.730  -1.184 0.0000000000
96348  -32.442  29.172  16.951 0.0000000000
96378  -39.241  29.022  12.755 0.0000000000
96421  -47.470  29.599  7.838 0.0000000000
96441  -47.302  29.724  6.495 0.0000000000
96442  -47.527  29.962  6.863 0.0000000000
96451  -46.759  29.758  5.521 0.0000000000
96452  -47.179  29.927  5.885 0.0000000000
96453  -47.442  30.000  6.341 0.0000000000
96504  -37.073  30.427  -0.956 0.0000000000
96520  -45.011  29.075  -0.507 0.0000000000
96525  -42.915  30.326  -1.275 0.0000000000
96527  -43.682  30.081  -1.216 0.0000000000
97166  -39.049  31.333  21.193 0.0000000000
97169  -40.341  31.332  21.844 0.0000000000
97269  -45.798  29.830  13.577 0.0000000000
97277  -43.589  29.926  12.500 0.0000000000
97278  -47.102  30.373  11.984 0.0000000000
97292  -45.713  30.467  10.401 0.0000000000
97305  -45.196  30.467  9.803 0.0000000000
97338  -47.325  30.161  6.465 0.0000000000
97344  -46.634  30.333  6.080 0.0000000000
97353  -46.506  30.222  4.942 0.0000000000
97365  -35.341  30.774  0.668 0.0000000000
97379  -36.778  30.867  -1.091 0.0000000000
97380  -37.459  30.734  -1.069 0.0000000000
97401  -43.038  30.589  -1.367 0.0000000000
97402  -43.414  30.401  -1.347 0.0000000000
98072  -40.797  31.354  22.169 0.0000000000
98157  -48.220  32.039  14.858 0.0000000000
98166  -45.785  31.989  13.113 0.0000000000
98183  -42.534  32.063  10.569 0.0000000000
98186  -45.265  30.635  10.650 0.0000000000
98236  -46.148  30.394  6.008 0.0000000000
98252  -46.539  30.251  5.254 0.0000000000
98268  -46.307  30.372  4.989 0.0000000000
98327  -40.409  30.800  -0.920 0.0000000000
98330  -43.050  31.135  -0.949 0.0000000000
98336  -42.571  30.824  -1.227 0.0000000000
99036  -45.365  32.346  19.634 0.0000000000
99057  -46.878  32.198  16.817 0.0000000000
99080  -43.610  32.584  12.034 0.0000000000
99115  -40.407  32.366  7.982 0.0000000000
99133  -37.696  32.329  4.942 0.0000000000
99141  -36.858  32.496  3.505 0.0000000000
99148  -36.685  32.412  2.759 0.0000000000
99962  -44.165  33.934  12.478 0.0000000000
99983  -40.872  34.022  9.291 0.0000000000
99999  -38.692  33.007  6.795 0.0000000000
100870  -43.950  34.315  12.125 0.0000000000
100939  -35.891  34.636  3.051 0.0000000000
100942  -38.846  34.826  3.333 0.0000000000
100966  -37.679  34.880  1.603 0.0000000000
101716  -45.554  35.605  11.217 0.0000000000
101769  -41.619  35.711  8.231 0.0000000000
101819  -35.917  34.866  2.070 0.0000000000
101824  -39.723  35.697  3.263 0.0000000000
101829  -36.245  35.017  1.876 0.0000000000
102572  -44.184  36.892  7.985 0.0000000000
102583  -42.108  36.630  6.657 0.0000000000
102627  -42.028  37.201  4.350 0.0000000000
102648  -37.046  35.698  2.434 0.0000000000
103415  -41.046  37.138  1.685 0.0000000000
