#!ascii label  , from subject sub.01.dh.02.long.sub.01.base.03 vox2ras=TkReg
1411
55836  -40.505  -8.797  42.478 0.0000000000
40125  -28.306  -22.098  49.388 0.0000000000
65018  -45.492  0.092  31.657 0.0000000000
55998  -35.443  -8.700  32.907 0.0000000000
64905  -39.204  -0.723  38.133 0.0000000000
45339  -37.386  -17.349  46.348 0.0000000000
47677  -30.021  -15.481  41.208 0.0000000000
47787  -34.122  -15.444  34.466 0.0000000000
45303  -19.740  -17.585  49.790 0.0000000000
68514  -46.857  1.944  31.296 0.0000000000
43239  -23.309  -18.560  38.987 0.0000000000
55904  -37.630  -8.413  37.794 0.0000000000
60313  -38.606  -4.870  35.453 0.0000000000
60266  -41.097  -4.767  40.200 0.0000000000
49963  -39.174  -13.361  44.455 0.0000000000
45439  -36.178  -17.389  40.463 0.0000000000
51269  -35.824  -12.937  37.977 0.0000000000
50135  -35.484  -13.491  32.895 0.0000000000
69752  -49.733  3.120  29.996 0.0000000000
41977  -22.562  -20.261  50.565 0.0000000000
45372  -21.766  -17.431  44.315 0.0000000000
42103  -25.149  -20.113  44.457 0.0000000000
66160  -42.134  0.436  35.287 0.0000000000
43074  -33.076  -20.145  48.430 0.0000000000
44277  -29.346  -19.086  45.748 0.0000000000
43171  -34.162  -19.103  43.045 0.0000000000
46548  -32.263  -16.351  37.393 0.0000000000
48674  -16.918  -14.344  51.071 0.0000000000
69602  -42.972  3.326  41.186 0.0000000000
66115  -46.671  1.110  38.571 0.0000000000
69686  -45.583  3.931  35.414 0.0000000000
64933  -49.612  0.112  35.578 0.0000000000
66241  -51.828  1.278  33.233 0.0000000000
47637  -18.704  -15.370  43.519 0.0000000000
45434  -26.454  -17.174  40.778 0.0000000000
55877  -38.542  -8.693  39.533 0.0000000000
58087  -39.977  -6.397  38.914 0.0000000000
58057  -41.562  -5.979  41.581 0.0000000000
53383  -40.259  -10.827  43.642 0.0000000000
51185  -37.729  -12.413  41.831 0.0000000000
53472  -38.173  -10.446  40.173 0.0000000000
53506  -36.919  -10.295  37.903 0.0000000000
63818  -45.029  -1.350  29.019 0.0000000000
65047  -46.823  -0.679  30.485 0.0000000000
41034  -25.579  -22.040  50.086 0.0000000000
43089  -24.187  -19.714  47.332 0.0000000000
41078  -26.900  -21.334  47.700 0.0000000000
58230  -34.971  -7.292  31.503 0.0000000000
61467  -39.677  -3.848  36.199 0.0000000000
61502  -38.411  -3.664  33.471 0.0000000000
63740  -39.245  -2.046  34.806 0.0000000000
64961  -40.135  -0.606  33.656 0.0000000000
66123  -40.566  0.294  36.670 0.0000000000
44245  -35.586  -18.815  47.335 0.0000000000
42047  -34.206  -20.764  46.391 0.0000000000
43154  -35.845  -19.588  44.763 0.0000000000
46572  -35.463  -16.554  37.449 0.0000000000
45468  -34.150  -17.603  38.316 0.0000000000
46608  -32.673  -16.427  35.757 0.0000000000
53567  -35.378  -10.718  32.874 0.0000000000
67230  -45.177  2.194  40.539 0.0000000000
68430  -48.598  2.863  36.869 0.0000000000
68472  -49.695  2.378  34.854 0.0000000000
66194  -51.138  0.898  34.776 0.0000000000
68505  -50.791  2.645  33.529 0.0000000000
69755  -52.810  4.257  30.546 0.0000000000
46387  -18.367  -15.930  50.263 0.0000000000
47517  -17.053  -15.294  47.943 0.0000000000
47542  -19.511  -16.234  47.321 0.0000000000
45423  -22.460  -17.824  40.941 0.0000000000
46515  -21.359  -16.796  40.142 0.0000000000
45465  -22.363  -17.716  38.346 0.0000000000
45393  -30.121  -16.985  44.163 0.0000000000
45391  -27.529  -17.278  43.993 0.0000000000
46505  -27.346  -16.421  41.836 0.0000000000
55967  -36.264  -8.548  34.849 0.0000000000
58190  -36.759  -6.557  34.221 0.0000000000
58137  -38.050  -6.696  36.449 0.0000000000
59221  -39.836  -4.887  37.196 0.0000000000
61436  -39.750  -3.430  38.920 0.0000000000
47601  -38.725  -15.656  45.729 0.0000000000
45398  -36.895  -17.458  43.409 0.0000000000
47660  -36.972  -15.471  43.067 0.0000000000
47710  -35.781  -15.093  38.719 0.0000000000
47773  -35.877  -15.214  36.161 0.0000000000
48948  -35.438  -14.464  33.513 0.0000000000
51296  -35.792  -12.690  36.128 0.0000000000
53537  -36.160  -10.576  35.443 0.0000000000
68527  -47.633  2.108  29.821 0.0000000000
73013  -47.474  6.287  30.964 0.0000000000
43054  -21.018  -19.280  50.574 0.0000000000
45348  -20.842  -17.314  46.844 0.0000000000
44240  -22.397  -18.899  47.724 0.0000000000
44292  -23.457  -18.757  44.451 0.0000000000
43202  -23.778  -19.189  41.174 0.0000000000
60364  -36.810  -5.084  33.192 0.0000000000
66264  -41.767  0.023  31.662 0.0000000000
66239  -43.696  0.432  33.055 0.0000000000
41039  -31.053  -21.743  49.278 0.0000000000
41081  -29.409  -21.132  47.561 0.0000000000
42044  -31.485  -20.625  46.914 0.0000000000
44298  -32.007  -18.562  44.976 0.0000000000
46474  -32.437  -16.734  42.759 0.0000000000
43205  -35.048  -18.953  41.129 0.0000000000
45427  -33.759  -17.721  40.903 0.0000000000
47695  -31.243  -15.090  40.100 0.0000000000
59122  -43.189  -5.842  44.238 0.0000000000
43045  -29.043  -19.814  49.982 0.0000000000
46421  -32.574  -16.381  47.365 0.0000000000
47579  -36.050  -15.735  46.690 0.0000000000
62505  -42.415  -2.645  43.750 0.0000000000
63671  -40.893  -2.055  42.752 0.0000000000
66079  -39.481  0.400  41.214 0.0000000000
69570  -40.467  3.920  42.598 0.0000000000
66092  -40.364  1.324  39.751 0.0000000000
66105  -42.933  1.716  38.976 0.0000000000
66142  -44.739  0.543  36.742 0.0000000000
66164  -46.381  0.435  36.073 0.0000000000
69630  -46.916  3.338  38.260 0.0000000000
66130  -48.296  0.821  37.852 0.0000000000
64941  -48.040  0.361  35.125 0.0000000000
64967  -49.363  -0.276  33.816 0.0000000000
68517  -52.249  3.751  32.097 0.0000000000
48747  -15.683  -14.462  48.190 0.0000000000
47700  -17.133  -15.708  40.278 0.0000000000
46457  -20.458  -16.417  44.412 0.0000000000
47690  -19.512  -15.724  40.323 0.0000000000
42087  -26.851  -20.010  45.367 0.0000000000
44332  -25.418  -18.662  42.801 0.0000000000
44369  -25.137  -18.054  39.598 0.0000000000
44391  -26.823  -18.616  39.165 0.0000000000
55851  -39.940  -8.658  41.636 0.0000000000
57003  -40.084  -7.076  40.411 0.0000000000
56990  -41.171  -6.969  41.818 0.0000000000
54588  -40.527  -9.551  43.154 0.0000000000
53429  -39.157  -10.757  42.383 0.0000000000
54607  -39.485  -9.813  41.934 0.0000000000
54629  -38.610  -9.814  40.517 0.0000000000
65017  -44.504  0.214  31.711 0.0000000000
65046  -45.719  -0.345  30.663 0.0000000000
65071  -46.430  -1.087  29.761 0.0000000000
65019  -46.571  -0.050  31.612 0.0000000000
40123  -26.636  -21.951  49.819 0.0000000000
41060  -25.957  -21.492  48.738 0.0000000000
41062  -27.651  -21.773  48.355 0.0000000000
54795  -34.696  -9.564  31.147 0.0000000000
57146  -35.218  -8.112  31.958 0.0000000000
62553  -39.215  -2.749  37.328 0.0000000000
62568  -39.466  -2.944  35.389 0.0000000000
64922  -39.147  -1.355  36.214 0.0000000000
64923  -39.626  -0.449  36.193 0.0000000000
64914  -39.843  -0.180  37.382 0.0000000000
44246  -36.522  -18.625  46.904 0.0000000000
43109  -35.953  -19.709  46.499 0.0000000000
43111  -36.793  -18.946  45.744 0.0000000000
46611  -35.048  -16.014  35.655 0.0000000000
46595  -33.753  -16.754  36.219 0.0000000000
46624  -33.706  -15.992  35.082 0.0000000000
47785  -32.050  -15.681  34.908 0.0000000000
54782  -35.195  -9.807  32.524 0.0000000000
52475  -35.056  -11.378  31.329 0.0000000000
53587  -34.864  -10.479  31.194 0.0000000000
68471  -48.570  2.631  34.899 0.0000000000
68489  -49.150  2.199  34.113 0.0000000000
68473  -50.604  2.379  34.611 0.0000000000
67349  -48.774  1.724  33.180 0.0000000000
45289  -19.201  -16.996  50.484 0.0000000000
47519  -18.647  -16.078  48.731 0.0000000000
46405  -19.689  -16.901  48.982 0.0000000000
44368  -22.909  -18.219  39.524 0.0000000000
45446  -22.472  -17.891  39.158 0.0000000000
44387  -22.847  -18.301  38.599 0.0000000000
44424  -22.944  -19.041  36.609 0.0000000000
43287  -23.947  -19.078  37.171 0.0000000000
46489  -29.629  -16.162  42.608 0.0000000000
46488  -28.742  -16.379  42.713 0.0000000000
46507  -28.994  -15.994  42.165 0.0000000000
55921  -37.076  -8.461  36.628 0.0000000000
57078  -36.931  -7.984  35.820 0.0000000000
57058  -37.787  -7.477  37.112 0.0000000000
58088  -40.622  -5.808  39.424 0.0000000000
58122  -39.867  -5.622  38.008 0.0000000000
60277  -40.572  -4.618  38.482 0.0000000000
61450  -40.365  -3.933  38.224 0.0000000000
61437  -40.470  -4.121  39.328 0.0000000000
48820  -38.918  -14.507  45.025 0.0000000000
47620  -38.004  -15.847  44.425 0.0000000000
48851  -38.187  -13.977  43.674 0.0000000000
51223  -36.738  -12.275  40.318 0.0000000000
50016  -36.265  -13.571  40.447 0.0000000000
50051  -35.707  -13.906  38.423 0.0000000000
48901  -35.903  -14.731  37.663 0.0000000000
50066  -35.944  -13.689  37.249 0.0000000000
50085  -36.037  -13.641  35.768 0.0000000000
51287  -35.918  -12.704  37.018 0.0000000000
54671  -37.530  -9.569  38.445 0.0000000000
53521  -36.295  -10.745  36.304 0.0000000000
54712  -36.594  -9.673  36.183 0.0000000000
54733  -36.233  -9.513  35.226 0.0000000000
43043  -21.959  -19.768  50.513 0.0000000000
44220  -21.785  -18.847  48.660 0.0000000000
43070  -22.557  -19.402  48.939 0.0000000000
42060  -25.053  -20.016  45.816 0.0000000000
43123  -24.054  -19.316  45.833 0.0000000000
43145  -24.107  -19.309  44.837 0.0000000000
44331  -23.491  -19.042  42.921 0.0000000000
43187  -24.550  -19.438  42.772 0.0000000000
58191  -37.011  -5.851  34.407 0.0000000000
59274  -36.774  -5.693  33.720 0.0000000000
60348  -37.329  -4.957  33.993 0.0000000000
61518  -38.928  -2.763  32.954 0.0000000000
61516  -37.655  -3.736  32.592 0.0000000000
61531  -38.270  -2.846  31.957 0.0000000000
66185  -40.982  -0.021  34.235 0.0000000000
64984  -40.891  -0.245  32.590 0.0000000000
66217  -42.247  0.256  33.624 0.0000000000
66238  -42.690  0.404  32.656 0.0000000000
66187  -42.737  0.384  34.530 0.0000000000
41997  -31.877  -21.303  49.076 0.0000000000
40141  -31.347  -21.579  48.585 0.0000000000
41068  -33.059  -21.581  47.732 0.0000000000
43152  -33.723  -19.540  44.258 0.0000000000
43130  -32.760  -19.993  45.421 0.0000000000
44299  -32.929  -18.781  44.263 0.0000000000
44316  -32.417  -18.110  44.188 0.0000000000
45396  -33.015  -17.553  42.882 0.0000000000
45428  -36.191  -17.366  41.587 0.0000000000
43207  -35.916  -18.717  42.050 0.0000000000
44347  -35.923  -18.257  41.141 0.0000000000
45467  -33.363  -17.281  37.847 0.0000000000
45438  -33.937  -17.756  40.007 0.0000000000
46533  -32.832  -16.478  39.121 0.0000000000
46519  -32.739  -16.038  39.846 0.0000000000
50117  -35.718  -13.653  33.698 0.0000000000
47577  -34.435  -15.815  46.609 0.0000000000
48783  -39.413  -14.236  46.934 0.0000000000
61381  -43.199  -4.405  43.941 0.0000000000
64830  -41.705  -0.655  44.346 0.0000000000
66051  -40.761  0.466  43.691 0.0000000000
64861  -40.055  -0.477  42.499 0.0000000000
67200  -40.026  1.318  42.691 0.0000000000
69585  -41.688  3.777  41.512 0.0000000000
68336  -40.735  2.882  41.062 0.0000000000
68354  -41.756  2.775  40.497 0.0000000000
67242  -41.631  1.965  39.586 0.0000000000
68375  -42.810  2.476  40.163 0.0000000000
67246  -45.658  1.804  40.089 0.0000000000
66113  -44.696  1.264  38.510 0.0000000000
66114  -45.751  1.106  38.607 0.0000000000
66163  -45.312  0.376  35.915 0.0000000000
66128  -46.322  0.699  37.850 0.0000000000
70809  -46.932  3.719  36.978 0.0000000000
67294  -49.680  2.082  36.916 0.0000000000
67280  -49.175  2.028  37.434 0.0000000000
66146  -48.876  0.692  37.040 0.0000000000
66166  -48.360  0.361  36.144 0.0000000000
64932  -48.844  0.198  35.657 0.0000000000
64966  -48.282  0.164  33.884 0.0000000000
64943  -50.121  -0.173  34.905 0.0000000000
66223  -51.550  1.091  33.811 0.0000000000
63757  -50.968  -0.617  33.544 0.0000000000
63758  -51.221  -0.519  33.291 0.0000000000
69767  -48.406  2.974  29.821 0.0000000000
67385  -50.365  1.991  31.026 0.0000000000
68530  -51.382  2.926  31.037 0.0000000000
47595  -18.236  -15.312  45.523 0.0000000000
47567  -16.620  -14.885  45.995 0.0000000000
47636  -17.472  -15.291  43.441 0.0000000000
47652  -16.956  -15.482  42.557 0.0000000000
47653  -17.966  -15.314  42.512 0.0000000000
45363  -21.613  -17.462  45.442 0.0000000000
46447  -20.473  -16.569  45.480 0.0000000000
45387  -21.144  -16.879  43.820 0.0000000000
47691  -20.248  -16.116  40.141 0.0000000000
45507  -19.742  -17.427  36.004 0.0000000000
42065  -29.759  -19.980  46.747 0.0000000000
42063  -27.463  -20.345  46.089 0.0000000000
43125  -28.087  -19.745  45.782 0.0000000000
45411  -26.334  -17.525  42.955 0.0000000000
44333  -25.748  -18.192  43.154 0.0000000000
45424  -25.658  -17.920  42.153 0.0000000000
44343  -25.082  -18.509  41.492 0.0000000000
44354  -25.386  -17.917  40.416 0.0000000000
43290  -26.445  -19.342  38.242 0.0000000000
55889  -37.850  -8.772  38.452 0.0000000000
57030  -38.922  -7.497  38.684 0.0000000000
57017  -39.458  -7.242  39.434 0.0000000000
58070  -40.684  -6.272  40.172 0.0000000000
59162  -41.555  -5.335  41.030 0.0000000000
51147  -40.002  -11.816  44.035 0.0000000000
51145  -38.604  -12.772  43.365 0.0000000000
52297  -38.751  -11.549  42.705 0.0000000000
52329  -37.837  -11.641  41.000 0.0000000000
52343  -36.671  -11.795  39.490 0.0000000000
52379  -36.109  -11.782  37.606 0.0000000000
53471  -37.569  -10.708  39.620 0.0000000000
54651  -38.088  -9.706  39.539 0.0000000000
63798  -47.970  -1.251  30.300 0.0000000000
41032  -24.339  -21.167  50.006 0.0000000000
42007  -23.824  -20.080  48.692 0.0000000000
42008  -24.891  -20.967  49.166 0.0000000000
42038  -25.970  -20.755  47.083 0.0000000000
42061  -25.599  -20.218  45.878 0.0000000000
60314  -39.156  -4.634  35.688 0.0000000000
60333  -39.090  -4.170  34.748 0.0000000000
61476  -39.442  -3.689  35.089 0.0000000000
62579  -39.372  -2.847  34.330 0.0000000000
63756  -39.549  -1.821  33.834 0.0000000000
65012  -39.828  -1.090  32.477 0.0000000000
64960  -39.734  -1.033  33.868 0.0000000000
66158  -40.409  -0.110  34.706 0.0000000000
66139  -41.390  0.478  35.985 0.0000000000
44226  -34.164  -19.666  48.200 0.0000000000
41069  -33.643  -21.198  47.349 0.0000000000
42026  -35.203  -20.190  47.195 0.0000000000
42071  -35.486  -20.058  45.331 0.0000000000
42105  -34.935  -19.930  43.896 0.0000000000
45494  -35.867  -16.982  38.503 0.0000000000
44395  -35.379  -17.851  39.035 0.0000000000
45492  -34.745  -17.384  37.804 0.0000000000
45490  -33.434  -17.108  37.037 0.0000000000
46570  -32.279  -16.509  36.698 0.0000000000
47740  -31.647  -16.073  36.920 0.0000000000
47770  -31.277  -15.988  35.458 0.0000000000
52446  -35.458  -11.717  33.143 0.0000000000
51350  -35.274  -12.343  31.632 0.0000000000
70717  -43.410  4.860  41.652 0.0000000000
68356  -43.888  2.826  40.767 0.0000000000
68339  -44.632  3.359  41.229 0.0000000000
69604  -45.444  3.055  40.931 0.0000000000
68378  -46.354  2.413  39.884 0.0000000000
69699  -46.161  3.552  34.490 0.0000000000
69674  -47.397  3.491  36.637 0.0000000000
68449  -47.586  3.197  35.574 0.0000000000
68451  -49.330  2.574  35.711 0.0000000000
67295  -50.196  1.868  36.332 0.0000000000
66168  -50.388  0.742  35.730 0.0000000000
68453  -50.843  2.204  35.083 0.0000000000
68474  -51.385  2.549  34.318 0.0000000000
67335  -52.298  2.861  33.771 0.0000000000
70921  -50.105  3.585  29.470 0.0000000000
68544  -51.927  3.883  30.510 0.0000000000
69770  -52.270  4.200  29.925 0.0000000000
47457  -17.583  -15.146  51.325 0.0000000000
47496  -17.287  -14.917  49.119 0.0000000000
47518  -18.019  -15.471  48.373 0.0000000000
47569  -18.521  -15.470  46.576 0.0000000000
47596  -19.194  -15.620  45.814 0.0000000000
45389  -22.351  -17.823  42.789 0.0000000000
45408  -21.779  -17.234  42.263 0.0000000000
45431  -22.036  -17.199  40.493 0.0000000000
45445  -21.856  -17.248  39.285 0.0000000000
45486  -21.629  -17.011  37.043 0.0000000000
45508  -20.930  -17.433  36.286 0.0000000000
43310  -22.272  -18.877  35.935 0.0000000000
45376  -29.827  -17.680  44.779 0.0000000000
45374  -27.832  -18.165  44.835 0.0000000000
45392  -28.976  -17.072  44.195 0.0000000000
46487  -27.759  -16.629  42.803 0.0000000000
46517  -26.957  -16.678  41.059 0.0000000000
54774  -35.757  -9.135  33.870 0.0000000000
57133  -35.905  -7.960  33.408 0.0000000000
57112  -36.435  -7.613  34.237 0.0000000000
57097  -37.175  -6.977  35.373 0.0000000000
58154  -38.239  -6.107  36.144 0.0000000000
57045  -39.197  -6.422  37.899 0.0000000000
58139  -39.157  -5.767  37.099 0.0000000000
59236  -38.976  -5.090  36.185 0.0000000000
61468  -39.895  -3.960  36.888 0.0000000000
61449  -39.778  -3.370  37.846 0.0000000000
62544  -39.153  -2.600  38.401 0.0000000000
45340  -37.943  -16.974  46.059 0.0000000000
45364  -37.556  -17.467  45.143 0.0000000000
45380  -37.890  -16.648  44.656 0.0000000000
45416  -36.906  -16.755  43.186 0.0000000000
46520  -36.209  -16.538  40.879 0.0000000000
48865  -36.892  -14.024  42.358 0.0000000000
48878  -36.202  -14.689  40.772 0.0000000000
46534  -36.201  -16.530  39.816 0.0000000000
46573  -35.730  -16.317  37.981 0.0000000000
46612  -35.540  -15.855  36.223 0.0000000000
46626  -35.021  -15.671  35.005 0.0000000000
47806  -34.692  -14.943  33.864 0.0000000000
48935  -35.613  -14.867  34.235 0.0000000000
48949  -35.951  -14.159  33.945 0.0000000000
51325  -35.585  -13.147  34.164 0.0000000000
52401  -35.919  -11.672  36.678 0.0000000000
52419  -35.831  -11.664  35.718 0.0000000000
51309  -35.572  -12.442  34.250 0.0000000000
53556  -35.553  -10.830  33.861 0.0000000000
54756  -35.617  -10.036  34.151 0.0000000000
68526  -46.987  1.954  30.020 0.0000000000
70917  -46.562  4.070  29.525 0.0000000000
70918  -47.347  4.018  29.843 0.0000000000
70898  -48.255  4.172  30.172 0.0000000000
71989  -48.361  5.086  30.211 0.0000000000
72005  -48.509  4.846  29.671 0.0000000000
44195  -20.069  -18.316  50.531 0.0000000000
45318  -20.389  -17.810  49.007 0.0000000000
44219  -21.132  -18.127  48.387 0.0000000000
44239  -21.713  -18.277  47.322 0.0000000000
44260  -22.156  -17.947  46.030 0.0000000000
43088  -23.545  -19.563  47.821 0.0000000000
44274  -22.820  -18.374  45.274 0.0000000000
44291  -22.674  -18.263  44.170 0.0000000000
44330  -23.009  -18.582  42.427 0.0000000000
43185  -23.295  -18.945  41.586 0.0000000000
43219  -23.828  -18.749  40.299 0.0000000000
58213  -35.783  -6.933  32.466 0.0000000000
59295  -35.970  -6.339  32.267 0.0000000000
60365  -37.270  -4.293  33.018 0.0000000000
65016  -43.567  0.317  31.768 0.0000000000
64963  -44.916  0.283  33.327 0.0000000000
40115  -29.584  -22.145  49.533 0.0000000000
40138  -29.265  -22.163  48.634 0.0000000000
40139  -30.056  -22.080  48.551 0.0000000000
41082  -30.304  -20.991  47.588 0.0000000000
42066  -30.799  -20.013  46.692 0.0000000000
41097  -33.104  -20.977  46.273 0.0000000000
43129  -32.098  -19.592  45.905 0.0000000000
44278  -30.368  -18.895  45.854 0.0000000000
45377  -30.962  -17.638  44.687 0.0000000000
45394  -31.216  -16.959  44.025 0.0000000000
47658  -30.664  -15.668  41.779 0.0000000000
44301  -36.570  -18.523  44.220 0.0000000000
43191  -35.520  -19.162  42.548 0.0000000000
43189  -34.344  -18.888  42.299 0.0000000000
44376  -34.985  -18.331  39.671 0.0000000000
44358  -34.296  -18.260  40.699 0.0000000000
45414  -33.700  -17.796  41.762 0.0000000000
46492  -32.752  -16.644  41.969 0.0000000000
46508  -31.826  -15.580  41.220 0.0000000000
47818  -34.062  -14.693  33.114 0.0000000000
55822  -41.465  -8.572  43.840 0.0000000000
56974  -41.915  -6.966  43.448 0.0000000000
47439  -18.134  -15.469  51.971 0.0000000000
44178  -19.883  -18.469  51.734 0.0000000000
44179  -20.421  -19.137  51.851 0.0000000000
43027  -21.328  -19.834  51.833 0.0000000000
41020  -24.774  -21.548  50.633 0.0000000000
40100  -26.246  -21.917  50.844 0.0000000000
40102  -27.342  -21.662  50.211 0.0000000000
41037  -29.020  -21.607  50.073 0.0000000000
41994  -29.562  -20.820  49.829 0.0000000000
43058  -30.816  -19.859  49.209 0.0000000000
43073  -32.135  -19.897  48.716 0.0000000000
45320  -31.373  -17.393  48.057 0.0000000000
44243  -33.415  -18.582  47.745 0.0000000000
45335  -34.095  -17.772  47.101 0.0000000000
45351  -35.610  -17.279  46.792 0.0000000000
46424  -36.679  -16.551  46.694 0.0000000000
46425  -37.496  -16.456  46.625 0.0000000000
47580  -38.700  -15.651  46.225 0.0000000000
48808  -39.690  -14.476  46.104 0.0000000000
54568  -41.572  -9.330  44.343 0.0000000000
58044  -42.058  -6.298  42.841 0.0000000000
60239  -42.391  -4.709  42.210 0.0000000000
61394  -41.933  -3.731  42.373 0.0000000000
64831  -41.975  -1.194  44.429 0.0000000000
62504  -42.023  -2.381  43.520 0.0000000000
61410  -41.022  -3.682  41.223 0.0000000000
62519  -40.051  -2.533  41.556 0.0000000000
63688  -39.291  -1.643  40.792 0.0000000000
64888  -39.170  -0.408  40.501 0.0000000000
67214  -39.915  1.925  41.469 0.0000000000
66091  -39.706  0.798  39.992 0.0000000000
64897  -39.894  0.389  39.012 0.0000000000
66110  -40.761  0.509  37.772 0.0000000000
66124  -41.654  0.722  37.020 0.0000000000
66140  -42.479  0.721  36.268 0.0000000000
67260  -43.434  1.811  39.238 0.0000000000
66126  -44.104  0.961  37.536 0.0000000000
66161  -43.179  0.586  35.497 0.0000000000
66162  -44.244  0.461  35.713 0.0000000000
66189  -44.802  0.419  34.867 0.0000000000
64964  -45.818  0.327  33.549 0.0000000000
70759  -46.290  4.200  38.804 0.0000000000
68395  -46.921  2.465  38.843 0.0000000000
68413  -48.427  2.553  37.527 0.0000000000
67266  -48.402  1.908  38.193 0.0000000000
66116  -47.606  1.153  38.485 0.0000000000
66165  -47.392  0.443  36.229 0.0000000000
66191  -46.983  0.541  35.135 0.0000000000
64989  -46.245  0.277  32.697 0.0000000000
64990  -47.415  0.163  32.740 0.0000000000
64991  -48.520  -0.326  32.735 0.0000000000
63782  -49.317  -1.047  31.526 0.0000000000
64968  -50.429  -0.542  33.736 0.0000000000
63768  -50.163  -0.811  32.604 0.0000000000
63800  -50.122  -1.822  31.067 0.0000000000
67373  -49.493  1.647  31.471 0.0000000000
67363  -51.190  2.805  32.630 0.0000000000
68508  -52.926  3.356  33.008 0.0000000000
68531  -52.459  4.024  31.091 0.0000000000
68518  -52.871  3.710  32.097 0.0000000000
66256  -52.239  1.241  32.323 0.0000000000
48772  -16.488  -15.052  47.599 0.0000000000
46419  -20.430  -16.888  47.204 0.0000000000
46446  -19.939  -16.152  46.096 0.0000000000
46468  -19.802  -15.674  44.028 0.0000000000
46484  -21.008  -16.493  41.880 0.0000000000
47655  -20.068  -15.696  42.138 0.0000000000
47654  -19.032  -15.383  42.348 0.0000000000
47689  -18.557  -15.496  40.560 0.0000000000
41079  -27.775  -21.397  47.564 0.0000000000
42062  -26.373  -20.374  46.018 0.0000000000
43147  -26.070  -20.025  44.731 0.0000000000
44293  -26.725  -19.198  44.645 0.0000000000
43170  -26.203  -19.390  44.329 0.0000000000
43188  -25.183  -19.402  43.184 0.0000000000
43203  -24.463  -19.270  41.628 0.0000000000
43220  -24.299  -18.920  40.731 0.0000000000
43240  -23.922  -18.581  39.277 0.0000000000
45435  -27.426  -17.350  40.112 0.0000000000
45449  -27.235  -17.795  39.754 0.0000000000
45448  -26.692  -17.554  39.955 0.0000000000
44389  -25.690  -18.020  38.919 0.0000000000
43262  -24.889  -18.300  38.541 0.0000000000
43288  -24.681  -19.044  37.529 0.0000000000
56972  -40.736  -7.921  42.207 0.0000000000
54587  -39.959  -9.716  42.690 0.0000000000
55850  -39.356  -9.175  41.334 0.0000000000
65045  -44.706  -0.096  30.714 0.0000000000
40124  -27.362  -21.860  49.519 0.0000000000
41050  -27.210  -21.770  48.966 0.0000000000
40136  -27.842  -21.962  49.006 0.0000000000
56018  -34.831  -9.094  32.021 0.0000000000
63713  -38.762  -1.772  37.742 0.0000000000
63723  -38.834  -2.025  36.707 0.0000000000
64913  -39.159  -1.045  37.060 0.0000000000
44247  -36.938  -18.015  46.597 0.0000000000
44263  -36.646  -19.023  46.569 0.0000000000
44264  -36.954  -18.457  46.255 0.0000000000
46625  -34.512  -15.834  35.055 0.0000000000
46610  -34.167  -16.367  35.629 0.0000000000
53574  -35.066  -10.668  32.005 0.0000000000
54796  -34.802  -9.950  31.819 0.0000000000
68503  -46.598  2.397  32.601 0.0000000000
68488  -47.713  2.346  33.750 0.0000000000
68504  -47.676  1.801  32.450 0.0000000000
46389  -19.363  -16.859  49.574 0.0000000000
43260  -23.259  -18.516  38.433 0.0000000000
44388  -23.177  -18.470  38.009 0.0000000000
43261  -23.797  -18.590  38.120 0.0000000000
47657  -29.889  -15.826  41.944 0.0000000000
47656  -29.382  -15.898  42.056 0.0000000000
47676  -29.076  -15.788  41.448 0.0000000000
57043  -37.967  -7.702  37.716 0.0000000000
59177  -40.857  -5.280  39.410 0.0000000000
59193  -40.639  -5.238  38.775 0.0000000000
60265  -40.883  -4.832  39.429 0.0000000000
61438  -40.818  -4.467  40.008 0.0000000000
48836  -39.235  -14.059  44.861 0.0000000000
48835  -38.570  -14.257  44.463 0.0000000000
51222  -36.385  -12.531  39.708 0.0000000000
50035  -35.810  -13.739  39.210 0.0000000000
51246  -35.819  -13.357  38.399 0.0000000000
50065  -35.780  -13.863  37.895 0.0000000000
54693  -36.937  -9.552  37.179 0.0000000000
54713  -36.767  -9.156  36.605 0.0000000000
43056  -22.281  -19.623  49.879 0.0000000000
41991  -23.053  -19.936  49.533 0.0000000000
42084  -25.088  -20.213  45.099 0.0000000000
43124  -24.614  -19.777  45.371 0.0000000000
43146  -24.671  -19.814  44.481 0.0000000000
43167  -24.067  -19.275  43.590 0.0000000000
43168  -24.950  -19.781  43.793 0.0000000000
59256  -37.938  -5.250  35.195 0.0000000000
59275  -37.129  -5.452  34.227 0.0000000000
60331  -37.651  -4.967  34.553 0.0000000000
62605  -38.756  -2.599  32.363 0.0000000000
66186  -41.792  0.185  34.393 0.0000000000
66216  -41.396  -0.008  33.632 0.0000000000
42011  -32.371  -20.920  48.834 0.0000000000
41053  -32.590  -21.391  48.394 0.0000000000
42012  -33.494  -20.973  48.242 0.0000000000
44300  -33.445  -18.831  43.612 0.0000000000
44317  -32.984  -18.147  43.628 0.0000000000
44318  -33.483  -18.392  42.944 0.0000000000
44361  -36.045  -18.001  40.032 0.0000000000
46549  -32.709  -16.618  38.159 0.0000000000
47724  -32.501  -16.106  38.564 0.0000000000
47709  -32.366  -15.725  39.078 0.0000000000
47723  -31.949  -15.665  37.998 0.0000000000
70716  -42.454  4.765  41.967 0.0000000000
70715  -41.712  4.698  42.312 0.0000000000
68337  -41.356  3.189  40.990 0.0000000000
69601  -42.329  3.182  40.982 0.0000000000
68374  -42.235  2.374  39.865 0.0000000000
68355  -42.864  2.811  40.724 0.0000000000
67263  -46.062  1.481  39.300 0.0000000000
70825  -46.048  4.316  36.233 0.0000000000
70808  -46.429  4.274  36.982 0.0000000000
66147  -49.732  1.263  36.719 0.0000000000
66167  -49.374  0.497  36.226 0.0000000000
64942  -49.042  -0.084  34.880 0.0000000000
64994  -51.569  0.186  33.160 0.0000000000
69751  -48.745  3.334  29.944 0.0000000000
68529  -50.153  2.507  30.393 0.0000000000
69753  -50.598  2.927  30.132 0.0000000000
48700  -16.607  -14.193  49.740 0.0000000000
47615  -17.905  -15.319  44.462 0.0000000000
45371  -21.045  -17.021  44.895 0.0000000000
43126  -29.065  -19.658  46.119 0.0000000000
44276  -28.514  -19.239  45.657 0.0000000000
45425  -26.192  -17.321  41.719 0.0000000000
45433  -25.673  -17.602  41.145 0.0000000000
45447  -25.991  -17.477  40.329 0.0000000000
57016  -38.810  -7.912  39.219 0.0000000000
55878  -38.991  -8.038  39.840 0.0000000000
58056  -40.838  -6.575  40.994 0.0000000000
58071  -41.159  -5.860  40.628 0.0000000000
52280  -39.879  -11.310  43.641 0.0000000000
51167  -38.863  -11.814  43.111 0.0000000000
52298  -39.231  -11.312  43.058 0.0000000000
53428  -38.905  -10.576  41.685 0.0000000000
52330  -38.317  -11.423  41.338 0.0000000000
53452  -38.516  -10.865  40.956 0.0000000000
52344  -37.130  -11.681  40.104 0.0000000000
53451  -37.888  -11.077  40.349 0.0000000000
52360  -36.934  -11.294  39.354 0.0000000000
55863  -38.577  -9.254  40.041 0.0000000000
54672  -38.026  -8.970  38.930 0.0000000000
63797  -47.434  -0.982  30.247 0.0000000000
41033  -24.816  -21.476  49.847 0.0000000000
41048  -25.416  -21.620  49.339 0.0000000000
41077  -26.276  -21.154  48.104 0.0000000000
42023  -25.661  -20.900  48.348 0.0000000000
57145  -34.877  -7.639  31.421 0.0000000000
62596  -39.275  -2.467  33.374 0.0000000000
64938  -39.518  -1.168  34.509 0.0000000000
64930  -39.756  -0.472  35.090 0.0000000000
66138  -40.403  0.135  35.596 0.0000000000
44244  -34.543  -18.977  47.911 0.0000000000
43090  -35.052  -19.758  47.584 0.0000000000
42072  -36.031  -19.686  45.654 0.0000000000
42049  -35.857  -19.859  46.040 0.0000000000
42089  -34.636  -20.108  44.553 0.0000000000
42090  -35.299  -19.833  44.345 0.0000000000
45493  -35.437  -17.121  38.062 0.0000000000
45515  -35.102  -16.915  37.433 0.0000000000
45513  -33.970  -17.131  36.720 0.0000000000
46594  -33.023  -16.689  36.431 0.0000000000
46571  -32.818  -16.802  37.254 0.0000000000
46593  -32.366  -16.492  36.139 0.0000000000
47756  -31.722  -16.383  36.081 0.0000000000
46607  -32.180  -16.388  35.756 0.0000000000
51340  -35.456  -12.543  32.531 0.0000000000
52460  -35.294  -11.573  32.240 0.0000000000
69587  -44.157  3.845  41.432 0.0000000000
71826  -45.215  4.694  39.987 0.0000000000
69589  -45.248  3.893  40.776 0.0000000000
69605  -45.730  3.444  40.412 0.0000000000
68359  -46.092  2.793  40.361 0.0000000000
69617  -45.906  3.794  39.800 0.0000000000
68486  -45.773  3.212  33.223 0.0000000000
69727  -44.631  3.127  32.335 0.0000000000
69712  -45.453  3.350  33.392 0.0000000000
69713  -45.991  3.435  33.827 0.0000000000
69700  -46.745  3.449  35.197 0.0000000000
68470  -47.214  3.080  34.882 0.0000000000
68432  -49.821  2.351  36.277 0.0000000000
68452  -50.221  2.267  35.566 0.0000000000
67313  -50.614  1.668  35.659 0.0000000000
68490  -50.245  2.504  34.035 0.0000000000
67334  -51.789  2.165  34.081 0.0000000000
68475  -52.060  2.902  33.887 0.0000000000
70943  -50.476  3.637  29.177 0.0000000000
70922  -50.705  3.532  29.337 0.0000000000
47476  -17.760  -15.439  50.258 0.0000000000
47497  -18.235  -15.775  49.417 0.0000000000
47541  -18.864  -15.937  47.688 0.0000000000
47570  -19.370  -15.910  46.758 0.0000000000
45409  -22.474  -17.829  41.872 0.0000000000
45422  -22.051  -17.245  41.417 0.0000000000
45464  -21.787  -17.119  38.049 0.0000000000
45487  -22.311  -17.576  37.318 0.0000000000
45509  -21.965  -17.622  36.421 0.0000000000
43312  -23.537  -19.472  36.344 0.0000000000
43311  -22.708  -19.199  36.132 0.0000000000
45375  -28.691  -17.817  44.806 0.0000000000
46506  -28.234  -16.034  41.879 0.0000000000
46486  -26.982  -16.794  42.558 0.0000000000
55982  -35.976  -8.584  33.972 0.0000000000
57079  -37.338  -7.489  36.048 0.0000000000
58153  -37.739  -6.378  35.727 0.0000000000
57031  -39.353  -6.846  38.463 0.0000000000
57044  -38.585  -7.247  37.844 0.0000000000
59207  -40.111  -5.136  37.689 0.0000000000
58121  -39.490  -5.686  37.580 0.0000000000
59206  -39.697  -5.293  37.372 0.0000000000
59219  -38.879  -5.361  36.376 0.0000000000
59220  -39.442  -5.149  36.838 0.0000000000
60300  -39.594  -4.518  36.431 0.0000000000
60301  -39.872  -4.459  37.056 0.0000000000
62536  -39.275  -2.417  39.716 0.0000000000
46438  -38.406  -16.375  45.934 0.0000000000
45365  -37.944  -16.781  45.007 0.0000000000
46459  -38.159  -16.242  44.825 0.0000000000
47639  -37.605  -15.459  43.788 0.0000000000
46494  -37.151  -16.272  43.434 0.0000000000
46493  -36.688  -16.329  42.837 0.0000000000
46510  -36.316  -16.471  41.970 0.0000000000
47659  -36.492  -15.552  42.287 0.0000000000
51165  -37.969  -12.830  42.488 0.0000000000
49980  -37.517  -13.375  42.394 0.0000000000
48885  -35.922  -14.661  39.809 0.0000000000
47697  -36.095  -15.625  40.267 0.0000000000
47711  -35.949  -15.532  39.131 0.0000000000
46550  -36.091  -16.533  38.846 0.0000000000
47726  -35.878  -15.592  38.266 0.0000000000
47757  -35.978  -15.185  36.981 0.0000000000
47772  -35.612  -15.516  35.626 0.0000000000
47789  -35.480  -15.306  34.854 0.0000000000
47790  -35.943  -15.094  35.299 0.0000000000
50102  -36.052  -13.887  35.007 0.0000000000
50118  -35.935  -13.740  34.357 0.0000000000
51310  -35.546  -12.909  35.036 0.0000000000
53488  -36.533  -11.014  38.039 0.0000000000
52435  -35.759  -11.516  34.686 0.0000000000
52434  -35.586  -11.853  33.880 0.0000000000
53557  -35.849  -10.300  34.645 0.0000000000
54757  -35.856  -9.385  34.352 0.0000000000
72003  -47.009  4.589  29.903 0.0000000000
71987  -47.020  5.341  30.363 0.0000000000
70897  -47.593  4.549  30.244 0.0000000000
71988  -47.861  5.249  30.554 0.0000000000
73027  -48.217  6.123  29.939 0.0000000000
44207  -20.854  -18.584  49.741 0.0000000000
42021  -24.106  -19.896  47.883 0.0000000000
44275  -23.527  -18.854  45.511 0.0000000000
44262  -23.589  -18.969  46.179 0.0000000000
44311  -22.680  -18.269  43.280 0.0000000000
44312  -23.263  -18.689  43.448 0.0000000000
43186  -23.748  -19.293  42.272 0.0000000000
43201  -23.324  -18.735  40.796 0.0000000000
57132  -35.669  -7.594  32.607 0.0000000000
58214  -36.306  -6.837  33.154 0.0000000000
59296  -36.433  -5.748  32.707 0.0000000000
59306  -36.191  -5.689  32.078 0.0000000000
61488  -38.669  -3.895  34.141 0.0000000000
60349  -38.006  -4.217  33.751 0.0000000000
60366  -37.927  -3.782  33.131 0.0000000000
61530  -37.562  -3.464  31.816 0.0000000000
64982  -39.798  -1.123  33.253 0.0000000000
64983  -40.347  -0.527  32.962 0.0000000000
65014  -41.189  -0.146  31.944 0.0000000000
66265  -42.012  0.019  31.389 0.0000000000
64986  -43.382  0.435  32.425 0.0000000000
64987  -44.278  0.359  32.766 0.0000000000
66240  -44.127  0.406  33.150 0.0000000000
40116  -30.328  -22.171  49.326 0.0000000000
40127  -29.903  -22.457  49.050 0.0000000000
40128  -30.758  -22.305  48.945 0.0000000000
41083  -31.279  -20.969  47.520 0.0000000000
41066  -30.968  -21.297  48.141 0.0000000000
42043  -30.530  -20.485  47.139 0.0000000000
41086  -33.806  -21.033  46.888 0.0000000000
41085  -33.192  -21.274  46.880 0.0000000000
42046  -33.566  -20.960  46.419 0.0000000000
43150  -32.361  -19.388  45.309 0.0000000000
44280  -32.015  -19.133  45.486 0.0000000000
44279  -31.440  -18.912  45.730 0.0000000000
44297  -30.705  -18.288  45.306 0.0000000000
45395  -32.262  -17.312  43.649 0.0000000000
46473  -31.500  -16.427  43.155 0.0000000000
46490  -30.638  -16.006  42.522 0.0000000000
46491  -31.733  -15.929  42.000 0.0000000000
44302  -37.064  -17.981  44.479 0.0000000000
44319  -36.648  -18.074  43.447 0.0000000000
43206  -35.474  -18.870  41.519 0.0000000000
43192  -36.101  -18.761  42.941 0.0000000000
43190  -34.790  -19.172  42.047 0.0000000000
45469  -35.010  -17.795  38.659 0.0000000000
45452  -34.420  -17.881  39.267 0.0000000000
44344  -34.156  -18.273  41.467 0.0000000000
45413  -33.245  -17.334  42.153 0.0000000000
45426  -33.235  -17.086  41.318 0.0000000000
47696  -32.164  -15.389  39.967 0.0000000000
46509  -32.575  -15.994  40.941 0.0000000000
47679  -31.808  -15.381  40.693 0.0000000000
47678  -31.079  -15.303  41.112 0.0000000000
47819  -34.392  -14.726  33.342 0.0000000000
48947  -34.815  -14.662  33.341 0.0000000000
47438  -17.805  -14.966  52.447 0.0000000000
44163  -20.305  -18.797  52.466 0.0000000000
41006  -23.964  -21.333  51.182 0.0000000000
41981  -28.753  -20.659  50.211 0.0000000000
43059  -31.635  -20.146  49.135 0.0000000000
43072  -31.413  -19.443  48.895 0.0000000000
46408  -32.175  -16.029  47.875 0.0000000000
46407  -31.672  -16.342  48.178 0.0000000000
45333  -32.012  -17.217  47.564 0.0000000000
44242  -32.353  -18.306  47.624 0.0000000000
45334  -32.915  -17.579  47.154 0.0000000000
47578  -35.393  -15.732  46.592 0.0000000000
46435  -35.132  -16.602  46.557 0.0000000000
46436  -35.994  -16.553  46.694 0.0000000000
46423  -36.239  -17.048  46.731 0.0000000000
46437  -36.366  -16.072  46.692 0.0000000000
47553  -37.392  -15.463  46.848 0.0000000000
47554  -38.393  -15.347  46.802 0.0000000000
48797  -39.584  -14.355  46.498 0.0000000000
49915  -39.949  -13.701  46.546 0.0000000000
49929  -40.054  -13.736  45.723 0.0000000000
58031  -42.505  -6.489  43.770 0.0000000000
59131  -43.073  -5.711  43.922 0.0000000000
61380  -42.747  -3.982  43.429 0.0000000000
60225  -42.562  -4.795  42.898 0.0000000000
61395  -42.413  -4.151  42.633 0.0000000000
61412  -42.189  -4.302  41.992 0.0000000000
62512  -42.246  -3.449  43.047 0.0000000000
64844  -41.580  -0.943  43.876 0.0000000000
63661  -41.939  -1.825  43.698 0.0000000000
63672  -41.354  -1.576  43.349 0.0000000000
62511  -41.515  -2.719  43.041 0.0000000000
62510  -40.970  -2.552  42.651 0.0000000000
62520  -40.595  -2.728  41.946 0.0000000000
63680  -40.231  -1.640  42.300 0.0000000000
64876  -39.633  -0.818  41.743 0.0000000000
63695  -38.928  -1.223  39.856 0.0000000000
70701  -41.087  4.917  42.904 0.0000000000
68310  -40.058  2.651  43.333 0.0000000000
68323  -40.024  2.805  42.106 0.0000000000
67226  -40.373  1.826  40.402 0.0000000000
66102  -39.853  0.516  39.312 0.0000000000
64906  -39.893  0.172  38.423 0.0000000000
66103  -40.703  0.974  39.041 0.0000000000
66104  -42.206  1.542  38.889 0.0000000000
66111  -41.906  1.078  38.059 0.0000000000
66125  -42.856  1.042  37.282 0.0000000000
67229  -44.503  2.390  40.499 0.0000000000
67244  -43.812  2.272  40.016 0.0000000000
67245  -44.809  1.858  40.062 0.0000000000
66141  -43.614  0.665  36.527 0.0000000000
66190  -45.834  0.522  35.098 0.0000000000
66220  -45.322  0.375  34.149 0.0000000000
69651  -46.791  3.697  37.722 0.0000000000
70784  -46.238  4.511  37.849 0.0000000000
69689  -47.745  3.288  36.316 0.0000000000
69653  -48.176  2.969  37.160 0.0000000000
66131  -48.985  1.393  37.577 0.0000000000
67279  -48.780  1.957  37.833 0.0000000000
66117  -48.386  1.385  38.209 0.0000000000
66129  -47.331  0.698  37.893 0.0000000000
66145  -47.905  0.497  37.096 0.0000000000
66192  -47.714  0.415  35.692 0.0000000000
64940  -47.366  0.493  34.781 0.0000000000
66222  -46.748  0.543  34.542 0.0000000000
64965  -47.029  0.508  34.079 0.0000000000
65021  -48.783  -0.733  31.566 0.0000000000
66193  -50.664  0.336  35.054 0.0000000000
64944  -50.861  -0.058  34.635 0.0000000000
63769  -50.684  -0.852  32.842 0.0000000000
64993  -50.261  -0.703  32.976 0.0000000000
63783  -49.932  -1.138  31.914 0.0000000000
67371  -47.634  1.695  30.632 0.0000000000
67372  -48.507  1.587  30.994 0.0000000000
67386  -50.815  2.329  31.492 0.0000000000
67375  -51.041  2.579  32.056 0.0000000000
68516  -51.533  3.187  32.314 0.0000000000
69714  -52.464  3.421  33.042 0.0000000000
69729  -52.573  3.747  32.670 0.0000000000
68545  -52.337  4.246  30.554 0.0000000000
67376  -52.799  2.438  31.702 0.0000000000
48748  -16.402  -14.907  48.176 0.0000000000
47539  -16.766  -15.059  46.997 0.0000000000
47614  -16.870  -15.076  44.269 0.0000000000
47635  -16.448  -15.249  43.352 0.0000000000
47671  -17.354  -15.523  41.689 0.0000000000
47687  -16.826  -15.709  40.939 0.0000000000
46528  -17.104  -15.842  39.810 0.0000000000
45331  -20.713  -17.435  47.872 0.0000000000
45330  -20.185  -17.223  48.605 0.0000000000
46456  -19.848  -15.944  45.105 0.0000000000
46503  -21.494  -16.835  41.068 0.0000000000
47674  -20.211  -15.942  41.076 0.0000000000
47673  -19.318  -15.500  41.321 0.0000000000
47702  -18.790  -15.685  39.562 0.0000000000
44434  -21.440  -19.229  35.589 0.0000000000
44433  -20.948  -19.130  35.557 0.0000000000
41064  -29.336  -21.672  48.109 0.0000000000
41063  -28.534  -21.795  48.142 0.0000000000
41080  -28.591  -21.298  47.543 0.0000000000
42086  -26.461  -20.123  45.302 0.0000000000
44315  -27.036  -18.387  44.408 0.0000000000
44314  -26.056  -18.671  43.807 0.0000000000
44313  -25.562  -19.165  43.463 0.0000000000
43169  -25.704  -19.666  44.123 0.0000000000
43204  -24.970  -19.181  42.325 0.0000000000
44353  -24.765  -18.444  40.523 0.0000000000
44342  -24.630  -18.847  41.076 0.0000000000
43241  -24.410  -18.448  39.836 0.0000000000
43242  -27.121  -18.858  39.283 0.0000000000
44371  -26.977  -18.255  39.491 0.0000000000
44370  -26.022  -17.724  39.560 0.0000000000
44390  -26.425  -18.288  38.996 0.0000000000
43289  -25.745  -19.192  37.691 0.0000000000
43263  -26.053  -18.577  38.418 0.0000000000
55864  -39.088  -8.749  40.596 0.0000000000
57002  -39.404  -7.754  40.276 0.0000000000
55865  -39.734  -7.908  40.899 0.0000000000
56989  -40.442  -7.523  41.315 0.0000000000
53406  -40.360  -10.085  43.343 0.0000000000
53405  -39.880  -10.357  43.139 0.0000000000
54606  -38.842  -10.102  41.258 0.0000000000
54630  -39.022  -9.518  41.140 0.0000000000
65044  -43.670  -0.018  30.802 0.0000000000
65069  -44.892  -0.555  29.753 0.0000000000
65070  -45.836  -0.857  29.771 0.0000000000
41035  -26.211  -22.108  49.876 0.0000000000
41049  -26.364  -21.879  49.354 0.0000000000
41061  -26.725  -21.570  48.532 0.0000000000
62560  -39.323  -2.908  36.369 0.0000000000
63732  -39.051  -2.120  35.758 0.0000000000
64929  -39.314  -1.232  35.403 0.0000000000
43091  -35.813  -19.631  47.059 0.0000000000
43092  -36.343  -19.341  46.695 0.0000000000
43110  -36.453  -19.383  46.137 0.0000000000
43133  -36.393  -19.317  45.314 0.0000000000
46597  -35.187  -16.465  36.724 0.0000000000
46596  -34.465  -16.650  36.336 0.0000000000
46609  -33.362  -16.463  35.687 0.0000000000
46622  -32.318  -16.201  35.405 0.0000000000
46623  -32.871  -16.105  35.201 0.0000000000
68487  -46.324  3.124  33.677 0.0000000000
67350  -49.899  2.047  33.496 0.0000000000
46369  -18.666  -16.366  50.786 0.0000000000
46388  -18.856  -16.455  49.867 0.0000000000
46404  -19.086  -16.463  49.170 0.0000000000
46417  -19.226  -16.400  48.494 0.0000000000
44352  -22.921  -18.254  40.436 0.0000000000
45432  -22.529  -17.716  39.988 0.0000000000
44407  -22.760  -18.207  37.674 0.0000000000
44408  -23.219  -18.788  37.225 0.0000000000
46471  -29.384  -16.617  43.423 0.0000000000
55945  -36.670  -8.613  35.815 0.0000000000
55946  -37.003  -8.134  36.076 0.0000000000
58104  -39.649  -6.073  38.250 0.0000000000
58105  -40.194  -5.711  38.487 0.0000000000
60288  -40.314  -4.419  37.722 0.0000000000
61424  -39.989  -3.433  40.062 0.0000000000
47622  -38.932  -15.123  45.618 0.0000000000
47621  -38.513  -15.260  45.107 0.0000000000
47640  -38.068  -15.082  44.411 0.0000000000
48834  -37.965  -14.622  43.920 0.0000000000
48850  -37.506  -14.371  43.119 0.0000000000
51204  -37.007  -12.369  40.913 0.0000000000
49997  -36.805  -13.376  41.495 0.0000000000
48884  -35.699  -14.704  38.989 0.0000000000
48892  -35.847  -15.096  38.187 0.0000000000
48900  -35.770  -14.325  38.067 0.0000000000
48912  -36.097  -14.368  36.539 0.0000000000
48925  -36.111  -14.494  35.525 0.0000000000
50074  -36.022  -13.434  36.524 0.0000000000
53505  -36.430  -10.711  37.198 0.0000000000
54692  -36.584  -10.166  36.701 0.0000000000
55920  -36.712  -8.962  36.327 0.0000000000
43055  -21.542  -19.356  50.080 0.0000000000
44208  -21.521  -19.019  49.472 0.0000000000
43069  -21.908  -19.280  49.399 0.0000000000
43087  -22.792  -19.332  48.103 0.0000000000
43108  -24.584  -19.747  46.461 0.0000000000
61503  -38.936  -3.218  33.616 0.0000000000
61517  -38.354  -3.278  32.726 0.0000000000
66215  -40.699  -0.245  33.602 0.0000000000
66236  -40.979  -0.171  33.115 0.0000000000
66237  -41.600  0.080  32.816 0.0000000000
66254  -42.287  0.234  31.793 0.0000000000
66218  -43.251  0.386  33.700 0.0000000000
41040  -31.615  -21.484  49.167 0.0000000000
40129  -31.226  -21.970  48.825 0.0000000000
41052  -31.763  -21.633  48.841 0.0000000000
41067  -31.949  -21.360  48.093 0.0000000000
41084  -32.276  -21.184  47.161 0.0000000000
42088  -33.960  -20.135  45.029 0.0000000000
42069  -33.507  -20.578  45.712 0.0000000000
43131  -33.362  -19.955  45.048 0.0000000000
43151  -32.839  -19.434  44.838 0.0000000000
45415  -36.628  -17.228  42.795 0.0000000000
44336  -36.234  -18.104  42.312 0.0000000000
44346  -35.561  -18.622  40.986 0.0000000000
45451  -33.473  -17.299  38.978 0.0000000000
45437  -33.194  -16.959  40.157 0.0000000000
44209  -29.177  -18.818  49.656 0.0000000000
47548  -32.571  -15.716  47.756 0.0000000000
46422  -33.417  -16.640  46.819 0.0000000000
47549  -33.425  -15.283  47.452 0.0000000000
48782  -38.800  -14.262  47.343 0.0000000000
60201  -43.298  -4.878  44.667 0.0000000000
59132  -43.298  -5.181  43.972 0.0000000000
61367  -43.246  -4.292  44.495 0.0000000000
61366  -42.961  -3.604  44.199 0.0000000000
62499  -42.695  -2.714  44.626 0.0000000000
66052  -41.402  -0.134  44.096 0.0000000000
64843  -41.025  -0.425  43.591 0.0000000000
64862  -40.716  -0.987  42.905 0.0000000000
66067  -40.352  0.051  42.983 0.0000000000
67199  -39.837  0.917  42.212 0.0000000000
70702  -41.941  5.407  42.654 0.0000000000
69571  -41.198  4.441  42.282 0.0000000000
69584  -40.629  3.462  41.749 0.0000000000
68353  -40.945  2.458  40.451 0.0000000000
67227  -41.064  2.184  40.057 0.0000000000
67262  -45.243  1.413  39.407 0.0000000000
66127  -45.270  0.841  37.705 0.0000000000
66143  -45.835  0.522  36.908 0.0000000000
70807  -45.624  4.856  37.078 0.0000000000
70785  -46.722  3.856  37.392 0.0000000000
68414  -49.085  2.441  37.085 0.0000000000
66132  -49.442  1.675  37.189 0.0000000000
64931  -48.445  0.291  35.682 0.0000000000
64969  -51.295  -0.084  33.986 0.0000000000
68542  -48.109  2.526  29.764 0.0000000000
67384  -49.218  1.987  30.430 0.0000000000
68532  -52.984  3.553  30.874 0.0000000000
47568  -17.542  -15.120  46.284 0.0000000000
47594  -17.256  -15.025  45.258 0.0000000000
47688  -17.640  -15.498  40.805 0.0000000000
45349  -21.414  -17.635  46.484 0.0000000000
45362  -20.998  -17.110  45.938 0.0000000000
46531  -21.169  -16.685  39.402 0.0000000000
46502  -20.808  -16.495  40.697 0.0000000000
47704  -20.351  -16.207  39.596 0.0000000000
47718  -18.999  -15.752  38.598 0.0000000000
46588  -19.146  -16.563  36.389 0.0000000000
43308  -19.480  -19.540  36.216 0.0000000000
42042  -29.524  -20.489  47.181 0.0000000000
42041  -28.572  -20.648  47.047 0.0000000000
42064  -28.735  -20.180  46.472 0.0000000000
43149  -27.153  -19.696  45.337 0.0000000000
45390  -26.686  -17.953  43.824 0.0000000000
45410  -25.671  -18.033  42.793 0.0000000000
43264  -26.822  -19.063  38.869 0.0000000000
55905  -38.055  -7.834  38.029 0.0000000000
55890  -38.296  -8.170  38.561 0.0000000000
57018  -40.198  -6.555  39.655 0.0000000000
58089  -40.912  -5.779  40.069 0.0000000000
59178  -41.092  -5.289  40.110 0.0000000000
60253  -41.506  -4.783  40.799 0.0000000000
51123  -39.568  -12.826  44.540 0.0000000000
49962  -38.625  -13.305  43.839 0.0000000000
51146  -39.241  -12.292  43.780 0.0000000000
51166  -38.415  -12.224  42.725 0.0000000000
52315  -38.903  -11.215  42.537 0.0000000000
52313  -38.140  -11.735  41.606 0.0000000000
52359  -36.381  -11.832  38.725 0.0000000000
53489  -37.049  -10.665  38.744 0.0000000000
54650  -37.562  -10.146  39.093 0.0000000000
63819  -46.007  -1.483  29.301 0.0000000000
41992  -23.822  -20.740  49.899 0.0000000000
42022  -24.835  -20.263  47.683 0.0000000000
42009  -25.493  -21.315  48.906 0.0000000000
42037  -25.225  -20.207  46.545 0.0000000000
60332  -38.226  -4.713  34.834 0.0000000000
61489  -39.134  -3.547  34.390 0.0000000000
62606  -39.161  -2.281  32.625 0.0000000000
63767  -39.554  -1.804  32.898 0.0000000000
64939  -39.942  -0.564  34.294 0.0000000000
66184  -40.427  -0.300  34.089 0.0000000000
66159  -41.171  0.249  35.021 0.0000000000
43075  -33.868  -20.160  48.269 0.0000000000
42013  -34.094  -20.513  48.062 0.0000000000
42025  -34.336  -20.670  47.419 0.0000000000
42048  -35.280  -20.332  46.456 0.0000000000
42070  -34.545  -20.455  45.550 0.0000000000
43153  -34.496  -19.673  43.794 0.0000000000
45471  -36.024  -17.241  38.952 0.0000000000
44378  -35.961  -17.760  39.548 0.0000000000
45470  -35.643  -17.536  38.832 0.0000000000
45514  -34.606  -17.047  37.059 0.0000000000
45491  -34.029  -17.425  37.422 0.0000000000
47771  -31.881  -16.199  35.486 0.0000000000
51324  -35.538  -12.716  33.498 0.0000000000
50148  -35.372  -13.302  31.919 0.0000000000
50162  -35.199  -12.962  31.175 0.0000000000
70703  -42.687  5.443  42.190 0.0000000000
69586  -43.124  4.001  41.573 0.0000000000
69603  -43.746  3.418  41.319 0.0000000000
68338  -44.323  3.241  41.210 0.0000000000
68357  -44.902  2.809  41.036 0.0000000000
70719  -44.956  4.212  40.926 0.0000000000
69588  -45.003  3.625  41.109 0.0000000000
68358  -45.748  2.496  40.558 0.0000000000
68377  -46.020  2.064  40.174 0.0000000000
67247  -46.175  1.853  39.763 0.0000000000
69687  -46.409  3.763  35.587 0.0000000000
69688  -47.267  3.409  35.828 0.0000000000
68450  -48.230  3.072  35.942 0.0000000000
68431  -49.186  2.587  36.501 0.0000000000
66148  -50.331  1.375  36.195 0.0000000000
66169  -50.862  1.288  35.337 0.0000000000
67314  -51.148  1.829  34.939 0.0000000000
67352  -52.177  1.923  33.519 0.0000000000
70900  -49.816  3.466  29.739 0.0000000000
69768  -50.301  3.263  29.794 0.0000000000
69769  -51.152  3.358  29.813 0.0000000000
47475  -17.274  -14.764  50.422 0.0000000000
47540  -17.796  -15.347  47.320 0.0000000000
47616  -18.981  -15.444  44.753 0.0000000000
45388  -21.710  -17.397  43.274 0.0000000000
46485  -21.617  -16.924  41.684 0.0000000000
46546  -21.220  -16.702  38.624 0.0000000000
44422  -21.598  -18.524  35.808 0.0000000000
44423  -22.534  -18.438  36.583 0.0000000000
44296  -29.569  -18.393  45.321 0.0000000000
44295  -28.567  -18.600  45.318 0.0000000000
46470  -28.457  -16.726  43.455 0.0000000000
45412  -27.105  -16.992  43.114 0.0000000000
46504  -26.668  -16.878  41.920 0.0000000000
46516  -26.559  -16.990  41.363 0.0000000000
55981  -35.671  -8.915  33.572 0.0000000000
55999  -35.741  -8.531  33.481 0.0000000000
57096  -36.747  -7.719  35.311 0.0000000000
58173  -36.853  -7.024  34.822 0.0000000000
58174  -37.228  -6.267  34.955 0.0000000000
59234  -37.737  -5.711  35.304 0.0000000000
59235  -38.406  -5.373  35.781 0.0000000000
57059  -38.422  -6.739  37.067 0.0000000000
58120  -38.935  -6.303  37.351 0.0000000000
58138  -38.694  -5.932  36.642 0.0000000000
61459  -40.157  -3.921  37.381 0.0000000000
61458  -39.667  -3.513  36.993 0.0000000000
45353  -37.507  -17.606  45.846 0.0000000000
45354  -37.988  -16.931  45.596 0.0000000000
44320  -37.099  -17.521  43.839 0.0000000000
46458  -37.864  -16.463  44.446 0.0000000000
45399  -37.194  -16.998  43.546 0.0000000000
48849  -36.805  -14.788  42.558 0.0000000000
49996  -36.412  -14.046  41.111 0.0000000000
48864  -36.430  -14.561  41.740 0.0000000000
47680  -36.237  -15.598  41.316 0.0000000000
47741  -35.839  -15.556  37.577 0.0000000000
46598  -35.706  -15.898  37.011 0.0000000000
47788  -34.888  -15.396  34.548 0.0000000000
47807  -35.274  -15.020  34.175 0.0000000000
48936  -35.985  -14.569  34.528 0.0000000000
54773  -35.540  -9.687  33.527 0.0000000000
68525  -45.994  2.450  30.310 0.0000000000
68540  -46.601  2.667  29.654 0.0000000000
69765  -46.966  3.348  29.556 0.0000000000
69766  -47.953  3.439  29.845 0.0000000000
69750  -48.366  3.685  30.036 0.0000000000
70899  -49.058  3.918  29.760 0.0000000000
70920  -49.236  4.040  29.314 0.0000000000
72004  -48.408  5.068  29.562 0.0000000000
72021  -48.705  4.437  29.175 0.0000000000
45304  -20.267  -18.073  49.598 0.0000000000
44238  -21.198  -17.901  47.695 0.0000000000
45332  -21.155  -17.758  47.229 0.0000000000
44273  -22.255  -17.814  44.917 0.0000000000
42006  -23.163  -19.710  48.950 0.0000000000
43071  -23.172  -19.589  48.515 0.0000000000
43106  -23.066  -19.110  47.410 0.0000000000
43107  -23.730  -19.253  46.803 0.0000000000
44261  -22.939  -18.580  46.575 0.0000000000
44290  -22.262  -17.800  44.253 0.0000000000
45373  -22.271  -17.796  43.663 0.0000000000
44341  -22.862  -18.448  41.340 0.0000000000
43218  -23.404  -18.432  39.911 0.0000000000
47693  -29.348  -15.623  40.487 0.0000000000
58231  -35.240  -7.013  31.805 0.0000000000
58247  -35.005  -6.630  30.771 0.0000000000
60378  -36.429  -4.793  31.952 0.0000000000
65013  -40.388  -0.559  32.149 0.0000000000
65015  -42.914  0.388  31.984 0.0000000000
64988  -45.205  0.208  32.623 0.0000000000
40114  -28.784  -22.092  49.734 0.0000000000
40137  -28.484  -22.095  48.787 0.0000000000
40126  -29.097  -22.310  49.212 0.0000000000
41065  -30.135  -21.497  48.107 0.0000000000
40140  -30.763  -21.815  48.564 0.0000000000
43127  -30.063  -19.497  46.296 0.0000000000
42024  -33.677  -21.190  47.719 0.0000000000
42045  -32.184  -20.723  46.633 0.0000000000
42068  -32.591  -20.475  46.114 0.0000000000
42067  -31.754  -20.137  46.465 0.0000000000
43128  -31.129  -19.423  46.299 0.0000000000
45378  -31.786  -17.716  44.329 0.0000000000
46472  -30.413  -16.428  43.385 0.0000000000
44282  -37.068  -18.328  45.430 0.0000000000
44281  -36.709  -18.726  44.900 0.0000000000
43155  -36.249  -19.071  44.459 0.0000000000
43174  -36.234  -18.749  43.760 0.0000000000
43173  -35.637  -19.292  43.739 0.0000000000
43172  -34.977  -19.632  43.197 0.0000000000
44377  -35.615  -18.010  39.465 0.0000000000
44360  -35.474  -18.499  40.411 0.0000000000
44359  -34.849  -18.641  40.532 0.0000000000
44375  -34.468  -18.252  40.020 0.0000000000
44345  -34.604  -18.694  41.283 0.0000000000
44335  -34.392  -18.709  41.867 0.0000000000
44334  -33.995  -18.443  42.264 0.0000000000
45397  -33.523  -17.914  42.412 0.0000000000
46475  -32.888  -17.067  42.458 0.0000000000
48987  -35.193  -13.842  31.801 0.0000000000
55837  -41.111  -8.455  43.082 0.0000000000
56958  -41.628  -7.755  43.629 0.0000000000
56959  -42.094  -7.289  43.986 0.0000000000
58017  -42.984  -6.342  44.456 0.0000000000
48651  -17.356  -14.613  51.732 0.0000000000
46355  -18.079  -15.629  51.387 0.0000000000
46356  -18.416  -16.060  51.676 0.0000000000
45274  -19.000  -16.932  51.441 0.0000000000
45290  -19.500  -17.698  51.033 0.0000000000
45275  -19.323  -17.576  52.110 0.0000000000
44196  -20.511  -19.047  51.008 0.0000000000
43041  -20.900  -19.466  51.029 0.0000000000
43026  -20.861  -19.501  51.523 0.0000000000
43042  -21.390  -19.733  50.977 0.0000000000
41976  -21.953  -19.975  50.882 0.0000000000
41959  -22.518  -20.521  51.546 0.0000000000
41978  -23.306  -20.956  50.888 0.0000000000
41019  -24.153  -21.256  50.414 0.0000000000
40110  -25.845  -22.063  50.627 0.0000000000
40111  -26.322  -22.071  50.251 0.0000000000
40112  -27.013  -21.844  49.960 0.0000000000
40113  -27.935  -21.960  49.916 0.0000000000
41024  -27.967  -21.423  50.249 0.0000000000
41036  -28.473  -21.888  50.054 0.0000000000
41038  -30.071  -21.659  49.651 0.0000000000
41995  -30.529  -20.876  49.533 0.0000000000
43057  -29.789  -19.908  49.431 0.0000000000
41996  -31.563  -20.913  49.302 0.0000000000
42010  -31.986  -20.510  49.080 0.0000000000
44223  -31.604  -18.612  48.267 0.0000000000
44224  -32.746  -19.183  48.234 0.0000000000
44225  -33.688  -19.449  48.278 0.0000000000
45336  -35.174  -18.024  47.156 0.0000000000
46434  -34.293  -16.731  46.657 0.0000000000
45337  -36.129  -17.671  46.897 0.0000000000
45338  -36.873  -17.491  46.663 0.0000000000
47552  -36.534  -15.339  46.779 0.0000000000
46426  -38.089  -16.384  46.345 0.0000000000
47555  -39.065  -14.776  46.970 0.0000000000
47581  -39.231  -14.917  46.515 0.0000000000
47602  -39.222  -15.138  45.934 0.0000000000
48821  -39.334  -14.493  45.437 0.0000000000
49945  -39.740  -13.416  45.009 0.0000000000
49930  -40.563  -12.911  46.042 0.0000000000
49946  -40.306  -12.916  45.362 0.0000000000
51124  -40.171  -12.295  44.638 0.0000000000
52281  -40.536  -11.256  44.124 0.0000000000
53384  -40.620  -10.361  43.686 0.0000000000
54567  -41.039  -9.753  43.796 0.0000000000
54589  -41.169  -9.161  43.631 0.0000000000
56973  -41.464  -7.247  42.763 0.0000000000
58043  -41.634  -6.470  42.246 0.0000000000
58058  -41.874  -6.005  42.226 0.0000000000
59140  -42.573  -5.596  43.230 0.0000000000
59150  -42.244  -5.467  42.206 0.0000000000
59149  -41.877  -5.384  41.578 0.0000000000
60238  -42.035  -4.867  41.545 0.0000000000
61411  -41.700  -4.139  41.463 0.0000000000
63651  -42.390  -1.855  44.435 0.0000000000
64845  -41.873  -1.202  44.137 0.0000000000
63662  -42.206  -1.660  44.080 0.0000000000
62521  -41.342  -3.472  42.051 0.0000000000
61426  -41.166  -4.322  40.666 0.0000000000
61425  -40.661  -3.940  40.364 0.0000000000
62529  -40.415  -3.353  40.931 0.0000000000
62528  -39.773  -2.721  41.026 0.0000000000
63679  -39.818  -2.071  41.643 0.0000000000
63703  -38.782  -1.471  38.874 0.0000000000
67213  -39.730  1.041  41.793 0.0000000000
67225  -39.768  1.222  40.959 0.0000000000
64896  -39.389  -0.244  39.263 0.0000000000
68376  -43.365  2.570  40.440 0.0000000000
67261  -44.254  1.653  39.303 0.0000000000
66112  -43.318  1.419  38.450 0.0000000000
66188  -43.767  0.448  34.663 0.0000000000
66219  -44.317  0.395  33.653 0.0000000000
69618  -46.373  3.366  39.503 0.0000000000
67264  -46.704  1.763  38.975 0.0000000000
70826  -46.726  3.819  36.390 0.0000000000
69652  -47.502  3.261  37.419 0.0000000000
68412  -47.846  2.782  37.731 0.0000000000
68397  -48.428  2.232  37.953 0.0000000000
68396  -47.818  2.484  38.131 0.0000000000
67265  -47.712  1.818  38.549 0.0000000000
66144  -46.887  0.494  37.045 0.0000000000
66221  -46.271  0.481  34.420 0.0000000000
65020  -47.672  -0.363  31.642 0.0000000000
65048  -47.892  -0.719  30.767 0.0000000000
65049  -48.458  -0.975  30.786 0.0000000000
64992  -49.643  -0.646  32.661 0.0000000000
65022  -49.456  -0.862  31.902 0.0000000000
68515  -47.830  1.611  31.481 0.0000000000
67360  -48.647  1.551  32.041 0.0000000000
67362  -50.631  2.415  32.899 0.0000000000
68506  -51.364  2.954  33.113 0.0000000000
68492  -51.899  3.163  33.538 0.0000000000
67353  -52.464  2.749  33.499 0.0000000000
67364  -52.254  1.775  33.167 0.0000000000
69740  -52.890  3.988  32.298 0.0000000000
67365  -52.569  2.397  32.824 0.0000000000
66255  -51.805  0.939  32.821 0.0000000000
48725  -16.326  -14.497  48.833 0.0000000000
48771  -15.864  -14.731  47.274 0.0000000000
46501  -15.903  -15.925  41.554 0.0000000000
47670  -16.429  -15.699  41.752 0.0000000000
46513  -16.121  -16.101  41.111 0.0000000000
45317  -19.996  -17.410  49.103 0.0000000000
46418  -19.880  -16.625  47.911 0.0000000000
46432  -19.946  -16.428  46.947 0.0000000000
46433  -20.486  -16.723  46.423 0.0000000000
45407  -21.248  -16.847  42.883 0.0000000000
46469  -20.554  -16.173  43.181 0.0000000000
47638  -19.702  -15.537  43.052 0.0000000000
47672  -18.309  -15.393  41.540 0.0000000000
47701  -17.753  -15.596  39.826 0.0000000000
47717  -18.081  -15.791  38.774 0.0000000000
44421  -20.288  -18.541  35.757 0.0000000000
42039  -27.057  -20.869  46.892 0.0000000000
42040  -27.876  -20.859  47.071 0.0000000000
42085  -25.715  -20.188  44.930 0.0000000000
44294  -27.628  -18.981  45.235 0.0000000000
43148  -26.440  -19.797  44.793 0.0000000000
42104  -25.368  -20.004  44.295 0.0000000000
47675  -28.381  -15.954  41.163 0.0000000000
46518  -27.892  -16.474  40.757 0.0000000000
41047  -25.053  -21.435  49.467 0.0000000000
41051  -31.277  -22.054  49.048 0.0000000000
41096  -32.664  -21.038  46.556 0.0000000000
41993  -24.484  -21.114  49.764 0.0000000000
42106  -35.203  -19.707  43.791 0.0000000000
43076  -34.432  -20.006  48.036 0.0000000000
43132  -35.945  -19.696  45.294 0.0000000000
43134  -36.753  -18.871  45.385 0.0000000000
43224  -35.191  -18.748  40.742 0.0000000000
43225  -35.347  -18.747  40.946 0.0000000000
44206  -20.201  -18.176  49.899 0.0000000000
44221  -22.336  -19.147  48.340 0.0000000000
44241  -31.730  -17.947  47.743 0.0000000000
44394  -35.189  -18.039  39.190 0.0000000000
45302  -19.299  -16.976  49.931 0.0000000000
45350  -34.883  -17.342  46.782 0.0000000000
45352  -36.032  -17.176  46.792 0.0000000000
45379  -37.605  -17.075  44.362 0.0000000000
45453  -34.903  -18.053  39.184 0.0000000000
45454  -35.912  -17.596  39.249 0.0000000000
45455  -36.139  -17.333  39.526 0.0000000000
45512  -33.546  -16.918  36.621 0.0000000000
46368  -18.144  -15.769  50.957 0.0000000000
46420  -32.079  -16.486  47.745 0.0000000000
46448  -38.367  -16.250  45.378 0.0000000000
46476  -37.617  -16.391  43.986 0.0000000000
46543  -17.156  -16.041  39.127 0.0000000000
47458  -18.082  -15.556  51.622 0.0000000000
47498  -18.686  -16.206  49.298 0.0000000000
47551  -35.717  -14.980  46.873 0.0000000000
47576  -33.815  -16.057  46.689 0.0000000000
47725  -35.838  -15.238  38.512 0.0000000000
48675  -17.308  -14.681  51.394 0.0000000000
48891  -35.758  -14.703  38.380 0.0000000000
49981  -38.166  -13.289  43.055 0.0000000000
50017  -36.596  -12.959  40.868 0.0000000000
50034  -35.676  -14.275  38.728 0.0000000000
50052  -35.821  -13.483  38.686 0.0000000000
51186  -38.197  -11.909  42.023 0.0000000000
51203  -36.550  -12.698  40.470 0.0000000000
51247  -36.068  -12.988  38.764 0.0000000000
51268  -35.770  -13.512  38.167 0.0000000000
52314  -38.556  -11.334  41.988 0.0000000000
53385  -41.176  -10.247  44.211 0.0000000000
54608  -40.091  -9.307  42.381 0.0000000000
58018  -43.213  -5.894  44.413 0.0000000000
58246  -34.825  -7.220  31.247 0.0000000000
59123  -43.304  -5.476  44.369 0.0000000000
59255  -37.504  -5.372  34.712 0.0000000000
60210  -43.349  -4.849  44.214 0.0000000000
60217  -42.965  -4.930  43.634 0.0000000000
60218  -43.254  -4.861  43.897 0.0000000000
60347  -36.946  -5.226  33.649 0.0000000000
61353  -43.185  -4.394  44.881 0.0000000000
64863  -41.247  -0.958  43.459 0.0000000000
64877  -40.083  -1.000  42.433 0.0000000000
64962  -44.533  0.354  33.239 0.0000000000
64985  -43.004  0.450  32.351 0.0000000000
66066  -39.830  0.358  42.173 0.0000000000
66118  -48.690  1.626  37.976 0.0000000000
66242  -52.172  1.517  32.901 0.0000000000
66253  -41.883  0.193  32.159 0.0000000000
67228  -44.115  2.492  40.433 0.0000000000
67241  -40.808  1.664  39.722 0.0000000000
67243  -42.736  2.063  39.473 0.0000000000
67351  -50.436  2.439  33.544 0.0000000000
67361  -49.697  1.710  32.559 0.0000000000
67374  -50.407  1.988  31.925 0.0000000000
67382  -47.594  1.833  30.084 0.0000000000
67383  -48.224  1.877  30.109 0.0000000000
67396  -48.425  2.238  29.924 0.0000000000
67397  -48.652  2.129  30.077 0.0000000000
68469  -46.551  3.284  34.342 0.0000000000
68491  -51.084  2.756  33.875 0.0000000000
68493  -52.468  3.243  33.382 0.0000000000
68507  -51.857  3.464  32.751 0.0000000000
68528  -49.333  2.671  30.115 0.0000000000
68541  -47.363  2.639  29.623 0.0000000000
68543  -48.717  2.545  29.977 0.0000000000
69606  -46.225  2.984  40.131 0.0000000000
69631  -47.521  2.924  37.868 0.0000000000
69675  -47.999  3.202  36.754 0.0000000000
69715  -52.695  3.589  32.858 0.0000000000
69728  -45.183  3.109  32.821 0.0000000000
69730  -52.794  3.855  32.556 0.0000000000
69739  -52.688  3.886  32.391 0.0000000000
69754  -52.574  4.343  30.589 0.0000000000
69764  -45.982  3.279  29.510 0.0000000000
70731  -45.179  4.345  40.456 0.0000000000
70919  -47.810  4.049  30.114 0.0000000000
