#!ascii label  , from subject sub.01.dh.02.long.sub.01.base.03 vox2ras=TkReg
1545
65008  -33.573  -1.025  31.394 0.0000000000
77334  -47.990  10.214  27.145 0.0000000000
68555  -40.210  2.799  28.869 0.0000000000
47533  -8.206  -16.044  47.059 0.0000000000
63721  -32.963  -1.273  36.030 0.0000000000
49877  -22.298  -14.137  47.842 0.0000000000
51040  -31.478  -12.823  49.381 0.0000000000
54545  -37.596  -8.759  44.125 0.0000000000
61409  -37.467  -3.399  41.984 0.0000000000
51153  -16.698  -13.027  42.413 0.0000000000
52196  -18.857  -12.033  47.888 0.0000000000
54578  -19.305  -11.373  42.726 0.0000000000
49959  -28.102  -13.986  43.801 0.0000000000
51144  -33.815  -12.362  43.537 0.0000000000
68391  -34.471  1.297  38.212 0.0000000000
67293  -38.577  1.967  36.613 0.0000000000
74068  -44.184  6.585  28.517 0.0000000000
66270  -37.072  0.197  29.571 0.0000000000
77386  -45.007  10.751  22.725 0.0000000000
45344  -4.810  -17.947  47.032 0.0000000000
66078  -34.181  0.641  41.003 0.0000000000
66206  -31.206  -0.422  33.449 0.0000000000
49956  -22.591  -14.122  43.077 0.0000000000
48731  -26.872  -15.208  49.966 0.0000000000
68482  -40.353  2.650  33.596 0.0000000000
79638  -52.848  12.980  20.571 0.0000000000
54605  -35.568  -9.342  41.555 0.0000000000
58054  -36.467  -7.047  40.546 0.0000000000
52290  -18.327  -11.867  41.853 0.0000000000
51201  -31.377  -12.255  40.396 0.0000000000
52312  -33.822  -11.372  41.040 0.0000000000
52278  -35.698  -11.149  43.353 0.0000000000
67330  -33.959  0.533  34.765 0.0000000000
68408  -36.375  1.274  38.089 0.0000000000
66181  -36.041  -0.088  34.069 0.0000000000
74071  -46.416  7.929  27.888 0.0000000000
76092  -44.638  8.921  31.159 0.0000000000
78480  -49.461  11.922  26.806 0.0000000000
47627  -6.504  -16.907  42.946 0.0000000000
46429  -5.852  -17.104  46.481 0.0000000000
63694  -35.684  -1.481  38.482 0.0000000000
64875  -36.614  -0.261  41.591 0.0000000000
64904  -33.204  -0.418  38.552 0.0000000000
67271  -32.199  0.485  37.357 0.0000000000
64927  -31.370  -0.879  35.248 0.0000000000
49875  -19.919  -14.182  48.047 0.0000000000
48677  -19.999  -15.027  51.378 0.0000000000
46371  -21.686  -16.796  50.284 0.0000000000
46373  -24.215  -16.825  50.574 0.0000000000
52338  -21.506  -12.234  39.375 0.0000000000
51213  -23.821  -13.687  39.558 0.0000000000
49911  -30.113  -14.564  46.799 0.0000000000
48794  -27.918  -15.584  46.080 0.0000000000
49865  -29.263  -14.031  49.519 0.0000000000
49778  -27.846  -14.516  52.195 0.0000000000
49951  -11.908  -14.450  43.912 0.0000000000
52207  -13.324  -11.919  47.936 0.0000000000
52155  -12.737  -11.422  50.517 0.0000000000
67394  -38.778  1.922  29.578 0.0000000000
67359  -38.494  1.787  32.310 0.0000000000
69735  -39.557  3.964  31.578 0.0000000000
80703  -54.398  13.176  19.255 0.0000000000
47473  -7.806  -15.478  50.398 0.0000000000
56911  -37.352  -7.194  47.110 0.0000000000
60189  -37.997  -4.343  46.382 0.0000000000
58030  -37.896  -6.208  43.556 0.0000000000
60251  -36.737  -4.628  39.420 0.0000000000
51098  -15.803  -12.480  45.329 0.0000000000
53287  -17.585  -11.326  48.210 0.0000000000
53334  -18.145  -11.711  45.219 0.0000000000
52229  -19.432  -12.090  45.847 0.0000000000
51078  -20.997  -12.765  45.857 0.0000000000
50033  -26.090  -13.371  40.059 0.0000000000
51198  -28.326  -13.241  40.498 0.0000000000
51141  -30.375  -13.699  43.773 0.0000000000
51101  -32.600  -13.047  46.486 0.0000000000
52235  -34.449  -11.496  46.590 0.0000000000
54511  -36.453  -9.590  46.860 0.0000000000
50009  -14.285  -13.712  40.529 0.0000000000
68322  -35.076  2.577  42.143 0.0000000000
70672  -37.868  4.565  44.773 0.0000000000
69599  -36.904  2.802  41.096 0.0000000000
69616  -38.832  3.571  39.720 0.0000000000
70915  -42.340  4.732  29.110 0.0000000000
71966  -40.356  5.741  31.634 0.0000000000
74032  -42.601  7.545  31.091 0.0000000000
41949  -1.668  -20.848  51.322 0.0000000000
65037  -34.822  -1.108  30.417 0.0000000000
66323  -36.756  0.730  26.452 0.0000000000
70971  -40.189  3.377  26.379 0.0000000000
72046  -42.214  4.853  25.864 0.0000000000
73082  -43.795  6.530  24.956 0.0000000000
75134  -45.332  8.441  24.738 0.0000000000
77360  -45.920  10.525  24.324 0.0000000000
76180  -43.342  9.574  22.376 0.0000000000
46365  -5.527  -16.900  51.132 0.0000000000
45286  -4.287  -17.738  51.142 0.0000000000
44171  -2.468  -19.030  51.689 0.0000000000
65982  -37.389  0.856  47.341 0.0000000000
62498  -38.022  -2.324  45.075 0.0000000000
66050  -36.904  0.569  44.009 0.0000000000
67185  -35.537  1.660  43.217 0.0000000000
68332  -34.082  1.455  40.351 0.0000000000
67287  -32.763  1.090  36.411 0.0000000000
64955  -32.137  -0.402  32.940 0.0000000000
49820  -18.754  -13.644  52.122 0.0000000000
52292  -21.198  -12.551  42.436 0.0000000000
49909  -22.933  -13.992  46.175 0.0000000000
48848  -25.421  -14.794  42.915 0.0000000000
47571  -24.449  -15.764  46.201 0.0000000000
49863  -24.579  -14.449  49.663 0.0000000000
48656  -26.034  -15.077  52.207 0.0000000000
47630  -8.019  -16.252  43.055 0.0000000000
48826  -9.740  -15.560  43.243 0.0000000000
48786  -9.353  -15.001  47.020 0.0000000000
66213  -37.533  0.139  33.004 0.0000000000
68464  -39.950  2.054  35.017 0.0000000000
69671  -42.449  2.921  36.408 0.0000000000
69708  -40.947  3.717  32.625 0.0000000000
79596  -47.325  12.769  23.703 0.0000000000
81664  -49.532  13.479  23.539 0.0000000000
80653  -51.390  13.761  23.191 0.0000000000
79636  -50.991  12.361  21.133 0.0000000000
81680  -53.381  13.756  22.383 0.0000000000
55875  -35.304  -9.175  39.741 0.0000000000
57014  -35.530  -8.367  39.139 0.0000000000
55888  -35.106  -8.857  38.629 0.0000000000
52327  -33.011  -11.533  39.913 0.0000000000
54648  -34.400  -10.523  39.659 0.0000000000
53427  -34.841  -10.427  41.315 0.0000000000
66209  -33.550  -0.363  33.163 0.0000000000
66154  -34.828  0.419  34.740 0.0000000000
64958  -34.764  -0.723  32.803 0.0000000000
75113  -47.094  8.632  27.123 0.0000000000
76113  -46.684  8.965  29.325 0.0000000000
76114  -47.273  9.478  29.109 0.0000000000
77323  -48.320  10.346  28.456 0.0000000000
77335  -48.666  10.952  27.329 0.0000000000
47585  -6.977  -16.446  44.419 0.0000000000
46443  -6.408  -16.738  44.881 0.0000000000
47532  -7.308  -16.480  46.532 0.0000000000
63711  -33.920  -1.438  36.866 0.0000000000
63693  -34.872  -0.339  38.813 0.0000000000
63710  -32.868  -0.727  37.155 0.0000000000
64911  -32.353  -0.408  36.911 0.0000000000
63728  -31.501  -1.040  35.414 0.0000000000
52158  -15.145  -11.350  50.128 0.0000000000
49876  -21.249  -14.472  47.641 0.0000000000
47521  -21.036  -15.447  48.914 0.0000000000
46390  -22.428  -16.467  49.543 0.0000000000
45306  -23.068  -17.218  50.105 0.0000000000
47501  -23.338  -15.625  49.551 0.0000000000
49898  -30.950  -13.859  48.019 0.0000000000
48776  -29.688  -14.538  47.695 0.0000000000
51038  -29.988  -13.692  49.446 0.0000000000
50978  -29.914  -13.406  50.962 0.0000000000
51096  -14.339  -12.528  46.006 0.0000000000
52208  -14.411  -11.953  47.889 0.0000000000
52157  -14.402  -11.368  50.262 0.0000000000
68248  -37.240  2.355  47.079 0.0000000000
68554  -39.703  2.452  29.108 0.0000000000
68537  -38.896  2.488  30.409 0.0000000000
69760  -39.800  3.509  29.928 0.0000000000
55795  -37.865  -8.095  45.210 0.0000000000
56930  -38.162  -7.029  45.435 0.0000000000
56957  -37.893  -7.131  43.113 0.0000000000
59160  -36.642  -5.565  39.684 0.0000000000
60276  -35.905  -4.817  37.886 0.0000000000
62552  -35.587  -3.259  37.324 0.0000000000
51135  -16.535  -12.790  43.597 0.0000000000
52228  -17.305  -12.101  46.234 0.0000000000
52272  -17.366  -12.367  43.809 0.0000000000
53392  -18.847  -11.347  41.975 0.0000000000
53352  -18.902  -11.047  44.014 0.0000000000
53353  -19.410  -11.244  44.079 0.0000000000
52230  -20.007  -12.110  45.445 0.0000000000
53338  -20.357  -11.785  44.630 0.0000000000
51217  -27.857  -13.059  39.471 0.0000000000
51162  -31.932  -12.533  42.501 0.0000000000
51161  -30.744  -12.941  42.625 0.0000000000
51142  -31.636  -13.335  43.619 0.0000000000
49944  -31.655  -13.839  45.442 0.0000000000
51102  -33.283  -12.640  46.074 0.0000000000
51083  -32.994  -12.445  46.990 0.0000000000
52248  -34.136  -12.169  45.861 0.0000000000
53363  -37.159  -9.979  44.235 0.0000000000
53345  -36.310  -10.760  45.564 0.0000000000
54512  -36.993  -9.073  46.270 0.0000000000
55765  -36.832  -8.164  47.377 0.0000000000
49989  -15.103  -13.339  41.428 0.0000000000
68350  -34.971  2.095  40.323 0.0000000000
69581  -35.994  2.675  41.884 0.0000000000
68371  -35.784  1.899  39.709 0.0000000000
67278  -36.933  1.211  37.315 0.0000000000
69644  -37.956  2.517  38.549 0.0000000000
69645  -38.501  2.771  38.318 0.0000000000
69629  -39.614  3.584  38.673 0.0000000000
68411  -39.158  2.669  37.352 0.0000000000
72018  -43.439  5.381  28.382 0.0000000000
73009  -42.192  6.459  30.039 0.0000000000
74056  -43.076  6.792  29.380 0.0000000000
76051  -45.190  8.849  33.055 0.0000000000
70973  -41.652  4.277  26.133 0.0000000000
72071  -40.496  5.754  24.643 0.0000000000
73098  -42.618  6.623  24.109 0.0000000000
74112  -42.993  7.556  23.885 0.0000000000
74114  -44.560  7.491  24.601 0.0000000000
75146  -44.113  8.594  23.763 0.0000000000
76164  -44.337  9.367  23.671 0.0000000000
45369  -4.776  -18.035  44.526 0.0000000000
44231  -3.967  -19.274  46.945 0.0000000000
48646  -7.273  -15.441  52.751 0.0000000000
47472  -7.023  -15.957  50.576 0.0000000000
48645  -6.729  -15.794  53.088 0.0000000000
46351  -4.619  -17.239  52.301 0.0000000000
46337  -3.582  -17.694  52.809 0.0000000000
45284  -2.941  -18.783  51.217 0.0000000000
46326  -3.111  -18.299  52.731 0.0000000000
42984  -2.519  -19.360  52.519 0.0000000000
60209  -37.909  -4.186  44.232 0.0000000000
61350  -38.072  -3.161  45.942 0.0000000000
62503  -38.073  -2.417  44.028 0.0000000000
64873  -35.093  0.233  40.751 0.0000000000
64841  -37.231  -0.097  43.356 0.0000000000
66065  -35.941  0.750  42.780 0.0000000000
66049  -36.217  0.947  43.585 0.0000000000
66047  -35.145  1.366  42.399 0.0000000000
67198  -34.515  1.523  41.705 0.0000000000
66077  -33.925  0.742  40.575 0.0000000000
67303  -32.110  0.534  35.747 0.0000000000
67286  -32.134  1.075  36.515 0.0000000000
67327  -32.077  0.415  34.965 0.0000000000
66177  -32.473  0.056  34.094 0.0000000000
66207  -31.739  -0.390  33.165 0.0000000000
52195  -18.378  -11.531  48.423 0.0000000000
52178  -18.175  -11.562  49.484 0.0000000000
51013  -18.787  -13.061  49.788 0.0000000000
51176  -22.010  -13.243  41.303 0.0000000000
52309  -21.086  -12.438  41.680 0.0000000000
51137  -21.755  -13.435  43.104 0.0000000000
51117  -21.602  -13.317  44.010 0.0000000000
49923  -22.759  -14.337  45.070 0.0000000000
49995  -27.353  -13.905  41.984 0.0000000000
49993  -25.652  -14.036  41.625 0.0000000000
49957  -26.685  -14.520  43.250 0.0000000000
47523  -27.064  -15.770  48.634 0.0000000000
47573  -26.369  -16.251  46.658 0.0000000000
47544  -25.471  -16.088  47.630 0.0000000000
48752  -24.364  -14.604  48.042 0.0000000000
49864  -25.179  -14.552  50.153 0.0000000000
49823  -25.044  -14.501  51.291 0.0000000000
49824  -25.822  -14.479  51.388 0.0000000000
53278  -33.739  -10.998  49.657 0.0000000000
48828  -11.507  -14.898  43.800 0.0000000000
48801  -10.854  -14.699  45.670 0.0000000000
48800  -10.289  -15.155  45.430 0.0000000000
53232  -12.473  -10.556  52.644 0.0000000000
65063  -35.908  -0.453  29.626 0.0000000000
66234  -36.819  -0.316  32.080 0.0000000000
66251  -36.937  -0.039  31.144 0.0000000000
68498  -39.623  2.733  32.777 0.0000000000
68480  -39.350  1.977  33.187 0.0000000000
68465  -40.307  2.358  34.619 0.0000000000
68428  -40.640  2.690  36.258 0.0000000000
68447  -41.674  2.501  35.321 0.0000000000
72973  -41.078  6.250  32.706 0.0000000000
71939  -40.523  5.624  32.620 0.0000000000
71952  -41.564  5.262  32.706 0.0000000000
78513  -45.388  11.064  23.382 0.0000000000
79584  -46.666  11.831  23.896 0.0000000000
78514  -45.832  11.538  23.102 0.0000000000
78517  -47.344  12.530  22.864 0.0000000000
79611  -49.026  13.158  22.871 0.0000000000
81665  -50.310  13.612  23.629 0.0000000000
79612  -49.898  13.016  22.894 0.0000000000
78564  -51.480  11.692  19.793 0.0000000000
78563  -50.318  11.490  19.812 0.0000000000
79637  -51.824  12.473  20.718 0.0000000000
80675  -52.142  13.513  21.848 0.0000000000
80676  -53.080  13.528  21.477 0.0000000000
80690  -54.350  13.264  20.749 0.0000000000
78566  -55.396  11.465  19.882 0.0000000000
55833  -36.416  -9.042  42.278 0.0000000000
55849  -36.823  -8.111  41.450 0.0000000000
56987  -36.312  -7.968  40.925 0.0000000000
57015  -35.808  -7.424  39.222 0.0000000000
51154  -17.545  -12.559  42.120 0.0000000000
52341  -31.828  -11.918  39.171 0.0000000000
52311  -33.074  -11.688  40.834 0.0000000000
51164  -34.016  -11.992  42.787 0.0000000000
52277  -34.665  -11.758  43.351 0.0000000000
52296  -34.979  -11.229  42.744 0.0000000000
53404  -35.882  -10.261  42.698 0.0000000000
67289  -34.398  1.044  36.281 0.0000000000
68407  -35.292  1.147  37.844 0.0000000000
67290  -35.438  0.846  36.186 0.0000000000
67309  -36.200  0.363  35.590 0.0000000000
67310  -37.519  0.624  35.423 0.0000000000
73043  -45.112  6.681  27.716 0.0000000000
75076  -44.406  7.665  29.815 0.0000000000
75077  -45.515  8.120  29.481 0.0000000000
76094  -46.373  9.317  31.013 0.0000000000
79577  -49.703  12.456  26.415 0.0000000000
46442  -5.656  -17.178  45.343 0.0000000000
45345  -5.371  -17.517  46.761 0.0000000000
62527  -37.060  -2.182  40.428 0.0000000000
63678  -37.327  -1.597  41.889 0.0000000000
63686  -36.169  -0.949  39.916 0.0000000000
64886  -34.985  -0.054  39.908 0.0000000000
64885  -34.091  0.288  39.778 0.0000000000
66088  -33.153  0.303  39.417 0.0000000000
64892  -32.558  -0.133  38.399 0.0000000000
66137  -31.988  -0.076  35.990 0.0000000000
66174  -30.953  -0.609  34.188 0.0000000000
51033  -19.389  -12.898  48.220 0.0000000000
49859  -19.308  -13.861  50.071 0.0000000000
48727  -20.234  -14.993  49.371 0.0000000000
46370  -21.046  -16.404  50.935 0.0000000000
45278  -23.700  -18.191  51.318 0.0000000000
51194  -22.491  -13.287  40.326 0.0000000000
49991  -23.304  -14.430  41.346 0.0000000000
49941  -29.383  -14.691  44.604 0.0000000000
48819  -27.736  -14.854  44.958 0.0000000000
48807  -28.954  -15.036  45.989 0.0000000000
47525  -28.617  -15.219  48.288 0.0000000000
48732  -27.839  -15.158  49.871 0.0000000000
49825  -26.917  -14.598  51.343 0.0000000000
49826  -28.010  -14.359  51.165 0.0000000000
49970  -12.899  -13.861  42.981 0.0000000000
49952  -12.580  -13.999  43.999 0.0000000000
51093  -12.258  -13.108  46.840 0.0000000000
51031  -11.683  -12.301  48.882 0.0000000000
52174  -13.011  -11.692  49.764 0.0000000000
66271  -37.433  0.686  29.240 0.0000000000
67369  -37.830  1.381  30.782 0.0000000000
67381  -38.397  1.984  30.547 0.0000000000
69734  -39.227  3.180  31.765 0.0000000000
69722  -39.853  3.521  32.299 0.0000000000
77422  -44.119  10.306  20.696 0.0000000000
77404  -45.616  10.874  22.184 0.0000000000
77423  -45.042  10.500  21.125 0.0000000000
78565  -52.425  11.778  19.511 0.0000000000
79649  -53.691  13.021  19.564 0.0000000000
78578  -53.580  12.127  18.603 0.0000000000
79669  -54.432  12.402  18.134 0.0000000000
47514  -8.863  -15.073  48.505 0.0000000000
47513  -8.148  -15.692  48.259 0.0000000000
59096  -37.577  -5.551  47.387 0.0000000000
57987  -37.588  -6.269  46.851 0.0000000000
59121  -38.095  -4.934  44.740 0.0000000000
60224  -37.512  -4.187  42.363 0.0000000000
58055  -37.091  -6.465  40.961 0.0000000000
59148  -37.039  -5.421  41.446 0.0000000000
61423  -37.113  -3.452  40.496 0.0000000000
61422  -36.865  -3.218  39.641 0.0000000000
62551  -34.996  -2.412  37.058 0.0000000000
52226  -15.717  -12.295  46.969 0.0000000000
53286  -16.890  -11.576  48.465 0.0000000000
52227  -16.712  -12.206  46.769 0.0000000000
53301  -17.754  -11.572  47.332 0.0000000000
52211  -18.520  -11.656  47.432 0.0000000000
52273  -18.029  -12.089  43.239 0.0000000000
53335  -18.723  -11.510  44.977 0.0000000000
52212  -19.148  -12.037  46.784 0.0000000000
51058  -19.719  -12.709  47.052 0.0000000000
51059  -20.644  -12.976  46.519 0.0000000000
51060  -21.610  -13.136  46.543 0.0000000000
51197  -27.149  -13.343  40.472 0.0000000000
51159  -28.297  -13.675  42.752 0.0000000000
51200  -30.465  -12.572  40.467 0.0000000000
51160  -29.574  -13.302  42.641 0.0000000000
51140  -29.219  -13.766  43.446 0.0000000000
49942  -30.235  -14.346  44.793 0.0000000000
49927  -31.345  -14.038  46.194 0.0000000000
51081  -31.851  -13.046  48.104 0.0000000000
52198  -32.416  -12.172  49.496 0.0000000000
52215  -32.698  -12.215  48.581 0.0000000000
52216  -33.506  -11.636  48.285 0.0000000000
53293  -34.548  -10.348  48.691 0.0000000000
52249  -35.029  -11.670  45.746 0.0000000000
53327  -35.015  -10.807  46.811 0.0000000000
54495  -35.470  -9.799  48.069 0.0000000000
55749  -36.374  -8.400  48.242 0.0000000000
49971  -13.845  -13.455  42.764 0.0000000000
68297  -35.755  2.651  43.735 0.0000000000
69557  -36.661  3.276  43.902 0.0000000000
70712  -37.629  3.895  42.827 0.0000000000
70727  -38.295  4.136  41.463 0.0000000000
68393  -36.662  1.856  38.916 0.0000000000
69615  -38.069  3.078  40.148 0.0000000000
69762  -41.010  3.771  29.081 0.0000000000
70893  -40.759  4.568  30.117 0.0000000000
71983  -41.227  5.363  30.460 0.0000000000
74030  -41.626  6.552  31.361 0.0000000000
74004  -41.747  6.727  32.349 0.0000000000
75052  -43.100  7.923  31.302 0.0000000000
75021  -43.038  8.092  32.821 0.0000000000
65060  -33.335  -1.599  29.725 0.0000000000
65009  -34.460  -1.032  31.308 0.0000000000
65061  -34.256  -1.400  29.468 0.0000000000
65089  -34.801  -0.972  28.647 0.0000000000
66284  -35.964  -0.369  28.349 0.0000000000
66302  -36.810  0.344  27.398 0.0000000000
66303  -37.675  0.729  27.519 0.0000000000
67424  -38.920  1.614  27.609 0.0000000000
68567  -39.816  2.211  27.968 0.0000000000
69801  -40.621  2.849  27.745 0.0000000000
69802  -41.531  3.502  27.470 0.0000000000
70956  -42.716  4.544  27.412 0.0000000000
72034  -43.458  5.043  27.508 0.0000000000
72072  -41.310  5.935  24.450 0.0000000000
72060  -43.400  5.783  25.378 0.0000000000
72048  -44.329  5.795  26.404 0.0000000000
73072  -45.337  6.717  26.475 0.0000000000
75123  -46.189  8.042  25.930 0.0000000000
76146  -46.572  8.854  25.388 0.0000000000
77347  -47.165  9.827  25.191 0.0000000000
76157  -46.442  9.752  24.807 0.0000000000
77371  -44.998  10.618  23.572 0.0000000000
77385  -43.934  10.071  22.138 0.0000000000
77402  -43.555  10.038  21.246 0.0000000000
47491  -7.257  -16.050  49.253 0.0000000000
46401  -5.841  -17.120  48.780 0.0000000000
46412  -5.278  -17.464  48.260 0.0000000000
47451  -5.450  -16.791  52.466 0.0000000000
46382  -4.967  -17.397  50.529 0.0000000000
45314  -4.222  -18.373  49.041 0.0000000000
45313  -3.763  -18.796  49.234 0.0000000000
44199  -2.884  -19.551  49.262 0.0000000000
43046  -1.725  -20.211  49.966 0.0000000000
43018  -1.711  -20.408  51.127 0.0000000000
67139  -36.724  1.732  46.695 0.0000000000
63617  -37.901  -1.401  46.344 0.0000000000
63660  -37.904  -1.671  43.485 0.0000000000
64829  -37.831  -0.711  44.793 0.0000000000
66018  -36.950  0.913  45.874 0.0000000000
66017  -36.603  1.556  45.796 0.0000000000
67158  -36.083  2.348  44.665 0.0000000000
68296  -35.459  2.337  43.161 0.0000000000
68321  -34.653  2.121  41.594 0.0000000000
68369  -34.078  1.440  38.951 0.0000000000
67240  -33.311  0.769  38.802 0.0000000000
68389  -33.397  1.069  38.102 0.0000000000
67259  -33.776  1.144  37.688 0.0000000000
67306  -33.742  0.899  35.538 0.0000000000
66178  -33.295  0.003  34.090 0.0000000000
66232  -33.060  -0.384  32.771 0.0000000000
63737  -31.518  -1.307  34.462 0.0000000000
63753  -30.584  -1.443  33.664 0.0000000000
66204  -30.115  -0.949  33.246 0.0000000000
66229  -30.529  -0.683  32.845 0.0000000000
66249  -30.552  -0.938  32.290 0.0000000000
65005  -30.817  -1.048  31.865 0.0000000000
65006  -31.709  -0.887  31.513 0.0000000000
65034  -31.993  -1.250  30.463 0.0000000000
48676  -19.381  -14.375  51.797 0.0000000000
54616  -19.424  -11.220  40.442 0.0000000000
53441  -20.201  -11.628  40.622 0.0000000000
53395  -20.399  -11.845  42.623 0.0000000000
52258  -20.910  -12.210  44.272 0.0000000000
51079  -21.565  -12.992  45.677 0.0000000000
51037  -22.741  -13.757  47.237 0.0000000000
50031  -24.826  -13.975  39.981 0.0000000000
49992  -24.503  -14.604  41.599 0.0000000000
48846  -23.955  -14.879  42.534 0.0000000000
48804  -26.679  -15.339  45.092 0.0000000000
48816  -25.269  -15.293  44.222 0.0000000000
48814  -23.314  -14.889  44.186 0.0000000000
48792  -23.207  -14.825  45.899 0.0000000000
49896  -23.832  -14.319  47.678 0.0000000000
49844  -23.818  -14.582  49.719 0.0000000000
48678  -24.420  -14.810  50.567 0.0000000000
47442  -24.883  -15.299  51.763 0.0000000000
47629  -7.217  -16.459  42.934 0.0000000000
47586  -7.759  -16.197  44.774 0.0000000000
48842  -10.494  -15.348  42.482 0.0000000000
48840  -8.912  -15.669  41.428 0.0000000000
47631  -8.857  -15.922  43.241 0.0000000000
47587  -8.626  -15.773  45.064 0.0000000000
47534  -8.878  -15.361  47.495 0.0000000000
48718  -9.617  -14.092  49.112 0.0000000000
52154  -11.936  -11.502  50.684 0.0000000000
64959  -35.502  -0.687  32.723 0.0000000000
66182  -37.053  0.117  34.032 0.0000000000
67331  -37.655  0.478  34.496 0.0000000000
67346  -38.129  0.963  32.580 0.0000000000
67332  -38.625  0.854  34.386 0.0000000000
67311  -38.911  1.438  35.814 0.0000000000
68427  -40.047  2.627  36.474 0.0000000000
70877  -39.969  4.704  31.382 0.0000000000
69723  -40.470  4.274  32.356 0.0000000000
68483  -40.993  2.745  33.307 0.0000000000
78478  -48.216  11.074  25.506 0.0000000000
79586  -48.453  12.146  24.940 0.0000000000
80640  -48.909  13.163  24.460 0.0000000000
79608  -47.142  12.597  23.228 0.0000000000
80649  -47.802  13.202  23.504 0.0000000000
80641  -49.948  13.573  24.708 0.0000000000
81646  -51.161  13.993  25.161 0.0000000000
81648  -52.418  14.356  24.576 0.0000000000
78530  -49.561  11.905  21.786 0.0000000000
80674  -51.375  13.344  22.173 0.0000000000
81667  -52.261  14.127  23.125 0.0000000000
79640  -54.701  12.334  21.111 0.0000000000
54670  -34.788  -9.625  38.825 0.0000000000
53470  -34.017  -10.898  39.350 0.0000000000
54669  -34.273  -10.226  39.000 0.0000000000
54649  -34.788  -10.038  39.639 0.0000000000
64978  -33.354  -0.717  32.449 0.0000000000
64957  -33.991  -0.671  32.836 0.0000000000
64979  -34.178  -1.061  32.196 0.0000000000
76133  -47.414  9.241  26.756 0.0000000000
75087  -47.120  9.062  28.322 0.0000000000
76121  -47.513  9.547  27.899 0.0000000000
47559  -7.116  -16.406  45.416 0.0000000000
63720  -32.115  -0.841  36.194 0.0000000000
63729  -32.198  -1.297  35.225 0.0000000000
53262  -15.966  -11.416  50.594 0.0000000000
52194  -15.995  -11.803  48.625 0.0000000000
49860  -22.278  -14.606  48.298 0.0000000000
48751  -21.659  -15.141  48.424 0.0000000000
48728  -22.611  -14.993  48.997 0.0000000000
48729  -23.358  -14.814  49.535 0.0000000000
49883  -31.055  -13.527  48.882 0.0000000000
51039  -30.501  -13.444  49.502 0.0000000000
51016  -30.565  -13.032  50.131 0.0000000000
52193  -15.039  -11.945  48.710 0.0000000000
68539  -39.982  2.968  29.541 0.0000000000
54527  -37.699  -8.562  44.657 0.0000000000
55808  -37.898  -8.239  44.324 0.0000000000
55821  -37.741  -8.235  43.379 0.0000000000
59205  -35.736  -5.519  37.468 0.0000000000
59192  -36.112  -5.521  38.266 0.0000000000
51136  -17.289  -12.615  43.058 0.0000000000
54577  -19.055  -11.255  42.131 0.0000000000
54557  -19.016  -11.260  43.020 0.0000000000
54558  -19.174  -11.207  43.480 0.0000000000
53354  -20.058  -11.562  44.121 0.0000000000
53371  -19.651  -11.467  43.412 0.0000000000
51143  -32.829  -12.938  43.564 0.0000000000
51121  -32.432  -13.352  45.079 0.0000000000
51122  -33.515  -12.656  44.781 0.0000000000
54544  -37.306  -9.352  43.921 0.0000000000
54526  -37.413  -9.084  44.940 0.0000000000
55794  -37.478  -8.595  45.708 0.0000000000
51172  -16.043  -13.255  41.732 0.0000000000
51152  -15.590  -13.125  42.644 0.0000000000
68370  -34.766  1.766  39.305 0.0000000000
67292  -37.796  1.485  36.677 0.0000000000
68409  -37.632  2.056  37.935 0.0000000000
68424  -38.283  2.154  37.142 0.0000000000
68410  -38.664  2.574  37.584 0.0000000000
68425  -38.818  2.468  36.957 0.0000000000
73041  -43.776  6.153  28.575 0.0000000000
73025  -43.290  6.442  29.063 0.0000000000
75036  -45.524  8.096  32.766 0.0000000000
72057  -40.185  4.964  25.181 0.0000000000
75132  -43.783  8.059  23.806 0.0000000000
75131  -43.202  8.155  23.594 0.0000000000
75145  -43.564  8.597  23.444 0.0000000000
45358  -5.009  -17.804  45.811 0.0000000000
44253  -4.452  -18.563  46.398 0.0000000000
44252  -3.942  -19.148  45.776 0.0000000000
44232  -4.315  -18.558  47.535 0.0000000000
48634  -7.035  -15.464  53.337 0.0000000000
45236  -3.392  -18.225  53.535 0.0000000000
61393  -37.781  -3.331  42.652 0.0000000000
61379  -37.963  -3.320  43.619 0.0000000000
64856  -34.587  0.508  41.148 0.0000000000
64857  -35.237  0.472  41.479 0.0000000000
66064  -35.393  0.856  42.219 0.0000000000
66063  -34.603  0.863  41.658 0.0000000000
66062  -34.136  0.997  41.232 0.0000000000
67326  -31.999  0.229  35.043 0.0000000000
66176  -31.916  -0.017  34.166 0.0000000000
52179  -18.582  -12.156  48.967 0.0000000000
49974  -22.540  -14.150  42.154 0.0000000000
49973  -22.009  -13.658  42.432 0.0000000000
49955  -22.212  -13.857  42.812 0.0000000000
51118  -22.134  -13.782  43.646 0.0000000000
49938  -22.621  -14.290  43.960 0.0000000000
51158  -27.686  -13.871  42.223 0.0000000000
49978  -27.242  -14.034  42.677 0.0000000000
49979  -27.711  -13.921  43.253 0.0000000000
47503  -26.595  -15.462  49.290 0.0000000000
47545  -26.678  -16.108  47.722 0.0000000000
47522  -26.016  -15.762  48.671 0.0000000000
48730  -25.765  -15.088  49.732 0.0000000000
48705  -25.741  -14.579  50.623 0.0000000000
48682  -26.114  -14.332  50.746 0.0000000000
53279  -34.409  -10.435  49.430 0.0000000000
51053  -11.009  -13.011  48.076 0.0000000000
65064  -36.515  -0.156  29.607 0.0000000000
65039  -36.406  -0.361  30.368 0.0000000000
66262  -37.051  0.098  30.295 0.0000000000
69706  -40.005  2.878  32.965 0.0000000000
68481  -39.684  2.167  33.680 0.0000000000
68446  -40.778  2.534  35.396 0.0000000000
68466  -40.883  2.436  34.418 0.0000000000
71942  -41.797  5.816  32.845 0.0000000000
71941  -41.225  5.617  32.830 0.0000000000
77387  -45.625  11.202  22.664 0.0000000000
79619  -48.507  12.566  22.590 0.0000000000
79620  -49.354  12.518  22.466 0.0000000000
79647  -52.447  12.192  20.166 0.0000000000
79623  -52.293  13.196  21.191 0.0000000000
80688  -53.343  13.352  20.614 0.0000000000
80677  -53.680  13.549  21.583 0.0000000000
80689  -53.777  13.417  20.369 0.0000000000
55848  -36.179  -8.732  41.718 0.0000000000
55862  -35.625  -8.697  40.740 0.0000000000
57028  -35.425  -7.987  38.321 0.0000000000
57029  -35.684  -7.017  38.192 0.0000000000
52328  -33.562  -11.440  40.345 0.0000000000
51184  -33.022  -11.985  41.432 0.0000000000
52294  -33.474  -11.737  41.533 0.0000000000
52295  -34.232  -11.356  42.120 0.0000000000
54604  -35.202  -9.887  41.445 0.0000000000
53403  -35.294  -10.544  42.234 0.0000000000
54584  -35.465  -9.833  41.923 0.0000000000
54585  -35.989  -9.637  42.377 0.0000000000
67276  -34.983  1.179  37.021 0.0000000000
67307  -34.620  0.809  35.457 0.0000000000
66180  -35.105  -0.098  34.134 0.0000000000
67308  -35.344  0.557  35.362 0.0000000000
66155  -35.682  0.176  34.821 0.0000000000
66156  -36.638  0.143  34.819 0.0000000000
74070  -45.755  7.438  28.092 0.0000000000
74059  -45.571  7.650  28.864 0.0000000000
75085  -45.916  7.830  28.804 0.0000000000
76078  -46.651  9.304  32.120 0.0000000000
76079  -47.621  9.674  32.476 0.0000000000
78470  -49.724  12.209  27.413 0.0000000000
79568  -50.272  12.687  27.582 0.0000000000
46430  -6.410  -16.651  45.976 0.0000000000
45359  -5.404  -17.306  46.111 0.0000000000
62526  -36.665  -2.138  39.705 0.0000000000
63692  -34.054  -0.293  38.600 0.0000000000
64895  -34.405  0.034  39.360 0.0000000000
64894  -33.735  -0.174  38.970 0.0000000000
64893  -32.885  -0.279  38.939 0.0000000000
64903  -32.850  -0.439  38.055 0.0000000000
64920  -31.695  -0.732  35.856 0.0000000000
64910  -32.148  -0.200  36.512 0.0000000000
66136  -31.709  -0.558  35.471 0.0000000000
66153  -32.059  0.068  35.130 0.0000000000
66152  -31.474  -0.580  34.796 0.0000000000
48749  -19.874  -14.548  48.895 0.0000000000
47478  -21.099  -16.126  50.190 0.0000000000
46392  -23.691  -16.733  50.105 0.0000000000
45293  -23.459  -17.609  50.572 0.0000000000
45294  -24.167  -17.524  50.958 0.0000000000
51212  -22.729  -13.173  39.120 0.0000000000
51195  -23.254  -13.891  40.591 0.0000000000
49925  -29.698  -14.765  45.720 0.0000000000
49924  -28.985  -14.978  45.239 0.0000000000
48796  -29.324  -14.888  46.772 0.0000000000
49881  -29.384  -14.329  48.893 0.0000000000
48775  -28.972  -14.975  47.771 0.0000000000
48755  -28.840  -14.756  48.835 0.0000000000
48754  -28.267  -15.059  49.317 0.0000000000
48733  -28.511  -14.576  49.729 0.0000000000
48708  -28.086  -14.676  50.354 0.0000000000
49850  -28.692  -14.096  50.469 0.0000000000
50966  -29.643  -13.526  51.579 0.0000000000
49953  -13.454  -13.239  43.923 0.0000000000
49937  -13.404  -13.031  44.690 0.0000000000
51076  -13.232  -12.317  46.985 0.0000000000
51056  -12.847  -12.226  47.494 0.0000000000
52206  -12.702  -11.947  48.503 0.0000000000
52191  -13.235  -11.811  48.946 0.0000000000
53261  -14.992  -11.043  50.896 0.0000000000
67393  -38.097  1.199  28.925 0.0000000000
67380  -37.928  1.381  29.859 0.0000000000
68523  -39.167  3.050  30.701 0.0000000000
68522  -38.804  2.690  31.161 0.0000000000
78576  -51.707  11.274  18.712 0.0000000000
78577  -52.994  11.700  18.865 0.0000000000
48716  -8.753  -14.660  49.802 0.0000000000
49768  -7.803  -13.671  53.234 0.0000000000
57986  -37.380  -6.463  47.610 0.0000000000
58016  -37.987  -5.988  44.771 0.0000000000
59130  -37.877  -5.155  43.859 0.0000000000
59139  -37.615  -5.319  42.689 0.0000000000
56988  -36.839  -7.427  41.021 0.0000000000
56970  -37.375  -7.379  41.718 0.0000000000
59161  -36.844  -5.427  40.366 0.0000000000
60252  -36.896  -4.230  40.227 0.0000000000
60236  -36.909  -4.321  41.119 0.0000000000
61435  -36.415  -3.537  38.683 0.0000000000
52244  -17.513  -12.046  45.425 0.0000000000
53318  -17.850  -11.780  46.316 0.0000000000
53302  -18.188  -11.652  46.960 0.0000000000
53336  -19.243  -11.456  44.821 0.0000000000
53320  -19.010  -11.781  45.751 0.0000000000
53303  -18.630  -11.775  46.595 0.0000000000
52231  -20.613  -12.310  45.347 0.0000000000
52214  -20.406  -12.592  45.801 0.0000000000
51035  -21.453  -13.628  47.124 0.0000000000
51179  -27.711  -13.647  41.500 0.0000000000
51180  -28.892  -13.258  41.591 0.0000000000
49961  -29.619  -14.106  44.095 0.0000000000
51119  -30.729  -14.009  44.565 0.0000000000
49928  -32.057  -13.614  46.242 0.0000000000
49913  -31.655  -13.528  47.307 0.0000000000
49914  -32.208  -13.274  46.916 0.0000000000
51082  -32.376  -12.773  47.589 0.0000000000
52234  -33.782  -11.849  47.139 0.0000000000
53307  -34.125  -10.989  48.032 0.0000000000
53326  -34.357  -11.023  47.275 0.0000000000
52261  -35.347  -11.715  44.468 0.0000000000
53329  -36.548  -9.975  46.176 0.0000000000
53344  -35.607  -11.024  46.069 0.0000000000
53328  -35.955  -10.323  46.735 0.0000000000
53309  -35.445  -10.169  47.480 0.0000000000
54482  -35.928  -9.241  48.507 0.0000000000
54496  -36.127  -9.455  47.678 0.0000000000
55778  -37.517  -7.995  46.319 0.0000000000
55750  -36.562  -7.762  48.017 0.0000000000
56896  -36.906  -7.257  47.845 0.0000000000
49972  -14.643  -13.283  42.308 0.0000000000
51115  -15.220  -12.702  44.756 0.0000000000
68309  -35.518  2.551  42.846 0.0000000000
69556  -36.091  3.092  43.412 0.0000000000
69567  -35.632  2.688  42.538 0.0000000000
69598  -36.098  2.597  41.282 0.0000000000
69582  -37.253  3.311  42.154 0.0000000000
70713  -38.109  4.196  42.229 0.0000000000
69600  -37.731  3.571  41.204 0.0000000000
69627  -38.166  2.768  39.073 0.0000000000
68373  -37.753  2.560  39.534 0.0000000000
70740  -38.374  3.888  40.806 0.0000000000
70741  -38.974  3.954  40.266 0.0000000000
70753  -39.262  3.844  39.600 0.0000000000
70755  -40.549  4.349  39.018 0.0000000000
70938  -41.803  4.084  28.586 0.0000000000
70914  -41.651  4.384  29.344 0.0000000000
71999  -41.730  5.296  29.955 0.0000000000
74031  -42.288  7.028  31.005 0.0000000000
74045  -42.038  6.642  30.612 0.0000000000
74012  -42.221  7.180  31.796 0.0000000000
75067  -44.659  8.461  30.657 0.0000000000
75066  -43.563  7.852  30.438 0.0000000000
75053  -43.827  8.524  31.470 0.0000000000
76049  -43.611  8.510  32.873 0.0000000000
41948  -1.276  -20.841  51.026 0.0000000000
41982  -1.142  -21.377  49.354 0.0000000000
40999  -1.132  -21.347  50.569 0.0000000000
65109  -34.642  -0.907  27.595 0.0000000000
65110  -35.208  -0.743  28.156 0.0000000000
66286  -37.525  0.562  28.300 0.0000000000
67423  -38.154  1.177  27.172 0.0000000000
67446  -38.486  1.669  26.810 0.0000000000
68566  -39.339  1.982  27.410 0.0000000000
68590  -39.037  2.073  26.861 0.0000000000
69824  -39.820  2.662  26.836 0.0000000000
69825  -40.804  3.151  26.808 0.0000000000
72045  -41.683  4.704  25.697 0.0000000000
70955  -42.086  3.986  26.957 0.0000000000
70974  -42.505  4.580  26.599 0.0000000000
70957  -43.163  4.806  27.029 0.0000000000
70975  -42.951  4.737  26.847 0.0000000000
73081  -42.999  6.128  24.734 0.0000000000
73070  -44.105  5.954  25.669 0.0000000000
73059  -44.891  6.247  26.966 0.0000000000
73071  -44.892  6.431  25.932 0.0000000000
75121  -45.225  8.081  24.825 0.0000000000
74101  -45.710  7.572  25.782 0.0000000000
75122  -45.725  8.265  25.181 0.0000000000
76145  -45.970  8.749  25.082 0.0000000000
76156  -45.647  9.120  24.651 0.0000000000
77370  -44.058  10.061  22.978 0.0000000000
43098  -3.366  -19.744  46.171 0.0000000000
47471  -6.321  -16.448  50.896 0.0000000000
47490  -6.452  -16.250  49.966 0.0000000000
46383  -6.017  -17.150  50.029 0.0000000000
47434  -6.095  -16.255  52.907 0.0000000000
45271  -4.348  -17.489  51.731 0.0000000000
46364  -4.823  -17.270  51.470 0.0000000000
45299  -4.286  -18.001  50.125 0.0000000000
45298  -3.732  -18.560  49.861 0.0000000000
44172  -2.717  -18.870  51.364 0.0000000000
44188  -2.661  -19.303  50.588 0.0000000000
43047  -2.235  -19.917  49.677 0.0000000000
43034  -2.053  -19.898  50.259 0.0000000000
43033  -1.779  -20.145  50.688 0.0000000000
43019  -2.116  -19.902  51.387 0.0000000000
42985  -2.883  -19.401  52.827 0.0000000000
67117  -36.871  1.710  47.012 0.0000000000
65981  -36.975  1.318  46.969 0.0000000000
59097  -37.742  -5.344  46.598 0.0000000000
60174  -37.584  -4.899  47.803 0.0000000000
62486  -38.001  -2.134  45.945 0.0000000000
62470  -37.874  -2.390  46.765 0.0000000000
63677  -36.935  -1.187  41.312 0.0000000000
63670  -37.530  -1.288  42.455 0.0000000000
63669  -37.251  -0.906  41.970 0.0000000000
64828  -37.444  -0.054  44.343 0.0000000000
64813  -37.769  -0.626  45.753 0.0000000000
66036  -37.488  -0.142  45.193 0.0000000000
66019  -37.358  0.127  45.916 0.0000000000
66035  -37.012  0.392  45.058 0.0000000000
66033  -35.898  1.468  43.918 0.0000000000
66034  -36.409  1.041  44.779 0.0000000000
67173  -36.219  1.707  44.772 0.0000000000
67172  -35.662  2.138  44.030 0.0000000000
67184  -35.264  1.937  42.868 0.0000000000
67211  -34.038  1.200  40.907 0.0000000000
67212  -34.302  1.662  41.078 0.0000000000
68349  -34.280  1.739  39.884 0.0000000000
68348  -33.890  1.215  39.398 0.0000000000
66100  -32.566  0.116  38.927 0.0000000000
67239  -32.996  0.480  39.122 0.0000000000
67256  -32.610  0.426  38.068 0.0000000000
67273  -32.714  1.138  37.180 0.0000000000
67258  -33.302  1.087  37.698 0.0000000000
67274  -33.324  1.140  37.093 0.0000000000
67288  -33.522  1.041  36.362 0.0000000000
67305  -33.097  0.964  35.596 0.0000000000
66208  -32.635  -0.252  33.198 0.0000000000
64977  -32.405  -0.570  32.376 0.0000000000
63765  -29.813  -1.675  32.894 0.0000000000
66228  -29.849  -1.057  32.954 0.0000000000
65004  -29.954  -1.193  31.571 0.0000000000
53273  -17.419  -11.383  49.205 0.0000000000
53264  -17.791  -11.298  49.771 0.0000000000
50994  -18.329  -12.753  51.280 0.0000000000
48701  -19.564  -14.422  50.724 0.0000000000
52308  -20.660  -12.080  41.298 0.0000000000
52291  -20.751  -12.120  42.332 0.0000000000
52274  -20.586  -12.062  42.952 0.0000000000
53373  -20.733  -12.017  43.858 0.0000000000
52275  -20.932  -12.346  43.357 0.0000000000
51080  -22.241  -13.545  45.512 0.0000000000
51099  -21.552  -13.160  44.857 0.0000000000
51061  -22.373  -13.493  46.540 0.0000000000
50032  -25.627  -13.618  40.029 0.0000000000
49977  -26.147  -14.387  42.534 0.0000000000
49976  -25.230  -14.652  42.247 0.0000000000
49975  -24.621  -14.797  42.278 0.0000000000
48847  -24.725  -14.868  42.829 0.0000000000
48818  -27.037  -14.841  44.638 0.0000000000
48805  -27.305  -15.496  45.535 0.0000000000
47572  -25.405  -16.090  46.418 0.0000000000
47619  -25.783  -15.774  45.054 0.0000000000
47597  -24.670  -15.628  45.153 0.0000000000
48815  -24.301  -15.266  44.443 0.0000000000
48803  -23.889  -15.395  45.501 0.0000000000
48802  -23.411  -15.042  45.007 0.0000000000
48793  -23.746  -15.178  46.418 0.0000000000
49879  -24.313  -14.315  48.636 0.0000000000
49862  -23.878  -14.323  49.201 0.0000000000
49845  -24.340  -14.538  50.009 0.0000000000
49797  -24.813  -14.563  52.024 0.0000000000
48680  -24.909  -14.624  51.609 0.0000000000
47443  -25.639  -15.868  51.881 0.0000000000
49800  -27.585  -14.442  51.784 0.0000000000
48658  -27.517  -14.622  52.307 0.0000000000
47607  -7.484  -16.252  43.821 0.0000000000
47608  -8.301  -15.965  44.036 0.0000000000
49969  -12.174  -14.433  43.121 0.0000000000
48844  -12.020  -14.674  42.527 0.0000000000
49968  -11.825  -14.727  43.415 0.0000000000
48827  -10.781  -15.269  43.579 0.0000000000
48841  -9.543  -15.654  42.044 0.0000000000
47648  -9.203  -15.819  42.675 0.0000000000
47562  -9.785  -15.279  45.902 0.0000000000
47588  -9.499  -15.422  45.213 0.0000000000
47561  -9.066  -15.472  46.280 0.0000000000
48766  -9.535  -14.746  47.786 0.0000000000
52173  -12.225  -11.698  49.934 0.0000000000
52189  -11.830  -11.937  49.494 0.0000000000
53258  -12.412  -11.101  51.212 0.0000000000
71738  -37.831  4.784  45.282 0.0000000000
64980  -35.031  -0.911  32.083 0.0000000000
65010  -35.354  -0.900  31.259 0.0000000000
66183  -37.824  0.474  33.874 0.0000000000
67370  -38.324  1.965  31.431 0.0000000000
67358  -37.913  1.225  31.685 0.0000000000
67348  -39.318  1.446  33.977 0.0000000000
67333  -39.479  1.551  34.728 0.0000000000
67312  -39.571  1.801  35.419 0.0000000000
68444  -39.652  2.173  35.981 0.0000000000
68429  -41.318  2.692  36.085 0.0000000000
69670  -41.296  2.805  36.949 0.0000000000
69648  -42.003  3.418  37.529 0.0000000000
71982  -40.586  5.422  31.041 0.0000000000
70892  -40.087  4.707  30.764 0.0000000000
71981  -40.263  5.235  31.378 0.0000000000
70852  -40.780  4.778  32.582 0.0000000000
70865  -40.586  4.858  32.400 0.0000000000
69707  -40.525  3.410  32.634 0.0000000000
77361  -46.870  10.490  24.678 0.0000000000
77362  -47.413  10.447  25.132 0.0000000000
79585  -47.273  12.096  24.142 0.0000000000
80639  -47.875  12.811  24.131 0.0000000000
80631  -49.265  12.711  25.406 0.0000000000
78526  -46.371  11.580  22.619 0.0000000000
78516  -46.957  12.319  22.927 0.0000000000
80663  -47.868  13.415  23.198 0.0000000000
80650  -48.696  13.382  23.553 0.0000000000
81654  -49.418  13.541  24.040 0.0000000000
80642  -50.606  13.801  24.706 0.0000000000
81655  -50.134  13.716  24.087 0.0000000000
80652  -50.639  13.590  23.424 0.0000000000
81656  -51.042  14.003  24.298 0.0000000000
81657  -51.932  14.435  24.055 0.0000000000
81658  -52.868  14.368  23.812 0.0000000000
78549  -50.961  11.924  20.490 0.0000000000
78548  -50.130  11.715  20.941 0.0000000000
78547  -49.003  11.162  21.138 0.0000000000
79621  -50.478  12.658  22.012 0.0000000000
81679  -52.975  13.871  22.326 0.0000000000
81678  -52.470  13.915  22.559 0.0000000000
81668  -53.166  14.203  22.943 0.0000000000
81659  -53.397  14.082  23.340 0.0000000000
80654  -53.612  13.588  23.142 0.0000000000
80696  -54.106  13.204  19.430 0.0000000000
80697  -54.425  13.300  19.736 0.0000000000
79650  -54.940  12.883  20.012 0.0000000000
55861  -35.278  -9.281  40.544 0.0000000000
52342  -32.658  -11.573  39.102 0.0000000000
53469  -33.361  -11.245  39.161 0.0000000000
53448  -33.648  -11.309  39.779 0.0000000000
53449  -34.224  -11.026  40.236 0.0000000000
53426  -34.406  -10.935  41.184 0.0000000000
53450  -34.623  -10.546  40.689 0.0000000000
54627  -35.016  -9.900  40.569 0.0000000000
66179  -34.194  -0.073  34.128 0.0000000000
66211  -35.390  -0.492  33.428 0.0000000000
75099  -46.783  8.278  27.527 0.0000000000
77302  -48.896  10.788  30.718 0.0000000000
77313  -49.078  10.928  29.514 0.0000000000
77314  -49.684  11.693  29.299 0.0000000000
77324  -49.207  11.361  28.369 0.0000000000
78469  -49.268  11.641  27.337 0.0000000000
46453  -6.467  -16.747  43.955 0.0000000000
46414  -6.631  -16.921  47.103 0.0000000000
63701  -34.893  -1.355  37.602 0.0000000000
63700  -33.671  -0.589  38.030 0.0000000000
63699  -33.052  -0.731  37.839 0.0000000000
64912  -32.581  -0.415  37.494 0.0000000000
63727  -31.437  -1.059  35.038 0.0000000000
48750  -20.569  -14.991  48.485 0.0000000000
47500  -21.794  -15.888  49.274 0.0000000000
46372  -22.412  -16.972  49.945 0.0000000000
46391  -23.073  -16.676  49.699 0.0000000000
47502  -23.664  -16.162  49.844 0.0000000000
49897  -30.366  -14.304  47.681 0.0000000000
49882  -30.055  -14.077  48.799 0.0000000000
49866  -29.735  -13.794  49.440 0.0000000000
51014  -29.263  -13.720  50.101 0.0000000000
51015  -29.803  -13.472  49.916 0.0000000000
50996  -30.092  -13.326  50.709 0.0000000000
52224  -13.906  -12.107  47.275 0.0000000000
52192  -14.097  -11.820  48.757 0.0000000000
52176  -14.701  -11.651  49.502 0.0000000000
67410  -39.260  2.030  28.796 0.0000000000
67395  -39.301  2.271  29.378 0.0000000000
68538  -39.436  2.771  29.977 0.0000000000
69745  -39.444  3.895  30.636 0.0000000000
55779  -37.959  -7.588  45.881 0.0000000000
56912  -37.831  -7.037  46.332 0.0000000000
56944  -38.035  -7.290  44.245 0.0000000000
58042  -37.757  -6.352  42.718 0.0000000000
58068  -36.222  -6.387  39.864 0.0000000000
58069  -36.681  -6.373  40.350 0.0000000000
59176  -36.503  -5.569  39.076 0.0000000000
60264  -36.304  -4.659  38.514 0.0000000000
61448  -35.957  -3.883  37.821 0.0000000000
51116  -16.122  -12.608  44.631 0.0000000000
52243  -16.656  -12.348  45.604 0.0000000000
52256  -17.030  -12.371  44.603 0.0000000000
52257  -17.783  -11.969  44.425 0.0000000000
53369  -18.746  -11.409  43.038 0.0000000000
53370  -18.948  -11.179  43.389 0.0000000000
53321  -19.516  -11.773  45.334 0.0000000000
53337  -19.865  -11.648  44.796 0.0000000000
52245  -20.366  -11.922  45.027 0.0000000000
52246  -20.797  -12.044  44.846 0.0000000000
51183  -32.264  -12.094  41.179 0.0000000000
51182  -31.114  -12.487  41.468 0.0000000000
51120  -31.329  -13.803  44.578 0.0000000000
52279  -36.383  -10.993  43.835 0.0000000000
52262  -36.138  -11.280  44.499 0.0000000000
53362  -36.703  -10.665  44.457 0.0000000000
53346  -36.913  -9.975  45.305 0.0000000000
54497  -36.629  -9.032  47.237 0.0000000000
51134  -15.425  -12.910  43.826 0.0000000000
68334  -35.163  2.468  41.373 0.0000000000
69580  -35.342  2.672  41.998 0.0000000000
68351  -35.995  2.410  40.726 0.0000000000
69628  -38.895  3.489  38.986 0.0000000000
69646  -39.692  3.050  37.922 0.0000000000
72017  -42.861  5.150  28.937 0.0000000000
72000  -42.270  5.241  29.493 0.0000000000
73024  -42.728  6.146  29.480 0.0000000000
74046  -42.697  7.256  30.040 0.0000000000
76062  -44.820  9.094  32.556 0.0000000000
76076  -44.469  9.046  31.729 0.0000000000
80626  -52.088  13.762  25.909 0.0000000000
67422  -37.457  0.893  26.806 0.0000000000
70986  -39.815  3.971  25.754 0.0000000000
70972  -40.810  3.769  26.207 0.0000000000
70987  -40.876  4.463  25.694 0.0000000000
70988  -41.408  4.630  25.666 0.0000000000
72058  -41.435  5.140  25.187 0.0000000000
74111  -42.363  7.107  23.632 0.0000000000
73099  -43.268  6.844  24.413 0.0000000000
74099  -44.394  7.039  24.821 0.0000000000
74113  -43.937  7.380  24.358 0.0000000000
75133  -44.730  8.292  24.297 0.0000000000
76155  -44.964  9.215  24.152 0.0000000000
76163  -43.294  9.111  22.901 0.0000000000
48668  -7.604  -15.451  51.938 0.0000000000
47453  -7.043  -16.143  51.744 0.0000000000
47452  -6.053  -16.560  51.977 0.0000000000
47433  -5.276  -16.860  53.013 0.0000000000
46338  -4.338  -17.298  53.098 0.0000000000
45270  -3.727  -17.756  51.912 0.0000000000
45285  -3.470  -18.421  50.884 0.0000000000
45255  -3.192  -17.955  52.315 0.0000000000
45269  -2.830  -18.359  51.700 0.0000000000
45254  -2.665  -18.394  52.252 0.0000000000
44156  -2.478  -18.951  52.379 0.0000000000
45246  -2.758  -18.537  52.643 0.0000000000
44147  -3.390  -18.811  53.377 0.0000000000
60198  -38.145  -4.162  45.273 0.0000000000
61365  -37.938  -3.261  44.692 0.0000000000
64874  -36.093  -0.137  40.951 0.0000000000
64859  -37.077  -0.346  42.269 0.0000000000
64858  -36.160  0.369  42.004 0.0000000000
64840  -36.509  0.317  43.037 0.0000000000
66048  -35.687  1.224  42.987 0.0000000000
67197  -34.189  1.209  41.283 0.0000000000
67285  -31.936  0.629  36.686 0.0000000000
67272  -32.262  0.941  37.342 0.0000000000
67304  -32.285  0.893  35.676 0.0000000000
67328  -32.397  0.521  34.906 0.0000000000
64954  -31.903  -0.360  33.027 0.0000000000
53274  -17.987  -11.140  48.848 0.0000000000
52161  -18.328  -12.183  50.059 0.0000000000
49843  -19.003  -13.677  50.979 0.0000000000
47459  -20.379  -15.552  51.889 0.0000000000
52325  -21.907  -12.782  40.345 0.0000000000
52324  -21.237  -12.382  40.529 0.0000000000
51175  -21.514  -12.780  41.423 0.0000000000
51156  -21.673  -13.062  42.198 0.0000000000
52293  -21.390  -12.815  42.947 0.0000000000
52276  -21.354  -12.895  43.541 0.0000000000
51100  -22.164  -13.687  44.535 0.0000000000
50015  -26.794  -13.478  40.993 0.0000000000
50014  -26.221  -13.563  40.701 0.0000000000
49994  -26.764  -13.795  41.635 0.0000000000
47574  -27.454  -15.923  46.702 0.0000000000
47600  -26.953  -16.222  45.972 0.0000000000
47543  -24.686  -15.961  47.110 0.0000000000
48773  -24.244  -15.096  47.346 0.0000000000
48774  -24.715  -15.663  47.738 0.0000000000
49880  -24.989  -14.550  49.328 0.0000000000
49846  -24.849  -14.535  50.474 0.0000000000
49847  -25.359  -14.475  50.883 0.0000000000
49935  -11.764  -14.114  44.849 0.0000000000
48813  -11.583  -14.598  44.312 0.0000000000
48812  -11.096  -14.930  44.689 0.0000000000
48811  -10.122  -15.396  44.404 0.0000000000
48787  -10.158  -14.753  46.593 0.0000000000
48767  -10.048  -14.074  47.529 0.0000000000
53233  -13.327  -10.509  52.581 0.0000000000
53244  -12.851  -10.685  51.832 0.0000000000
65038  -35.666  -0.760  30.388 0.0000000000
65011  -36.219  -0.592  31.222 0.0000000000
66235  -37.568  0.364  31.895 0.0000000000
68497  -39.183  2.251  32.777 0.0000000000
68445  -40.227  2.447  35.625 0.0000000000
72981  -40.541  6.165  32.345 0.0000000000
72980  -40.341  5.982  32.153 0.0000000000
72972  -40.652  6.122  32.567 0.0000000000
71940  -40.664  5.803  32.663 0.0000000000
70853  -41.217  4.651  32.640 0.0000000000
78489  -46.001  11.129  24.167 0.0000000000
78490  -46.521  11.319  24.175 0.0000000000
78501  -45.818  11.302  23.771 0.0000000000
79594  -46.225  11.777  23.408 0.0000000000
79595  -46.743  12.138  23.596 0.0000000000
79610  -47.997  13.063  22.873 0.0000000000
80664  -48.873  13.451  23.194 0.0000000000
81676  -49.494  13.398  23.302 0.0000000000
80665  -49.914  13.378  23.280 0.0000000000
78575  -50.532  11.296  18.844 0.0000000000
79622  -51.533  12.966  21.515 0.0000000000
81686  -53.497  13.835  21.823 0.0000000000
79651  -55.356  12.339  19.352 0.0000000000
79641  -55.213  12.163  20.270 0.0000000000
55820  -37.303  -8.791  43.099 0.0000000000
55834  -37.052  -8.564  42.389 0.0000000000
57001  -35.938  -7.596  40.261 0.0000000000
55876  -35.700  -8.272  39.830 0.0000000000
58086  -36.084  -6.374  38.780 0.0000000000
52307  -18.139  -12.059  40.709 0.0000000000
53417  -18.935  -11.375  41.355 0.0000000000
54596  -19.077  -11.330  41.194 0.0000000000
51220  -30.919  -12.203  39.386 0.0000000000
51221  -31.509  -12.069  39.770 0.0000000000
51202  -31.949  -11.917  40.120 0.0000000000
52326  -32.398  -11.776  39.733 0.0000000000
52310  -32.545  -11.840  40.351 0.0000000000
51163  -33.245  -12.252  42.273 0.0000000000
53402  -34.673  -10.808  41.719 0.0000000000
53380  -35.839  -10.577  42.880 0.0000000000
53381  -36.485  -10.276  43.281 0.0000000000
54564  -36.487  -9.638  42.852 0.0000000000
67275  -34.151  1.096  37.186 0.0000000000
68406  -34.698  1.204  37.560 0.0000000000
67277  -35.931  0.781  37.234 0.0000000000
67291  -36.668  0.764  36.454 0.0000000000
74069  -44.724  6.885  28.409 0.0000000000
74058  -44.962  7.459  28.970 0.0000000000
75078  -46.209  8.802  29.637 0.0000000000
75068  -45.645  8.915  30.305 0.0000000000
76093  -45.183  9.099  31.109 0.0000000000
76077  -45.534  9.256  31.925 0.0000000000
76063  -45.808  9.204  32.714 0.0000000000
78443  -50.002  11.949  29.750 0.0000000000
80623  -50.312  13.087  26.759 0.0000000000
46452  -5.923  -17.081  44.127 0.0000000000
46451  -5.283  -17.484  44.262 0.0000000000
46441  -5.124  -17.549  44.996 0.0000000000
61408  -37.381  -3.151  41.220 0.0000000000
62518  -37.447  -2.322  41.959 0.0000000000
62517  -37.272  -2.200  41.211 0.0000000000
63687  -36.736  -1.436  40.544 0.0000000000
63676  -36.422  -0.729  40.722 0.0000000000
63685  -35.366  -0.373  39.556 0.0000000000
64887  -35.584  -0.158  40.359 0.0000000000
64872  -34.421  0.392  40.561 0.0000000000
66090  -34.045  0.539  40.397 0.0000000000
66101  -32.944  0.019  39.481 0.0000000000
66108  -32.251  0.143  37.551 0.0000000000
64902  -32.398  -0.154  37.711 0.0000000000
64901  -32.184  -0.047  37.108 0.0000000000
66122  -32.071  0.221  36.903 0.0000000000
66175  -31.622  -0.229  34.358 0.0000000000
49874  -19.314  -13.896  49.065 0.0000000000
48726  -19.689  -14.486  49.736 0.0000000000
48702  -20.096  -15.060  50.306 0.0000000000
47499  -20.703  -15.580  49.691 0.0000000000
47477  -20.551  -15.741  50.903 0.0000000000
46357  -20.733  -16.302  51.872 0.0000000000
45292  -22.397  -17.490  50.581 0.0000000000
52339  -22.021  -12.681  39.728 0.0000000000
51177  -22.575  -13.799  41.235 0.0000000000
48862  -23.048  -14.531  41.980 0.0000000000
49960  -28.904  -14.293  43.886 0.0000000000
49940  -28.434  -14.692  44.562 0.0000000000
48806  -28.271  -15.174  45.554 0.0000000000
48795  -28.463  -15.429  46.711 0.0000000000
47575  -27.995  -15.712  47.242 0.0000000000
47546  -27.641  -15.872  47.817 0.0000000000
47504  -27.381  -15.422  49.322 0.0000000000
49848  -27.118  -14.718  50.908 0.0000000000
49849  -27.735  -14.533  50.868 0.0000000000
49827  -29.076  -13.894  51.110 0.0000000000
49801  -29.074  -13.752  51.497 0.0000000000
48643  -29.014  -14.379  52.068 0.0000000000
49936  -12.791  -13.304  45.020 0.0000000000
49922  -12.610  -13.085  45.756 0.0000000000
51074  -11.987  -12.896  47.442 0.0000000000
51054  -11.466  -12.801  48.003 0.0000000000
51032  -12.279  -12.094  48.617 0.0000000000
52190  -12.419  -11.904  49.150 0.0000000000
52175  -13.846  -11.691  49.618 0.0000000000
52156  -13.563  -11.402  50.393 0.0000000000
53259  -13.222  -10.939  51.064 0.0000000000
66263  -37.466  0.736  30.124 0.0000000000
68511  -38.789  2.537  32.009 0.0000000000
69721  -39.324  2.862  32.320 0.0000000000
77403  -44.567  10.377  21.684 0.0000000000
77424  -45.759  10.594  21.486 0.0000000000
79648  -53.190  12.448  19.766 0.0000000000
79639  -53.430  13.132  20.160 0.0000000000
79659  -53.544  12.473  19.113 0.0000000000
79660  -54.023  12.757  18.787 0.0000000000
78585  -53.328  11.664  18.294 0.0000000000
79661  -54.792  12.932  18.841 0.0000000000
47492  -8.279  -15.196  49.406 0.0000000000
49787  -7.672  -14.542  52.878 0.0000000000
58001  -37.864  -6.127  45.949 0.0000000000
59108  -38.073  -5.164  45.650 0.0000000000
60216  -37.756  -4.259  43.232 0.0000000000
55835  -37.630  -7.687  42.557 0.0000000000
56971  -37.666  -6.942  42.390 0.0000000000
58041  -37.374  -6.173  42.004 0.0000000000
59138  -37.235  -5.425  42.043 0.0000000000
60223  -37.125  -4.765  41.964 0.0000000000
60237  -37.248  -3.974  41.731 0.0000000000
62535  -36.329  -2.290  39.023 0.0000000000
62543  -35.836  -2.558  37.918 0.0000000000
63702  -35.488  -1.816  37.865 0.0000000000
63712  -34.564  -1.781  37.066 0.0000000000
62550  -34.510  -1.869  36.824 0.0000000000
53300  -17.173  -11.722  47.580 0.0000000000
53317  -17.458  -11.945  46.908 0.0000000000
53288  -18.112  -11.255  47.858 0.0000000000
53351  -18.404  -11.511  44.155 0.0000000000
53319  -18.439  -11.733  45.980 0.0000000000
51057  -19.248  -12.366  47.484 0.0000000000
51034  -20.302  -13.563  47.258 0.0000000000
52213  -19.801  -12.534  46.158 0.0000000000
51242  -27.465  -12.805  38.504 0.0000000000
51216  -26.908  -13.097  39.411 0.0000000000
51178  -27.077  -13.513  41.136 0.0000000000
51219  -29.918  -12.639  39.486 0.0000000000
51199  -29.407  -12.880  40.522 0.0000000000
51181  -30.022  -12.884  41.563 0.0000000000
51139  -28.618  -13.872  43.482 0.0000000000
49926  -30.560  -14.372  45.943 0.0000000000
49943  -30.994  -14.131  45.230 0.0000000000
49912  -30.851  -14.129  46.991 0.0000000000
49899  -31.463  -13.335  48.318 0.0000000000
49884  -31.466  -13.176  48.858 0.0000000000
51063  -32.036  -12.709  48.581 0.0000000000
52233  -33.091  -12.183  47.736 0.0000000000
52199  -33.270  -11.622  49.174 0.0000000000
53292  -33.901  -10.956  48.894 0.0000000000
52260  -34.456  -12.152  44.618 0.0000000000
52250  -35.741  -11.398  45.313 0.0000000000
53308  -34.792  -10.339  47.847 0.0000000000
54469  -35.762  -9.209  49.059 0.0000000000
55764  -36.495  -8.760  47.687 0.0000000000
49987  -13.070  -13.878  41.878 0.0000000000
49954  -14.034  -12.986  43.429 0.0000000000
51151  -14.640  -12.977  43.137 0.0000000000
51133  -14.412  -12.809  44.075 0.0000000000
52241  -15.148  -12.355  46.315 0.0000000000
69546  -36.565  3.223  44.739 0.0000000000
69568  -36.380  2.941  42.882 0.0000000000
69569  -37.168  3.334  43.190 0.0000000000
70697  -37.593  3.976  43.516 0.0000000000
70698  -38.157  4.628  43.061 0.0000000000
68392  -35.520  1.580  38.696 0.0000000000
68372  -37.050  2.215  39.955 0.0000000000
68394  -37.541  2.342  38.972 0.0000000000
69614  -37.230  2.614  40.475 0.0000000000
70754  -39.774  3.956  39.199 0.0000000000
69782  -40.705  3.168  28.674 0.0000000000
69761  -40.444  3.599  29.511 0.0000000000
70913  -40.957  4.081  29.511 0.0000000000
73008  -41.751  6.021  30.422 0.0000000000
73007  -41.269  5.954  31.045 0.0000000000
72994  -40.678  6.167  31.669 0.0000000000
74011  -41.163  6.624  32.079 0.0000000000
72974  -41.844  6.407  32.715 0.0000000000
75075  -43.814  7.333  29.949 0.0000000000
75065  -42.943  7.677  30.704 0.0000000000
75034  -43.518  8.908  31.972 0.0000000000
75033  -42.972  8.456  32.120 0.0000000000
75032  -42.606  7.796  32.032 0.0000000000
74005  -42.530  7.200  32.581 0.0000000000
41983  -1.461  -20.719  49.609 0.0000000000
65035  -32.962  -1.310  30.541 0.0000000000
65036  -33.896  -1.297  30.499 0.0000000000
65062  -35.183  -0.835  29.546 0.0000000000
65091  -36.120  -0.237  29.167 0.0000000000
66285  -36.563  -0.060  28.664 0.0000000000
66301  -35.681  -0.487  27.624 0.0000000000
67408  -38.295  0.977  28.008 0.0000000000
67409  -38.776  1.549  28.535 0.0000000000
67425  -39.212  1.801  28.224 0.0000000000
68568  -40.352  2.729  28.311 0.0000000000
69800  -40.102  2.544  27.509 0.0000000000
69783  -41.357  3.602  28.443 0.0000000000
69784  -41.812  3.963  28.112 0.0000000000
69826  -41.454  3.603  26.642 0.0000000000
69803  -42.084  4.106  27.672 0.0000000000
70939  -42.355  4.392  28.452 0.0000000000
72033  -43.028  4.825  28.173 0.0000000000
72019  -43.884  5.634  27.931 0.0000000000
73080  -42.150  5.829  24.473 0.0000000000
72059  -42.612  5.417  25.292 0.0000000000
72047  -43.346  5.157  26.349 0.0000000000
72035  -44.113  5.606  27.181 0.0000000000
73042  -44.424  6.213  27.914 0.0000000000
73060  -45.542  6.875  27.140 0.0000000000
74083  -45.983  7.356  27.108 0.0000000000
74090  -45.364  7.049  25.944 0.0000000000
74091  -45.754  7.250  26.449 0.0000000000
74092  -46.216  7.704  26.574 0.0000000000
75112  -46.808  8.354  26.554 0.0000000000
76132  -47.138  8.878  26.073 0.0000000000
76147  -47.308  9.390  25.808 0.0000000000
77359  -45.131  9.992  24.130 0.0000000000
77372  -45.402  10.668  23.966 0.0000000000
47512  -7.344  -16.313  47.762 0.0000000000
46402  -6.558  -16.725  48.305 0.0000000000
46413  -5.842  -17.283  47.609 0.0000000000
45326  -4.639  -17.905  48.124 0.0000000000
48633  -6.709  -15.672  53.528 0.0000000000
46352  -5.268  -16.949  51.892 0.0000000000
46400  -4.992  -17.557  49.258 0.0000000000
44213  -4.196  -18.475  48.269 0.0000000000
44212  -3.651  -19.177  48.404 0.0000000000
44189  -3.305  -18.832  50.257 0.0000000000
44200  -3.342  -19.042  49.610 0.0000000000
41967  -1.496  -20.460  50.186 0.0000000000
43032  -1.429  -20.570  50.853 0.0000000000
41932  -1.747  -20.543  51.333 0.0000000000
43001  -2.308  -19.669  51.979 0.0000000000
43000  -2.026  -20.208  51.514 0.0000000000
67118  -37.546  1.651  47.488 0.0000000000
61309  -37.585  -4.388  47.997 0.0000000000
62509  -37.901  -2.387  42.991 0.0000000000
63650  -38.016  -1.536  44.398 0.0000000000
64860  -37.426  -0.607  42.918 0.0000000000
64842  -37.753  -0.789  43.648 0.0000000000
63635  -37.992  -1.436  45.407 0.0000000000
65999  -37.300  0.466  46.687 0.0000000000
65998  -36.850  1.377  46.640 0.0000000000
65997  -36.705  1.598  46.379 0.0000000000
67138  -36.648  1.848  46.323 0.0000000000
68285  -36.169  2.658  44.713 0.0000000000
68308  -34.962  2.253  42.406 0.0000000000
68333  -34.465  1.975  40.798 0.0000000000
67224  -33.743  0.723  39.721 0.0000000000
67257  -33.023  0.943  37.954 0.0000000000
68368  -33.575  1.103  38.566 0.0000000000
68390  -33.749  1.179  38.215 0.0000000000
67329  -33.098  0.522  34.852 0.0000000000
66233  -33.317  -0.448  32.794 0.0000000000
63738  -32.264  -1.743  34.220 0.0000000000
63736  -31.184  -1.064  34.718 0.0000000000
64937  -30.933  -0.915  34.439 0.0000000000
64952  -30.069  -1.190  33.272 0.0000000000
64953  -30.389  -0.907  33.810 0.0000000000
66205  -30.628  -0.627  33.537 0.0000000000
66248  -30.174  -1.118  32.308 0.0000000000
66230  -31.033  -0.615  32.607 0.0000000000
66231  -31.382  -0.482  32.753 0.0000000000
64976  -31.510  -0.588  32.484 0.0000000000
65033  -30.904  -1.341  30.514 0.0000000000
65007  -32.658  -0.901  31.433 0.0000000000
53272  -16.557  -11.608  49.480 0.0000000000
53263  -17.118  -11.547  50.429 0.0000000000
52160  -17.777  -11.860  50.741 0.0000000000
54615  -19.091  -10.850  40.203 0.0000000000
54597  -19.438  -11.380  41.670 0.0000000000
53394  -19.905  -11.567  42.477 0.0000000000
53372  -20.361  -11.824  43.405 0.0000000000
53355  -20.573  -11.865  44.228 0.0000000000
52232  -21.033  -12.518  45.296 0.0000000000
52259  -21.197  -12.712  44.195 0.0000000000
52247  -21.165  -12.541  44.884 0.0000000000
51036  -22.285  -13.688  47.213 0.0000000000
50013  -25.219  -14.079  40.735 0.0000000000
50012  -24.156  -14.194  40.599 0.0000000000
48863  -23.545  -14.757  41.946 0.0000000000
48845  -23.124  -14.531  42.516 0.0000000000
49958  -27.288  -14.304  43.717 0.0000000000
48833  -26.617  -14.750  43.941 0.0000000000
48832  -25.936  -14.969  43.505 0.0000000000
47599  -26.266  -15.873  45.551 0.0000000000
48817  -26.168  -15.409  44.526 0.0000000000
48831  -24.964  -15.003  43.571 0.0000000000
48830  -24.079  -14.974  43.468 0.0000000000
48829  -23.242  -14.653  43.275 0.0000000000
49910  -23.536  -14.466  46.804 0.0000000000
49895  -23.161  -13.886  47.095 0.0000000000
49878  -23.199  -14.054  48.007 0.0000000000
49861  -23.066  -14.403  48.866 0.0000000000
48703  -23.985  -14.974  50.281 0.0000000000
47480  -24.296  -15.679  50.421 0.0000000000
49822  -24.636  -14.670  50.627 0.0000000000
47460  -24.744  -15.243  51.404 0.0000000000
47481  -24.642  -16.336  50.751 0.0000000000
49799  -26.436  -14.554  51.810 0.0000000000
47628  -6.704  -16.701  42.891 0.0000000000
47560  -8.045  -16.140  45.857 0.0000000000
48843  -11.511  -14.985  42.824 0.0000000000
47647  -8.607  -16.059  42.112 0.0000000000
47609  -9.201  -15.703  44.212 0.0000000000
48741  -9.357  -14.539  48.788 0.0000000000
53243  -12.018  -10.933  51.940 0.0000000000
64981  -35.876  -0.621  32.089 0.0000000000
66212  -36.369  -0.436  33.109 0.0000000000
66157  -37.227  0.327  34.706 0.0000000000
66252  -37.448  0.646  30.994 0.0000000000
67347  -39.011  1.437  33.210 0.0000000000
66214  -38.284  0.712  33.396 0.0000000000
68443  -39.075  2.177  36.438 0.0000000000
68426  -39.477  2.594  36.884 0.0000000000
69668  -39.915  2.750  37.100 0.0000000000
69669  -40.423  2.780  37.110 0.0000000000
69746  -39.955  4.174  30.063 0.0000000000
71965  -40.321  5.553  31.869 0.0000000000
70864  -40.331  4.762  32.061 0.0000000000
77348  -47.854  10.367  25.877 0.0000000000
78479  -48.881  11.413  26.110 0.0000000000
78491  -47.671  11.143  24.865 0.0000000000
78492  -48.343  11.446  25.309 0.0000000000
79576  -49.176  12.181  25.640 0.0000000000
80632  -49.940  13.264  25.698 0.0000000000
78525  -45.980  11.489  22.742 0.0000000000
78515  -46.491  11.991  23.026 0.0000000000
80648  -47.359  12.896  23.317 0.0000000000
79609  -47.406  13.069  23.217 0.0000000000
80662  -47.377  13.295  23.208 0.0000000000
80633  -50.640  13.682  25.447 0.0000000000
81640  -51.210  13.791  25.836 0.0000000000
80634  -51.958  14.098  25.690 0.0000000000
80635  -52.327  13.974  25.254 0.0000000000
78529  -48.712  11.696  22.183 0.0000000000
80666  -50.806  13.410  22.880 0.0000000000
80667  -51.884  13.747  22.590 0.0000000000
44146  -2.742  -18.939  52.875 0.0000000000
44187  -2.252  -19.638  51.145 0.0000000000
45247  -3.126  -18.457  52.992 0.0000000000
45256  -3.567  -17.720  52.439 0.0000000000
45268  -2.543  -18.538  51.913 0.0000000000
45305  -22.715  -17.126  50.038 0.0000000000
45327  -5.157  -17.575  47.557 0.0000000000
46335  -2.869  -18.326  52.542 0.0000000000
46336  -3.162  -18.101  52.577 0.0000000000
46350  -3.917  -17.509  52.554 0.0000000000
46384  -6.442  -16.661  49.272 0.0000000000
46465  -6.565  -16.836  43.372 0.0000000000
47435  -6.656  -16.109  52.568 0.0000000000
47441  -24.669  -15.188  51.778 0.0000000000
47461  -25.061  -15.987  51.168 0.0000000000
47479  -23.852  -15.352  50.104 0.0000000000
47505  -27.905  -15.329  49.334 0.0000000000
47520  -20.616  -15.255  49.107 0.0000000000
47524  -28.068  -15.471  48.718 0.0000000000
47547  -28.360  -15.535  47.762 0.0000000000
47598  -25.309  -15.867  45.506 0.0000000000
47606  -6.870  -16.584  43.600 0.0000000000
47617  -24.886  -15.465  44.623 0.0000000000
47618  -25.341  -15.648  44.793 0.0000000000
48642  -28.133  -14.612  52.325 0.0000000000
48647  -7.795  -14.878  52.303 0.0000000000
48654  -24.665  -14.947  51.716 0.0000000000
48655  -24.993  -14.824  52.003 0.0000000000
48679  -24.637  -14.906  51.100 0.0000000000
48681  -25.950  -14.387  50.787 0.0000000000
48704  -24.309  -15.096  50.628 0.0000000000
48706  -26.516  -14.756  50.632 0.0000000000
48707  -27.357  -14.889  50.515 0.0000000000
48753  -24.943  -15.122  48.442 0.0000000000
48756  -29.371  -14.492  48.380 0.0000000000
48861  -11.857  -14.843  41.921 0.0000000000
49779  -28.436  -14.379  51.865 0.0000000000
49798  -25.496  -14.535  51.789 0.0000000000
49821  -24.266  -14.688  50.244 0.0000000000
49893  -11.005  -13.266  47.597 0.0000000000
49908  -11.691  -13.382  47.080 0.0000000000
49939  -27.715  -14.498  44.331 0.0000000000
50995  -29.460  -13.623  50.603 0.0000000000
51041  -32.155  -12.482  49.041 0.0000000000
51055  -12.340  -12.306  47.985 0.0000000000
51062  -31.689  -13.002  48.675 0.0000000000
51075  -12.585  -12.619  47.188 0.0000000000
51077  -13.919  -12.385  46.690 0.0000000000
51138  -22.171  -13.821  43.160 0.0000000000
51155  -21.374  -12.669  41.956 0.0000000000
51157  -22.086  -13.637  41.842 0.0000000000
51193  -21.825  -12.890  40.788 0.0000000000
52323  -20.649  -12.042  40.707 0.0000000000
53382  -37.024  -9.785  43.620 0.0000000000
53393  -18.991  -11.295  41.671 0.0000000000
54481  -35.254  -9.803  48.610 0.0000000000
54537  -18.993  -11.066  43.598 0.0000000000
54538  -19.101  -11.035  43.823 0.0000000000
54556  -18.955  -11.285  42.508 0.0000000000
54565  -36.961  -9.346  43.148 0.0000000000
54566  -37.379  -8.913  43.533 0.0000000000
54576  -18.871  -11.316  42.285 0.0000000000
54586  -36.570  -9.257  42.605 0.0000000000
54626  -34.619  -10.414  40.150 0.0000000000
54628  -35.220  -9.368  41.013 0.0000000000
60188  -37.672  -4.640  47.257 0.0000000000
61291  -37.738  -4.540  48.104 0.0000000000
62542  -35.329  -2.022  37.577 0.0000000000
63709  -32.564  -0.689  36.746 0.0000000000
63719  -31.515  -1.046  36.007 0.0000000000
63752  -30.136  -1.418  33.272 0.0000000000
63811  -33.542  -1.635  29.049 0.0000000000
64884  -33.364  -0.039  39.454 0.0000000000
64919  -31.502  -0.745  35.575 0.0000000000
64921  -32.135  -0.504  36.290 0.0000000000
64928  -31.256  -1.103  35.679 0.0000000000
64956  -33.637  -0.563  32.820 0.0000000000
64975  -31.086  -0.726  32.353 0.0000000000
65090  -35.661  -0.490  28.737 0.0000000000
66089  -33.733  0.426  39.679 0.0000000000
66109  -32.444  0.066  38.167 0.0000000000
66210  -34.494  -0.450  33.450 0.0000000000
66250  -30.884  -0.895  31.932 0.0000000000
67159  -36.366  2.190  45.249 0.0000000000
67171  -35.377  1.903  43.294 0.0000000000
67223  -33.303  0.494  39.371 0.0000000000
67255  -32.354  0.347  37.619 0.0000000000
68335  -35.722  2.563  41.340 0.0000000000
68352  -36.784  2.482  40.595 0.0000000000
68591  -39.537  2.185  27.251 0.0000000000
69533  -36.354  2.996  44.806 0.0000000000
69545  -36.147  2.990  44.230 0.0000000000
69583  -37.866  3.778  41.751 0.0000000000
69744  -39.199  3.384  31.175 0.0000000000
70660  -37.784  4.372  45.359 0.0000000000
70851  -40.615  5.404  32.507 0.0000000000
70894  -41.355  4.876  30.015 0.0000000000
71950  -40.533  5.780  32.443 0.0000000000
71951  -40.490  5.982  32.585 0.0000000000
72993  -40.292  5.991  31.967 0.0000000000
73023  -42.161  5.844  29.924 0.0000000000
73040  -43.247  5.839  28.913 0.0000000000
73083  -44.491  6.609  25.266 0.0000000000
74003  -40.919  6.378  32.489 0.0000000000
74013  -42.692  7.794  31.721 0.0000000000
74044  -41.678  6.326  30.865 0.0000000000
74047  -43.431  7.366  29.913 0.0000000000
74057  -43.771  7.099  29.163 0.0000000000
74084  -46.388  7.783  27.288 0.0000000000
74100  -45.077  7.365  25.122 0.0000000000
74102  -45.966  7.641  26.183 0.0000000000
75020  -42.538  7.606  32.302 0.0000000000
75054  -44.382  8.771  31.251 0.0000000000
75100  -47.120  8.834  27.702 0.0000000000
76060  -43.285  8.604  32.658 0.0000000000
76061  -43.815  8.857  32.404 0.0000000000
76075  -43.878  8.893  31.918 0.0000000000
77349  -48.357  10.725  26.605 0.0000000000
77439  -53.015  11.374  18.288 0.0000000000
78463  -49.985  12.295  28.211 0.0000000000
78500  -45.384  10.977  23.616 0.0000000000
78502  -46.384  11.705  23.843 0.0000000000
79607  -46.514  12.007  23.257 0.0000000000
80651  -50.270  13.500  23.432 0.0000000000
80668  -52.569  13.720  22.194 0.0000000000
80702  -54.316  13.087  19.052 0.0000000000
81641  -51.594  14.012  25.619 0.0000000000
81647  -51.799  14.338  25.005 0.0000000000
81666  -51.266  13.913  23.619 0.0000000000
81669  -53.509  13.908  22.850 0.0000000000
81677  -49.785  13.442  23.441 0.0000000000
81685  -53.226  13.669  21.964 0.0000000000
