#!ascii label  , from subject sub.01.dh.02.long.sub.01.base.03 vox2ras=TkReg
1022
64647  -24.018  -1.061  -25.037 0.5555555820
64649  -25.740  -1.400  -25.437 0.6666666865
65851  -26.237  -0.281  -26.601 0.7777777910
65852  -27.384  -1.001  -26.874 0.7777777910
67003  -26.882  0.370  -27.838 0.8888888955
65872  -29.347  -0.500  -28.645 0.8888888955
64632  -23.548  -1.420  -24.604 0.5555555820
65836  -23.982  -0.312  -25.428 0.5555555820
66983  -24.437  0.328  -25.877 0.6666666865
65850  -25.427  0.224  -26.461 0.8888888955
65863  -27.091  -0.294  -27.331 0.8888888955
67004  -27.547  -0.140  -27.803 0.8888888955
67014  -28.226  0.132  -29.369 1.0000000000
65877  -29.443  -0.617  -29.434 0.8888888955
65882  -29.668  -0.421  -30.066 1.0000000000
66982  -23.799  0.841  -25.727 0.7777777910
68134  -25.152  1.765  -27.597 1.0000000000
68137  -25.418  2.070  -28.262 1.0000000000
67007  -26.600  1.194  -28.625 1.0000000000
68147  -27.087  1.511  -30.254 1.0000000000
68138  -26.035  1.914  -28.652 1.0000000000
67018  -27.644  1.060  -30.185 1.0000000000
68146  -26.301  1.868  -30.159 1.0000000000
68153  -27.296  1.873  -30.964 1.0000000000
68154  -28.174  1.702  -30.913 1.0000000000
68149  -29.536  1.532  -30.218 1.0000000000
68155  -29.012  1.727  -30.778 1.0000000000
69405  -29.395  2.316  -30.181 1.0000000000
70546  -29.525  3.367  -30.334 1.0000000000
70547  -30.366  3.841  -30.279 0.7777777910
69398  -24.989  3.242  -28.957 0.8888888955
68141  -25.786  2.452  -28.856 1.0000000000
69403  -25.555  2.934  -30.270 1.0000000000
69408  -26.659  2.740  -31.279 1.0000000000
69413  -27.746  3.018  -32.150 1.0000000000
69415  -28.451  3.647  -31.148 1.0000000000
70551  -29.031  4.014  -30.812 1.0000000000
70552  -29.730  4.031  -30.519 1.0000000000
71638  -30.586  4.545  -30.520 0.8888888955
71643  -29.976  4.711  -30.815 1.0000000000
72706  -30.897  5.082  -30.828 0.7777777910
72707  -31.664  5.420  -30.309 0.7777777910
71636  -24.896  4.726  -29.579 0.5555555820
72709  -26.115  5.541  -30.951 0.7777777910
71637  -25.297  4.690  -30.147 0.8888888955
70554  -26.961  3.759  -32.411 1.0000000000
69412  -27.132  2.919  -32.039 1.0000000000
71644  -26.525  4.707  -31.575 0.8888888955
71646  -27.337  4.603  -32.059 1.0000000000
71647  -28.108  4.690  -31.230 1.0000000000
72712  -29.540  5.648  -30.809 1.0000000000
72713  -30.392  5.800  -30.893 0.8888888955
73769  -30.016  6.689  -30.647 1.0000000000
73770  -30.722  6.688  -31.071 0.8888888955
74782  -31.892  7.791  -31.283 0.7777777910
73765  -32.333  6.771  -30.381 0.6666666865
74783  -32.525  7.466  -30.530 0.6666666865
74769  -23.930  6.950  -29.554 0.4444444478
72705  -25.416  5.492  -30.403 0.7777777910
74781  -25.032  6.885  -30.343 0.6666666865
73767  -26.594  6.541  -31.274 0.7777777910
72715  -26.853  5.657  -31.401 0.8888888955
72720  -27.337  5.463  -31.431 0.8888888955
72711  -28.746  5.386  -30.854 1.0000000000
73773  -27.763  6.234  -31.189 1.0000000000
73768  -29.030  6.565  -30.707 1.0000000000
74796  -29.651  7.466  -30.970 1.0000000000
74797  -30.357  7.704  -31.310 0.8888888955
75796  -31.820  8.441  -31.430 0.7777777910
75798  -33.001  8.196  -30.275 0.5555555820
75812  -31.825  8.893  -31.527 0.7777777910
76871  -32.464  9.428  -30.777 0.6666666865
75809  -25.553  8.015  -31.255 0.6666666865
74792  -24.687  7.815  -30.752 0.6666666865
74794  -26.079  7.408  -31.229 0.7777777910
74804  -26.774  7.420  -31.539 0.8888888955
74805  -27.551  7.406  -31.488 0.8888888955
75823  -27.975  8.442  -31.997 1.0000000000
74807  -29.358  7.935  -31.441 1.0000000000
75826  -30.428  9.163  -31.919 0.8888888955
76899  -30.799  9.708  -32.029 0.8888888955
75811  -31.033  8.523  -31.628 0.7777777910
76898  -30.028  9.693  -32.376 0.8888888955
78050  -31.413  10.329  -31.725 0.7777777910
76883  -32.101  9.581  -31.342 0.7777777910
78041  -32.460  10.159  -30.673 0.6666666865
75820  -25.347  8.636  -31.440 0.6666666865
75807  -24.403  8.407  -30.746 0.5555555820
75821  -26.145  8.467  -31.582 0.8888888955
75822  -27.053  8.422  -31.952 0.8888888955
76895  -27.375  9.223  -32.600 1.0000000000
76897  -29.212  9.527  -32.849 1.0000000000
75825  -29.940  8.619  -31.837 0.8888888955
78064  -30.802  10.424  -32.122 0.7777777910
80252  -30.817  11.801  -31.955 0.7777777910
79195  -31.679  11.564  -31.032 0.6666666865
79196  -32.161  11.177  -30.295 0.5555555820
76893  -25.397  9.472  -31.872 0.7777777910
76894  -26.402  9.378  -32.490 0.8888888955
76906  -27.605  9.924  -33.236 1.0000000000
76907  -28.447  10.072  -33.355 1.0000000000
78062  -29.509  10.699  -32.898 0.8888888955
79233  -29.840  11.959  -33.368 0.8888888955
78063  -30.289  10.517  -32.457 0.8888888955
80237  -30.783  12.807  -31.943 0.7777777910
80238  -31.186  12.256  -31.533 0.7777777910
80222  -31.755  12.150  -30.530 0.5555555820
81248  -29.972  13.098  -33.013 0.7777777910
81237  -30.987  13.122  -31.277 0.5555555820
81225  -31.472  13.054  -30.556 0.5555555820
82257  -30.614  14.050  -31.314 0.6666666865
79206  -23.846  11.295  -31.003 0.4444444478
78059  -24.806  10.492  -31.980 0.5555555820
78060  -25.697  10.434  -32.841 0.7777777910
76905  -26.918  9.861  -32.957 1.0000000000
78061  -26.413  10.030  -33.030 0.8888888955
78075  -27.836  10.670  -33.852 1.0000000000
78076  -28.619  10.920  -33.507 0.8888888955
79231  -28.262  11.642  -34.204 0.8888888955
79232  -29.252  11.633  -33.357 0.8888888955
80266  -29.836  12.562  -33.534 0.8888888955
80250  -29.983  12.657  -33.131 0.8888888955
81249  -30.444  13.429  -32.214 0.6666666865
83266  -30.849  14.627  -30.195 0.5555555820
80263  -25.606  12.737  -33.739 0.6666666865
79228  -25.428  11.666  -33.132 0.6666666865
79242  -26.732  12.114  -34.508 0.7777777910
79244  -28.145  12.563  -34.551 0.8888888955
79243  -27.452  12.268  -34.648 0.7777777910
80265  -28.868  12.506  -34.083 0.8888888955
80278  -28.400  13.287  -34.685 0.7777777910
82283  -28.965  14.379  -33.826 0.7777777910
81261  -29.673  13.668  -33.524 0.7777777910
82270  -30.063  14.069  -32.917 0.6666666865
83317  -29.011  15.430  -33.718 0.6666666865
83297  -29.991  15.084  -32.740 0.6666666865
82271  -30.149  14.480  -32.099 0.5555555820
85315  -29.816  17.317  -32.742 0.6666666865
84324  -29.885  16.136  -32.345 0.5555555820
84300  -30.260  16.470  -31.052 0.5555555820
83281  -30.323  15.072  -31.322 0.4444444478
85308  -29.801  17.058  -31.753 0.5555555820
82281  -24.846  14.784  -33.650 0.3333333433
81271  -26.041  13.887  -34.940 0.5555555820
80275  -25.993  13.171  -34.432 0.6666666865
82292  -26.140  14.861  -35.533 0.5555555820
81272  -26.910  13.982  -35.341 0.7777777910
81273  -27.828  13.973  -35.248 0.7777777910
82306  -27.867  15.604  -35.188 0.6666666865
81274  -28.453  14.293  -34.644 0.6666666865
81285  -28.107  15.136  -34.711 0.6666666865
82294  -28.529  15.218  -34.271 0.6666666865
83336  -29.265  16.249  -33.828 0.6666666865
84348  -29.638  16.888  -34.347 0.6666666865
85322  -29.854  17.630  -33.793 0.6666666865
87285  -29.653  18.774  -31.038 0.5555555820
86277  -29.506  18.042  -31.991 0.6666666865
83315  -24.779  15.875  -34.312 0.4444444478
83314  -24.170  15.816  -33.498 0.4444444478
82282  -25.504  14.840  -34.613 0.4444444478
83316  -25.509  15.793  -35.122 0.5555555820
82304  -26.639  15.320  -35.973 0.6666666865
82293  -26.836  14.780  -35.685 0.6666666865
82305  -27.269  15.292  -35.703 0.6666666865
82307  -28.438  15.799  -34.839 0.6666666865
85331  -29.895  17.769  -34.747 0.6666666865
87300  -30.243  19.424  -33.141 0.6666666865
87293  -29.668  19.131  -32.168 0.5555555820
84336  -24.990  16.582  -34.775 0.4444444478
84357  -27.311  16.852  -35.902 0.6666666865
83352  -27.619  16.172  -35.677 0.6666666865
84358  -28.145  16.894  -35.710 0.6666666865
83354  -28.760  16.213  -35.036 0.6666666865
84346  -28.958  16.962  -35.580 0.6666666865
86288  -30.256  18.626  -34.055 0.6666666865
65862  -26.523  0.221  -27.298 0.8888888955
66992  -24.818  0.950  -26.533 1.0000000000
67006  -25.931  1.530  -28.291 1.0000000000
67019  -28.492  0.714  -30.223 1.0000000000
74780  -24.359  7.437  -30.094 0.5555555820
76881  -24.727  8.984  -31.320 0.5555555820
79215  -24.240  11.580  -31.759 0.5555555820
80251  -30.290  12.352  -32.576 0.8888888955
83351  -26.914  16.032  -36.147 0.6666666865
84356  -26.411  16.823  -35.891 0.6666666865
88374  -29.814  19.865  -31.172 0.5555555820
87286  -29.951  19.532  -30.016 0.5555555820
63458  -24.159  -2.368  -24.149 0.5555555820
63459  -25.097  -2.401  -24.478 0.5555555820
64634  -25.137  -1.706  -24.922 0.6666666865
64650  -26.477  -1.823  -25.773 0.5555555820
64680  -28.705  -1.229  -27.147 0.7777777910
65866  -29.242  -0.548  -27.946 0.8888888955
63457  -23.199  -2.099  -23.941 0.5555555820
64665  -26.983  -1.554  -26.272 0.6666666865
65864  -28.060  -0.765  -27.430 0.8888888955
64683  -29.751  -0.671  -28.212 0.7777777910
64687  -30.503  -0.986  -29.382 0.7777777910
65883  -30.659  -0.462  -30.291 0.8888888955
64631  -22.667  -1.389  -24.115 0.4444444478
65835  -23.409  0.161  -25.312 0.5555555820
67021  -30.755  0.342  -30.266 1.0000000000
68125  -23.584  1.747  -26.129 0.2222222239
68126  -24.163  1.923  -26.530 0.6666666865
69401  -30.228  2.268  -29.193 0.8888888955
70541  -30.786  3.054  -29.832 0.6666666865
71639  -31.091  4.418  -30.224 0.7777777910
71632  -31.632  4.588  -29.862 0.6666666865
69388  -24.349  2.839  -27.651 0.5555555820
72700  -32.411  5.481  -29.546 0.6666666865
70532  -23.938  4.109  -28.320 0.4444444478
73756  -32.597  6.814  -29.759 0.5555555820
75788  -33.412  8.531  -29.564 0.5555555820
72697  -23.891  5.680  -28.795 0.2222222239
76872  -32.997  9.336  -30.176 0.5555555820
79197  -32.771  10.544  -30.008 0.5555555820
75794  -23.486  8.615  -29.662 0.3333333433
79177  -32.960  11.253  -29.528 0.5555555820
78049  -24.227  10.569  -31.230 0.4444444478
81211  -32.104  12.627  -29.254 0.4444444478
78048  -23.812  10.636  -30.544 0.3333333433
82226  -31.660  13.700  -29.475 0.5555555820
84288  -30.990  15.680  -29.557 0.4444444478
82269  -24.384  14.307  -32.984 0.3333333433
81258  -24.890  13.617  -33.370 0.4444444478
84301  -30.432  16.107  -30.669 0.4444444478
86273  -30.163  18.340  -30.094 0.4444444478
84335  -24.575  16.684  -34.360 0.3333333433
84345  -25.547  16.724  -35.456 0.6666666865
85329  -28.585  17.608  -35.591 0.6666666865
85330  -29.414  17.768  -35.443 0.6666666865
86298  -29.757  18.881  -34.914 0.6666666865
87306  -30.194  19.714  -34.023 0.6666666865
88385  -29.874  20.160  -32.229 0.6666666865
88386  -30.122  20.813  -31.330 0.4444444478
88375  -30.321  20.589  -30.350 0.3333333433
85337  -26.932  17.624  -35.491 0.5555555820
65820  -23.598  -0.851  -25.064 0.5555555820
64648  -24.742  -1.043  -25.219 0.6666666865
64633  -24.436  -1.654  -24.727 0.5555555820
65837  -25.180  -0.226  -25.865 0.6666666865
65838  -25.908  -0.700  -25.884 0.7777777910
64664  -26.347  -1.106  -25.902 0.7777777910
67008  -27.602  0.089  -28.576 1.0000000000
67002  -25.868  1.038  -27.453 1.0000000000
65876  -28.790  -0.336  -29.070 1.0000000000
65871  -28.564  -0.342  -28.212 0.8888888955
65865  -28.833  -0.734  -27.568 0.8888888955
65819  -23.075  -0.476  -24.860 0.5555555820
66993  -25.595  0.508  -26.742 0.8888888955
67009  -28.272  -0.189  -28.826 1.0000000000
65881  -28.820  -0.320  -29.815 1.0000000000
64692  -30.613  -1.042  -29.986 1.0000000000
67020  -29.632  0.684  -30.218 1.0000000000
66991  -24.098  1.396  -26.193 0.6666666865
68133  -24.655  1.985  -27.179 0.8888888955
68136  -24.817  2.288  -27.847 0.8888888955
67001  -25.159  1.489  -27.148 1.0000000000
69395  -25.308  2.766  -28.770 1.0000000000
67012  -26.718  1.406  -29.333 1.0000000000
68142  -26.251  2.031  -29.352 1.0000000000
67013  -27.317  0.859  -29.598 1.0000000000
69400  -25.766  2.330  -30.012 1.0000000000
69404  -26.150  2.572  -30.516 1.0000000000
67026  -28.969  1.063  -30.515 1.0000000000
68150  -29.892  1.454  -29.547 0.8888888955
69410  -28.289  2.539  -31.362 1.0000000000
69409  -27.558  2.520  -31.453 1.0000000000
69411  -28.615  3.025  -30.700 1.0000000000
69406  -30.034  2.752  -29.843 0.8888888955
70548  -30.973  3.739  -30.050 0.7777777910
70540  -25.384  3.343  -29.931 1.0000000000
70533  -24.365  3.746  -28.629 0.5555555820
70525  -24.312  3.283  -28.157 0.6666666865
69399  -25.463  2.864  -29.482 1.0000000000
69407  -25.775  2.986  -30.993 1.0000000000
70549  -26.170  3.737  -31.572 1.0000000000
70555  -27.927  3.914  -32.182 1.0000000000
70556  -28.285  3.945  -31.483 1.0000000000
71642  -28.940  4.821  -30.954 1.0000000000
73763  -31.143  6.035  -30.905 0.8888888955
72708  -32.196  6.215  -30.206 0.6666666865
71631  -24.407  4.713  -28.938 0.5555555820
71623  -24.034  4.436  -28.520 0.5555555820
72698  -24.420  5.573  -29.298 0.6666666865
70539  -24.965  3.797  -29.522 0.7777777910
70544  -25.194  4.212  -29.895 0.7777777910
73762  -25.480  6.359  -30.564 0.6666666865
72710  -26.486  5.904  -31.210 0.8888888955
71640  -25.838  4.633  -30.842 0.8888888955
72714  -26.688  5.237  -31.445 0.8888888955
70545  -25.514  3.762  -30.405 0.8888888955
71650  -26.959  4.802  -31.941 0.8888888955
72716  -27.565  5.199  -31.386 1.0000000000
74798  -31.199  7.309  -31.301 0.8888888955
73771  -31.249  6.644  -31.129 0.7777777910
73764  -31.853  6.658  -30.876 0.7777777910
75797  -32.324  8.638  -30.924 0.6666666865
74770  -32.811  7.385  -30.068 0.5555555820
73761  -24.939  6.340  -30.115 0.5555555820
73754  -23.831  6.438  -29.228 0.3333333433
73755  -24.402  6.378  -29.652 0.4444444478
72704  -24.937  5.520  -29.813 0.6666666865
73766  -26.002  6.524  -31.016 0.7777777910
73772  -27.159  6.253  -31.368 0.8888888955
72717  -28.252  5.739  -30.967 1.0000000000
74806  -28.526  7.457  -31.242 1.0000000000
75810  -30.435  8.289  -31.611 0.7777777910
76882  -31.496  9.391  -31.757 0.7777777910
75824  -28.913  8.480  -32.160 1.0000000000
79207  -31.228  11.324  -31.553 0.7777777910
78051  -32.060  10.245  -31.308 0.7777777910
78040  -31.855  10.805  -31.114 0.6666666865
75795  -23.946  8.561  -30.169 0.4444444478
76896  -28.266  9.243  -32.798 1.0000000000
76908  -28.961  10.431  -33.163 0.8888888955
79219  -30.670  11.179  -32.199 0.7777777910
80202  -31.738  12.553  -30.055 0.5555555820
79176  -32.304  11.522  -29.811 0.5555555820
76892  -24.604  9.804  -31.468 0.5555555820
79218  -29.869  11.510  -32.880 0.8888888955
81238  -31.394  12.667  -31.009 0.6666666865
82242  -31.352  13.805  -30.002 0.5555555820
78074  -26.765  10.658  -33.417 1.0000000000
78073  -26.010  11.077  -33.388 0.7777777910
79230  -27.197  11.407  -34.270 0.7777777910
83267  -31.187  14.244  -29.885 0.5555555820
80262  -24.763  12.632  -33.028 0.5555555820
81259  -25.374  13.786  -34.229 0.4444444478
80264  -26.245  12.518  -34.315 0.6666666865
79229  -26.242  11.691  -33.909 0.7777777910
79216  -24.946  11.202  -32.476 0.7777777910
79227  -24.627  11.891  -32.598 0.6666666865
80277  -27.597  13.138  -34.980 0.7777777910
81260  -29.004  13.395  -33.982 0.7777777910
82284  -29.633  14.709  -33.412 0.6666666865
84337  -29.642  16.672  -33.407 0.6666666865
83318  -29.620  15.704  -33.282 0.6666666865
84325  -29.894  15.781  -31.985 0.5555555820
83298  -29.922  15.369  -32.009 0.5555555820
85302  -30.115  16.835  -31.026 0.4444444478
86272  -29.739  17.682  -30.974 0.5555555820
81283  -27.274  14.557  -35.411 0.7777777910
86283  -29.918  18.374  -33.038 0.6666666865
84347  -29.632  16.859  -35.233 0.6666666865
76880  -24.042  9.512  -30.772 0.4444444478
74779  -23.785  8.062  -29.733 0.4444444478
76868  -23.657  9.245  -30.091 0.4444444478
89397  -30.434  21.547  -30.604 0.3333333433
64681  -29.335  -0.861  -27.420 0.6666666865
63442  -23.589  -2.799  -23.711 0.5555555820
67022  -31.567  0.171  -30.261 0.7777777910
64615  -22.093  -1.877  -23.767 0.3333333433
70542  -31.345  3.746  -29.542 0.6666666865
72689  -23.360  5.692  -28.265 0.1111111119
73742  -23.348  6.542  -28.721 0.1111111119
76879  -23.624  9.932  -30.198 0.3333333433
80249  -24.097  12.561  -32.341 0.3333333433
88392  -30.141  20.552  -33.061 0.6666666865
88393  -30.056  20.995  -32.145 0.4444444478
62309  -27.500  -4.147  -24.640 0.4444444478
62270  -27.647  -3.767  -22.662 0.2222222239
62307  -25.596  -3.369  -24.059 0.4444444478
61141  -26.220  -3.920  -24.314 0.4444444478
63460  -25.871  -2.743  -24.614 0.4444444478
62308  -26.353  -3.391  -24.636 0.4444444478
62322  -27.394  -3.665  -25.109 0.4444444478
63477  -28.109  -2.786  -25.411 0.4444444478
63461  -28.401  -2.681  -24.228 0.2222222239
63493  -26.929  -2.330  -25.856 0.4444444478
63476  -27.253  -2.915  -25.473 0.4444444478
64636  -29.024  -1.484  -24.655 0.1111111119
64617  -29.072  -1.365  -23.586 0.1111111119
63495  -28.225  -2.107  -26.246 0.4444444478
64652  -28.710  -1.634  -25.670 0.3333333433
63494  -27.603  -2.311  -26.027 0.4444444478
63478  -28.420  -1.958  -26.073 0.3333333433
63496  -28.476  -1.749  -26.406 0.4444444478
64666  -27.869  -1.694  -26.626 0.5555555820
65855  -30.179  -0.710  -27.062 0.2222222239
65840  -30.089  -0.315  -25.905 0.1111111119
66995  -31.433  0.164  -26.361 0.1111111119
65854  -29.455  -0.990  -26.874 0.3333333433
64684  -30.290  -0.707  -28.598 0.4444444478
64685  -30.716  -0.762  -29.092 0.5555555820
65878  -31.595  -0.878  -29.364 0.6666666865
67005  -31.327  0.515  -27.842 0.4444444478
64695  -32.781  -0.868  -30.358 0.6666666865
69389  -32.202  2.500  -27.382 0.3333333433
67015  -31.343  0.406  -29.602 0.6666666865
69396  -31.079  2.147  -28.537 0.5555555820
68145  -30.357  1.386  -28.819 0.6666666865
69397  -31.828  2.737  -28.232 0.5555555820
70535  -32.242  3.856  -28.591 0.3333333433
69402  -30.917  2.638  -29.126 0.5555555820
72690  -32.947  5.285  -28.782 0.4444444478
71624  -32.564  4.699  -28.936 0.4444444478
73757  -33.096  7.092  -29.088 0.4444444478
86297  -28.670  18.517  -35.302 0.5555555820
87316  -29.332  19.948  -34.338 0.5555555820
88401  -29.748  20.646  -33.806 0.5555555820
89425  -29.925  21.290  -33.277 0.5555555820
61143  -27.134  -4.613  -24.667 0.4444444478
62293  -28.093  -3.316  -23.534 0.2222222239
63474  -25.627  -2.195  -24.977 0.4444444478
65868  -30.767  -0.517  -27.909 0.4444444478
65856  -31.039  -0.252  -27.095 0.3333333433
65873  -30.612  -0.615  -28.528 0.4444444478
67016  -32.127  -0.011  -29.643 0.6666666865
67011  -31.129  0.141  -28.906 0.4444444478
71625  -33.009  4.535  -28.306 0.3333333433
73743  -33.046  6.177  -28.950 0.4444444478
76859  -33.647  9.367  -29.241 0.4444444478
87315  -28.620  19.488  -34.823 0.5555555820
87323  -28.193  19.954  -35.571 0.5555555820
66996  -31.989  0.537  -26.711 0.2222222239
89426  -30.161  21.677  -32.518 0.5555555820
60003  -25.587  -5.575  -23.217 0.4444444478
60004  -26.475  -5.719  -23.553 0.4444444478
59986  -26.932  -5.456  -23.371 0.4444444478
62253  -27.982  -2.921  -21.748 0.1111111119
62290  -24.503  -3.426  -23.598 0.4444444478
61125  -25.076  -4.499  -23.306 0.4444444478
63443  -28.452  -2.551  -23.198 0.1111111119
65790  -29.689  -0.555  -23.060 0.1111111119
65822  -30.103  0.029  -24.735 0.1111111119
66969  -31.003  0.644  -24.026 0.1111111119
66985  -32.034  0.517  -25.510 0.1111111119
68127  -32.655  1.475  -26.139 0.2222222239
68135  -32.149  1.355  -27.201 0.2222222239
70536  -32.674  3.954  -28.134 0.2222222239
71617  -33.510  4.639  -27.523 0.2222222239
72691  -33.604  5.584  -28.174 0.3333333433
74771  -33.142  7.621  -29.733 0.4444444478
76838  -33.789  9.212  -28.840 0.3333333433
78026  -33.480  10.243  -29.656 0.3333333433
81210  -31.758  13.015  -29.598 0.4444444478
85294  -30.753  16.704  -29.500 0.3333333433
85336  -25.917  17.662  -35.416 0.4444444478
86306  -27.635  18.570  -35.114 0.5555555820
86307  -28.069  19.320  -35.188 0.5555555820
88410  -29.198  20.911  -34.351 0.5555555820
89438  -29.617  21.688  -33.923 0.5555555820
87322  -27.656  19.803  -35.778 0.5555555820
62306  -24.836  -2.879  -24.056 0.4444444478
65853  -27.909  -1.290  -27.030 0.5555555820
64667  -28.453  -1.636  -26.671 0.5555555820
64688  -31.192  -1.182  -29.548 0.6666666865
70534  -31.590  3.138  -28.887 0.5555555820
71633  -32.042  4.420  -29.377 0.5555555820
85303  -30.289  17.243  -30.252 0.3333333433
63475  -26.407  -2.564  -25.246 0.4444444478
64669  -29.569  -0.932  -27.132 0.3333333433
64668  -28.946  -1.392  -26.679 0.3333333433
61155  -27.170  -4.239  -24.942 0.4444444478
62292  -27.651  -4.117  -23.823 0.4444444478
62323  -27.767  -3.611  -24.966 0.4444444478
61128  -27.293  -4.776  -24.147 0.4444444478
62271  -28.095  -2.950  -22.690 0.1111111119
62291  -25.357  -3.943  -23.624 0.4444444478
61126  -25.984  -4.598  -23.938 0.4444444478
61142  -26.689  -4.248  -24.716 0.4444444478
62321  -26.857  -3.540  -25.134 0.4444444478
62310  -27.970  -3.525  -24.489 0.4444444478
64651  -28.555  -2.145  -24.879 0.4444444478
64616  -28.626  -2.061  -23.625 0.1111111119
65805  -29.601  -0.709  -24.149 0.1111111119
64600  -29.306  -1.093  -22.500 0.1111111119
65839  -29.313  -0.883  -26.338 0.3333333433
65821  -29.401  -0.805  -25.268 0.2222222239
66994  -30.759  -0.132  -26.394 0.1111111119
66984  -31.018  0.400  -25.391 0.1111111119
64682  -29.944  -0.807  -27.744 0.3333333433
65874  -30.962  -0.511  -28.868 0.4444444478
65875  -31.132  -0.203  -28.913 0.4444444478
65869  -31.285  -0.089  -27.778 0.4444444478
65857  -31.498  0.047  -26.994 0.3333333433
69381  -32.548  2.112  -26.672 0.1111111119
68140  -31.232  1.413  -28.006 0.4444444478
68139  -30.750  1.360  -28.427 0.5555555820
67010  -30.841  0.542  -28.861 0.5555555820
70543  -31.737  3.850  -29.032 0.5555555820
70526  -32.473  3.390  -27.918 0.3333333433
61127  -26.782  -5.030  -24.280 0.4444444478
60005  -27.023  -5.293  -23.797 0.4444444478
88415  -28.262  20.606  -36.088 0.5555555820
58926  -26.361  -6.123  -23.304 0.4444444478
61106  -27.017  -5.374  -23.090 0.4444444478
61084  -27.206  -4.554  -22.128 0.2222222239
61107  -27.254  -4.872  -23.233 0.4444444478
62289  -23.358  -3.437  -23.354 0.4444444478
64599  -28.761  -1.789  -22.834 0.1111111119
63424  -28.446  -2.290  -22.236 0.1111111119
55503  -24.733  -9.851  -18.084 0.1111111119
56738  -23.562  -8.284  -21.036 0.3333333433
55550  -24.258  -9.713  -19.306 0.2222222239
55527  -24.379  -9.893  -18.612 0.2222222239
55528  -24.869  -9.215  -18.674 0.1111111119
58904  -22.447  -5.941  -21.601 0.3333333433
57799  -22.687  -7.505  -20.970 0.3333333433
56737  -22.912  -8.215  -20.735 0.3333333433
56739  -24.418  -8.080  -21.547 0.3333333433
55589  -24.887  -8.577  -21.328 0.3333333433
55551  -24.737  -8.987  -19.702 0.2222222239
56721  -25.326  -8.272  -20.968 0.2222222239
56655  -25.559  -8.703  -18.397 0.1111111119
56700  -25.201  -8.307  -20.079 0.2222222239
61102  -21.339  -4.455  -21.821 0.2222222239
59980  -21.858  -5.214  -21.850 0.2222222239
58879  -23.019  -6.696  -21.370 0.3333333433
57800  -23.644  -7.460  -21.417 0.3333333433
57741  -25.573  -7.834  -19.576 0.1111111119
61122  -22.358  -3.665  -22.806 0.2222222239
61103  -22.173  -4.288  -22.455 0.3333333433
61123  -22.949  -3.857  -22.772 0.3333333433
59981  -22.778  -5.273  -22.083 0.3333333433
61104  -23.222  -4.655  -22.475 0.3333333433
61105  -23.796  -4.870  -22.545 0.3333333433
58905  -23.385  -6.039  -21.727 0.3333333433
59982  -23.757  -5.448  -22.289 0.3333333433
57821  -25.289  -7.211  -22.181 0.3333333433
59983  -24.645  -5.743  -22.479 0.3333333433
57802  -25.506  -7.408  -21.991 0.3333333433
58907  -25.476  -6.537  -22.480 0.3333333433
58881  -25.836  -6.958  -21.605 0.3333333433
58861  -25.778  -7.096  -20.726 0.1111111119
58862  -26.093  -6.426  -20.925 0.2222222239
63440  -21.993  -2.649  -23.529 0.2222222239
62288  -22.513  -3.313  -23.237 0.3333333433
61124  -23.994  -4.346  -22.895 0.3333333433
59984  -25.181  -5.751  -22.711 0.3333333433
58925  -26.062  -6.272  -23.255 0.3333333433
58882  -26.131  -6.249  -21.925 0.3333333433
58908  -26.370  -6.225  -22.876 0.3333333433
59985  -26.820  -5.743  -23.001 0.3333333433
73744  -33.471  6.863  -28.314 0.2222222239
74755  -33.547  7.851  -28.875 0.2222222239
74756  -33.633  7.696  -28.090 0.2222222239
80204  -32.828  11.789  -29.255 0.3333333433
79151  -33.157  11.680  -29.119 0.2222222239
55588  -24.275  -8.786  -20.990 0.3333333433
56676  -25.407  -8.404  -19.111 0.1111111119
57801  -24.377  -7.288  -21.772 0.3333333433
56760  -25.178  -7.576  -22.096 0.3333333433
56740  -25.199  -8.045  -21.760 0.3333333433
57782  -25.556  -7.602  -21.269 0.3333333433
59959  -26.542  -5.682  -22.290 0.3333333433
54312  -23.927  -10.388  -18.897 0.1111111119
54294  -24.238  -10.407  -18.155 0.1111111119
57780  -21.950  -7.842  -20.623 0.3333333433
57781  -22.513  -8.034  -20.703 0.3333333433
55569  -23.077  -9.488  -20.312 0.3333333433
55570  -24.042  -9.557  -20.257 0.3333333433
54277  -24.876  -10.547  -17.421 0.1111111119
55504  -25.499  -9.416  -17.800 0.1111111119
58878  -22.104  -6.619  -21.297 0.3333333433
56677  -25.828  -8.242  -18.552 0.1111111119
62269  -21.382  -3.654  -22.451 0.2222222239
57763  -25.726  -7.407  -19.606 0.1111111119
62287  -21.897  -3.381  -22.929 0.2222222239
59934  -26.498  -5.888  -20.166 0.1111111119
59943  -26.553  -5.580  -21.207 0.1111111119
61083  -26.920  -5.226  -22.629 0.1111111119
64614  -21.510  -1.842  -23.385 0.1111111119
75771  -33.714  8.812  -28.871 0.2222222239
81196  -32.228  13.027  -28.851 0.2222222239
80183  -32.919  12.199  -28.834 0.2222222239
65818  -22.374  -0.627  -24.226 0.2222222239
63456  -22.517  -2.149  -23.790 0.3333333433
63441  -22.817  -2.760  -23.647 0.4444444478
76860  -33.839  9.974  -29.003 0.2222222239
56720  -23.195  -8.714  -20.606 0.3333333433
55587  -23.680  -8.982  -20.645 0.3333333433
58903  -21.596  -5.945  -21.507 0.2222222239
58877  -21.313  -6.514  -21.276 0.2222222239
57798  -21.649  -7.122  -20.979 0.3333333433
55571  -24.788  -8.807  -20.625 0.3333333433
56759  -24.835  -7.701  -21.964 0.3333333433
58880  -23.777  -6.779  -21.629 0.3333333433
57762  -25.583  -7.567  -20.315 0.1111111119
60001  -24.207  -5.092  -22.570 0.3333333433
58906  -24.363  -6.436  -22.058 0.3333333433
58845  -25.962  -6.824  -19.858 0.1111111119
63439  -21.203  -2.922  -23.116 0.2222222239
60002  -24.817  -5.150  -22.816 0.3333333433
54293  -23.677  -11.007  -18.370 0.1111111119
56719  -22.512  -8.572  -20.400 0.3333333433
56718  -21.527  -8.440  -20.030 0.2222222239
54327  -23.750  -10.261  -19.571 0.3333333433
58902  -20.994  -6.020  -21.414 0.2222222239
75772  -33.863  8.424  -28.266 0.1111111119
73745  -33.690  7.233  -27.639 0.1111111119
75735  -34.495  8.572  -27.160 0.1111111119
75753  -34.260  8.722  -27.827 0.1111111119
77984  -34.695  10.028  -27.931 0.1111111119
76818  -34.794  9.847  -27.259 0.1111111119
79178  -33.682  10.762  -29.147 0.1111111119
78007  -34.707  10.706  -27.946 0.1111111119
78006  -34.198  10.475  -28.616 0.1111111119
79153  -34.421  11.144  -28.186 0.1111111119
83227  -31.616  15.104  -29.054 0.2222222239
79152  -33.711  11.440  -28.710 0.1111111119
79130  -34.304  11.786  -27.880 0.1111111119
85284  -31.262  16.214  -28.767 0.1111111119
86266  -30.651  17.771  -29.290 0.1111111119
84280  -31.672  15.607  -28.154 0.1111111119
86256  -31.712  17.639  -27.660 0.1111111119
86296  -28.211  18.015  -35.332 0.4444444478
87279  -30.712  18.993  -29.017 0.1111111119
86295  -25.947  18.800  -34.374 0.4444444478
87280  -31.414  19.793  -28.681 0.1111111119
88409  -28.575  20.610  -35.079 0.4444444478
89413  -30.257  21.701  -31.512 0.3333333433
89382  -30.917  21.390  -29.798 0.1111111119
88359  -30.819  20.334  -29.299 0.1111111119
89383  -31.412  21.312  -28.978 0.1111111119
89447  -28.806  21.234  -35.877 0.4444444478
90546  -29.480  22.617  -35.474 0.4444444478
89448  -29.253  21.634  -35.079 0.4444444478
90535  -29.726  22.601  -34.546 0.4444444478
90536  -30.011  22.675  -33.568 0.4444444478
91584  -30.337  23.555  -33.007 0.4444444478
91573  -30.418  23.445  -32.039 0.2222222239
92557  -30.645  23.961  -31.549 0.2222222239
91567  -30.678  23.418  -31.243 0.2222222239
92545  -31.281  24.001  -30.234 0.2222222239
91559  -31.415  23.489  -29.836 0.2222222239
96799  -32.164  29.397  -31.806 0.1111111119
95131  -32.400  27.722  -31.022 0.1111111119
92547  -32.832  24.321  -29.453 0.1111111119
87314  -27.007  20.158  -35.538 0.4444444478
88408  -27.429  21.140  -35.177 0.4444444478
88414  -27.635  20.861  -36.107 0.3333333433
89456  -28.443  21.666  -36.235 0.4444444478
91616  -29.388  23.530  -35.540 0.4444444478
92596  -30.160  24.569  -34.856 0.4444444478
91601  -29.852  23.602  -34.053 0.4444444478
92609  -30.171  25.179  -35.471 0.3333333433
93502  -30.314  25.440  -32.751 0.3333333433
93488  -30.737  25.460  -31.873 0.1111111119
92569  -30.797  24.979  -31.488 0.1111111119
94306  -31.450  25.840  -31.072 0.1111111119
92558  -31.051  24.480  -30.892 0.2222222239
93476  -31.508  25.431  -30.703 0.1111111119
94307  -31.844  26.207  -30.769 0.1111111119
88407  -26.836  20.426  -34.472 0.2222222239
90554  -28.308  22.701  -35.871 0.3333333433
92595  -29.749  24.084  -35.308 0.3333333433
93514  -30.325  26.189  -34.910 0.2222222239
93515  -30.166  25.646  -34.048 0.2222222239
94322  -30.606  26.087  -32.235 0.2222222239
95129  -30.660  26.822  -32.181 0.1111111119
94345  -30.080  26.868  -34.083 0.1111111119
95146  -30.449  27.624  -32.843 0.1111111119
94324  -31.809  26.955  -31.141 0.1111111119
95159  -29.985  27.869  -33.835 0.1111111119
95147  -30.859  28.154  -32.243 0.1111111119
95130  -31.210  27.647  -31.658 0.1111111119
89455  -27.760  21.883  -35.833 0.3333333433
90545  -27.419  22.988  -34.648 0.3333333433
91628  -28.111  23.656  -35.380 0.3333333433
91629  -28.840  23.645  -35.701 0.3333333433
92608  -29.592  24.708  -35.727 0.3333333433
93528  -30.085  25.999  -35.743 0.2222222239
94344  -30.023  26.790  -35.098 0.2222222239
95158  -29.546  27.662  -34.726 0.1111111119
95987  -30.217  28.459  -33.374 0.1111111119
95972  -30.713  28.727  -32.654 0.1111111119
97689  -31.320  30.693  -33.358 0.1111111119
90533  -26.909  23.100  -33.316 0.1111111119
91614  -25.660  23.992  -34.308 0.1111111119
92620  -26.760  24.501  -34.748 0.2222222239
93540  -27.354  25.327  -34.756 0.2222222239
92621  -27.727  24.576  -34.985 0.3333333433
92622  -28.575  24.733  -35.532 0.3333333433
93541  -28.107  25.735  -35.159 0.3333333433
94366  -28.176  27.053  -35.442 0.2222222239
94367  -28.600  27.429  -35.524 0.1111111119
95179  -28.464  28.221  -35.806 0.1111111119
95169  -28.863  27.908  -35.337 0.1111111119
95996  -29.011  28.613  -35.085 0.1111111119
95986  -29.546  28.732  -34.119 0.1111111119
96827  -29.630  29.679  -34.043 0.1111111119
96811  -30.742  29.491  -32.787 0.1111111119
96813  -32.466  29.763  -32.221 0.1111111119
96800  -32.796  29.290  -31.743 0.1111111119
91598  -26.258  23.760  -33.637 0.1111111119
92594  -26.416  24.530  -33.281 0.1111111119
92607  -25.958  24.501  -34.524 0.1111111119
93512  -26.233  25.102  -33.769 0.1111111119
94354  -27.162  26.703  -34.120 0.1111111119
94365  -27.536  26.585  -34.832 0.2222222239
95168  -27.056  27.763  -34.797 0.1111111119
95177  -27.552  27.934  -35.708 0.1111111119
96849  -27.598  29.178  -36.047 0.1111111119
96006  -28.302  28.821  -36.194 0.1111111119
96839  -28.504  29.906  -35.410 0.1111111119
96840  -29.194  29.563  -34.935 0.1111111119
93501  -27.222  25.845  -32.540 0.1111111119
92579  -27.458  25.410  -31.909 0.1111111119
94343  -27.267  26.852  -33.202 0.1111111119
95157  -26.922  27.783  -33.786 0.1111111119
95985  -26.575  28.846  -34.273 0.1111111119
96838  -27.550  29.637  -35.047 0.1111111119
94334  -27.335  26.884  -32.108 0.1111111119
94321  -27.633  26.806  -31.028 0.1111111119
95145  -27.177  27.907  -32.777 0.1111111119
74717  -34.276  7.809  -26.710 0.1111111119
76817  -34.560  9.301  -27.609 0.1111111119
76801  -34.721  9.266  -26.835 0.1111111119
81197  -33.093  13.017  -27.950 0.1111111119
80184  -33.680  12.243  -28.150 0.1111111119
82206  -32.289  13.866  -28.207 0.1111111119
87269  -31.063  18.118  -28.406 0.1111111119
87321  -27.076  19.303  -35.304 0.4444444478
90512  -30.375  22.578  -31.783 0.3333333433
90498  -30.517  22.566  -30.763 0.2222222239
90485  -30.834  22.168  -30.085 0.1111111119
90486  -31.554  22.429  -29.431 0.1111111119
88360  -31.528  20.549  -28.706 0.1111111119
92559  -31.606  24.988  -30.364 0.2222222239
94323  -31.247  26.294  -31.566 0.1111111119
94309  -33.554  26.349  -30.466 0.1111111119
95973  -31.211  28.561  -31.999 0.1111111119
95971  -26.401  28.431  -33.286 0.1111111119
95128  -27.355  27.877  -31.595 0.1111111119
76786  -34.746  9.360  -25.988 0.1111111119
75722  -34.480  8.553  -26.272 0.1111111119
84279  -31.485  15.423  -28.956 0.2222222239
86305  -26.563  18.471  -34.966 0.4444444478
91600  -29.860  23.474  -35.035 0.4444444478
90555  -29.031  22.696  -36.098 0.4444444478
92580  -30.212  24.548  -33.471 0.4444444478
92578  -27.088  24.761  -32.186 0.1111111119
92566  -27.226  24.367  -31.015 0.1111111119
93487  -27.641  25.974  -31.596 0.1111111119
73729  -33.808  6.444  -27.495 0.1111111119
73730  -34.016  7.155  -27.075 0.1111111119
76766  -34.911  9.484  -25.247 0.1111111119
75709  -34.538  8.675  -25.160 0.1111111119
77970  -35.399  10.683  -26.317 0.1111111119
77985  -35.054  10.583  -27.244 0.1111111119
79112  -35.546  11.583  -26.819 0.1111111119
82207  -32.903  13.933  -27.601 0.1111111119
81198  -33.757  12.697  -27.785 0.1111111119
80167  -34.195  12.448  -27.711 0.1111111119
83229  -32.373  14.828  -27.596 0.1111111119
84281  -32.206  15.954  -27.420 0.1111111119
86246  -32.076  17.784  -27.442 0.1111111119
87270  -31.815  18.894  -28.043 0.1111111119
90487  -32.653  22.721  -29.004 0.1111111119
89374  -32.763  21.173  -28.370 0.1111111119
87313  -26.513  19.483  -34.636 0.4444444478
91562  -34.001  23.520  -29.398 0.1111111119
93471  -33.450  25.013  -29.478 0.1111111119
88400  -27.543  21.632  -34.642 0.2222222239
89446  -27.531  22.106  -35.074 0.2222222239
95115  -33.800  27.055  -30.835 0.1111111119
89436  -26.709  22.063  -33.416 0.1111111119
91627  -27.357  23.695  -34.848 0.2222222239
96801  -33.408  29.075  -31.789 0.1111111119
96814  -33.639  29.607  -32.480 0.1111111119
89424  -26.446  22.643  -32.704 0.1111111119
89412  -26.460  22.940  -32.269 0.1111111119
91572  -26.830  23.934  -31.586 0.1111111119
91566  -26.623  23.882  -30.786 0.1111111119
97677  -32.748  30.181  -32.782 0.1111111119
92556  -27.385  24.942  -30.319 0.1111111119
97702  -29.120  30.547  -35.071 0.1111111119
98659  -29.899  30.893  -34.588 0.1111111119
98675  -31.190  31.874  -34.538 0.1111111119
93475  -27.737  25.785  -30.606 0.1111111119
95984  -26.144  29.354  -33.812 0.1111111119
97700  -27.478  30.356  -34.116 0.1111111119
95956  -26.639  28.940  -32.296 0.1111111119
82205  -31.897  13.868  -29.016 0.1111111119
90523  -30.260  22.648  -32.679 0.4444444478
76839  -34.098  9.375  -28.485 0.1111111119
86255  -31.081  17.174  -28.537 0.2222222239
76802  -35.014  9.956  -26.594 0.1111111119
79131  -34.866  11.344  -27.561 0.1111111119
83228  -31.794  14.772  -28.745 0.1111111119
85285  -31.541  16.583  -27.886 0.1111111119
90475  -32.220  21.837  -28.707 0.1111111119
92568  -30.478  24.489  -32.096 0.2222222239
92546  -31.882  24.441  -29.943 0.2222222239
91560  -32.250  23.498  -29.458 0.1111111119
95957  -31.963  28.764  -31.446 0.1111111119
96812  -31.486  29.407  -32.248 0.1111111119
95114  -33.063  27.042  -30.711 0.1111111119
95958  -33.048  28.646  -31.295 0.1111111119
95132  -33.537  27.851  -30.964 0.1111111119
92560  -34.225  24.335  -29.765 0.1111111119
91561  -33.169  23.519  -29.296 0.1111111119
93470  -32.652  25.067  -29.613 0.2222222239
93529  -30.355  25.509  -35.092 0.3333333433
93477  -32.145  25.501  -30.154 0.2222222239
94335  -30.247  26.415  -32.980 0.2222222239
90553  -27.724  22.823  -35.358 0.3333333433
93542  -28.951  26.106  -35.765 0.2222222239
94355  -29.365  26.970  -35.418 0.1111111119
96828  -30.195  29.331  -33.347 0.1111111119
97675  -30.965  30.086  -32.844 0.1111111119
97688  -30.253  30.331  -33.634 0.1111111119
97676  -31.882  30.217  -32.706 0.1111111119
98660  -30.741  31.218  -34.062 0.1111111119
91599  -26.641  23.433  -33.894 0.1111111119
90522  -26.705  23.242  -32.713 0.1111111119
91615  -26.418  23.665  -34.470 0.1111111119
93527  -26.722  25.355  -34.309 0.1111111119
95187  -27.997  28.643  -36.380 0.1111111119
96007  -28.663  28.577  -35.698 0.1111111119
97687  -29.589  30.231  -34.472 0.1111111119
92606  -25.741  24.502  -33.968 0.1111111119
91583  -26.786  23.878  -32.590 0.1111111119
93500  -26.657  25.241  -33.066 0.1111111119
93513  -26.912  25.817  -33.558 0.1111111119
95995  -27.254  28.716  -35.444 0.1111111119
96005  -27.573  28.717  -36.148 0.1111111119
96851  -28.646  29.188  -35.662 0.1111111119
92567  -27.524  25.168  -31.260 0.1111111119
73711  -34.016  7.181  -26.425 0.1111111119
93478  -33.134  25.729  -29.878 0.1111111119
94325  -34.291  26.474  -30.822 0.1111111119
97701  -28.243  30.629  -34.684 0.1111111119
95955  -26.074  29.546  -32.793 0.1111111119
76787  -35.227  9.989  -25.743 0.1111111119
85286  -32.151  16.960  -27.542 0.1111111119
93479  -34.266  25.386  -30.224 0.1111111119
95133  -34.445  27.464  -31.386 0.1111111119
90534  -27.224  23.076  -33.901 0.1111111119
89423  -25.883  21.877  -32.509 0.1111111119
95959  -34.020  28.589  -31.817 0.1111111119
96826  -26.625  29.814  -33.813 0.1111111119
97685  -26.986  30.842  -33.330 0.1111111119
55568  -22.227  -9.324  -19.923 0.2222222239
70519  -23.487  3.568  -27.074 0.2222222239
71616  -23.301  4.296  -27.533 0.2222222239
66981  -22.949  0.655  -25.110 0.3333333433
69380  -24.187  2.570  -26.927 0.3333333433
70524  -23.873  3.691  -27.857 0.3333333433
86304  -25.746  18.167  -34.655 0.3333333433
85328  -25.139  17.480  -34.579 0.2222222239
88405  -25.293  19.956  -34.201 0.1111111119
88406  -25.915  20.119  -34.173 0.1111111119
81246  -23.555  13.431  -32.073 0.2222222239
80248  -23.550  12.546  -31.659 0.1111111119
69379  -23.512  2.681  -26.451 0.2222222239
83296  -23.645  15.773  -32.731 0.1111111119
85326  -23.938  18.516  -34.024 0.1111111119
87311  -24.734  19.666  -34.195 0.1111111119
88397  -25.330  20.248  -33.716 0.1111111119
88398  -26.221  20.944  -33.533 0.1111111119
84334  -24.193  16.714  -33.888 0.1111111119
69370  -23.149  2.077  -26.090 0.2222222239
74768  -23.283  7.534  -29.281 0.2222222239
85320  -24.436  17.316  -34.188 0.1111111119
74750  -22.948  7.097  -28.666 0.1111111119
74767  -22.659  8.086  -29.027 0.3333333433
87312  -25.548  19.452  -34.227 0.1111111119
85327  -24.401  18.162  -34.093 0.1111111119
84323  -23.654  16.726  -33.201 0.1111111119
86293  -24.120  18.988  -34.310 0.1111111119
85319  -23.879  17.887  -33.601 0.1111111119
86292  -23.869  18.892  -33.794 0.1111111119
66986  -32.520  0.938  -25.613 0.1111111119
54325  -22.425  -10.356  -19.856 0.1111111119
54326  -23.254  -10.499  -19.953 0.1111111119
53123  -22.987  -11.256  -19.702 0.1111111119
55549  -20.905  -9.391  -19.397 0.1111111119
56699  -20.958  -8.776  -19.633 0.1111111119
57779  -20.863  -7.357  -20.507 0.1111111119
58876  -20.606  -6.390  -21.062 0.1111111119
57797  -21.063  -6.890  -21.041 0.1111111119
66967  -22.258  0.139  -24.102 0.1111111119
69387  -23.933  3.132  -27.142 0.1111111119
78036  -23.473  10.654  -29.919 0.2222222239
78035  -23.303  10.875  -29.996 0.2222222239
71622  -23.572  4.614  -28.156 0.1111111119
54308  -20.878  -9.848  -19.225 0.1111111119
54310  -22.056  -10.785  -19.558 0.1111111119
53112  -22.410  -11.332  -19.466 0.1111111119
56698  -20.292  -8.729  -19.493 0.1111111119
56717  -20.497  -8.126  -19.863 0.1111111119
58860  -20.070  -6.737  -20.498 0.1111111119
59958  -20.678  -5.814  -21.334 0.1111111119
59979  -20.979  -5.341  -21.454 0.1111111119
68118  -22.240  1.237  -24.666 0.1111111119
71605  -23.124  4.039  -27.014 0.1111111119
78019  -23.297  10.081  -29.476 0.2222222239
79189  -23.180  11.390  -30.129 0.2222222239
79204  -22.913  11.867  -30.330 0.1111111119
53111  -21.835  -11.063  -19.313 0.1111111119
79205  -23.294  11.602  -30.597 0.2222222239
79214  -23.549  11.898  -31.217 0.1111111119
68120  -23.051  1.526  -25.716 0.1111111119
76867  -23.374  9.544  -29.637 0.2222222239
71630  -23.869  5.030  -28.517 0.1111111119
66968  -22.586  0.112  -24.560 0.1111111119
62268  -21.049  -3.732  -21.700 0.1111111119
53122  -22.787  -10.946  -19.900 0.1111111119
70518  -23.227  3.504  -26.502 0.1111111119
66980  -22.359  0.794  -24.648 0.1111111119
69378  -23.055  2.976  -26.180 0.1111111119
55567  -21.537  -9.318  -19.626 0.1111111119
54309  -21.506  -10.248  -19.388 0.1111111119
54292  -21.242  -10.501  -19.097 0.1111111119
68091  -22.075  0.547  -23.879 0.1111111119
78018  -23.279  10.573  -29.325 0.1111111119
57778  -19.599  -7.460  -20.047 0.1111111119
66952  -22.206  -0.220  -23.518 0.1111111119
68063  -22.357  0.405  -23.563 0.1111111119
68119  -22.517  1.525  -25.120 0.1111111119
80232  -22.782  12.503  -30.621 0.1111111119
82255  -23.106  14.152  -31.771 0.1111111119
76852  -23.023  9.491  -29.167 0.1111111119
81232  -23.048  13.411  -31.449 0.1111111119
82268  -23.629  14.594  -32.364 0.1111111119
82280  -24.128  15.046  -33.049 0.1111111119
54324  -21.940  -9.826  -19.713 0.1111111119
57820  -24.938  -7.180  -22.158 0.3333333433
58844  -25.737  -7.154  -20.305 0.1111111119
61071  -26.806  -5.092  -21.854 0.1111111119
61154  -27.028  -4.034  -25.124 0.4444444478
64635  -28.667  -1.941  -24.217 0.1111111119
64679  -28.247  -1.385  -27.038 0.5555555820
64686  -29.957  -0.707  -29.026 0.7777777910
64689  -32.073  -1.398  -29.793 0.6666666865
64690  -32.883  -1.370  -29.972 0.6666666865
64691  -30.036  -0.919  -29.655 1.0000000000
64693  -31.456  -1.146  -30.168 0.6666666865
64694  -32.241  -1.122  -30.324 0.6666666865
65867  -30.378  -0.719  -27.989 0.4444444478
65870  -27.985  -0.233  -27.958 0.8888888955
65879  -32.151  -0.683  -29.514 0.6666666865
65880  -33.076  -0.528  -29.882 0.6666666865
65884  -31.545  -0.507  -30.401 0.8888888955
65885  -32.205  -0.441  -30.408 0.6666666865
65886  -32.632  -0.336  -30.223 0.6666666865
67017  -32.759  -0.145  -30.035 0.6666666865
67023  -32.166  0.079  -30.117 0.6666666865
67024  -32.537  -0.021  -30.060 0.6666666865
67025  -28.674  1.315  -30.609 1.0000000000
68143  -26.610  1.400  -29.781 1.0000000000
68144  -30.004  1.733  -28.998 0.8888888955
68148  -27.750  1.447  -30.464 1.0000000000
68151  -30.775  0.610  -29.688 0.7777777910
68152  -26.639  2.072  -30.684 1.0000000000
69394  -24.713  2.845  -28.399 0.6666666865
69414  -28.377  3.304  -31.732 1.0000000000
70527  -32.931  3.981  -27.700 0.2222222239
70550  -26.648  3.240  -31.926 1.0000000000
70553  -26.507  4.274  -32.145 1.0000000000
70557  -28.486  3.978  -31.086 1.0000000000
71641  -28.575  4.945  -30.955 1.0000000000
71645  -26.875  4.637  -32.194 0.8888888955
71648  -28.520  4.294  -31.085 1.0000000000
71649  -26.750  4.836  -31.873 0.8888888955
71651  -27.172  4.927  -31.758 0.8888888955
72699  -31.974  4.952  -29.816 0.6666666865
72718  -26.827  4.962  -31.698 0.8888888955
72719  -27.063  5.276  -31.570 0.8888888955
73774  -28.410  6.507  -30.968 1.0000000000
73775  -27.218  5.682  -31.414 0.8888888955
73776  -27.369  5.892  -31.329 0.8888888955
74737  -34.045  7.951  -27.529 0.1111111119
74784  -32.931  7.652  -30.198 0.5555555820
74793  -25.267  7.341  -30.791 0.6666666865
74795  -29.161  7.415  -31.011 0.8888888955
74808  -29.836  7.927  -31.441 0.8888888955
75808  -24.919  8.152  -31.185 0.6666666865
78027  -33.780  10.362  -29.076 0.2222222239
78042  -32.998  10.091  -30.184 0.5555555820
78077  -29.068  10.952  -33.189 0.8888888955
79217  -29.484  11.311  -33.005 0.8888888955
80182  -32.362  12.470  -29.113 0.4444444478
80203  -32.212  12.089  -29.552 0.4444444478
80223  -31.998  11.700  -30.009 0.5555555820
80267  -29.958  12.115  -33.208 0.8888888955
80276  -26.680  12.961  -34.854 0.6666666865
81175  -33.390  13.546  -27.595 0.1111111119
81195  -31.840  13.409  -29.212 0.4444444478
81224  -31.128  13.228  -30.848 0.5555555820
81247  -24.206  13.503  -32.700 0.2222222239
81284  -27.702  14.786  -35.072 0.6666666865
82241  -30.995  13.609  -30.677 0.5555555820
83248  -31.419  15.016  -29.374 0.2222222239
83249  -31.463  14.310  -29.533 0.5555555820
83333  -26.191  15.916  -35.741 0.6666666865
83334  -29.029  16.487  -35.246 0.6666666865
83335  -28.971  16.233  -34.555 0.6666666865
83353  -28.423  16.317  -35.354 0.6666666865
84312  -30.103  16.411  -31.416 0.5555555820
84313  -30.092  15.819  -31.630 0.5555555820
84322  -23.238  16.708  -32.331 0.1111111119
85277  -32.790  16.554  -27.290 0.1111111119
85321  -24.732  17.002  -34.506 0.2222222239
85338  -27.810  17.539  -35.490 0.6666666865
86257  -32.113  17.399  -27.502 0.1111111119
86294  -25.066  18.663  -34.222 0.3333333433
87258  -32.102  18.126  -27.473 0.1111111119
89373  -31.978  21.049  -28.509 0.1111111119
89439  -29.989  21.993  -33.174 0.5555555820
89457  -29.270  21.877  -36.070 0.4444444478
90499  -30.923  22.868  -30.003 0.2222222239
91568  -30.951  23.485  -30.469 0.2222222239
92548  -33.605  24.255  -29.496 0.1111111119
93472  -33.932  24.775  -29.648 0.1111111119
93489  -31.141  25.418  -31.258 0.1111111119
93526  -26.026  24.852  -34.199 0.1111111119
94308  -32.679  26.302  -30.434 0.1111111119
95113  -32.357  26.858  -30.798 0.1111111119
95178  -28.087  28.191  -36.079 0.1111111119
95186  -27.800  28.530  -36.234 0.1111111119
96012  -27.805  28.812  -36.425 0.1111111119
96013  -27.966  28.809  -36.424 0.1111111119
96815  -34.341  29.203  -32.750 0.1111111119
96825  -26.045  29.534  -33.580 0.1111111119
96850  -28.085  29.425  -35.991 0.1111111119
96857  -27.646  28.993  -36.352 0.1111111119
96858  -27.890  29.090  -36.476 0.1111111119
97674  -30.495  29.836  -33.096 0.1111111119
