#!ascii label  , from subject sub.01.dh.02.long.sub.01.base.03 vox2ras=TkReg
1629
4450  -32.963  -64.896  -11.853 0.1000000015
3875  -32.429  -65.445  -12.460 0.1000000015
3860  -31.540  -66.324  -11.835 0.1000000015
3874  -31.943  -65.875  -12.861 0.1000000015
3873  -31.188  -66.464  -12.746 0.1000000015
4473  -32.145  -65.674  -13.401 0.1000000015
3891  -31.498  -66.325  -13.787 0.1000000015
3908  -32.393  -65.882  -14.733 0.1000000015
3921  -32.129  -66.063  -15.443 0.1000000015
3907  -31.863  -66.266  -14.740 0.1000000015
4495  -32.336  -65.494  -15.547 0.1000000015
3934  -32.027  -65.892  -16.386 0.1000000015
3920  -31.450  -66.572  -15.782 0.1000000015
3952  -32.201  -65.455  -17.032 0.1000000015
5813  -31.742  -63.915  -18.038 0.1000000015
3933  -31.458  -66.412  -16.808 0.1000000015
3951  -31.716  -65.736  -17.500 0.1000000015
5072  -33.279  -64.067  -12.176 0.1000000015
5060  -33.200  -64.375  -12.101 0.1000000015
5071  -32.659  -64.304  -12.650 0.1000000015
4464  -32.473  -65.138  -12.895 0.1000000015
4463  -32.265  -65.520  -13.067 0.1000000015
5088  -32.172  -65.081  -13.681 0.1000000015
3893  -32.245  -65.706  -14.242 0.1000000015
5108  -32.121  -65.310  -14.234 0.1000000015
4494  -32.222  -65.277  -15.019 0.1000000015
5130  -32.354  -65.121  -16.047 0.1000000015
7787  -27.208  -60.817  -18.051 0.1000000015
6483  -27.681  -62.159  -17.998 0.1000000015
6484  -28.434  -62.949  -17.754 0.1000000015
5811  -29.601  -63.412  -17.645 0.1000000015
5812  -30.809  -63.505  -17.902 0.1000000015
5799  -31.359  -63.795  -17.194 0.1000000015
5146  -31.861  -64.371  -16.808 0.1000000015
5158  -31.970  -64.516  -17.579 0.1000000015
4527  -32.318  -65.149  -17.049 0.1000000015
5729  -34.302  -62.941  -11.992 0.1000000015
6432  -32.906  -62.490  -12.604 0.2000000030
5728  -33.415  -63.394  -12.238 0.1000000015
7090  -32.294  -61.668  -12.882 0.1000000015
5727  -32.404  -63.371  -12.576 0.1000000015
6431  -31.847  -62.561  -12.688 0.1000000015
10509  -31.265  -56.051  -14.668 0.1000000015
9789  -30.961  -56.808  -15.065 0.1000000015
5726  -31.400  -63.484  -12.816 0.1000000015
5087  -31.440  -64.361  -13.349 0.1000000015
9805  -31.828  -57.405  -15.515 0.1000000015
9804  -30.675  -57.637  -15.444 0.1000000015
9803  -29.678  -57.863  -15.336 0.1000000015
8410  -28.537  -59.397  -15.900 0.1000000015
9115  -28.299  -58.801  -15.241 0.1000000015
7762  -27.277  -60.133  -15.939 0.1000000015
5106  -30.811  -64.696  -14.482 0.1000000015
5129  -32.088  -64.933  -15.740 0.1000000015
9116  -29.229  -58.648  -15.647 0.1000000015
7776  -27.252  -60.483  -16.730 0.1000000015
7124  -26.831  -60.957  -16.280 0.1000000015
6458  -27.320  -62.315  -15.911 0.1000000015
5784  -27.748  -62.955  -15.858 0.1000000015
8421  -28.752  -59.634  -16.893 0.1000000015
7125  -27.037  -61.414  -16.867 0.1000000015
5797  -29.259  -63.529  -16.663 0.1000000015
5798  -30.499  -63.772  -16.628 0.1000000015
6468  -27.616  -62.186  -17.143 0.1000000015
6469  -28.001  -62.816  -16.633 0.1000000015
5145  -31.290  -64.064  -16.615 0.1000000015
5147  -32.302  -64.860  -16.422 0.1000000015
7091  -33.351  -61.591  -12.778 0.1000000015
6434  -34.862  -62.134  -12.070 0.1000000015
7093  -35.290  -61.143  -12.068 0.2000000030
6435  -35.384  -61.743  -11.695 0.2000000030
11957  -32.190  -54.135  -15.120 0.1000000015
10510  -32.114  -55.966  -15.036 0.1000000015
6430  -30.794  -62.700  -12.896 0.1000000015
5752  -30.573  -63.546  -13.116 0.1000000015
9788  -29.977  -57.113  -14.847 0.1000000015
9802  -29.112  -58.044  -15.238 0.1000000015
9099  -28.714  -58.227  -15.120 0.1000000015
5086  -30.323  -64.281  -13.753 0.1000000015
9114  -27.643  -58.762  -14.829 0.1000000015
8409  -27.545  -59.503  -15.371 0.1000000015
7110  -26.665  -61.024  -15.654 0.1000000015
6451  -27.208  -62.505  -14.617 0.1000000015
5771  -28.499  -63.520  -15.018 0.1000000015
5772  -29.121  -63.927  -14.552 0.1000000015
5786  -29.495  -64.017  -15.574 0.1000000015
5128  -31.194  -64.444  -15.751 0.1000000015
8352  -32.219  -59.543  -11.814 0.1000000015
8353  -33.176  -59.482  -11.721 0.1000000015
8366  -31.939  -60.152  -12.467 0.1000000015
8367  -32.948  -60.123  -12.339 0.1000000015
7727  -33.688  -60.732  -12.689 0.2000000030
7728  -34.608  -60.559  -12.399 0.2000000030
7725  -31.616  -60.824  -13.037 0.1000000015
7724  -30.535  -60.875  -12.956 0.1000000015
7088  -30.177  -61.737  -13.005 0.1000000015
11225  -31.564  -55.045  -14.645 0.1000000015
11224  -30.664  -55.441  -14.197 0.1000000015
11223  -29.803  -55.742  -13.827 0.1000000015
10494  -29.156  -56.012  -13.593 0.1000000015
7089  -31.228  -61.723  -13.006 0.1000000015
6429  -29.973  -62.393  -13.112 0.1000000015
12780  -32.569  -53.183  -15.340 0.1000000015
12770  -31.851  -53.074  -14.811 0.1000000015
10508  -30.332  -56.285  -14.450 0.1000000015
9098  -28.086  -58.146  -14.708 0.1000000015
9097  -27.240  -58.323  -14.112 0.1000000015
8396  -26.684  -59.356  -14.064 0.1000000015
7736  -26.929  -60.336  -12.966 0.1000000015
7097  -28.135  -62.307  -13.232 0.1000000015
7098  -28.849  -62.497  -13.323 0.1000000015
5751  -29.525  -63.780  -13.767 0.1000000015
11975  -32.956  -53.919  -15.472 0.1000000015
8408  -26.870  -59.679  -14.793 0.1000000015
7095  -26.488  -60.933  -14.001 0.1000000015
6442  -27.763  -62.824  -13.806 0.1000000015
5750  -28.546  -63.415  -14.170 0.1000000015
13550  -33.769  -52.477  -16.053 0.1000000015
13551  -34.704  -52.645  -16.323 0.1000000015
14324  -34.292  -51.526  -16.254 0.1000000015
9055  -31.515  -58.862  -11.332 0.1000000015
9745  -30.827  -58.121  -10.941 0.1000000015
9054  -30.525  -58.870  -11.400 0.1000000015
9057  -33.377  -58.895  -10.999 0.1000000015
8368  -33.895  -59.997  -12.226 0.1000000015
8369  -34.680  -59.915  -11.928 0.2000000030
9053  -29.547  -58.893  -11.423 0.1000000015
8350  -30.213  -59.549  -11.914 0.1000000015
8351  -31.218  -59.588  -11.853 0.1000000015
7729  -35.215  -60.298  -11.804 0.2000000030
9743  -28.907  -58.227  -11.057 0.1000000015
15120  -32.437  -50.621  -14.853 0.1000000015
13539  -32.321  -52.290  -14.994 0.1000000015
13538  -31.777  -52.223  -14.411 0.1000000015
12769  -31.404  -52.856  -14.218 0.1000000015
11956  -31.326  -53.825  -14.292 0.1000000015
11209  -30.838  -54.630  -14.065 0.1000000015
11208  -30.172  -54.901  -13.538 0.1000000015
9742  -28.093  -58.153  -11.327 0.1000000015
9052  -28.627  -58.880  -11.521 0.1000000015
8364  -29.864  -60.204  -12.408 0.1000000015
10493  -28.332  -56.465  -13.368 0.1000000015
10492  -27.768  -56.982  -13.171 0.1000000015
9773  -27.453  -57.600  -13.371 0.1000000015
7722  -28.361  -60.929  -12.652 0.1000000015
15999  -32.720  -49.962  -15.180 0.1000000015
10506  -28.596  -56.975  -14.070 0.1000000015
9786  -27.929  -57.430  -14.007 0.1000000015
9082  -26.978  -58.657  -13.234 0.1000000015
8383  -27.021  -59.431  -12.812 0.1000000015
8362  -27.710  -59.872  -12.426 0.1000000015
7086  -27.826  -61.602  -12.898 0.1000000015
7087  -29.037  -61.868  -13.136 0.1000000015
14322  -32.710  -51.480  -15.188 0.1000000015
13549  -33.018  -52.376  -15.504 0.1000000015
15137  -33.049  -50.660  -15.392 0.1000000015
14323  -33.431  -51.519  -15.701 0.1000000015
15138  -33.736  -50.595  -15.889 0.1000000015
14339  -35.008  -51.102  -16.428 0.1000000015
14340  -35.771  -51.262  -16.543 0.1000000015
9056  -32.477  -58.871  -11.201 0.1000000015
9744  -29.842  -58.195  -10.953 0.1000000015
9724  -30.123  -57.411  -10.565 0.1000000015
9746  -31.818  -58.081  -10.887 0.1000000015
8354  -34.052  -59.470  -11.516 0.1000000015
9723  -29.165  -57.506  -10.668 0.1000000015
10439  -29.375  -56.719  -10.247 0.1000000015
9748  -33.584  -58.081  -10.840 0.1000000015
8355  -34.802  -59.549  -11.272 0.1000000015
10437  -27.927  -57.055  -10.886 0.1000000015
9722  -28.366  -57.551  -10.919 0.1000000015
14309  -32.131  -51.437  -14.582 0.1000000015
12759  -30.871  -53.008  -13.687 0.1000000015
11945  -30.569  -53.977  -13.531 0.1000000015
10462  -27.647  -56.857  -11.412 0.1000000015
9051  -27.823  -58.848  -11.830 0.1000000015
9059  -35.125  -59.049  -10.830 0.1000000015
14308  -31.607  -51.514  -14.116 0.1000000015
11207  -29.127  -55.212  -13.142 0.1000000015
11206  -28.351  -55.659  -12.777 0.1000000015
10477  -27.559  -56.786  -12.473 0.1000000015
9762  -27.294  -57.922  -12.644 0.1000000015
9067  -27.293  -58.754  -12.427 0.1000000015
16000  -33.282  -49.789  -15.569 0.1000000015
16001  -33.948  -49.634  -16.078 0.1000000015
16825  -34.214  -48.633  -16.173 0.1000000015
15139  -34.488  -50.448  -16.302 0.1000000015
16021  -34.779  -49.480  -16.406 0.1000000015
16022  -35.715  -49.441  -16.589 0.1000000015
11153  -29.662  -55.915  -9.850 0.1000000015
10440  -30.409  -56.604  -10.144 0.1000000015
11141  -29.165  -55.272  -9.740 0.1000000015
10441  -31.469  -56.446  -10.106 0.1000000015
9747  -32.768  -58.077  -10.816 0.1000000015
11152  -28.558  -55.858  -10.202 0.1000000015
9726  -32.159  -57.247  -10.534 0.1000000015
11192  -27.933  -55.555  -12.072 0.1000000015
11151  -27.894  -56.422  -10.786 0.1000000015
9727  -33.165  -57.229  -10.708 0.1000000015
15979  -31.786  -49.411  -14.270 0.1000000015
15119  -31.692  -50.473  -14.175 0.1000000015
14288  -31.117  -51.266  -13.622 0.1000000015
13528  -31.242  -52.156  -13.851 0.1000000015
12758  -30.225  -53.179  -12.998 0.1000000015
11943  -29.283  -54.619  -12.861 0.1000000015
11193  -28.559  -55.092  -12.515 0.1000000015
11176  -27.723  -56.283  -11.201 0.1000000015
9058  -34.305  -58.759  -10.855 0.1000000015
15980  -32.265  -49.708  -14.706 0.1000000015
11944  -29.676  -54.202  -12.935 0.1000000015
9045  -35.875  -58.647  -10.558 0.1000000015
16823  -32.728  -49.035  -15.236 0.1000000015
17710  -33.107  -48.214  -15.421 0.1000000015
16824  -33.463  -48.861  -15.750 0.1000000015
17712  -34.489  -47.613  -16.138 0.1000000015
18656  -34.903  -46.624  -16.173 0.1000000015
17729  -35.139  -47.441  -16.402 0.1000000015
18658  -36.634  -46.430  -16.538 0.1000000015
11880  -30.117  -54.291  -9.251 0.1000000015
11142  -29.947  -55.130  -9.539 0.1000000015
11154  -30.696  -55.753  -9.716 0.1000000015
11879  -29.280  -54.562  -9.586 0.1000000015
11155  -31.797  -55.312  -9.700 0.1000000015
11878  -28.657  -54.845  -9.952 0.1000000015
12678  -29.253  -53.585  -9.599 0.1000000015
10442  -32.542  -56.296  -10.324 0.1000000015
11914  -28.241  -54.846  -11.248 0.1000000015
12699  -28.648  -54.147  -10.479 0.1000000015
17694  -31.899  -47.798  -14.457 0.1000000015
11932  -29.386  -53.952  -12.432 0.1000000015
12742  -28.854  -54.279  -11.953 0.1000000015
12723  -28.999  -53.428  -11.094 0.1000000015
10443  -33.662  -56.334  -10.483 0.1000000015
9728  -34.281  -57.519  -10.635 0.1000000015
17695  -32.565  -47.977  -14.970 0.1000000015
16808  -31.564  -48.628  -14.068 0.1000000015
15959  -31.335  -49.489  -13.708 0.1000000015
13527  -30.560  -52.053  -13.142 0.1000000015
12744  -29.631  -53.371  -12.398 0.1000000015
19630  -33.679  -45.707  -15.421 0.1000000015
18643  -33.198  -46.429  -15.300 0.1000000015
20622  -34.698  -44.731  -15.586 0.1000000015
19631  -34.440  -45.767  -15.697 0.1000000015
19632  -35.293  -45.618  -15.983 0.1000000015
19633  -36.190  -45.516  -16.318 0.1000000015
20623  -35.732  -44.715  -15.947 0.1000000015
14226  -29.522  -51.851  -10.151 0.1000000015
13461  -29.225  -52.692  -9.992 0.1000000015
11144  -31.436  -54.746  -9.401 0.1000000015
15036  -29.718  -51.087  -10.517 0.1000000015
11894  -31.728  -54.596  -9.487 0.1000000015
14266  -30.131  -51.324  -12.212 0.1000000015
14265  -29.714  -51.978  -11.895 0.1000000015
13507  -29.450  -52.718  -11.664 0.1000000015
12700  -28.995  -53.260  -10.358 0.1000000015
17678  -31.329  -47.711  -13.794 0.1000000015
15097  -30.976  -50.344  -13.399 0.1000000015
13508  -29.923  -52.428  -12.404 0.1000000015
11156  -32.977  -55.250  -10.323 0.1000000015
18642  -32.441  -46.741  -14.753 0.1000000015
9729  -35.413  -57.499  -10.393 0.1000000015
19614  -32.926  -45.637  -15.086 0.1000000015
20601  -33.592  -44.551  -15.068 0.1000000015
20602  -34.323  -44.151  -15.374 0.1000000015
21564  -34.766  -43.944  -15.449 0.1000000015
21565  -35.390  -43.997  -15.606 0.1000000015
21548  -35.124  -43.467  -15.315 0.1000000015
22473  -36.221  -42.606  -15.212 0.1000000015
21566  -36.214  -43.890  -15.852 0.1000000015
12679  -30.343  -53.307  -9.084 0.1000000015
11881  -31.267  -54.099  -9.228 0.1000000015
11882  -31.917  -53.520  -9.252 0.1000000015
12701  -32.427  -53.412  -9.390 0.1000000015
18625  -31.275  -46.556  -13.330 0.1000000015
15096  -30.518  -50.330  -12.633 0.1000000015
15076  -30.171  -50.316  -11.837 0.1000000015
14245  -29.638  -51.535  -11.182 0.1000000015
19613  -32.341  -45.570  -14.506 0.1000000015
18626  -31.829  -46.240  -14.185 0.1000000015
18641  -31.670  -46.993  -14.177 0.1000000015
16789  -31.052  -48.609  -13.412 0.1000000015
15958  -30.771  -49.477  -13.052 0.1000000015
14287  -30.606  -51.056  -13.043 0.1000000015
20578  -33.279  -44.003  -14.426 0.1000000015
21546  -33.636  -43.467  -14.598 0.1000000015
22471  -34.130  -42.518  -14.434 0.1000000015
21547  -34.353  -43.474  -15.135 0.1000000015
23401  -34.998  -41.610  -14.355 0.1000000015
22472  -35.280  -42.669  -14.936 0.1000000015
23402  -36.244  -41.655  -14.881 0.1000000015
15017  -29.916  -51.164  -9.848 0.1000000015
14211  -30.428  -51.588  -9.326 0.1000000015
13442  -30.661  -52.356  -9.090 0.1000000015
12680  -31.300  -53.034  -8.972 0.1000000015
13443  -31.397  -51.986  -8.944 0.1000000015
14246  -29.974  -50.927  -11.542 0.1000000015
20577  -32.594  -44.475  -14.113 0.1000000015
22470  -33.504  -42.935  -14.209 0.1000000015
23388  -34.246  -41.400  -13.732 0.1000000015
24323  -35.798  -40.857  -14.298 0.1000000015
24313  -36.861  -39.935  -14.216 0.1000000015
14210  -29.879  -51.751  -9.663 0.1000000015
13430  -31.010  -51.646  -9.046 0.1000000015
15056  -29.932  -50.536  -10.971 0.1000000015
20576  -31.845  -44.767  -13.394 0.1000000015
19591  -31.531  -45.434  -13.084 0.1000000015
17677  -30.781  -47.729  -13.096 0.1000000015
16788  -30.623  -48.646  -12.693 0.1000000015
15921  -30.124  -49.336  -11.402 0.1000000015
22455  -33.326  -42.464  -13.514 0.1000000015
22456  -33.985  -42.043  -13.984 0.1000000015
24311  -35.150  -40.466  -13.670 0.1000000015
25273  -35.914  -39.426  -13.532 0.1000000015
24312  -36.296  -40.089  -14.028 0.1000000015
25274  -37.045  -39.342  -13.944 0.1000000015
15884  -30.499  -49.419  -9.799 0.1000000015
16748  -30.344  -48.410  -11.549 0.1000000015
16728  -30.202  -48.444  -10.815 0.1000000015
15905  -30.158  -49.558  -10.339 0.1000000015
20554  -32.130  -44.130  -13.268 0.1000000015
18608  -30.891  -46.551  -12.538 0.1000000015
18624  -30.704  -47.097  -12.680 0.1000000015
17659  -30.556  -47.883  -12.203 0.1000000015
21528  -32.653  -43.490  -13.480 0.1000000015
25272  -34.802  -39.365  -12.885 0.1000000015
26188  -35.734  -38.769  -13.048 0.1000000015
27222  -35.988  -37.877  -12.391 0.1000000015
26189  -36.561  -38.648  -13.342 0.1000000015
18590  -30.568  -46.789  -11.237 0.1000000015
19568  -31.161  -45.883  -12.417 0.1000000015
19567  -30.873  -46.395  -12.180 0.1000000015
19546  -30.810  -46.244  -11.773 0.1000000015
22441  -33.088  -41.957  -12.803 0.1000000015
24310  -33.939  -40.379  -12.953 0.1000000015
26174  -35.318  -38.353  -12.440 0.1000000015
27207  -35.842  -37.469  -11.758 0.1000000015
22440  -32.418  -42.515  -12.332 0.1000000015
23387  -33.485  -41.403  -13.024 0.1000000015
24297  -33.689  -39.846  -12.479 0.1000000015
25271  -34.056  -39.675  -12.630 0.1000000015
25261  -34.611  -38.825  -12.412 0.1000000015
26161  -34.916  -37.953  -11.875 0.1000000015
27185  -35.571  -37.085  -10.750 0.1000000015
27206  -34.858  -37.544  -11.215 0.1000000015
23372  -32.976  -41.381  -12.453 0.1000000015
25260  -33.831  -39.158  -12.091 0.1000000015
26173  -34.561  -38.488  -12.096 0.1000000015
27205  -34.142  -37.677  -10.882 0.1000000015
4474  -32.187  -65.505  -13.678 0.1000000015
3892  -32.099  -65.871  -13.943 0.1000000015
4483  -32.233  -65.462  -14.501 0.1000000015
5070  -32.017  -63.908  -12.819 0.1000000015
5107  -31.843  -65.117  -14.604 0.1000000015
7138  -27.309  -61.626  -17.734 0.1000000015
6502  -29.374  -63.206  -18.743 0.1000000015
5810  -28.947  -63.351  -17.246 0.1000000015
6485  -29.242  -63.239  -18.402 0.1000000015
6433  -33.927  -62.356  -12.486 0.1000000015
7775  -26.982  -60.589  -15.962 0.1000000015
8420  -27.857  -59.832  -16.394 0.1000000015
6457  -26.802  -61.628  -15.469 0.1000000015
6450  -26.791  -62.001  -15.034 0.1000000015
5770  -27.745  -63.062  -15.328 0.1000000015
5785  -28.359  -63.308  -16.016 0.1000000015
5787  -30.393  -64.240  -15.836 0.1000000015
7726  -32.672  -60.815  -12.844 0.1000000015
7092  -34.392  -61.441  -12.652 0.2000000030
5085  -29.853  -64.240  -13.915 0.1000000015
9787  -28.900  -57.517  -14.713 0.1000000015
8397  -27.134  -59.086  -14.673 0.1000000015
7748  -26.571  -60.310  -14.412 0.1000000015
7096  -26.951  -61.633  -13.477 0.1000000015
5105  -29.860  -64.363  -14.418 0.1000000015
8365  -30.901  -60.187  -12.480 0.1000000015
10507  -29.280  -56.550  -14.159 0.1000000015
6444  -29.565  -62.842  -13.328 0.1000000015
9096  -26.835  -58.819  -13.754 0.1000000015
8382  -26.783  -59.538  -13.368 0.1000000015
7735  -26.618  -60.360  -13.665 0.1000000015
7085  -27.327  -61.471  -12.943 0.1000000015
6443  -28.696  -63.000  -13.523 0.1000000015
12782  -34.175  -53.492  -16.183 0.1000000015
9725  -31.138  -57.326  -10.510 0.1000000015
8349  -29.237  -59.531  -11.913 0.1000000015
8356  -35.541  -59.729  -11.060 0.2000000030
9721  -27.833  -57.488  -11.237 0.1000000015
8363  -28.829  -60.146  -12.368 0.1000000015
7723  -29.462  -60.933  -12.803 0.1000000015
10478  -27.950  -56.072  -12.714 0.1000000015
9741  -27.497  -57.821  -11.848 0.1000000015
9044  -35.002  -58.335  -10.550 0.1000000015
17730  -35.768  -47.639  -16.501 0.1000000015
11177  -27.865  -55.685  -11.036 0.1000000015
18655  -33.960  -46.768  -15.640 0.1000000015
12743  -29.154  -53.769  -11.921 0.1000000015
13485  -29.274  -52.572  -10.731 0.1000000015
22485  -35.835  -43.314  -15.362 0.1000000015
23415  -37.018  -42.230  -15.432 0.1000000015
16769  -30.390  -48.744  -12.024 0.1000000015
15825  -36.895  -49.019  -4.628 0.5000000000
12622  -36.061  -52.874  -5.745 0.5000000000
13401  -35.945  -52.603  -5.150 0.5000000000
15840  -36.663  -49.378  -5.226 0.5000000000
15826  -37.343  -49.428  -4.670 0.5000000000
14959  -37.699  -49.900  -4.327 0.5000000000
15839  -35.496  -49.211  -5.182 0.5000000000
13402  -36.631  -52.629  -5.173 0.5000000000
15851  -35.829  -49.835  -6.279 0.5000000000
15852  -36.997  -50.029  -6.059 0.5000000000
15853  -37.520  -50.234  -5.973 0.4000000060
11837  -37.735  -54.264  -7.199 0.5000000000
11838  -38.603  -54.286  -7.240 0.5000000000
11856  -39.362  -54.380  -7.991 0.5000000000
11839  -39.187  -54.180  -7.418 0.5000000000
12664  -39.814  -53.646  -8.278 0.4000000060
12684  -39.653  -53.532  -9.398 0.4000000060
13376  -33.728  -52.315  -3.064 0.1000000015
12621  -35.078  -52.718  -5.249 0.5000000000
16670  -36.226  -48.973  -4.766 0.5000000000
16654  -36.542  -48.689  -4.303 0.5000000000
15809  -37.376  -49.255  -3.943 0.5000000000
14946  -37.809  -50.481  -4.218 0.4000000060
15838  -34.618  -48.993  -5.348 0.5000000000
15849  -34.332  -48.910  -5.683 0.5000000000
16677  -33.420  -48.289  -5.812 0.5000000000
16678  -34.039  -48.630  -6.178 0.5000000000
15850  -34.704  -49.332  -5.987 0.5000000000
17580  -34.012  -48.183  -6.618 0.4000000060
16679  -34.426  -49.050  -6.654 0.3000000119
14978  -35.997  -50.162  -6.993 0.4000000060
14980  -37.700  -50.483  -6.609 0.4000000060
15859  -34.918  -49.554  -6.776 0.3000000119
14970  -38.380  -50.633  -5.740 0.6999999881
14172  -38.645  -50.948  -5.201 0.5000000000
16685  -34.235  -48.527  -6.807 0.3000000119
16686  -34.709  -48.833  -7.345 0.3000000119
15860  -35.543  -49.744  -7.428 0.3000000119
14979  -36.619  -50.273  -6.889 0.4000000060
14969  -37.807  -50.335  -5.914 0.5000000000
14971  -39.192  -51.123  -6.259 0.6000000238
14164  -38.940  -51.727  -5.277 0.6000000238
13392  -38.014  -52.075  -4.889 0.6000000238
12623  -37.010  -53.032  -5.887 0.5000000000
11836  -36.730  -54.098  -7.234 0.3000000119
14989  -36.230  -50.261  -7.457 0.3000000119
14991  -38.378  -50.872  -7.676 0.4000000060
13394  -39.218  -51.950  -5.429 0.6000000238
13405  -39.528  -52.490  -5.922 0.6000000238
12624  -37.948  -53.001  -6.082 0.5000000000
12640  -38.344  -53.655  -6.605 0.5000000000
14990  -36.999  -50.629  -7.964 0.4000000060
14981  -38.829  -50.811  -6.767 0.5000000000
14180  -39.823  -51.503  -6.360 0.5000000000
13413  -39.946  -53.024  -6.498 0.5000000000
12641  -39.356  -53.535  -6.681 0.5000000000
15003  -37.266  -50.164  -9.098 0.4000000060
15004  -38.148  -50.671  -8.779 0.4000000060
15005  -39.261  -51.047  -8.476 0.5000000000
14189  -40.273  -51.529  -7.027 0.5000000000
13414  -40.417  -52.596  -6.825 0.4000000060
15006  -40.093  -51.273  -8.117 0.5000000000
14190  -40.817  -51.961  -7.424 0.5000000000
13422  -41.104  -52.488  -7.965 0.4000000060
12653  -39.736  -53.706  -7.448 0.4000000060
14216  -41.361  -51.421  -8.941 0.5000000000
13423  -41.458  -52.150  -8.274 0.4000000060
12665  -40.553  -53.006  -8.663 0.4000000060
14204  -41.492  -51.876  -8.551 0.3000000119
13432  -41.534  -52.182  -8.671 0.4000000060
13447  -40.973  -52.671  -9.476 0.3000000119
13446  -40.315  -52.963  -9.742 0.3000000119
13353  -33.620  -52.762  -1.574 0.1000000015
13363  -33.448  -52.559  -2.058 0.1000000015
13354  -34.097  -52.463  -1.324 0.1000000015
13365  -35.026  -51.584  -2.789 0.4000000060
13377  -34.610  -51.879  -3.263 0.4000000060
13389  -34.989  -52.166  -3.981 0.4000000060
12610  -35.111  -52.419  -4.529 0.5000000000
13390  -35.951  -52.363  -4.438 0.5000000000
16635  -36.879  -48.689  -3.717 0.5000000000
16655  -37.102  -48.896  -4.276 0.5000000000
13379  -36.793  -51.797  -3.918 0.5000000000
16669  -34.550  -48.818  -5.007 0.5000000000
15823  -35.020  -48.937  -4.866 0.5000000000
16653  -35.577  -48.673  -4.466 0.5000000000
16667  -32.966  -48.256  -5.130 0.5000000000
16668  -34.029  -48.670  -5.294 0.5000000000
13380  -37.507  -51.792  -4.392 0.6000000238
17572  -33.567  -47.764  -6.381 0.4000000060
17573  -33.892  -47.280  -6.647 0.2000000030
18515  -34.265  -46.802  -6.843 0.2000000030
17581  -34.280  -47.778  -7.054 0.3000000119
16687  -35.397  -48.806  -8.097 0.3000000119
15870  -35.799  -49.503  -8.273 0.4000000060
18525  -34.942  -46.956  -7.452 0.3000000119
17587  -35.693  -47.979  -8.562 0.3000000119
18526  -35.887  -46.944  -8.222 0.3000000119
17588  -36.297  -48.064  -8.983 0.4000000060
16696  -36.472  -48.829  -9.301 0.4000000060
17601  -36.884  -48.063  -9.370 0.3000000119
15888  -36.940  -49.489  -9.473 0.4000000060
15024  -39.104  -50.757  -9.564 0.4000000060
16711  -37.052  -48.736  -9.782 0.3000000119
15041  -38.289  -49.963  -10.285 0.3000000119
15043  -40.083  -50.546  -10.280 0.3000000119
15025  -40.468  -51.094  -9.178 0.4000000060
14230  -41.946  -51.135  -9.695 0.3000000119
14217  -41.876  -51.792  -9.340 0.4000000060
13448  -41.571  -52.298  -9.290 0.3000000119
15062  -41.986  -50.474  -11.116 0.2000000030
15045  -42.371  -50.834  -10.474 0.2000000030
14231  -42.464  -51.416  -10.301 0.3000000119
13467  -41.817  -52.266  -10.315 0.3000000119
15081  -42.338  -50.264  -12.089 0.1000000015
13493  -42.650  -51.452  -11.510 0.2000000030
15984  -44.419  -48.934  -15.468 0.1000000015
14124  -34.792  -51.554  -1.825 0.1000000015
13364  -34.280  -51.839  -2.380 0.1000000015
14134  -34.947  -51.545  -2.372 0.2000000030
13378  -35.682  -51.635  -3.407 0.4000000060
16634  -36.045  -48.187  -3.366 0.5000000000
15797  -36.967  -49.195  -3.318 0.4000000060
14944  -36.544  -50.256  -3.067 0.4000000060
14150  -36.448  -50.961  -3.329 0.5000000000
16652  -34.561  -48.668  -4.487 0.5000000000
16633  -35.091  -48.236  -3.674 0.5000000000
17562  -32.586  -47.657  -5.331 0.4000000060
16651  -33.581  -48.544  -4.459 0.5000000000
18498  -32.652  -46.828  -5.555 0.4000000060
17571  -32.931  -47.729  -5.795 0.5000000000
18513  -33.084  -47.273  -6.076 0.4000000060
19432  -33.080  -45.727  -5.515 0.3000000119
18499  -33.181  -46.321  -5.847 0.3000000119
19453  -34.322  -45.856  -6.383 0.3000000119
20451  -34.902  -45.313  -6.394 0.1000000015
19467  -35.549  -46.220  -7.358 0.3000000119
19455  -36.038  -45.546  -6.949 0.1000000015
19468  -36.443  -45.948  -7.687 0.3000000119
18536  -36.835  -47.230  -8.962 0.3000000119
18527  -36.947  -46.284  -8.394 0.2000000030
18552  -37.655  -47.188  -9.468 0.2000000030
16712  -37.641  -48.682  -10.235 0.2000000030
15910  -38.746  -49.222  -10.990 0.2000000030
17603  -38.088  -47.442  -9.970 0.2000000030
16752  -39.191  -48.728  -11.307 0.2000000030
15060  -39.745  -49.983  -11.014 0.2000000030
17625  -38.675  -47.486  -10.631 0.2000000030
16753  -39.914  -48.687  -11.756 0.1000000015
15080  -41.630  -50.108  -11.742 0.2000000030
17647  -40.712  -47.437  -12.071 0.1000000015
16773  -40.929  -48.724  -12.253 0.1000000015
15082  -42.974  -50.512  -12.605 0.1000000015
17664  -41.485  -47.796  -12.514 0.1000000015
16794  -42.985  -48.677  -13.670 0.1000000015
15943  -43.222  -50.058  -13.434 0.1000000015
15965  -43.644  -49.469  -14.373 0.1000000015
17699  -44.850  -48.065  -15.600 0.1000000015
18646  -44.054  -47.086  -15.372 0.1000000015
14916  -35.621  -50.093  -1.119 0.3000000119
14135  -35.603  -51.040  -2.546 0.3000000119
15783  -35.939  -49.170  -2.100 0.3000000119
14917  -35.792  -49.787  -1.805 0.3000000119
14136  -36.185  -50.566  -2.858 0.5000000000
14149  -35.900  -51.193  -3.104 0.5000000000
17527  -35.835  -47.559  -2.821 0.4000000060
16618  -36.003  -48.358  -2.505 0.5000000000
15796  -36.473  -49.135  -2.721 0.4000000060
14930  -36.682  -49.709  -3.050 0.4000000060
17523  -32.572  -48.113  -3.553 0.4000000060
17524  -33.571  -48.031  -3.222 0.4000000060
19395  -31.223  -45.989  -3.348 0.4000000060
18477  -31.511  -46.512  -3.931 0.4000000060
17544  -32.230  -47.634  -4.618 0.4000000060
16630  -32.840  -48.318  -3.878 0.5000000000
19410  -31.811  -45.749  -4.386 0.4000000060
18478  -31.956  -46.614  -4.691 0.4000000060
19409  -31.502  -45.695  -3.847 0.4000000060
20392  -31.549  -45.007  -3.358 0.3000000119
19431  -32.375  -45.789  -4.991 0.3000000119
20424  -33.315  -44.630  -5.285 0.3000000119
20426  -35.889  -44.347  -5.916 0.1000000015
20452  -35.515  -45.055  -6.434 0.1000000015
19456  -36.957  -45.337  -7.112 0.1000000015
19469  -37.446  -45.685  -7.804 0.1000000015
18528  -37.536  -45.995  -8.361 0.2000000030
19457  -37.797  -45.180  -7.178 0.1000000015
19470  -38.455  -45.267  -7.673 0.1000000015
18537  -37.803  -46.352  -8.894 0.2000000030
19479  -37.981  -45.826  -8.243 0.2000000030
18538  -38.440  -46.110  -9.201 0.2000000030
18576  -38.817  -46.811  -10.445 0.1000000015
18577  -39.499  -46.523  -10.650 0.1000000015
18595  -40.451  -46.860  -11.551 0.1000000015
17665  -42.706  -47.831  -13.365 0.1000000015
18613  -42.146  -46.935  -12.758 0.1000000015
18614  -43.247  -47.041  -13.535 0.1000000015
18631  -44.007  -47.164  -14.361 0.1000000015
18632  -44.690  -46.692  -14.639 0.1000000015
19618  -45.147  -45.889  -15.166 0.1000000015
20605  -45.083  -45.086  -14.775 0.1000000015
20582  -44.094  -44.904  -14.269 0.1000000015
21516  -44.857  -43.991  -12.786 0.1000000015
14908  -36.110  -50.122  -0.202 0.3000000119
14115  -35.400  -50.991  -0.480 0.2000000030
16596  -35.863  -48.737  -0.931 0.3000000119
16608  -35.835  -48.563  -1.480 0.4000000060
17489  -35.942  -47.428  -1.662 0.3000000119
17505  -33.015  -47.798  -2.558 0.3000000119
17507  -35.002  -46.869  -2.604 0.4000000060
17488  -36.021  -46.621  -2.064 0.3000000119
18441  -31.064  -46.934  -1.959 0.3000000119
17504  -31.850  -47.702  -2.525 0.3000000119
18417  -34.698  -46.502  -1.849 0.4000000060
18442  -35.249  -46.408  -2.142 0.4000000060
18418  -35.508  -46.601  -1.594 0.3000000119
20368  -31.343  -44.689  -2.183 0.3000000119
19374  -30.919  -45.866  -2.365 0.3000000119
20369  -32.005  -43.958  -2.707 0.3000000119
20393  -32.103  -44.245  -3.608 0.3000000119
21356  -32.580  -43.775  -3.414 0.3000000119
20409  -32.888  -44.150  -4.781 0.3000000119
21392  -33.384  -43.857  -4.811 0.3000000119
21393  -34.188  -43.828  -5.101 0.2000000030
21394  -35.326  -43.825  -5.191 0.1000000015
21395  -36.449  -43.655  -5.279 0.1000000015
21378  -37.030  -43.080  -4.606 0.1000000015
20427  -36.958  -44.105  -6.045 0.1000000015
20428  -37.990  -43.894  -6.231 0.1000000015
20454  -37.454  -44.652  -6.686 0.1000000015
20455  -38.508  -44.564  -6.975 0.1000000015
19480  -38.601  -45.676  -8.629 0.2000000030
19472  -39.892  -45.039  -8.385 0.2000000030
19481  -39.467  -45.437  -8.838 0.2000000030
19528  -40.362  -45.836  -10.337 0.1000000015
19482  -40.348  -45.221  -8.880 0.1000000015
19529  -41.218  -45.715  -10.521 0.1000000015
18596  -41.511  -46.373  -11.741 0.1000000015
18579  -41.410  -45.940  -11.105 0.1000000015
19552  -42.572  -46.207  -12.425 0.1000000015
19574  -43.510  -46.531  -13.076 0.1000000015
19575  -44.605  -46.320  -13.564 0.1000000015
19619  -45.654  -45.387  -14.555 0.1000000015
19600  -45.987  -45.374  -13.919 0.1000000015
20606  -45.794  -44.761  -14.413 0.1000000015
19620  -46.299  -44.919  -14.208 0.1000000015
20583  -45.010  -44.293  -14.073 0.1000000015
20584  -46.013  -44.259  -14.010 0.1000000015
21517  -45.794  -43.654  -12.704 0.1000000015
21531  -45.555  -44.010  -13.455 0.1000000015
21476  -45.171  -43.417  -10.999 0.1000000015
14895  -36.638  -50.379  0.304 0.2000000030
14096  -36.104  -51.182  0.341 0.2000000030
14896  -37.345  -50.019  0.278 0.2000000030
15770  -36.569  -49.241  -0.102 0.3000000119
16583  -37.383  -48.504  0.503 0.2000000030
16597  -36.208  -48.411  -0.561 0.3000000119
17487  -34.202  -46.834  -2.246 0.3000000119
18419  -35.669  -47.085  -0.940 0.3000000119
18415  -30.754  -47.177  -1.281 0.3000000119
17485  -32.606  -47.975  -1.545 0.3000000119
17486  -33.633  -47.348  -1.831 0.3000000119
18389  -34.158  -46.947  -1.301 0.3000000119
18390  -34.812  -46.694  -1.047 0.3000000119
19355  -30.893  -45.187  -1.561 0.3000000119
19354  -30.568  -45.994  -1.305 0.3000000119
17466  -34.297  -47.097  -0.645 0.3000000119
18391  -35.281  -46.912  -0.733 0.2000000030
18392  -35.572  -47.198  -0.346 0.2000000030
20344  -31.291  -44.367  -1.169 0.2000000030
20345  -31.764  -43.953  -1.810 0.3000000119
21335  -32.742  -43.468  -2.687 0.3000000119
21357  -33.427  -43.340  -3.250 0.3000000119
21375  -33.877  -43.560  -4.212 0.3000000119
21358  -34.414  -43.012  -3.584 0.2000000030
21359  -35.382  -42.811  -3.765 0.2000000030
21360  -36.031  -42.833  -3.814 0.1000000015
21379  -38.098  -42.884  -4.500 0.1000000015
21362  -39.424  -43.449  -3.511 0.1000000015
21339  -40.229  -44.015  -2.223 0.1000000015
21380  -39.134  -43.363  -4.501 0.1000000015
21381  -40.212  -43.873  -4.210 0.1000000015
20394  -40.882  -44.415  -3.147 0.1000000015
20348  -41.971  -44.657  -1.387 0.1000000015
21314  -43.709  -43.934  -0.906 0.1000000015
20429  -38.992  -43.814  -6.270 0.1000000015
21398  -39.635  -43.656  -5.454 0.1000000015
21382  -40.916  -44.219  -4.628 0.1000000015
20372  -42.452  -45.326  -2.273 0.1000000015
20373  -43.348  -45.558  -2.151 0.1000000015
20456  -39.589  -44.241  -6.801 0.1000000015
20469  -39.085  -44.726  -7.484 0.1000000015
20480  -40.308  -44.947  -8.311 0.2000000030
19483  -41.347  -45.319  -8.921 0.1000000015
19503  -41.841  -45.507  -9.853 0.1000000015
19504  -43.005  -45.411  -9.986 0.1000000015
19530  -42.318  -45.697  -11.162 0.1000000015
19553  -43.536  -45.863  -12.342 0.1000000015
19576  -45.483  -45.762  -13.283 0.1000000015
19601  -46.629  -44.808  -13.480 0.1000000015
20585  -46.582  -44.415  -13.763 0.1000000015
21532  -46.388  -43.946  -13.279 0.1000000015
17415  -37.547  -47.695  1.934 0.2000000030
17414  -36.741  -47.498  1.981 0.2000000030
17433  -37.714  -48.085  1.470 0.2000000030
17449  -36.993  -47.957  0.758 0.2000000030
17468  -36.744  -48.204  0.154 0.3000000119
17467  -36.184  -47.539  -0.200 0.3000000119
17463  -31.187  -48.108  -0.152 0.3000000119
17464  -32.240  -48.267  -0.289 0.3000000119
17447  -34.076  -47.345  0.122 0.3000000119
18388  -30.304  -46.928  -0.215 0.3000000119
17462  -30.551  -47.488  0.219 0.3000000119
17445  -32.550  -48.358  0.228 0.3000000119
17446  -33.163  -48.141  0.470 0.3000000119
20304  -30.765  -44.360  0.908 0.2000000030
19324  -30.473  -45.117  0.393 0.3000000119
18374  -34.793  -47.029  -0.299 0.2000000030
18376  -35.732  -47.335  0.271 0.2000000030
21278  -31.629  -43.520  -0.537 0.2000000030
21279  -32.230  -42.740  -0.497 0.2000000030
21307  -32.448  -43.071  -1.658 0.3000000119
22241  -32.936  -42.636  -1.363 0.3000000119
21336  -33.135  -43.045  -2.450 0.3000000119
22295  -33.966  -42.659  -2.905 0.2000000030
21308  -33.116  -42.758  -2.014 0.3000000119
22274  -34.210  -42.252  -2.195 0.2000000030
22296  -34.966  -42.383  -2.899 0.2000000030
22297  -36.120  -42.474  -3.194 0.2000000030
22298  -37.195  -42.498  -3.249 0.1000000015
21421  -40.966  -44.064  -5.951 0.1000000015
20411  -41.713  -44.578  -4.337 0.1000000015
20396  -42.647  -45.523  -3.160 0.1000000015
20457  -40.614  -44.250  -6.770 0.1000000015
20458  -41.624  -44.310  -6.451 0.1000000015
20431  -42.004  -44.414  -5.516 0.1000000015
19434  -43.418  -45.342  -4.802 0.1000000015
20471  -41.222  -44.514  -7.483 0.1000000015
20472  -42.312  -44.444  -7.338 0.1000000015
20459  -42.796  -44.453  -6.271 0.1000000015
20460  -44.024  -44.978  -6.124 0.1000000015
20482  -41.843  -44.865  -8.196 0.1000000015
20483  -42.909  -44.777  -8.175 0.1000000015
20484  -43.866  -44.960  -8.034 0.1000000015
19484  -42.411  -45.326  -8.949 0.1000000015
19505  -44.267  -45.524  -9.891 0.1000000015
19531  -43.774  -45.531  -11.136 0.1000000015
19554  -44.669  -45.721  -12.286 0.1000000015
19577  -46.297  -45.344  -12.976 0.1000000015
15716  -37.784  -49.613  3.691 0.3000000119
16535  -35.917  -48.642  2.929 0.3000000119
16549  -35.503  -48.108  2.330 0.3000000119
17413  -35.847  -47.654  1.897 0.2000000030
17431  -36.046  -47.434  1.269 0.2000000030
18363  -35.863  -47.375  0.751 0.2000000030
17412  -35.179  -47.828  1.835 0.3000000119
17430  -35.168  -47.495  1.313 0.3000000119
17443  -30.534  -47.350  1.067 0.3000000119
16567  -32.375  -48.759  1.401 0.3000000119
16569  -33.918  -48.268  1.678 0.3000000119
17411  -34.758  -47.777  1.617 0.3000000119
18362  -35.465  -47.324  0.685 0.2000000030
20276  -31.220  -44.808  2.339 0.2000000030
17426  -30.629  -47.145  1.708 0.3000000119
17410  -31.205  -47.659  2.949 0.3000000119
21242  -31.611  -43.539  1.737 0.2000000030
21263  -31.874  -42.969  0.504 0.2000000030
22213  -32.928  -42.453  -0.880 0.2000000030
22214  -33.726  -41.650  -0.492 0.3000000119
22243  -34.438  -41.734  -1.302 0.2000000030
22275  -34.945  -41.881  -2.098 0.2000000030
19486  -44.844  -45.530  -8.402 0.1000000015
19532  -44.957  -45.522  -11.063 0.1000000015
15698  -38.655  -49.801  4.098 0.1000000015
14863  -37.510  -50.306  4.050 0.2000000030
15715  -36.388  -49.474  3.426 0.3000000119
14861  -35.647  -50.295  3.805 0.3000000119
15714  -35.137  -49.412  3.275 0.3000000119
16546  -32.808  -49.061  2.113 0.3000000119
15726  -33.411  -49.455  2.729 0.3000000119
18350  -31.076  -46.810  2.625 0.3000000119
15724  -31.912  -49.007  3.449 0.3000000119
15725  -32.448  -49.376  3.046 0.3000000119
20264  -31.713  -45.235  3.090 0.2000000030
21229  -32.128  -43.611  2.471 0.2000000030
22178  -32.415  -42.641  1.470 0.1000000015
22197  -32.766  -42.186  0.269 0.2000000030
23093  -33.754  -41.766  2.133 0.1000000015
22198  -33.513  -41.547  0.518 0.2000000030
23152  -34.084  -41.335  -0.232 0.2000000030
23131  -34.093  -41.206  0.199 0.2000000030
23153  -34.505  -41.290  -0.331 0.3000000119
14845  -36.093  -51.030  4.502 0.3000000119
14860  -34.568  -50.247  3.798 0.3000000119
14843  -33.782  -50.459  4.438 0.3000000119
15712  -33.132  -50.002  3.643 0.3000000119
18334  -31.890  -46.979  4.165 0.3000000119
16533  -31.654  -48.516  3.820 0.3000000119
15711  -32.094  -49.269  4.114 0.3000000119
19294  -32.271  -45.872  3.987 0.2000000030
20265  -32.437  -44.817  3.491 0.2000000030
21212  -33.806  -43.604  3.767 0.1000000015
22163  -33.984  -42.054  2.831 0.1000000015
23094  -34.591  -41.397  2.531 0.1000000015
23111  -34.097  -41.202  1.307 0.1000000015
23132  -34.938  -40.706  0.567 0.1000000015
14828  -35.418  -50.897  5.535 0.3000000119
14811  -34.939  -50.377  6.321 0.2000000030
14826  -33.420  -50.269  5.130 0.3000000119
15696  -32.925  -49.933  4.708 0.3000000119
15679  -33.195  -49.618  5.676 0.3000000119
18335  -32.362  -46.604  4.832 0.2000000030
17398  -32.061  -47.419  5.159 0.3000000119
16534  -31.778  -48.782  4.309 0.3000000119
20247  -33.760  -44.881  4.361 0.2000000030
19285  -33.153  -45.798  4.974 0.2000000030
20249  -35.360  -44.188  4.593 0.1000000015
20268  -34.760  -44.163  4.380 0.1000000015
20250  -36.346  -44.221  4.852 0.1000000015
21213  -34.865  -43.555  4.270 0.1000000015
22144  -35.034  -42.530  4.000 0.1000000015
23072  -34.578  -42.018  3.323 0.1000000015
23073  -35.441  -41.626  3.508 0.1000000015
23113  -35.706  -40.521  2.223 0.1000000015
15662  -34.447  -49.676  6.761 0.2000000030
16504  -34.256  -48.535  7.152 0.2000000030
16517  -33.109  -49.089  6.184 0.2000000030
18324  -34.100  -46.306  6.104 0.2000000030
17372  -32.736  -48.088  6.422 0.2000000030
19271  -35.248  -45.430  5.459 0.1000000015
19270  -34.266  -45.829  5.521 0.2000000030
20233  -35.892  -44.825  5.065 0.1000000015
21195  -35.897  -43.549  4.556 0.1000000015
22145  -36.135  -42.501  4.346 0.1000000015
24029  -36.088  -41.035  3.247 0.1000000015
24045  -36.214  -40.570  2.645 0.1000000015
22123  -37.233  -42.764  4.722 0.1000000015
22146  -37.069  -42.022  4.369 0.1000000015
23075  -37.692  -41.355  4.027 0.1000000015
24030  -36.928  -40.815  3.313 0.1000000015
22124  -38.319  -42.600  4.997 0.1000000015
23058  -38.619  -41.789  4.480 0.1000000015
23076  -38.844  -41.096  3.852 0.1000000015
14960  -38.173  -50.512  -4.823 0.4000000060
15827  -37.801  -49.973  -4.876 0.5000000000
15841  -37.581  -50.015  -5.436 0.5000000000
15842  -38.016  -50.244  -5.200 0.5000000000
14151  -37.591  -51.143  -4.090 0.5000000000
14945  -37.245  -50.096  -3.587 0.4000000060
12638  -36.362  -53.454  -6.494 0.5000000000
14163  -38.423  -51.384  -4.858 0.5000000000
13391  -37.120  -52.278  -4.623 0.5000000000
13403  -37.559  -52.597  -5.352 0.5000000000
12639  -37.381  -53.553  -6.607 0.3000000119
12637  -35.302  -53.349  -6.266 0.5000000000
11867  -38.940  -55.142  -8.518 0.4000000060
12685  -40.389  -53.015  -9.299 0.3000000119
14152  -38.062  -50.866  -4.447 0.4000000060
14173  -39.196  -51.489  -5.622 0.6000000238
17582  -35.053  -47.867  -7.896 0.3000000119
15861  -36.103  -50.138  -8.037 0.4000000060
13393  -38.823  -52.060  -5.260 0.6000000238
14162  -37.898  -51.602  -4.546 0.6000000238
13404  -38.477  -52.554  -5.583 0.5000000000
14992  -39.392  -51.068  -7.540 0.4000000060
14982  -39.624  -51.199  -6.875 0.5000000000
14174  -39.960  -51.902  -6.014 0.5000000000
12625  -38.775  -53.053  -6.150 0.5000000000
15871  -36.416  -49.734  -8.778 0.4000000060
14181  -40.343  -51.936  -6.591 0.5000000000
13406  -40.143  -52.240  -6.276 0.5000000000
15023  -38.009  -50.157  -9.834 0.3000000119
14993  -40.018  -51.307  -7.438 0.5000000000
14202  -40.551  -51.537  -7.739 0.5000000000
12642  -40.097  -53.291  -6.927 0.4000000060
14215  -40.756  -51.424  -8.411 0.5000000000
14191  -41.332  -52.012  -8.000 0.4000000060
12654  -40.397  -53.177  -7.632 0.4000000060
15026  -41.373  -51.080  -9.461 0.4000000060
14203  -41.120  -51.693  -8.149 0.4000000060
13431  -41.222  -52.535  -8.786 0.4000000060
16619  -36.588  -48.618  -3.102 0.5000000000
18514  -33.502  -46.746  -6.286 0.3000000119
19466  -34.825  -46.276  -7.005 0.2000000030
16695  -35.911  -48.834  -8.769 0.4000000060
18535  -36.167  -47.539  -8.712 0.3000000119
18551  -37.231  -47.608  -9.368 0.3000000119
17602  -37.518  -47.961  -9.753 0.3000000119
15889  -37.439  -49.439  -9.965 0.3000000119
15042  -38.847  -50.094  -10.511 0.3000000119
16731  -38.286  -48.543  -10.624 0.2000000030
15044  -41.385  -50.764  -10.161 0.3000000119
15061  -40.859  -50.298  -11.182 0.2000000030
15063  -42.707  -50.779  -11.381 0.2000000030
15046  -42.738  -51.029  -10.747 0.3000000119
13468  -42.458  -51.648  -10.933 0.2000000030
14251  -42.931  -51.099  -11.890 0.2000000030
15983  -43.816  -49.665  -15.338 0.1000000015
16796  -44.327  -48.592  -14.750 0.1000000015
16632  -34.101  -48.349  -3.763 0.5000000000
17543  -31.769  -47.087  -4.266 0.4000000060
19452  -33.592  -46.017  -5.935 0.3000000119
19433  -33.772  -45.371  -5.827 0.2000000030
19454  -35.187  -45.699  -6.767 0.2000000030
20425  -34.636  -44.738  -5.866 0.1000000015
18553  -38.502  -46.607  -9.882 0.2000000030
17624  -38.073  -48.037  -10.184 0.2000000030
15925  -39.463  -49.331  -11.302 0.2000000030
17645  -39.237  -48.016  -11.357 0.1000000015
15926  -40.207  -49.556  -11.549 0.2000000030
17626  -39.371  -47.307  -11.193 0.1000000015
17646  -39.965  -47.648  -11.795 0.1000000015
16772  -40.308  -48.242  -12.066 0.1000000015
16754  -40.480  -49.159  -11.885 0.2000000030
15927  -40.965  -49.623  -11.890 0.2000000030
18612  -41.229  -47.052  -12.137 0.1000000015
16774  -42.115  -48.703  -12.904 0.1000000015
15941  -41.800  -49.543  -12.375 0.1000000015
15942  -42.765  -49.614  -13.237 0.1000000015
15102  -43.147  -50.472  -13.564 0.1000000015
15964  -43.322  -49.120  -13.881 0.1000000015
17683  -43.467  -48.109  -14.028 0.1000000015
17684  -44.313  -47.842  -14.702 0.1000000015
18647  -44.557  -46.521  -15.217 0.1000000015
14125  -35.272  -50.953  -1.458 0.3000000119
15769  -35.942  -49.242  -0.739 0.3000000119
15782  -35.751  -49.289  -1.396 0.3000000119
14928  -35.637  -50.369  -1.892 0.3000000119
14929  -36.166  -50.018  -2.461 0.3000000119
17526  -35.484  -47.611  -2.948 0.4000000060
17508  -35.970  -46.949  -2.638 0.4000000060
17522  -31.771  -47.397  -3.671 0.4000000060
17525  -34.578  -47.822  -3.074 0.4000000060
18462  -31.237  -46.827  -3.008 0.4000000060
20408  -32.300  -44.726  -4.439 0.3000000119
21373  -32.375  -44.026  -3.974 0.3000000119
20453  -36.468  -44.825  -6.545 0.1000000015
19471  -39.258  -45.107  -8.127 0.2000000030
19500  -38.945  -45.882  -9.388 0.1000000015
18554  -39.145  -46.142  -9.922 0.1000000015
18594  -39.769  -47.041  -11.341 0.1000000015
18578  -40.708  -46.164  -10.997 0.1000000015
17666  -43.585  -47.600  -13.998 0.1000000015
18615  -44.080  -46.813  -13.838 0.1000000015
19598  -44.944  -46.441  -14.344 0.1000000015
19599  -45.359  -46.140  -14.472 0.1000000015
17506  -33.980  -47.410  -2.643 0.4000000060
19373  -30.777  -46.372  -1.786 0.3000000119
21396  -37.516  -43.443  -5.400 0.1000000015
21377  -35.962  -43.194  -4.425 0.1000000015
21397  -38.580  -43.418  -5.446 0.1000000015
19501  -39.768  -45.719  -9.692 0.1000000015
19502  -40.798  -45.454  -9.712 0.1000000015
15759  -37.662  -49.152  0.245 0.2000000030
15771  -37.074  -49.119  0.108 0.2000000030
16598  -36.947  -48.748  0.085 0.2000000030
17483  -30.688  -47.433  -0.620 0.3000000119
17484  -31.426  -47.749  -1.222 0.3000000119
17465  -33.442  -47.565  -0.706 0.3000000119
19336  -30.615  -45.123  -0.688 0.3000000119
19335  -30.207  -46.057  -0.208 0.3000000119
20321  -30.958  -44.336  -0.092 0.3000000119
21376  -34.854  -43.343  -4.404 0.1000000015
22309  -36.644  -42.791  -3.888 0.1000000015
22311  -37.897  -42.702  -4.040 0.1000000015
21361  -38.725  -43.060  -3.811 0.1000000015
21338  -39.524  -43.523  -2.515 0.1000000015
21363  -40.074  -43.840  -3.112 0.1000000015
20370  -40.752  -44.480  -1.918 0.1000000015
20410  -40.921  -44.290  -4.077 0.1000000015
20371  -41.419  -44.909  -2.176 0.1000000015
20395  -41.882  -45.117  -3.180 0.1000000015
20349  -43.180  -44.826  -1.449 0.1000000015
20430  -39.616  -43.816  -6.208 0.1000000015
21399  -40.534  -43.979  -5.271 0.1000000015
21400  -41.264  -44.243  -5.247 0.1000000015
20350  -44.424  -44.887  -0.950 0.1000000015
21420  -40.187  -43.885  -6.118 0.1000000015
20470  -40.101  -44.685  -7.716 0.1000000015
20481  -40.864  -44.906  -8.259 0.1000000015
16551  -37.418  -48.069  2.467 0.2000000030
16550  -36.415  -48.043  2.456 0.3000000119
17432  -36.933  -47.565  1.367 0.2000000030
16594  -31.675  -48.381  0.001 0.3000000119
18373  -30.222  -46.757  0.529 0.3000000119
16566  -31.608  -48.402  1.228 0.3000000119
16582  -32.767  -48.506  0.928 0.3000000119
16581  -32.250  -48.531  0.542 0.3000000119
17429  -34.120  -47.799  1.166 0.3000000119
18361  -34.813  -47.247  0.521 0.3000000119
19311  -30.759  -45.203  1.497 0.3000000119
19310  -30.701  -46.081  1.699 0.3000000119
22242  -33.440  -42.425  -1.521 0.3000000119
22277  -36.813  -42.225  -2.342 0.2000000030
22299  -38.055  -42.700  -3.572 0.1000000015
20412  -42.666  -45.232  -3.951 0.1000000015
19375  -43.221  -45.782  -2.811 0.1000000015
20432  -43.093  -44.971  -5.061 0.1000000015
19485  -43.546  -45.294  -8.898 0.1000000015
16536  -37.026  -48.701  2.996 0.3000000119
15728  -35.079  -48.618  2.710 0.3000000119
16548  -34.575  -48.225  2.029 0.3000000119
15727  -34.365  -49.115  2.603 0.3000000119
17427  -30.977  -47.849  1.788 0.3000000119
16545  -31.769  -48.688  2.467 0.3000000119
16547  -33.725  -48.772  2.072 0.3000000119
19300  -30.902  -46.202  2.018 0.3000000119
19301  -31.137  -45.940  2.439 0.3000000119
17409  -30.881  -47.216  2.225 0.3000000119
23179  -34.567  -41.506  -0.804 0.2000000030
22244  -35.417  -41.704  -1.477 0.2000000030
22245  -36.370  -41.868  -1.494 0.2000000030
15717  -38.930  -49.232  3.695 0.1000000015
14846  -37.196  -50.798  4.539 0.2000000030
14862  -36.794  -50.351  3.861 0.3000000119
15713  -34.083  -49.836  3.235 0.3000000119
19293  -31.667  -45.933  3.234 0.3000000119
17404  -31.566  -47.554  3.906 0.3000000119
20277  -31.931  -44.220  2.745 0.2000000030
21230  -32.718  -43.597  3.004 0.2000000030
22179  -33.228  -41.929  1.376 0.1000000015
22162  -33.176  -42.586  2.518 0.1000000015
14844  -34.900  -50.769  4.568 0.3000000119
17397  -31.818  -47.477  4.583 0.3000000119
19295  -32.968  -45.127  4.102 0.2000000030
20278  -32.566  -44.218  3.258 0.2000000030
22142  -33.374  -43.222  3.280 0.1000000015
22143  -34.071  -42.767  3.479 0.1000000015
20267  -34.166  -44.185  4.187 0.1000000015
23112  -35.141  -40.653  1.758 0.1000000015
15680  -33.827  -49.977  6.263 0.3000000119
16516  -32.624  -48.771  5.906 0.3000000119
18323  -33.060  -46.719  5.885 0.2000000030
19286  -34.338  -45.185  4.970 0.1000000015
19287  -35.083  -44.803  4.925 0.1000000015
22122  -36.555  -43.132  4.695 0.1000000015
17374  -34.367  -47.352  7.000 0.2000000030
17373  -33.436  -47.545  6.631 0.2000000030
23074  -36.544  -41.532  3.846 0.1000000015
23057  -37.790  -42.080  4.588 0.1000000015
11852  -36.022  -54.797  -7.762 0.3000000119
11121  -35.284  -55.741  -8.223 0.3000000119
9033  -33.054  -58.480  -8.415 0.2000000030
8325  -30.994  -59.564  -8.374 0.2000000030
10414  -34.244  -56.183  -8.193 0.4000000060
10419  -33.942  -56.791  -8.263 0.3000000119
11122  -36.512  -55.628  -8.192 0.4000000060
10420  -34.915  -56.827  -8.279 0.3000000119
9707  -33.132  -57.605  -8.250 0.3000000119
11853  -37.109  -54.926  -7.794 0.4000000060
11131  -35.604  -56.496  -8.331 0.4000000060
9708  -34.045  -57.629  -8.336 0.3000000119
8326  -32.364  -59.868  -8.573 0.2000000030
11133  -36.865  -56.193  -8.333 0.4000000060
11132  -36.240  -56.335  -8.351 0.4000000060
9709  -35.344  -57.844  -8.486 0.4000000060
11123  -37.431  -55.925  -8.240 0.4000000060
11854  -37.995  -55.045  -7.769 0.4000000060
9034  -34.616  -58.734  -8.604 0.3000000119
8327  -33.926  -59.773  -8.875 0.3000000119
10421  -35.976  -57.059  -8.409 0.4000000060
9710  -36.525  -57.936  -8.541 0.4000000060
8328  -35.346  -59.808  -8.903 0.3000000119
11855  -38.715  -55.001  -7.896 0.4000000060
10415  -37.515  -56.448  -8.340 0.4000000060
10422  -37.132  -56.858  -8.415 0.4000000060
9035  -35.940  -58.855  -8.692 0.4000000060
11124  -38.101  -55.821  -8.219 0.4000000060
10423  -37.909  -57.181  -8.376 0.4000000060
9711  -37.462  -57.985  -8.458 0.4000000060
9036  -36.964  -58.893  -8.506 0.4000000060
10417  -38.131  -56.505  -8.403 0.4000000060
8329  -36.467  -59.799  -8.719 0.3000000119
11125  -38.395  -55.893  -8.498 0.4000000060
9712  -38.117  -57.985  -8.559 0.4000000060
9037  -37.642  -58.784  -8.667 0.4000000060
7684  -35.927  -60.784  -8.808 0.2000000030
10424  -38.384  -56.977  -8.692 0.4000000060
9038  -38.077  -58.630  -8.873 0.4000000060
8330  -37.228  -59.603  -8.705 0.2000000030
7685  -36.787  -60.531  -8.945 0.2000000030
7047  -35.972  -62.138  -8.869 0.3000000119
11134  -38.583  -56.010  -8.930 0.3000000119
8331  -37.672  -59.343  -8.972 0.3000000119
7706  -37.353  -60.044  -9.172 0.2000000030
7686  -37.289  -59.882  -8.914 0.2000000030
7048  -36.390  -61.685  -9.265 0.2000000030
6386  -35.619  -62.748  -9.280 0.2000000030
11868  -39.268  -54.290  -8.754 0.3000000119
9713  -38.530  -57.953  -8.979 0.4000000060
11884  -39.180  -54.205  -9.226 0.3000000119
11145  -38.428  -55.942  -9.378 0.3000000119
10430  -38.416  -56.971  -9.363 0.2000000030
9042  -38.000  -58.749  -9.544 0.2000000030
7705  -37.008  -60.779  -9.488 0.1000000015
10448  -38.150  -56.182  -9.719 0.2000000030
10429  -38.135  -57.462  -9.631 0.2000000030
9041  -37.891  -58.465  -9.830 0.1000000015
7716  -37.439  -60.143  -9.602 0.1000000015
7068  -36.603  -61.551  -10.084 0.1000000015
6387  -36.156  -62.263  -9.793 0.1000000015
11883  -38.843  -54.933  -9.381 0.3000000119
11162  -38.378  -55.527  -9.809 0.3000000119
13466  -40.618  -52.690  -10.387 0.2000000030
12706  -39.455  -53.453  -10.388 0.1000000015
12683  -39.093  -54.135  -9.510 0.3000000119
9715  -37.937  -57.818  -9.747 0.1000000015
8345  -37.574  -59.612  -9.929 0.1000000015
7080  -36.444  -61.137  -10.639 0.1000000015
6403  -36.061  -62.186  -10.397 0.1000000015
13465  -39.927  -53.105  -10.230 0.2000000030
12705  -38.827  -53.939  -10.167 0.2000000030
11901  -38.429  -54.864  -10.227 0.2000000030
10447  -37.601  -56.836  -9.886 0.1000000015
9047  -37.563  -58.965  -10.185 0.1000000015
8344  -36.927  -59.696  -10.481 0.1000000015
7715  -37.028  -60.532  -10.188 0.1000000015
6417  -36.140  -61.732  -10.748 0.1000000015
5709  -35.159  -63.175  -10.622 0.1000000015
11918  -38.246  -54.218  -10.682 0.1000000015
11161  -37.934  -55.554  -10.332 0.2000000030
9731  -37.431  -58.082  -9.993 0.1000000015
8343  -36.329  -59.385  -10.679 0.1000000015
7719  -36.356  -60.532  -10.758 0.1000000015
7079  -35.861  -61.310  -11.249 0.1000000015
6416  -35.439  -62.389  -11.151 0.1000000015
5708  -34.532  -63.431  -11.281 0.1000000015
9730  -36.561  -57.543  -10.169 0.1000000015
8357  -36.172  -59.998  -10.799 0.1000000015
6415  -34.766  -62.696  -11.634 0.1000000015
7718  -35.735  -60.514  -11.300 0.1000000015
23154  -35.408  -41.101  -0.211 0.2000000030
12728  -39.147  -53.531  -10.825 0.1000000015
12727  -38.635  -53.598  -11.400 0.1000000015
11179  -37.610  -54.995  -11.017 0.1000000015
11917  -37.833  -54.239  -11.169 0.1000000015
10446  -36.719  -56.358  -10.324 0.1000000015
10416  -37.765  -56.487  -8.324 0.4000000060
9039  -38.217  -58.604  -9.191 0.2000000030
8340  -37.699  -59.592  -9.403 0.2000000030
9716  -38.254  -58.043  -9.484 0.2000000030
6402  -35.652  -62.821  -10.136 0.1000000015
13490  -39.651  -53.042  -11.248 0.1000000015
11900  -38.012  -54.788  -10.713 0.1000000015
9046  -36.868  -58.737  -10.415 0.1000000015
12635  -33.057  -53.415  -5.835 0.3000000119
11833  -33.437  -53.895  -6.605 0.2000000030
11832  -32.394  -54.062  -6.401 0.3000000119
12609  -34.385  -52.557  -4.442 0.4000000060
12620  -33.804  -53.126  -5.040 0.2000000030
12636  -34.180  -53.317  -6.026 0.3000000119
11849  -32.920  -54.454  -6.893 0.2000000030
11850  -33.692  -54.524  -7.280 0.2000000030
11115  -32.449  -54.632  -6.805 0.1000000015
11119  -32.687  -55.225  -7.267 0.2000000030
11834  -34.495  -53.870  -6.902 0.3000000119
11118  -31.451  -55.556  -7.059 0.1000000015
11120  -33.967  -55.392  -7.848 0.2000000030
10412  -32.088  -56.270  -7.488 0.1000000015
9701  -31.524  -57.063  -7.689 0.1000000015
9702  -32.587  -57.128  -7.943 0.1000000015
9021  -30.994  -57.856  -7.909 0.1000000015
9031  -30.454  -58.648  -8.200 0.1000000015
10413  -33.265  -56.302  -7.860 0.2000000030
9032  -31.642  -58.698  -8.299 0.1000000015
11835  -35.626  -53.962  -7.129 0.2000000030
11851  -34.821  -54.589  -7.724 0.3000000119
9022  -32.068  -57.816  -8.106 0.1000000015
8324  -29.925  -59.391  -8.378 0.1000000015
9023  -32.697  -57.745  -8.203 0.2000000030
7679  -30.313  -60.175  -8.572 0.1000000015
7680  -31.302  -60.528  -8.617 0.1000000015
7022  -30.466  -60.933  -8.983 0.1000000015
7681  -32.239  -60.971  -8.734 0.1000000015
7682  -33.400  -61.005  -9.041 0.1000000015
6380  -29.568  -62.265  -9.658 0.1000000015
7045  -30.451  -61.840  -9.225 0.1000000015
7023  -31.481  -61.551  -8.972 0.1000000015
7046  -31.239  -62.334  -9.257 0.1000000015
9703  -33.367  -57.074  -8.194 0.2000000030
7044  -29.422  -61.121  -9.354 0.1000000015
6367  -33.079  -62.575  -9.269 0.1000000015
6383  -32.554  -63.268  -9.388 0.1000000015
6384  -33.534  -63.337  -9.253 0.2000000030
5676  -31.928  -64.031  -9.496 0.1000000015
7025  -33.518  -61.992  -9.134 0.2000000030
5677  -32.963  -64.065  -9.407 0.2000000030
6368  -34.008  -62.688  -9.066 0.1000000015
5022  -32.263  -64.880  -9.492 0.1000000015
5659  -34.318  -63.305  -9.067 0.1000000015
7683  -34.793  -60.872  -9.039 0.2000000030
7026  -34.404  -61.902  -9.028 0.1000000015
5678  -33.998  -63.934  -9.273 0.1000000015
5660  -34.731  -63.502  -9.032 0.1000000015
6369  -34.990  -62.805  -8.837 0.1000000015
6385  -35.149  -63.282  -9.051 0.1000000015
7027  -35.476  -61.833  -8.869 0.1000000015
6370  -35.589  -62.456  -8.865 0.1000000015
13335  -34.594  -52.377  -0.643 0.1000000015
16552  -38.506  -48.299  2.244 0.1000000015
14098  -38.074  -50.711  0.342 0.1000000015
14097  -37.073  -50.901  0.609 0.1000000015
17450  -37.773  -48.366  0.967 0.1000000015
14099  -39.079  -51.024  0.326 0.1000000015
16537  -38.175  -48.570  3.153 0.2000000030
16570  -38.627  -48.679  1.326 0.1000000015
15760  -38.730  -49.296  0.784 0.1000000015
14897  -38.163  -49.833  0.351 0.1000000015
13388  -34.141  -52.246  -3.793 0.2000000030
14114  -34.842  -51.731  -0.928 0.1000000015
16584  -38.101  -48.708  0.696 0.1000000015
13319  -37.634  -51.587  0.502 0.1000000015
13320  -38.455  -51.595  0.161 0.1000000015
16571  -39.161  -48.787  1.893 0.1000000015
12608  -33.261  -52.873  -3.971 0.1000000015
15663  -35.425  -49.815  6.888 0.1000000015
15664  -36.343  -49.916  7.023 0.1000000015
14813  -37.218  -50.520  6.624 0.1000000015
14814  -38.437  -51.027  6.256 0.1000000015
14832  -39.967  -50.405  5.091 0.1000000015
14812  -35.997  -50.425  6.326 0.1000000015
14829  -36.620  -51.008  5.526 0.1000000015
16493  -37.159  -49.062  7.862 0.1000000015
15647  -38.538  -50.002  7.634 0.1000000015
14800  -39.069  -50.763  7.042 0.1000000015
14816  -40.350  -50.405  5.976 0.1000000015
15645  -36.694  -49.385  7.458 0.1000000015
15665  -36.928  -49.928  7.147 0.1000000015
14815  -39.523  -50.783  6.021 0.1000000015
15666  -41.008  -50.182  5.690 0.1000000015
15644  -35.846  -49.200  7.372 0.1000000015
15627  -40.329  -49.514  8.171 0.1000000015
16474  -37.327  -48.376  8.280 0.1000000015
15625  -37.981  -49.228  8.136 0.1000000015
15626  -39.100  -49.410  8.324 0.1000000015
15648  -39.667  -50.118  7.547 0.1000000015
14801  -39.945  -50.491  6.722 0.1000000015
15649  -40.945  -50.198  6.973 0.1000000015
17359  -35.546  -47.587  7.781 0.1000000015
17375  -35.257  -47.087  7.167 0.1000000015
16476  -39.738  -48.680  8.762 0.1000000015
16475  -38.535  -48.291  8.743 0.1000000015
16473  -36.841  -48.228  8.237 0.1000000015
17376  -35.820  -46.986  7.426 0.1000000015
18309  -34.806  -46.650  6.611 0.1000000015
23181  -35.906  -41.526  -0.777 0.1000000015
22246  -37.387  -42.126  -1.428 0.1000000015
18293  -36.631  -46.700  7.520 0.1000000015
18325  -35.077  -46.131  6.023 0.1000000015
22276  -35.778  -42.054  -2.266 0.1000000015
23182  -36.890  -41.596  -0.684 0.1000000015
22248  -39.270  -42.916  -0.939 0.1000000015
22247  -38.411  -42.436  -1.267 0.1000000015
16477  -40.914  -48.901  8.979 0.1000000015
22278  -37.956  -42.572  -2.372 0.1000000015
14831  -38.963  -50.756  5.103 0.1000000015
14848  -39.023  -50.229  4.481 0.1000000015
14830  -37.791  -51.004  5.366 0.1000000015
16490  -34.828  -48.739  7.326 0.1000000015
14799  -38.018  -50.541  7.106 0.1000000015
15681  -40.114  -50.075  4.751 0.1000000015
14833  -40.499  -50.249  5.403 0.1000000015
16492  -36.385  -48.404  7.973 0.1000000015
17361  -37.022  -47.223  8.206 0.1000000015
21309  -38.959  -43.021  -1.893 0.1000000015
13492  -42.078  -51.880  -11.586 0.1000000015
13512  -41.306  -51.861  -12.315 0.1000000015
12598  -31.680  -53.770  -3.676 0.1000000015
12606  -31.454  -53.723  -4.505 0.1000000015
12618  -31.935  -53.447  -4.927 0.1000000015
11814  -31.738  -54.483  -3.157 0.1000000015
11818  -31.106  -54.482  -3.961 0.1000000015
11824  -30.707  -54.037  -4.978 0.1000000015
12607  -32.209  -53.374  -4.236 0.1000000015
11087  -32.248  -55.352  -2.777 0.1000000015
12594  -31.951  -53.817  -3.064 0.1000000015
12599  -32.351  -53.326  -3.392 0.1000000015
11086  -31.548  -55.219  -3.446 0.1000000015
11809  -32.433  -54.438  -2.279 0.1000000015
10367  -32.813  -56.499  -3.312 0.1000000015
11067  -32.994  -55.147  -1.956 0.1000000015
9604  -35.806  -57.686  -0.763 0.1000000015
9621  -36.668  -58.036  -1.151 0.1000000015
6955  -36.642  -61.052  -2.817 0.1000000015
6964  -36.596  -61.376  -3.574 0.1000000015
6977  -35.947  -61.334  -4.297 0.1000000015
6976  -35.045  -61.559  -4.540 0.1000000015
7630  -35.346  -60.540  -4.425 0.1000000015
10366  -31.896  -56.050  -3.504 0.1000000015
12634  -32.043  -53.638  -5.589 0.1000000015
7629  -34.290  -60.609  -4.690 0.1000000015
8278  -33.479  -59.580  -4.785 0.1000000015
8998  -33.726  -58.637  -4.384 0.1000000015
9671  -32.823  -57.435  -4.083 0.1000000015
9650  -33.581  -57.167  -3.598 0.1000000015
10368  -33.818  -56.715  -3.032 0.1000000015
10348  -33.255  -56.009  -2.497 0.1000000015
6975  -34.002  -61.705  -4.744 0.1000000015
8277  -32.391  -59.589  -4.950 0.1000000015
9672  -34.029  -57.979  -3.834 0.1000000015
9651  -34.421  -57.384  -3.438 0.1000000015
8229  -36.927  -59.225  -1.896 0.1000000015
7598  -36.979  -60.599  -2.750 0.1000000015
12595  -32.400  -53.594  -2.597 0.1000000015
12600  -32.893  -52.839  -2.861 0.1000000015
6965  -36.840  -61.087  -3.059 0.1000000015
6978  -36.570  -61.202  -4.082 0.1000000015
7614  -37.315  -60.507  -3.218 0.1000000015
8279  -34.568  -59.601  -4.516 0.1000000015
8999  -34.870  -58.696  -4.288 0.1000000015
10327  -36.939  -56.903  -0.065 0.1000000015
9622  -37.155  -58.111  -1.082 0.1000000015
10313  -37.274  -56.515  0.367 0.1000000015
11023  -37.532  -55.961  0.746 0.1000000015
12596  -32.909  -53.173  -2.145 0.1000000015
8940  -37.201  -58.521  -1.388 0.1000000015
8230  -37.780  -58.955  -1.803 0.1000000015
12580  -32.713  -53.760  -1.925 0.1000000015
8246  -37.582  -59.668  -2.421 0.1000000015
11046  -33.087  -54.900  -1.591 0.1000000015
7613  -36.991  -60.751  -3.870 0.1000000015
8281  -36.374  -59.585  -3.954 0.1000000015
8280  -35.617  -59.604  -4.244 0.1000000015
9673  -35.051  -58.054  -3.785 0.1000000015
9000  -35.993  -58.700  -3.902 0.1000000015
9674  -35.670  -58.039  -3.694 0.1000000015
10328  -37.754  -57.001  -0.262 0.1000000015
10314  -38.178  -56.448  0.216 0.1000000015
11024  -38.592  -55.806  0.648 0.1000000015
11751  -38.196  -54.386  1.652 0.1000000015
11047  -33.430  -55.060  -1.354 0.1000000015
11789  -32.962  -54.451  -1.513 0.1000000015
12581  -33.370  -53.327  -1.382 0.1000000015
8941  -38.054  -58.351  -1.351 0.1000000015
9606  -38.181  -57.634  -0.884 0.1000000015
8264  -38.154  -59.010  -2.404 0.1000000015
8247  -38.192  -58.890  -2.052 0.1000000015
10369  -34.763  -56.866  -2.932 0.1000000015
11068  -33.789  -55.694  -1.793 0.1000000015
8263  -37.867  -59.443  -2.959 0.1000000015
9653  -36.303  -57.902  -3.545 0.1000000015
8262  -37.104  -59.736  -3.660 0.1000000015
9001  -36.622  -59.220  -3.807 0.1000000015
8980  -36.846  -58.698  -3.636 0.1000000015
10329  -38.670  -56.922  -0.409 0.1000000015
9652  -35.329  -57.523  -3.420 0.1000000015
10350  -35.092  -56.356  -2.229 0.1000000015
8981  -37.718  -58.720  -3.233 0.1000000015
11048  -34.639  -55.344  -0.997 0.1000000015
11791  -34.231  -54.530  -0.566 0.1000000015
10339  -35.366  -55.984  -1.648 0.1000000015
9623  -38.607  -57.919  -1.363 0.1000000015
10371  -36.854  -57.167  -2.925 0.1000000015
10370  -35.771  -56.960  -2.961 0.1000000015
10351  -36.270  -56.286  -2.202 0.1000000015
8942  -38.591  -58.288  -1.794 0.1000000015
9654  -37.376  -57.941  -3.324 0.1000000015
8959  -38.469  -58.532  -2.169 0.1000000015
9655  -38.187  -57.883  -2.864 0.1000000015
8982  -38.370  -58.359  -2.523 0.1000000015
11036  -35.224  -54.779  -0.539 0.1000000015
11071  -37.133  -55.944  -1.936 0.1000000015
11070  -36.545  -55.802  -1.754 0.1000000015
9607  -38.989  -57.395  -1.038 0.1000000015
10372  -37.869  -57.280  -2.833 0.1000000015
10352  -37.449  -56.582  -2.469 0.1000000015
11774  -35.740  -54.361  -0.220 0.1000000015
11038  -36.417  -55.211  -1.011 0.1000000015
11072  -38.051  -56.049  -2.130 0.1000000015
10315  -39.069  -56.350  0.114 0.1000000015
9656  -38.778  -57.588  -2.499 0.1000000015
8943  -38.960  -57.878  -1.880 0.1000000015
11775  -36.959  -54.571  -0.738 0.1000000015
9624  -39.017  -57.735  -1.595 0.1000000015
11009  -37.770  -55.215  1.173 0.1000000015
12505  -38.542  -52.829  4.072 0.1000000015
12519  -38.729  -53.086  2.864 0.1000000015
11737  -38.615  -53.713  2.062 0.1000000015
11736  -37.640  -53.769  2.590 0.1000000015
8245  -36.643  -60.049  -2.313 0.1000000015
7631  -36.359  -60.434  -4.133 0.1000000015
8997  -32.629  -58.558  -4.645 0.1000000015
10384  -31.695  -56.755  -3.938 0.1000000015
10349  -34.177  -56.315  -2.366 0.1000000015
8919  -37.749  -57.981  -1.018 0.1000000015
8979  -36.392  -58.453  -3.691 0.1000000015
11069  -34.490  -55.987  -1.782 0.1000000015
11049  -35.990  -55.639  -1.353 0.1000000015
10373  -38.608  -56.997  -2.747 0.1000000015
11037  -35.832  -55.062  -0.723 0.1000000015
12518  -37.891  -53.245  3.510 0.1000000015
1886  -24.380  -70.301  -8.771 0.1000000015
1965  -24.494  -70.783  -13.519 0.1000000015
1947  -24.460  -70.851  -12.669 0.1000000015
1948  -25.130  -70.438  -12.092 0.1000000015
1929  -24.674  -70.713  -11.444 0.1000000015
1913  -23.488  -70.415  -10.425 0.1000000015
1990  -25.032  -70.273  -14.845 0.1000000015
2003  -25.197  -70.099  -15.394 0.1000000015
1887  -25.226  -70.285  -8.619 0.1000000015
2340  -24.681  -69.645  -8.192 0.1000000015
2813  -24.143  -68.729  -8.280 0.1000000015
1480  -24.283  -70.929  -11.255 0.1000000015
1914  -24.383  -70.771  -10.519 0.1000000015
1901  -24.886  -70.624  -9.485 0.1000000015
2339  -23.668  -69.556  -8.475 0.1000000015
1966  -25.058  -70.397  -13.337 0.1000000015
1979  -25.176  -70.272  -14.275 0.1000000015
2435  -25.682  -69.881  -14.843 0.1000000015
2436  -26.660  -69.586  -15.203 0.1000000015
5687  -25.261  -63.931  -10.972 0.1000000015
5020  -24.105  -65.233  -10.138 0.1000000015
2814  -25.061  -68.878  -8.358 0.1000000015
3307  -25.276  -68.457  -8.711 0.1000000015
3306  -24.645  -67.983  -8.733 0.1000000015
3817  -24.444  -66.900  -9.318 0.1000000015
4424  -24.710  -66.042  -10.051 0.1000000015
2341  -25.541  -69.582  -8.378 0.1000000015
3805  -24.114  -67.391  -8.703 0.1000000015
1888  -25.737  -69.985  -8.739 0.1000000015
1915  -25.238  -70.359  -10.468 0.1000000015
2421  -25.655  -69.994  -13.862 0.1000000015
5688  -26.159  -63.593  -11.011 0.1000000015
5040  -24.716  -64.868  -10.608 0.1000000015
6397  -25.594  -62.873  -10.841 0.1000000015
3318  -24.905  -67.570  -9.159 0.1000000015
3840  -25.464  -66.977  -9.795 0.1000000015
3839  -24.870  -66.637  -9.726 0.1000000015
3319  -25.493  -67.977  -9.173 0.1000000015
1930  -25.146  -70.354  -11.300 0.1000000015
2382  -25.661  -69.893  -11.256 0.1000000015
2397  -25.598  -69.982  -12.559 0.1000000015
2411  -26.038  -69.688  -13.194 0.1000000015
1902  -25.743  -70.161  -9.441 0.1000000015
5039  -23.832  -64.498  -10.325 0.1000000015
5041  -25.425  -64.783  -10.967 0.1000000015
1916  -25.756  -70.141  -10.095 0.1000000015
2815  -25.924  -68.800  -8.640 0.1000000015
2342  -26.229  -69.568  -8.921 0.1000000015
2354  -26.847  -69.377  -9.465 0.1000000015
2829  -27.343  -68.669  -9.320 0.1000000015
2830  -28.564  -68.380  -9.670 0.1000000015
4425  -25.723  -65.723  -10.690 0.1000000015
3339  -25.923  -67.684  -9.526 0.1000000015
2828  -26.582  -68.544  -9.041 0.1000000015
3320  -26.286  -68.089  -9.308 0.1000000015
2816  -26.642  -69.033  -8.930 0.1000000015
3340  -26.473  -67.529  -9.691 0.1000000015
3841  -26.578  -66.768  -10.336 0.1000000015
3341  -27.459  -67.350  -9.802 0.1000000015
2827  -26.073  -68.424  -9.051 0.1000000015
2355  -27.576  -68.942  -9.774 0.1000000015
3321  -27.138  -68.033  -9.314 0.1000000015
2343  -26.679  -69.307  -9.072 0.1000000015
2410  -25.578  -70.025  -13.256 0.1000000015
2817  -26.912  -69.139  -9.138 0.1000000015
3818  -25.070  -67.365  -9.376 0.1000000015
4482  -32.222  -65.276  -14.702 0.1000000015
4510  -32.331  -65.261  -16.503 0.1000000015
4526  -32.048  -65.050  -17.579 0.1000000015
5127  -30.345  -64.451  -15.226 0.1000000015
5159  -32.294  -64.821  -17.015 0.1000000015
5725  -30.926  -63.263  -12.893 0.1000000015
5749  -27.878  -63.159  -14.561 0.1000000015
5753  -31.151  -63.839  -13.041 0.1000000015
5796  -28.594  -63.207  -16.862 0.1000000015
6445  -30.238  -62.870  -13.118 0.1000000015
6459  -27.805  -62.900  -16.124 0.1000000015
7101  -26.535  -61.256  -14.708 0.1000000015
7102  -26.762  -61.911  -14.413 0.1000000015
7111  -26.950  -61.449  -16.023 0.1000000015
7721  -27.433  -61.013  -12.757 0.1000000015
7761  -26.767  -60.291  -15.309 0.1000000015
8231  -38.217  -58.675  -1.749 0.1000000015
8332  -37.958  -58.933  -9.007 0.2000000030
8341  -37.921  -59.079  -9.283 0.2000000030
8346  -37.846  -59.212  -9.614 0.1000000015
8348  -28.411  -59.463  -11.978 0.1000000015
8370  -35.090  -59.910  -11.559 0.2000000030
8918  -37.494  -58.152  -1.106 0.1000000015
9048  -37.839  -59.019  -9.861 0.1000000015
9081  -26.776  -59.084  -13.595 0.1000000015
9605  -37.126  -57.602  -0.755 0.1000000015
9774  -27.853  -57.116  -13.475 0.1000000015
9785  -27.502  -57.761  -13.839 0.1000000015
10338  -34.877  -55.992  -1.621 0.1000000015
10438  -28.491  -56.867  -10.534 0.1000000015
11143  -30.885  -54.954  -9.281 0.1000000015
11191  -27.675  -56.217  -11.622 0.1000000015
11808  -32.060  -54.171  -2.729 0.1000000015
11815  -32.069  -54.613  -2.707 0.1000000015
11893  -28.332  -55.057  -10.560 0.1000000015
11930  -28.515  -54.710  -11.963 0.1000000015
11931  -29.053  -54.465  -12.482 0.1000000015
12677  -28.832  -54.256  -9.807 0.1000000015
12722  -28.710  -54.186  -11.440 0.1000000015
12781  -33.334  -53.306  -15.762 0.1000000015
13429  -30.822  -51.808  -9.104 0.1000000015
13441  -29.808  -52.415  -9.446 0.1000000015
14200  -30.666  -51.683  -9.218 0.1000000015
14201  -30.842  -51.550  -9.145 0.1000000015
14212  -31.020  -51.207  -9.100 0.1000000015
14232  -42.793  -51.218  -11.080 0.3000000119
14798  -37.546  -50.326  7.070 0.1000000015
14810  -34.296  -50.237  6.305 0.3000000119
14827  -34.112  -50.572  5.606 0.3000000119
14847  -38.170  -50.335  4.357 0.2000000030
14849  -39.459  -50.339  4.710 0.1000000015
14859  -33.869  -50.242  3.739 0.3000000119
14909  -36.721  -49.814  0.151 0.2000000030
15022  -37.398  -49.827  -9.589 0.3000000119
15037  -29.937  -50.506  -10.204 0.1000000015
15055  -29.716  -51.038  -10.882 0.1000000015
15059  -39.174  -49.686  -10.977 0.2000000030
15153  -35.326  -50.364  -16.492 0.1000000015
15643  -34.989  -49.121  7.260 0.1000000015
15646  -37.495  -49.864  7.386 0.1000000015
15661  -33.589  -49.303  6.524 0.2000000030
15678  -32.773  -49.222  5.590 0.3000000119
15682  -40.539  -50.026  4.912 0.1000000015
15695  -32.500  -49.269  5.186 0.3000000119
15697  -38.224  -49.909  3.996 0.1000000015
15710  -31.854  -48.945  3.804 0.3000000119
15758  -37.065  -49.437  0.188 0.2000000030
15824  -35.375  -48.947  -4.833 0.5000000000
15837  -34.335  -48.824  -5.450 0.5000000000
15909  -38.087  -49.500  -10.452 0.3000000119
15938  -30.408  -49.470  -12.278 0.1000000015
15966  -44.403  -48.932  -14.958 0.1000000015
15985  -44.984  -49.039  -16.019 0.1000000015
16004  -44.278  -49.039  -15.925 0.1000000015
16005  -44.660  -48.629  -15.960 0.1000000015
16491  -35.245  -48.501  7.497 0.1000000015
16502  -32.812  -48.504  6.320 0.2000000030
16503  -33.169  -48.576  6.544 0.2000000030
16505  -34.887  -47.792  7.389 0.1000000015
16526  -31.607  -48.013  4.348 0.3000000119
16527  -31.812  -48.426  4.920 0.3000000119
16568  -33.312  -48.467  1.334 0.3000000119
16580  -31.553  -48.368  0.416 0.3000000119
16595  -31.900  -48.456  0.151 0.3000000119
16607  -35.761  -48.940  -1.116 0.3000000119
16631  -33.223  -48.350  -3.840 0.4000000060
16650  -32.821  -48.320  -4.256 0.5000000000
16671  -36.622  -48.999  -4.710 0.5000000000
16732  -38.765  -48.388  -11.024 0.2000000030
16795  -43.703  -48.642  -14.271 0.1000000015
16809  -32.144  -48.756  -14.612 0.1000000015
16812  -44.677  -48.519  -15.261 0.1000000015
16813  -44.836  -48.460  -15.770 0.1000000015
16829  -44.952  -48.278  -16.058 0.1000000015
16840  -35.157  -48.384  -16.454 0.1000000015
17346  -36.859  -47.808  8.322 0.1000000015
17360  -36.375  -47.106  7.909 0.1000000015
17388  -32.339  -47.680  5.819 0.3000000119
17389  -32.832  -47.446  6.287 0.2000000030
17428  -33.532  -48.108  1.001 0.3000000119
17444  -30.980  -48.004  0.761 0.3000000119
17448  -36.278  -47.523  0.728 0.2000000030
17509  -35.918  -47.613  -2.614 0.4000000060
17641  -30.459  -47.646  -11.374 0.1000000015
17663  -40.631  -47.948  -12.212 0.1000000015
17685  -44.538  -48.020  -14.828 0.1000000015
17700  -45.092  -48.197  -15.864 0.1000000015
17711  -33.737  -47.902  -15.721 0.1000000015
17717  -44.821  -47.996  -16.079 0.1000000015
17718  -45.148  -48.008  -16.031 0.1000000015
18307  -33.420  -47.007  6.398 0.2000000030
18308  -33.851  -46.874  6.497 0.2000000030
18322  -32.430  -47.070  5.439 0.3000000119
18336  -32.812  -46.338  5.247 0.2000000030
18342  -31.530  -46.653  3.471 0.3000000119
18343  -32.046  -46.552  4.091 0.3000000119
18349  -30.787  -46.575  2.010 0.3000000119
18360  -30.413  -46.644  1.350 0.3000000119
18375  -35.265  -47.140  0.005 0.2000000030
18414  -30.415  -46.739  -0.890 0.3000000119
18416  -34.091  -46.778  -1.811 0.3000000119
18440  -30.691  -46.653  -1.455 0.3000000119
18443  -35.647  -46.459  -2.301 0.4000000060
18607  -30.669  -46.935  -11.999 0.1000000015
18633  -45.053  -46.430  -15.170 0.1000000015
18648  -44.844  -46.293  -15.301 0.1000000015
18654  -33.168  -47.335  -15.292 0.1000000015
18657  -35.769  -46.355  -16.335 0.1000000015
18666  -35.519  -46.995  -16.453 0.1000000015
18667  -36.122  -46.989  -16.519 0.1000000015
19269  -33.633  -46.120  5.648 0.2000000030
19284  -32.584  -46.081  4.613 0.2000000030
19323  -30.292  -45.939  0.913 0.3000000119
19573  -42.839  -46.642  -12.991 0.1000000015
19592  -31.834  -45.477  -13.815 0.1000000015
20248  -34.592  -44.573  4.515 0.1000000015
20266  -33.205  -44.264  3.716 0.2000000030
20287  -30.973  -44.264  1.723 0.2000000030
20288  -31.346  -44.145  2.207 0.2000000030
20407  -31.730  -45.261  -4.047 0.3000000119
20423  -32.742  -45.194  -5.088 0.3000000119
20468  -38.684  -44.850  -7.374 0.1000000015
20600  -32.839  -45.039  -14.717 0.1000000015
20607  -46.244  -44.610  -14.170 0.1000000015
20621  -34.086  -45.174  -15.477 0.1000000015
21194  -35.398  -43.788  4.467 0.1000000015
21211  -33.261  -43.671  3.459 0.1000000015
21214  -35.472  -43.048  4.380 0.1000000015
21241  -31.010  -43.860  1.275 0.2000000030
21262  -31.234  -43.709  0.619 0.2000000030
21306  -31.757  -43.709  -1.309 0.3000000119
21374  -32.890  -43.760  -4.202 0.3000000119
21422  -41.457  -44.258  -5.792 0.1000000015
21498  -45.029  -43.675  -11.900 0.1000000015
21511  -32.149  -43.481  -12.836 0.1000000015
21529  -33.147  -43.459  -14.074 0.1000000015
21530  -45.018  -44.102  -13.449 0.1000000015
22161  -32.358  -43.152  2.280 0.1000000015
22215  -34.298  -41.518  -0.749 0.2000000030
22273  -33.556  -42.657  -2.319 0.3000000119
22294  -33.525  -42.933  -2.735 0.3000000119
22310  -37.496  -42.729  -3.994 0.1000000015
22454  -32.619  -42.972  -13.051 0.1000000015
23095  -35.486  -40.913  2.679 0.1000000015
23180  -35.039  -41.494  -0.813 0.2000000030
23389  -34.899  -41.121  -13.957 0.1000000015
23400  -34.333  -41.880  -14.142 0.1000000015
24296  -33.039  -40.250  -12.086 0.1000000015
24309  -33.341  -40.844  -12.653 0.1000000015
24322  -35.213  -41.010  -14.076 0.1000000015
25251  -33.650  -38.678  -11.415 0.1000000015
26160  -34.198  -38.224  -11.528 0.1000000015
26175  -36.208  -38.238  -12.754 0.1000000015
