#!ascii label  , from subject sub.01.dh.02.long.sub.01.base.03 vox2ras=TkReg
971
55528  -24.869  -9.215  -18.674 0.4285714328
57741  -25.573  -7.834  -19.576 0.2857142985
56700  -25.201  -8.307  -20.079 0.4285714328
57742  -26.060  -7.513  -18.761 0.4285714328
58861  -25.778  -7.096  -20.726 0.2857142985
58845  -25.962  -6.824  -19.858 0.4285714328
59924  -26.647  -6.077  -19.191 0.4285714328
59943  -26.553  -5.580  -21.207 0.4285714328
61083  -26.920  -5.226  -22.629 0.4285714328
61084  -27.206  -4.554  -22.128 0.4285714328
62292  -27.651  -4.117  -23.823 0.5714285970
62270  -27.647  -3.767  -22.662 0.5714285970
62253  -27.982  -2.921  -21.748 0.2857142985
62293  -28.093  -3.316  -23.534 0.7142857313
62271  -28.095  -2.950  -22.690 0.7142857313
64617  -29.072  -1.365  -23.586 0.7142857313
64600  -29.306  -1.093  -22.500 0.4285714328
63443  -28.452  -2.551  -23.198 0.7142857313
64599  -28.761  -1.789  -22.834 0.5714285970
65790  -29.689  -0.555  -23.060 0.5714285970
64636  -29.024  -1.484  -24.655 0.5714285970
65805  -29.601  -0.709  -24.149 0.5714285970
65822  -30.103  0.029  -24.735 0.5714285970
65806  -30.282  0.017  -23.544 0.5714285970
66984  -31.018  0.400  -25.391 0.5714285970
66970  -32.015  0.574  -24.375 0.5714285970
65840  -30.089  -0.315  -25.905 0.7142857313
66985  -32.034  0.517  -25.510 0.7142857313
66971  -32.853  0.916  -24.547 0.5714285970
65854  -29.455  -0.990  -26.874 0.5714285970
66995  -31.433  0.164  -26.361 0.8571428657
66986  -32.520  0.938  -25.613 0.7142857313
68108  -33.134  1.323  -24.614 0.5714285970
65856  -31.039  -0.252  -27.095 0.7142857313
65868  -30.767  -0.517  -27.909 0.5714285970
68128  -32.856  2.288  -26.084 0.7142857313
68109  -33.270  1.863  -24.554 0.5714285970
66996  -31.989  0.537  -26.711 0.7142857313
68127  -32.655  1.475  -26.139 0.7142857313
69371  -33.100  2.876  -25.603 0.5714285970
68135  -32.149  1.355  -27.201 0.7142857313
70509  -33.266  3.889  -25.911 0.7142857313
69389  -32.202  2.500  -27.382 0.7142857313
69382  -32.762  3.017  -26.538 0.7142857313
70520  -33.160  3.923  -26.946 0.7142857313
72680  -33.848  5.509  -27.112 0.7142857313
71593  -33.491  4.776  -25.812 0.5714285970
69390  -32.704  3.370  -27.305 0.7142857313
68140  -31.232  1.413  -28.006 0.5714285970
73710  -33.815  6.429  -26.571 0.5714285970
73711  -34.016  7.181  -26.425 0.5714285970
70536  -32.674  3.954  -28.134 0.8571428657
70526  -32.473  3.390  -27.918 0.8571428657
73730  -34.016  7.155  -27.075 0.7142857313
73729  -33.808  6.444  -27.495 0.7142857313
71617  -33.510  4.639  -27.523 0.8571428657
72691  -33.604  5.584  -28.174 0.7142857313
75771  -33.714  8.812  -28.871 0.8571428657
75753  -34.260  8.722  -27.827 0.5714285970
74756  -33.633  7.696  -28.090 0.8571428657
73757  -33.096  7.092  -29.088 0.8571428657
73744  -33.471  6.863  -28.314 0.8571428657
78026  -33.480  10.243  -29.656 0.8571428657
79178  -33.682  10.762  -29.147 0.8571428657
80204  -32.828  11.789  -29.255 0.8571428657
74755  -33.547  7.851  -28.875 0.8571428657
79196  -32.161  11.177  -30.295 1.0000000000
79177  -32.960  11.253  -29.528 1.0000000000
76859  -33.647  9.367  -29.241 0.8571428657
79176  -32.304  11.522  -29.811 1.0000000000
79197  -32.771  10.544  -30.008 1.0000000000
81225  -31.472  13.054  -30.556 1.0000000000
82257  -30.614  14.050  -31.314 0.7142857313
80202  -31.738  12.553  -30.055 1.0000000000
80222  -31.755  12.150  -30.530 1.0000000000
82242  -31.352  13.805  -30.002 1.0000000000
86272  -29.739  17.682  -30.974 1.0000000000
85308  -29.801  17.058  -31.753 0.8571428657
87293  -29.668  19.131  -32.168 0.8571428657
91573  -30.418  23.445  -32.039 0.8571428657
89426  -30.161  21.677  -32.518 0.8571428657
88393  -30.056  20.995  -32.145 1.0000000000
93502  -30.314  25.440  -32.751 0.8571428657
92568  -30.478  24.489  -32.096 0.8571428657
93515  -30.166  25.646  -34.048 0.7142857313
91601  -29.852  23.602  -34.053 0.5714285970
93514  -30.325  26.189  -34.910 0.7142857313
94345  -30.080  26.868  -34.083 0.5714285970
92622  -28.575  24.733  -35.532 0.5714285970
92595  -29.749  24.084  -35.308 0.5714285970
94367  -28.600  27.429  -35.524 0.4285714328
95169  -28.863  27.908  -35.337 0.4285714328
93527  -26.722  25.355  -34.309 0.2857142985
94354  -27.162  26.703  -34.120 0.2857142985
93540  -27.354  25.327  -34.756 0.2857142985
93513  -26.912  25.817  -33.558 0.2857142985
57762  -25.583  -7.567  -20.315 0.2857142985
68121  -32.927  1.387  -25.146 0.5714285970
74717  -34.276  7.809  -26.710 0.5714285970
75772  -33.863  8.424  -28.266 0.8571428657
76839  -34.098  9.375  -28.485 0.8571428657
76860  -33.839  9.974  -29.003 0.8571428657
79151  -33.157  11.680  -29.119 0.8571428657
83281  -30.323  15.072  -31.322 0.8571428657
93487  -27.641  25.974  -31.596 0.1428571492
57782  -25.556  -7.602  -21.269 0.2857142985
58881  -25.836  -6.958  -21.605 0.2857142985
58862  -26.093  -6.426  -20.925 0.2857142985
59934  -26.498  -5.888  -20.166 0.4285714328
61072  -27.223  -4.693  -20.964 0.4285714328
58882  -26.131  -6.249  -21.925 0.2857142985
61106  -27.017  -5.374  -23.090 0.5714285970
63424  -28.446  -2.290  -22.236 0.4285714328
62310  -27.970  -3.525  -24.489 0.2857142985
63461  -28.401  -2.681  -24.228 0.7142857313
64616  -28.626  -2.061  -23.625 0.7142857313
66954  -31.992  0.587  -23.217 0.4285714328
65821  -29.401  -0.805  -25.268 0.7142857313
66969  -31.003  0.644  -24.026 0.7142857313
65855  -30.179  -0.710  -27.062 0.5714285970
70493  -33.398  3.463  -24.799 0.5714285970
65869  -31.285  -0.089  -27.778 0.5714285970
69357  -33.288  2.580  -24.889 0.5714285970
69381  -32.548  2.112  -26.672 0.7142857313
74771  -33.142  7.621  -29.733 1.0000000000
81211  -32.104  12.627  -29.254 1.0000000000
78041  -32.460  10.159  -30.673 1.0000000000
81237  -30.987  13.122  -31.277 0.8571428657
83298  -29.922  15.369  -32.009 0.7142857313
84301  -30.432  16.107  -30.669 1.0000000000
84325  -29.894  15.781  -31.985 0.7142857313
87285  -29.653  18.774  -31.038 0.8571428657
88386  -30.122  20.813  -31.330 1.0000000000
88374  -29.814  19.865  -31.172 1.0000000000
92580  -30.212  24.548  -33.471 0.7142857313
93542  -28.951  26.106  -35.765 0.7142857313
92596  -30.160  24.569  -34.856 0.5714285970
92609  -30.171  25.179  -35.471 0.7142857313
94344  -30.023  26.790  -35.098 0.7142857313
94365  -27.536  26.585  -34.832 0.2857142985
94366  -28.176  27.053  -35.442 0.4285714328
95158  -29.546  27.662  -34.726 0.4285714328
95179  -28.464  28.221  -35.806 0.4285714328
95177  -27.552  27.934  -35.708 0.4285714328
64651  -28.555  -2.145  -24.879 0.4285714328
64652  -28.710  -1.634  -25.670 0.4285714328
55551  -24.737  -8.987  -19.702 0.4285714328
56676  -25.407  -8.404  -19.111 0.4285714328
56721  -25.326  -8.272  -20.968 0.2857142985
55571  -24.788  -8.807  -20.625 0.2857142985
57763  -25.726  -7.407  -19.606 0.4285714328
59959  -26.542  -5.682  -22.290 0.2857142985
61071  -26.806  -5.092  -21.854 0.4285714328
59985  -26.820  -5.743  -23.001 0.4285714328
61107  -27.254  -4.872  -23.233 0.4285714328
66955  -32.910  0.625  -23.447 0.5714285970
66994  -30.759  -0.132  -26.394 0.7142857313
65839  -29.313  -0.883  -26.338 0.7142857313
65857  -31.498  0.047  -26.994 0.5714285970
68122  -33.020  2.056  -25.401 0.5714285970
67005  -31.327  0.515  -27.842 0.7142857313
71609  -33.567  4.684  -26.597 0.7142857313
69397  -31.828  2.737  -28.232 0.8571428657
73745  -33.690  7.233  -27.639 0.8571428657
75788  -33.412  8.531  -29.564 0.8571428657
76838  -33.789  9.212  -28.840 0.8571428657
73743  -33.046  6.177  -28.950 0.8571428657
76872  -32.997  9.336  -30.176 1.0000000000
81238  -31.394  12.667  -31.009 1.0000000000
91584  -30.337  23.555  -33.007 0.8571428657
93529  -30.355  25.509  -35.092 0.5714285970
93528  -30.085  25.999  -35.743 0.5714285970
92608  -29.592  24.708  -35.727 0.5714285970
92621  -27.727  24.576  -34.985 0.4285714328
93541  -28.107  25.735  -35.159 0.4285714328
93512  -26.233  25.102  -33.769 0.2857142985
94343  -27.267  26.852  -33.202 0.2857142985
84300  -30.260  16.470  -31.052 1.0000000000
94355  -29.365  26.970  -35.418 0.5714285970
97701  -28.243  30.629  -34.684 0.2857142985
97686  -27.686  31.079  -33.934 0.1428571492
96839  -28.504  29.906  -35.410 0.2857142985
97702  -29.120  30.547  -35.071 0.2857142985
95995  -27.254  28.716  -35.444 0.1428571492
96849  -27.598  29.178  -36.047 0.2857142985
96838  -27.550  29.637  -35.047 0.1428571492
97687  -29.589  30.231  -34.472 0.2857142985
96800  -32.796  29.290  -31.743 0.2857142985
97675  -30.965  30.086  -32.844 0.2857142985
97685  -26.986  30.842  -33.330 0.1428571492
96007  -28.663  28.577  -35.698 0.2857142985
95147  -30.859  28.154  -32.243 0.2857142985
96851  -28.646  29.188  -35.662 0.2857142985
95114  -33.063  27.042  -30.711 0.1428571492
95972  -30.713  28.727  -32.654 0.2857142985
96828  -30.195  29.331  -33.347 0.2857142985
97700  -27.478  30.356  -34.116 0.1428571492
95986  -29.546  28.732  -34.119 0.2857142985
96840  -29.194  29.563  -34.935 0.2857142985
93491  -35.147  25.475  -31.200 0.1428571492
94325  -34.291  26.474  -30.822 0.1428571492
95957  -31.963  28.764  -31.446 0.4285714328
95159  -29.985  27.869  -33.835 0.2857142985
91560  -32.250  23.498  -29.458 0.2857142985
94306  -31.450  25.840  -31.072 0.4285714328
95129  -30.660  26.822  -32.181 0.2857142985
90476  -33.165  22.051  -28.577 0.1428571492
93470  -32.652  25.067  -29.613 0.2857142985
92558  -31.051  24.480  -30.892 0.5714285970
93488  -30.737  25.460  -31.873 0.7142857313
89374  -32.763  21.173  -28.370 0.1428571492
90487  -32.653  22.721  -29.004 0.1428571492
92569  -30.797  24.979  -31.488 0.7142857313
94335  -30.247  26.415  -32.980 0.4285714328
91559  -31.415  23.489  -29.836 0.4285714328
87271  -32.917  19.458  -27.786 0.2857142985
87280  -31.414  19.793  -28.681 0.7142857313
92557  -30.645  23.961  -31.549 0.7142857313
89382  -30.917  21.390  -29.798 0.8571428657
90498  -30.517  22.566  -30.763 0.5714285970
86247  -32.514  17.561  -27.378 0.2857142985
87259  -32.718  18.537  -27.446 0.2857142985
90485  -30.834  22.168  -30.085 0.7142857313
89425  -29.925  21.290  -33.277 0.5714285970
89397  -30.434  21.547  -30.604 0.8571428657
85278  -33.517  16.948  -27.500 0.1428571492
87279  -30.712  18.993  -29.017 0.7142857313
84274  -33.567  16.001  -27.226 0.1428571492
75811  -31.033  8.523  -31.628 0.5714285970
79195  -31.679  11.564  -31.032 0.8571428657
80238  -31.186  12.256  -31.533 0.8571428657
79207  -31.228  11.324  -31.553 0.4285714328
85302  -30.115  16.835  -31.026 0.8571428657
84279  -31.485  15.423  -28.956 0.8571428657
86273  -30.163  18.340  -30.094 0.8571428657
83211  -32.668  15.387  -27.267 0.2857142985
86255  -31.081  17.174  -28.537 0.8571428657
83213  -34.418  15.284  -27.224 0.4285714328
85285  -31.541  16.583  -27.886 0.7142857313
87269  -31.063  18.118  -28.406 0.7142857313
74797  -30.357  7.704  -31.310 0.2857142985
76883  -32.101  9.581  -31.342 0.5714285970
76882  -31.496  9.391  -31.757 0.5714285970
83267  -31.187  14.244  -29.885 0.8571428657
84288  -30.990  15.680  -29.557 0.8571428657
85294  -30.753  16.704  -29.500 0.8571428657
83229  -32.373  14.828  -27.596 0.4285714328
83228  -31.794  14.772  -28.745 0.8571428657
85284  -31.262  16.214  -28.767 0.8571428657
82180  -33.514  14.081  -27.396 0.4285714328
69402  -30.917  2.638  -29.126 0.7142857313
70548  -30.973  3.739  -30.050 0.4285714328
69396  -31.079  2.147  -28.537 0.7142857313
72700  -32.411  5.481  -29.546 0.8571428657
72707  -31.664  5.420  -30.309 0.5714285970
73771  -31.249  6.644  -31.129 0.5714285970
73770  -30.722  6.688  -31.071 0.4285714328
73756  -32.597  6.814  -29.759 0.8571428657
73764  -31.853  6.658  -30.876 0.5714285970
75796  -31.820  8.441  -31.430 0.5714285970
75797  -32.324  8.638  -30.924 0.7142857313
79152  -33.711  11.440  -28.710 0.7142857313
80183  -32.919  12.199  -28.834 0.7142857313
81196  -32.228  13.027  -28.851 0.7142857313
82205  -31.897  13.868  -29.016 0.8571428657
80168  -35.097  12.387  -27.275 0.2857142985
80167  -34.195  12.448  -27.711 0.4285714328
81198  -33.757  12.697  -27.785 0.5714285970
65875  -31.132  -0.203  -28.913 0.4285714328
67015  -31.343  0.406  -29.602 0.4285714328
69401  -30.228  2.268  -29.193 0.4285714328
71625  -33.009  4.535  -28.306 0.7142857313
71624  -32.564  4.699  -28.936 0.7142857313
72690  -32.947  5.285  -28.782 0.7142857313
74770  -32.811  7.385  -30.068 0.8571428657
78006  -34.198  10.475  -28.616 0.7142857313
79131  -34.866  11.344  -27.561 0.2857142985
79153  -34.421  11.144  -28.186 0.5714285970
65874  -30.962  -0.511  -28.868 0.4285714328
64688  -31.192  -1.182  -29.548 0.5714285970
67010  -30.841  0.542  -28.861 0.5714285970
68139  -30.750  1.360  -28.427 0.5714285970
70535  -32.242  3.856  -28.591 0.7142857313
75735  -34.495  8.572  -27.160 0.4285714328
76818  -34.794  9.847  -27.259 0.4285714328
77985  -35.054  10.583  -27.244 0.4285714328
78007  -34.707  10.706  -27.946 0.4285714328
64668  -28.946  -1.392  -26.679 0.5714285970
74702  -33.842  6.943  -25.576 0.4285714328
72666  -33.630  5.508  -26.176 0.4285714328
74703  -34.183  7.566  -25.716 0.4285714328
62252  -27.614  -3.803  -21.360 0.1428571492
71574  -33.435  4.469  -25.059 0.4285714328
72648  -33.480  5.351  -25.270 0.4285714328
73667  -33.533  5.959  -24.404 0.4285714328
64574  -28.951  -1.553  -21.858 0.1428571492
65791  -30.456  -0.101  -22.469 0.2857142985
66936  -34.560  1.012  -22.423 0.2857142985
69278  -34.828  2.998  -21.882 0.2857142985
68094  -34.277  1.989  -23.082 0.2857142985
70445  -34.421  3.561  -22.348 0.2857142985
69333  -33.983  2.487  -23.357 0.2857142985
68093  -33.797  1.800  -23.693 0.2857142985
71550  -33.688  4.260  -23.290 0.2857142985
71549  -33.497  4.292  -24.015 0.4285714328
62240  -28.281  -3.146  -20.501 0.1428571492
63408  -28.690  -2.161  -21.104 0.1428571492
64575  -29.733  -0.968  -21.517 0.2857142985
66903  -32.634  0.320  -21.383 0.2857142985
66904  -33.650  0.345  -21.604 0.2857142985
66935  -33.777  0.537  -22.550 0.2857142985
63388  -28.942  -2.471  -20.208 0.1428571492
65737  -31.515  -0.301  -20.306 0.2857142985
63389  -29.584  -1.860  -20.341 0.2857142985
65763  -31.123  -0.100  -20.823 0.2857142985
64576  -30.223  -0.775  -20.991 0.2857142985
66902  -31.529  0.237  -21.072 0.2857142985
58829  -26.340  -6.724  -18.945 0.2857142985
61061  -27.673  -4.670  -19.676 0.1428571492
59944  -27.007  -5.247  -20.318 0.2857142985
62239  -27.847  -4.055  -20.256 0.1428571492
55503  -24.733  -9.851  -18.084 0.2857142985
55527  -24.379  -9.893  -18.612 0.2857142985
59935  -27.064  -5.431  -19.599 0.2857142985
55504  -25.499  -9.416  -17.800 0.1428571492
54294  -24.238  -10.407  -18.155 0.2857142985
54312  -23.927  -10.388  -18.897 0.1428571492
63409  -29.360  -1.528  -21.103 0.1428571492
64547  -30.695  -0.788  -20.494 0.2857142985
66872  -32.328  0.145  -20.283 0.2857142985
66905  -34.567  0.551  -21.621 0.2857142985
66934  -32.854  0.415  -22.422 0.2857142985
68071  -34.724  1.773  -22.502 0.2857142985
66972  -33.324  1.356  -24.152 0.4285714328
69332  -33.587  2.712  -24.083 0.4285714328
70468  -33.810  3.443  -23.266 0.2857142985
72608  -33.756  5.000  -23.324 0.2857142985
70542  -31.345  3.746  -29.542 0.7142857313
74783  -32.525  7.466  -30.530 0.5714285970
73693  -33.840  6.912  -25.993 0.4285714328
76817  -34.560  9.301  -27.609 0.4285714328
76802  -35.014  9.956  -26.594 0.2857142985
79112  -35.546  11.583  -26.819 0.2857142985
79130  -34.304  11.786  -27.880 0.5714285970
88385  -29.874  20.160  -32.229 0.7142857313
82206  -32.289  13.866  -28.207 0.7142857313
87286  -29.951  19.532  -30.016 0.8571428657
90536  -30.011  22.675  -33.568 0.5714285970
90512  -30.375  22.578  -31.783 0.7142857313
81176  -34.085  13.242  -27.520 0.2857142985
89413  -30.257  21.701  -31.512 0.8571428657
87270  -31.815  18.894  -28.043 0.5714285970
92546  -31.882  24.441  -29.943 0.4285714328
96809  -26.068  29.720  -33.259 0.1428571492
95131  -32.400  27.722  -31.022 0.2857142985
94309  -33.554  26.349  -30.466 0.1428571492
97688  -30.253  30.331  -33.634 0.2857142985
56655  -25.559  -8.703  -18.397 0.1428571492
57743  -26.651  -7.351  -18.164 0.1428571492
63362  -29.500  -2.444  -19.577 0.1428571492
63363  -30.354  -1.907  -19.528 0.1428571492
65761  -29.973  -0.605  -22.181 0.2857142985
65762  -30.647  -0.259  -21.328 0.2857142985
66933  -31.885  0.399  -22.144 0.2857142985
66953  -31.075  0.453  -22.858 0.2857142985
65878  -31.595  -0.878  -29.364 0.5714285970
68150  -29.892  1.454  -29.547 0.2857142985
71532  -34.090  4.312  -22.752 0.2857142985
73642  -34.029  6.126  -23.236 0.2857142985
70534  -31.590  3.138  -28.887 0.7142857313
70543  -31.737  3.850  -29.032 0.5714285970
71643  -29.976  4.711  -30.815 0.4285714328
71639  -31.091  4.418  -30.224 0.5714285970
75810  -30.435  8.289  -31.611 0.2857142985
74798  -31.199  7.309  -31.301 0.5714285970
73668  -33.820  6.892  -24.081 0.2857142985
72708  -32.196  6.215  -30.206 0.7142857313
76899  -30.799  9.708  -32.029 0.2857142985
74682  -34.284  7.657  -24.545 0.1428571492
76786  -34.746  9.360  -25.988 0.4285714328
75722  -34.480  8.553  -26.272 0.4285714328
76787  -35.227  9.989  -25.743 0.1428571492
82226  -31.660  13.700  -29.475 0.8571428657
77970  -35.399  10.683  -26.317 0.1428571492
82207  -32.903  13.933  -27.601 0.5714285970
84281  -32.206  15.954  -27.420 0.7142857313
84275  -34.455  16.296  -27.611 0.1428571492
95168  -27.056  27.763  -34.797 0.2857142985
85286  -32.151  16.960  -27.542 0.4285714328
86248  -33.595  17.987  -27.487 0.1428571492
89383  -31.412  21.312  -28.978 0.5714285970
87260  -33.480  18.846  -27.612 0.1428571492
88345  -32.256  20.188  -28.342 0.1428571492
89375  -33.695  21.344  -28.425 0.1428571492
95985  -26.575  28.846  -34.273 0.1428571492
90486  -31.554  22.429  -29.431 0.5714285970
91561  -33.169  23.519  -29.296 0.1428571492
94324  -31.809  26.955  -31.141 0.2857142985
94307  -31.844  26.207  -30.769 0.2857142985
92547  -32.832  24.321  -29.453 0.2857142985
92560  -34.225  24.335  -29.765 0.1428571492
93480  -34.940  24.946  -30.568 0.1428571492
93479  -34.266  25.386  -30.224 0.1428571492
96801  -33.408  29.075  -31.789 0.2857142985
95959  -34.020  28.589  -31.817 0.1428571492
95133  -34.445  27.464  -31.386 0.1428571492
57725  -27.084  -7.570  -17.687 0.1428571492
62228  -28.478  -3.975  -19.377 0.1428571492
66937  -35.075  1.425  -21.945 0.2857142985
80149  -35.620  12.146  -26.913 0.2857142985
94336  -35.221  26.363  -32.076 0.1428571492
96814  -33.639  29.607  -32.480 0.2857142985
55550  -24.258  -9.713  -19.306 0.2857142985
56677  -25.828  -8.242  -18.552 0.1428571492
57724  -26.521  -7.708  -18.139 0.1428571492
67011  -31.129  0.141  -28.906 0.4285714328
78040  -31.855  10.805  -31.114 0.8571428657
81210  -31.758  13.015  -29.598 0.8571428657
83266  -30.849  14.627  -30.195 0.8571428657
90523  -30.260  22.648  -32.679 0.5714285970
94322  -30.606  26.087  -32.235 0.5714285970
95146  -30.449  27.624  -32.843 0.2857142985
95996  -29.011  28.613  -35.085 0.2857142985
77984  -34.695  10.028  -27.931 0.4285714328
76871  -32.464  9.428  -30.777 0.5714285970
85303  -30.289  17.243  -30.252 0.8571428657
88375  -30.321  20.589  -30.350 0.8571428657
95187  -27.997  28.643  -36.380 0.2857142985
96006  -28.302  28.821  -36.194 0.2857142985
96005  -27.573  28.717  -36.148 0.2857142985
96799  -32.164  29.397  -31.806 0.2857142985
96811  -30.742  29.491  -32.787 0.2857142985
96826  -26.625  29.814  -33.813 0.1428571492
95973  -31.211  28.561  -31.999 0.2857142985
95130  -31.210  27.647  -31.658 0.2857142985
96827  -29.630  29.679  -34.043 0.2857142985
95132  -33.537  27.851  -30.964 0.1428571492
95115  -33.800  27.055  -30.835 0.1428571492
95987  -30.217  28.459  -33.374 0.2857142985
93490  -34.654  25.967  -30.894 0.1428571492
93478  -33.134  25.729  -29.878 0.1428571492
94326  -34.781  26.469  -31.390 0.1428571492
95958  -33.048  28.646  -31.295 0.1428571492
93476  -31.508  25.431  -30.703 0.4285714328
94323  -31.247  26.294  -31.566 0.5714285970
90488  -33.611  22.761  -29.029 0.1428571492
90475  -32.220  21.837  -28.707 0.1428571492
93477  -32.145  25.501  -30.154 0.2857142985
93471  -33.450  25.013  -29.478 0.2857142985
92559  -31.606  24.988  -30.364 0.4285714328
92545  -31.281  24.001  -30.234 0.5714285970
91567  -30.678  23.418  -31.243 0.7142857313
88360  -31.528  20.549  -28.706 0.4285714328
88359  -30.819  20.334  -29.299 0.7142857313
86246  -32.076  17.784  -27.442 0.5714285970
86266  -30.651  17.771  -29.290 0.8571428657
75812  -31.825  8.893  -31.527 0.5714285970
78051  -32.060  10.245  -31.308 0.5714285970
80252  -30.817  11.801  -31.955 0.4285714328
78050  -31.413  10.329  -31.725 0.4285714328
83227  -31.616  15.104  -29.054 0.8571428657
84280  -31.672  15.607  -28.154 0.8571428657
83212  -33.318  14.997  -27.125 0.5714285970
86256  -31.712  17.639  -27.660 0.8571428657
68145  -30.357  1.386  -28.819 0.5714285970
70541  -30.786  3.054  -29.832 0.4285714328
71633  -32.042  4.420  -29.377 0.7142857313
71632  -31.632  4.588  -29.862 0.7142857313
72706  -30.897  5.082  -30.828 0.4285714328
73763  -31.143  6.035  -30.905 0.5714285970
74782  -31.892  7.791  -31.283 0.5714285970
72713  -30.392  5.800  -30.893 0.2857142985
73765  -32.333  6.771  -30.381 0.7142857313
75798  -33.001  8.196  -30.275 0.8571428657
80184  -33.680  12.243  -28.150 0.5714285970
81197  -33.093  13.017  -27.950 0.7142857313
67016  -32.127  -0.011  -29.643 0.5714285970
64695  -32.781  -0.868  -30.358 0.5714285970
76801  -34.721  9.266  -26.835 0.4285714328
70467  -33.536  3.468  -24.029 0.4285714328
73692  -33.618  6.312  -25.583 0.4285714328
74681  -33.838  6.912  -24.986 0.4285714328
72631  -33.486  5.051  -24.544 0.4285714328
66932  -31.040  0.327  -21.843 0.2857142985
66957  -34.240  1.463  -23.052 0.2857142985
66956  -33.668  1.040  -23.427 0.2857142985
69306  -34.409  2.624  -22.639 0.2857142985
63361  -28.836  -2.962  -19.656 0.1428571492
64546  -29.985  -1.233  -20.769 0.2857142985
65736  -30.958  -0.332  -20.710 0.2857142985
66871  -31.767  0.101  -20.523 0.2857142985
55505  -26.487  -9.338  -17.236 0.1428571492
95984  -26.144  29.354  -33.812 0.1428571492
56656  -26.278  -8.375  -17.976 0.1428571492
58830  -27.052  -6.706  -18.225 0.1428571492
87306  -30.194  19.714  -34.023 0.5714285970
85322  -29.854  17.630  -33.793 0.4285714328
86288  -30.256  18.626  -34.055 0.4285714328
87300  -30.243  19.424  -33.141 0.5714285970
88392  -30.141  20.552  -33.061 0.4285714328
83297  -29.991  15.084  -32.740 0.4285714328
84324  -29.885  16.136  -32.345 0.4285714328
83318  -29.620  15.704  -33.282 0.4285714328
85315  -29.816  17.317  -32.742 0.5714285970
86277  -29.506  18.042  -31.991 0.5714285970
86283  -29.918  18.374  -33.038 0.5714285970
80237  -30.783  12.807  -31.943 0.5714285970
70424  -35.992  2.902  -21.177 0.1428571492
71513  -34.772  4.419  -21.900 0.1428571492
61128  -27.293  -4.776  -24.147 0.2857142985
69256  -36.936  2.250  -20.215 0.1428571492
69280  -36.086  2.171  -21.217 0.1428571492
70406  -37.127  3.485  -19.921 0.1428571492
60005  -27.023  -5.293  -23.797 0.2857142985
66875  -35.344  0.463  -20.685 0.1428571492
66876  -36.204  0.924  -20.588 0.1428571492
66906  -35.377  0.995  -21.448 0.1428571492
68012  -36.479  1.731  -20.755 0.1428571492
69227  -37.508  2.239  -18.588 0.1428571492
68013  -36.819  1.730  -20.313 0.1428571492
71475  -39.068  4.888  -18.248 0.1428571492
70381  -38.083  3.573  -18.345 0.1428571492
71474  -38.559  4.351  -18.746 0.1428571492
59986  -26.932  -5.456  -23.371 0.2857142985
60004  -26.475  -5.719  -23.553 0.2857142985
66849  -33.079  0.142  -19.808 0.1428571492
66850  -34.050  0.141  -19.874 0.1428571492
66874  -34.378  0.345  -20.744 0.1428571492
66873  -33.382  0.266  -20.643 0.1428571492
66853  -36.744  1.026  -19.736 0.1428571492
66852  -36.123  0.289  -19.513 0.1428571492
67978  -37.220  1.516  -19.119 0.1428571492
70356  -38.598  2.668  -16.403 0.1428571492
70370  -38.914  3.827  -16.991 0.1428571492
70369  -38.144  2.979  -17.210 0.1428571492
58925  -26.062  -6.272  -23.255 0.2857142985
58907  -25.476  -6.537  -22.480 0.2857142985
65707  -31.930  -0.448  -19.771 0.1428571492
65709  -33.588  -0.075  -19.039 0.1428571492
65710  -34.628  0.075  -18.970 0.1428571492
66834  -36.466  0.276  -18.784 0.1428571492
66851  -35.050  0.227  -19.836 0.1428571492
67952  -37.426  0.800  -17.300 0.1428571492
69206  -38.344  1.956  -16.265 0.1428571492
67967  -37.566  1.237  -17.246 0.1428571492
71452  -40.273  4.048  -16.746 0.1428571492
71451  -39.570  3.820  -16.736 0.1428571492
64548  -31.205  -0.837  -20.053 0.1428571492
65708  -32.498  -0.361  -19.317 0.1428571492
64519  -32.095  -0.851  -18.996 0.1428571492
65685  -34.188  -0.510  -17.942 0.1428571492
64492  -33.350  -0.894  -17.838 0.1428571492
64468  -36.403  -1.109  -17.032 0.1428571492
65670  -36.814  -0.515  -17.409 0.1428571492
65686  -35.251  -0.264  -18.256 0.1428571492
66823  -37.106  0.415  -17.797 0.1428571492
69207  -38.971  2.433  -15.928 0.1428571492
67953  -37.788  0.946  -16.543 0.1428571492
70358  -40.073  3.295  -16.378 0.1428571492
69208  -39.801  2.464  -15.917 0.1428571492
63329  -31.648  -1.706  -18.258 0.1428571492
63390  -30.332  -1.440  -20.212 0.1428571492
63291  -34.225  -2.120  -16.838 0.1428571492
64465  -33.561  -1.428  -17.481 0.1428571492
64491  -32.498  -1.048  -18.310 0.1428571492
65668  -34.987  -0.755  -17.526 0.1428571492
64493  -33.895  -1.037  -17.568 0.1428571492
65684  -33.114  -0.521  -18.484 0.1428571492
64444  -37.140  -1.477  -16.451 0.1428571492
64445  -37.637  -1.249  -16.176 0.1428571492
66808  -37.818  0.132  -16.335 0.1428571492
65651  -37.333  -0.680  -16.788 0.1428571492
69188  -38.589  1.552  -15.774 0.1428571492
66807  -37.470  0.040  -16.940 0.1428571492
63290  -33.715  -2.000  -17.063 0.1428571492
63289  -32.807  -1.844  -17.439 0.1428571492
63255  -35.718  -2.526  -16.490 0.1428571492
63254  -34.780  -2.428  -16.687 0.1428571492
63257  -37.002  -2.255  -16.076 0.1428571492
64443  -36.100  -1.751  -16.649 0.1428571492
66785  -38.392  0.233  -15.758 0.1428571492
64425  -37.891  -1.522  -15.747 0.1428571492
64441  -34.791  -1.879  -16.728 0.1428571492
65669  -35.870  -0.612  -17.601 0.1428571492
65687  -36.140  -0.091  -18.522 0.1428571492
71463  -40.636  4.666  -17.103 0.1428571492
70357  -39.090  3.165  -16.381 0.1428571492
69240  -37.340  2.341  -19.497 0.1428571492
70368  -37.828  2.729  -17.683 0.1428571492
69307  -34.904  2.319  -22.097 0.1428571492
70404  -35.844  3.770  -20.986 0.1428571492
67935  -38.840  1.153  -15.472 0.1428571492
67936  -39.750  1.491  -15.536 0.1428571492
71453  -40.947  4.122  -16.786 0.1428571492
72519  -41.210  5.123  -17.519 0.1428571492
82271  -30.149  14.480  -32.099 0.4285714328
72517  -39.696  5.230  -18.046 0.1428571492
71461  -38.578  4.165  -17.730 0.1428571492
71462  -39.561  4.621  -17.285 0.1428571492
70394  -38.103  3.811  -19.340 0.1428571492
71514  -35.501  4.546  -21.231 0.1428571492
72594  -34.300  5.186  -22.558 0.1428571492
88401  -29.748  20.646  -33.806 0.4285714328
89438  -29.617  21.688  -33.923 0.4285714328
95988  -34.877  28.858  -33.481 0.1428571492
58908  -26.370  -6.225  -22.876 0.2857142985
96829  -33.912  30.021  -33.210 0.1428571492
64518  -31.652  -0.873  -19.544 0.1428571492
64517  -30.936  -1.275  -19.852 0.1428571492
74656  -34.338  7.404  -23.434 0.1428571492
68039  -35.657  1.663  -21.548 0.1428571492
69279  -35.449  2.482  -21.597 0.1428571492
70422  -34.821  3.636  -21.809 0.1428571492
69255  -36.489  2.677  -20.685 0.1428571492
70405  -36.177  3.591  -20.758 0.1428571492
67992  -37.060  1.660  -19.917 0.1428571492
68040  -36.114  1.683  -21.218 0.1428571492
70393  -37.659  3.045  -18.976 0.1428571492
71499  -35.863  4.130  -20.871 0.1428571492
71500  -36.534  4.639  -20.538 0.1428571492
66877  -36.692  1.377  -20.285 0.1428571492
69217  -37.720  2.330  -17.790 0.1428571492
66848  -32.628  0.026  -19.795 0.1428571492
66835  -36.885  0.671  -18.790 0.1428571492
65711  -35.561  0.115  -19.024 0.1428571492
67966  -37.387  1.375  -17.986 0.1428571492
69218  -37.808  1.810  -17.169 0.1428571492
65688  -36.726  0.125  -18.298 0.1428571492
67934  -38.322  1.189  -15.885 0.1428571492
63364  -31.241  -1.588  -19.150 0.1428571492
63330  -32.189  -1.582  -17.810 0.1428571492
64466  -34.491  -1.443  -17.152 0.1428571492
64464  -33.032  -1.268  -17.718 0.1428571492
64469  -36.820  -1.046  -16.985 0.1428571492
64467  -35.525  -1.223  -17.065 0.1428571492
64424  -37.485  -1.791  -15.916 0.1428571492
65652  -37.780  -0.679  -16.244 0.1428571492
65634  -38.446  -0.810  -15.676 0.1428571492
64442  -35.225  -1.839  -16.683 0.1428571492
53123  -22.987  -11.256  -19.702 0.1428571492
54326  -23.254  -10.499  -19.953 0.1428571492
54327  -23.750  -10.261  -19.571 0.1428571492
55570  -24.042  -9.557  -20.257 0.1428571492
55588  -24.275  -8.786  -20.990 0.1428571492
55589  -24.887  -8.577  -21.328 0.1428571492
56739  -24.418  -8.080  -21.547 0.1428571492
56760  -25.178  -7.576  -22.096 0.1428571492
56740  -25.199  -8.045  -21.760 0.1428571492
57802  -25.506  -7.408  -21.991 0.1428571492
57800  -23.644  -7.460  -21.417 0.1428571492
57801  -24.377  -7.288  -21.772 0.1428571492
57821  -25.289  -7.211  -22.181 0.1428571492
59983  -24.645  -5.743  -22.479 0.1428571492
60002  -24.817  -5.150  -22.816 0.1428571492
61126  -25.984  -4.598  -23.938 0.1428571492
60003  -25.587  -5.575  -23.217 0.1428571492
61127  -26.782  -5.030  -24.280 0.1428571492
61143  -27.134  -4.613  -24.667 0.1428571492
62309  -27.500  -4.147  -24.640 0.1428571492
61141  -26.220  -3.920  -24.314 0.2857142985
63477  -28.109  -2.786  -25.411 0.2857142985
64681  -29.335  -0.861  -27.420 0.4285714328
65873  -30.612  -0.615  -28.528 0.4285714328
64685  -30.716  -0.762  -29.092 0.4285714328
81248  -29.972  13.098  -33.013 0.2857142985
81249  -30.444  13.429  -32.214 0.2857142985
84347  -29.632  16.859  -35.233 0.2857142985
85331  -29.895  17.769  -34.747 0.2857142985
58926  -26.361  -6.123  -23.304 0.1428571492
61142  -26.689  -4.248  -24.716 0.2857142985
62323  -27.767  -3.611  -24.966 0.1428571492
59982  -23.757  -5.448  -22.289 0.1428571492
61125  -25.076  -4.499  -23.306 0.1428571492
62291  -25.357  -3.943  -23.624 0.1428571492
62308  -26.353  -3.391  -24.636 0.2857142985
62322  -27.394  -3.665  -25.109 0.2857142985
62321  -26.857  -3.540  -25.134 0.2857142985
63476  -27.253  -2.915  -25.473 0.2857142985
63478  -28.420  -1.958  -26.073 0.4285714328
65866  -29.242  -0.548  -27.946 0.2857142985
78064  -30.802  10.424  -32.122 0.2857142985
80251  -30.290  12.352  -32.576 0.2857142985
80266  -29.836  12.562  -33.534 0.2857142985
82270  -30.063  14.069  -32.917 0.2857142985
83336  -29.265  16.249  -33.828 0.2857142985
82307  -28.438  15.799  -34.839 0.2857142985
79219  -30.670  11.179  -32.199 0.2857142985
80250  -29.983  12.657  -33.131 0.2857142985
79218  -29.869  11.510  -32.880 0.2857142985
81261  -29.673  13.668  -33.524 0.2857142985
82283  -28.965  14.379  -33.826 0.2857142985
82284  -29.633  14.709  -33.412 0.2857142985
82294  -28.529  15.218  -34.271 0.2857142985
84337  -29.642  16.672  -33.407 0.2857142985
80265  -28.868  12.506  -34.083 0.2857142985
81260  -29.004  13.395  -33.982 0.2857142985
64669  -29.569  -0.932  -27.132 0.4285714328
64682  -29.944  -0.807  -27.744 0.4285714328
84348  -29.638  16.888  -34.347 0.2857142985
83317  -29.011  15.430  -33.718 0.2857142985
61155  -27.170  -4.239  -24.942 0.1428571492
59984  -25.181  -5.751  -22.711 0.1428571492
55587  -23.680  -8.982  -20.645 0.1428571492
56759  -24.835  -7.701  -21.964 0.1428571492
58906  -24.363  -6.436  -22.058 0.1428571492
63496  -28.476  -1.749  -26.406 0.4285714328
80278  -28.400  13.287  -34.685 0.2857142985
64692  -30.613  -1.042  -29.986 0.2857142985
64687  -30.503  -0.986  -29.382 0.2857142985
67022  -31.567  0.171  -30.261 0.2857142985
99534  -32.503  32.662  -35.841 0.1428571492
98686  -33.283  32.199  -35.606 0.1428571492
98676  -32.293  31.943  -34.754 0.1428571492
97690  -32.322  30.714  -33.286 0.1428571492
97677  -32.748  30.181  -32.782 0.1428571492
99544  -32.543  32.925  -36.909 0.1428571492
98661  -31.792  31.335  -33.903 0.1428571492
98659  -29.899  30.893  -34.588 0.1428571492
99530  -28.198  31.841  -36.627 0.1428571492
65883  -30.659  -0.462  -30.291 0.2857142985
67021  -30.755  0.342  -30.266 0.2857142985
97692  -33.922  30.181  -33.682 0.1428571492
96813  -32.466  29.763  -32.221 0.1428571492
98662  -32.801  31.126  -33.903 0.1428571492
98663  -33.290  30.772  -33.974 0.1428571492
96812  -31.486  29.407  -32.248 0.1428571492
97676  -31.882  30.217  -32.706 0.1428571492
99523  -30.671  32.240  -35.242 0.1428571492
99531  -29.035  32.040  -36.385 0.1428571492
99522  -29.633  32.022  -35.543 0.1428571492
98672  -28.602  31.411  -35.095 0.1428571492
98673  -29.384  31.372  -35.185 0.1428571492
97689  -31.320  30.693  -33.358 0.1428571492
98660  -30.741  31.218  -34.062 0.1428571492
64684  -30.290  -0.707  -28.598 0.2857142985
98685  -32.442  32.396  -35.424 0.1428571492
99543  -30.673  32.610  -36.979 0.1428571492
98675  -31.190  31.874  -34.538 0.1428571492
99524  -31.441  32.254  -34.999 0.1428571492
100393  -31.009  32.829  -37.874 0.1428571492
98674  -30.293  31.576  -34.913 0.1428571492
98677  -33.518  31.166  -34.520 0.1428571492
79232  -29.252  11.633  -33.357 0.1428571492
79233  -29.840  11.959  -33.368 0.1428571492
81274  -28.453  14.293  -34.644 0.1428571492
81272  -26.910  13.982  -35.341 0.1428571492
82293  -26.836  14.780  -35.685 0.1428571492
78063  -30.289  10.517  -32.457 0.1428571492
81285  -28.107  15.136  -34.711 0.1428571492
83351  -26.914  16.032  -36.147 0.1428571492
84357  -27.311  16.852  -35.902 0.1428571492
84356  -26.411  16.823  -35.891 0.2857142985
71638  -30.586  4.545  -30.520 0.2857142985
70552  -29.730  4.031  -30.519 0.1428571492
75825  -29.940  8.619  -31.837 0.1428571492
75826  -30.428  9.163  -31.919 0.1428571492
78062  -29.509  10.699  -32.898 0.1428571492
82181  -34.318  14.274  -27.206 0.1428571492
79231  -28.262  11.642  -34.204 0.1428571492
83354  -28.760  16.213  -35.036 0.1428571492
85329  -28.585  17.608  -35.591 0.1428571492
86296  -28.211  18.015  -35.332 0.2857142985
87315  -28.620  19.488  -34.823 0.2857142985
90554  -28.308  22.701  -35.871 0.2857142985
89446  -27.531  22.106  -35.074 0.2857142985
91628  -28.111  23.656  -35.380 0.2857142985
92578  -27.088  24.761  -32.186 0.1428571492
87316  -29.332  19.948  -34.338 0.2857142985
86307  -28.069  19.320  -35.188 0.2857142985
88409  -28.575  20.610  -35.079 0.2857142985
90535  -29.726  22.601  -34.546 0.2857142985
89447  -28.806  21.234  -35.877 0.2857142985
88414  -27.635  20.861  -36.107 0.2857142985
91616  -29.388  23.530  -35.540 0.2857142985
89455  -27.760  21.883  -35.833 0.2857142985
91629  -28.840  23.645  -35.701 0.2857142985
90545  -27.419  22.988  -34.648 0.2857142985
94334  -27.335  26.884  -32.108 0.1428571492
88408  -27.429  21.140  -35.177 0.1428571492
88407  -26.836  20.426  -34.472 0.1428571492
85337  -26.932  17.624  -35.491 0.2857142985
92620  -26.760  24.501  -34.748 0.1428571492
91627  -27.357  23.695  -34.848 0.2857142985
92607  -25.958  24.501  -34.524 0.1428571492
91614  -25.660  23.992  -34.308 0.1428571492
83316  -25.509  15.793  -35.122 0.2857142985
89436  -26.709  22.063  -33.416 0.1428571492
91572  -26.830  23.934  -31.586 0.1428571492
90533  -26.909  23.100  -33.316 0.1428571492
83296  -23.645  15.773  -32.731 0.1428571492
76897  -29.212  9.527  -32.849 0.1428571492
82182  -35.327  14.487  -27.244 0.1428571492
76908  -28.961  10.431  -33.163 0.1428571492
79244  -28.145  12.563  -34.551 0.1428571492
82306  -27.867  15.604  -35.188 0.1428571492
84346  -28.958  16.962  -35.580 0.1428571492
84345  -25.547  16.724  -35.456 0.2857142985
87322  -27.656  19.803  -35.778 0.1428571492
88415  -28.262  20.606  -36.088 0.2857142985
87314  -27.007  20.158  -35.538 0.1428571492
89424  -26.446  22.643  -32.704 0.1428571492
91599  -26.641  23.433  -33.894 0.1428571492
91598  -26.258  23.760  -33.637 0.1428571492
91583  -26.786  23.878  -32.590 0.1428571492
92594  -26.416  24.530  -33.281 0.1428571492
81177  -35.154  13.517  -27.246 0.1428571492
91600  -29.860  23.474  -35.035 0.2857142985
93500  -26.657  25.241  -33.066 0.1428571492
92606  -25.741  24.502  -33.968 0.1428571492
73769  -30.016  6.689  -30.647 0.1428571492
79097  -35.775  11.354  -25.946 0.1428571492
88410  -29.198  20.911  -34.351 0.2857142985
85330  -29.414  17.768  -35.443 0.1428571492
86298  -29.757  18.881  -34.914 0.1428571492
78076  -28.619  10.920  -33.507 0.1428571492
81273  -27.828  13.973  -35.248 0.1428571492
81283  -27.274  14.557  -35.411 0.1428571492
82304  -26.639  15.320  -35.973 0.1428571492
82305  -27.269  15.292  -35.703 0.1428571492
76898  -30.028  9.693  -32.376 0.1428571492
83352  -27.619  16.172  -35.677 0.1428571492
84358  -28.145  16.894  -35.710 0.1428571492
86297  -28.670  18.517  -35.302 0.2857142985
86306  -27.635  18.570  -35.114 0.2857142985
87323  -28.193  19.954  -35.571 0.2857142985
90553  -27.724  22.823  -35.358 0.2857142985
88400  -27.543  21.632  -34.642 0.1428571492
89448  -29.253  21.634  -35.079 0.2857142985
89456  -28.443  21.666  -36.235 0.2857142985
90546  -29.480  22.617  -35.474 0.2857142985
90555  -29.031  22.696  -36.098 0.2857142985
90534  -27.224  23.076  -33.901 0.2857142985
95145  -27.177  27.907  -32.777 0.1428571492
91615  -26.418  23.665  -34.470 0.2857142985
63459  -25.097  -2.401  -24.478 0.1428571492
63475  -26.407  -2.564  -25.246 0.1428571492
63493  -26.929  -2.330  -25.856 0.1428571492
64634  -25.137  -1.706  -24.922 0.1428571492
65838  -25.908  -0.700  -25.884 0.1428571492
65851  -26.237  -0.281  -26.601 0.1428571492
64650  -26.477  -1.823  -25.773 0.1428571492
64665  -26.983  -1.554  -26.272 0.1428571492
63494  -27.603  -2.311  -26.027 0.1428571492
65863  -27.091  -0.294  -27.331 0.1428571492
65864  -28.060  -0.765  -27.430 0.1428571492
64667  -28.453  -1.636  -26.671 0.1428571492
65865  -28.833  -0.734  -27.568 0.1428571492
64680  -28.705  -1.229  -27.147 0.1428571492
65862  -26.523  0.221  -27.298 0.1428571492
67004  -27.547  -0.140  -27.803 0.1428571492
65872  -29.347  -0.500  -28.645 0.1428571492
65881  -28.820  -0.320  -29.815 0.1428571492
68149  -29.536  1.532  -30.218 0.1428571492
69405  -29.395  2.316  -30.181 0.1428571492
85336  -25.917  17.662  -35.416 0.1428571492
63495  -28.225  -2.107  -26.246 0.1428571492
62306  -24.836  -2.879  -24.056 0.1428571492
64633  -24.436  -1.654  -24.727 0.1428571492
64649  -25.740  -1.400  -25.437 0.1428571492
89437  -27.599  22.184  -34.188 0.1428571492
69406  -30.034  2.752  -29.843 0.1428571492
64683  -29.751  -0.671  -28.212 0.1428571492
63460  -25.871  -2.743  -24.614 0.1428571492
64666  -27.869  -1.694  -26.626 0.1428571492
65877  -29.443  -0.617  -29.434 0.1428571492
63474  -25.627  -2.195  -24.977 0.1428571492
65837  -25.180  -0.226  -25.865 0.1428571492
64664  -26.347  -1.106  -25.902 0.1428571492
65852  -27.384  -1.001  -26.874 0.1428571492
67003  -26.882  0.370  -27.838 0.1428571492
65853  -27.909  -1.290  -27.030 0.1428571492
65871  -28.564  -0.342  -28.212 0.1428571492
66993  -25.595  0.508  -26.742 0.1428571492
63458  -24.159  -2.368  -24.149 0.1428571492
57820  -24.938  -7.180  -22.158 0.1428571492
58844  -25.737  -7.154  -20.305 0.2857142985
60001  -24.207  -5.092  -22.570 0.1428571492
61154  -27.028  -4.034  -25.124 0.1428571492
64490  -31.817  -1.214  -18.852 0.1428571492
64635  -28.667  -1.941  -24.217 0.7142857313
64679  -28.247  -1.385  -27.038 0.1428571492
64686  -29.957  -0.707  -29.026 0.2857142985
64689  -32.073  -1.398  -29.793 0.5714285970
64690  -32.883  -1.370  -29.972 0.5714285970
64691  -30.036  -0.919  -29.655 0.2857142985
64693  -31.456  -1.146  -30.168 0.5714285970
64694  -32.241  -1.122  -30.324 0.5714285970
65667  -34.549  -0.868  -17.500 0.1428571492
65683  -32.690  -0.622  -18.692 0.1428571492
65712  -35.984  0.128  -19.032 0.1428571492
65738  -32.057  -0.219  -19.909 0.1428571492
65867  -30.378  -0.719  -27.989 0.4285714328
65870  -27.985  -0.233  -27.958 0.1428571492
65879  -32.151  -0.683  -29.514 0.5714285970
65880  -33.076  -0.528  -29.882 0.5714285970
65884  -31.545  -0.507  -30.401 0.2857142985
65885  -32.205  -0.441  -30.408 0.5714285970
65886  -32.632  -0.336  -30.223 0.5714285970
66901  -31.032  0.185  -21.373 0.2857142985
66907  -36.053  1.317  -21.189 0.1428571492
67017  -32.759  -0.145  -30.035 0.5714285970
67023  -32.166  0.079  -30.117 0.5714285970
67024  -32.537  -0.021  -30.060 0.5714285970
68072  -35.167  1.895  -21.939 0.1428571492
68144  -30.004  1.733  -28.998 0.4285714328
68151  -30.775  0.610  -29.688 0.2857142985
69189  -38.924  1.838  -15.631 0.1428571492
69190  -39.361  2.080  -15.700 0.1428571492
70380  -37.715  2.857  -18.079 0.1428571492
70423  -35.463  3.598  -21.333 0.1428571492
70527  -32.931  3.981  -27.700 0.8571428657
72518  -40.337  5.260  -17.645 0.1428571492
72531  -40.893  5.838  -17.925 0.1428571492
72607  -33.555  5.179  -23.989 0.4285714328
72699  -31.974  4.952  -29.816 0.7142857313
73641  -33.679  5.575  -23.720 0.4285714328
74737  -34.045  7.951  -27.529 0.8571428657
74784  -32.931  7.652  -30.198 0.8571428657
74808  -29.836  7.927  -31.441 0.1428571492
76907  -28.447  10.072  -33.355 0.1428571492
78027  -33.780  10.362  -29.076 0.8571428657
78042  -32.998  10.091  -30.184 1.0000000000
78077  -29.068  10.952  -33.189 0.1428571492
79217  -29.484  11.311  -33.005 0.1428571492
80182  -32.362  12.470  -29.113 1.0000000000
80203  -32.212  12.089  -29.552 1.0000000000
80223  -31.998  11.700  -30.009 1.0000000000
80267  -29.958  12.115  -33.208 0.1428571492
81175  -33.390  13.546  -27.595 0.5714285970
81195  -31.840  13.409  -29.212 0.8571428657
81224  -31.128  13.228  -30.848 0.8571428657
81284  -27.702  14.786  -35.072 0.1428571492
82241  -30.995  13.609  -30.677 0.8571428657
83230  -32.998  14.453  -27.388 0.5714285970
83248  -31.419  15.016  -29.374 0.8571428657
83249  -31.463  14.310  -29.533 0.8571428657
83333  -26.191  15.916  -35.741 0.1428571492
83334  -29.029  16.487  -35.246 0.1428571492
83335  -28.971  16.233  -34.555 0.2857142985
83353  -28.423  16.317  -35.354 0.1428571492
84273  -32.882  15.789  -27.158 0.2857142985
84312  -30.103  16.411  -31.416 1.0000000000
84313  -30.092  15.819  -31.630 1.0000000000
85277  -32.790  16.554  -27.290 0.4285714328
85338  -27.810  17.539  -35.490 0.1428571492
86257  -32.113  17.399  -27.502 0.5714285970
86258  -34.070  18.603  -27.773 0.1428571492
87258  -32.102  18.126  -27.473 0.5714285970
89373  -31.978  21.049  -28.509 0.4285714328
89439  -29.989  21.993  -33.174 0.5714285970
89457  -29.270  21.877  -36.070 0.2857142985
90499  -30.923  22.868  -30.003 0.4285714328
91568  -30.951  23.485  -30.469 0.5714285970
92548  -33.605  24.255  -29.496 0.1428571492
93472  -33.932  24.775  -29.648 0.1428571492
93489  -31.141  25.418  -31.258 0.4285714328
93526  -26.026  24.852  -34.199 0.1428571492
94308  -32.679  26.302  -30.434 0.1428571492
95113  -32.357  26.858  -30.798 0.1428571492
95178  -28.087  28.191  -36.079 0.4285714328
95186  -27.800  28.530  -36.234 0.2857142985
96012  -27.805  28.812  -36.425 0.2857142985
96013  -27.966  28.809  -36.424 0.2857142985
96815  -34.341  29.203  -32.750 0.2857142985
96825  -26.045  29.534  -33.580 0.1428571492
96850  -28.085  29.425  -35.991 0.2857142985
96857  -27.646  28.993  -36.352 0.2857142985
96858  -27.890  29.090  -36.476 0.2857142985
97674  -30.495  29.836  -33.096 0.2857142985
97691  -33.285  30.380  -33.418 0.1428571492
97703  -33.606  30.505  -34.017 0.1428571492
