#!ascii label  , from subject sub.01.dh.02.long.sub.01.base.03 vox2ras=TkReg
660
49167  31.413  -14.547  48.767 0.0000000000
69869  46.093  1.812  30.747 0.0000000000
72318  54.098  3.884  28.486 0.0000000000
59197  50.022  -5.987  38.655 0.0000000000
49259  37.678  -16.064  44.018 0.0000000000
44479  35.492  -18.264  47.288 0.0000000000
69877  51.028  2.998  30.088 0.0000000000
69813  50.573  2.030  33.876 0.0000000000
57991  46.854  -9.070  40.799 0.0000000000
48109  42.706  -16.030  43.819 0.0000000000
76757  52.514  8.598  18.954 0.0000000000
72399  52.600  4.746  23.154 0.0000000000
61563  46.608  -4.561  35.482 0.0000000000
67457  48.700  0.086  36.553 0.0000000000
49203  34.831  -16.135  47.045 0.0000000000
45724  34.109  -16.842  48.860 0.0000000000
69879  48.825  1.845  30.276 0.0000000000
71058  50.941  2.957  31.798 0.0000000000
71044  48.814  2.805  33.093 0.0000000000
49354  47.543  -14.058  39.510 0.0000000000
45771  38.993  -17.175  45.687 0.0000000000
49256  40.536  -15.288  44.154 0.0000000000
44519  41.124  -17.842  44.528 0.0000000000
76751  51.570  7.793  19.797 0.0000000000
74656  52.731  6.392  20.622 0.0000000000
74641  52.504  6.402  21.257 0.0000000000
71123  52.090  3.009  26.478 0.0000000000
71165  51.321  3.345  24.392 0.0000000000
72371  53.766  4.377  25.773 0.0000000000
73496  55.194  5.220  25.681 0.0000000000
71102  55.455  4.246  27.127 0.0000000000
58002  48.260  -7.350  40.256 0.0000000000
59209  46.935  -6.542  38.875 0.0000000000
62812  47.880  -4.218  38.767 0.0000000000
63965  48.259  -2.696  36.337 0.0000000000
62821  49.163  -3.126  38.653 0.0000000000
65087  50.453  -1.207  37.206 0.0000000000
60343  50.277  -5.230  37.294 0.0000000000
48051  37.138  -16.586  46.108 0.0000000000
69900  50.141  1.992  27.382 0.0000000000
71094  52.554  3.481  29.190 0.0000000000
72278  52.919  3.657  31.446 0.0000000000
68679  51.958  2.240  32.532 0.0000000000
51818  44.645  -12.796  42.266 0.0000000000
53051  46.630  -11.742  41.608 0.0000000000
54308  47.899  -10.700  40.188 0.0000000000
55521  49.292  -9.187  38.526 0.0000000000
56758  49.197  -8.123  36.978 0.0000000000
49320  43.495  -14.599  41.871 0.0000000000
48131  44.474  -15.868  43.200 0.0000000000
74678  52.919  6.934  18.215 0.0000000000
73536  51.742  5.296  21.815 0.0000000000
74619  53.726  5.794  23.209 0.0000000000
72384  56.136  5.465  24.282 0.0000000000
69829  47.204  1.861  33.635 0.0000000000
69788  49.535  1.360  35.300 0.0000000000
66246  50.775  -0.222  35.259 0.0000000000
46876  31.727  -16.288  48.121 0.0000000000
48018  32.433  -15.412  48.780 0.0000000000
46875  32.756  -16.789  48.323 0.0000000000
69880  47.664  1.788  30.367 0.0000000000
71078  48.725  2.653  31.956 0.0000000000
69852  47.431  2.415  32.056 0.0000000000
45784  40.455  -17.278  44.887 0.0000000000
76752  51.147  7.624  19.926 0.0000000000
75687  51.728  7.061  20.859 0.0000000000
75688  51.295  6.982  20.607 0.0000000000
71104  53.229  3.663  28.023 0.0000000000
71143  52.906  3.610  26.031 0.0000000000
72352  54.106  4.300  27.018 0.0000000000
72351  54.700  4.810  26.409 0.0000000000
58001  48.950  -7.335  39.706 0.0000000000
60325  48.153  -5.400  39.736 0.0000000000
60324  48.912  -5.289  39.683 0.0000000000
62822  48.512  -3.280  38.609 0.0000000000
61528  49.567  -4.254  38.614 0.0000000000
61540  49.892  -4.063  38.045 0.0000000000
59208  50.243  -6.017  37.923 0.0000000000
48053  35.700  -16.488  46.871 0.0000000000
45737  36.360  -17.062  46.966 0.0000000000
44476  37.328  -17.703  46.408 0.0000000000
68717  49.202  1.517  29.184 0.0000000000
68730  49.291  1.464  28.007 0.0000000000
69891  50.166  1.942  28.594 0.0000000000
69899  51.065  2.400  27.964 0.0000000000
69889  51.486  3.140  29.482 0.0000000000
72294  52.802  3.764  30.669 0.0000000000
71074  51.741  3.492  30.744 0.0000000000
71025  50.844  2.343  32.910 0.0000000000
71024  51.963  2.718  32.342 0.0000000000
69826  51.220  2.181  32.884 0.0000000000
68680  51.560  1.487  32.539 0.0000000000
68666  51.145  1.707  33.233 0.0000000000
50535  45.394  -13.529  42.462 0.0000000000
53053  45.693  -11.692  42.138 0.0000000000
51830  46.224  -13.092  42.074 0.0000000000
51851  47.877  -12.045  39.754 0.0000000000
54332  48.559  -10.352  39.407 0.0000000000
48111  41.048  -15.722  44.302 0.0000000000
49276  42.129  -15.505  43.210 0.0000000000
49275  43.057  -15.370  42.902 0.0000000000
49274  43.811  -14.696  42.732 0.0000000000
48108  43.507  -15.912  43.517 0.0000000000
77788  52.536  9.251  18.913 0.0000000000
75713  52.619  7.753  18.815 0.0000000000
74639  54.852  6.317  21.882 0.0000000000
72389  52.239  3.913  24.094 0.0000000000
71198  51.085  3.622  22.736 0.0000000000
72409  51.856  4.521  22.469 0.0000000000
72420  51.329  4.600  21.646 0.0000000000
72408  52.417  4.967  22.590 0.0000000000
74620  53.144  5.557  22.883 0.0000000000
73518  53.746  5.521  23.779 0.0000000000
73495  55.674  5.057  25.699 0.0000000000
73506  55.546  5.605  24.818 0.0000000000
55454  46.193  -10.107  40.660 0.0000000000
56723  46.503  -8.974  39.315 0.0000000000
60344  46.401  -5.641  37.103 0.0000000000
60345  46.291  -6.405  37.332 0.0000000000
66229  48.421  -0.571  36.266 0.0000000000
66267  47.656  -0.746  34.647 0.0000000000
66249  47.551  0.118  34.861 0.0000000000
68656  46.439  0.970  33.749 0.0000000000
68641  48.344  0.947  35.256 0.0000000000
69803  48.849  1.524  34.984 0.0000000000
68627  49.005  0.741  36.032 0.0000000000
62835  51.126  -2.587  36.312 0.0000000000
65100  50.790  -1.242  36.598 0.0000000000
63969  51.132  -2.002  35.720 0.0000000000
65119  50.892  -1.571  34.832 0.0000000000
48034  34.606  -15.999  48.103 0.0000000000
45740  34.888  -17.291  48.393 0.0000000000
44480  34.736  -18.331  47.364 0.0000000000
44458  33.423  -17.847  47.702 0.0000000000
69866  49.507  2.445  30.903 0.0000000000
71075  51.039  3.132  30.882 0.0000000000
71077  49.284  2.659  31.729 0.0000000000
71043  49.670  2.861  32.957 0.0000000000
71014  49.840  2.468  34.297 0.0000000000
48088  38.625  -16.184  45.045 0.0000000000
49235  39.017  -15.799  44.618 0.0000000000
48068  39.616  -16.193  45.166 0.0000000000
46916  41.094  -16.558  44.668 0.0000000000
45782  41.944  -17.083  44.513 0.0000000000
45793  43.175  -17.206  43.754 0.0000000000
44537  42.358  -18.039  44.185 0.0000000000
76750  51.970  7.743  19.766 0.0000000000
75701  52.202  7.381  19.689 0.0000000000
75696  52.175  7.084  20.407 0.0000000000
74629  53.674  6.161  22.411 0.0000000000
69924  50.797  2.513  25.595 0.0000000000
71145  51.360  3.135  25.125 0.0000000000
71163  52.708  3.654  25.134 0.0000000000
72388  52.995  4.332  24.366 0.0000000000
72387  53.925  4.971  24.806 0.0000000000
72370  54.503  5.095  25.411 0.0000000000
73486  55.342  5.118  26.793 0.0000000000
57989  47.278  -8.648  40.463 0.0000000000
58015  46.862  -7.508  40.026 0.0000000000
59199  47.368  -6.538  39.878 0.0000000000
61543  47.422  -5.321  38.577 0.0000000000
62831  47.118  -4.586  36.882 0.0000000000
62837  47.735  -3.678  36.117 0.0000000000
62823  48.055  -3.680  38.287 0.0000000000
63959  48.720  -2.023  37.805 0.0000000000
66193  49.133  -1.221  37.422 0.0000000000
66207  49.431  -0.199  37.214 0.0000000000
63946  50.134  -1.764  37.921 0.0000000000
62829  50.570  -3.182  37.520 0.0000000000
61555  50.462  -4.303  36.571 0.0000000000
49239  35.641  -16.200  45.766 0.0000000000
49219  36.879  -16.355  45.668 0.0000000000
49218  37.440  -16.395  45.277 0.0000000000
46905  37.631  -16.748  46.085 0.0000000000
44502  37.831  -18.212  46.042 0.0000000000
69911  51.137  2.395  26.698 0.0000000000
69909  52.237  3.227  27.974 0.0000000000
71093  52.761  3.515  28.648 0.0000000000
72309  53.254  3.949  29.579 0.0000000000
71055  53.241  3.537  31.123 0.0000000000
69849  53.339  3.051  31.500 0.0000000000
72279  52.525  3.457  31.716 0.0000000000
69839  52.822  2.875  32.191 0.0000000000
53085  44.041  -12.403  41.237 0.0000000000
53069  44.621  -11.477  42.072 0.0000000000
55420  45.915  -10.532  41.684 0.0000000000
56634  46.748  -9.944  41.292 0.0000000000
51841  47.037  -12.560  41.031 0.0000000000
53067  47.399  -11.366  40.993 0.0000000000
56652  47.635  -9.640  40.522 0.0000000000
56670  48.112  -9.032  40.352 0.0000000000
56689  48.599  -8.543  39.810 0.0000000000
56705  49.445  -8.157  39.058 0.0000000000
58040  49.760  -7.322  37.704 0.0000000000
55538  49.192  -9.002  37.538 0.0000000000
50558  44.089  -13.737  41.953 0.0000000000
49273  44.413  -14.527  42.838 0.0000000000
49296  45.325  -15.120  42.662 0.0000000000
45800  43.974  -17.093  43.160 0.0000000000
45806  44.834  -16.996  42.233 0.0000000000
75711  54.379  8.373  17.737 0.0000000000
74643  51.010  6.425  20.753 0.0000000000
74642  51.712  6.253  21.410 0.0000000000
74618  54.522  6.270  23.296 0.0000000000
73507  54.817  5.600  24.748 0.0000000000
74605  55.128  6.216  24.132 0.0000000000
74616  56.127  6.458  23.146 0.0000000000
58041  46.244  -7.946  38.096 0.0000000000
68681  45.846  1.527  32.402 0.0000000000
69842  46.659  2.077  32.391 0.0000000000
71029  48.031  2.408  33.652 0.0000000000
71015  49.324  2.308  34.544 0.0000000000
69801  49.776  1.849  34.956 0.0000000000
66206  50.071  0.028  36.872 0.0000000000
67470  50.273  0.581  35.637 0.0000000000
67469  50.441  0.762  35.104 0.0000000000
66266  51.100  -0.276  34.459 0.0000000000
58052  49.767  -6.581  37.175 0.0000000000
60352  49.656  -5.963  36.266 0.0000000000
48019  31.683  -15.322  48.611 0.0000000000
48036  31.059  -15.524  48.045 0.0000000000
48020  30.980  -15.023  48.526 0.0000000000
49166  32.134  -14.715  48.800 0.0000000000
46859  32.107  -15.804  48.669 0.0000000000
69881  46.720  1.689  30.248 0.0000000000
69868  47.036  2.149  31.032 0.0000000000
75697  51.152  6.960  20.217 0.0000000000
71121  53.537  3.929  27.445 0.0000000000
72334  53.932  4.121  27.956 0.0000000000
72333  54.842  4.422  27.464 0.0000000000
59198  49.409  -6.147  39.420 0.0000000000
61529  49.164  -4.219  39.020 0.0000000000
60323  49.740  -4.984  38.913 0.0000000000
45739  35.535  -17.193  47.850 0.0000000000
45738  35.959  -17.129  47.299 0.0000000000
44455  35.789  -17.684  47.445 0.0000000000
44478  36.119  -18.107  47.053 0.0000000000
69878  50.079  2.201  29.876 0.0000000000
69890  51.007  2.537  29.120 0.0000000000
69876  51.381  3.225  29.866 0.0000000000
71087  51.679  3.432  30.033 0.0000000000
71088  51.363  3.302  30.430 0.0000000000
68653  50.516  1.415  34.422 0.0000000000
49295  45.728  -14.545  42.249 0.0000000000
50534  45.855  -13.570  42.257 0.0000000000
50557  46.296  -13.601  41.777 0.0000000000
48110  41.776  -15.943  44.172 0.0000000000
49255  41.525  -15.488  43.903 0.0000000000
49254  42.396  -15.681  43.582 0.0000000000
49253  43.245  -15.540  43.309 0.0000000000
77787  53.137  9.533  18.934 0.0000000000
76772  52.811  8.506  18.878 0.0000000000
72400  52.161  4.157  23.529 0.0000000000
73519  53.249  5.210  23.442 0.0000000000
72369  55.694  4.719  25.599 0.0000000000
72368  55.929  5.177  25.045 0.0000000000
56673  46.708  -9.424  40.572 0.0000000000
56706  46.632  -9.254  39.797 0.0000000000
56691  46.582  -9.448  39.881 0.0000000000
61556  46.452  -5.146  36.422 0.0000000000
61564  45.985  -5.351  35.273 0.0000000000
66228  48.788  -0.734  36.870 0.0000000000
66248  47.856  -0.386  35.275 0.0000000000
67458  48.266  0.260  35.819 0.0000000000
67471  47.807  0.439  35.170 0.0000000000
68628  48.722  0.617  35.882 0.0000000000
68640  48.951  1.026  35.565 0.0000000000
67440  49.018  0.233  36.875 0.0000000000
62843  50.772  -3.192  35.840 0.0000000000
62842  51.085  -2.589  35.905 0.0000000000
63970  50.973  -2.526  35.663 0.0000000000
63975  50.726  -2.298  35.058 0.0000000000
48016  34.066  -15.774  48.655 0.0000000000
48035  34.169  -15.602  48.269 0.0000000000
48015  34.534  -16.086  48.568 0.0000000000
46873  34.857  -16.696  48.649 0.0000000000
45723  34.492  -16.970  48.792 0.0000000000
44457  34.350  -17.817  47.824 0.0000000000
45741  33.921  -17.265  48.423 0.0000000000
68732  47.627  1.039  28.858 0.0000000000
68718  48.143  1.429  29.484 0.0000000000
71061  48.267  2.572  32.284 0.0000000000
71060  49.108  2.813  32.377 0.0000000000
71026  50.109  2.611  33.476 0.0000000000
71027  49.408  2.672  33.787 0.0000000000
48069  38.837  -16.290  45.325 0.0000000000
48087  39.390  -15.924  44.964 0.0000000000
46903  39.305  -16.587  45.450 0.0000000000
45783  41.381  -17.186  44.630 0.0000000000
46915  41.645  -16.834  44.573 0.0000000000
45795  41.885  -17.613  44.478 0.0000000000
77781  51.521  8.080  19.346 0.0000000000
77780  52.009  8.326  19.112 0.0000000000
76740  52.025  7.431  20.315 0.0000000000
75686  52.053  7.144  20.674 0.0000000000
74640  53.726  6.253  21.728 0.0000000000
71124  51.523  2.812  25.867 0.0000000000
71142  53.467  3.912  26.732 0.0000000000
72372  53.185  3.903  25.293 0.0000000000
73476  55.579  4.740  27.032 0.0000000000
73475  55.622  4.762  27.011 0.0000000000
72350  55.532  4.525  26.555 0.0000000000
58003  47.617  -7.605  40.372 0.0000000000
59187  47.376  -6.902  40.188 0.0000000000
59186  47.942  -6.831  40.373 0.0000000000
61531  47.850  -4.918  39.090 0.0000000000
61532  47.538  -5.550  39.114 0.0000000000
61549  47.192  -4.923  37.579 0.0000000000
61542  47.659  -4.500  38.419 0.0000000000
62830  47.806  -3.909  37.164 0.0000000000
63949  48.466  -2.962  38.239 0.0000000000
63948  48.799  -2.329  38.192 0.0000000000
65088  48.970  -1.560  37.600 0.0000000000
65075  49.222  -1.599  37.787 0.0000000000
65074  49.667  -1.424  37.746 0.0000000000
63947  49.505  -2.090  38.266 0.0000000000
61547  50.495  -4.217  37.416 0.0000000000
62836  50.882  -3.342  36.802 0.0000000000
49222  34.219  -15.942  46.807 0.0000000000
49240  34.722  -16.128  46.038 0.0000000000
49221  35.044  -16.122  46.221 0.0000000000
48052  36.368  -16.558  46.468 0.0000000000
49201  36.391  -16.413  46.149 0.0000000000
48071  36.797  -16.439  45.974 0.0000000000
48070  37.589  -16.527  45.575 0.0000000000
69912  50.108  1.985  26.225 0.0000000000
69898  51.833  3.109  28.514 0.0000000000
71106  52.264  3.364  28.839 0.0000000000
71105  52.520  3.397  28.348 0.0000000000
72320  52.783  3.526  29.174 0.0000000000
72310  52.913  3.678  29.865 0.0000000000
72277  53.032  3.777  31.015 0.0000000000
71056  53.057  3.521  31.613 0.0000000000
71057  51.773  3.395  31.441 0.0000000000
71041  51.831  3.095  32.112 0.0000000000
69825  51.799  2.368  32.530 0.0000000000
68694  52.464  2.170  31.674 0.0000000000
53055  44.431  -12.302  42.192 0.0000000000
53070  44.247  -11.983  41.882 0.0000000000
53054  44.833  -11.826  42.334 0.0000000000
53052  46.185  -11.837  41.900 0.0000000000
54246  45.487  -11.076  42.060 0.0000000000
54225  46.206  -10.952  41.843 0.0000000000
55419  46.400  -10.482  41.599 0.0000000000
54245  46.551  -10.798  41.642 0.0000000000
50580  47.030  -13.443  40.832 0.0000000000
50608  47.407  -13.567  40.220 0.0000000000
53097  47.727  -11.569  40.131 0.0000000000
53098  47.548  -11.813  40.462 0.0000000000
54288  47.557  -10.798  40.821 0.0000000000
55434  47.269  -10.268  41.106 0.0000000000
55452  47.778  -10.056  40.499 0.0000000000
57975  47.877  -8.840  40.410 0.0000000000
55477  48.335  -9.724  39.995 0.0000000000
54356  48.888  -10.101  38.864 0.0000000000
55501  48.810  -9.399  39.406 0.0000000000
56722  49.592  -8.161  38.096 0.0000000000
49234  39.759  -15.522  44.582 0.0000000000
49257  39.385  -15.313  43.851 0.0000000000
49321  43.028  -14.945  41.448 0.0000000000
50583  43.844  -13.723  41.399 0.0000000000
50559  44.054  -13.223  41.713 0.0000000000
49252  43.917  -15.245  43.274 0.0000000000
49251  44.469  -15.130  43.205 0.0000000000
49272  45.060  -14.627  42.827 0.0000000000
48130  44.947  -15.620  42.926 0.0000000000
46942  43.516  -16.825  43.592 0.0000000000
46957  45.401  -16.414  41.863 0.0000000000
75712  53.737  7.967  17.946 0.0000000000
74699  53.548  6.764  17.414 0.0000000000
69955  50.355  2.770  23.748 0.0000000000
71184  51.010  3.318  23.690 0.0000000000
73537  51.192  5.590  21.185 0.0000000000
74631  52.086  5.743  21.958 0.0000000000
74630  52.688  5.917  22.330 0.0000000000
72386  54.370  5.324  24.830 0.0000000000
73505  55.931  5.523  24.680 0.0000000000
74604  55.888  6.268  24.112 0.0000000000
59201  46.581  -7.516  39.336 0.0000000000
59210  46.601  -7.108  38.617 0.0000000000
62844  47.711  -3.137  35.413 0.0000000000
66268  47.233  -0.256  34.326 0.0000000000
68667  46.903  1.362  33.781 0.0000000000
68668  46.285  1.345  33.235 0.0000000000
69830  46.631  1.844  32.917 0.0000000000
69841  47.268  2.273  32.893 0.0000000000
69828  47.977  2.254  34.080 0.0000000000
69789  49.186  1.259  35.399 0.0000000000
71003  49.151  1.987  34.808 0.0000000000
69802  49.449  1.805  34.959 0.0000000000
69815  49.713  2.164  34.755 0.0000000000
66191  49.826  -0.810  37.401 0.0000000000
65110  50.883  -1.197  35.892 0.0000000000
66226  50.676  -0.510  36.033 0.0000000000
66247  50.545  0.156  35.655 0.0000000000
67484  50.843  0.668  34.368 0.0000000000
65133  50.773  -1.646  34.187 0.0000000000
56739  49.461  -7.924  37.481 0.0000000000
58039  49.847  -6.779  37.432 0.0000000000
58053  49.475  -7.084  37.016 0.0000000000
49164  33.411  -15.088  48.486 0.0000000000
48017  33.017  -15.692  48.936 0.0000000000
46874  33.355  -16.997  48.394 0.0000000000
46858  32.632  -16.105  48.696 0.0000000000
68719  47.226  1.325  29.605 0.0000000000
69867  48.277  2.387  31.384 0.0000000000
69851  47.981  2.479  31.899 0.0000000000
44500  39.530  -17.706  45.259 0.0000000000
45770  39.735  -17.012  45.394 0.0000000000
44520  40.189  -18.357  44.707 0.0000000000
76741  51.776  7.466  20.284 0.0000000000
76742  51.409  7.374  20.257 0.0000000000
71122  52.758  3.444  27.315 0.0000000000
59185  48.571  -6.384  40.048 0.0000000000
60312  47.892  -6.152  40.174 0.0000000000
61530  48.465  -4.576  39.304 0.0000000000
62811  48.147  -3.987  38.979 0.0000000000
62810  48.663  -3.826  38.917 0.0000000000
61541  49.499  -3.699  38.464 0.0000000000
60336  50.225  -5.101  38.078 0.0000000000
48032  36.072  -16.668  47.181 0.0000000000
46870  36.106  -16.908  47.184 0.0000000000
46891  36.640  -17.005  46.867 0.0000000000
46890  37.001  -16.781  46.409 0.0000000000
45760  36.839  -17.243  46.722 0.0000000000
68731  48.440  1.119  28.549 0.0000000000
71095  51.799  3.261  29.266 0.0000000000
71086  52.391  3.618  29.939 0.0000000000
71073  52.223  3.640  30.519 0.0000000000
72295  52.380  3.658  31.133 0.0000000000
71042  50.565  2.636  32.562 0.0000000000
68665  51.622  2.179  32.726 0.0000000000
67499  51.156  0.484  33.451 0.0000000000
51817  45.215  -12.661  42.389 0.0000000000
51816  45.981  -12.627  42.212 0.0000000000
51829  46.518  -12.586  41.644 0.0000000000
50634  47.660  -13.253  39.787 0.0000000000
53112  48.263  -11.147  39.550 0.0000000000
54333  48.305  -10.367  39.768 0.0000000000
53111  48.487  -10.750  39.384 0.0000000000
53146  48.870  -10.769  38.591 0.0000000000
49300  41.050  -15.321  42.638 0.0000000000
49299  41.866  -15.401  42.790 0.0000000000
49298  42.819  -15.268  42.365 0.0000000000
49297  43.605  -14.709  42.271 0.0000000000
48107  44.142  -15.775  43.340 0.0000000000
76771  53.430  8.908  18.796 0.0000000000
71183  51.698  3.703  23.934 0.0000000000
71197  51.571  3.832  23.259 0.0000000000
72410  51.356  4.048  22.151 0.0000000000
72419  51.640  4.839  21.972 0.0000000000
73528  52.258  5.327  22.291 0.0000000000
73527  52.762  5.298  22.733 0.0000000000
74607  54.040  5.711  23.787 0.0000000000
73494  55.790  5.275  25.142 0.0000000000
54309  45.693  -10.523  40.451 0.0000000000
60337  46.897  -6.097  38.108 0.0000000000
60338  46.587  -6.694  37.906 0.0000000000
60354  46.054  -6.099  36.262 0.0000000000
65111  48.279  -1.426  35.835 0.0000000000
65120  47.904  -1.329  34.935 0.0000000000
67485  46.678  0.447  34.104 0.0000000000
67472  47.381  0.483  34.612 0.0000000000
68655  47.237  1.115  34.335 0.0000000000
68654  47.863  1.255  34.802 0.0000000000
69817  47.830  1.723  34.511 0.0000000000
69804  48.239  1.399  34.900 0.0000000000
69790  48.970  1.244  35.505 0.0000000000
68626  49.291  0.904  35.765 0.0000000000
63957  50.943  -1.710  37.006 0.0000000000
63964  51.143  -1.860  36.455 0.0000000000
63974  50.944  -1.753  35.231 0.0000000000
65118  50.943  -1.152  35.146 0.0000000000
49184  34.153  -15.288  47.847 0.0000000000
49183  34.596  -16.029  47.516 0.0000000000
46872  35.206  -16.579  48.119 0.0000000000
44456  35.173  -17.830  47.793 0.0000000000
45742  33.022  -17.372  48.017 0.0000000000
69864  50.847  2.975  30.526 0.0000000000
69865  50.473  2.732  30.625 0.0000000000
71076  50.224  2.710  31.390 0.0000000000
71059  49.966  2.720  32.181 0.0000000000
71013  50.252  2.342  33.907 0.0000000000
49319  46.413  -14.519  41.422 0.0000000000
49258  38.566  -15.801  44.093 0.0000000000
48086  40.353  -15.914  44.749 0.0000000000
46917  40.125  -16.534  45.134 0.0000000000
48085  41.150  -16.065  44.474 0.0000000000
46930  41.527  -16.265  44.438 0.0000000000
46929  42.076  -16.548  44.333 0.0000000000
46928  43.176  -16.551  43.771 0.0000000000
45794  42.527  -17.248  44.185 0.0000000000
44536  42.815  -17.680  43.881 0.0000000000
43279  42.779  -18.264  43.531 0.0000000000
74628  54.651  6.433  22.568 0.0000000000
69937  50.667  2.757  24.543 0.0000000000
71144  52.121  3.288  25.541 0.0000000000
71164  52.072  3.576  24.631 0.0000000000
73509  53.607  5.143  24.149 0.0000000000
57990  47.131  -8.854  40.481 0.0000000000
58005  46.999  -8.809  40.229 0.0000000000
58004  47.021  -7.906  40.333 0.0000000000
59188  47.028  -7.268  40.091 0.0000000000
60313  47.533  -6.370  40.008 0.0000000000
60327  47.264  -6.075  39.004 0.0000000000
62845  47.223  -3.911  35.425 0.0000000000
62838  47.154  -4.338  36.270 0.0000000000
63960  48.489  -2.613  37.616 0.0000000000
65103  48.682  -1.586  36.810 0.0000000000
65102  48.948  -1.249  37.233 0.0000000000
66208  49.032  -0.640  37.211 0.0000000000
66192  49.364  -0.992  37.392 0.0000000000
65073  50.028  -1.277  37.625 0.0000000000
62820  49.974  -2.847  38.144 0.0000000000
63958  50.618  -2.179  37.527 0.0000000000
62828  51.076  -2.480  37.005 0.0000000000
49202  35.733  -16.422  46.583 0.0000000000
49237  37.229  -16.222  44.972 0.0000000000
49236  38.099  -16.311  44.797 0.0000000000
46904  38.395  -16.749  45.645 0.0000000000
45759  37.412  -17.100  46.406 0.0000000000
45772  38.070  -17.338  46.068 0.0000000000
44501  38.676  -17.978  45.720 0.0000000000
69910  51.894  2.860  27.490 0.0000000000
72319  53.350  3.712  28.680 0.0000000000
72308  53.622  3.505  29.256 0.0000000000
72292  53.436  3.521  29.918 0.0000000000
72293  53.189  3.683  30.435 0.0000000000
72266  52.502  3.456  31.937 0.0000000000
71040  52.681  3.362  31.815 0.0000000000
69838  53.131  3.137  31.913 0.0000000000
53084  44.209  -11.838  41.072 0.0000000000
54268  44.742  -11.112  41.675 0.0000000000
54247  44.946  -11.176  42.081 0.0000000000
54289  45.139  -10.482  40.786 0.0000000000
55437  45.917  -10.281  41.236 0.0000000000
55436  46.472  -10.003  41.243 0.0000000000
56654  46.794  -9.583  41.023 0.0000000000
50581  46.660  -13.760  41.292 0.0000000000
50556  46.677  -13.178  41.299 0.0000000000
53068  47.066  -11.789  41.284 0.0000000000
51852  47.512  -12.533  40.304 0.0000000000
53083  47.391  -11.893  40.798 0.0000000000
54266  47.249  -11.397  41.268 0.0000000000
55417  47.048  -10.740  41.413 0.0000000000
55435  47.032  -9.704  41.260 0.0000000000
56671  47.067  -8.978  40.974 0.0000000000
57988  48.099  -8.066  40.247 0.0000000000
56669  48.256  -8.392  40.173 0.0000000000
57987  48.360  -7.928  40.040 0.0000000000
58014  49.706  -6.936  38.943 0.0000000000
58013  50.094  -6.630  38.346 0.0000000000
58027  49.857  -7.330  38.325 0.0000000000
55539  48.798  -9.350  37.041 0.0000000000
50519  38.583  -15.479  43.432 0.0000000000
49278  40.253  -15.083  43.283 0.0000000000
51842  43.963  -12.903  41.426 0.0000000000
51831  44.128  -12.811  41.849 0.0000000000
51819  44.286  -12.836  42.036 0.0000000000
50537  44.390  -13.726  42.305 0.0000000000
50536  44.840  -13.628  42.560 0.0000000000
49271  45.480  -14.064  42.460 0.0000000000
48146  45.965  -15.206  41.906 0.0000000000
46927  43.737  -16.188  43.488 0.0000000000
46941  44.038  -16.460  43.322 0.0000000000
46950  44.269  -16.775  43.001 0.0000000000
46940  44.555  -16.075  43.089 0.0000000000
46949  44.757  -16.408  42.739 0.0000000000
49186  30.816  -14.465  48.330 0.0000000000
75729  53.995  7.592  17.416 0.0000000000
73508  54.138  5.511  24.308 0.0000000000
74606  54.426  5.916  23.924 0.0000000000
74617  55.361  6.552  23.347 0.0000000000
58016  46.629  -8.165  39.836 0.0000000000
58028  46.356  -8.034  39.015 0.0000000000
68657  45.725  0.961  33.429 0.0000000000
68696  45.308  1.323  31.356 0.0000000000
69853  46.357  1.960  31.651 0.0000000000
71046  47.607  2.408  32.613 0.0000000000
71045  47.996  2.459  33.055 0.0000000000
69827  48.467  2.300  34.324 0.0000000000
71028  48.592  2.500  33.940 0.0000000000
69814  50.064  2.216  34.568 0.0000000000
69800  50.198  1.789  34.777 0.0000000000
68613  49.457  0.726  36.142 0.0000000000
68625  49.762  0.823  35.788 0.0000000000
65101  50.504  -0.571  36.594 0.0000000000
67456  50.027  0.600  35.990 0.0000000000
68639  49.981  1.207  35.309 0.0000000000
68638  50.273  1.357  34.948 0.0000000000
66287  51.174  -0.470  33.823 0.0000000000
65132  51.082  -1.044  34.381 0.0000000000
65146  51.006  -1.040  33.709 0.0000000000
58026  50.075  -6.740  37.827 0.0000000000
59216  49.996  -6.169  37.292 0.0000000000
59226  49.695  -6.267  36.782 0.0000000000
60351  49.947  -5.411  36.405 0.0000000000
44560  42.723  -18.101  43.780 0.0000000000
45801  43.621  -17.126  43.452 0.0000000000
45807  44.320  -17.198  42.690 0.0000000000
46855  34.782  -16.307  48.504 0.0000000000
46856  34.390  -16.433  48.803 0.0000000000
46857  33.571  -16.511  48.729 0.0000000000
48106  44.649  -15.443  43.149 0.0000000000
48148  42.270  -15.341  42.348 0.0000000000
49163  33.861  -15.353  48.301 0.0000000000
49182  35.279  -16.338  47.093 0.0000000000
50458  33.019  -14.657  48.524 0.0000000000
50582  43.845  -14.207  41.847 0.0000000000
51815  46.327  -12.192  41.842 0.0000000000
51832  44.048  -12.969  41.700 0.0000000000
53036  46.430  -11.414  41.726 0.0000000000
53037  46.027  -11.507  41.966 0.0000000000
53038  45.952  -11.243  41.997 0.0000000000
53071  44.091  -12.592  41.707 0.0000000000
53082  47.586  -11.340  40.583 0.0000000000
53128  48.652  -10.772  39.136 0.0000000000
54224  46.428  -11.106  41.736 0.0000000000
54226  45.862  -11.011  41.992 0.0000000000
54243  47.125  -11.203  41.466 0.0000000000
54244  46.810  -11.061  41.541 0.0000000000
54265  47.191  -11.038  41.297 0.0000000000
54267  45.354  -10.752  41.691 0.0000000000
54290  44.835  -10.912  40.994 0.0000000000
55405  46.082  -10.740  41.849 0.0000000000
55406  45.994  -10.718  42.107 0.0000000000
55418  46.862  -10.474  41.472 0.0000000000
55453  46.468  -9.851  40.915 0.0000000000
55476  48.570  -9.178  39.819 0.0000000000
55502  48.506  -9.955  39.651 0.0000000000
56633  46.830  -10.121  41.405 0.0000000000
56653  47.061  -9.579  40.992 0.0000000000
56672  46.921  -9.250  41.074 0.0000000000
56690  48.435  -9.103  40.025 0.0000000000
57976  47.388  -9.139  40.392 0.0000000000
59200  46.954  -6.914  39.616 0.0000000000
60311  48.392  -5.760  40.030 0.0000000000
60326  47.556  -5.970  39.620 0.0000000000
61548  47.639  -4.215  37.929 0.0000000000
65086  50.775  -1.409  36.944 0.0000000000
65089  48.790  -1.802  37.489 0.0000000000
66227  50.408  0.091  36.163 0.0000000000
67438  49.702  0.638  36.282 0.0000000000
67439  49.444  0.463  36.738 0.0000000000
67486  45.867  0.509  33.697 0.0000000000
68612  49.672  0.772  35.975 0.0000000000
68614  49.158  0.622  36.347 0.0000000000
68642  47.706  0.882  34.874 0.0000000000
69816  48.465  2.058  34.594 0.0000000000
69818  47.270  1.554  34.082 0.0000000000
69840  47.667  2.286  33.479 0.0000000000
69897  52.193  3.269  28.263 0.0000000000
71004  48.882  1.977  34.766 0.0000000000
71016  48.835  2.229  34.553 0.0000000000
71039  53.105  3.319  31.755 0.0000000000
71062  47.814  2.457  32.487 0.0000000000
71071  53.952  3.193  29.908 0.0000000000
72265  52.780  3.576  31.728 0.0000000000
72332  55.386  4.595  27.087 0.0000000000
73485  55.461  4.798  26.816 0.0000000000
