#!ascii label  , from subject sub.01.dh.02.long.sub.01.base.03 vox2ras=TkReg
923
95715  43.771  27.110  14.695 0.0000000000
95812  47.450  27.957  2.352 0.0000000000
98387  44.108  30.392  3.530 0.0000000000
91240  49.431  23.009  -5.701 0.0000000000
95776  41.238  27.189  6.801 0.0000000000
100709  49.565  33.739  8.030 0.0000000000
95865  49.945  27.436  -3.071 0.0000000000
95012  38.985  27.274  -4.026 0.0000000000
96606  52.386  28.732  9.298 0.0000000000
96628  46.591  29.161  7.949 0.0000000000
93118  44.419  24.354  2.595 0.0000000000
100776  40.455  33.807  -0.939 0.0000000000
97532  42.509  28.468  -3.407 0.0000000000
98382  49.948  30.380  2.743 0.0000000000
97541  47.765  29.275  -3.912 0.0000000000
98466  39.428  30.215  -5.449 0.0000000000
98304  47.599  30.571  11.761 0.0000000000
97420  44.640  29.896  11.125 0.0000000000
94023  43.488  25.348  5.037 0.0000000000
100738  44.523  34.191  4.149 0.0000000000
101540  43.715  34.957  0.478 0.0000000000
99214  40.903  32.262  2.466 0.0000000000
98443  40.288  30.169  -0.703 0.0000000000
98429  42.685  29.993  0.490 0.0000000000
96651  50.293  28.559  6.373 0.0000000000
97450  51.069  29.360  6.317 0.0000000000
96672  50.193  29.606  2.809 0.0000000000
95017  51.815  26.137  -5.310 0.0000000000
96731  50.247  28.701  -3.463 0.0000000000
95915  49.821  27.635  -6.167 0.0000000000
95918  47.871  27.964  -5.948 0.0000000000
93188  48.427  23.962  -5.350 0.0000000000
89140  45.299  21.193  -3.486 0.0000000000
94871  40.847  26.179  12.646 0.0000000000
96610  42.023  28.386  10.635 0.0000000000
99978  45.747  32.261  6.538 0.0000000000
94090  46.888  25.576  -0.461 0.0000000000
95833  48.437  28.054  -0.293 0.0000000000
93166  48.766  24.835  -2.665 0.0000000000
92221  51.629  23.823  -4.486 0.0000000000
99140  53.926  31.742  12.872 0.0000000000
98300  51.356  30.250  12.188 0.0000000000
96616  49.726  28.985  9.173 0.0000000000
95779  47.214  27.644  5.400 0.0000000000
96645  43.645  28.610  7.094 0.0000000000
95781  44.916  27.141  5.265 0.0000000000
94936  45.853  26.759  3.023 0.0000000000
92190  45.708  23.704  0.403 0.0000000000
95728  38.964  26.837  13.165 0.0000000000
100788  44.510  34.136  -3.316 0.0000000000
100819  41.284  33.253  -5.541 0.0000000000
99247  39.285  31.066  -3.065 0.0000000000
95867  40.596  27.725  -3.634 0.0000000000
95023  42.936  26.965  -4.606 0.0000000000
98335  51.247  30.438  9.350 0.0000000000
98349  49.286  30.288  7.115 0.0000000000
98385  46.478  29.779  3.503 0.0000000000
97495  49.580  29.475  -0.516 0.0000000000
97486  48.127  30.254  0.153 0.0000000000
97488  45.973  29.588  -0.302 0.0000000000
97543  45.499  29.216  -4.244 0.0000000000
95907  44.898  27.846  -5.621 0.0000000000
99268  38.851  31.447  -5.889 0.0000000000
100058  40.305  32.582  -6.995 0.0000000000
127397  45.194  28.770  13.485 0.0000000000
97382  44.557  28.430  12.988 0.0000000000
99985  43.278  32.346  4.945 0.0000000000
100741  42.133  32.795  3.660 0.0000000000
98389  42.353  31.260  3.280 0.0000000000
98417  41.305  31.141  1.630 0.0000000000
98415  43.622  30.117  1.439 0.0000000000
96664  49.187  28.482  4.907 0.0000000000
96663  49.911  28.810  4.204 0.0000000000
96683  48.965  28.786  2.568 0.0000000000
92245  51.136  24.454  -6.157 0.0000000000
95032  51.065  26.737  -6.160 0.0000000000
93195  49.810  24.624  -6.271 0.0000000000
94127  49.363  25.936  -6.043 0.0000000000
92248  48.981  23.906  -5.814 0.0000000000
90229  46.982  22.093  -5.403 0.0000000000
89159  48.107  21.489  -5.456 0.0000000000
94885  40.377  26.887  11.056 0.0000000000
100721  46.758  33.704  6.088 0.0000000000
100711  47.742  32.601  7.766 0.0000000000
92200  47.504  23.838  -1.470 0.0000000000
93158  47.948  24.797  -1.834 0.0000000000
92207  48.593  23.477  -2.575 0.0000000000
91223  51.259  22.769  -4.104 0.0000000000
90213  52.382  22.598  -4.694 0.0000000000
90222  52.792  23.328  -5.037 0.0000000000
98337  46.790  30.343  10.153 0.0000000000
97417  48.902  30.052  10.203 0.0000000000
97437  47.860  29.305  8.928 0.0000000000
96641  48.013  28.367  7.555 0.0000000000
96642  47.097  28.483  7.492 0.0000000000
96633  41.129  28.539  8.380 0.0000000000
97442  42.758  29.535  9.013 0.0000000000
95765  42.221  27.961  6.966 0.0000000000
93092  43.794  24.866  4.154 0.0000000000
94904  44.169  26.340  5.164 0.0000000000
94037  44.638  25.857  3.610 0.0000000000
94927  45.723  26.802  3.958 0.0000000000
94064  44.972  25.384  2.212 0.0000000000
94076  45.406  25.435  1.449 0.0000000000
92175  45.130  23.619  1.008 0.0000000000
90154  47.322  21.173  0.299 0.0000000000
101542  41.565  34.516  -0.034 0.0000000000
101567  43.536  34.560  -1.751 0.0000000000
101585  42.311  34.258  -2.536 0.0000000000
100803  42.626  34.121  -4.209 0.0000000000
100792  40.595  33.454  -3.335 0.0000000000
100806  39.918  32.469  -4.058 0.0000000000
100030  39.465  32.069  -2.749 0.0000000000
97517  41.707  28.705  -2.382 0.0000000000
97518  40.470  29.018  -1.786 0.0000000000
96723  41.566  28.070  -3.300 0.0000000000
95897  41.302  27.124  -4.468 0.0000000000
96744  42.865  27.628  -5.019 0.0000000000
98320  52.895  29.913  10.591 0.0000000000
99160  52.842  31.060  11.080 0.0000000000
98334  52.190  29.604  9.203 0.0000000000
98359  50.305  29.753  4.369 0.0000000000
98348  50.752  29.840  6.890 0.0000000000
98360  49.645  29.841  4.735 0.0000000000
98362  47.203  30.038  5.428 0.0000000000
98384  47.934  30.002  3.190 0.0000000000
95856  48.811  27.641  -1.815 0.0000000000
96706  48.994  28.391  -0.577 0.0000000000
96711  49.448  28.561  -1.325 0.0000000000
97540  48.802  29.508  -3.776 0.0000000000
97510  49.345  29.728  -1.678 0.0000000000
97511  48.520  29.737  -1.765 0.0000000000
97487  46.949  29.828  0.023 0.0000000000
97499  46.667  29.527  -1.020 0.0000000000
97514  45.106  29.441  -2.210 0.0000000000
97542  46.650  29.307  -4.078 0.0000000000
95020  47.698  27.041  -4.812 0.0000000000
95906  45.939  27.974  -5.269 0.0000000000
95004  46.555  26.774  -3.704 0.0000000000
95005  45.151  27.102  -3.374 0.0000000000
100702  51.820  33.886  8.880 0.0000000000
97559  38.560  29.941  -5.064 0.0000000000
97558  38.854  29.666  -4.814 0.0000000000
98273  48.215  30.203  13.930 0.0000000000
97372  47.232  29.790  13.602 0.0000000000
97400  46.182  30.157  12.022 0.0000000000
97430  45.419  30.299  10.062 0.0000000000
94899  42.225  26.409  5.991 0.0000000000
101517  43.979  34.599  2.728 0.0000000000
100761  41.618  34.157  1.890 0.0000000000
100012  40.241  32.767  1.189 0.0000000000
99235  39.590  31.463  -0.606 0.0000000000
98431  40.568  30.955  0.599 0.0000000000
98442  41.784  29.714  -0.396 0.0000000000
97516  42.875  29.219  -2.424 0.0000000000
96638  51.184  28.540  7.114 0.0000000000
96636  52.057  29.104  7.592 0.0000000000
96650  51.028  28.994  6.048 0.0000000000
97454  50.443  29.661  4.060 0.0000000000
98381  50.395  30.124  2.620 0.0000000000
95018  51.369  26.497  -4.678 0.0000000000
96720  50.321  27.872  -3.107 0.0000000000
95890  51.198  27.249  -4.986 0.0000000000
96751  50.440  28.027  -5.091 0.0000000000
97564  48.910  29.031  -5.495 0.0000000000
97565  48.047  29.033  -5.540 0.0000000000
95916  49.048  27.904  -6.181 0.0000000000
95019  48.704  26.268  -4.999 0.0000000000
93176  47.747  24.602  -4.133 0.0000000000
89139  45.773  20.709  -3.995 0.0000000000
94858  42.130  26.610  13.983 0.0000000000
95745  42.903  27.628  12.555 0.0000000000
95747  41.537  27.312  11.680 0.0000000000
95753  40.730  27.852  10.214 0.0000000000
95758  40.156  27.470  8.309 0.0000000000
101499  46.344  34.473  4.939 0.0000000000
100723  44.582  32.866  5.598 0.0000000000
98364  44.580  30.825  5.210 0.0000000000
95835  47.165  27.422  0.866 0.0000000000
95822  47.542  27.998  1.365 0.0000000000
94963  47.261  26.658  -0.287 0.0000000000
94974  48.381  26.647  -1.791 0.0000000000
94104  49.638  25.766  -3.375 0.0000000000
91224  49.861  22.935  -3.564 0.0000000000
93174  49.679  24.762  -3.632 0.0000000000
94110  51.171  25.351  -4.460 0.0000000000
93181  52.192  24.695  -4.963 0.0000000000
127378  52.278  23.894  -5.645 0.0000000000
90225  50.714  22.216  -5.246 0.0000000000
89148  48.725  20.967  -4.997 0.0000000000
98282  52.534  30.967  13.373 0.0000000000
97398  51.785  29.553  11.353 0.0000000000
98302  49.305  30.459  12.012 0.0000000000
97415  50.856  29.400  10.734 0.0000000000
96615  50.925  28.728  9.391 0.0000000000
96639  50.186  28.473  7.383 0.0000000000
95778  48.493  28.147  5.801 0.0000000000
95789  48.043  28.131  4.531 0.0000000000
97421  43.476  29.318  11.200 0.0000000000
97431  44.104  30.088  10.051 0.0000000000
96629  45.480  29.295  7.883 0.0000000000
95774  43.226  27.411  6.189 0.0000000000
95773  44.598  27.642  6.010 0.0000000000
96654  45.830  28.035  6.612 0.0000000000
95780  46.038  27.406  5.427 0.0000000000
95804  46.505  27.288  3.700 0.0000000000
95813  46.635  27.349  2.671 0.0000000000
94075  45.909  25.921  0.926 0.0000000000
93150  46.532  24.671  -0.393 0.0000000000
91198  47.287  22.990  -1.112 0.0000000000
90156  45.428  22.316  0.885 0.0000000000
90173  46.535  22.450  -0.212 0.0000000000
95718  41.207  26.798  13.885 0.0000000000
94860  39.837  26.292  13.390 0.0000000000
94873  37.943  26.344  12.908 0.0000000000
101582  45.695  34.464  -2.625 0.0000000000
100829  44.559  33.635  -6.109 0.0000000000
100820  40.519  32.619  -5.763 0.0000000000
98461  39.382  30.106  -4.559 0.0000000000
97547  38.879  29.472  -3.903 0.0000000000
98450  39.386  30.148  -2.105 0.0000000000
96725  39.543  28.500  -3.057 0.0000000000
95869  39.288  28.130  -3.546 0.0000000000
99963  50.447  32.166  9.629 0.0000000000
98342  51.568  29.662  8.095 0.0000000000
98343  50.243  30.434  8.264 0.0000000000
99175  48.500  31.446  8.219 0.0000000000
98351  47.085  30.925  7.015 0.0000000000
98363  45.865  30.560  5.587 0.0000000000
98386  45.312  30.048  3.451 0.0000000000
96690  48.871  28.936  1.537 0.0000000000
97477  49.880  29.808  1.366 0.0000000000
98409  49.778  30.055  0.861 0.0000000000
97509  49.705  29.252  -1.562 0.0000000000
98438  49.462  30.104  -0.232 0.0000000000
98411  48.702  30.426  1.342 0.0000000000
98412  47.740  30.275  1.322 0.0000000000
98400  45.801  29.837  2.364 0.0000000000
98401  44.513  30.198  2.450 0.0000000000
98428  44.098  29.945  0.078 0.0000000000
97515  43.976  29.493  -2.356 0.0000000000
97531  43.570  29.091  -3.426 0.0000000000
97554  46.393  29.032  -4.965 0.0000000000
97568  44.865  28.400  -5.897 0.0000000000
96742  43.611  28.352  -5.511 0.0000000000
95908  43.919  27.411  -5.288 0.0000000000
90197  44.541  21.380  -2.576 0.0000000000
100052  39.809  32.246  -6.165 0.0000000000
100065  40.780  32.825  -7.543 0.0000000000
95714  44.395  27.450  14.873 0.0000000000
127394  44.653  28.054  13.815 0.0000000000
95723  44.210  27.647  14.172 0.0000000000
98374  43.178  31.127  4.189 0.0000000000
99196  42.603  31.990  4.264 0.0000000000
98388  42.928  30.914  3.609 0.0000000000
98402  43.231  30.441  2.579 0.0000000000
96675  48.142  28.299  3.510 0.0000000000
96674  48.800  28.542  3.715 0.0000000000
96684  48.181  28.341  2.945 0.0000000000
92246  50.548  23.966  -6.043 0.0000000000
93194  50.616  24.917  -6.404 0.0000000000
92247  49.545  23.830  -5.944 0.0000000000
91241  48.447  22.814  -5.590 0.0000000000
90227  48.665  22.212  -5.555 0.0000000000
101471  50.163  34.143  7.849 0.0000000000
100713  49.196  34.047  7.361 0.0000000000
100714  48.507  33.840  7.160 0.0000000000
100710  48.506  32.934  8.116 0.0000000000
91207  47.809  22.961  -1.762 0.0000000000
92208  48.120  23.765  -2.135 0.0000000000
91206  48.377  22.896  -2.346 0.0000000000
89144  52.143  21.322  -4.142 0.0000000000
89156  52.110  22.124  -4.789 0.0000000000
97438  47.004  29.502  8.825 0.0000000000
97428  47.471  29.973  9.607 0.0000000000
96627  47.545  28.862  8.241 0.0000000000
95766  40.979  27.568  7.359 0.0000000000
96647  41.766  28.491  7.613 0.0000000000
95775  41.814  27.224  6.613 0.0000000000
93106  43.914  24.392  3.618 0.0000000000
94038  44.193  25.457  4.112 0.0000000000
94053  44.278  25.214  3.192 0.0000000000
94052  44.776  25.709  2.914 0.0000000000
94065  44.552  25.129  2.599 0.0000000000
93129  44.887  24.438  1.749 0.0000000000
93130  44.621  23.886  2.076 0.0000000000
101543  40.982  34.223  -0.649 0.0000000000
101555  41.701  34.370  -1.142 0.0000000000
101570  41.096  34.192  -1.898 0.0000000000
100791  41.693  34.091  -2.977 0.0000000000
100783  40.771  33.908  -2.105 0.0000000000
100784  39.877  33.032  -2.446 0.0000000000
100777  39.853  33.249  -1.338 0.0000000000
96722  42.230  28.097  -3.597 0.0000000000
96733  42.509  27.925  -4.199 0.0000000000
97546  42.739  28.332  -4.041 0.0000000000
97413  52.572  29.003  10.067 0.0000000000
97424  52.571  29.152  9.345 0.0000000000
98368  49.782  30.161  3.687 0.0000000000
98369  48.804  29.981  3.978 0.0000000000
98383  49.067  30.430  2.986 0.0000000000
95866  49.218  27.332  -2.627 0.0000000000
95855  49.499  27.942  -2.314 0.0000000000
97526  49.143  29.664  -2.714 0.0000000000
97527  48.160  29.470  -2.839 0.0000000000
97512  47.435  29.445  -1.899 0.0000000000
97528  47.020  29.456  -3.006 0.0000000000
95003  47.590  26.367  -4.083 0.0000000000
95021  46.766  27.382  -4.600 0.0000000000
94989  46.395  26.043  -2.821 0.0000000000
98472  39.126  30.455  -5.845 0.0000000000
98473  38.699  30.560  -5.562 0.0000000000
97570  38.983  29.958  -5.513 0.0000000000
96746  38.292  29.195  -4.481 0.0000000000
97367  47.289  29.629  14.557 0.0000000000
127388  46.920  28.962  15.107 0.0000000000
97401  45.485  29.870  11.908 0.0000000000
97381  46.437  29.833  12.851 0.0000000000
98327  45.773  30.440  10.859 0.0000000000
97419  45.274  30.275  11.019 0.0000000000
101505  45.171  34.452  3.932 0.0000000000
101516  44.935  34.844  2.969 0.0000000000
100750  43.765  34.340  3.446 0.0000000000
100000  41.645  32.520  3.344 0.0000000000
100752  41.901  33.477  3.065 0.0000000000
100753  41.120  33.395  2.350 0.0000000000
100762  40.747  33.591  1.530 0.0000000000
100007  40.701  32.769  2.093 0.0000000000
99227  40.073  31.781  0.607 0.0000000000
99221  40.684  31.874  1.857 0.0000000000
98430  41.488  30.437  0.532 0.0000000000
97503  42.313  29.392  -1.394 0.0000000000
98441  42.967  29.749  -0.560 0.0000000000
96659  50.195  28.659  5.306 0.0000000000
96673  49.701  29.123  3.174 0.0000000000
96658  50.529  29.196  4.714 0.0000000000
96662  50.238  29.446  3.688 0.0000000000
97463  50.423  29.831  3.154 0.0000000000
96681  50.241  29.702  2.345 0.0000000000
95875  50.790  27.243  -4.114 0.0000000000
95042  50.407  26.719  -6.384 0.0000000000
95903  50.765  27.319  -5.833 0.0000000000
96763  50.006  28.030  -5.717 0.0000000000
96752  49.683  28.597  -5.249 0.0000000000
96764  49.234  28.433  -5.998 0.0000000000
93187  48.832  24.478  -5.644 0.0000000000
94128  49.141  25.699  -5.662 0.0000000000
94120  48.795  25.426  -5.035 0.0000000000
94121  48.248  25.725  -4.392 0.0000000000
93184  48.421  24.476  -4.918 0.0000000000
91233  47.495  23.087  -5.067 0.0000000000
89160  47.239  21.444  -5.389 0.0000000000
89161  46.748  21.514  -5.164 0.0000000000
94870  41.652  26.602  13.150 0.0000000000
94879  42.053  27.064  12.839 0.0000000000
94880  41.423  26.812  12.292 0.0000000000
95751  40.451  27.443  10.447 0.0000000000
95754  40.179  27.573  9.556 0.0000000000
96620  40.411  27.913  9.030 0.0000000000
95755  39.744  27.248  8.872 0.0000000000
100716  46.467  32.928  6.736 0.0000000000
100722  45.612  33.125  6.095 0.0000000000
99980  45.081  32.289  6.145 0.0000000000
99981  44.423  32.160  5.645 0.0000000000
99189  45.177  31.461  5.867 0.0000000000
94955  46.619  26.622  0.674 0.0000000000
94954  47.185  27.150  0.387 0.0000000000
93157  48.388  25.304  -2.055 0.0000000000
94097  48.153  25.800  -1.652 0.0000000000
94096  48.636  25.832  -2.181 0.0000000000
94105  49.086  25.832  -2.789 0.0000000000
93165  49.240  25.306  -3.146 0.0000000000
91214  49.474  22.534  -3.200 0.0000000000
92222  50.416  23.760  -4.111 0.0000000000
93173  50.830  24.664  -4.358 0.0000000000
93182  51.769  24.664  -4.731 0.0000000000
90223  52.293  23.110  -5.478 0.0000000000
90224  51.570  22.601  -5.393 0.0000000000
92237  51.222  23.172  -5.607 0.0000000000
90214  50.481  21.558  -4.923 0.0000000000
98283  51.507  30.689  13.293 0.0000000000
98299  52.551  30.147  12.022 0.0000000000
98286  48.477  30.372  12.897 0.0000000000
98285  49.340  30.531  13.061 0.0000000000
98303  48.430  30.580  11.920 0.0000000000
97426  49.385  29.497  9.665 0.0000000000
97416  49.773  29.831  10.404 0.0000000000
97425  50.191  29.331  9.813 0.0000000000
96625  49.975  28.612  8.393 0.0000000000
95770  47.716  27.997  6.603 0.0000000000
96653  48.492  28.300  7.006 0.0000000000
95769  48.475  28.199  6.534 0.0000000000
96604  42.285  27.958  11.528 0.0000000000
96603  43.006  28.305  11.933 0.0000000000
96609  42.781  28.811  11.120 0.0000000000
96631  43.181  29.303  8.056 0.0000000000
97432  43.143  29.606  9.958 0.0000000000
97441  43.720  29.662  8.969 0.0000000000
97440  44.849  29.785  8.914 0.0000000000
96630  44.305  29.312  7.947 0.0000000000
94905  43.139  26.255  5.645 0.0000000000
94898  42.871  26.702  5.906 0.0000000000
94903  44.640  26.669  4.961 0.0000000000
95782  44.127  27.060  5.665 0.0000000000
96655  45.259  28.168  6.532 0.0000000000
95772  45.665  27.684  6.124 0.0000000000
95763  46.232  27.940  6.627 0.0000000000
94945  45.874  26.544  1.821 0.0000000000
93142  45.421  24.501  0.891 0.0000000000
93141  45.937  24.570  0.219 0.0000000000
92189  46.265  23.768  -0.216 0.0000000000
92201  46.890  23.818  -0.809 0.0000000000
91199  46.698  22.971  -0.527 0.0000000000
89103  47.877  21.139  -0.555 0.0000000000
95725  41.157  27.136  13.931 0.0000000000
95727  39.602  26.905  13.419 0.0000000000
95726  40.468  26.836  13.684 0.0000000000
93969  39.816  25.840  13.025 0.0000000000
93970  39.213  25.838  13.142 0.0000000000
101583  44.568  34.322  -2.878 0.0000000000
101566  44.658  34.728  -1.660 0.0000000000
101599  44.992  34.035  -3.317 0.0000000000
100800  46.051  34.166  -4.160 0.0000000000
100801  44.898  33.868  -3.760 0.0000000000
100815  45.851  33.836  -4.906 0.0000000000
100816  44.730  33.663  -4.973 0.0000000000
100818  42.388  33.826  -5.362 0.0000000000
100833  40.545  32.591  -6.290 0.0000000000
100037  39.693  31.932  -4.089 0.0000000000
100044  39.796  31.351  -4.656 0.0000000000
99253  39.534  30.884  -4.190 0.0000000000
98456  39.222  30.131  -3.475 0.0000000000
98444  39.558  30.738  -1.261 0.0000000000
96724  40.415  28.174  -3.095 0.0000000000
97519  39.645  29.148  -2.294 0.0000000000
95868  39.814  27.859  -3.541 0.0000000000
95882  40.162  27.326  -4.052 0.0000000000
95898  40.755  27.104  -4.391 0.0000000000
95024  42.080  26.897  -4.406 0.0000000000
99147  53.934  32.316  11.723 0.0000000000
99161  51.821  31.025  10.505 0.0000000000
99953  52.347  31.631  10.842 0.0000000000
99962  51.663  32.178  10.381 0.0000000000
100696  51.014  32.751  9.876 0.0000000000
99169  51.042  31.355  9.928 0.0000000000
97449  51.607  29.287  6.878 0.0000000000
97436  52.066  29.314  8.040 0.0000000000
97447  51.473  29.487  6.937 0.0000000000
99174  49.487  31.283  8.733 0.0000000000
98345  48.211  31.054  7.889 0.0000000000
99178  47.736  31.459  7.784 0.0000000000
98350  47.869  30.740  7.296 0.0000000000
98370  47.551  29.802  4.302 0.0000000000
98371  46.252  29.845  4.558 0.0000000000
97456  45.697  29.867  4.194 0.0000000000
97464  45.768  29.807  3.836 0.0000000000
95834  47.766  27.809  0.333 0.0000000000
96698  48.206  28.455  1.117 0.0000000000
96697  48.804  28.702  0.419 0.0000000000
96705  49.415  28.980  -0.166 0.0000000000
96696  49.309  29.225  0.422 0.0000000000
97484  49.543  29.636  0.432 0.0000000000
96721  50.079  28.413  -2.563 0.0000000000
97525  49.816  29.244  -2.580 0.0000000000
97497  48.909  30.171  -0.681 0.0000000000
97485  48.815  30.330  0.005 0.0000000000
98424  48.901  30.377  0.546 0.0000000000
98398  48.325  30.404  2.199 0.0000000000
97478  47.895  30.293  0.750 0.0000000000
98426  46.205  29.654  0.319 0.0000000000
98413  46.473  29.801  1.102 0.0000000000
98414  44.978  29.912  1.313 0.0000000000
97489  45.078  29.709  -0.436 0.0000000000
97530  44.696  29.346  -3.330 0.0000000000
97577  47.860  28.718  -5.868 0.0000000000
97566  47.121  29.081  -5.350 0.0000000000
96767  47.086  28.505  -5.699 0.0000000000
96755  45.566  28.279  -5.605 0.0000000000
96768  44.665  28.053  -6.152 0.0000000000
97556  43.920  28.568  -5.394 0.0000000000
96769  43.992  27.939  -6.248 0.0000000000
95921  43.701  27.641  -5.613 0.0000000000
95920  44.099  27.690  -5.931 0.0000000000
94990  45.677  26.235  -2.466 0.0000000000
95878  44.526  27.341  -4.159 0.0000000000
91227  45.887  22.520  -3.318 0.0000000000
90196  44.982  21.542  -2.873 0.0000000000
99261  38.451  31.236  -5.413 0.0000000000
99267  39.615  31.220  -5.804 0.0000000000
127389  46.357  29.333  14.380 0.0000000000
97402  44.361  28.919  12.218 0.0000000000
100730  43.669  33.080  5.057 0.0000000000
100739  43.783  34.004  4.159 0.0000000000
99986  42.801  32.400  4.520 0.0000000000
99993  42.064  32.284  3.633 0.0000000000
99213  41.421  31.775  2.885 0.0000000000
99220  41.214  31.542  2.187 0.0000000000
98403  42.112  31.065  2.653 0.0000000000
98416  42.373  30.489  1.582 0.0000000000
94126  51.847  25.416  -5.784 0.0000000000
95031  51.528  26.327  -5.966 0.0000000000
94132  51.492  25.789  -6.271 0.0000000000
94133  50.853  25.765  -6.504 0.0000000000
94134  49.737  25.791  -6.330 0.0000000000
94135  49.321  24.988  -6.070 0.0000000000
92239  48.471  23.509  -5.502 0.0000000000
91242  47.609  22.758  -5.380 0.0000000000
90228  47.785  22.114  -5.585 0.0000000000
89149  47.569  20.754  -5.161 0.0000000000
93968  40.231  25.902  12.776 0.0000000000
94881  40.553  26.355  11.849 0.0000000000
93988  39.982  25.967  11.735 0.0000000000
101489  47.366  34.026  5.982 0.0000000000
100720  47.679  33.813  6.468 0.0000000000
100715  47.404  33.134  7.187 0.0000000000
99976  46.801  32.636  7.187 0.0000000000
93149  47.213  24.727  -1.007 0.0000000000
94089  47.489  25.708  -1.124 0.0000000000
92215  48.543  24.046  -2.512 0.0000000000
91222  51.792  22.179  -3.977 0.0000000000
91221  52.122  22.479  -4.290 0.0000000000
91232  52.395  23.184  -4.546 0.0000000000
92230  52.594  23.919  -4.828 0.0000000000
98284  50.405  30.610  13.190 0.0000000000
98325  47.366  30.448  10.699 0.0000000000
98324  48.276  30.424  10.936 0.0000000000
97418  48.134  30.197  10.097 0.0000000000
97427  48.512  29.535  9.462 0.0000000000
96626  48.707  28.736  8.646 0.0000000000
96618  41.669  29.019  9.329 0.0000000000
97433  42.388  29.239  9.790 0.0000000000
96632  42.089  29.228  8.313 0.0000000000
96646  42.624  28.717  7.414 0.0000000000
94039  43.760  25.161  4.488 0.0000000000
94022  44.003  25.647  4.711 0.0000000000
94917  44.316  25.977  4.627 0.0000000000
94916  44.860  26.489  4.430 0.0000000000
95792  45.511  27.078  4.833 0.0000000000
94928  45.188  26.298  3.419 0.0000000000
94937  45.304  26.132  2.560 0.0000000000
94946  45.332  25.921  1.988 0.0000000000
90139  46.203  21.051  1.346 0.0000000000
90153  48.388  20.860  0.607 0.0000000000
101541  42.674  34.727  0.214 0.0000000000
101553  43.632  34.854  -0.685 0.0000000000
101554  42.586  34.613  -0.867 0.0000000000
101584  43.315  34.312  -2.583 0.0000000000
100802  43.819  34.093  -4.118 0.0000000000
100790  42.961  34.173  -3.270 0.0000000000
100804  41.448  33.661  -4.328 0.0000000000
100805  40.345  32.713  -4.501 0.0000000000
100793  39.905  32.663  -3.534 0.0000000000
97504  41.274  29.303  -1.245 0.0000000000
96714  40.941  28.441  -2.580 0.0000000000
95881  41.103  27.464  -4.091 0.0000000000
95880  41.776  27.342  -4.230 0.0000000000
95896  42.206  27.207  -4.502 0.0000000000
95895  42.656  27.135  -4.755 0.0000000000
98319  53.301  30.570  11.631 0.0000000000
99148  53.698  31.487  11.738 0.0000000000
99159  53.254  30.715  11.287 0.0000000000
98321  52.247  30.276  10.204 0.0000000000
98353  50.410  29.625  5.525 0.0000000000
98354  49.524  29.834  5.943 0.0000000000
98355  48.220  30.169  6.259 0.0000000000
98361  48.521  29.844  5.114 0.0000000000
95846  48.561  27.860  -0.987 0.0000000000
96712  48.966  28.157  -1.183 0.0000000000
97539  49.700  29.316  -3.602 0.0000000000
97498  47.803  29.788  -0.840 0.0000000000
97500  45.566  29.569  -1.195 0.0000000000
97513  46.266  29.382  -2.068 0.0000000000
97529  45.856  29.353  -3.167 0.0000000000
95905  47.401  27.875  -5.528 0.0000000000
96754  46.903  28.334  -5.535 0.0000000000
95891  46.828  27.791  -4.994 0.0000000000
95892  45.901  27.738  -4.743 0.0000000000
95893  44.728  27.596  -4.807 0.0000000000
95877  45.376  27.457  -4.128 0.0000000000
100708  50.672  33.938  8.319 0.0000000000
98467  38.267  30.613  -5.044 0.0000000000
96736  38.406  28.442  -3.925 0.0000000000
97371  47.672  29.847  13.952 0.0000000000
98287  47.689  30.315  12.763 0.0000000000
97380  47.111  30.103  12.958 0.0000000000
98288  47.110  30.297  12.445 0.0000000000
98326  46.478  30.495  10.855 0.0000000000
97429  46.481  30.107  9.559 0.0000000000
97439  46.000  29.773  8.790 0.0000000000
94013  42.081  25.355  5.775 0.0000000000
94024  42.754  25.276  5.478 0.0000000000
93079  42.957  24.412  5.190 0.0000000000
93093  43.525  24.364  4.471 0.0000000000
93107  43.696  23.860  4.004 0.0000000000
92152  44.096  23.621  2.976 0.0000000000
92163  44.440  23.316  2.303 0.0000000000
101527  44.744  35.181  1.981 0.0000000000
101528  43.856  34.825  1.610 0.0000000000
100751  43.038  34.203  3.269 0.0000000000
100760  42.445  34.259  2.432 0.0000000000
101529  42.766  34.546  1.411 0.0000000000
101530  41.911  34.542  0.921 0.0000000000
100769  40.481  33.743  0.278 0.0000000000
100770  39.894  33.295  -0.432 0.0000000000
100018  39.540  32.560  -0.582 0.0000000000
100013  39.757  32.760  0.269 0.0000000000
99234  40.008  31.033  0.050 0.0000000000
96614  51.869  28.495  8.846 0.0000000000
96613  52.308  28.825  8.608 0.0000000000
96623  51.854  28.658  7.938 0.0000000000
96637  51.836  28.971  7.116 0.0000000000
96649  51.441  29.197  6.612 0.0000000000
97452  50.626  29.414  5.157 0.0000000000
98367  50.358  30.062  3.411 0.0000000000
95876  50.463  27.005  -3.677 0.0000000000
96730  50.503  28.011  -3.471 0.0000000000
96740  50.630  28.047  -4.247 0.0000000000
95889  51.356  26.784  -5.614 0.0000000000
96741  50.132  28.763  -4.407 0.0000000000
97551  49.338  29.203  -4.610 0.0000000000
97552  48.402  29.228  -4.772 0.0000000000
97553  47.417  29.102  -4.870 0.0000000000
97576  48.493  28.777  -5.930 0.0000000000
96765  48.451  28.384  -6.100 0.0000000000
95917  48.476  27.766  -6.031 0.0000000000
95043  49.305  27.095  -6.061 0.0000000000
95044  48.825  27.341  -5.948 0.0000000000
95904  48.076  27.683  -5.784 0.0000000000
95035  47.977  27.461  -5.486 0.0000000000
92224  47.213  23.832  -3.933 0.0000000000
90206  45.833  21.659  -3.831 0.0000000000
91243  47.132  22.471  -5.280 0.0000000000
90217  46.425  21.697  -4.697 0.0000000000
90218  46.134  21.511  -4.313 0.0000000000
94849  43.324  26.867  14.682 0.0000000000
95724  43.572  27.422  14.049 0.0000000000
95736  42.609  27.291  12.854 0.0000000000
95746  42.197  27.523  12.164 0.0000000000
95749  41.860  27.725  11.384 0.0000000000
94884  41.019  26.971  11.577 0.0000000000
95750  41.188  27.535  10.900 0.0000000000
96611  41.180  28.074  10.372 0.0000000000
96619  40.902  28.299  9.560 0.0000000000
95757  40.617  28.028  8.123 0.0000000000
94894  40.671  27.030  7.076 0.0000000000
101504  46.020  34.845  4.213 0.0000000000
101500  45.625  34.338  4.690 0.0000000000
100727  46.527  34.173  5.473 0.0000000000
100728  45.921  33.971  5.388 0.0000000000
100729  44.844  33.769  4.893 0.0000000000
100724  44.108  32.596  5.406 0.0000000000
99190  44.006  31.528  5.249 0.0000000000
98373  43.766  30.804  4.494 0.0000000000
95847  47.969  27.425  -0.657 0.0000000000
94975  47.831  26.618  -1.205 0.0000000000
95857  48.252  27.277  -1.330 0.0000000000
94988  48.823  26.673  -2.444 0.0000000000
94987  49.402  26.614  -3.061 0.0000000000
91215  49.010  22.893  -2.998 0.0000000000
92214  48.981  23.810  -2.947 0.0000000000
93175  49.207  24.302  -3.194 0.0000000000
94111  50.404  25.561  -3.949 0.0000000000
95002  50.137  26.457  -3.556 0.0000000000
95001  50.916  26.246  -4.172 0.0000000000
94119  51.740  25.490  -4.815 0.0000000000
94118  52.217  24.711  -5.276 0.0000000000
127375  52.622  23.816  -5.245 0.0000000000
94125  52.095  24.490  -5.688 0.0000000000
127379  51.718  23.935  -5.831 0.0000000000
91239  50.251  22.765  -5.605 0.0000000000
90226  49.590  22.236  -5.462 0.0000000000
90215  49.703  21.606  -5.125 0.0000000000
98298  53.410  30.921  12.574 0.0000000000
97397  52.405  29.489  10.861 0.0000000000
97414  51.946  28.976  10.531 0.0000000000
98272  49.289  30.390  14.169 0.0000000000
98301  50.397  30.360  11.926 0.0000000000
98323  49.129  30.320  11.080 0.0000000000
98322  49.935  30.143  11.194 0.0000000000
97399  51.140  29.843  11.557 0.0000000000
96608  51.480  28.841  10.106 0.0000000000
96607  51.956  28.653  9.719 0.0000000000
96624  51.069  28.488  8.170 0.0000000000
96640  49.104  28.399  7.629 0.0000000000
96652  49.227  28.390  6.658 0.0000000000
96660  49.522  28.442  5.814 0.0000000000
95803  47.527  27.896  3.502 0.0000000000
96589  43.906  28.111  12.868 0.0000000000
96602  43.748  28.504  12.247 0.0000000000
95764  42.912  28.263  6.801 0.0000000000
95783  43.675  26.757  5.675 0.0000000000
96656  44.331  28.194  6.500 0.0000000000
96644  44.869  28.672  7.169 0.0000000000
96643  46.048  28.441  7.159 0.0000000000
95771  46.640  27.724  6.217 0.0000000000
94915  45.575  26.920  4.458 0.0000000000
95791  46.242  27.241  4.609 0.0000000000
95790  47.128  27.584  4.368 0.0000000000
95823  46.833  27.370  1.614 0.0000000000
94082  46.289  25.546  0.202 0.0000000000
90185  47.618  22.449  -1.398 0.0000000000
92176  44.772  23.443  1.663 0.0000000000
91170  45.040  22.759  1.182 0.0000000000
91185  45.564  22.863  0.621 0.0000000000
90155  46.145  22.007  0.417 0.0000000000
91184  46.115  22.939  0.049 0.0000000000
90172  47.270  22.008  -0.721 0.0000000000
95709  43.104  27.016  15.184 0.0000000000
94850  42.932  26.841  14.704 0.0000000000
94852  41.659  26.691  14.034 0.0000000000
94859  40.877  26.353  13.435 0.0000000000
96581  40.624  27.447  13.616 0.0000000000
94862  38.583  26.102  13.144 0.0000000000
93981  38.487  25.585  12.852 0.0000000000
93026  38.730  25.151  12.396 0.0000000000
100841  45.508  33.585  -7.011 0.0000000000
100817  43.596  33.961  -5.187 0.0000000000
100830  43.382  33.750  -6.317 0.0000000000
100842  44.360  33.517  -7.220 0.0000000000
100057  40.704  32.565  -7.048 0.0000000000
100051  40.239  32.289  -6.241 0.0000000000
99266  39.912  31.478  -5.559 0.0000000000
100036  40.033  32.149  -4.585 0.0000000000
99259  40.125  31.362  -5.128 0.0000000000
96745  38.527  29.062  -4.116 0.0000000000
96735  38.841  28.602  -3.575 0.0000000000
100024  39.412  32.310  -1.570 0.0000000000
99241  39.355  31.283  -1.854 0.0000000000
98449  39.832  29.586  -1.651 0.0000000000
97534  39.142  29.308  -3.035 0.0000000000
95883  39.143  27.709  -3.848 0.0000000000
95011  39.485  27.038  -4.183 0.0000000000
95026  40.916  26.938  -4.562 0.0000000000
99149  53.294  31.670  11.381 0.0000000000
100695  51.673  33.168  9.901 0.0000000000
100703  50.534  33.233  9.150 0.0000000000
100704  49.486  32.917  8.768 0.0000000000
97435  52.301  29.177  8.456 0.0000000000
98341  52.117  29.392  8.416 0.0000000000
98336  50.458  30.690  8.973 0.0000000000
99171  49.802  31.594  9.149 0.0000000000
99968  49.544  32.128  9.120 0.0000000000
100705  49.069  32.521  8.648 0.0000000000
99972  47.971  32.121  8.160 0.0000000000
99973  47.133  32.187  7.578 0.0000000000
99180  46.501  31.709  7.112 0.0000000000
98356  46.899  30.693  6.441 0.0000000000
99188  45.835  31.083  6.086 0.0000000000
98372  45.073  30.168  4.437 0.0000000000
96691  48.193  28.455  1.983 0.0000000000
96682  49.760  29.414  2.094 0.0000000000
96689  49.327  29.411  1.040 0.0000000000
97472  50.251  29.861  2.027 0.0000000000
98396  50.073  30.212  1.835 0.0000000000
97496  49.476  29.792  -0.814 0.0000000000
98437  49.591  29.860  -0.356 0.0000000000
98423  49.468  30.220  0.394 0.0000000000
98410  49.444  30.329  1.155 0.0000000000
98397  49.331  30.482  2.029 0.0000000000
98399  47.141  29.982  2.280 0.0000000000
97479  47.435  30.110  0.679 0.0000000000
97501  44.394  29.698  -1.190 0.0000000000
98440  43.686  29.795  -0.776 0.0000000000
97502  43.346  29.635  -1.457 0.0000000000
97567  46.410  28.532  -5.510 0.0000000000
97555  45.213  28.858  -5.180 0.0000000000
97544  44.305  29.082  -4.424 0.0000000000
97545  43.208  28.558  -4.468 0.0000000000
96743  43.259  28.226  -5.150 0.0000000000
96758  43.088  27.487  -5.231 0.0000000000
95879  44.000  27.195  -4.246 0.0000000000
90216  48.915  21.687  -5.358 0.0000000000
89151  46.101  21.275  -4.389 0.0000000000
90204  49.753  22.398  -3.293 0.0000000000
90205  46.393  22.102  -4.375 0.0000000000
90207  45.350  21.432  -3.406 0.0000000000
90212  52.772  23.199  -4.797 0.0000000000
91225  49.315  23.349  -3.277 0.0000000000
91234  46.918  22.621  -4.865 0.0000000000
91247  50.276  23.292  -5.777 0.0000000000
91248  49.933  23.527  -5.894 0.0000000000
92223  49.524  23.806  -3.513 0.0000000000
92238  48.955  23.408  -5.696 0.0000000000
92240  48.015  23.502  -5.151 0.0000000000
93117  44.673  24.836  2.269 0.0000000000
93167  48.335  24.358  -2.275 0.0000000000
93183  48.804  25.012  -5.365 0.0000000000
93193  51.490  24.978  -6.177 0.0000000000
93196  49.281  24.360  -5.993 0.0000000000
93971  38.844  25.904  13.180 0.0000000000
94083  45.749  25.206  0.711 0.0000000000
94112  47.496  25.629  -3.668 0.0000000000
94117  52.449  24.013  -5.498 0.0000000000
94845  43.532  26.704  14.950 0.0000000000
94846  43.362  26.788  15.128 0.0000000000
94851  42.252  26.871  14.331 0.0000000000
94856  43.324  27.107  14.409 0.0000000000
94857  42.870  26.957  14.274 0.0000000000
94861  39.087  26.316  13.268 0.0000000000
94868  43.100  27.194  13.915 0.0000000000
94869  42.516  27.012  13.492 0.0000000000
94872  38.590  26.546  13.122 0.0000000000
94891  39.947  27.017  8.033 0.0000000000
94906  42.557  25.824  5.701 0.0000000000
94964  46.733  26.116  0.011 0.0000000000
95022  43.550  27.128  -4.347 0.0000000000
95025  41.339  26.876  -4.451 0.0000000000
95033  49.265  26.321  -5.963 0.0000000000
95034  48.677  27.037  -5.613 0.0000000000
95036  43.519  27.150  -4.840 0.0000000000
95037  43.283  27.077  -4.907 0.0000000000
95041  51.145  26.315  -6.379 0.0000000000
95707  44.372  27.735  15.210 0.0000000000
95708  43.810  27.106  15.250 0.0000000000
95713  44.724  27.858  14.967 0.0000000000
95716  42.569  27.074  14.664 0.0000000000
95722  44.722  28.079  14.459 0.0000000000
95734  43.879  27.684  13.569 0.0000000000
95735  43.275  27.433  13.217 0.0000000000
95759  39.812  27.182  8.524 0.0000000000
95761  47.430  28.203  7.143 0.0000000000
95762  46.872  28.047  6.914 0.0000000000
95767  40.392  27.301  7.663 0.0000000000
95802  48.107  28.265  3.834 0.0000000000
95864  50.442  27.535  -3.472 0.0000000000
95894  44.016  27.244  -4.674 0.0000000000
95902  51.212  26.804  -5.912 0.0000000000
95909  43.217  27.310  -5.204 0.0000000000
95910  42.807  27.312  -4.990 0.0000000000
95919  44.394  27.841  -6.126 0.0000000000
96569  43.412  27.384  15.230 0.0000000000
96577  44.282  27.904  13.549 0.0000000000
96588  44.540  28.220  13.366 0.0000000000
96590  43.305  27.818  12.632 0.0000000000
96617  49.071  29.097  9.269 0.0000000000
96622  52.162  28.938  7.920 0.0000000000
96634  40.595  28.111  8.679 0.0000000000
96713  41.401  28.412  -2.740 0.0000000000
96715  40.151  28.604  -2.509 0.0000000000
96732  42.945  28.283  -4.660 0.0000000000
96734  41.762  27.579  -3.908 0.0000000000
96753  47.625  27.899  -5.945 0.0000000000
96756  43.675  28.215  -5.775 0.0000000000
96757  43.451  27.768  -5.581 0.0000000000
96766  47.694  28.343  -5.923 0.0000000000
96770  43.871  27.854  -6.071 0.0000000000
97403  43.680  28.717  11.879 0.0000000000
97422  42.717  29.140  10.578 0.0000000000
97443  42.173  29.396  9.108 0.0000000000
97445  52.132  29.145  7.864 0.0000000000
97446  51.838  29.295  7.464 0.0000000000
97455  46.036  29.717  4.043 0.0000000000
97465  45.445  29.964  3.990 0.0000000000
97471  50.422  29.882  2.505 0.0000000000
97533  41.957  28.375  -2.989 0.0000000000
97557  43.461  28.473  -5.052 0.0000000000
97569  44.101  28.277  -6.131 0.0000000000
97571  38.859  30.161  -5.589 0.0000000000
97578  47.253  28.634  -5.745 0.0000000000
97579  47.097  28.808  -5.774 0.0000000000
97580  44.310  28.153  -6.254 0.0000000000
97581  44.126  28.132  -6.342 0.0000000000
98274  47.853  30.108  13.480 0.0000000000
98305  46.743  30.395  11.750 0.0000000000
98306  46.102  30.376  11.500 0.0000000000
98338  46.115  30.382  10.282 0.0000000000
98339  45.765  30.384  10.383 0.0000000000
98344  48.895  30.768  8.006 0.0000000000
98347  51.504  29.552  7.298 0.0000000000
98357  46.176  30.923  6.209 0.0000000000
98365  43.970  31.040  5.003 0.0000000000
98395  50.400  30.052  2.226 0.0000000000
98404  41.503  31.380  2.343 0.0000000000
98418  40.628  31.428  1.194 0.0000000000
98422  49.654  29.931  0.092 0.0000000000
98425  48.285  30.358  0.826 0.0000000000
98427  45.449  29.712  0.364 0.0000000000
98439  49.172  30.292  0.003 0.0000000000
99170  50.296  31.233  9.291 0.0000000000
99173  50.090  30.843  8.865 0.0000000000
99179  46.958  31.394  7.250 0.0000000000
99183  46.734  31.069  6.877 0.0000000000
99184  46.172  31.455  6.602 0.0000000000
99185  45.504  31.847  6.342 0.0000000000
99191  43.521  31.918  5.066 0.0000000000
99194  43.717  31.226  4.841 0.0000000000
99195  43.173  31.607  4.570 0.0000000000
99203  42.873  31.299  4.045 0.0000000000
99204  42.355  31.684  3.697 0.0000000000
99205  41.812  32.038  3.439 0.0000000000
99212  42.036  31.422  3.143 0.0000000000
99228  39.616  32.127  -0.020 0.0000000000
99260  39.753  30.979  -5.145 0.0000000000
99941  53.461  31.945  11.473 0.0000000000
99964  49.988  31.769  9.348 0.0000000000
99967  49.962  32.642  9.222 0.0000000000
99969  48.792  32.071  8.578 0.0000000000
99974  46.690  31.856  7.321 0.0000000000
99977  46.353  32.218  7.068 0.0000000000
99982  43.796  32.268  5.285 0.0000000000
99992  42.405  32.405  4.026 0.0000000000
100001  41.150  32.712  2.805 0.0000000000
100043  40.106  31.802  -5.111 0.0000000000
100050  40.622  32.526  -6.708 0.0000000000
100717  46.038  32.629  6.615 0.0000000000
100719  48.203  34.035  6.478 0.0000000000
100731  43.086  32.786  4.710 0.0000000000
100740  42.758  33.217  4.147 0.0000000000
100768  41.174  34.218  0.954 0.0000000000
100782  41.308  34.167  -2.391 0.0000000000
100789  44.024  34.268  -3.335 0.0000000000
100832  41.043  32.803  -6.646 0.0000000000
101488  47.902  34.127  5.970 0.0000000000
101498  47.186  34.382  5.399 0.0000000000
101506  44.348  34.421  3.566 0.0000000000
101518  43.202  34.492  2.300 0.0000000000
101556  41.052  34.198  -1.467 0.0000000000
101568  42.496  34.421  -1.826 0.0000000000
101569  41.566  34.283  -2.097 0.0000000000
101586  41.855  34.242  -2.525 0.0000000000
101598  45.486  34.126  -3.407 0.0000000000
127376  52.752  23.439  -4.755 0.0000000000
127377  51.866  23.396  -5.697 0.0000000000
