#!ascii label  , from subject sub.01.dh.02.long.sub.01.base.03 vox2ras=TkReg
1090
107155  46.450  42.415  -6.156 0.0000000000
112057  51.015  49.318  -4.506 0.0000000000
103632  52.679  37.128  -1.370 0.0000000000
105694  42.491  40.755  -2.349 0.0000000000
103014  45.413  36.324  -3.664 0.0000000000
112741  49.555  50.212  -7.616 0.0000000000
114039  48.457  53.376  0.764 0.0000000000
114790  46.651  53.720  -2.578 0.0000000000
102939  54.038  35.774  4.829 0.0000000000
102249  47.269  35.971  1.853 0.0000000000
109362  51.029  45.286  -9.661 0.0000000000
104966  50.373  39.489  -5.140 0.0000000000
107791  48.271  43.271  -4.034 0.0000000000
107104  51.517  42.791  2.766 0.0000000000
115562  43.593  54.930  -7.557 0.0000000000
114839  50.299  54.446  -7.322 0.0000000000
100825  48.479  33.815  -5.635 0.0000000000
106493  44.647  41.527  -4.576 0.0000000000
104259  44.501  38.630  -1.930 0.0000000000
104959  46.326  39.951  -3.600 0.0000000000
109316  47.918  45.547  -7.158 0.0000000000
108513  45.333  44.576  -4.645 0.0000000000
115445  46.920  55.213  2.136 0.0000000000
102185  54.566  35.425  8.141 0.0000000000
101475  53.058  34.900  6.160 0.0000000000
100693  53.886  33.992  9.490 0.0000000000
116861  44.924  56.387  -11.042 0.0000000000
110727  52.085  47.410  -6.948 0.0000000000
108540  49.381  44.374  -7.021 0.0000000000
109284  50.720  46.522  -4.289 0.0000000000
110633  47.883  47.217  2.119 0.0000000000
109222  49.267  45.627  1.620 0.0000000000
108437  49.911  44.467  3.178 0.0000000000
106405  51.694  41.837  4.752 0.0000000000
114797  49.770  53.327  -3.749 0.0000000000
116195  48.779  55.252  -4.701 0.0000000000
113389  50.614  51.294  -6.504 0.0000000000
112114  51.496  49.552  -8.458 0.0000000000
104956  51.713  38.645  -3.764 0.0000000000
103025  50.402  35.789  -4.549 0.0000000000
101593  51.050  34.867  -3.557 0.0000000000
103017  42.418  36.258  -3.539 0.0000000000
102349  43.319  35.495  -7.569 0.0000000000
115573  49.369  54.359  -9.226 0.0000000000
114092  47.156  52.006  -6.847 0.0000000000
113375  48.686  51.743  -3.212 0.0000000000
111352  50.251  47.810  -2.126 0.0000000000
115496  41.246  54.605  -1.111 0.0000000000
114074  42.778  52.585  -3.058 0.0000000000
115481  48.243  54.569  -0.202 0.0000000000
102948  53.348  36.605  2.083 0.0000000000
102977  51.344  35.951  -0.176 0.0000000000
102218  51.258  35.808  3.017 0.0000000000
101497  48.141  34.519  5.425 0.0000000000
107831  48.348  43.475  -8.922 0.0000000000
105729  47.932  40.925  -6.959 0.0000000000
106519  49.800  41.407  -9.303 0.0000000000
106499  50.051  41.334  -5.692 0.0000000000
105690  50.773  40.428  -2.785 0.0000000000
108485  49.311  45.521  -1.561 0.0000000000
106459  48.656  42.263  -0.195 0.0000000000
105662  52.066  39.769  0.703 0.0000000000
104892  53.657  39.914  3.756 0.0000000000
104171  53.352  38.667  6.495 0.0000000000
116269  43.215  55.728  -9.670 0.0000000000
116834  45.663  56.980  -9.326 0.0000000000
116233  47.628  56.529  -6.697 0.0000000000
116832  49.688  56.962  -9.049 0.0000000000
113423  50.854  51.915  -10.087 0.0000000000
110737  50.731  47.849  -8.672 0.0000000000
103656  48.471  37.498  -3.706 0.0000000000
102333  46.960  35.096  -6.628 0.0000000000
100853  45.296  33.602  -8.105 0.0000000000
101563  47.724  35.510  -1.904 0.0000000000
106502  45.216  41.658  -4.951 0.0000000000
105701  44.980  40.660  -4.105 0.0000000000
105722  45.962  40.829  -5.416 0.0000000000
108542  47.676  44.400  -7.201 0.0000000000
109317  47.205  45.065  -6.378 0.0000000000
107810  45.656  43.047  -5.239 0.0000000000
107811  45.216  42.972  -4.833 0.0000000000
102154  54.031  35.373  9.897 0.0000000000
100691  54.745  34.753  8.777 0.0000000000
100681  54.482  34.046  10.080 0.0000000000
102364  40.658  34.702  -7.684 0.0000000000
111401  51.837  48.368  -5.819 0.0000000000
110016  51.806  47.272  -5.581 0.0000000000
110700  51.916  47.947  -3.949 0.0000000000
109934  46.830  46.299  2.880 0.0000000000
109932  48.530  45.718  2.543 0.0000000000
113384  50.182  51.322  -4.480 0.0000000000
114806  49.753  53.200  -4.585 0.0000000000
112072  51.362  50.072  -5.195 0.0000000000
112087  51.637  49.251  -6.417 0.0000000000
104263  52.310  37.620  -2.681 0.0000000000
103009  52.119  36.211  -3.200 0.0000000000
102293  52.143  35.817  -1.965 0.0000000000
104932  41.644  40.018  -1.005 0.0000000000
104249  42.213  38.813  -0.754 0.0000000000
103647  45.312  37.586  -2.238 0.0000000000
103649  43.521  36.854  -2.079 0.0000000000
103016  43.411  36.240  -3.585 0.0000000000
102323  42.235  35.752  -5.433 0.0000000000
102321  44.387  35.735  -5.608 0.0000000000
114110  49.725  52.713  -9.216 0.0000000000
114840  48.375  53.167  -7.860 0.0000000000
113390  48.388  51.427  -7.160 0.0000000000
107143  42.976  42.501  -3.180 0.0000000000
106477  41.793  41.464  -2.159 0.0000000000
114055  48.134  52.481  -1.882 0.0000000000
112715  47.798  50.513  -2.939 0.0000000000
113366  47.217  52.179  -0.884 0.0000000000
115444  48.224  54.699  1.799 0.0000000000
115463  47.205  54.610  1.065 0.0000000000
114750  49.157  53.932  0.426 0.0000000000
114779  49.376  53.709  -1.152 0.0000000000
102942  53.510  36.559  3.272 0.0000000000
102216  52.969  35.514  2.670 0.0000000000
101491  53.357  35.219  4.067 0.0000000000
101470  50.778  34.250  7.686 0.0000000000
101485  50.969  34.902  5.887 0.0000000000
101479  49.037  34.175  7.021 0.0000000000
109364  49.699  44.355  -9.828 0.0000000000
107195  49.451  42.103  -9.927 0.0000000000
107853  50.565  43.169  -10.036 0.0000000000
108528  48.597  43.958  -5.649 0.0000000000
107162  49.110  42.867  -6.312 0.0000000000
107146  49.413  41.751  -4.798 0.0000000000
106481  50.493  40.804  -3.863 0.0000000000
106483  49.153  41.591  -3.376 0.0000000000
111343  49.604  47.817  -1.389 0.0000000000
109979  50.764  47.242  -1.339 0.0000000000
109239  50.340  46.833  -0.265 0.0000000000
107754  50.233  43.810  2.367 0.0000000000
107764  49.212  43.903  0.841 0.0000000000
106440  50.127  41.934  1.886 0.0000000000
105664  50.105  40.903  0.613 0.0000000000
105654  51.064  41.024  1.691 0.0000000000
104902  53.235  39.750  2.364 0.0000000000
105642  53.318  40.873  3.378 0.0000000000
104880  51.004  40.330  4.709 0.0000000000
104867  52.870  39.981  5.901 0.0000000000
116255  43.710  55.878  -8.898 0.0000000000
116835  44.426  56.304  -9.400 0.0000000000
116253  45.397  56.423  -8.381 0.0000000000
114801  44.640  52.959  -3.105 0.0000000000
114811  43.793  53.010  -4.132 0.0000000000
114809  46.192  53.711  -4.205 0.0000000000
116207  49.417  55.277  -5.622 0.0000000000
116209  48.342  55.561  -5.232 0.0000000000
116814  49.438  56.672  -6.810 0.0000000000
116822  48.919  57.411  -7.425 0.0000000000
116231  50.409  55.415  -8.164 0.0000000000
115572  50.621  54.732  -9.234 0.0000000000
114846  51.114  53.690  -8.958 0.0000000000
110746  51.603  47.439  -8.689 0.0000000000
111441  51.141  49.479  -9.116 0.0000000000
110061  51.040  46.449  -9.314 0.0000000000
110051  49.581  45.798  -9.014 0.0000000000
104985  49.295  40.068  -6.607 0.0000000000
104968  48.302  40.089  -5.259 0.0000000000
104274  48.969  39.254  -4.453 0.0000000000
102330  49.405  34.311  -5.750 0.0000000000
102316  49.155  34.955  -5.411 0.0000000000
102344  47.952  34.238  -6.777 0.0000000000
102357  46.702  34.374  -8.001 0.0000000000
100840  46.546  33.713  -6.790 0.0000000000
102261  48.720  36.447  0.790 0.0000000000
102285  49.275  35.975  -1.512 0.0000000000
102274  47.196  35.780  -0.443 0.0000000000
105703  43.541  41.001  -3.196 0.0000000000
104260  43.644  39.355  -1.865 0.0000000000
104950  44.130  40.007  -2.610 0.0000000000
104949  45.107  39.552  -2.712 0.0000000000
103646  46.316  37.666  -2.495 0.0000000000
111414  49.801  48.697  -7.487 0.0000000000
107142  43.496  42.440  -3.777 0.0000000000
102924  54.254  35.996  6.268 0.0000000000
101473  54.026  35.035  5.373 0.0000000000
101461  54.521  34.781  7.882 0.0000000000
101463  53.140  34.384  8.122 0.0000000000
110048  51.884  46.595  -8.572 0.0000000000
108552  50.482  44.669  -8.555 0.0000000000
109313  51.394  46.002  -7.355 0.0000000000
109298  50.173  46.193  -5.744 0.0000000000
109286  48.739  45.101  -4.549 0.0000000000
110644  48.185  47.451  1.362 0.0000000000
109231  49.399  46.234  0.838 0.0000000000
109942  49.098  46.033  1.909 0.0000000000
108448  49.930  44.641  2.760 0.0000000000
107732  51.410  43.552  3.541 0.0000000000
107078  52.521  42.311  4.231 0.0000000000
107072  51.312  42.715  4.347 0.0000000000
105619  50.288  40.993  4.316 0.0000000000
104881  50.048  39.955  4.441 0.0000000000
115546  42.901  54.292  -7.025 0.0000000000
115504  48.930  54.534  -2.309 0.0000000000
114798  47.502  54.357  -3.715 0.0000000000
115509  49.479  54.157  -3.460 0.0000000000
114818  49.619  53.583  -5.391 0.0000000000
114830  50.199  52.947  -6.703 0.0000000000
113414  51.207  51.450  -8.570 0.0000000000
112756  51.306  50.524  -7.346 0.0000000000
111425  51.862  48.408  -8.010 0.0000000000
104965  51.224  38.867  -4.323 0.0000000000
103662  50.614  36.979  -4.214 0.0000000000
103661  51.300  36.962  -3.971 0.0000000000
102314  50.967  34.992  -4.833 0.0000000000
101607  50.140  34.356  -4.723 0.0000000000
101515  45.852  35.112  3.283 0.0000000000
101538  45.682  35.465  1.280 0.0000000000
103002  40.137  36.297  -2.507 0.0000000000
103635  42.555  37.628  -1.175 0.0000000000
103000  42.090  36.403  -2.571 0.0000000000
103019  40.519  36.011  -3.354 0.0000000000
102324  41.139  35.784  -5.242 0.0000000000
102351  41.316  35.447  -7.200 0.0000000000
102371  42.270  34.796  -8.655 0.0000000000
116251  48.078  55.513  -9.045 0.0000000000
115558  46.928  54.211  -8.107 0.0000000000
112722  49.729  50.649  -4.208 0.0000000000
111377  50.837  48.561  -3.864 0.0000000000
112040  49.140  49.240  -3.388 0.0000000000
111367  48.447  48.516  -2.364 0.0000000000
111356  47.309  48.192  -1.438 0.0000000000
110667  47.743  47.536  -0.166 0.0000000000
110655  46.628  47.373  0.872 0.0000000000
114793  42.122  52.850  -2.212 0.0000000000
114057  43.858  52.934  -1.612 0.0000000000
114782  45.547  53.372  -1.426 0.0000000000
114780  47.429  54.121  -1.850 0.0000000000
115493  49.321  54.282  -1.680 0.0000000000
114070  49.589  52.507  -3.232 0.0000000000
103616  52.975  37.297  0.234 0.0000000000
102269  52.322  35.644  -0.517 0.0000000000
102244  52.381  35.626  0.971 0.0000000000
102231  51.423  35.822  1.990 0.0000000000
102233  49.216  36.220  2.594 0.0000000000
101493  52.089  35.235  4.588 0.0000000000
102211  50.032  35.498  4.304 0.0000000000
102221  47.811  35.359  4.032 0.0000000000
107163  47.353  42.629  -7.229 0.0000000000
106509  47.251  41.429  -6.747 0.0000000000
107183  48.385  42.031  -8.781 0.0000000000
105742  49.140  40.586  -8.844 0.0000000000
105726  49.986  40.350  -7.371 0.0000000000
107830  49.913  43.111  -8.350 0.0000000000
106507  49.994  41.308  -6.851 0.0000000000
105718  50.422  40.118  -6.255 0.0000000000
105709  51.254  39.778  -5.032 0.0000000000
105689  51.584  39.652  -2.919 0.0000000000
104939  52.075  39.237  -2.002 0.0000000000
109989  51.587  47.559  -2.987 0.0000000000
109272  49.880  46.095  -3.328 0.0000000000
108494  48.650  44.947  -2.369 0.0000000000
108479  48.971  44.586  -0.122 0.0000000000
107772  48.547  43.860  -0.571 0.0000000000
107136  48.134  42.620  -1.987 0.0000000000
105683  50.061  40.704  -1.493 0.0000000000
105673  51.204  39.902  -0.894 0.0000000000
104227  52.739  38.206  -0.074 0.0000000000
104219  53.086  38.358  0.988 0.0000000000
103602  53.376  37.568  2.698 0.0000000000
103596  53.833  37.664  3.836 0.0000000000
106402  53.453  41.265  4.910 0.0000000000
104180  53.536  39.190  5.647 0.0000000000
103581  53.959  37.940  6.169 0.0000000000
102907  53.751  36.854  7.367 0.0000000000
116862  44.270  56.154  -10.567 0.0000000000
116848  45.635  56.935  -10.609 0.0000000000
117437  47.180  58.097  -10.452 0.0000000000
115519  47.308  54.595  -4.577 0.0000000000
115560  45.316  55.533  -7.473 0.0000000000
116824  46.639  57.274  -8.301 0.0000000000
117424  48.263  58.371  -9.138 0.0000000000
117448  49.073  57.690  -10.144 0.0000000000
116265  49.755  55.673  -9.695 0.0000000000
114854  49.985  54.016  -9.784 0.0000000000
112771  50.410  51.134  -9.678 0.0000000000
112779  51.304  50.747  -9.611 0.0000000000
112770  50.753  50.436  -9.634 0.0000000000
111427  50.307  48.445  -8.133 0.0000000000
110037  49.616  46.494  -8.101 0.0000000000
109332  48.434  44.862  -7.828 0.0000000000
105711  47.304  40.465  -5.568 0.0000000000
104958  47.154  39.665  -3.834 0.0000000000
103658  46.832  36.987  -3.026 0.0000000000
103664  48.994  36.655  -4.256 0.0000000000
103028  47.836  36.002  -4.883 0.0000000000
103030  45.916  36.039  -4.698 0.0000000000
102335  44.956  35.587  -6.691 0.0000000000
102359  44.850  34.928  -8.598 0.0000000000
102295  50.878  35.365  -2.347 0.0000000000
101579  49.512  35.158  -3.119 0.0000000000
101596  47.939  34.272  -3.682 0.0000000000
101565  45.821  35.107  -1.558 0.0000000000
100815  45.851  33.836  -4.906 0.0000000000
99940  53.741  32.344  11.422 0.0000000000
99961  52.308  32.848  10.418 0.0000000000
107156  45.930  42.345  -5.699 0.0000000000
106501  45.667  41.455  -5.442 0.0000000000
106500  46.418  41.795  -6.209 0.0000000000
107822  47.003  43.166  -6.620 0.0000000000
108543  47.076  43.901  -6.507 0.0000000000
107809  46.458  43.199  -5.973 0.0000000000
101443  54.433  34.700  10.321 0.0000000000
112056  51.410  49.059  -4.800 0.0000000000
110709  51.922  47.861  -4.954 0.0000000000
111389  51.545  48.571  -4.658 0.0000000000
112730  50.271  50.695  -4.486 0.0000000000
113383  50.450  51.434  -4.859 0.0000000000
112071  51.531  49.250  -5.320 0.0000000000
104246  52.658  37.726  -1.833 0.0000000000
102995  52.275  36.356  -2.444 0.0000000000
102984  52.482  36.411  -1.657 0.0000000000
104941  42.038  40.038  -1.438 0.0000000000
104238  41.697  39.591  -0.782 0.0000000000
104952  42.645  40.073  -1.878 0.0000000000
102997  44.899  36.713  -2.725 0.0000000000
102998  43.940  36.542  -2.694 0.0000000000
103015  44.409  36.246  -3.605 0.0000000000
103032  43.866  36.011  -4.571 0.0000000000
103031  44.903  35.964  -4.607 0.0000000000
113402  49.447  51.643  -8.492 0.0000000000
113403  48.842  51.666  -7.822 0.0000000000
112758  49.300  50.932  -7.641 0.0000000000
106486  43.051  41.477  -2.965 0.0000000000
106476  42.446  41.904  -2.556 0.0000000000
105695  41.798  40.860  -2.082 0.0000000000
105685  41.438  40.876  -1.427 0.0000000000
114048  48.812  53.475  -0.101 0.0000000000
114049  47.751  52.654  -0.567 0.0000000000
114751  48.943  53.837  1.120 0.0000000000
114735  48.949  54.318  1.219 0.0000000000
114038  48.900  53.601  0.423 0.0000000000
102940  53.951  36.414  4.544 0.0000000000
102207  53.548  35.548  3.947 0.0000000000
102206  53.923  35.676  4.570 0.0000000000
101478  49.761  34.313  7.187 0.0000000000
109363  50.375  44.720  -9.935 0.0000000000
108590  50.333  43.602  -10.278 0.0000000000
108577  50.585  43.875  -10.089 0.0000000000
108512  48.368  44.141  -4.746 0.0000000000
107797  48.524  43.158  -5.114 0.0000000000
107147  48.923  42.053  -4.493 0.0000000000
106491  49.427  41.519  -4.035 0.0000000000
107141  48.288  42.325  -3.215 0.0000000000
110665  49.534  47.681  -0.602 0.0000000000
109968  50.337  47.149  -0.241 0.0000000000
110651  50.007  47.509  -0.113 0.0000000000
107105  50.836  43.019  2.443 0.0000000000
107106  49.923  43.043  1.957 0.0000000000
106439  51.201  42.083  2.374 0.0000000000
105644  51.623  41.528  2.401 0.0000000000
105643  52.328  40.924  2.456 0.0000000000
106428  51.916  42.116  2.985 0.0000000000
104183  50.554  38.961  5.469 0.0000000000
116238  43.100  55.538  -8.146 0.0000000000
116237  44.118  55.601  -8.115 0.0000000000
116236  44.995  55.872  -7.937 0.0000000000
114791  45.696  53.291  -2.360 0.0000000000
114800  45.899  53.357  -3.340 0.0000000000
114799  46.782  53.899  -3.500 0.0000000000
115542  50.012  54.955  -6.746 0.0000000000
116219  49.554  55.625  -6.159 0.0000000000
115556  50.317  55.036  -7.449 0.0000000000
116232  50.148  55.784  -7.612 0.0000000000
115555  50.571  54.804  -8.163 0.0000000000
110060  51.430  46.523  -9.098 0.0000000000
110754  51.183  46.882  -9.016 0.0000000000
109361  51.321  46.053  -9.419 0.0000000000
110062  50.626  45.645  -9.548 0.0000000000
104977  49.651  39.889  -6.139 0.0000000000
104967  49.422  39.619  -5.190 0.0000000000
101616  49.013  33.866  -6.054 0.0000000000
102331  48.631  34.411  -6.166 0.0000000000
100838  48.295  33.863  -6.212 0.0000000000
101622  47.650  34.009  -7.226 0.0000000000
100839  47.556  33.868  -6.617 0.0000000000
102248  48.350  36.367  1.738 0.0000000000
102262  47.710  36.279  0.709 0.0000000000
106484  44.111  41.404  -4.146 0.0000000000
105692  43.862  40.610  -3.046 0.0000000000
105702  44.331  40.772  -3.718 0.0000000000
104971  45.913  40.361  -4.030 0.0000000000
104960  45.368  40.237  -3.604 0.0000000000
104948  46.068  39.434  -2.920 0.0000000000
104258  45.721  38.584  -2.382 0.0000000000
110027  48.694  46.534  -7.186 0.0000000000
110730  48.307  47.475  -6.433 0.0000000000
109302  46.079  45.044  -4.945 0.0000000000
109301  46.631  45.638  -5.568 0.0000000000
107148  44.596  42.297  -4.626 0.0000000000
107799  44.648  43.041  -4.498 0.0000000000
106494  44.025  41.728  -4.284 0.0000000000
106485  43.607  41.683  -3.780 0.0000000000
102906  54.312  36.082  7.180 0.0000000000
102199  54.498  35.346  6.934 0.0000000000
101460  54.804  34.973  8.393 0.0000000000
100700  53.934  34.264  8.552 0.0000000000
100701  53.068  34.139  8.980 0.0000000000
101464  52.504  34.230  8.446 0.0000000000
100694  52.904  33.513  10.097 0.0000000000
116280  44.205  55.940  -11.099 0.0000000000
116301  43.993  55.395  -12.336 0.0000000000
110047  52.139  46.888  -7.931 0.0000000000
110035  51.886  46.466  -7.703 0.0000000000
110024  51.673  46.681  -6.618 0.0000000000
110008  51.620  46.852  -4.614 0.0000000000
110017  51.179  46.714  -5.550 0.0000000000
109299  49.213  45.386  -5.489 0.0000000000
109285  49.593  45.863  -4.480 0.0000000000
109949  48.605  47.100  1.765 0.0000000000
109943  48.456  46.447  2.302 0.0000000000
109208  49.125  45.115  2.749 0.0000000000
109207  49.606  44.812  2.776 0.0000000000
108447  50.403  44.283  3.110 0.0000000000
107733  50.609  43.813  3.436 0.0000000000
107080  51.256  43.445  4.002 0.0000000000
107726  50.617  43.298  4.006 0.0000000000
106414  49.980  41.931  4.132 0.0000000000
105630  49.582  41.259  3.818 0.0000000000
105620  49.402  40.450  3.883 0.0000000000
115503  49.473  54.245  -2.483 0.0000000000
115510  48.945  54.604  -3.286 0.0000000000
114085  49.921  52.690  -5.184 0.0000000000
114090  49.924  53.042  -5.957 0.0000000000
114089  50.242  52.195  -6.005 0.0000000000
114099  50.439  52.172  -7.292 0.0000000000
111413  51.892  48.560  -6.908 0.0000000000
112105  51.661  49.345  -7.475 0.0000000000
111412  52.091  47.907  -7.166 0.0000000000
110745  52.081  47.191  -8.297 0.0000000000
104272  50.817  38.145  -4.024 0.0000000000
104271  51.478  37.911  -3.767 0.0000000000
102306  51.799  35.432  -3.405 0.0000000000
102313  51.435  35.273  -4.135 0.0000000000
101606  50.961  34.794  -4.193 0.0000000000
101594  50.308  34.691  -3.815 0.0000000000
102987  40.740  36.637  -1.479 0.0000000000
104248  43.349  38.473  -1.429 0.0000000000
102999  43.032  36.431  -2.673 0.0000000000
102985  42.775  36.814  -1.847 0.0000000000
103018  41.431  36.161  -3.437 0.0000000000
103035  40.779  36.001  -4.224 0.0000000000
103034  41.781  36.014  -4.413 0.0000000000
102337  42.766  35.637  -6.513 0.0000000000
102338  41.705  35.612  -6.352 0.0000000000
102350  42.267  35.495  -7.377 0.0000000000
102362  41.844  35.246  -8.038 0.0000000000
102361  42.761  35.330  -8.313 0.0000000000
116266  48.833  55.748  -9.436 0.0000000000
115574  48.587  54.903  -8.857 0.0000000000
114101  47.861  52.308  -7.289 0.0000000000
115557  47.968  54.126  -8.144 0.0000000000
114841  47.388  53.419  -7.572 0.0000000000
114102  46.790  52.772  -7.073 0.0000000000
113380  49.201  51.478  -3.681 0.0000000000
112047  49.282  50.063  -3.832 0.0000000000
112714  48.539  50.611  -3.479 0.0000000000
112041  48.071  49.362  -2.780 0.0000000000
111355  47.899  48.391  -1.900 0.0000000000
112028  46.162  48.313  -1.066 0.0000000000
110668  46.780  47.411  0.039 0.0000000000
114794  41.356  53.286  -2.631 0.0000000000
114786  41.478  53.797  -1.324 0.0000000000
114784  43.525  53.083  -1.111 0.0000000000
114783  44.455  53.105  -1.316 0.0000000000
115482  47.311  54.459  0.040 0.0000000000
114766  47.376  54.243  -0.909 0.0000000000
115495  48.241  54.414  -1.163 0.0000000000
115494  48.892  54.473  -1.468 0.0000000000
115479  49.172  54.294  -1.193 0.0000000000
114062  48.808  52.458  -2.527 0.0000000000
114061  49.464  53.142  -2.157 0.0000000000
114071  49.117  52.086  -3.167 0.0000000000
102955  53.268  36.539  1.030 0.0000000000
102956  53.161  36.103  0.711 0.0000000000
102242  53.309  35.992  0.948 0.0000000000
102217  52.232  35.652  2.784 0.0000000000
102230  52.305  35.599  1.840 0.0000000000
102232  50.374  36.097  2.249 0.0000000000
102219  50.157  35.848  3.315 0.0000000000
101483  53.012  35.001  5.140 0.0000000000
101484  52.051  34.948  5.527 0.0000000000
101496  48.987  34.863  5.453 0.0000000000
101495  49.967  35.146  5.248 0.0000000000
102212  48.981  35.384  4.647 0.0000000000
102220  49.005  35.901  3.707 0.0000000000
102213  48.299  34.977  4.864 0.0000000000
101503  46.922  34.866  4.401 0.0000000000
101502  47.668  34.786  4.799 0.0000000000
107832  47.880  42.950  -8.353 0.0000000000
107171  47.569  42.317  -7.664 0.0000000000
107844  48.256  42.802  -8.992 0.0000000000
106529  49.762  41.783  -9.811 0.0000000000
106520  49.110  41.242  -9.502 0.0000000000
105741  49.501  40.816  -9.147 0.0000000000
105735  49.672  40.636  -8.366 0.0000000000
105734  49.972  40.688  -7.934 0.0000000000
109330  50.023  45.035  -7.627 0.0000000000
108565  50.315  43.748  -8.860 0.0000000000
108553  49.767  44.068  -8.035 0.0000000000
107161  49.488  42.139  -6.386 0.0000000000
107170  49.669  42.172  -7.711 0.0000000000
106506  50.216  40.678  -7.079 0.0000000000
106498  50.493  40.640  -6.007 0.0000000000
106489  50.724  40.751  -4.902 0.0000000000
106473  50.245  40.849  -3.212 0.0000000000
105700  51.239  40.193  -3.937 0.0000000000
105681  51.402  39.860  -1.897 0.0000000000
111364  50.795  48.043  -2.948 0.0000000000
110689  51.536  47.873  -3.111 0.0000000000
110690  51.165  47.713  -2.639 0.0000000000
109259  50.659  46.670  -1.755 0.0000000000
109260  49.898  46.084  -2.196 0.0000000000
109261  49.325  45.664  -2.701 0.0000000000
108469  49.284  45.076  0.777 0.0000000000
106449  48.754  42.566  0.349 0.0000000000
107765  48.806  43.843  0.237 0.0000000000
107123  48.545  43.084  -0.032 0.0000000000
107778  48.277  43.812  -1.601 0.0000000000
106467  48.532  41.894  -1.179 0.0000000000
106466  49.305  41.235  -1.411 0.0000000000
106458  49.064  41.480  -0.370 0.0000000000
105663  51.358  40.148  0.301 0.0000000000
105674  50.522  40.441  -0.613 0.0000000000
104920  51.661  39.707  -0.427 0.0000000000
104919  52.226  39.334  -0.019 0.0000000000
104220  52.737  38.868  0.485 0.0000000000
104912  52.693  39.457  1.139 0.0000000000
104212  53.328  38.492  2.063 0.0000000000
104206  53.656  38.732  3.163 0.0000000000
104197  53.822  38.935  4.409 0.0000000000
107071  52.156  42.343  4.634 0.0000000000
106413  53.110  41.899  4.447 0.0000000000
106404  52.486  41.633  5.153 0.0000000000
104181  53.150  39.321  6.217 0.0000000000
102925  54.035  36.900  6.624 0.0000000000
116270  42.166  55.527  -9.602 0.0000000000
116271  41.312  55.229  -9.529 0.0000000000
116849  44.807  56.487  -10.143 0.0000000000
117438  46.439  57.467  -10.467 0.0000000000
117426  46.628  57.665  -9.785 0.0000000000
115518  48.045  54.847  -4.343 0.0000000000
114807  47.452  54.513  -4.249 0.0000000000
116221  48.023  56.301  -6.027 0.0000000000
116210  47.595  55.581  -5.553 0.0000000000
116222  47.173  55.780  -6.313 0.0000000000
116223  46.466  55.714  -6.879 0.0000000000
116235  45.918  56.120  -7.677 0.0000000000
116234  46.963  56.439  -7.213 0.0000000000
117414  49.399  57.402  -8.316 0.0000000000
117416  48.521  58.027  -8.127 0.0000000000
117423  48.981  57.967  -8.929 0.0000000000
117435  48.888  58.192  -9.842 0.0000000000
117434  49.252  57.555  -9.480 0.0000000000
116844  49.255  56.826  -9.852 0.0000000000
116831  50.016  56.258  -9.309 0.0000000000
114853  50.714  53.815  -9.748 0.0000000000
114118  50.324  52.800  -9.678 0.0000000000
112781  50.679  51.476  -10.139 0.0000000000
113400  51.296  50.971  -8.510 0.0000000000
113413  51.321  51.435  -9.159 0.0000000000
112769  51.348  50.488  -8.892 0.0000000000
110747  50.961  47.465  -8.884 0.0000000000
111434  51.012  49.063  -8.991 0.0000000000
111426  50.711  48.598  -8.669 0.0000000000
112115  50.762  49.646  -9.047 0.0000000000
110728  50.045  47.980  -7.831 0.0000000000
110738  50.347  47.409  -8.364 0.0000000000
109348  49.267  44.895  -9.264 0.0000000000
109331  48.958  45.411  -8.524 0.0000000000
108554  48.665  44.404  -8.693 0.0000000000
108555  48.219  43.813  -7.959 0.0000000000
105730  47.279  40.961  -6.532 0.0000000000
105720  47.500  40.687  -6.235 0.0000000000
104957  48.110  39.448  -4.139 0.0000000000
104267  47.765  38.589  -3.269 0.0000000000
104256  47.401  38.047  -2.823 0.0000000000
103657  47.652  37.373  -3.238 0.0000000000
103663  49.781  36.903  -4.124 0.0000000000
103026  49.551  35.727  -4.713 0.0000000000
102317  48.345  35.281  -5.681 0.0000000000
103027  48.700  35.819  -4.837 0.0000000000
102318  47.444  35.554  -5.777 0.0000000000
103029  46.902  36.025  -4.787 0.0000000000
102319  46.453  35.629  -5.713 0.0000000000
102320  45.433  35.663  -5.648 0.0000000000
102334  45.974  35.313  -6.659 0.0000000000
101629  46.232  33.986  -8.308 0.0000000000
102358  45.915  34.603  -8.241 0.0000000000
100862  44.652  33.796  -8.731 0.0000000000
101636  43.488  34.270  -9.214 0.0000000000
100854  44.082  33.573  -8.176 0.0000000000
102270  51.769  35.597  -0.446 0.0000000000
102282  52.035  35.400  -1.347 0.0000000000
102283  51.327  35.548  -1.470 0.0000000000
102286  48.035  35.697  -1.564 0.0000000000
102297  48.853  35.549  -2.262 0.0000000000
101580  48.149  35.229  -2.599 0.0000000000
101595  49.219  34.438  -3.834 0.0000000000
101581  46.853  34.948  -2.718 0.0000000000
101539  44.767  35.289  0.780 0.0000000000
101551  46.129  35.493  -0.203 0.0000000000
101552  44.754  35.149  -0.489 0.0000000000
105714  44.818  40.900  -4.323 0.0000000000
106492  45.263  41.362  -4.901 0.0000000000
105713  45.506  40.773  -4.642 0.0000000000
108529  46.550  44.464  -5.756 0.0000000000
108530  45.831  43.995  -5.275 0.0000000000
107798  45.246  43.610  -4.782 0.0000000000
107157  45.200  42.279  -4.975 0.0000000000
102169  54.718  35.400  8.960 0.0000000000
102184  54.906  35.049  8.555 0.0000000000
101442  54.763  34.823  9.333 0.0000000000
110718  51.997  47.660  -6.261 0.0000000000
110023  51.918  47.217  -6.449 0.0000000000
110719  51.955  47.773  -5.632 0.0000000000
110007  52.052  47.309  -4.277 0.0000000000
109944  47.473  46.862  2.746 0.0000000000
109933  47.838  46.055  2.716 0.0000000000
108438  48.974  44.493  3.068 0.0000000000
114079  50.005  52.314  -4.318 0.0000000000
114084  50.296  51.975  -5.036 0.0000000000
113386  50.576  51.379  -5.470 0.0000000000
112740  51.191  50.628  -6.715 0.0000000000
112735  51.518  50.035  -6.031 0.0000000000
104264  52.021  37.858  -3.209 0.0000000000
103654  51.774  36.974  -3.463 0.0000000000
103653  52.147  37.018  -2.861 0.0000000000
101576  51.479  35.072  -2.920 0.0000000000
103648  44.239  37.343  -1.940 0.0000000000
103633  43.887  37.578  -1.746 0.0000000000
103033  42.824  36.077  -4.528 0.0000000000
102322  43.311  35.830  -5.558 0.0000000000
102336  43.862  35.518  -6.621 0.0000000000
114847  49.598  53.398  -9.227 0.0000000000
114848  48.916  53.803  -8.556 0.0000000000
114111  49.170  52.655  -8.500 0.0000000000
114100  48.564  52.450  -7.837 0.0000000000
113404  48.216  51.736  -7.242 0.0000000000
107137  42.397  42.603  -2.660 0.0000000000
107138  41.813  42.602  -2.169 0.0000000000
105676  41.117  40.827  -0.843 0.0000000000
114063  48.279  52.284  -2.410 0.0000000000
113376  47.912  51.679  -2.714 0.0000000000
113372  47.229  51.888  -1.547 0.0000000000
115443  48.747  54.736  1.142 0.0000000000
115462  48.208  54.760  0.758 0.0000000000
115461  48.842  54.520  0.512 0.0000000000
115480  49.002  54.336  -0.557 0.0000000000
114765  49.255  53.795  -0.585 0.0000000000
114054  49.060  53.187  -1.327 0.0000000000
102228  53.313  35.959  1.466 0.0000000000
102215  53.322  35.883  2.486 0.0000000000
102208  52.970  35.390  3.539 0.0000000000
101476  52.014  34.685  6.551 0.0000000000
101477  50.888  34.536  6.863 0.0000000000
101486  49.879  34.718  6.171 0.0000000000
101487  48.795  34.309  6.338 0.0000000000
108566  48.980  43.911  -9.468 0.0000000000
107843  48.820  42.796  -9.576 0.0000000000
108579  49.455  43.423  -9.993 0.0000000000
107206  50.271  42.893  -10.287 0.0000000000
107193  50.393  42.774  -9.782 0.0000000000
108527  48.951  44.645  -6.130 0.0000000000
107819  49.351  43.218  -7.120 0.0000000000
107820  49.029  43.284  -6.455 0.0000000000
107154  49.016  42.526  -5.598 0.0000000000
107153  49.473  41.861  -5.269 0.0000000000
106490  49.843  41.419  -4.595 0.0000000000
106482  49.862  41.215  -3.610 0.0000000000
106474  49.841  41.054  -2.544 0.0000000000
111342  50.015  47.838  -1.615 0.0000000000
110678  50.758  47.575  -2.108 0.0000000000
110664  50.320  47.722  -1.081 0.0000000000
109249  50.488  46.762  -0.715 0.0000000000
109250  50.018  46.157  -1.099 0.0000000000
107755  49.636  43.945  1.590 0.0000000000
106441  49.598  42.473  1.564 0.0000000000
106448  49.242  41.951  0.815 0.0000000000
105665  49.478  41.232  0.159 0.0000000000
105655  50.274  41.271  1.387 0.0000000000
105653  51.987  40.184  1.385 0.0000000000
104903  52.597  40.100  1.818 0.0000000000
104879  51.583  40.588  4.883 0.0000000000
105610  52.560  40.874  5.566 0.0000000000
104868  51.915  39.894  5.305 0.0000000000
104862  52.163  39.379  5.888 0.0000000000
116239  42.106  55.491  -8.169 0.0000000000
116256  42.642  55.725  -8.871 0.0000000000
116836  43.839  55.979  -9.477 0.0000000000
116254  44.672  56.253  -8.645 0.0000000000
114073  43.611  52.750  -2.839 0.0000000000
114810  45.180  53.268  -4.195 0.0000000000
116208  49.165  55.362  -5.171 0.0000000000
116220  48.900  56.198  -5.879 0.0000000000
116815  48.551  56.919  -6.576 0.0000000000
116823  47.838  57.295  -7.330 0.0000000000
116821  49.591  57.019  -8.068 0.0000000000
116249  50.088  56.380  -8.566 0.0000000000
116248  50.396  55.591  -8.690 0.0000000000
114117  51.035  52.603  -9.601 0.0000000000
111433  51.265  48.882  -8.850 0.0000000000
110755  51.021  46.862  -9.065 0.0000000000
110049  50.905  46.776  -9.073 0.0000000000
110050  50.466  46.490  -8.944 0.0000000000
109347  50.007  45.339  -9.541 0.0000000000
105728  48.896  40.295  -7.102 0.0000000000
105719  48.239  40.440  -6.278 0.0000000000
104978  48.997  40.101  -6.128 0.0000000000
104266  48.886  38.383  -3.814 0.0000000000
102315  49.996  34.780  -5.150 0.0000000000
102332  47.889  34.877  -6.536 0.0000000000
102346  46.460  34.876  -7.504 0.0000000000
102345  47.291  34.414  -7.293 0.0000000000
101628  47.150  33.919  -7.981 0.0000000000
100841  45.508  33.585  -7.011 0.0000000000
102259  50.523  36.366  0.075 0.0000000000
102272  49.923  36.375  -0.652 0.0000000000
102273  48.591  36.277  -0.363 0.0000000000
102287  47.407  35.675  -1.162 0.0000000000
105704  43.133  40.966  -2.791 0.0000000000
104951  43.197  40.038  -2.159 0.0000000000
105693  43.411  40.591  -2.669 0.0000000000
104961  44.707  40.103  -3.207 0.0000000000
102996  45.911  36.813  -2.823 0.0000000000
112088  49.727  49.492  -7.592 0.0000000000
112089  49.254  49.552  -6.957 0.0000000000
110028  47.400  46.466  -6.140 0.0000000000
107800  44.039  43.090  -4.193 0.0000000000
116122  46.729  55.726  2.795 0.0000000000
115430  47.733  55.110  3.119 0.0000000000
114736  48.481  53.802  1.687 0.0000000000
102936  54.138  35.875  5.336 0.0000000000
102203  54.019  35.339  4.927 0.0000000000
102201  54.280  35.342  5.847 0.0000000000
101466  54.234  34.948  6.406 0.0000000000
101467  53.899  34.678  6.817 0.0000000000
101462  53.955  34.418  7.764 0.0000000000
101468  53.078  34.643  7.197 0.0000000000
101469  51.942  34.434  7.764 0.0000000000
100707  51.292  34.144  8.171 0.0000000000
109345  51.535  45.919  -9.154 0.0000000000
109346  51.111  45.259  -8.945 0.0000000000
109328  51.593  45.889  -8.355 0.0000000000
109329  50.882  45.458  -8.032 0.0000000000
110025  51.028  46.293  -6.472 0.0000000000
109314  50.546  45.743  -6.992 0.0000000000
109315  49.626  45.327  -6.561 0.0000000000
109300  48.671  44.697  -5.336 0.0000000000
108501  48.362  44.485  -3.669 0.0000000000
110653  48.477  47.562  0.528 0.0000000000
109958  49.832  47.079  0.467 0.0000000000
110643  49.044  47.376  1.084 0.0000000000
109948  49.113  46.586  1.481 0.0000000000
109218  48.876  45.668  2.394 0.0000000000
109217  49.361  45.198  2.378 0.0000000000
108459  49.701  44.655  2.099 0.0000000000
108458  50.281  44.272  2.725 0.0000000000
107743  50.926  43.791  2.969 0.0000000000
107092  51.398  43.326  2.923 0.0000000000
107090  52.221  42.522  3.675 0.0000000000
107079  51.990  43.077  4.079 0.0000000000
106406  50.824  41.911  4.462 0.0000000000
105618  51.245  41.128  4.687 0.0000000000
104870  49.803  39.216  4.934 0.0000000000
114789  47.473  54.186  -2.791 0.0000000000
115511  48.234  54.480  -3.075 0.0000000000
115517  49.103  54.880  -4.316 0.0000000000
115516  49.481  54.104  -4.525 0.0000000000
115529  49.326  54.807  -4.870 0.0000000000
115528  49.507  54.721  -5.616 0.0000000000
114831  49.851  53.871  -6.554 0.0000000000
114838  50.601  53.473  -7.677 0.0000000000
113401  50.990  51.149  -7.740 0.0000000000
112755  51.453  50.308  -7.945 0.0000000000
112739  51.528  50.033  -6.983 0.0000000000
103010  51.727  36.073  -3.859 0.0000000000
103024  51.137  35.938  -4.308 0.0000000000
101615  49.739  34.037  -5.541 0.0000000000
101608  48.824  33.934  -4.975 0.0000000000
102236  46.145  35.361  2.659 0.0000000000
102250  46.336  35.588  1.991 0.0000000000
101526  45.581  35.317  2.371 0.0000000000
103003  39.300  36.403  -2.592 0.0000000000
104940  42.867  39.479  -1.553 0.0000000000
103634  43.477  37.496  -1.659 0.0000000000
102986  41.796  36.784  -1.587 0.0000000000
103001  41.109  36.241  -2.449 0.0000000000
103020  39.621  35.981  -3.516 0.0000000000
103036  40.169  35.911  -3.974 0.0000000000
102363  41.114  35.092  -7.824 0.0000000000
115575  47.482  54.968  -8.533 0.0000000000
112742  48.673  50.720  -6.950 0.0000000000
112743  47.455  50.525  -6.325 0.0000000000
112058  50.368  50.099  -4.404 0.0000000000
112045  50.592  48.902  -4.268 0.0000000000
112046  49.942  49.120  -4.087 0.0000000000
112039  49.589  48.852  -3.557 0.0000000000
111365  49.767  48.297  -3.144 0.0000000000
111366  48.973  48.492  -2.659 0.0000000000
111354  48.888  47.995  -1.990 0.0000000000
111344  48.793  47.723  -1.232 0.0000000000
110654  47.553  47.485  0.735 0.0000000000
110645  47.281  47.405  1.555 0.0000000000
114067  42.157  52.668  -2.667 0.0000000000
114785  42.413  53.163  -1.462 0.0000000000
114058  43.235  52.895  -1.699 0.0000000000
114065  43.643  52.819  -2.115 0.0000000000
114072  44.175  52.879  -2.405 0.0000000000
115464  45.952  54.616  1.134 0.0000000000
114767  46.402  53.883  -0.688 0.0000000000
114781  46.538  53.720  -1.626 0.0000000000
115505  48.244  54.365  -2.092 0.0000000000
114764  49.384  54.066  -1.108 0.0000000000
114778  49.603  53.718  -1.722 0.0000000000
114788  49.677  53.545  -2.741 0.0000000000
113379  49.774  51.669  -3.983 0.0000000000
103623  52.799  37.214  -0.505 0.0000000000
102975  52.710  36.429  -0.829 0.0000000000
102268  52.586  35.978  -0.444 0.0000000000
102257  52.333  35.663  0.196 0.0000000000
102258  51.893  35.670  0.378 0.0000000000
102229  52.952  35.594  1.666 0.0000000000
102245  51.659  35.809  1.054 0.0000000000
102958  51.297  36.052  0.703 0.0000000000
102246  50.737  36.299  1.042 0.0000000000
102247  49.492  36.406  1.483 0.0000000000
101482  53.619  35.057  4.729 0.0000000000
101492  52.938  35.188  4.249 0.0000000000
102209  52.152  35.510  3.703 0.0000000000
101494  51.037  35.176  4.911 0.0000000000
102210  51.128  35.571  3.997 0.0000000000
102234  48.025  35.986  2.861 0.0000000000
102235  46.852  35.448  3.015 0.0000000000
107164  47.085  42.418  -6.742 0.0000000000
107172  47.447  41.777  -7.231 0.0000000000
106516  47.570  41.452  -7.214 0.0000000000
106515  47.890  41.371  -7.749 0.0000000000
107182  48.895  41.979  -9.570 0.0000000000
106521  48.569  40.969  -8.650 0.0000000000
105737  48.538  40.704  -7.889 0.0000000000
104984  49.555  40.041  -6.883 0.0000000000
104976  50.023  39.911  -6.577 0.0000000000
108564  50.675  44.358  -9.372 0.0000000000
107842  50.324  43.100  -8.982 0.0000000000
107181  50.156  42.420  -9.088 0.0000000000
106514  49.933  41.202  -8.047 0.0000000000
106513  50.074  40.687  -7.661 0.0000000000
105708  51.512  39.153  -4.269 0.0000000000
105699  51.622  39.355  -3.842 0.0000000000
104947  52.047  38.708  -2.895 0.0000000000
104938  52.523  38.433  -2.007 0.0000000000
104237  52.703  37.936  -1.156 0.0000000000
111376  51.452  48.326  -3.809 0.0000000000
109999  51.792  47.470  -3.344 0.0000000000
110000  51.623  46.851  -3.572 0.0000000000
109990  51.231  47.311  -2.617 0.0000000000
109271  50.766  46.576  -2.912 0.0000000000
109273  48.993  45.465  -3.505 0.0000000000
107785  47.995  43.608  -2.813 0.0000000000
109240  49.854  46.532  -0.086 0.0000000000
108478  49.337  45.487  -0.509 0.0000000000
108470  49.103  44.363  0.428 0.0000000000
108486  48.703  44.785  -1.086 0.0000000000
106475  48.754  41.652  -2.301 0.0000000000
105691  50.358  40.606  -2.131 0.0000000000
105675  49.705  40.897  -0.518 0.0000000000
105682  50.724  40.303  -1.650 0.0000000000
104931  51.847  39.483  -1.063 0.0000000000
104930  52.439  38.826  -1.072 0.0000000000
104226  53.019  37.808  0.478 0.0000000000
103609  53.259  37.466  1.610 0.0000000000
104911  53.190  39.051  1.595 0.0000000000
106427  52.770  41.807  3.590 0.0000000000
106426  53.374  41.476  4.075 0.0000000000
105629  53.579  40.906  4.424 0.0000000000
105609  53.161  40.932  5.698 0.0000000000
104866  53.287  40.367  5.517 0.0000000000
104878  53.600  40.081  4.873 0.0000000000
103594  53.942  37.843  5.067 0.0000000000
102937  54.124  36.820  5.679 0.0000000000
102888  54.183  36.138  7.707 0.0000000000
102186  54.212  35.934  8.699 0.0000000000
116850  43.991  56.093  -9.968 0.0000000000
117450  47.745  57.691  -10.660 0.0000000000
115545  44.246  54.262  -6.647 0.0000000000
115561  44.666  55.175  -7.449 0.0000000000
114819  46.429  54.108  -4.740 0.0000000000
115530  47.697  55.229  -5.087 0.0000000000
115544  45.693  55.045  -6.775 0.0000000000
116825  45.870  56.744  -8.396 0.0000000000
117417  47.643  58.027  -8.369 0.0000000000
116833  46.522  57.559  -9.194 0.0000000000
117425  47.221  58.116  -9.359 0.0000000000
117436  48.072  58.454  -10.232 0.0000000000
117449  48.705  58.022  -10.593 0.0000000000
116856  48.928  57.568  -10.395 0.0000000000
115585  49.629  54.942  -9.601 0.0000000000
116264  50.228  55.536  -9.506 0.0000000000
115584  50.282  54.829  -9.887 0.0000000000
113415  49.826  51.969  -9.127 0.0000000000
112757  49.802  50.945  -8.494 0.0000000000
114109  51.090  52.221  -8.672 0.0000000000
114116  51.243  51.967  -9.395 0.0000000000
113422  51.243  51.624  -9.826 0.0000000000
111440  51.171  49.678  -9.217 0.0000000000
112125  51.056  50.043  -9.428 0.0000000000
112780  50.997  50.981  -10.189 0.0000000000
112116  50.455  50.352  -9.123 0.0000000000
112107  50.257  49.530  -8.339 0.0000000000
110729  49.503  47.402  -7.425 0.0000000000
110026  49.313  46.771  -7.527 0.0000000000
110038  48.673  45.788  -7.800 0.0000000000
107821  47.450  43.193  -7.292 0.0000000000
105721  46.615  40.908  -6.039 0.0000000000
105712  46.479  40.536  -5.157 0.0000000000
104970  46.435  40.256  -4.336 0.0000000000
104969  47.301  40.137  -4.703 0.0000000000
104268  46.878  39.311  -3.155 0.0000000000
104257  46.793  38.509  -2.688 0.0000000000
103645  47.049  37.695  -2.729 0.0000000000
103013  46.391  36.426  -3.781 0.0000000000
104273  49.892  38.403  -4.128 0.0000000000
104265  49.478  37.773  -3.875 0.0000000000
103655  49.140  37.445  -3.955 0.0000000000
103011  48.188  36.588  -4.077 0.0000000000
103012  47.316  36.524  -3.919 0.0000000000
102348  44.433  35.592  -7.728 0.0000000000
102347  45.518  35.303  -7.684 0.0000000000
102360  43.787  35.357  -8.555 0.0000000000
102370  43.135  34.926  -9.080 0.0000000000
102294  51.630  35.338  -2.507 0.0000000000
101577  51.218  35.031  -2.957 0.0000000000
102284  50.432  35.898  -1.549 0.0000000000
102296  49.930  35.576  -2.385 0.0000000000
101578  50.530  35.088  -3.087 0.0000000000
101609  47.644  34.060  -4.470 0.0000000000
102263  46.672  35.778  0.746 0.0000000000
101566  44.658  34.728  -1.660 0.0000000000
101597  46.704  34.352  -3.842 0.0000000000
101610  47.155  34.265  -4.368 0.0000000000
100814  46.966  34.187  -4.794 0.0000000000
100827  46.756  33.764  -5.819 0.0000000000
100828  45.685  33.553  -5.935 0.0000000000
99939  54.264  33.054  11.333 0.0000000000
100683  53.489  33.112  10.687 0.0000000000
99952  52.992  32.369  11.026 0.0000000000
99950  54.216  33.374  10.692 0.0000000000
99951  53.900  32.886  10.880 0.0000000000
99962  51.663  32.178  10.381 0.0000000000
100680  54.707  34.638  9.088 0.0000000000
100682  53.912  33.469  10.343 0.0000000000
100692  54.497  34.505  8.823 0.0000000000
100699  54.321  34.478  8.248 0.0000000000
100799  46.567  34.263  -4.262 0.0000000000
100812  48.523  33.804  -5.298 0.0000000000
100813  48.073  33.849  -5.171 0.0000000000
100826  47.738  33.861  -5.753 0.0000000000
100851  47.129  33.834  -7.360 0.0000000000
100852  46.371  33.753  -7.675 0.0000000000
100863  43.788  33.808  -8.861 0.0000000000
101456  54.842  34.879  8.642 0.0000000000
101457  54.717  34.773  8.556 0.0000000000
101474  53.762  34.835  5.722 0.0000000000
101481  53.864  35.123  4.891 0.0000000000
101514  46.500  35.156  3.758 0.0000000000
101550  46.780  35.574  -0.701 0.0000000000
101564  47.073  35.528  -1.464 0.0000000000
101592  51.481  35.040  -3.224 0.0000000000
101605  51.440  34.968  -3.768 0.0000000000
101621  48.288  34.001  -6.621 0.0000000000
101630  45.380  34.113  -8.813 0.0000000000
101632  40.288  34.423  -7.380 0.0000000000
101635  44.455  34.237  -9.178 0.0000000000
102152  54.879  35.100  9.146 0.0000000000
102153  54.645  35.189  9.507 0.0000000000
102168  54.901  35.063  8.801 0.0000000000
102204  53.805  35.201  4.615 0.0000000000
102222  47.003  35.211  3.796 0.0000000000
102243  52.947  35.774  0.739 0.0000000000
102256  52.536  35.903  0.060 0.0000000000
102260  49.645  36.460  0.393 0.0000000000
102271  51.024  35.976  -0.556 0.0000000000
102275  46.645  35.672  0.039 0.0000000000
102281  52.487  35.820  -1.143 0.0000000000
102298  48.323  35.491  -2.160 0.0000000000
102305  52.084  35.748  -2.734 0.0000000000
102365  40.373  34.655  -7.411 0.0000000000
102369  43.998  34.806  -9.105 0.0000000000
102374  40.870  34.660  -8.007 0.0000000000
102889  53.968  36.328  8.074 0.0000000000
102957  51.533  35.880  0.478 0.0000000000
102965  53.091  36.869  0.561 0.0000000000
102966  52.853  36.419  0.196 0.0000000000
102967  51.575  35.846  0.017 0.0000000000
102968  51.192  36.135  0.220 0.0000000000
102976  51.464  35.791  -0.313 0.0000000000
103553  53.531  37.377  7.251 0.0000000000
103615  53.144  37.371  0.811 0.0000000000
103644  52.469  37.162  -2.181 0.0000000000
104247  43.911  37.893  -1.692 0.0000000000
104254  52.515  37.912  -2.357 0.0000000000
104255  52.290  38.100  -2.750 0.0000000000
104861  52.445  39.587  5.867 0.0000000000
104869  50.790  39.545  4.971 0.0000000000
104942  41.599  40.284  -1.133 0.0000000000
104946  52.370  38.309  -2.515 0.0000000000
104983  49.820  40.040  -7.167 0.0000000000
105608  53.318  40.806  5.536 0.0000000000
105615  53.425  40.944  5.262 0.0000000000
105616  53.257  41.209  5.439 0.0000000000
105617  51.972  41.018  5.050 0.0000000000
105684  41.897  40.592  -1.879 0.0000000000
105710  47.819  40.445  -5.853 0.0000000000
105727  49.533  40.231  -7.552 0.0000000000
105736  49.108  40.354  -8.123 0.0000000000
105743  48.838  40.574  -8.449 0.0000000000
106397  53.187  41.282  5.490 0.0000000000
106398  52.933  41.347  5.543 0.0000000000
106403  53.198  41.575  5.183 0.0000000000
106412  53.392  41.467  4.633 0.0000000000
106447  49.869  41.428  1.235 0.0000000000
106508  47.700  41.257  -7.146 0.0000000000
106530  49.551  41.586  -9.706 0.0000000000
107070  52.724  42.005  4.780 0.0000000000
107091  51.787  43.075  3.318 0.0000000000
107114  49.301  43.070  1.349 0.0000000000
107115  48.800  43.073  0.706 0.0000000000
107130  48.367  42.907  -0.915 0.0000000000
107149  43.981  42.376  -4.306 0.0000000000
107180  50.389  42.800  -9.524 0.0000000000
107194  50.172  42.247  -10.007 0.0000000000
107205  50.394  42.855  -10.120 0.0000000000
107742  51.417  43.489  3.225 0.0000000000
107808  48.835  43.261  -5.929 0.0000000000
107841  50.474  43.259  -9.536 0.0000000000
107854  49.874  42.911  -10.243 0.0000000000
107855  49.390  42.785  -10.019 0.0000000000
107863  50.418  43.254  -10.228 0.0000000000
107864  50.263  43.317  -10.340 0.0000000000
108436  50.308  44.203  3.311 0.0000000000
108493  49.270  45.587  -2.190 0.0000000000
108541  48.925  43.796  -6.427 0.0000000000
108578  50.087  43.774  -10.280 0.0000000000
108589  50.437  43.438  -10.257 0.0000000000
109957  50.110  47.297  0.070 0.0000000000
109969  50.169  46.929  0.143 0.0000000000
110015  51.874  47.376  -6.088 0.0000000000
110034  52.085  46.965  -7.213 0.0000000000
110036  50.197  46.775  -8.496 0.0000000000
110735  52.156  47.396  -7.666 0.0000000000
110736  52.055  47.661  -8.171 0.0000000000
110739  49.871  47.067  -7.949 0.0000000000
110748  50.672  47.073  -8.751 0.0000000000
111346  46.858  47.866  -0.916 0.0000000000
111353  49.609  47.917  -2.136 0.0000000000
111363  51.233  48.231  -3.369 0.0000000000
111378  50.334  48.390  -3.568 0.0000000000
111390  51.208  48.641  -4.221 0.0000000000
111400  52.018  48.117  -6.528 0.0000000000
111424  52.091  47.836  -7.784 0.0000000000
112106  50.642  49.267  -8.741 0.0000000000
112124  51.265  49.905  -9.167 0.0000000000
112723  49.150  50.714  -3.881 0.0000000000
112729  50.740  50.665  -4.835 0.0000000000
112736  51.069  50.716  -5.758 0.0000000000
113391  47.771  51.516  -6.841 0.0000000000
113416  49.284  51.974  -8.517 0.0000000000
113424  50.459  51.859  -9.864 0.0000000000
114053  49.461  53.364  -1.698 0.0000000000
114056  44.164  52.967  -1.592 0.0000000000
114064  44.189  52.903  -1.863 0.0000000000
114066  42.833  52.741  -2.278 0.0000000000
114078  50.253  51.764  -4.644 0.0000000000
114080  43.357  52.732  -3.453 0.0000000000
114091  47.581  51.933  -6.986 0.0000000000
114108  51.270  51.887  -9.151 0.0000000000
114792  44.801  52.982  -2.079 0.0000000000
114802  43.838  52.878  -3.383 0.0000000000
114808  46.927  54.261  -4.344 0.0000000000
115586  49.156  54.997  -9.306 0.0000000000
116194  49.059  55.245  -4.691 0.0000000000
116250  48.519  55.392  -9.120 0.0000000000
116816  48.038  56.778  -6.644 0.0000000000
116843  49.907  56.093  -9.707 0.0000000000
117415  49.194  57.640  -8.224 0.0000000000
117422  49.391  57.465  -8.689 0.0000000000
