#!ascii label  , from subject sub.01.dh.02.long.sub.01.base.03 vox2ras=TkReg
1047
54541  35.468  -10.042  28.622 0.0000000000
75769  42.864  7.628  13.954 0.0000000000
65335  35.798  -1.786  21.418 0.0000000000
54348  16.009  -10.800  39.432 0.0000000000
59306  31.381  -5.488  31.920 0.0000000000
71233  35.244  3.217  20.479 0.0000000000
55610  21.777  -9.448  33.276 0.0000000000
51935  20.230  -13.422  36.684 0.0000000000
54489  25.578  -10.859  30.839 0.0000000000
75782  47.548  7.006  12.740 0.0000000000
60437  36.862  -5.653  29.313 0.0000000000
61679  35.807  -4.386  26.532 0.0000000000
56931  39.407  -8.463  28.338 0.0000000000
80929  45.250  12.450  12.573 0.0000000000
78978  48.431  10.062  10.181 0.0000000000
76802  39.557  8.297  16.237 0.0000000000
71295  43.550  3.452  16.220 0.0000000000
71280  38.492  3.608  17.251 0.0000000000
66483  40.542  -0.990  19.849 0.0000000000
52013  34.112  -12.465  32.649 0.0000000000
50603  14.413  -14.608  41.495 0.0000000000
50553  9.983  -13.589  42.998 0.0000000000
50497  8.802  -13.621  47.875 0.0000000000
55711  32.984  -9.400  29.538 0.0000000000
54446  30.000  -10.992  32.428 0.0000000000
66391  31.797  -0.840  25.646 0.0000000000
66360  38.201  -1.625  26.451 0.0000000000
82932  51.204  15.075  9.570 0.0000000000
75766  45.558  7.107  13.451 0.0000000000
72528  45.454  4.659  14.449 0.0000000000
58212  36.376  -7.897  28.067 0.0000000000
58228  36.983  -7.411  26.971 0.0000000000
55707  37.584  -9.712  28.520 0.0000000000
78938  42.099  10.205  14.327 0.0000000000
79973  44.993  12.469  14.764 0.0000000000
77866  44.234  9.605  12.860 0.0000000000
77880  45.513  9.474  12.252 0.0000000000
43240  9.225  -19.031  46.898 0.0000000000
73618  38.700  5.613  16.616 0.0000000000
74690  37.750  6.126  18.406 0.0000000000
67692  34.610  0.568  20.355 0.0000000000
68870  37.529  0.994  18.612 0.0000000000
65353  37.800  -1.902  20.548 0.0000000000
65278  39.109  -2.323  23.031 0.0000000000
51912  18.282  -12.422  38.164 0.0000000000
50625  19.709  -14.403  39.893 0.0000000000
51864  16.995  -13.225  39.138 0.0000000000
50601  16.438  -14.324  41.195 0.0000000000
53106  15.018  -12.138  39.642 0.0000000000
53063  11.601  -11.033  43.001 0.0000000000
50515  9.508  -13.178  44.889 0.0000000000
56891  32.623  -7.202  31.224 0.0000000000
54505  30.750  -9.980  29.830 0.0000000000
56912  29.809  -8.185  29.462 0.0000000000
53219  25.223  -12.708  34.574 0.0000000000
51990  27.726  -13.063  34.010 0.0000000000
61659  39.519  -4.460  26.653 0.0000000000
64057  36.488  -2.712  26.282 0.0000000000
73542  37.080  5.501  20.627 0.0000000000
69982  34.836  3.572  22.213 0.0000000000
68815  33.175  1.699  22.584 0.0000000000
53200  22.968  -11.510  34.645 0.0000000000
53157  22.822  -12.603  36.846 0.0000000000
53202  20.863  -11.066  34.892 0.0000000000
54389  18.572  -10.135  36.707 0.0000000000
55535  17.466  -9.062  38.045 0.0000000000
58180  27.088  -7.421  29.681 0.0000000000
56893  25.672  -7.560  31.343 0.0000000000
54470  23.620  -10.000  31.929 0.0000000000
61613  34.943  -4.460  30.465 0.0000000000
61629  33.184  -4.564  29.138 0.0000000000
60455  35.817  -5.480  28.229 0.0000000000
59384  38.555  -6.170  26.133 0.0000000000
81930  47.927  14.072  11.321 0.0000000000
80014  46.580  11.444  10.847 0.0000000000
77877  48.112  8.734  11.486 0.0000000000
76812  41.156  8.474  14.635 0.0000000000
73629  43.061  5.560  14.673 0.0000000000
73631  41.055  5.874  15.116 0.0000000000
71298  40.623  3.599  16.297 0.0000000000
68882  41.939  1.332  18.422 0.0000000000
71264  36.786  3.716  17.912 0.0000000000
68885  39.159  1.371  18.224 0.0000000000
53291  34.825  -11.615  30.379 0.0000000000
53288  37.444  -10.974  30.917 0.0000000000
77830  41.977  10.329  16.814 0.0000000000
55472  14.268  -9.708  40.783 0.0000000000
53093  13.012  -11.500  40.866 0.0000000000
50605  11.938  -13.456  41.045 0.0000000000
48142  12.017  -15.749  43.641 0.0000000000
48126  10.436  -16.234  44.124 0.0000000000
48104  8.626  -15.965  45.400 0.0000000000
46901  7.790  -16.580  47.624 0.0000000000
46866  7.457  -16.020  48.836 0.0000000000
54525  34.091  -10.462  29.404 0.0000000000
53293  32.894  -11.477  30.047 0.0000000000
53231  32.198  -12.009  33.190 0.0000000000
54486  28.471  -10.916  31.222 0.0000000000
65309  33.168  -1.660  22.867 0.0000000000
62955  32.421  -3.862  26.026 0.0000000000
64103  34.279  -3.559  24.326 0.0000000000
65260  37.027  -2.409  24.001 0.0000000000
54481  39.716  -10.431  31.661 0.0000000000
81946  53.055  13.619  8.371 0.0000000000
81942  49.900  13.165  9.432 0.0000000000
78996  51.878  10.509  8.353 0.0000000000
76821  44.282  8.145  13.377 0.0000000000
74735  45.649  6.401  13.661 0.0000000000
74736  44.538  6.543  14.103 0.0000000000
55730  35.894  -9.334  28.194 0.0000000000
55749  36.394  -9.021  27.579 0.0000000000
54539  37.062  -10.035  28.785 0.0000000000
77851  42.751  9.674  13.745 0.0000000000
78947  43.498  10.390  13.305 0.0000000000
77867  43.570  9.412  13.327 0.0000000000
76838  44.580  8.698  12.957 0.0000000000
44497  8.121  -18.500  47.140 0.0000000000
74689  38.131  6.630  18.344 0.0000000000
74672  38.250  6.689  19.160 0.0000000000
66488  35.334  -0.437  20.368 0.0000000000
66487  36.368  -0.553  19.955 0.0000000000
65354  36.820  -1.475  20.396 0.0000000000
65332  38.697  -2.078  21.333 0.0000000000
65305  37.494  -2.463  22.197 0.0000000000
53141  17.199  -11.539  38.530 0.0000000000
51887  17.297  -12.667  38.767 0.0000000000
51888  16.567  -12.502  39.069 0.0000000000
51889  16.058  -12.479  39.266 0.0000000000
54349  15.657  -11.304  39.488 0.0000000000
58159  31.711  -6.260  31.080 0.0000000000
56911  30.963  -7.869  29.692 0.0000000000
58177  30.251  -6.861  29.764 0.0000000000
53198  24.878  -12.653  36.123 0.0000000000
65191  33.292  -1.591  30.351 0.0000000000
62919  39.796  -3.106  26.999 0.0000000000
68813  34.247  2.789  22.164 0.0000000000
68798  33.493  2.388  22.968 0.0000000000
54417  22.075  -10.643  34.077 0.0000000000
53201  21.829  -11.337  34.695 0.0000000000
54418  21.125  -10.149  34.312 0.0000000000
55575  19.170  -9.302  36.130 0.0000000000
55553  18.515  -8.711  36.831 0.0000000000
55554  17.962  -9.263  37.238 0.0000000000
58118  26.626  -5.936  32.804 0.0000000000
56874  22.729  -8.341  32.636 0.0000000000
55645  23.258  -9.143  31.942 0.0000000000
54451  22.681  -9.813  32.885 0.0000000000
53221  23.303  -10.899  33.707 0.0000000000
61627  35.451  -5.133  29.759 0.0000000000
60454  36.574  -5.559  28.331 0.0000000000
56969  38.231  -7.995  27.058 0.0000000000
58243  37.482  -6.883  26.410 0.0000000000
58210  39.496  -7.290  27.575 0.0000000000
59353  40.044  -6.647  27.662 0.0000000000
58209  40.170  -7.237  28.284 0.0000000000
80925  44.745  12.278  13.147 0.0000000000
80932  46.598  13.153  11.599 0.0000000000
79990  45.774  11.997  11.715 0.0000000000
75792  46.582  8.156  12.524 0.0000000000
77878  47.219  8.967  11.715 0.0000000000
76845  47.749  8.264  12.008 0.0000000000
76813  40.347  8.652  15.358 0.0000000000
75756  40.729  7.655  14.891 0.0000000000
75757  39.831  7.721  15.530 0.0000000000
72482  38.856  4.394  16.898 0.0000000000
72502  39.668  4.389  16.347 0.0000000000
71299  40.027  3.612  16.526 0.0000000000
70051  41.111  2.526  17.361 0.0000000000
70052  40.103  2.633  17.334 0.0000000000
72439  36.154  4.612  20.103 0.0000000000
73578  36.566  5.071  19.113 0.0000000000
71265  36.318  3.447  18.606 0.0000000000
66502  38.650  -0.660  19.272 0.0000000000
68869  38.576  0.775  18.569 0.0000000000
67709  39.889  0.009  18.993 0.0000000000
67719  40.576  0.543  18.667 0.0000000000
52025  34.657  -12.096  31.998 0.0000000000
52024  35.460  -12.133  32.107 0.0000000000
76789  40.745  9.212  17.272 0.0000000000
76800  40.652  9.345  16.569 0.0000000000
77843  40.944  9.452  15.217 0.0000000000
51934  21.782  -13.354  37.169 0.0000000000
50666  21.010  -13.817  38.384 0.0000000000
50602  15.525  -14.425  41.363 0.0000000000
50574  16.399  -14.281  42.317 0.0000000000
50575  15.567  -14.561  42.554 0.0000000000
50576  14.891  -14.831  42.978 0.0000000000
55450  14.048  -9.327  41.401 0.0000000000
54304  13.761  -10.416  40.899 0.0000000000
54285  12.959  -10.343  41.928 0.0000000000
51838  10.555  -12.380  42.557 0.0000000000
51849  11.396  -12.404  41.553 0.0000000000
50577  10.978  -13.222  41.992 0.0000000000
49314  11.909  -14.816  42.084 0.0000000000
49291  11.376  -15.204  42.778 0.0000000000
48143  10.943  -15.703  43.524 0.0000000000
49292  10.252  -14.712  42.981 0.0000000000
50506  8.798  -13.672  46.671 0.0000000000
49248  8.668  -14.711  45.177 0.0000000000
49231  8.438  -14.491  46.127 0.0000000000
48083  8.349  -15.940  46.179 0.0000000000
49216  7.928  -15.008  46.971 0.0000000000
55683  33.865  -8.640  30.323 0.0000000000
55682  34.702  -8.900  30.187 0.0000000000
55710  33.832  -9.520  29.506 0.0000000000
53314  33.661  -11.199  29.646 0.0000000000
54526  33.130  -10.509  29.519 0.0000000000
54462  30.421  -10.740  31.214 0.0000000000
53251  31.745  -11.615  31.836 0.0000000000
53232  31.177  -11.305  32.639 0.0000000000
55690  26.661  -9.924  30.082 0.0000000000
55689  27.642  -9.692  29.828 0.0000000000
54488  26.927  -11.429  30.659 0.0000000000
51989  28.637  -12.746  33.976 0.0000000000
72499  42.990  4.063  15.675 0.0000000000
72514  44.635  4.063  15.186 0.0000000000
71294  44.551  3.418  16.047 0.0000000000
67612  32.318  0.769  25.647 0.0000000000
67639  32.521  0.552  23.406 0.0000000000
66421  32.241  -1.240  23.935 0.0000000000
61661  34.174  -5.240  27.322 0.0000000000
61663  32.469  -4.395  27.322 0.0000000000
61681  33.938  -4.735  26.508 0.0000000000
65213  36.567  -2.413  26.155 0.0000000000
64087  35.273  -2.969  25.388 0.0000000000
65242  36.277  -2.623  25.080 0.0000000000
65261  36.221  -2.853  24.161 0.0000000000
65241  36.981  -2.365  24.892 0.0000000000
65239  38.445  -1.864  24.720 0.0000000000
54482  38.399  -10.779  31.129 0.0000000000
81939  52.328  13.555  8.670 0.0000000000
80942  48.290  12.490  9.766 0.0000000000
80941  48.766  13.123  9.669 0.0000000000
80021  49.055  11.438  9.437 0.0000000000
78987  50.414  10.337  8.902 0.0000000000
77911  51.944  9.335  8.731 0.0000000000
58121  21.817  -7.513  33.577 0.0000000000
55612  20.795  -8.834  34.134 0.0000000000
75783  46.528  7.434  12.870 0.0000000000
74751  48.089  6.261  13.282 0.0000000000
74752  46.738  6.230  13.318 0.0000000000
58211  36.813  -7.124  28.085 0.0000000000
59369  36.897  -6.309  27.493 0.0000000000
58229  36.593  -7.857  27.548 0.0000000000
56970  37.515  -8.418  26.928 0.0000000000
55727  38.774  -8.939  28.066 0.0000000000
79959  44.250  11.956  16.349 0.0000000000
79968  43.488  11.792  14.673 0.0000000000
79975  43.657  11.369  13.605 0.0000000000
79981  44.464  11.433  12.786 0.0000000000
78956  45.165  10.485  11.975 0.0000000000
77881  44.808  9.616  12.524 0.0000000000
76837  45.308  8.552  12.741 0.0000000000
44534  10.037  -18.357  46.146 0.0000000000
75735  38.942  8.013  17.454 0.0000000000
75745  38.974  7.498  16.330 0.0000000000
75736  38.563  7.079  17.122 0.0000000000
74703  38.158  6.380  17.633 0.0000000000
72483  37.842  4.537  17.347 0.0000000000
70008  34.966  2.261  20.200 0.0000000000
70024  35.968  2.422  18.964 0.0000000000
67713  35.891  0.760  19.510 0.0000000000
66503  37.627  -0.563  19.443 0.0000000000
66484  39.349  -1.290  19.724 0.0000000000
65331  39.677  -1.986  21.157 0.0000000000
65277  40.031  -2.093  22.821 0.0000000000
51987  33.976  -12.996  34.463 0.0000000000
51911  18.841  -12.828  37.713 0.0000000000
50667  19.733  -13.881  38.021 0.0000000000
51885  18.618  -13.147  38.245 0.0000000000
50626  18.637  -14.304  39.770 0.0000000000
50599  18.393  -14.500  40.846 0.0000000000
50629  15.555  -13.992  40.276 0.0000000000
50630  14.670  -13.937  40.529 0.0000000000
54262  12.723  -9.808  42.955 0.0000000000
53047  11.049  -10.914  44.094 0.0000000000
51813  10.028  -12.539  44.272 0.0000000000
50531  9.655  -13.351  43.866 0.0000000000
51800  10.000  -12.358  45.324 0.0000000000
51786  9.781  -12.051  46.425 0.0000000000
50496  9.263  -12.812  47.221 0.0000000000
55684  32.801  -8.276  30.174 0.0000000000
55712  32.128  -9.408  29.332 0.0000000000
55685  31.426  -8.997  29.470 0.0000000000
55686  30.262  -9.315  29.661 0.0000000000
55663  29.714  -10.047  30.483 0.0000000000
53256  25.299  -11.619  31.897 0.0000000000
53255  26.674  -12.266  31.657 0.0000000000
51991  26.519  -13.108  34.484 0.0000000000
71263  44.033  2.647  17.350 0.0000000000
66376  31.809  -0.887  26.640 0.0000000000
61676  38.540  -4.428  26.184 0.0000000000
62951  36.333  -3.761  26.354 0.0000000000
62933  38.331  -3.368  26.596 0.0000000000
64041  38.235  -2.298  26.924 0.0000000000
82925  50.303  15.144  10.236 0.0000000000
44473  7.233  -18.317  48.213 0.0000000000
72427  36.900  4.968  21.439 0.0000000000
71222  35.854  4.400  21.569 0.0000000000
71223  35.146  3.782  21.356 0.0000000000
70009  34.448  2.146  20.709 0.0000000000
67671  33.762  0.918  20.953 0.0000000000
66462  34.193  -0.030  21.046 0.0000000000
53177  24.187  -12.278  36.712 0.0000000000
53156  23.560  -12.169  37.336 0.0000000000
53178  23.392  -12.243  36.071 0.0000000000
53158  22.111  -12.808  36.101 0.0000000000
51957  20.799  -12.871  35.961 0.0000000000
54419  20.483  -10.243  34.850 0.0000000000
54404  19.421  -10.477  36.068 0.0000000000
53182  19.178  -11.466  36.354 0.0000000000
53159  18.436  -11.459  37.323 0.0000000000
54371  17.484  -10.359  37.933 0.0000000000
55517  16.743  -9.540  38.819 0.0000000000
59308  29.392  -5.355  30.853 0.0000000000
59291  27.638  -5.805  31.040 0.0000000000
58162  26.224  -7.341  30.564 0.0000000000
56917  25.413  -9.229  30.615 0.0000000000
56872  24.275  -8.155  32.063 0.0000000000
56895  24.399  -8.908  31.369 0.0000000000
54468  25.036  -10.827  31.452 0.0000000000
53236  24.816  -11.797  33.202 0.0000000000
53220  24.005  -11.675  34.092 0.0000000000
64014  34.651  -2.578  31.307 0.0000000000
64027  33.125  -2.740  30.155 0.0000000000
61614  34.338  -4.258  30.425 0.0000000000
60456  34.983  -5.449  28.368 0.0000000000
60488  36.068  -5.101  26.712 0.0000000000
59386  37.165  -6.561  26.617 0.0000000000
60487  36.917  -5.625  26.270 0.0000000000
60486  38.033  -5.481  25.852 0.0000000000
60485  39.064  -5.398  26.289 0.0000000000
60467  40.517  -5.242  27.736 0.0000000000
81926  47.899  14.188  12.499 0.0000000000
80943  47.453  12.450  10.329 0.0000000000
78979  47.364  10.748  10.453 0.0000000000
78968  45.868  10.439  11.541 0.0000000000
78967  46.841  10.406  11.014 0.0000000000
75770  41.927  7.899  14.227 0.0000000000
74737  43.365  6.484  14.435 0.0000000000
74739  41.807  7.321  14.464 0.0000000000
73630  41.991  5.638  14.776 0.0000000000
72500  42.015  4.226  15.700 0.0000000000
73633  39.738  5.851  15.743 0.0000000000
72501  40.855  4.421  15.755 0.0000000000
71296  42.616  3.509  16.188 0.0000000000
70049  42.695  2.572  17.091 0.0000000000
70022  42.878  1.552  18.423 0.0000000000
73577  37.175  5.790  19.034 0.0000000000
72468  37.095  4.326  17.703 0.0000000000
71281  37.533  3.529  17.563 0.0000000000
68888  36.603  2.247  18.418 0.0000000000
70040  37.801  2.349  17.861 0.0000000000
70038  39.687  1.997  17.836 0.0000000000
68884  40.290  1.135  18.390 0.0000000000
53312  35.347  -11.258  29.648 0.0000000000
53310  36.673  -10.881  30.065 0.0000000000
53290  35.810  -11.529  30.555 0.0000000000
53248  37.278  -11.935  32.584 0.0000000000
78931  42.025  10.638  15.193 0.0000000000
77842  41.566  9.916  14.779 0.0000000000
55494  15.962  -9.604  39.708 0.0000000000
56683  15.433  -8.244  40.636 0.0000000000
55495  15.396  -9.984  39.982 0.0000000000
54324  14.958  -10.796  39.908 0.0000000000
53107  14.304  -11.956  40.045 0.0000000000
51847  13.187  -12.586  40.530 0.0000000000
53094  12.110  -11.632  41.420 0.0000000000
51848  12.390  -12.519  40.858 0.0000000000
49334  13.384  -14.666  41.588 0.0000000000
49313  12.946  -14.989  42.274 0.0000000000
49267  13.098  -15.525  43.780 0.0000000000
46923  10.397  -17.356  45.223 0.0000000000
49293  9.411  -14.991  43.677 0.0000000000
46937  9.164  -16.564  44.850 0.0000000000
46924  9.520  -17.262  45.214 0.0000000000
45791  9.177  -17.688  45.707 0.0000000000
46913  8.153  -16.765  46.637 0.0000000000
45755  7.608  -17.215  47.879 0.0000000000
48065  7.991  -14.910  48.029 0.0000000000
48049  7.665  -15.633  48.363 0.0000000000
45756  7.279  -17.304  48.377 0.0000000000
56956  35.415  -8.947  28.439 0.0000000000
56934  34.837  -8.968  29.221 0.0000000000
54524  34.930  -10.519  29.052 0.0000000000
53313  34.437  -11.289  29.574 0.0000000000
53292  33.889  -11.704  30.240 0.0000000000
52026  33.840  -12.075  31.872 0.0000000000
53294  32.019  -11.220  30.120 0.0000000000
53273  32.306  -11.682  30.940 0.0000000000
53230  32.898  -12.201  32.775 0.0000000000
56913  28.804  -8.402  29.575 0.0000000000
55664  29.063  -10.118  30.521 0.0000000000
54464  29.411  -10.816  31.855 0.0000000000
53233  28.551  -12.220  32.526 0.0000000000
54448  29.282  -11.854  32.887 0.0000000000
53214  30.074  -11.750  34.117 0.0000000000
72529  44.624  5.022  14.562 0.0000000000
68799  32.972  1.608  23.215 0.0000000000
67653  32.959  0.699  22.308 0.0000000000
66436  34.518  -1.314  21.574 0.0000000000
64028  32.338  -2.973  29.592 0.0000000000
64043  31.663  -2.848  27.745 0.0000000000
64074  31.883  -2.820  25.605 0.0000000000
62953  34.673  -3.907  26.064 0.0000000000
62966  33.453  -3.991  25.183 0.0000000000
64105  32.293  -2.509  24.373 0.0000000000
64120  33.192  -2.492  23.554 0.0000000000
65282  34.881  -2.830  23.272 0.0000000000
65306  36.390  -2.409  22.113 0.0000000000
65280  37.208  -2.525  23.096 0.0000000000
54521  37.821  -10.035  29.438 0.0000000000
54520  38.547  -9.859  29.538 0.0000000000
55679  39.808  -9.470  30.254 0.0000000000
55656  40.851  -9.345  31.270 0.0000000000
55678  40.497  -8.832  30.340 0.0000000000
81945  53.847  13.474  7.907 0.0000000000
81933  49.924  14.328  9.966 0.0000000000
81941  50.544  13.915  9.509 0.0000000000
80020  49.914  11.388  9.218 0.0000000000
80019  50.994  11.399  8.785 0.0000000000
80947  51.490  12.699  8.912 0.0000000000
80026  51.886  11.858  8.520 0.0000000000
78995  52.944  10.347  8.046 0.0000000000
75768  43.921  7.482  13.929 0.0000000000
54540  36.309  -10.137  28.600 0.0000000000
76823  42.418  8.644  13.935 0.0000000000
76822  43.368  8.526  13.538 0.0000000000
66460  35.995  -1.255  20.731 0.0000000000
65334  36.831  -2.135  21.178 0.0000000000
54347  16.598  -10.714  38.813 0.0000000000
53119  16.551  -11.666  38.859 0.0000000000
53120  16.028  -11.755  39.169 0.0000000000
58176  31.175  -6.823  30.130 0.0000000000
58160  30.924  -6.093  30.305 0.0000000000
53176  24.913  -12.498  37.291 0.0000000000
51955  25.553  -12.962  36.832 0.0000000000
54436  21.669  -9.921  33.728 0.0000000000
55625  21.702  -8.807  33.113 0.0000000000
55624  22.272  -9.116  32.739 0.0000000000
54435  22.277  -10.021  33.382 0.0000000000
60438  36.444  -5.466  29.303 0.0000000000
60453  37.025  -5.578  28.706 0.0000000000
56953  38.949  -8.108  27.613 0.0000000000
56952  39.593  -7.837  28.184 0.0000000000
56930  40.132  -8.165  28.881 0.0000000000
80924  45.338  12.698  13.876 0.0000000000
80928  46.135  13.301  13.199 0.0000000000
80933  45.990  12.823  11.732 0.0000000000
80934  45.566  12.193  11.971 0.0000000000
75791  47.254  7.848  12.461 0.0000000000
75790  48.162  7.586  12.372 0.0000000000
45788  11.421  -17.501  46.008 0.0000000000
76814  39.905  8.461  15.805 0.0000000000
72481  39.343  4.120  16.732 0.0000000000
71279  39.493  3.567  16.892 0.0000000000
71232  35.587  4.131  20.682 0.0000000000
71247  35.744  3.583  19.653 0.0000000000
66501  39.624  -0.605  19.279 0.0000000000
66500  40.203  -0.438  19.260 0.0000000000
52012  35.058  -12.621  32.705 0.0000000000
76790  39.689  8.613  17.000 0.0000000000
76801  40.165  9.010  16.288 0.0000000000
50683  20.642  -13.844  37.473 0.0000000000
54284  13.397  -9.617  42.106 0.0000000000
51839  10.197  -12.980  42.778 0.0000000000
50578  10.472  -13.368  42.467 0.0000000000
49315  10.917  -14.180  42.148 0.0000000000
49316  10.376  -13.961  42.606 0.0000000000
49232  8.164  -15.143  46.548 0.0000000000
49215  8.296  -14.574  47.243 0.0000000000
54445  30.468  -11.004  32.056 0.0000000000
54430  30.546  -11.234  32.926 0.0000000000
54507  26.292  -10.574  30.379 0.0000000000
55667  26.946  -10.626  30.385 0.0000000000
72498  43.878  3.844  15.622 0.0000000000
67603  32.198  -0.005  26.208 0.0000000000
67613  32.003  -0.028  25.214 0.0000000000
67626  32.016  -0.104  24.654 0.0000000000
66405  31.949  -0.770  24.585 0.0000000000
61660  34.928  -5.247  27.042 0.0000000000
61680  34.930  -4.592  26.599 0.0000000000
65212  37.440  -2.025  26.478 0.0000000000
65225  36.247  -2.476  25.795 0.0000000000
65224  36.976  -2.088  25.637 0.0000000000
66375  37.688  -1.610  25.969 0.0000000000
66390  37.465  -1.912  25.373 0.0000000000
83928  51.406  15.761  9.702 0.0000000000
82931  52.510  14.578  8.726 0.0000000000
81940  51.691  13.817  9.043 0.0000000000
80012  47.867  11.420  9.978 0.0000000000
80022  48.502  11.657  9.638 0.0000000000
78989  48.617  10.941  9.706 0.0000000000
58099  22.310  -6.972  34.270 0.0000000000
58100  21.252  -7.436  34.236 0.0000000000
58081  21.811  -6.755  34.969 0.0000000000
58120  22.715  -7.313  33.589 0.0000000000
74753  46.044  6.992  13.351 0.0000000000
73645  45.097  5.627  14.169 0.0000000000
73644  46.192  5.390  13.807 0.0000000000
55729  36.838  -9.569  28.015 0.0000000000
55748  36.971  -9.135  27.197 0.0000000000
55728  37.800  -9.299  27.688 0.0000000000
55706  38.460  -9.577  28.797 0.0000000000
78930  42.775  11.400  15.463 0.0000000000
79960  43.549  11.869  15.730 0.0000000000
78937  42.682  10.983  14.155 0.0000000000
79982  43.859  10.977  13.062 0.0000000000
78946  44.113  10.547  12.847 0.0000000000
78957  44.677  10.281  12.432 0.0000000000
75785  44.943  8.088  13.193 0.0000000000
75784  45.608  7.668  13.128 0.0000000000
76836  45.986  8.197  12.665 0.0000000000
44516  9.584  -18.668  46.522 0.0000000000
75720  39.347  7.692  18.673 0.0000000000
75721  38.500  7.204  18.185 0.0000000000
74704  37.828  5.686  17.732 0.0000000000
73604  37.781  5.222  17.537 0.0000000000
68847  35.291  1.233  19.812 0.0000000000
66486  37.277  -1.132  19.880 0.0000000000
66504  36.983  -0.492  19.657 0.0000000000
66485  38.261  -1.379  19.725 0.0000000000
65352  38.963  -1.795  20.437 0.0000000000
65304  38.467  -2.340  22.221 0.0000000000
65303  39.397  -2.221  22.083 0.0000000000
65257  39.711  -1.964  23.750 0.0000000000
75734  39.973  8.421  17.990 0.0000000000
53139  18.363  -12.026  37.849 0.0000000000
50668  19.034  -13.416  38.222 0.0000000000
50650  17.358  -13.492  39.029 0.0000000000
50649  17.947  -13.689  38.956 0.0000000000
50627  17.404  -14.128  39.633 0.0000000000
50600  17.362  -14.363  40.997 0.0000000000
51866  15.675  -13.026  39.552 0.0000000000
51867  14.779  -13.081  39.826 0.0000000000
51811  10.619  -11.006  45.037 0.0000000000
53048  10.922  -11.676  43.964 0.0000000000
51812  10.705  -11.847  44.637 0.0000000000
51799  10.368  -11.508  45.676 0.0000000000
55662  33.162  -7.712  31.228 0.0000000000
56910  32.053  -7.770  29.839 0.0000000000
54485  30.288  -10.194  30.534 0.0000000000
53235  26.009  -12.596  33.177 0.0000000000
53218  25.965  -12.947  34.000 0.0000000000
67572  32.245  -0.357  28.041 0.0000000000
66361  31.949  -0.878  27.745 0.0000000000
62949  37.940  -3.835  26.180 0.0000000000
62932  39.069  -3.529  26.704 0.0000000000
64039  40.041  -2.696  27.235 0.0000000000
64040  39.243  -2.513  27.080 0.0000000000
45757  7.023  -17.530  48.729 0.0000000000
69996  34.705  2.864  21.150 0.0000000000
69983  34.317  2.691  21.759 0.0000000000
68814  33.573  1.971  21.825 0.0000000000
67652  33.464  0.517  21.468 0.0000000000
53199  24.068  -12.205  35.386 0.0000000000
53179  22.527  -12.291  35.454 0.0000000000
53180  21.392  -12.312  35.235 0.0000000000
53181  20.119  -11.478  35.515 0.0000000000
56799  20.277  -7.851  34.947 0.0000000000
55595  20.369  -9.160  34.640 0.0000000000
55574  19.700  -8.515  35.501 0.0000000000
55536  17.162  -9.889  38.267 0.0000000000
54372  17.146  -10.584  38.380 0.0000000000
59290  28.317  -5.147  31.652 0.0000000000
58140  27.954  -5.260  32.711 0.0000000000
58142  26.229  -6.517  31.821 0.0000000000
56916  25.888  -8.623  30.319 0.0000000000
56894  25.050  -8.650  31.192 0.0000000000
55644  23.973  -9.393  31.532 0.0000000000
55669  24.567  -9.606  31.218 0.0000000000
54469  24.337  -10.556  31.812 0.0000000000
53257  24.514  -11.321  32.419 0.0000000000
53237  23.823  -11.020  32.880 0.0000000000
62894  34.445  -3.576  30.841 0.0000000000
60440  35.330  -5.408  29.023 0.0000000000
60471  35.458  -5.404  27.398 0.0000000000
58244  37.343  -7.068  26.585 0.0000000000
59368  38.440  -6.812  26.406 0.0000000000
59385  37.719  -6.470  26.140 0.0000000000
59352  40.655  -6.121  28.345 0.0000000000
59366  40.190  -5.987  27.458 0.0000000000
79966  45.261  12.352  15.764 0.0000000000
81927  47.125  13.518  11.845 0.0000000000
80001  46.493  12.070  10.985 0.0000000000
80937  46.748  12.706  11.075 0.0000000000
80013  46.850  11.694  10.594 0.0000000000
77895  46.112  9.682  11.817 0.0000000000
77894  46.657  9.684  11.531 0.0000000000
77893  47.488  9.498  11.185 0.0000000000
78966  47.783  9.970  10.702 0.0000000000
75755  41.425  7.614  14.575 0.0000000000
74724  41.514  6.747  14.652 0.0000000000
72517  41.535  5.068  15.392 0.0000000000
74714  38.867  6.596  16.181 0.0000000000
74726  39.531  6.578  15.686 0.0000000000
73617  39.184  5.685  16.129 0.0000000000
71297  41.609  3.528  16.123 0.0000000000
71276  42.266  2.915  16.654 0.0000000000
71277  41.337  2.985  16.754 0.0000000000
70036  41.932  1.919  18.026 0.0000000000
73558  37.603  6.152  20.013 0.0000000000
73559  36.731  5.358  19.893 0.0000000000
72469  36.644  4.498  18.413 0.0000000000
68871  36.586  1.476  18.676 0.0000000000
68886  38.170  1.559  18.166 0.0000000000
70039  38.695  2.155  17.839 0.0000000000
52010  36.712  -12.249  33.005 0.0000000000
53249  36.597  -12.101  32.513 0.0000000000
78921  42.366  10.839  16.216 0.0000000000
78922  41.744  10.390  16.034 0.0000000000
77853  41.430  9.229  14.569 0.0000000000
76824  41.784  8.735  14.318 0.0000000000
53137  23.703  -12.371  38.399 0.0000000000
53138  22.978  -12.287  37.965 0.0000000000
50647  20.281  -14.004  39.230 0.0000000000
50573  17.272  -14.072  42.127 0.0000000000
55493  16.666  -8.358  39.628 0.0000000000
55449  14.475  -8.495  41.816 0.0000000000
56665  15.171  -8.017  41.263 0.0000000000
55471  14.903  -9.182  40.478 0.0000000000
54303  14.479  -10.022  40.510 0.0000000000
53092  13.780  -11.411  40.473 0.0000000000
53108  13.624  -12.098  40.377 0.0000000000
53046  11.880  -10.262  43.478 0.0000000000
53062  12.273  -10.576  42.535 0.0000000000
53079  11.887  -11.173  42.118 0.0000000000
50606  11.373  -13.369  41.531 0.0000000000
50604  13.133  -13.782  40.695 0.0000000000
49335  12.437  -14.403  41.403 0.0000000000
49290  12.499  -15.360  43.042 0.0000000000
48141  12.642  -15.605  43.738 0.0000000000
48125  11.641  -16.308  44.613 0.0000000000
46935  10.762  -16.778  44.756 0.0000000000
50532  9.165  -14.173  44.400 0.0000000000
49269  8.651  -15.418  45.077 0.0000000000
48128  8.815  -15.953  44.759 0.0000000000
46925  8.737  -16.845  45.612 0.0000000000
45767  7.934  -17.526  47.188 0.0000000000
49199  8.454  -14.290  48.399 0.0000000000
49178  8.546  -14.149  49.282 0.0000000000
46887  7.501  -16.586  48.354 0.0000000000
46888  7.264  -16.577  48.711 0.0000000000
46867  7.204  -16.108  49.072 0.0000000000
55709  34.650  -9.433  29.115 0.0000000000
56909  35.004  -8.878  29.633 0.0000000000
55732  34.825  -9.547  28.779 0.0000000000
53271  34.283  -11.865  31.141 0.0000000000
53272  33.308  -11.928  31.124 0.0000000000
54504  31.499  -10.420  29.642 0.0000000000
53250  32.719  -11.996  32.014 0.0000000000
52002  33.293  -12.649  33.414 0.0000000000
59327  28.389  -6.630  29.775 0.0000000000
59326  29.300  -6.229  30.038 0.0000000000
58179  28.082  -7.578  29.454 0.0000000000
55665  28.391  -10.496  30.622 0.0000000000
55688  28.535  -9.470  29.914 0.0000000000
55642  28.935  -10.662  31.246 0.0000000000
53234  27.437  -12.759  32.827 0.0000000000
53217  28.390  -12.770  33.309 0.0000000000
53197  29.211  -12.545  34.285 0.0000000000
53216  29.084  -12.282  33.509 0.0000000000
53215  29.561  -12.005  33.940 0.0000000000
54432  29.714  -11.728  33.431 0.0000000000
74722  43.008  6.096  14.541 0.0000000000
73647  43.647  5.756  14.613 0.0000000000
73628  43.935  5.131  14.782 0.0000000000
68782  33.380  2.442  23.898 0.0000000000
68783  32.613  1.629  24.159 0.0000000000
66438  32.787  -0.789  22.675 0.0000000000
66437  33.830  -0.795  21.715 0.0000000000
65308  33.783  -1.815  22.489 0.0000000000
62905  32.997  -3.993  29.894 0.0000000000
62906  32.458  -3.991  28.963 0.0000000000
61683  32.358  -4.244  26.723 0.0000000000
62920  32.109  -3.786  28.030 0.0000000000
62937  31.783  -3.871  27.062 0.0000000000
64059  31.585  -2.867  26.601 0.0000000000
62936  36.196  -3.208  26.375 0.0000000000
62952  35.592  -3.637  26.336 0.0000000000
64058  35.890  -3.045  26.301 0.0000000000
64102  35.021  -3.139  24.805 0.0000000000
64088  34.552  -3.409  25.214 0.0000000000
64089  33.738  -3.691  24.605 0.0000000000
62977  32.547  -3.181  24.519 0.0000000000
64104  33.159  -3.161  24.031 0.0000000000
65263  32.593  -2.219  23.841 0.0000000000
64119  33.989  -3.050  23.632 0.0000000000
65281  36.159  -2.815  23.048 0.0000000000
54502  36.944  -10.768  30.192 0.0000000000
54522  36.799  -10.559  29.537 0.0000000000
54501  37.604  -10.673  30.400 0.0000000000
54500  38.847  -10.177  30.324 0.0000000000
54499  39.584  -9.976  30.819 0.0000000000
55680  39.059  -9.689  29.564 0.0000000000
55657  39.977  -9.798  31.016 0.0000000000
56904  41.178  -7.798  30.436 0.0000000000
82937  53.481  14.615  8.307 0.0000000000
80953  53.602  12.379  7.843 0.0000000000
80949  49.294  12.493  9.426 0.0000000000
81934  49.372  13.703  9.781 0.0000000000
78986  51.114  10.442  8.622 0.0000000000
80955  51.917  12.401  8.623 0.0000000000
75767  44.941  7.367  13.606 0.0000000000
55750  36.073  -8.836  27.903 0.0000000000
56972  36.346  -8.442  27.752 0.0000000000
76839  43.993  8.863  13.184 0.0000000000
44517  8.808  -18.853  46.829 0.0000000000
75705  38.927  7.224  18.867 0.0000000000
74673  37.685  6.254  18.978 0.0000000000
67691  35.713  0.217  19.752 0.0000000000
65333  37.864  -2.255  21.485 0.0000000000
51913  17.787  -12.189  38.450 0.0000000000
51865  16.502  -13.277  39.357 0.0000000000
53121  15.536  -11.897  39.405 0.0000000000
56892  31.813  -7.083  30.212 0.0000000000
51975  25.724  -13.038  35.778 0.0000000000
65192  32.517  -1.713  29.484 0.0000000000
61658  40.270  -4.414  27.285 0.0000000000
62931  39.882  -3.748  26.971 0.0000000000
62918  40.549  -3.328  27.441 0.0000000000
68797  34.214  2.945  22.703 0.0000000000
56774  19.371  -8.019  36.536 0.0000000000
56870  25.718  -6.914  32.103 0.0000000000
56847  23.106  -7.672  33.034 0.0000000000
56873  23.387  -8.228  32.529 0.0000000000
55623  22.824  -9.422  32.468 0.0000000000
54450  23.188  -10.159  32.553 0.0000000000
53238  23.306  -10.592  33.140 0.0000000000
54434  22.931  -10.314  33.298 0.0000000000
54416  22.721  -10.638  33.856 0.0000000000
61626  36.027  -5.327  29.695 0.0000000000
60439  36.014  -5.415  29.050 0.0000000000
58227  37.782  -7.351  26.570 0.0000000000
58226  38.735  -7.376  26.937 0.0000000000
59367  39.364  -6.422  26.847 0.0000000000
58192  40.773  -7.146  29.206 0.0000000000
80923  46.318  13.013  14.456 0.0000000000
81924  46.588  13.431  12.373 0.0000000000
80002  46.194  11.531  11.218 0.0000000000
76847  46.218  8.734  12.402 0.0000000000
77879  46.470  9.211  12.044 0.0000000000
76846  46.928  8.548  12.213 0.0000000000
76844  48.882  8.001  12.038 0.0000000000
74725  40.434  6.735  15.138 0.0000000000
72503  38.922  5.097  16.615 0.0000000000
71278  40.445  3.125  16.849 0.0000000000
70037  40.750  1.882  17.789 0.0000000000
72438  36.537  5.105  20.638 0.0000000000
73560  36.375  4.878  19.593 0.0000000000
72453  36.222  4.373  19.230 0.0000000000
67711  38.033  0.201  19.135 0.0000000000
67710  39.047  0.027  18.920 0.0000000000
68868  39.529  0.624  18.631 0.0000000000
68867  40.204  0.454  18.743 0.0000000000
67708  40.715  -0.050  19.006 0.0000000000
53270  35.224  -11.816  31.317 0.0000000000
52011  36.006  -12.282  32.769 0.0000000000
75733  40.936  8.660  18.426 0.0000000000
76788  41.820  9.106  18.037 0.0000000000
77820  41.171  9.538  16.983 0.0000000000
77831  41.122  9.716  16.393 0.0000000000
77844  40.581  9.301  15.888 0.0000000000
51933  22.575  -12.709  37.615 0.0000000000
51909  21.926  -13.333  38.840 0.0000000000
50550  16.417  -14.415  43.393 0.0000000000
50551  15.707  -14.611  43.688 0.0000000000
49288  14.404  -15.232  43.572 0.0000000000
54305  13.058  -10.772  41.335 0.0000000000
53064  10.933  -11.555  43.273 0.0000000000
53080  11.239  -11.587  42.331 0.0000000000
49336  11.548  -14.060  41.529 0.0000000000
48144  10.034  -15.594  43.549 0.0000000000
50516  8.938  -13.827  45.526 0.0000000000
49249  8.453  -15.279  45.735 0.0000000000
48066  7.924  -15.574  47.182 0.0000000000
54484  30.775  -10.688  30.514 0.0000000000
53252  30.927  -11.156  31.503 0.0000000000
56915  26.895  -8.585  29.527 0.0000000000
56935  27.328  -8.194  29.460 0.0000000000
55666  27.463  -10.586  30.363 0.0000000000
54487  28.044  -11.078  31.005 0.0000000000
51973  27.625  -13.305  35.216 0.0000000000
51972  28.623  -13.139  34.742 0.0000000000
72515  43.480  4.557  15.155 0.0000000000
72497  44.329  3.730  15.595 0.0000000000
68756  32.618  1.373  25.947 0.0000000000
68768  32.585  1.523  25.244 0.0000000000
67625  32.116  0.525  24.532 0.0000000000
66420  32.279  -0.499  23.809 0.0000000000
65284  32.697  -1.635  23.389 0.0000000000
61645  33.497  -4.966  28.374 0.0000000000
61630  32.952  -4.521  28.671 0.0000000000
61662  33.259  -4.822  27.360 0.0000000000
61682  32.965  -4.513  26.585 0.0000000000
64072  35.456  -2.955  25.957 0.0000000000
64071  36.149  -2.559  26.075 0.0000000000
65243  35.661  -2.807  25.225 0.0000000000
64118  34.875  -3.553  23.985 0.0000000000
65262  35.546  -3.104  24.471 0.0000000000
65240  37.658  -2.049  24.762 0.0000000000
53268  37.632  -11.252  31.563 0.0000000000
54483  37.766  -10.912  31.008 0.0000000000
53267  38.742  -10.995  31.913 0.0000000000
53266  39.220  -10.853  32.042 0.0000000000
81936  47.844  12.982  10.235 0.0000000000
81935  48.349  13.594  10.263 0.0000000000
80950  48.763  12.019  9.498 0.0000000000
77912  51.294  9.556  8.757 0.0000000000
77922  51.881  9.675  8.524 0.0000000000
56849  21.497  -8.248  33.411 0.0000000000
55611  21.231  -9.157  33.698 0.0000000000
56824  21.018  -8.260  33.832 0.0000000000
58101  20.728  -7.615  34.627 0.0000000000
58119  23.486  -7.330  33.736 0.0000000000
56848  22.164  -8.025  32.932 0.0000000000
73659  47.667  5.523  13.735 0.0000000000
74734  46.195  6.011  13.615 0.0000000000
73660  46.947  5.469  13.664 0.0000000000
59354  37.404  -6.108  28.632 0.0000000000
56971  36.763  -8.423  27.238 0.0000000000
56954  38.287  -8.635  27.349 0.0000000000
55705  39.506  -9.136  28.998 0.0000000000
79967  44.270  12.276  15.234 0.0000000000
79974  44.316  12.227  13.969 0.0000000000
79980  44.949  11.850  12.484 0.0000000000
79991  45.316  11.454  11.928 0.0000000000
79992  44.836  10.918  12.216 0.0000000000
77865  44.884  9.176  12.667 0.0000000000
76848  45.763  8.741  12.533 0.0000000000
44533  10.288  -18.190  46.041 0.0000000000
76791  39.180  8.196  16.714 0.0000000000
75746  38.688  6.880  16.563 0.0000000000
74715  38.552  6.250  16.715 0.0000000000
73603  38.281  5.408  17.101 0.0000000000
71248  35.441  2.691  19.753 0.0000000000
70025  35.509  1.980  19.586 0.0000000000
68872  35.958  1.343  19.277 0.0000000000
67712  36.662  0.301  19.307 0.0000000000
67690  36.220  -0.044  19.622 0.0000000000
65302  40.332  -2.093  21.872 0.0000000000
65276  40.919  -1.895  22.575 0.0000000000
52001  34.485  -12.831  33.543 0.0000000000
51986  34.997  -12.924  34.524 0.0000000000
51910  19.558  -13.332  37.288 0.0000000000
50684  20.012  -13.780  37.305 0.0000000000
50648  19.027  -13.724  38.870 0.0000000000
51886  18.094  -13.053  38.429 0.0000000000
50628  16.426  -14.162  39.982 0.0000000000
51826  10.507  -12.063  43.674 0.0000000000
51827  10.051  -12.744  43.314 0.0000000000
50505  9.396  -12.977  46.012 0.0000000000
54463  29.952  -10.558  31.427 0.0000000000
53276  26.121  -11.773  31.095 0.0000000000
52004  26.793  -12.940  33.656 0.0000000000
51992  26.002  -13.039  35.101 0.0000000000
51974  26.595  -13.261  35.552 0.0000000000
71275  43.223  2.906  16.856 0.0000000000
71274  44.275  3.089  16.879 0.0000000000
67589  32.319  -0.016  27.369 0.0000000000
61678  36.593  -4.542  26.276 0.0000000000
62950  37.107  -3.825  26.128 0.0000000000
62935  36.846  -3.187  26.362 0.0000000000
64054  38.728  -3.064  26.825 0.0000000000
64055  38.235  -2.826  26.826 0.0000000000
64056  37.471  -2.604  26.657 0.0000000000
64042  37.748  -2.206  26.793 0.0000000000
65201  38.014  -2.018  26.875 0.0000000000
82924  50.842  15.466  9.978 0.0000000000
78977  48.978  9.808  9.887 0.0000000000
73541  37.778  5.647  20.960 0.0000000000
72428  36.165  4.683  20.923 0.0000000000
68848  34.591  1.575  20.289 0.0000000000
69997  34.202  2.270  21.261 0.0000000000
68830  34.080  1.607  20.822 0.0000000000
66489  34.725  -0.259  20.698 0.0000000000
66461  34.854  -1.061  21.107 0.0000000000
51956  21.551  -12.962  36.066 0.0000000000
51958  19.797  -12.479  36.108 0.0000000000
55594  20.850  -9.346  34.194 0.0000000000
54403  19.893  -10.007  35.379 0.0000000000
53203  20.326  -10.716  35.143 0.0000000000
51936  19.259  -12.543  36.864 0.0000000000
54390  17.856  -10.213  37.422 0.0000000000
53160  17.928  -10.858  37.724 0.0000000000
53140  17.892  -11.404  38.122 0.0000000000
55518  16.347  -10.177  39.237 0.0000000000
59307  30.635  -5.353  31.177 0.0000000000
59289  29.547  -4.954  32.017 0.0000000000
59309  28.415  -5.812  30.529 0.0000000000
59310  27.658  -6.436  30.202 0.0000000000
58141  27.077  -5.497  32.003 0.0000000000
58161  26.926  -6.454  30.864 0.0000000000
58181  26.406  -7.959  29.891 0.0000000000
55691  25.736  -9.858  30.337 0.0000000000
56871  25.273  -7.400  32.156 0.0000000000
55668  25.088  -9.772  30.744 0.0000000000
64015  33.947  -2.578  30.674 0.0000000000
62904  33.778  -3.740  30.424 0.0000000000
61628  34.202  -5.006  29.576 0.0000000000
61644  34.294  -5.346  28.277 0.0000000000
60489  35.416  -4.976  26.772 0.0000000000
59355  37.063  -5.763  28.124 0.0000000000
59370  36.803  -5.765  27.757 0.0000000000
60470  36.347  -5.748  27.313 0.0000000000
60469  36.778  -6.087  26.834 0.0000000000
61677  37.488  -4.619  25.951 0.0000000000
60468  39.867  -5.331  27.014 0.0000000000
81931  47.506  13.272  10.796 0.0000000000
80003  45.732  11.126  11.488 0.0000000000
78980  46.705  11.138  10.747 0.0000000000
78965  48.196  9.781  10.559 0.0000000000
74738  42.349  7.055  14.398 0.0000000000
74723  42.547  6.246  14.520 0.0000000000
72516  42.497  4.813  15.185 0.0000000000
73632  40.242  5.918  15.467 0.0000000000
73616  40.053  5.241  15.781 0.0000000000
72518  40.755  5.315  15.539 0.0000000000
70035  43.159  2.265  17.679 0.0000000000
70050  42.073  2.492  17.260 0.0000000000
73576  37.661  6.255  19.308 0.0000000000
73591  36.847  5.182  18.618 0.0000000000
73590  37.256  5.235  18.010 0.0000000000
70042  36.418  2.725  18.444 0.0000000000
70041  36.938  2.809  17.919 0.0000000000
68887  37.259  1.888  18.237 0.0000000000
70055  37.605  2.896  17.705 0.0000000000
70054  38.208  2.894  17.611 0.0000000000
70053  39.106  2.784  17.419 0.0000000000
68883  41.298  1.296  18.261 0.0000000000
67718  41.071  0.638  18.572 0.0000000000
68866  41.714  0.879  18.556 0.0000000000
54523  35.854  -10.775  29.045 0.0000000000
53311  36.225  -11.091  29.867 0.0000000000
53289  36.833  -11.143  30.651 0.0000000000
53269  36.372  -11.851  31.724 0.0000000000
78932  41.456  10.061  15.513 0.0000000000
77852  41.991  9.418  14.252 0.0000000000
53118  23.158  -12.508  39.023 0.0000000000
55470  15.925  -8.373  40.231 0.0000000000
54325  14.202  -11.133  40.307 0.0000000000
51868  13.908  -13.072  40.236 0.0000000000
50631  14.002  -13.914  40.632 0.0000000000
53078  12.533  -10.944  41.677 0.0000000000
53095  11.600  -11.615  41.789 0.0000000000
49312  13.965  -15.082  42.471 0.0000000000
49289  13.481  -15.341  43.237 0.0000000000
50554  9.641  -14.149  43.537 0.0000000000
49268  8.854  -15.209  44.424 0.0000000000
48127  9.371  -16.034  44.069 0.0000000000
46936  9.921  -16.771  44.615 0.0000000000
45789  10.828  -17.880  45.976 0.0000000000
45790  9.893  -18.020  45.758 0.0000000000
45779  9.298  -18.113  46.027 0.0000000000
45780  8.567  -17.987  46.272 0.0000000000
45768  7.533  -17.986  47.709 0.0000000000
48048  7.974  -14.667  48.851 0.0000000000
62893  35.109  -3.767  31.401 0.0000000000
56955  35.961  -8.516  28.408 0.0000000000
55708  34.849  -9.124  28.836 0.0000000000
55731  35.065  -9.369  28.614 0.0000000000
54527  32.358  -10.164  29.361 0.0000000000
54503  32.332  -10.824  29.647 0.0000000000
53274  31.433  -11.254  30.699 0.0000000000
52027  33.312  -12.029  31.861 0.0000000000
52014  33.367  -12.221  32.439 0.0000000000
59325  30.137  -5.883  30.333 0.0000000000
58178  29.130  -7.277  29.492 0.0000000000
56914  27.838  -8.569  29.513 0.0000000000
55687  29.361  -9.282  29.885 0.0000000000
55641  29.426  -10.516  31.091 0.0000000000
54467  27.419  -12.045  31.267 0.0000000000
54466  27.973  -11.660  31.381 0.0000000000
53253  28.343  -11.812  31.906 0.0000000000
54465  28.716  -11.254  31.850 0.0000000000
54447  29.571  -11.379  32.628 0.0000000000
54431  30.135  -11.426  33.294 0.0000000000
73646  44.200  5.779  14.485 0.0000000000
65193  31.994  -2.321  29.216 0.0000000000
64029  31.767  -3.011  28.811 0.0000000000
65203  31.837  -1.758  28.530 0.0000000000
65214  31.661  -1.796  27.251 0.0000000000
65227  31.726  -1.798  26.114 0.0000000000
65245  31.802  -1.619  25.725 0.0000000000
62954  33.631  -4.278  25.891 0.0000000000
64073  34.732  -3.462  25.729 0.0000000000
62965  34.272  -3.849  25.573 0.0000000000
62967  32.443  -3.537  25.054 0.0000000000
64090  32.104  -2.801  24.897 0.0000000000
65244  31.818  -1.803  25.175 0.0000000000
65264  32.131  -1.702  24.242 0.0000000000
65283  33.571  -2.307  23.118 0.0000000000
65307  34.961  -1.997  21.977 0.0000000000
65279  38.160  -2.370  23.107 0.0000000000
65259  37.849  -2.046  23.918 0.0000000000
65258  38.759  -1.974  23.870 0.0000000000
55704  40.172  -8.784  29.650 0.0000000000
56905  40.683  -8.086  29.881 0.0000000000
58172  41.038  -7.354  30.006 0.0000000000
82927  48.945  14.117  10.271 0.0000000000
82920  49.906  15.439  10.799 0.0000000000
82933  50.671  14.717  9.753 0.0000000000
78988  49.344  10.172  9.512 0.0000000000
80948  50.382  12.497  9.268 0.0000000000
80946  51.961  13.176  8.741 0.0000000000
80954  52.376  12.642  8.467 0.0000000000
80025  52.699  11.477  8.136 0.0000000000
80024  53.427  11.123  7.712 0.0000000000
43241  8.998  -19.214  47.075 0.0000000000
44515  10.373  -18.389  46.447 0.0000000000
45777  11.457  -17.589  46.595 0.0000000000
46938  8.844  -16.327  45.147 0.0000000000
49337  11.189  -13.712  41.769 0.0000000000
52005  26.317  -12.940  33.820 0.0000000000
53175  29.398  -13.053  34.981 0.0000000000
53254  27.829  -12.245  31.866 0.0000000000
53275  26.584  -11.955  31.037 0.0000000000
54323  15.617  -10.302  39.784 0.0000000000
54433  29.476  -11.946  33.489 0.0000000000
54449  23.706  -10.480  32.263 0.0000000000
54490  24.876  -10.349  31.167 0.0000000000
54506  26.702  -10.627  30.390 0.0000000000
54542  34.926  -9.821  28.747 0.0000000000
55643  28.652  -10.837  31.267 0.0000000000
55646  22.838  -8.830  32.369 0.0000000000
56825  20.624  -8.160  34.325 0.0000000000
56933  35.177  -8.762  29.018 0.0000000000
56936  27.114  -8.016  29.473 0.0000000000
58122  21.345  -7.817  33.707 0.0000000000
58195  27.526  -7.918  29.448 0.0000000000
58196  27.291  -7.846  29.483 0.0000000000
59328  27.770  -6.945  29.654 0.0000000000
60472  34.767  -5.374  27.673 0.0000000000
61646  32.742  -4.476  28.136 0.0000000000
62934  37.629  -3.266  26.502 0.0000000000
62948  38.472  -3.780  26.401 0.0000000000
62976  33.016  -3.686  24.560 0.0000000000
65226  35.661  -2.777  25.611 0.0000000000
65228  31.795  -1.494  25.927 0.0000000000
65285  32.401  -1.685  23.834 0.0000000000
66377  31.776  -1.260  26.010 0.0000000000
66392  31.784  -1.388  25.699 0.0000000000
66404  32.083  -0.199  24.379 0.0000000000
77832  40.627  9.352  16.285 0.0000000000
80930  44.804  12.040  12.713 0.0000000000
80938  46.347  12.294  11.244 0.0000000000
81928  46.557  13.300  11.888 0.0000000000
