#!ascii label  , from subject sub.01.dh.02.long.sub.01.base.03 vox2ras=TkReg
1476
48080  14.292  -15.967  46.446 0.0000000000
68844  45.233  0.677  20.390 0.0000000000
51876  33.424  -13.499  38.982 0.0000000000
53100  43.698  -12.089  40.285 0.0000000000
53154  24.969  -12.614  38.311 0.0000000000
53016  22.703  -12.139  47.026 0.0000000000
76832  52.428  8.089  12.987 0.0000000000
75702  50.951  7.155  19.677 0.0000000000
61610  42.213  -4.360  29.581 0.0000000000
80033  54.344  11.242  6.907 0.0000000000
48135  32.759  -15.785  43.729 0.0000000000
51769  18.132  -12.953  47.184 0.0000000000
76797  51.305  8.128  16.704 0.0000000000
72494  48.362  4.588  16.460 0.0000000000
67624  45.971  -0.125  24.595 0.0000000000
69938  49.740  2.365  24.193 0.0000000000
66386  41.274  -1.438  25.210 0.0000000000
53209  39.513  -11.411  34.357 0.0000000000
49368  38.594  -14.482  38.637 0.0000000000
51820  28.075  -13.556  44.059 0.0000000000
52980  26.986  -12.146  47.496 0.0000000000
53075  23.797  -11.687  42.592 0.0000000000
50571  19.470  -14.581  41.864 0.0000000000
50680  29.018  -13.663  37.894 0.0000000000
78951  56.352  10.682  12.663 0.0000000000
78904  55.193  10.716  17.588 0.0000000000
70016  49.355  2.683  19.346 0.0000000000
67517  42.567  -0.009  31.785 0.0000000000
56810  43.822  -8.787  34.590 0.0000000000
76864  52.756  8.326  10.165 0.0000000000
77910  58.319  9.098  9.967 0.0000000000
76922  59.600  9.151  4.451 0.0000000000
50499  32.787  -14.781  47.468 0.0000000000
50504  16.124  -14.547  46.729 0.0000000000
51741  17.675  -12.367  49.518 0.0000000000
50451  16.007  -13.925  49.968 0.0000000000
73642  48.235  4.851  14.334 0.0000000000
67580  45.942  0.238  27.855 0.0000000000
67577  48.158  0.737  27.364 0.0000000000
44453  10.456  -18.638  49.823 0.0000000000
65276  40.919  -1.895  22.575 0.0000000000
51970  33.620  -13.190  35.371 0.0000000000
51945  36.300  -13.389  36.127 0.0000000000
50640  35.569  -14.054  38.887 0.0000000000
51860  26.146  -12.853  40.562 0.0000000000
53073  25.359  -11.825  42.612 0.0000000000
53104  24.271  -12.468  40.647 0.0000000000
51905  26.944  -13.399  37.899 0.0000000000
50594  28.420  -14.240  40.983 0.0000000000
54192  24.930  -11.407  47.523 0.0000000000
77859  55.289  9.165  13.090 0.0000000000
78936  56.895  9.971  14.866 0.0000000000
76807  54.910  8.652  15.172 0.0000000000
76785  50.510  7.988  17.850 0.0000000000
78897  52.305  9.707  18.417 0.0000000000
70034  44.431  2.503  18.015 0.0000000000
71261  45.779  3.484  18.161 0.0000000000
70006  46.923  1.668  19.745 0.0000000000
64025  40.295  -2.329  27.816 0.0000000000
67555  40.736  -0.864  28.401 0.0000000000
63999  42.528  -2.283  30.207 0.0000000000
53148  41.322  -12.091  36.975 0.0000000000
54425  41.764  -10.875  34.519 0.0000000000
54378  44.381  -10.728  37.180 0.0000000000
77875  50.024  8.120  11.386 0.0000000000
77913  50.343  9.238  9.449 0.0000000000
78964  52.665  8.959  11.772 0.0000000000
80011  54.782  10.103  11.504 0.0000000000
76954  57.254  8.762  3.261 0.0000000000
76924  56.295  8.285  5.537 0.0000000000
76891  58.954  8.760  6.684 0.0000000000
75809  55.862  7.647  8.173 0.0000000000
50617  32.878  -14.357  40.377 0.0000000000
50588  35.523  -14.721  41.157 0.0000000000
48113  35.633  -16.070  44.399 0.0000000000
51780  20.073  -12.394  46.722 0.0000000000
52951  22.031  -11.582  50.289 0.0000000000
52970  19.469  -11.467  49.858 0.0000000000
75779  50.673  7.279  12.999 0.0000000000
75765  53.108  7.002  15.066 0.0000000000
73640  50.668  5.411  14.355 0.0000000000
74711  49.850  6.466  16.532 0.0000000000
74700  49.200  6.491  17.821 0.0000000000
67650  45.650  -0.232  22.753 0.0000000000
68812  47.561  0.941  22.594 0.0000000000
68780  47.906  0.884  24.645 0.0000000000
59340  41.224  -6.129  29.280 0.0000000000
54290  44.835  -10.912  40.994 0.0000000000
46911  12.419  -16.783  46.483 0.0000000000
48011  13.989  -16.092  49.892 0.0000000000
45731  12.297  -17.406  49.732 0.0000000000
67687  42.919  -0.341  19.855 0.0000000000
66434  43.233  -1.251  22.150 0.0000000000
66384  43.700  -1.061  25.566 0.0000000000
67565  44.181  0.300  28.693 0.0000000000
51998  37.208  -12.204  33.559 0.0000000000
51943  38.570  -12.314  36.165 0.0000000000
50654  40.833  -13.622  38.686 0.0000000000
50561  38.478  -14.958  42.005 0.0000000000
49323  41.002  -15.449  41.591 0.0000000000
51776  30.088  -13.379  46.405 0.0000000000
51750  28.648  -13.233  47.239 0.0000000000
53012  27.956  -12.250  46.065 0.0000000000
54238  25.302  -11.373  44.765 0.0000000000
53061  23.013  -12.102  44.341 0.0000000000
51884  21.936  -13.115  40.008 0.0000000000
51836  21.809  -13.241  42.597 0.0000000000
51807  20.369  -13.459  44.285 0.0000000000
51809  18.167  -13.620  44.473 0.0000000000
50528  16.472  -14.470  44.364 0.0000000000
49288  14.404  -15.232  43.572 0.0000000000
53194  31.310  -12.522  35.338 0.0000000000
53196  29.806  -12.408  34.586 0.0000000000
51927  31.103  -13.350  37.421 0.0000000000
50593  30.984  -14.854  41.301 0.0000000000
49264  30.068  -14.862  44.209 0.0000000000
77822  56.941  9.780  16.448 0.0000000000
77825  53.229  9.506  16.611 0.0000000000
71293  45.529  3.481  16.261 0.0000000000
72465  48.308  4.260  18.098 0.0000000000
72451  50.714  4.994  19.847 0.0000000000
69974  49.494  2.661  22.307 0.0000000000
71213  50.846  3.706  21.954 0.0000000000
66373  39.552  -1.276  26.304 0.0000000000
67567  42.226  -0.096  28.539 0.0000000000
68697  44.176  0.802  31.448 0.0000000000
55655  41.607  -8.724  31.739 0.0000000000
59301  43.011  -6.275  31.814 0.0000000000
56760  46.116  -8.797  37.486 0.0000000000
59241  45.222  -6.962  35.313 0.0000000000
61585  44.330  -4.315  32.061 0.0000000000
63983  45.941  -2.332  32.852 0.0000000000
66269  46.061  -0.282  33.626 0.0000000000
77920  53.492  9.359  7.822 0.0000000000
76861  55.985  8.154  10.509 0.0000000000
80008  57.289  10.937  11.221 0.0000000000
49185  33.637  -14.964  48.168 0.0000000000
49229  15.476  -15.044  46.281 0.0000000000
50483  16.106  -14.461  48.143 0.0000000000
49214  14.977  -15.242  47.882 0.0000000000
68734  46.161  0.646  29.184 0.0000000000
68719  47.226  1.325  29.605 0.0000000000
43197  9.184  -19.958  48.407 0.0000000000
51924  33.409  -13.295  37.163 0.0000000000
50679  34.694  -13.792  36.929 0.0000000000
51875  34.136  -13.608  38.709 0.0000000000
51907  25.601  -12.936  38.850 0.0000000000
53115  25.267  -12.635  40.167 0.0000000000
53136  24.394  -12.722  38.814 0.0000000000
51975  25.724  -13.038  35.778 0.0000000000
51932  25.532  -12.928  37.856 0.0000000000
51881  26.321  -13.010  39.424 0.0000000000
52998  24.181  -11.821  47.635 0.0000000000
52965  23.812  -11.542  49.106 0.0000000000
76831  53.560  8.114  13.241 0.0000000000
76830  54.702  8.257  13.729 0.0000000000
75775  54.175  7.712  14.373 0.0000000000
75714  50.679  7.174  19.020 0.0000000000
77790  51.321  8.151  18.990 0.0000000000
68863  44.685  1.215  19.324 0.0000000000
70020  45.287  2.374  18.775 0.0000000000
68862  45.754  1.485  19.566 0.0000000000
61643  41.085  -4.358  27.960 0.0000000000
62902  41.546  -3.174  28.583 0.0000000000
64013  41.754  -2.349  29.450 0.0000000000
62890  42.655  -3.410  29.769 0.0000000000
53130  42.321  -11.956  38.257 0.0000000000
54380  42.406  -11.518  37.237 0.0000000000
54337  43.309  -11.504  38.794 0.0000000000
77863  50.853  7.951  11.982 0.0000000000
77874  51.135  8.285  11.590 0.0000000000
77862  52.058  8.637  12.379 0.0000000000
78944  53.785  9.421  12.582 0.0000000000
77960  55.685  9.237  5.648 0.0000000000
76907  55.556  8.687  6.491 0.0000000000
76906  56.055  8.095  6.436 0.0000000000
77933  54.769  9.162  7.003 0.0000000000
49305  32.551  -15.381  42.334 0.0000000000
49303  34.243  -15.274  42.350 0.0000000000
48114  34.548  -16.024  44.451 0.0000000000
51781  18.880  -12.860  46.401 0.0000000000
53003  19.946  -11.891  48.138 0.0000000000
51754  18.933  -12.313  48.462 0.0000000000
51726  17.111  -12.576  51.066 0.0000000000
52955  18.324  -11.640  50.754 0.0000000000
75781  48.594  6.986  12.813 0.0000000000
73656  50.835  5.987  13.703 0.0000000000
74750  49.205  6.344  13.301 0.0000000000
72525  48.595  4.490  15.195 0.0000000000
73626  49.567  4.964  15.806 0.0000000000
73613  48.811  5.098  16.626 0.0000000000
75744  49.126  6.560  17.218 0.0000000000
74702  48.539  5.473  17.236 0.0000000000
67637  45.664  -0.193  23.807 0.0000000000
67648  47.061  0.504  23.333 0.0000000000
67622  47.262  0.416  25.221 0.0000000000
76844  48.882  8.001  12.038 0.0000000000
46885  12.878  -17.043  48.424 0.0000000000
45765  11.706  -17.740  47.478 0.0000000000
66482  41.583  -0.774  20.209 0.0000000000
66456  43.087  -0.907  21.047 0.0000000000
66457  41.933  -1.180  21.016 0.0000000000
66403  41.238  -1.745  24.126 0.0000000000
66402  42.311  -1.614  24.091 0.0000000000
66385  42.580  -1.207  25.404 0.0000000000
67598  44.447  -0.397  27.021 0.0000000000
67600  43.075  -0.554  27.127 0.0000000000
52000  35.503  -12.706  33.617 0.0000000000
50676  37.228  -13.971  37.267 0.0000000000
51944  37.356  -13.139  36.393 0.0000000000
50674  38.677  -13.532  37.480 0.0000000000
51897  39.828  -13.366  37.892 0.0000000000
49366  40.020  -14.460  39.077 0.0000000000
50541  36.550  -15.404  42.759 0.0000000000
50587  36.611  -14.801  41.198 0.0000000000
50519  38.583  -15.479  43.432 0.0000000000
49278  40.253  -15.083  43.283 0.0000000000
48159  42.250  -15.289  41.936 0.0000000000
51789  29.371  -13.342  45.698 0.0000000000
53011  29.011  -12.779  45.997 0.0000000000
53026  28.235  -12.652  45.315 0.0000000000
53074  24.504  -11.700  42.353 0.0000000000
54258  25.564  -11.500  44.144 0.0000000000
54259  24.848  -11.426  43.793 0.0000000000
53043  24.637  -11.521  44.896 0.0000000000
53060  23.958  -11.579  43.876 0.0000000000
51908  22.500  -12.743  38.365 0.0000000000
50598  19.366  -14.557  40.700 0.0000000000
50624  20.716  -14.112  40.551 0.0000000000
50570  20.611  -14.217  42.215 0.0000000000
51824  21.494  -13.116  43.669 0.0000000000
50546  19.995  -14.213  43.106 0.0000000000
51808  19.095  -13.595  44.557 0.0000000000
50547  18.916  -14.354  42.984 0.0000000000
50552  15.192  -14.968  44.034 0.0000000000
53212  32.105  -12.491  34.678 0.0000000000
53213  31.035  -11.629  34.008 0.0000000000
51952  28.839  -13.277  36.281 0.0000000000
51951  30.291  -13.274  36.555 0.0000000000
51904  30.043  -13.775  38.460 0.0000000000
50641  31.253  -14.185  39.825 0.0000000000
50643  29.577  -14.070  39.549 0.0000000000
50544  28.329  -14.131  43.272 0.0000000000
49287  29.155  -14.657  43.044 0.0000000000
50522  29.381  -14.297  44.581 0.0000000000
50509  30.339  -13.915  45.538 0.0000000000
52979  27.913  -12.510  47.059 0.0000000000
48003  13.713  -15.875  51.006 0.0000000000
49157  14.992  -15.016  51.040 0.0000000000
78941  57.401  10.752  13.477 0.0000000000
78914  55.845  10.492  16.802 0.0000000000
78913  56.504  10.202  16.743 0.0000000000
78902  56.381  10.262  17.479 0.0000000000
78893  55.840  10.444  17.969 0.0000000000
75754  51.840  7.613  16.049 0.0000000000
76809  53.269  8.358  15.707 0.0000000000
77826  52.339  9.227  16.639 0.0000000000
78896  53.086  10.073  18.577 0.0000000000
71244  48.144  2.891  18.893 0.0000000000
72466  47.445  4.159  18.074 0.0000000000
71258  48.634  3.600  18.386 0.0000000000
72463  50.015  4.481  18.599 0.0000000000
71242  49.907  3.424  19.342 0.0000000000
68795  48.272  1.565  22.885 0.0000000000
69975  48.835  1.975  22.108 0.0000000000
69956  49.760  2.660  23.260 0.0000000000
66374  38.544  -1.446  26.113 0.0000000000
67532  41.912  -0.282  30.679 0.0000000000
67568  41.405  -0.419  28.515 0.0000000000
67541  42.318  0.357  30.170 0.0000000000
68724  43.120  0.487  30.056 0.0000000000
68698  43.212  0.744  31.493 0.0000000000
53247  38.274  -11.495  32.536 0.0000000000
53246  39.187  -11.089  32.561 0.0000000000
55601  43.325  -9.751  34.566 0.0000000000
55617  42.024  -9.809  33.098 0.0000000000
55633  42.449  -8.868  33.204 0.0000000000
58135  42.067  -7.389  31.775 0.0000000000
58109  43.161  -7.430  33.224 0.0000000000
55522  46.247  -9.931  38.896 0.0000000000
60364  45.956  -5.820  35.635 0.0000000000
60383  44.592  -5.607  33.606 0.0000000000
61577  45.425  -4.494  33.541 0.0000000000
62865  45.010  -3.451  32.220 0.0000000000
62852  46.392  -3.808  34.015 0.0000000000
76865  51.856  8.407  10.106 0.0000000000
76887  52.702  8.678  8.845 0.0000000000
76874  54.045  8.230  9.323 0.0000000000
76863  53.733  8.360  10.249 0.0000000000
79989  55.297  10.634  12.089 0.0000000000
80009  56.158  10.797  11.189 0.0000000000
79998  56.501  11.283  11.690 0.0000000000
79997  57.560  11.427  11.762 0.0000000000
76939  58.046  8.313  3.805 0.0000000000
76882  58.654  8.647  7.859 0.0000000000
78993  59.381  10.357  8.554 0.0000000000
78985  58.420  10.031  10.112 0.0000000000
49241  32.801  -15.532  46.224 0.0000000000
48072  33.678  -15.903  46.247 0.0000000000
49204  33.743  -15.406  47.575 0.0000000000
50503  16.688  -14.242  46.252 0.0000000000
51756  17.472  -13.379  47.822 0.0000000000
50482  16.777  -13.955  48.318 0.0000000000
50467  16.662  -13.553  49.450 0.0000000000
50436  16.409  -13.088  51.487 0.0000000000
73643  47.202  4.898  14.047 0.0000000000
72512  46.887  3.884  15.486 0.0000000000
67596  46.692  0.231  26.863 0.0000000000
67609  47.320  0.413  26.101 0.0000000000
67579  47.062  0.586  27.868 0.0000000000
68718  48.143  1.429  29.484 0.0000000000
45766  11.247  -18.349  47.996 0.0000000000
44472  10.625  -18.910  48.554 0.0000000000
44454  9.779  -19.288  50.279 0.0000000000
65330  40.652  -1.745  20.911 0.0000000000
65237  40.369  -1.721  24.473 0.0000000000
51986  34.997  -12.924  34.524 0.0000000000
50702  34.874  -13.411  35.866 0.0000000000
50677  36.214  -14.189  37.348 0.0000000000
49370  36.978  -14.501  38.484 0.0000000000
51833  27.046  -13.336  42.630 0.0000000000
53056  27.044  -12.660  43.560 0.0000000000
53072  25.802  -12.477  42.150 0.0000000000
53088  24.734  -12.130  41.602 0.0000000000
53089  23.962  -12.132  41.547 0.0000000000
50572  18.240  -14.238  41.985 0.0000000000
50600  17.362  -14.363  40.997 0.0000000000
51953  27.392  -13.441  36.318 0.0000000000
50682  27.542  -13.568  37.400 0.0000000000
50644  28.702  -14.001  39.370 0.0000000000
50645  27.821  -13.744  39.189 0.0000000000
50595  27.621  -13.959  41.147 0.0000000000
54182  26.084  -11.444  47.970 0.0000000000
77870  55.954  10.200  12.693 0.0000000000
77848  57.097  10.060  13.951 0.0000000000
76828  56.321  9.140  13.808 0.0000000000
77850  56.049  9.130  14.710 0.0000000000
78929  54.892  9.877  16.014 0.0000000000
76798  50.628  7.930  17.304 0.0000000000
77815  51.506  9.261  17.620 0.0000000000
77806  51.155  8.557  18.360 0.0000000000
77789  51.950  8.927  18.747 0.0000000000
71262  44.831  3.076  17.664 0.0000000000
70033  45.035  2.979  18.231 0.0000000000
71246  46.253  3.064  18.924 0.0000000000
70017  48.665  2.227  19.502 0.0000000000
69937  50.667  2.757  24.543 0.0000000000
65200  38.907  -1.850  27.121 0.0000000000
66347  39.854  -1.444  27.400 0.0000000000
65188  40.671  -1.621  28.736 0.0000000000
65177  41.431  -1.479  29.983 0.0000000000
65165  42.747  -1.241  31.197 0.0000000000
53190  40.315  -11.545  35.463 0.0000000000
54443  40.680  -10.798  33.877 0.0000000000
54411  41.570  -11.280  35.686 0.0000000000
54410  42.865  -10.690  35.185 0.0000000000
55582  44.056  -9.707  35.390 0.0000000000
77906  48.846  9.402  10.511 0.0000000000
78988  49.344  10.172  9.512 0.0000000000
77890  50.249  8.427  10.718 0.0000000000
76855  50.870  8.484  10.555 0.0000000000
76853  52.457  8.494  10.880 0.0000000000
77903  53.375  8.399  11.053 0.0000000000
78963  53.360  9.255  11.841 0.0000000000
78953  54.644  9.805  12.342 0.0000000000
77975  55.668  9.828  4.575 0.0000000000
76940  57.010  8.177  4.386 0.0000000000
75850  58.693  8.133  5.122 0.0000000000
76905  59.166  8.732  5.707 0.0000000000
75834  57.797  7.413  6.262 0.0000000000
75806  58.390  8.014  7.796 0.0000000000
75802  57.266  7.600  8.888 0.0000000000
51857  32.911  -13.839  39.812 0.0000000000
50615  34.474  -14.176  40.373 0.0000000000
50589  34.552  -14.654  41.170 0.0000000000
50542  36.016  -15.496  42.750 0.0000000000
49260  36.600  -16.041  44.286 0.0000000000
53018  20.964  -12.145  47.308 0.0000000000
52984  22.227  -11.728  48.661 0.0000000000
52985  21.388  -11.738  48.771 0.0000000000
52968  21.214  -11.510  49.619 0.0000000000
52971  18.649  -11.641  49.964 0.0000000000
52940  19.731  -11.161  51.328 0.0000000000
75778  51.764  7.244  13.043 0.0000000000
75776  53.664  7.276  13.916 0.0000000000
74747  52.038  6.460  13.581 0.0000000000
74733  52.232  6.207  14.445 0.0000000000
74709  51.562  6.982  16.134 0.0000000000
73641  49.513  4.804  14.662 0.0000000000
73611  50.243  5.699  16.083 0.0000000000
75742  50.523  7.315  16.702 0.0000000000
75743  49.655  7.133  17.174 0.0000000000
75730  49.597  7.050  17.847 0.0000000000
74680  50.429  6.443  18.794 0.0000000000
68829  45.415  0.321  21.104 0.0000000000
68828  45.979  0.588  21.184 0.0000000000
67666  46.898  0.502  22.487 0.0000000000
68796  47.751  1.017  23.628 0.0000000000
68763  49.205  1.836  24.736 0.0000000000
68753  48.381  0.981  26.372 0.0000000000
68752  49.263  1.580  25.739 0.0000000000
69912  50.108  1.985  26.225 0.0000000000
60435  41.706  -5.263  29.441 0.0000000000
54291  44.456  -11.404  40.755 0.0000000000
77892  48.384  9.333  10.829 0.0000000000
77876  49.056  8.537  11.404 0.0000000000
76834  50.051  7.726  12.329 0.0000000000
80962  55.085  13.034  6.744 0.0000000000
80963  54.520  12.449  7.096 0.0000000000
48081  13.529  -16.330  46.672 0.0000000000
48046  14.550  -15.708  48.438 0.0000000000
46884  13.604  -16.472  48.294 0.0000000000
46853  13.356  -16.549  50.277 0.0000000000
46847  13.047  -16.438  51.396 0.0000000000
45732  11.584  -17.734  49.829 0.0000000000
68864  43.497  0.800  19.156 0.0000000000
68865  42.414  0.924  18.716 0.0000000000
68846  43.699  0.230  19.671 0.0000000000
67670  43.901  -0.497  21.042 0.0000000000
67651  44.885  -0.579  22.554 0.0000000000
66416  44.951  -0.573  24.046 0.0000000000
66419  42.497  -1.703  22.793 0.0000000000
66418  43.374  -1.397  23.241 0.0000000000
66382  45.252  -0.498  25.857 0.0000000000
66367  45.222  -0.430  26.258 0.0000000000
67564  45.166  0.316  28.600 0.0000000000
68735  45.451  0.597  29.199 0.0000000000
53211  38.433  -11.839  33.877 0.0000000000
51967  36.619  -12.856  35.411 0.0000000000
51966  37.614  -12.432  35.318 0.0000000000
53170  38.982  -11.806  35.447 0.0000000000
53150  39.800  -12.147  36.549 0.0000000000
53132  40.857  -12.461  37.349 0.0000000000
51873  42.304  -13.044  39.170 0.0000000000
50614  35.535  -14.355  40.024 0.0000000000
50613  36.885  -14.740  40.352 0.0000000000
50611  38.490  -14.785  40.471 0.0000000000
50538  39.255  -15.128  42.797 0.0000000000
50560  39.248  -14.804  41.858 0.0000000000
49344  39.767  -15.016  40.355 0.0000000000
49355  41.085  -14.854  39.939 0.0000000000
50610  42.267  -14.267  40.176 0.0000000000
51853  43.597  -12.963  40.768 0.0000000000
51748  31.171  -13.683  47.824 0.0000000000
51749  29.912  -13.457  47.287 0.0000000000
52978  28.774  -12.850  46.861 0.0000000000
54188  27.422  -12.024  46.621 0.0000000000
53041  26.528  -11.832  44.562 0.0000000000
54217  26.714  -11.642  45.633 0.0000000000
54202  26.541  -11.556  46.384 0.0000000000
54204  25.159  -11.429  46.623 0.0000000000
53014  24.433  -11.749  46.747 0.0000000000
53031  22.823  -12.188  46.139 0.0000000000
53137  23.703  -12.371  38.399 0.0000000000
53105  23.361  -12.538  40.373 0.0000000000
51862  22.596  -12.804  40.636 0.0000000000
50646  21.284  -13.730  39.583 0.0000000000
51863  22.077  -13.115  40.942 0.0000000000
53091  22.581  -12.558  42.209 0.0000000000
51835  22.083  -12.832  43.317 0.0000000000
51805  22.398  -12.459  44.946 0.0000000000
51792  21.892  -12.362  45.776 0.0000000000
51793  20.768  -12.708  45.570 0.0000000000
51794  19.629  -13.133  45.522 0.0000000000
51795  18.537  -13.369  45.351 0.0000000000
50548  17.983  -14.165  43.002 0.0000000000
50527  17.181  -14.169  44.168 0.0000000000
51797  17.165  -14.173  45.294 0.0000000000
50512  16.635  -14.432  45.301 0.0000000000
50530  15.403  -15.194  44.922 0.0000000000
49246  14.795  -15.470  45.439 0.0000000000
48124  12.954  -15.870  44.507 0.0000000000
48102  12.682  -16.443  45.656 0.0000000000
52003  32.579  -12.617  33.943 0.0000000000
51971  32.767  -13.063  35.575 0.0000000000
53171  32.138  -13.113  36.908 0.0000000000
53195  30.509  -12.387  34.886 0.0000000000
53152  31.721  -13.209  37.231 0.0000000000
53133  32.207  -13.344  38.018 0.0000000000
51878  31.946  -13.920  39.342 0.0000000000
50592  31.568  -14.838  41.104 0.0000000000
49306  31.697  -15.321  42.468 0.0000000000
49348  29.335  -14.415  40.968 0.0000000000
49307  30.732  -15.250  42.788 0.0000000000
48117  31.596  -15.425  44.739 0.0000000000
49243  31.240  -14.734  45.554 0.0000000000
50489  31.752  -13.828  47.508 0.0000000000
49177  15.198  -15.261  50.011 0.0000000000
49145  15.497  -14.387  51.598 0.0000000000
78935  57.547  10.505  14.646 0.0000000000
75763  54.126  7.787  14.980 0.0000000000
77840  53.705  9.029  16.014 0.0000000000
78915  54.754  10.453  16.822 0.0000000000
78906  52.796  10.024  17.885 0.0000000000
78905  54.076  10.576  17.943 0.0000000000
79947  54.747  10.549  18.216 0.0000000000
72513  45.865  3.850  15.001 0.0000000000
72495  47.407  4.070  16.709 0.0000000000
72480  46.467  3.829  17.411 0.0000000000
72479  47.242  4.165  17.536 0.0000000000
73601  48.280  4.830  17.118 0.0000000000
73587  48.792  5.028  17.948 0.0000000000
73585  50.245  5.563  18.624 0.0000000000
73572  50.729  5.847  19.417 0.0000000000
68826  48.146  1.365  20.858 0.0000000000
70005  48.776  1.872  20.401 0.0000000000
70004  49.479  2.507  20.011 0.0000000000
71185  50.506  3.070  23.177 0.0000000000
71214  50.110  3.188  21.625 0.0000000000
71231  49.992  3.269  20.577 0.0000000000
71241  50.449  4.137  20.164 0.0000000000
73537  51.192  5.590  21.185 0.0000000000
65238  39.366  -1.782  24.656 0.0000000000
66372  40.663  -1.098  26.348 0.0000000000
66358  40.358  -1.150  27.399 0.0000000000
66357  41.286  -0.976  27.263 0.0000000000
66356  42.193  -0.735  27.189 0.0000000000
67566  43.164  0.128  28.528 0.0000000000
68723  44.130  0.463  29.770 0.0000000000
68696  45.308  1.323  31.356 0.0000000000
54460  40.978  -10.210  32.651 0.0000000000
56904  41.178  -7.798  30.436 0.0000000000
58155  41.996  -6.947  31.263 0.0000000000
59321  42.937  -5.939  31.191 0.0000000000
54335  44.768  -11.058  39.325 0.0000000000
55541  45.220  -10.388  37.191 0.0000000000
56783  45.214  -8.715  35.907 0.0000000000
58056  45.652  -7.845  36.277 0.0000000000
58090  44.176  -7.674  34.464 0.0000000000
59267  43.862  -6.578  33.497 0.0000000000
60396  43.425  -5.778  32.132 0.0000000000
61595  43.196  -4.268  31.044 0.0000000000
62874  43.620  -3.309  31.190 0.0000000000
63990  43.902  -2.367  31.556 0.0000000000
65151  44.001  -1.347  32.178 0.0000000000
63977  47.121  -2.216  33.885 0.0000000000
65135  46.170  -1.244  33.043 0.0000000000
67501  43.622  0.038  32.613 0.0000000000
68669  45.125  1.215  33.070 0.0000000000
80034  53.978  11.663  7.416 0.0000000000
77935  53.719  9.871  7.416 0.0000000000
76884  55.062  8.127  7.966 0.0000000000
76873  55.300  7.722  9.180 0.0000000000
76860  57.269  8.509  10.408 0.0000000000
77901  55.358  8.949  10.958 0.0000000000
77900  56.497  9.232  10.964 0.0000000000
77899  57.633  9.629  10.637 0.0000000000
80007  58.527  11.179  10.827 0.0000000000
50460  31.866  -14.001  48.773 0.0000000000
50459  32.552  -14.358  48.566 0.0000000000
49230  14.962  -15.549  46.693 0.0000000000
49213  15.606  -14.795  47.389 0.0000000000
69882  46.124  1.414  30.161 0.0000000000
69881  46.720  1.689  30.248 0.0000000000
51900  33.385  -13.424  38.098 0.0000000000
53135  25.061  -12.837  39.307 0.0000000000
52999  23.307  -11.893  47.704 0.0000000000
52982  23.831  -11.783  48.331 0.0000000000
76758  50.928  7.750  19.351 0.0000000000
75697  51.152  6.960  20.217 0.0000000000
61624  41.626  -4.340  28.771 0.0000000000
61642  41.484  -3.844  28.275 0.0000000000
62891  42.116  -3.393  29.186 0.0000000000
53113  42.822  -12.023  39.115 0.0000000000
54360  42.748  -11.456  38.133 0.0000000000
54312  43.547  -11.610  39.458 0.0000000000
77861  53.132  8.926  12.903 0.0000000000
79018  54.703  10.599  6.426 0.0000000000
77948  55.000  9.486  6.616 0.0000000000
77949  54.520  9.915  6.713 0.0000000000
48134  33.877  -15.819  43.453 0.0000000000
48115  33.439  -15.940  44.541 0.0000000000
51768  19.158  -12.367  47.664 0.0000000000
74751  48.089  6.261  13.282 0.0000000000
72511  47.987  4.259  15.819 0.0000000000
72510  49.020  4.627  15.940 0.0000000000
74713  48.523  5.297  16.929 0.0000000000
67636  46.486  0.125  23.988 0.0000000000
67623  46.578  0.095  24.888 0.0000000000
45777  11.457  -17.589  46.595 0.0000000000
66500  40.203  -0.438  19.260 0.0000000000
66483  40.542  -0.990  19.849 0.0000000000
66458  41.140  -1.277  20.598 0.0000000000
66370  42.927  -0.824  26.692 0.0000000000
50658  37.745  -14.183  37.772 0.0000000000
50675  38.000  -13.731  37.402 0.0000000000
50657  38.337  -14.056  37.954 0.0000000000
50656  39.185  -13.765  38.084 0.0000000000
49367  39.392  -14.454  38.819 0.0000000000
49259  37.678  -16.064  44.018 0.0000000000
50540  37.617  -15.433  43.030 0.0000000000
50520  38.179  -15.727  43.644 0.0000000000
51803  28.455  -13.378  44.775 0.0000000000
53025  28.834  -12.929  45.666 0.0000000000
53039  28.004  -12.841  44.690 0.0000000000
54283  24.368  -11.491  42.778 0.0000000000
54282  24.785  -11.443  43.001 0.0000000000
54260  24.350  -11.425  43.183 0.0000000000
49311  20.250  -14.474  41.642 0.0000000000
50524  19.382  -13.968  43.792 0.0000000000
51929  29.015  -13.533  37.318 0.0000000000
51928  29.833  -13.565  37.637 0.0000000000
50662  30.080  -13.957  38.966 0.0000000000
50663  29.391  -13.860  38.606 0.0000000000
50523  28.505  -13.881  44.219 0.0000000000
51802  29.022  -13.662  45.282 0.0000000000
47995  13.465  -15.704  52.570 0.0000000000
47994  14.217  -15.165  52.270 0.0000000000
78950  57.042  10.993  12.837 0.0000000000
79979  58.089  11.297  13.865 0.0000000000
78903  55.868  10.604  17.554 0.0000000000
78892  56.133  10.335  17.775 0.0000000000
79945  55.650  10.689  17.891 0.0000000000
76810  52.353  8.415  16.043 0.0000000000
76796  51.827  8.660  16.500 0.0000000000
71243  49.096  2.939  18.807 0.0000000000
71257  49.434  3.683  18.485 0.0000000000
68778  49.130  2.105  24.195 0.0000000000
69957  48.980  2.181  23.069 0.0000000000
69939  49.193  2.254  23.760 0.0000000000
66375  37.688  -1.610  25.969 0.0000000000
67542  41.527  -0.168  30.113 0.0000000000
67531  42.396  0.196  31.153 0.0000000000
68699  42.738  0.645  31.332 0.0000000000
67516  43.091  0.401  32.176 0.0000000000
53228  38.751  -11.595  33.303 0.0000000000
53227  39.476  -11.209  33.562 0.0000000000
56811  43.229  -9.154  34.069 0.0000000000
55616  42.536  -9.557  33.593 0.0000000000
56837  43.100  -8.446  33.709 0.0000000000
56836  43.716  -8.120  34.120 0.0000000000
61557  46.146  -5.594  35.887 0.0000000000
61572  45.417  -5.247  34.374 0.0000000000
61571  46.226  -4.413  34.467 0.0000000000
61576  46.078  -4.051  33.830 0.0000000000
61570  46.813  -4.113  34.926 0.0000000000
76876  52.127  8.755  9.186 0.0000000000
76875  53.080  8.368  9.382 0.0000000000
79988  55.916  11.117  12.203 0.0000000000
79987  56.822  11.289  12.325 0.0000000000
76938  58.932  8.789  3.841 0.0000000000
77958  60.001  9.560  4.926 0.0000000000
76870  58.583  8.950  8.912 0.0000000000
77918  58.971  9.752  8.234 0.0000000000
77909  58.865  9.858  9.307 0.0000000000
49223  32.877  -15.419  46.940 0.0000000000
49205  33.110  -14.965  47.553 0.0000000000
50494  16.846  -14.086  47.237 0.0000000000
50468  16.230  -14.321  48.996 0.0000000000
50450  16.498  -13.241  50.482 0.0000000000
72527  46.534  4.362  14.482 0.0000000000
44495  10.399  -18.849  47.291 0.0000000000
43188  9.922  -19.402  49.108 0.0000000000
51969  34.520  -13.192  35.378 0.0000000000
51947  34.123  -13.300  35.983 0.0000000000
51898  34.853  -13.803  37.915 0.0000000000
50678  35.380  -13.983  37.097 0.0000000000
50660  35.430  -13.977  37.941 0.0000000000
50659  36.238  -14.289  38.305 0.0000000000
51843  26.773  -13.368  41.512 0.0000000000
51834  26.422  -12.878  42.384 0.0000000000
51844  26.091  -12.770  41.500 0.0000000000
53116  24.649  -12.616  39.887 0.0000000000
53103  24.979  -12.439  40.795 0.0000000000
51954  26.383  -13.275  36.486 0.0000000000
51974  26.595  -13.261  35.552 0.0000000000
51930  26.964  -13.473  37.068 0.0000000000
50696  27.446  -13.545  36.903 0.0000000000
50665  27.686  -13.598  38.212 0.0000000000
51880  27.055  -13.297  38.871 0.0000000000
51859  27.109  -13.452  40.122 0.0000000000
54191  25.665  -11.387  47.352 0.0000000000
54183  25.396  -11.394  48.189 0.0000000000
77871  55.475  9.807  12.670 0.0000000000
77858  56.363  9.747  13.241 0.0000000000
76819  55.487  8.606  14.519 0.0000000000
77838  55.463  9.264  15.387 0.0000000000
77816  51.048  8.690  17.775 0.0000000000
77781  51.521  8.080  19.346 0.0000000000
71263  44.033  2.647  17.350 0.0000000000
70019  46.476  2.119  19.372 0.0000000000
70018  47.587  2.087  19.419 0.0000000000
64041  38.235  -2.298  26.924 0.0000000000
65199  39.439  -1.977  27.371 0.0000000000
65189  39.948  -1.702  27.777 0.0000000000
64000  41.911  -1.861  30.075 0.0000000000
65187  41.104  -1.814  29.354 0.0000000000
65166  42.034  -1.367  30.523 0.0000000000
53167  41.069  -11.822  36.308 0.0000000000
54412  40.917  -11.476  35.496 0.0000000000
54398  41.810  -11.605  36.634 0.0000000000
54379  43.224  -11.233  37.191 0.0000000000
54397  42.545  -11.117  36.374 0.0000000000
54396  43.696  -10.616  36.114 0.0000000000
54409  43.558  -10.325  35.426 0.0000000000
54395  44.399  -10.353  36.412 0.0000000000
77891  49.281  8.831  10.823 0.0000000000
77905  49.305  9.325  10.156 0.0000000000
77873  52.054  8.683  11.795 0.0000000000
77889  51.369  8.446  11.175 0.0000000000
77888  52.199  8.644  11.373 0.0000000000
76854  51.638  8.521  10.746 0.0000000000
77887  52.981  8.814  11.478 0.0000000000
78943  54.199  9.497  12.584 0.0000000000
77872  54.920  9.461  12.676 0.0000000000
77959  56.003  8.763  5.346 0.0000000000
77974  56.054  8.849  4.803 0.0000000000
75864  57.579  7.666  4.884 0.0000000000
75863  58.062  7.838  4.554 0.0000000000
75851  58.075  7.545  5.348 0.0000000000
75816  56.204  7.528  7.238 0.0000000000
75815  57.357  7.362  7.254 0.0000000000
75808  56.837  7.390  8.145 0.0000000000
75807  57.971  7.720  8.262 0.0000000000
50616  33.662  -14.099  40.504 0.0000000000
50590  33.575  -14.836  41.284 0.0000000000
48133  34.978  -15.927  43.634 0.0000000000
49302  34.886  -15.228  42.483 0.0000000000
49261  35.964  -15.886  43.745 0.0000000000
49280  36.315  -15.698  43.325 0.0000000000
53001  21.605  -11.936  47.953 0.0000000000
53002  20.790  -11.988  48.119 0.0000000000
52987  19.750  -11.673  49.018 0.0000000000
52986  20.565  -11.634  48.881 0.0000000000
52969  20.345  -11.419  49.773 0.0000000000
52952  20.985  -11.226  50.569 0.0000000000
52953  20.112  -11.221  50.711 0.0000000000
52989  18.280  -12.084  49.441 0.0000000000
52972  17.978  -11.899  50.094 0.0000000000
74748  51.166  6.612  13.366 0.0000000000
73639  51.483  5.899  14.072 0.0000000000
73624  51.436  5.698  14.922 0.0000000000
74720  52.064  6.541  15.518 0.0000000000
74721  51.114  5.818  15.690 0.0000000000
73659  47.667  5.523  13.735 0.0000000000
73658  48.785  5.461  13.737 0.0000000000
73612  49.381  5.592  16.398 0.0000000000
74710  50.976  6.527  16.284 0.0000000000
75731  49.270  6.688  17.473 0.0000000000
75715  50.174  7.086  18.406 0.0000000000
74681  49.693  6.294  18.249 0.0000000000
67668  45.437  -0.096  21.729 0.0000000000
67667  46.314  0.155  22.065 0.0000000000
67635  47.219  0.440  24.272 0.0000000000
68779  48.533  1.739  24.040 0.0000000000
68764  48.568  1.236  25.172 0.0000000000
67595  47.629  0.543  26.855 0.0000000000
68754  47.808  0.662  26.228 0.0000000000
67594  48.126  0.709  27.104 0.0000000000
68742  49.263  1.503  26.860 0.0000000000
59352  40.655  -6.121  28.345 0.0000000000
60436  41.226  -5.314  28.788 0.0000000000
77893  47.488  9.498  11.185 0.0000000000
77877  48.112  8.734  11.486 0.0000000000
76835  49.351  7.634  12.458 0.0000000000
76833  51.306  7.883  12.639 0.0000000000
48082  12.888  -16.531  46.429 0.0000000000
48064  13.785  -16.308  47.596 0.0000000000
46910  12.911  -16.579  46.902 0.0000000000
45752  12.544  -17.317  49.096 0.0000000000
46865  12.934  -17.055  49.553 0.0000000000
46854  12.657  -16.984  50.553 0.0000000000
45754  11.178  -18.240  49.174 0.0000000000
45733  10.887  -17.924  50.022 0.0000000000
70022  42.878  1.552  18.423 0.0000000000
70023  42.288  1.459  18.415 0.0000000000
67688  42.139  -0.326  19.688 0.0000000000
67707  41.762  0.194  18.960 0.0000000000
67706  42.690  0.215  19.309 0.0000000000
67705  43.322  0.090  19.593 0.0000000000
67685  44.419  -0.002  20.707 0.0000000000
67686  43.623  -0.260  20.231 0.0000000000
66455  43.802  -0.882  21.626 0.0000000000
66433  44.104  -1.062  22.417 0.0000000000
67638  45.091  -0.473  23.340 0.0000000000
66417  44.355  -0.927  23.531 0.0000000000
65301  41.162  -1.852  21.707 0.0000000000
65300  41.750  -1.584  21.511 0.0000000000
65275  41.751  -1.820  22.267 0.0000000000
66401  43.487  -1.276  24.432 0.0000000000
66400  44.436  -0.935  24.681 0.0000000000
66383  44.617  -0.783  25.626 0.0000000000
66368  44.860  -0.540  26.305 0.0000000000
67582  43.821  -0.123  27.791 0.0000000000
67581  44.868  -0.068  27.812 0.0000000000
68736  44.792  0.532  29.182 0.0000000000
52010  36.712  -12.249  33.005 0.0000000000
53229  38.007  -11.964  33.336 0.0000000000
51968  35.524  -13.142  35.568 0.0000000000
51985  35.974  -12.652  34.568 0.0000000000
51921  38.301  -13.164  36.934 0.0000000000
51965  38.375  -11.913  35.098 0.0000000000
53169  39.513  -11.805  35.975 0.0000000000
51942  39.327  -12.234  36.487 0.0000000000
51896  40.547  -12.979  37.923 0.0000000000
51895  41.505  -13.082  38.557 0.0000000000
51855  34.278  -13.795  39.549 0.0000000000
50562  37.582  -15.071  42.069 0.0000000000
50586  37.679  -14.937  41.230 0.0000000000
50612  37.904  -14.872  40.370 0.0000000000
50585  38.653  -14.629  41.091 0.0000000000
49300  41.050  -15.321  42.638 0.0000000000
49301  40.062  -15.166  42.304 0.0000000000
49325  39.321  -14.745  40.870 0.0000000000
49324  39.829  -15.094  41.281 0.0000000000
49343  40.612  -15.174  40.516 0.0000000000
49341  42.498  -14.728  40.748 0.0000000000
50609  43.008  -13.866  40.608 0.0000000000
51762  30.889  -13.692  47.412 0.0000000000
51763  30.075  -13.301  46.910 0.0000000000
52995  28.753  -12.693  46.475 0.0000000000
52996  27.975  -12.344  46.600 0.0000000000
54200  27.612  -12.138  46.375 0.0000000000
53057  26.415  -12.273  43.293 0.0000000000
54237  26.139  -11.403  44.869 0.0000000000
54218  25.988  -11.403  45.664 0.0000000000
54203  25.840  -11.437  46.508 0.0000000000
54219  25.263  -11.382  45.718 0.0000000000
53044  23.965  -12.052  44.971 0.0000000000
53029  24.621  -11.716  45.811 0.0000000000
53030  23.820  -12.145  45.975 0.0000000000
53045  23.085  -12.197  45.314 0.0000000000
51883  22.553  -12.757  39.546 0.0000000000
50647  20.281  -14.004  39.230 0.0000000000
50596  21.553  -13.586  41.429 0.0000000000
51846  22.326  -12.972  41.798 0.0000000000
53077  22.370  -12.746  42.398 0.0000000000
53076  22.674  -12.272  42.979 0.0000000000
51806  21.531  -12.818  44.716 0.0000000000
50573  17.272  -14.072  42.127 0.0000000000
50550  16.417  -14.415  43.393 0.0000000000
50511  17.053  -14.308  44.862 0.0000000000
49265  14.761  -15.307  44.450 0.0000000000
49267  13.098  -15.525  43.780 0.0000000000
48142  12.017  -15.749  43.641 0.0000000000
53193  32.036  -12.967  35.915 0.0000000000
51949  32.728  -13.114  36.583 0.0000000000
53214  30.074  -11.750  34.117 0.0000000000
51950  30.914  -13.198  36.656 0.0000000000
51926  31.732  -13.298  37.689 0.0000000000
53134  31.982  -13.288  37.791 0.0000000000
51902  31.929  -13.402  38.311 0.0000000000
50619  30.795  -14.507  40.653 0.0000000000
49327  32.055  -15.121  41.726 0.0000000000
49328  31.225  -15.102  41.822 0.0000000000
50622  28.069  -14.010  40.175 0.0000000000
50621  28.963  -14.239  40.326 0.0000000000
49349  28.886  -14.342  40.931 0.0000000000
49286  29.792  -14.909  43.532 0.0000000000
49308  29.705  -14.954  42.483 0.0000000000
49285  30.683  -15.215  43.875 0.0000000000
48137  31.133  -15.330  43.412 0.0000000000
49284  31.104  -15.259  44.447 0.0000000000
48094  31.455  -15.223  45.169 0.0000000000
49263  30.544  -14.804  44.750 0.0000000000
50502  30.422  -13.580  46.084 0.0000000000
50501  31.053  -13.995  46.548 0.0000000000
50490  31.085  -13.831  47.143 0.0000000000
51761  31.599  -13.488  47.885 0.0000000000
50478  29.534  -13.821  47.655 0.0000000000
52967  21.952  -11.630  49.385 0.0000000000
52966  22.889  -11.638  49.524 0.0000000000
52950  23.207  -11.794  50.502 0.0000000000
48025  14.567  -15.650  49.439 0.0000000000
49136  15.231  -14.347  52.658 0.0000000000
50424  16.094  -13.580  52.228 0.0000000000
78912  56.707  10.019  16.814 0.0000000000
74745  53.297  6.817  14.190 0.0000000000
75764  53.548  7.284  14.757 0.0000000000
77841  52.948  8.950  16.175 0.0000000000
77824  54.132  9.724  16.432 0.0000000000
78916  53.637  10.031  17.216 0.0000000000
78907  51.966  9.708  17.952 0.0000000000
78895  53.982  10.172  18.536 0.0000000000
79953  54.469  10.558  18.216 0.0000000000
78894  55.010  10.287  18.313 0.0000000000
71311  45.055  3.504  15.737 0.0000000000
72514  44.635  4.063  15.186 0.0000000000
71310  45.591  3.595  15.620 0.0000000000
71309  46.178  3.673  15.551 0.0000000000
71292  46.341  3.591  16.098 0.0000000000
71273  45.397  3.416  17.073 0.0000000000
73589  47.687  4.330  17.620 0.0000000000
73602  47.835  4.402  17.251 0.0000000000
73588  48.233  4.701  17.580 0.0000000000
73586  49.475  5.293  18.231 0.0000000000
72462  50.690  5.006  19.036 0.0000000000
68827  47.166  0.854  21.399 0.0000000000
69992  48.708  1.724  21.279 0.0000000000
69991  49.388  2.413  21.195 0.0000000000
71198  51.085  3.622  22.736 0.0000000000
71199  50.293  3.138  22.508 0.0000000000
71230  50.695  3.908  21.105 0.0000000000
66388  38.973  -1.568  25.482 0.0000000000
66387  40.009  -1.461  25.443 0.0000000000
66346  40.354  -1.042  27.976 0.0000000000
67585  41.025  -0.809  27.930 0.0000000000
67584  41.791  -0.548  27.886 0.0000000000
67583  42.799  -0.383  27.561 0.0000000000
68711  43.652  0.612  30.737 0.0000000000
67551  43.431  0.338  29.290 0.0000000000
68710  44.674  0.774  30.601 0.0000000000
54442  41.862  -10.280  33.513 0.0000000000
55634  41.830  -9.293  32.509 0.0000000000
55635  41.121  -9.749  32.055 0.0000000000
55656  40.851  -9.345  31.270 0.0000000000
56885  40.977  -8.435  30.613 0.0000000000
56884  41.594  -8.013  31.175 0.0000000000
58134  42.702  -7.150  32.376 0.0000000000
59302  42.534  -6.456  31.344 0.0000000000
59322  42.301  -6.180  30.719 0.0000000000
54311  44.221  -11.499  39.955 0.0000000000
54310  44.985  -11.106  40.237 0.0000000000
54357  45.460  -10.669  38.613 0.0000000000
55540  45.821  -9.894  37.693 0.0000000000
55561  45.120  -9.840  36.395 0.0000000000
56761  45.842  -8.770  36.589 0.0000000000
60355  45.623  -6.563  35.671 0.0000000000
59228  45.920  -7.027  36.799 0.0000000000
59229  45.566  -7.029  35.973 0.0000000000
58071  45.041  -7.813  35.521 0.0000000000
58089  44.720  -7.459  34.971 0.0000000000
59256  44.208  -7.001  34.075 0.0000000000
59266  44.489  -6.389  34.039 0.0000000000
60394  44.687  -4.970  33.120 0.0000000000
60395  43.974  -5.330  32.610 0.0000000000
60407  43.311  -5.214  31.693 0.0000000000
60406  43.817  -4.774  32.006 0.0000000000
61594  43.760  -4.226  31.598 0.0000000000
62864  45.642  -3.103  32.680 0.0000000000
63989  44.543  -2.410  32.102 0.0000000000
65150  44.904  -1.581  32.444 0.0000000000
62850  47.635  -2.746  34.914 0.0000000000
63971  48.038  -2.268  35.304 0.0000000000
65122  46.789  -0.853  33.686 0.0000000000
66289  45.025  -0.256  33.106 0.0000000000
66270  45.457  0.164  33.513 0.0000000000
67500  44.224  0.497  32.774 0.0000000000
67487  45.082  0.592  33.461 0.0000000000
80953  53.602  12.379  7.843 0.0000000000
77914  49.701  9.368  9.761 0.0000000000
78994  53.462  10.254  7.626 0.0000000000
77919  53.914  8.973  7.631 0.0000000000
76885  54.159  8.411  8.067 0.0000000000
76862  54.773  8.166  10.338 0.0000000000
76872  56.717  7.659  9.677 0.0000000000
77886  53.902  8.998  11.558 0.0000000000
77902  54.367  8.605  11.076 0.0000000000
78976  54.789  9.607  11.259 0.0000000000
78975  55.759  9.991  10.923 0.0000000000
78974  56.879  10.266  10.905 0.0000000000
78973  58.135  10.521  10.694 0.0000000000
79996  58.541  11.544  11.942 0.0000000000
77993  56.187  9.349  3.534 0.0000000000
76972  56.833  9.240  2.761 0.0000000000
77947  59.441  9.438  6.205 0.0000000000
50474  33.161  -14.523  48.253 0.0000000000
50495  16.310  -14.401  47.556 0.0000000000
49197  15.591  -14.754  48.464 0.0000000000
49176  15.739  -14.754  49.492 0.0000000000
67562  46.397  0.488  28.511 0.0000000000
68733  46.920  0.784  28.918 0.0000000000
51948  33.441  -13.205  36.250 0.0000000000
51923  34.062  -13.458  36.722 0.0000000000
51899  34.255  -13.634  37.707 0.0000000000
51874  34.829  -13.813  38.417 0.0000000000
51882  25.671  -12.799  39.777 0.0000000000
51861  25.663  -12.683  40.340 0.0000000000
51955  25.553  -12.962  36.832 0.0000000000
51931  26.244  -13.226  37.427 0.0000000000
51906  26.265  -13.145  38.395 0.0000000000
54184  24.590  -11.544  48.505 0.0000000000
54176  24.509  -11.528  49.565 0.0000000000
77860  54.257  9.154  12.930 0.0000000000
76820  54.668  8.133  14.689 0.0000000000
76773  50.687  7.793  18.569 0.0000000000
77782  51.159  8.012  19.514 0.0000000000
70021  43.987  1.812  18.564 0.0000000000
70007  46.539  1.624  19.721 0.0000000000
62903  40.953  -2.866  28.104 0.0000000000
64024  41.012  -2.337  28.728 0.0000000000
64012  42.357  -2.795  29.543 0.0000000000
54381  41.919  -11.857  37.253 0.0000000000
54359  43.662  -11.313  38.133 0.0000000000
78955  52.759  9.176  12.115 0.0000000000
78945  53.024  9.270  12.497 0.0000000000
76925  55.939  8.585  6.055 0.0000000000
75835  56.774  7.550  6.330 0.0000000000
76892  55.615  8.126  6.954 0.0000000000
75817  55.524  7.977  7.516 0.0000000000
49326  32.833  -15.131  41.691 0.0000000000
50566  33.970  -15.121  41.896 0.0000000000
49304  33.482  -15.341  42.234 0.0000000000
51767  19.850  -12.119  47.492 0.0000000000
53004  19.361  -12.082  48.488 0.0000000000
52988  18.969  -12.048  49.140 0.0000000000
51733  17.524  -12.292  50.358 0.0000000000
52956  17.819  -11.977  50.693 0.0000000000
75780  49.563  7.260  12.951 0.0000000000
74749  50.229  6.531  13.359 0.0000000000
73657  49.925  5.581  13.673 0.0000000000
72524  49.184  4.646  15.507 0.0000000000
73627  49.216  5.017  16.314 0.0000000000
74712  48.872  6.122  16.841 0.0000000000
74701  48.823  6.194  17.465 0.0000000000
67649  46.359  0.119  23.067 0.0000000000
68743  48.460  0.922  27.486 0.0000000000
75789  48.923  7.524  12.535 0.0000000000
46899  12.600  -16.890  47.351 0.0000000000
46900  12.037  -17.227  46.983 0.0000000000
46886  12.285  -17.354  47.765 0.0000000000
45753  12.064  -17.766  48.689 0.0000000000
67689  41.360  -0.406  19.537 0.0000000000
66480  43.039  -0.573  20.363 0.0000000000
66481  42.454  -0.668  20.374 0.0000000000
65255  41.567  -1.790  23.236 0.0000000000
66369  44.017  -0.707  26.397 0.0000000000
67599  43.512  -0.488  27.103 0.0000000000
51999  36.389  -12.410  33.670 0.0000000000
50691  36.612  -13.742  36.725 0.0000000000
51922  37.703  -13.464  37.032 0.0000000000
51920  39.532  -12.894  37.100 0.0000000000
50655  40.058  -13.850  38.478 0.0000000000
50637  40.584  -14.184  39.034 0.0000000000
50563  36.584  -15.050  42.060 0.0000000000
50539  38.450  -15.257  42.754 0.0000000000
49277  41.216  -15.300  43.420 0.0000000000
48160  41.683  -15.368  41.905 0.0000000000
51777  29.641  -13.305  45.737 0.0000000000
52994  29.397  -13.117  46.520 0.0000000000
53058  25.855  -11.699  43.723 0.0000000000
54281  25.286  -11.506  43.436 0.0000000000
53059  24.686  -11.448  44.315 0.0000000000
51909  21.926  -13.333  38.840 0.0000000000
50625  19.709  -14.403  39.893 0.0000000000
49350  20.335  -14.396  40.901 0.0000000000
50597  20.883  -14.078  41.531 0.0000000000
50569  21.243  -13.815  42.065 0.0000000000
51837  21.149  -13.735  42.496 0.0000000000
51825  20.913  -13.673  43.073 0.0000000000
50525  18.542  -13.888  43.772 0.0000000000
50551  15.707  -14.611  43.688 0.0000000000
50576  14.891  -14.831  42.978 0.0000000000
53175  29.398  -13.053  34.981 0.0000000000
53174  29.995  -12.995  35.494 0.0000000000
51903  30.840  -13.714  38.655 0.0000000000
50642  30.503  -14.072  39.639 0.0000000000
50620  29.851  -14.267  40.383 0.0000000000
50567  28.233  -14.277  41.900 0.0000000000
49309  28.937  -14.575  42.296 0.0000000000
50543  29.169  -14.478  43.604 0.0000000000
50521  30.207  -14.370  45.048 0.0000000000
50510  29.525  -13.794  45.315 0.0000000000
51788  29.979  -13.435  45.949 0.0000000000
48010  14.464  -15.546  50.491 0.0000000000
48002  14.281  -15.370  51.566 0.0000000000
49146  14.791  -14.880  52.026 0.0000000000
78927  56.766  9.912  15.838 0.0000000000
78901  56.564  10.156  17.249 0.0000000000
77801  56.127  10.094  17.849 0.0000000000
74719  52.783  6.874  15.203 0.0000000000
75753  52.855  7.457  15.485 0.0000000000
78883  52.604  9.632  18.759 0.0000000000
71260  46.823  3.585  18.458 0.0000000000
71259  47.739  3.623  18.537 0.0000000000
72464  49.143  4.361  18.122 0.0000000000
72452  50.416  4.379  19.363 0.0000000000
68811  48.158  1.333  21.854 0.0000000000
72420  51.329  4.600  21.646 0.0000000000
66389  38.099  -1.683  25.429 0.0000000000
67543  41.149  -0.578  29.587 0.0000000000
67554  41.030  -0.513  29.010 0.0000000000
67553  41.799  -0.004  29.306 0.0000000000
67552  42.649  0.236  29.344 0.0000000000
68712  42.829  0.649  30.865 0.0000000000
68683  43.708  0.834  31.985 0.0000000000
54424  42.481  -10.244  34.153 0.0000000000
56864  41.997  -8.119  32.104 0.0000000000
56863  42.418  -8.171  32.934 0.0000000000
54309  45.693  -10.523  40.451 0.0000000000
55478  46.296  -10.067  40.138 0.0000000000
55503  46.331  -9.939  39.776 0.0000000000
56740  46.258  -8.895  38.445 0.0000000000
60365  45.509  -6.140  35.241 0.0000000000
60374  45.059  -5.974  34.432 0.0000000000
61565  45.480  -5.665  34.826 0.0000000000
61584  44.866  -4.449  32.677 0.0000000000
62859  45.511  -3.836  32.818 0.0000000000
62858  46.211  -3.372  33.404 0.0000000000
76878  50.766  8.735  9.752 0.0000000000
76877  51.207  8.763  9.497 0.0000000000
77921  52.487  9.351  8.415 0.0000000000
76886  53.268  8.569  8.556 0.0000000000
80000  54.955  10.343  11.788 0.0000000000
80010  55.254  10.444  11.293 0.0000000000
79999  55.594  10.948  11.684 0.0000000000
76953  58.213  8.883  3.070 0.0000000000
76952  58.981  9.122  2.971 0.0000000000
78992  59.898  10.713  8.643 0.0000000000
48116  32.380  -15.703  44.635 0.0000000000
48073  33.101  -15.649  46.279 0.0000000000
49222  34.219  -15.942  46.807 0.0000000000
50487  33.554  -14.786  48.019 0.0000000000
51770  17.400  -13.673  46.738 0.0000000000
51742  17.328  -13.087  48.929 0.0000000000
51734  17.114  -12.832  49.962 0.0000000000
51713  16.687  -12.585  52.173 0.0000000000
72526  47.593  4.349  14.858 0.0000000000
67611  45.879  -0.229  25.442 0.0000000000
67610  46.552  0.102  25.849 0.0000000000
68744  47.814  0.750  28.141 0.0000000000
68745  47.337  0.766  28.454 0.0000000000
68731  48.440  1.119  28.549 0.0000000000
45778  10.954  -18.073  46.969 0.0000000000
44515  10.373  -18.389  46.447 0.0000000000
43196  10.003  -19.430  47.951 0.0000000000
44445  10.199  -18.742  50.889 0.0000000000
65256  40.643  -1.858  23.508 0.0000000000
51946  35.745  -13.522  36.143 0.0000000000
50694  34.575  -13.524  36.274 0.0000000000
50693  35.237  -13.665  36.324 0.0000000000
50692  35.920  -13.839  36.583 0.0000000000
49378  37.314  -14.432  37.921 0.0000000000
49369  37.758  -14.482  38.451 0.0000000000
51821  27.514  -13.196  43.523 0.0000000000
51804  27.881  -13.062  44.290 0.0000000000
51822  26.902  -12.810  43.061 0.0000000000
53086  25.722  -12.529  41.406 0.0000000000
53087  25.339  -12.319  41.570 0.0000000000
50626  18.637  -14.304  39.770 0.0000000000
50599  18.393  -14.500  40.846 0.0000000000
50695  27.920  -13.591  36.849 0.0000000000
50681  28.357  -13.631  37.475 0.0000000000
50664  28.488  -13.772  38.451 0.0000000000
50568  27.496  -13.899  42.249 0.0000000000
50545  27.581  -13.634  42.916 0.0000000000
78942  56.846  10.527  13.091 0.0000000000
77849  56.648  9.357  14.271 0.0000000000
76829  55.808  8.844  13.695 0.0000000000
77837  56.366  9.517  15.258 0.0000000000
78928  55.697  10.041  16.027 0.0000000000
77827  51.627  9.014  16.994 0.0000000000
77828  51.220  8.629  17.320 0.0000000000
77805  51.568  9.291  18.190 0.0000000000
71274  44.275  3.089  16.879 0.0000000000
71245  47.168  2.996  19.059 0.0000000000
69925  50.030  2.040  25.127 0.0000000000
65211  38.384  -1.732  26.738 0.0000000000
66360  38.201  -1.625  26.451 0.0000000000
65190  39.734  -1.614  27.514 0.0000000000
66338  40.079  -1.329  27.843 0.0000000000
66337  40.583  -1.131  28.416 0.0000000000
65178  41.015  -1.310  29.490 0.0000000000
66336  40.899  -0.953  29.234 0.0000000000
66327  41.633  -0.759  30.434 0.0000000000
66317  42.193  -0.601  30.922 0.0000000000
66316  42.493  -0.388  31.445 0.0000000000
53226  39.904  -11.011  34.051 0.0000000000
53208  40.147  -11.276  34.630 0.0000000000
54426  40.918  -11.300  34.924 0.0000000000
55583  43.478  -10.148  35.110 0.0000000000
55600  43.750  -9.420  34.830 0.0000000000
77904  50.017  8.848  10.040 0.0000000000
76867  50.543  8.661  10.030 0.0000000000
76866  51.128  8.545  10.127 0.0000000000
78962  54.357  9.620  11.824 0.0000000000
78954  53.635  9.484  12.214 0.0000000000
78952  55.586  10.446  12.414 0.0000000000
77994  55.676  10.285  3.903 0.0000000000
79024  55.268  10.537  5.245 0.0000000000
75862  58.608  8.368  4.405 0.0000000000
76923  59.180  8.770  4.801 0.0000000000
76904  59.647  9.352  5.391 0.0000000000
75833  58.636  7.937  6.054 0.0000000000
75814  58.402  7.811  7.197 0.0000000000
76883  58.355  8.295  8.621 0.0000000000
76871  57.875  8.078  9.299 0.0000000000
51856  33.554  -13.734  39.750 0.0000000000
50565  34.485  -15.005  41.866 0.0000000000
50564  35.533  -15.118  42.131 0.0000000000
49279  36.997  -15.687  43.491 0.0000000000
48091  34.107  -16.018  45.381 0.0000000000
48090  35.122  -16.109  45.237 0.0000000000
48089  35.836  -16.191  45.161 0.0000000000
49220  36.065  -16.154  45.827 0.0000000000
48112  36.167  -16.168  44.836 0.0000000000
53155  24.321  -12.231  37.828 0.0000000000
53017  21.841  -12.154  47.072 0.0000000000
53000  22.454  -11.862  47.807 0.0000000000
51755  18.202  -12.509  48.500 0.0000000000
52954  19.138  -11.294  50.703 0.0000000000
75777  52.825  7.217  13.332 0.0000000000
74746  52.943  6.633  13.949 0.0000000000
73655  51.393  6.228  13.675 0.0000000000
75741  51.223  7.331  16.400 0.0000000000
73625  50.480  5.270  15.282 0.0000000000
76799  50.203  7.600  17.465 0.0000000000
76786  50.007  7.463  17.633 0.0000000000
76774  50.148  7.519  18.035 0.0000000000
74666  50.764  6.641  19.384 0.0000000000
68765  47.886  0.746  25.616 0.0000000000
69924  50.797  2.513  25.595 0.0000000000
60452  40.909  -5.162  28.308 0.0000000000
61625  41.211  -4.802  28.480 0.0000000000
54269  44.446  -11.414  41.364 0.0000000000
76843  49.624  8.034  11.787 0.0000000000
77864  50.143  7.918  11.853 0.0000000000
48063  14.398  -15.966  47.399 0.0000000000
48047  14.123  -16.145  48.118 0.0000000000
48026  14.089  -16.134  48.895 0.0000000000
46898  13.217  -16.600  47.533 0.0000000000
46864  13.496  -16.573  49.216 0.0000000000
45720  12.027  -17.536  50.690 0.0000000000
46848  12.380  -17.111  51.705 0.0000000000
46841  12.747  -16.460  52.300 0.0000000000
70035  43.159  2.265  17.679 0.0000000000
68845  44.212  0.416  19.887 0.0000000000
67684  45.018  0.076  21.093 0.0000000000
67669  44.532  -0.472  21.576 0.0000000000
66399  45.264  -0.494  24.864 0.0000000000
65329  41.400  -1.507  21.173 0.0000000000
66435  42.422  -1.494  21.773 0.0000000000
67597  45.558  -0.266  26.608 0.0000000000
67563  45.816  0.395  28.699 0.0000000000
68721  45.823  0.929  29.761 0.0000000000
53210  38.972  -11.649  34.035 0.0000000000
51984  36.946  -12.432  34.474 0.0000000000
51983  37.859  -12.047  34.305 0.0000000000
51982  38.522  -11.816  34.415 0.0000000000
53192  38.990  -11.703  34.745 0.0000000000
53191  39.575  -11.598  35.106 0.0000000000
53168  40.316  -11.827  36.174 0.0000000000
53149  40.457  -12.268  36.811 0.0000000000
51919  40.343  -12.639  37.299 0.0000000000
53131  41.639  -12.338  37.784 0.0000000000
53114  42.123  -12.440  38.558 0.0000000000
51872  42.878  -12.841  40.046 0.0000000000
51854  34.828  -13.910  39.158 0.0000000000
50639  36.540  -14.405  39.295 0.0000000000
50638  37.296  -14.715  39.724 0.0000000000
49359  38.002  -14.741  39.393 0.0000000000
50518  38.955  -15.310  43.210 0.0000000000
49345  39.003  -14.803  40.275 0.0000000000
49358  38.828  -14.788  39.439 0.0000000000
49357  39.575  -14.824  39.570 0.0000000000
49356  40.464  -14.774  39.635 0.0000000000
50636  41.512  -14.108  39.413 0.0000000000
49322  42.033  -15.166  41.352 0.0000000000
49342  41.609  -14.903  40.490 0.0000000000
50635  42.423  -13.613  39.864 0.0000000000
50476  31.506  -13.677  48.328 0.0000000000
52977  29.257  -13.064  47.165 0.0000000000
52997  27.461  -12.073  46.932 0.0000000000
54189  26.992  -11.698  46.931 0.0000000000
53040  27.352  -12.538  44.357 0.0000000000
53027  27.241  -12.069  45.432 0.0000000000
53042  26.022  -11.553  44.317 0.0000000000
53028  26.748  -11.756  45.222 0.0000000000
54216  27.153  -11.864  45.871 0.0000000000
54201  27.228  -11.869  46.252 0.0000000000
54190  26.307  -11.508  47.135 0.0000000000
53015  23.565  -12.035  46.878 0.0000000000
53117  23.905  -12.627  39.518 0.0000000000
53118  23.158  -12.508  39.023 0.0000000000
53090  23.011  -12.483  41.685 0.0000000000
50666  21.010  -13.817  38.384 0.0000000000
50623  21.540  -13.546  40.505 0.0000000000
51845  22.534  -12.858  41.265 0.0000000000
51823  22.195  -12.583  43.990 0.0000000000
51791  22.541  -12.293  45.541 0.0000000000
53032  22.201  -12.212  46.486 0.0000000000
51778  21.777  -12.253  46.443 0.0000000000
51779  21.205  -12.284  46.465 0.0000000000
51782  17.970  -13.442  46.101 0.0000000000
50526  17.759  -13.878  43.817 0.0000000000
50549  17.188  -14.235  43.156 0.0000000000
51810  17.654  -13.817  44.384 0.0000000000
51796  17.593  -13.799  45.059 0.0000000000
51783  17.238  -13.946  45.806 0.0000000000
50513  15.880  -14.802  45.674 0.0000000000
50529  15.898  -14.777  44.660 0.0000000000
49245  15.415  -15.149  45.734 0.0000000000
48100  14.493  -15.746  46.018 0.0000000000
49266  13.913  -15.557  44.357 0.0000000000
49247  14.061  -15.666  45.031 0.0000000000
48101  13.861  -15.977  45.532 0.0000000000
48125  11.641  -16.308  44.613 0.0000000000
48103  11.919  -16.615  45.396 0.0000000000
46922  11.394  -17.104  45.442 0.0000000000
51988  32.970  -13.048  34.543 0.0000000000
51925  32.725  -13.241  37.478 0.0000000000
53173  30.852  -13.023  35.960 0.0000000000
53172  31.517  -13.066  36.358 0.0000000000
53151  32.228  -13.271  37.641 0.0000000000
51901  32.646  -13.375  38.277 0.0000000000
51877  32.747  -13.531  39.125 0.0000000000
50618  31.916  -14.514  40.196 0.0000000000
50591  32.478  -14.835  41.021 0.0000000000
48153  32.190  -15.563  43.055 0.0000000000
49347  29.966  -14.568  41.058 0.0000000000
49330  29.507  -14.709  41.637 0.0000000000
49329  30.391  -14.932  41.652 0.0000000000
48136  31.660  -15.476  43.871 0.0000000000
48093  31.947  -15.428  45.322 0.0000000000
49242  32.278  -15.242  46.020 0.0000000000
49224  31.856  -14.639  46.383 0.0000000000
50508  31.002  -14.209  45.930 0.0000000000
49225  31.299  -14.357  46.101 0.0000000000
50500  32.213  -14.453  47.160 0.0000000000
52983  23.089  -11.692  48.524 0.0000000000
54177  23.831  -11.393  50.057 0.0000000000
49198  15.121  -15.240  48.941 0.0000000000
49156  15.645  -14.557  50.538 0.0000000000
50437  16.041  -13.792  51.047 0.0000000000
50423  16.379  -13.056  51.966 0.0000000000
75752  53.699  7.819  15.298 0.0000000000
76808  54.159  8.329  15.398 0.0000000000
77839  54.534  9.192  15.715 0.0000000000
77814  52.105  9.579  17.398 0.0000000000
78917  52.788  9.718  17.185 0.0000000000
79952  54.909  10.746  18.044 0.0000000000
79951  55.444  10.754  17.871 0.0000000000
79946  55.309  10.675  18.068 0.0000000000
72528  45.454  4.659  14.449 0.0000000000
72496  46.237  3.682  16.765 0.0000000000
72467  46.694  3.998  17.995 0.0000000000
73615  47.938  4.456  16.941 0.0000000000
73614  48.239  4.743  16.852 0.0000000000
74683  48.685  5.481  17.613 0.0000000000
74682  49.008  5.880  18.007 0.0000000000
74657  50.976  6.481  19.984 0.0000000000
68843  46.435  1.234  20.219 0.0000000000
68842  47.531  1.459  20.194 0.0000000000
68841  48.229  1.603  20.208 0.0000000000
68859  48.465  1.824  19.948 0.0000000000
69955  50.355  2.770  23.748 0.0000000000
72433  50.902  4.847  20.736 0.0000000000
73553  50.913  5.732  20.355 0.0000000000
74643  51.010  6.425  20.753 0.0000000000
66359  39.100  -1.526  26.802 0.0000000000
67569  40.809  -0.811  28.177 0.0000000000
67586  40.704  -0.939  27.891 0.0000000000
66371  41.794  -0.975  26.353 0.0000000000
66355  42.637  -0.641  27.170 0.0000000000
68722  45.079  0.732  29.795 0.0000000000
68709  45.522  1.195  30.386 0.0000000000
54444  39.980  -10.869  33.636 0.0000000000
54461  40.008  -10.784  32.990 0.0000000000
54480  40.687  -9.969  31.891 0.0000000000
58191  41.184  -6.729  29.855 0.0000000000
58171  41.519  -7.007  30.534 0.0000000000
59339  41.655  -6.084  30.035 0.0000000000
60422  42.288  -5.276  30.117 0.0000000000
54336  43.931  -11.281  39.044 0.0000000000
54358  44.570  -11.100  38.355 0.0000000000
54334  45.690  -10.675  39.587 0.0000000000
54377  45.182  -10.693  37.776 0.0000000000
55581  44.761  -9.255  35.717 0.0000000000
56784  44.561  -8.722  35.325 0.0000000000
58041  46.244  -7.946  38.096 0.0000000000
59217  46.323  -7.156  37.642 0.0000000000
58055  46.116  -7.890  37.123 0.0000000000
58072  44.417  -8.071  34.999 0.0000000000
58108  43.703  -7.545  33.834 0.0000000000
59268  43.369  -6.729  32.888 0.0000000000
59283  43.687  -6.150  32.940 0.0000000000
59284  43.367  -6.249  32.453 0.0000000000
60421  42.797  -5.210  30.850 0.0000000000
61609  42.811  -4.350  30.247 0.0000000000
62875  43.131  -3.317  30.484 0.0000000000
63998  43.274  -2.324  30.983 0.0000000000
62866  44.226  -3.350  31.739 0.0000000000
65164  43.423  -1.656  31.568 0.0000000000
65152  43.176  -1.090  31.974 0.0000000000
66305  43.376  -0.483  32.393 0.0000000000
62851  47.022  -3.305  34.433 0.0000000000
62857  46.751  -2.792  33.734 0.0000000000
63982  46.561  -2.236  33.336 0.0000000000
65121  47.400  -1.245  34.161 0.0000000000
65134  46.847  -1.512  33.568 0.0000000000
65149  45.554  -1.669  32.648 0.0000000000
65136  45.400  -0.951  32.632 0.0000000000
66290  44.123  -0.388  32.653 0.0000000000
67515  43.852  0.726  32.310 0.0000000000
68682  44.536  1.082  32.237 0.0000000000
80964  54.063  12.148  7.510 0.0000000000
79008  53.866  10.560  7.257 0.0000000000
77934  54.273  9.362  7.238 0.0000000000
76894  54.635  8.634  7.618 0.0000000000
75803  56.393  7.592  8.839 0.0000000000
78972  58.615  10.854  10.479 0.0000000000
46921  12.040  -16.799  45.833 0.0000000000
48092  32.954  -15.756  45.605 0.0000000000
48123  13.705  -15.762  44.847 0.0000000000
48132  35.563  -15.915  43.692 0.0000000000
48149  41.749  -15.373  42.352 0.0000000000
48150  41.363  -15.413  42.170 0.0000000000
48151  33.600  -15.595  42.830 0.0000000000
48152  33.072  -15.687  42.901 0.0000000000
48154  31.478  -15.394  43.114 0.0000000000
48158  42.609  -15.235  42.052 0.0000000000
49165  32.825  -14.930  48.728 0.0000000000
49238  36.413  -16.235  45.319 0.0000000000
49244  30.598  -14.431  45.219 0.0000000000
49262  31.162  -15.125  44.951 0.0000000000
49281  35.509  -15.628  43.046 0.0000000000
49282  34.590  -15.557  42.940 0.0000000000
49283  33.963  -15.522  42.751 0.0000000000
49310  20.564  -14.285  41.664 0.0000000000
49331  28.869  -14.449  41.449 0.0000000000
49332  20.469  -14.326  41.238 0.0000000000
49333  20.017  -14.594  41.160 0.0000000000
49346  38.434  -14.866  40.014 0.0000000000
49351  20.062  -14.513  40.633 0.0000000000
49360  37.307  -14.561  39.085 0.0000000000
49379  36.780  -14.450  37.820 0.0000000000
50461  31.234  -14.022  48.578 0.0000000000
50473  33.744  -14.808  48.105 0.0000000000
50514  15.410  -15.190  45.455 0.0000000000
50584  39.273  -14.687  41.309 0.0000000000
50661  34.913  -13.853  37.528 0.0000000000
50703  34.523  -13.358  35.873 0.0000000000
51775  30.658  -13.586  46.891 0.0000000000
51790  28.757  -13.166  45.419 0.0000000000
51858  32.464  -14.127  39.839 0.0000000000
51879  31.148  -13.976  39.358 0.0000000000
53010  29.453  -13.163  46.272 0.0000000000
53013  27.385  -12.012  45.961 0.0000000000
53019  20.316  -12.071  47.541 0.0000000000
53099  44.176  -11.715  40.548 0.0000000000
53101  25.915  -12.583  41.057 0.0000000000
53102  25.585  -12.538  40.839 0.0000000000
53153  31.234  -13.167  36.733 0.0000000000
53189  40.836  -11.604  35.824 0.0000000000
54236  26.539  -11.604  45.098 0.0000000000
54361  42.246  -11.802  37.735 0.0000000000
54441  42.324  -10.048  33.723 0.0000000000
54459  41.710  -9.949  32.899 0.0000000000
55560  45.899  -9.401  36.965 0.0000000000
55562  44.327  -10.142  36.052 0.0000000000
58154  42.418  -6.830  31.740 0.0000000000
59255  44.788  -6.804  34.618 0.0000000000
60353  46.270  -5.598  36.631 0.0000000000
60384  43.977  -5.891  33.194 0.0000000000
61564  45.985  -5.351  35.273 0.0000000000
62844  47.711  -3.137  35.413 0.0000000000
62917  41.205  -3.483  28.004 0.0000000000
63976  47.606  -2.187  34.557 0.0000000000
63988  45.254  -2.417  32.498 0.0000000000
64026  39.748  -2.095  27.465 0.0000000000
65137  44.707  -0.853  32.533 0.0000000000
65328  41.703  -1.427  21.250 0.0000000000
66288  45.668  -0.650  33.043 0.0000000000
66306  42.777  -0.469  31.963 0.0000000000
66328  41.177  -0.832  29.887 0.0000000000
67530  42.782  0.597  31.595 0.0000000000
67578  47.874  0.662  27.480 0.0000000000
68720  46.497  1.131  29.696 0.0000000000
68860  48.117  1.772  19.800 0.0000000000
68861  46.301  1.590  19.688 0.0000000000
72493  48.889  4.784  16.390 0.0000000000
72509  49.228  4.715  15.787 0.0000000000
74731  53.425  6.958  14.359 0.0000000000
74732  52.958  6.741  14.669 0.0000000000
75751  54.033  7.952  15.242 0.0000000000
75801  57.727  7.731  8.857 0.0000000000
75852  57.219  7.614  5.424 0.0000000000
76811  51.780  8.251  16.287 0.0000000000
76818  56.137  8.929  14.185 0.0000000000
76856  50.389  8.563  10.348 0.0000000000
76893  55.046  8.685  7.187 0.0000000000
77811  56.682  10.012  17.165 0.0000000000
77813  56.019  9.656  17.815 0.0000000000
77857  56.950  10.298  13.420 0.0000000000
78965  48.196  9.781  10.559 0.0000000000
79007  54.264  10.332  6.841 0.0000000000
