#!ascii label  , from subject sub.01.dh.02.long.sub.01.base.03 vox2ras=TkReg
1570
71212  55.316  3.822  21.502 0.0000000000
48181  43.124  -15.196  37.528 0.0000000000
45826  29.300  -16.978  41.484 0.0000000000
48119  24.281  -16.023  44.267 0.0000000000
42126  39.010  -19.940  44.824 0.0000000000
43423  32.938  -18.676  34.007 0.0000000000
66415  48.735  -0.780  23.096 0.0000000000
74708  53.618  6.087  16.707 0.0000000000
65163  49.617  -1.635  32.037 0.0000000000
54518  42.999  -10.606  30.018 0.0000000000
49526  34.459  -13.494  27.180 0.0000000000
43232  31.194  -18.546  46.395 0.0000000000
44570  25.922  -17.494  43.372 0.0000000000
45747  27.650  -17.213  48.367 0.0000000000
44582  34.731  -18.417  42.979 0.0000000000
68708  52.490  1.782  30.680 0.0000000000
48146  45.965  -15.206  41.906 0.0000000000
51918  48.119  -12.211  37.681 0.0000000000
55598  46.868  -9.046  35.149 0.0000000000
49422  43.940  -13.590  32.492 0.0000000000
50766  39.454  -13.190  28.150 0.0000000000
49427  38.969  -13.847  32.411 0.0000000000
47061  28.587  -15.887  32.436 0.0000000000
46018  29.635  -17.408  29.620 0.0000000000
73567  57.012  5.373  19.472 0.0000000000
68896  56.455  1.689  17.460 0.0000000000
47008  26.857  -15.767  36.446 0.0000000000
45905  23.386  -17.168  38.399 0.0000000000
44633  41.873  -18.319  41.273 0.0000000000
47003  37.237  -16.260  36.675 0.0000000000
42207  35.692  -19.007  39.661 0.0000000000
44699  32.304  -17.304  38.073 0.0000000000
68809  52.057  2.263  22.051 0.0000000000
49141  25.273  -14.247  50.274 0.0000000000
48060  21.197  -14.636  47.310 0.0000000000
74627  55.571  6.579  22.489 0.0000000000
71161  55.652  4.366  25.231 0.0000000000
68751  52.725  1.654  26.691 0.0000000000
66354  49.505  -0.220  27.391 0.0000000000
64038  46.005  -3.349  28.364 0.0000000000
62843  50.772  -3.192  35.840 0.0000000000
60405  46.375  -5.720  31.583 0.0000000000
58224  42.025  -7.435  27.238 0.0000000000
54606  39.222  -10.075  24.994 0.0000000000
47084  33.626  -15.706  31.072 0.0000000000
45743  32.059  -17.384  47.999 0.0000000000
44486  28.893  -18.340  47.179 0.0000000000
46892  29.552  -15.675  47.467 0.0000000000
43206  33.354  -18.556  46.788 0.0000000000
48167  45.417  -15.931  39.461 0.0000000000
48178  46.442  -14.464  37.553 0.0000000000
49401  46.073  -13.529  35.333 0.0000000000
49393  44.285  -14.473  34.759 0.0000000000
49425  41.148  -13.515  32.044 0.0000000000
49396  41.089  -14.124  34.904 0.0000000000
47063  26.366  -16.134  32.482 0.0000000000
45991  27.270  -16.888  31.007 0.0000000000
72416  57.291  5.272  20.781 0.0000000000
72456  58.600  4.554  19.224 0.0000000000
71240  57.269  3.270  19.994 0.0000000000
45901  27.482  -16.427  38.794 0.0000000000
46980  25.166  -16.187  38.013 0.0000000000
45880  25.416  -16.507  39.638 0.0000000000
45802  24.736  -17.354  43.486 0.0000000000
44617  23.716  -17.596  41.131 0.0000000000
46958  21.967  -16.647  41.489 0.0000000000
46947  20.783  -16.665  43.042 0.0000000000
43294  42.814  -18.495  43.127 0.0000000000
42172  40.728  -19.482  42.520 0.0000000000
43337  38.419  -18.472  40.984 0.0000000000
42175  37.710  -19.900  42.825 0.0000000000
44609  31.796  -17.797  42.463 0.0000000000
45845  33.482  -17.774  40.566 0.0000000000
45875  30.868  -16.737  39.793 0.0000000000
45940  29.523  -16.295  36.942 0.0000000000
67647  50.351  0.648  22.241 0.0000000000
66477  51.078  -0.453  20.477 0.0000000000
66479  49.679  -0.789  21.112 0.0000000000
49195  19.447  -14.583  48.528 0.0000000000
69923  54.191  2.686  25.690 0.0000000000
69896  54.050  2.859  27.608 0.0000000000
66324  50.829  0.083  31.386 0.0000000000
66343  50.856  0.682  29.038 0.0000000000
65185  49.090  -0.922  29.434 0.0000000000
64050  47.377  -1.743  27.417 0.0000000000
64023  46.970  -2.875  29.891 0.0000000000
55632  44.639  -9.921  32.516 0.0000000000
58132  46.482  -7.688  33.148 0.0000000000
58170  44.593  -7.638  30.880 0.0000000000
59338  43.867  -6.607  29.341 0.0000000000
56951  42.321  -8.597  28.548 0.0000000000
56981  41.086  -8.590  26.371 0.0000000000
54553  41.357  -10.478  27.860 0.0000000000
50813  37.468  -12.557  25.591 0.0000000000
44728  34.868  -17.474  36.029 0.0000000000
47032  35.824  -15.804  34.431 0.0000000000
45974  33.297  -17.438  32.605 0.0000000000
46045  29.023  -16.788  27.891 0.0000000000
74744  57.278  6.191  13.712 0.0000000000
72523  54.814  4.217  14.915 0.0000000000
44566  30.039  -17.661  43.922 0.0000000000
44589  27.585  -17.099  42.716 0.0000000000
44547  28.600  -17.878  44.648 0.0000000000
44527  26.368  -17.856  45.748 0.0000000000
46906  25.614  -16.615  46.390 0.0000000000
43225  36.854  -19.118  46.295 0.0000000000
43283  36.521  -19.390  44.069 0.0000000000
43248  35.390  -18.844  45.665 0.0000000000
43269  32.439  -18.500  45.356 0.0000000000
69862  53.906  2.944  29.964 0.0000000000
66303  51.020  -0.414  33.029 0.0000000000
54394  47.362  -10.607  36.314 0.0000000000
53207  45.677  -11.791  34.167 0.0000000000
52023  43.436  -12.330  31.261 0.0000000000
52050  41.858  -12.327  29.078 0.0000000000
49454  41.771  -13.510  30.455 0.0000000000
49456  39.305  -13.657  30.222 0.0000000000
49473  37.128  -13.872  29.572 0.0000000000
44758  31.556  -18.189  33.721 0.0000000000
42303  31.252  -18.607  31.139 0.0000000000
46003  28.769  -17.151  30.483 0.0000000000
72460  54.683  4.528  18.714 0.0000000000
71290  54.247  3.370  16.588 0.0000000000
71269  56.646  3.659  17.983 0.0000000000
44640  24.461  -17.306  40.887 0.0000000000
45842  44.363  -17.494  41.310 0.0000000000
46970  42.593  -16.488  39.771 0.0000000000
48183  40.607  -15.684  37.340 0.0000000000
45893  39.487  -16.832  38.763 0.0000000000
44676  37.117  -17.541  38.605 0.0000000000
42219  34.484  -18.515  37.401 0.0000000000
42201  35.440  -19.141  41.310 0.0000000000
43376  33.728  -18.557  38.368 0.0000000000
43401  32.958  -18.365  36.175 0.0000000000
45949  30.516  -16.438  35.419 0.0000000000
47037  27.555  -15.542  34.271 0.0000000000
69989  53.151  2.832  21.631 0.0000000000
70015  55.018  2.483  19.835 0.0000000000
68839  52.566  1.717  20.186 0.0000000000
45714  25.976  -15.961  49.655 0.0000000000
48042  24.703  -14.928  48.156 0.0000000000
49170  23.487  -14.201  49.141 0.0000000000
48076  22.615  -14.908  46.075 0.0000000000
73570  53.514  5.311  19.538 0.0000000000
74653  56.031  6.302  21.005 0.0000000000
72406  56.652  5.593  22.190 0.0000000000
71195  55.619  4.821  23.109 0.0000000000
69953  53.543  3.070  23.652 0.0000000000
68776  52.211  1.658  24.536 0.0000000000
67608  50.687  0.557  25.114 0.0000000000
68729  52.730  1.711  28.756 0.0000000000
66364  50.896  0.470  27.276 0.0000000000
65234  48.803  -0.611  24.733 0.0000000000
65236  47.453  -1.436  25.450 0.0000000000
64085  45.411  -2.248  25.249 0.0000000000
63980  50.200  -2.416  33.921 0.0000000000
59252  48.792  -6.209  35.192 0.0000000000
61575  48.060  -4.845  33.565 0.0000000000
62872  48.091  -3.520  32.028 0.0000000000
62901  46.278  -4.042  30.135 0.0000000000
60464  43.995  -5.226  28.192 0.0000000000
52094  39.513  -11.886  26.782 0.0000000000
48215  38.538  -14.786  34.889 0.0000000000
48245  36.158  -15.100  31.997 0.0000000000
49494  33.968  -14.321  28.990 0.0000000000
47087  31.938  -16.966  30.629 0.0000000000
48309  31.207  -15.302  28.394 0.0000000000
45744  30.907  -17.266  47.838 0.0000000000
48037  30.418  -15.085  47.890 0.0000000000
48172  43.808  -15.587  38.424 0.0000000000
48170  46.513  -14.762  38.307 0.0000000000
48180  44.388  -14.963  37.453 0.0000000000
48189  44.824  -14.544  36.184 0.0000000000
48190  43.628  -14.790  36.478 0.0000000000
49395  42.288  -14.128  34.835 0.0000000000
48201  41.732  -14.608  35.718 0.0000000000
71210  56.772  4.746  21.065 0.0000000000
71227  57.132  4.327  20.509 0.0000000000
71228  55.974  3.685  20.894 0.0000000000
45850  29.079  -16.733  40.647 0.0000000000
45879  26.576  -16.493  39.727 0.0000000000
45851  28.064  -16.576  40.706 0.0000000000
46932  24.278  -16.587  43.806 0.0000000000
45815  23.272  -16.921  42.027 0.0000000000
46945  23.054  -16.124  42.995 0.0000000000
46953  21.471  -16.494  42.230 0.0000000000
48140  22.799  -15.649  43.644 0.0000000000
44521  39.202  -18.637  45.319 0.0000000000
43263  40.582  -19.315  44.314 0.0000000000
43281  41.336  -19.385  43.495 0.0000000000
42139  40.056  -19.908  43.905 0.0000000000
42174  38.687  -19.711  42.672 0.0000000000
42158  38.511  -20.055  43.526 0.0000000000
45825  30.144  -17.413  41.432 0.0000000000
45848  30.947  -17.163  40.661 0.0000000000
45849  30.022  -17.002  40.619 0.0000000000
45876  29.851  -16.611  39.737 0.0000000000
66430  49.754  0.155  22.747 0.0000000000
66453  49.835  -0.062  21.527 0.0000000000
65297  48.841  -1.116  21.800 0.0000000000
72333  54.842  4.422  27.464 0.0000000000
71103  55.110  4.065  27.572 0.0000000000
71092  54.319  3.876  28.226 0.0000000000
66315  50.518  -0.524  31.768 0.0000000000
66325  50.412  -0.237  30.779 0.0000000000
65176  49.493  -1.218  30.810 0.0000000000
64021  48.421  -1.494  29.490 0.0000000000
64009  48.504  -1.773  30.246 0.0000000000
54497  43.741  -10.237  31.064 0.0000000000
56883  44.876  -8.524  31.956 0.0000000000
56903  43.817  -9.215  30.647 0.0000000000
56928  43.396  -8.687  29.877 0.0000000000
55725  42.236  -9.711  28.781 0.0000000000
55726  41.726  -9.912  28.245 0.0000000000
54538  41.890  -10.544  28.506 0.0000000000
43400  33.722  -18.266  35.537 0.0000000000
45958  34.336  -17.259  34.837 0.0000000000
44757  33.204  -18.165  33.433 0.0000000000
73621  54.835  5.987  15.006 0.0000000000
73622  54.114  5.217  15.437 0.0000000000
44522  30.926  -18.213  45.356 0.0000000000
44546  29.566  -17.900  44.683 0.0000000000
44504  29.611  -18.386  45.855 0.0000000000
44463  28.227  -17.715  47.798 0.0000000000
44506  27.960  -18.291  46.488 0.0000000000
44488  27.063  -17.706  47.539 0.0000000000
44508  26.335  -17.635  46.332 0.0000000000
45762  26.677  -17.324  47.739 0.0000000000
43202  36.482  -18.547  46.655 0.0000000000
42118  35.869  -18.943  45.992 0.0000000000
43204  35.144  -18.569  46.792 0.0000000000
43207  32.454  -18.813  46.914 0.0000000000
43230  32.929  -18.655  46.428 0.0000000000
43252  31.690  -18.533  45.700 0.0000000000
44544  31.442  -18.125  44.832 0.0000000000
50653  48.156  -13.141  38.692 0.0000000000
53112  48.263  -11.147  39.550 0.0000000000
53147  48.701  -11.255  37.969 0.0000000000
54376  48.652  -10.148  37.289 0.0000000000
51940  47.671  -12.231  37.088 0.0000000000
49412  44.894  -13.724  33.813 0.0000000000
51980  45.927  -12.498  34.569 0.0000000000
51996  45.072  -12.811  33.541 0.0000000000
53225  44.483  -11.972  32.865 0.0000000000
50725  44.009  -12.944  32.087 0.0000000000
50738  42.728  -13.047  30.543 0.0000000000
49438  42.523  -13.465  31.185 0.0000000000
49426  39.997  -13.498  32.123 0.0000000000
49440  40.278  -13.592  31.111 0.0000000000
49441  39.048  -13.698  31.328 0.0000000000
49457  38.052  -13.858  30.517 0.0000000000
47059  30.332  -16.504  32.956 0.0000000000
45988  30.571  -17.554  31.990 0.0000000000
47072  29.754  -16.616  31.778 0.0000000000
72448  56.375  5.079  19.163 0.0000000000
72475  55.947  4.093  18.238 0.0000000000
72458  56.998  4.879  18.680 0.0000000000
71255  58.224  3.916  18.676 0.0000000000
48207  25.775  -15.585  34.939 0.0000000000
47023  25.439  -15.686  35.477 0.0000000000
44590  26.358  -17.387  42.735 0.0000000000
45830  25.500  -17.341  41.620 0.0000000000
44615  25.084  -17.539  41.786 0.0000000000
44643  22.013  -17.731  39.606 0.0000000000
44642  22.956  -17.852  39.895 0.0000000000
43332  42.609  -18.779  41.826 0.0000000000
44605  43.907  -17.811  42.422 0.0000000000
44632  42.649  -18.143  41.506 0.0000000000
45866  43.494  -17.226  40.591 0.0000000000
45867  42.475  -17.180  40.465 0.0000000000
45891  41.201  -16.746  39.501 0.0000000000
44655  40.813  -17.854  40.402 0.0000000000
42205  37.223  -18.694  40.390 0.0000000000
44658  37.714  -17.617  39.595 0.0000000000
43363  36.455  -18.234  39.007 0.0000000000
43375  35.289  -18.231  37.686 0.0000000000
42213  34.961  -18.702  38.307 0.0000000000
43285  35.314  -18.815  43.628 0.0000000000
42177  36.238  -19.397  42.933 0.0000000000
43299  35.404  -18.857  42.774 0.0000000000
44680  32.374  -17.265  38.624 0.0000000000
44678  33.428  -18.212  39.008 0.0000000000
43366  33.465  -18.331  38.529 0.0000000000
42222  33.369  -18.413  37.279 0.0000000000
44715  32.639  -17.821  36.989 0.0000000000
44730  31.915  -17.522  36.140 0.0000000000
45938  31.339  -16.850  36.882 0.0000000000
47007  27.933  -15.852  36.511 0.0000000000
47020  28.725  -15.934  35.644 0.0000000000
47021  27.556  -15.662  35.353 0.0000000000
69990  52.549  2.470  21.635 0.0000000000
70002  53.414  2.611  20.741 0.0000000000
68824  52.184  2.065  21.140 0.0000000000
66476  52.377  -0.304  20.102 0.0000000000
47998  25.951  -14.891  50.041 0.0000000000
46862  25.750  -15.629  49.196 0.0000000000
48007  24.858  -14.750  49.379 0.0000000000
49193  21.609  -14.210  48.557 0.0000000000
49192  22.657  -14.237  48.421 0.0000000000
49209  22.787  -14.304  47.594 0.0000000000
49228  22.192  -14.446  47.157 0.0000000000
48122  21.329  -15.404  44.642 0.0000000000
48099  20.882  -15.463  45.436 0.0000000000
73584  52.740  5.745  19.105 0.0000000000
74654  55.157  5.979  21.261 0.0000000000
74638  55.784  6.468  21.680 0.0000000000
74626  56.346  6.419  22.123 0.0000000000
72385  56.000  4.945  24.775 0.0000000000
72398  56.074  5.188  23.800 0.0000000000
71181  55.687  4.593  24.279 0.0000000000
71182  55.017  4.155  23.659 0.0000000000
71162  55.221  3.934  24.718 0.0000000000
68750  53.511  2.082  26.186 0.0000000000
68761  53.294  2.154  25.164 0.0000000000
68762  52.652  1.580  25.702 0.0000000000
67620  51.252  1.053  24.805 0.0000000000
67607  51.269  0.665  25.805 0.0000000000
68707  53.229  2.447  30.588 0.0000000000
68715  53.289  2.317  29.274 0.0000000000
68716  52.689  1.766  29.784 0.0000000000
66353  50.274  0.169  27.791 0.0000000000
66352  50.879  0.584  28.165 0.0000000000
66365  50.262  0.174  26.847 0.0000000000
66380  50.301  0.262  25.820 0.0000000000
66366  49.525  -0.229  26.309 0.0000000000
65235  48.125  -0.957  25.044 0.0000000000
65222  48.082  -1.134  26.156 0.0000000000
64051  46.893  -2.127  27.188 0.0000000000
64052  45.860  -3.084  27.453 0.0000000000
62945  44.727  -3.419  26.968 0.0000000000
62848  50.127  -3.351  34.780 0.0000000000
55578  47.714  -8.923  35.973 0.0000000000
58069  49.060  -6.936  36.393 0.0000000000
56807  47.687  -7.720  35.320 0.0000000000
59282  46.581  -6.746  32.478 0.0000000000
60382  47.411  -6.183  33.142 0.0000000000
60392  47.062  -5.726  32.478 0.0000000000
61582  47.842  -4.464  32.839 0.0000000000
61592  47.189  -4.648  31.763 0.0000000000
62889  46.767  -4.106  30.658 0.0000000000
61608  46.388  -4.752  30.953 0.0000000000
59364  43.120  -6.358  28.061 0.0000000000
60450  44.274  -5.539  28.891 0.0000000000
59365  42.675  -6.304  27.362 0.0000000000
60483  43.163  -5.065  26.856 0.0000000000
59382  42.229  -6.215  26.434 0.0000000000
59383  41.749  -6.679  25.967 0.0000000000
55779  40.112  -9.405  25.594 0.0000000000
56994  40.291  -8.432  25.174 0.0000000000
50765  40.431  -12.715  28.261 0.0000000000
52076  40.691  -12.037  27.638 0.0000000000
52078  39.353  -12.321  27.058 0.0000000000
52132  37.513  -11.808  24.752 0.0000000000
47001  38.943  -15.962  37.040 0.0000000000
48203  39.197  -15.070  35.723 0.0000000000
48204  38.082  -15.452  35.709 0.0000000000
47056  35.273  -15.573  32.885 0.0000000000
47055  35.770  -15.429  32.829 0.0000000000
48246  35.464  -15.165  31.840 0.0000000000
49460  35.006  -14.797  30.474 0.0000000000
48276  34.039  -15.181  30.306 0.0000000000
44795  30.588  -18.065  30.463 0.0000000000
44793  31.296  -17.941  30.425 0.0000000000
44806  30.835  -17.898  30.232 0.0000000000
47138  30.054  -16.096  28.161 0.0000000000
49529  30.967  -14.581  27.232 0.0000000000
70059  55.464  2.168  16.708 0.0000000000
70070  55.193  2.695  15.437 0.0000000000
68855  56.255  1.696  19.484 0.0000000000
44484  31.019  -18.396  47.345 0.0000000000
43210  29.750  -18.514  46.893 0.0000000000
44461  30.379  -17.961  47.700 0.0000000000
45745  29.657  -17.245  47.694 0.0000000000
45746  28.424  -17.164  47.995 0.0000000000
44459  32.464  -18.058  47.761 0.0000000000
48163  46.416  -15.445  40.547 0.0000000000
49318  46.822  -14.054  41.060 0.0000000000
48162  47.014  -15.012  39.849 0.0000000000
48169  47.129  -14.548  38.562 0.0000000000
49383  47.240  -13.682  37.326 0.0000000000
50689  47.208  -13.084  36.922 0.0000000000
49390  46.366  -13.669  35.985 0.0000000000
49392  45.070  -14.273  35.192 0.0000000000
49404  43.757  -14.315  33.873 0.0000000000
49414  43.061  -13.741  33.080 0.0000000000
49405  42.708  -14.026  33.896 0.0000000000
49406  41.544  -13.752  33.971 0.0000000000
49407  40.154  -13.938  34.062 0.0000000000
47062  27.397  -15.751  32.425 0.0000000000
47074  27.880  -16.186  31.543 0.0000000000
45977  26.866  -16.485  31.731 0.0000000000
73547  57.528  5.429  20.213 0.0000000000
73566  57.789  5.308  19.338 0.0000000000
72431  57.949  4.931  20.456 0.0000000000
71225  58.627  4.248  20.063 0.0000000000
45924  27.406  -16.062  38.068 0.0000000000
46994  26.142  -15.991  37.537 0.0000000000
45902  26.358  -16.210  38.595 0.0000000000
45903  25.199  -16.325  38.758 0.0000000000
45881  24.267  -16.729  39.476 0.0000000000
44571  25.106  -17.652  43.023 0.0000000000
43302  24.415  -17.507  41.909 0.0000000000
45814  23.953  -17.227  42.392 0.0000000000
45832  22.943  -17.192  41.191 0.0000000000
45816  20.263  -17.376  41.750 0.0000000000
43295  42.183  -19.230  42.815 0.0000000000
43316  41.641  -19.204  41.812 0.0000000000
44635  40.203  -18.378  40.631 0.0000000000
43318  40.033  -19.112  41.532 0.0000000000
42189  39.027  -19.249  41.781 0.0000000000
42199  36.773  -19.413  40.926 0.0000000000
45808  32.620  -17.650  42.216 0.0000000000
44608  33.892  -17.958  41.261 0.0000000000
45822  33.096  -17.547  41.503 0.0000000000
45874  31.786  -16.956  39.835 0.0000000000
45897  31.775  -16.824  38.853 0.0000000000
45920  31.513  -16.827  37.882 0.0000000000
45898  30.703  -16.491  38.792 0.0000000000
45923  28.273  -16.289  38.045 0.0000000000
67646  50.832  1.284  22.887 0.0000000000
68825  51.594  1.681  21.418 0.0000000000
67665  50.552  0.589  21.318 0.0000000000
66478  50.204  -0.575  20.776 0.0000000000
50464  20.371  -13.521  50.001 0.0000000000
49212  20.104  -14.526  47.809 0.0000000000
48078  20.205  -15.545  46.427 0.0000000000
48062  19.515  -15.446  47.474 0.0000000000
72350  55.532  4.525  26.555 0.0000000000
71141  55.328  3.777  25.520 0.0000000000
69921  55.352  3.757  26.687 0.0000000000
69908  54.326  2.688  26.670 0.0000000000
68740  53.486  2.139  27.185 0.0000000000
67528  51.773  1.374  31.104 0.0000000000
67538  51.863  1.348  30.160 0.0000000000
67550  50.808  0.659  30.105 0.0000000000
66335  49.852  -0.183  29.280 0.0000000000
66345  49.606  -0.262  28.458 0.0000000000
65209  47.864  -1.349  27.327 0.0000000000
65186  48.369  -1.312  28.951 0.0000000000
64022  47.740  -2.030  29.296 0.0000000000
64037  46.616  -2.790  28.641 0.0000000000
55615  45.592  -9.520  33.539 0.0000000000
56833  46.877  -7.933  34.317 0.0000000000
56862  45.845  -8.582  33.239 0.0000000000
58152  45.467  -7.641  31.976 0.0000000000
59300  45.524  -6.915  31.485 0.0000000000
60420  45.184  -6.062  30.472 0.0000000000
59320  44.539  -6.916  30.451 0.0000000000
58190  43.568  -7.352  29.363 0.0000000000
58208  42.196  -7.990  28.032 0.0000000000
58225  41.530  -8.054  26.689 0.0000000000
56968  41.521  -8.618  27.105 0.0000000000
55764  41.009  -9.427  26.935 0.0000000000
54585  40.168  -10.043  26.115 0.0000000000
50767  38.598  -13.362  27.902 0.0000000000
50781  38.801  -12.929  27.080 0.0000000000
50797  36.672  -13.397  26.390 0.0000000000
50815  35.719  -12.736  25.266 0.0000000000
52135  34.750  -12.322  24.156 0.0000000000
45945  36.026  -16.716  36.265 0.0000000000
47016  37.152  -15.745  35.773 0.0000000000
47018  35.374  -16.464  35.128 0.0000000000
47046  34.353  -16.651  33.667 0.0000000000
47071  33.508  -16.693  31.981 0.0000000000
46031  29.341  -17.023  28.547 0.0000000000
46047  27.615  -17.882  27.474 0.0000000000
75762  56.415  7.157  14.699 0.0000000000
73636  56.573  5.544  13.847 0.0000000000
71319  56.627  3.315  14.127 0.0000000000
44587  29.684  -17.526  43.076 0.0000000000
44614  28.000  -16.733  42.111 0.0000000000
44588  28.757  -17.215  43.042 0.0000000000
44568  28.078  -17.528  43.774 0.0000000000
44569  26.973  -17.448  43.667 0.0000000000
44505  29.100  -18.343  46.289 0.0000000000
44526  27.154  -18.243  45.619 0.0000000000
44549  26.399  -17.590  44.630 0.0000000000
45796  26.071  -17.486  45.235 0.0000000000
45786  25.571  -16.938  45.323 0.0000000000
46907  25.218  -16.200  45.816 0.0000000000
43245  37.916  -19.443  45.667 0.0000000000
42142  37.555  -19.956  44.732 0.0000000000
42129  36.604  -19.429  45.594 0.0000000000
43247  35.838  -19.100  45.364 0.0000000000
44540  34.297  -18.547  44.709 0.0000000000
43229  33.900  -18.610  46.310 0.0000000000
43250  33.500  -18.649  45.947 0.0000000000
44541  33.676  -18.495  44.927 0.0000000000
44564  31.857  -17.859  43.939 0.0000000000
44586  30.576  -17.684  43.112 0.0000000000
65272  48.217  -1.244  22.841 0.0000000000
65298  48.225  -1.542  22.020 0.0000000000
64131  47.464  -2.064  22.141 0.0000000000
72308  53.622  3.505  29.256 0.0000000000
68694  52.464  2.170  31.674 0.0000000000
68695  51.657  1.279  31.879 0.0000000000
66314  50.978  -0.113  32.103 0.0000000000
66304  50.655  -0.737  32.474 0.0000000000
55558  48.203  -9.309  36.504 0.0000000000
55579  47.190  -9.500  35.783 0.0000000000
51963  46.692  -12.335  35.922 0.0000000000
53188  46.527  -11.585  35.511 0.0000000000
54422  45.926  -10.680  34.236 0.0000000000
54440  45.235  -10.528  33.474 0.0000000000
53245  44.161  -11.544  32.199 0.0000000000
53286  42.853  -11.458  30.243 0.0000000000
53309  42.490  -11.375  29.486 0.0000000000
52039  42.638  -12.309  30.142 0.0000000000
50751  41.791  -12.897  29.471 0.0000000000
50752  40.860  -13.169  29.217 0.0000000000
49439  41.451  -13.573  31.128 0.0000000000
49455  40.627  -13.582  30.027 0.0000000000
49471  39.455  -13.534  29.089 0.0000000000
49491  37.447  -13.586  28.284 0.0000000000
49492  36.246  -13.830  28.616 0.0000000000
49510  35.344  -13.763  27.829 0.0000000000
43424  32.520  -18.664  34.019 0.0000000000
43440  32.339  -18.636  33.169 0.0000000000
43456  31.652  -18.403  32.522 0.0000000000
44783  30.396  -18.006  30.886 0.0000000000
46002  29.687  -17.565  30.357 0.0000000000
47089  28.220  -16.709  30.878 0.0000000000
46020  28.070  -17.316  29.746 0.0000000000
72478  53.412  4.681  17.752 0.0000000000
72491  53.763  3.838  16.328 0.0000000000
71271  54.220  3.633  17.564 0.0000000000
71270  55.196  3.291  17.574 0.0000000000
70046  57.014  2.709  17.849 0.0000000000
71256  57.611  4.266  18.359 0.0000000000
71268  57.542  3.533  18.210 0.0000000000
45829  26.307  -17.123  41.529 0.0000000000
45854  24.644  -16.842  40.283 0.0000000000
44662  24.012  -17.243  40.152 0.0000000000
43340  23.912  -17.604  40.863 0.0000000000
44663  23.374  -17.495  39.421 0.0000000000
46957  45.401  -16.414  41.863 0.0000000000
46964  44.621  -16.894  40.693 0.0000000000
46973  44.164  -16.130  39.319 0.0000000000
48173  42.650  -15.624  38.416 0.0000000000
48182  41.801  -15.560  37.658 0.0000000000
46985  41.534  -15.954  38.387 0.0000000000
46977  40.198  -16.393  38.459 0.0000000000
45917  38.419  -16.657  38.074 0.0000000000
44657  38.783  -17.645  39.939 0.0000000000
44675  38.171  -17.245  39.118 0.0000000000
45918  37.525  -16.916  37.761 0.0000000000
44712  35.921  -17.462  36.913 0.0000000000
44714  34.555  -18.114  36.456 0.0000000000
42237  33.702  -18.402  36.094 0.0000000000
42176  36.820  -19.568  43.181 0.0000000000
42191  36.826  -19.625  41.982 0.0000000000
42200  35.901  -19.447  40.969 0.0000000000
44637  34.396  -18.403  40.785 0.0000000000
42208  34.855  -19.019  39.928 0.0000000000
42214  34.602  -18.758  38.689 0.0000000000
42220  34.226  -18.672  37.666 0.0000000000
42227  33.746  -18.603  37.008 0.0000000000
42239  32.981  -18.489  35.588 0.0000000000
43425  32.216  -18.483  34.444 0.0000000000
44745  31.237  -17.105  34.440 0.0000000000
47047  30.164  -16.164  33.536 0.0000000000
45939  30.263  -16.342  36.652 0.0000000000
47035  29.712  -15.953  34.714 0.0000000000
47049  28.022  -15.602  33.428 0.0000000000
47050  26.783  -15.520  33.485 0.0000000000
69988  54.237  3.350  21.609 0.0000000000
71229  55.082  3.332  20.932 0.0000000000
70001  54.422  2.811  20.376 0.0000000000
67682  51.379  0.852  20.526 0.0000000000
65327  48.696  -1.580  21.592 0.0000000000
48038  29.719  -14.881  47.731 0.0000000000
48056  28.383  -15.462  47.632 0.0000000000
46880  27.313  -16.150  48.654 0.0000000000
48021  26.971  -15.038  49.085 0.0000000000
45726  27.152  -16.539  48.710 0.0000000000
45763  26.135  -16.784  47.843 0.0000000000
46895  25.599  -16.192  47.390 0.0000000000
48074  24.523  -15.578  46.096 0.0000000000
49149  24.487  -14.117  49.903 0.0000000000
49190  24.419  -14.708  48.643 0.0000000000
48059  23.953  -15.090  46.795 0.0000000000
48097  22.899  -15.204  45.186 0.0000000000
48121  22.186  -15.346  44.304 0.0000000000
74699  53.548  6.764  17.414 0.0000000000
73583  52.938  5.668  18.310 0.0000000000
72450  54.402  4.889  19.247 0.0000000000
73569  54.874  5.185  19.914 0.0000000000
73551  53.241  5.813  20.372 0.0000000000
73549  55.545  5.715  20.572 0.0000000000
73548  56.542  5.839  20.609 0.0000000000
73535  56.839  5.705  21.292 0.0000000000
72417  56.955  5.119  21.098 0.0000000000
72418  56.544  5.246  21.921 0.0000000000
72397  56.381  5.667  23.287 0.0000000000
72407  56.210  5.323  22.675 0.0000000000
71196  55.047  4.145  22.408 0.0000000000
69971  54.304  3.548  23.012 0.0000000000
69972  53.449  3.148  22.558 0.0000000000
69954  52.924  2.890  23.113 0.0000000000
69936  53.869  2.870  24.715 0.0000000000
68775  53.019  2.458  24.181 0.0000000000
68794  51.505  1.648  23.572 0.0000000000
67633  50.890  1.204  23.903 0.0000000000
67634  50.348  0.683  23.314 0.0000000000
66413  49.806  0.250  23.810 0.0000000000
69887  54.031  3.252  28.984 0.0000000000
68728  53.294  2.293  28.191 0.0000000000
68741  52.590  1.727  27.711 0.0000000000
67561  51.342  1.061  28.637 0.0000000000
67576  51.372  1.068  27.675 0.0000000000
67593  51.393  0.794  26.760 0.0000000000
66396  49.954  0.291  24.805 0.0000000000
65251  48.807  -0.615  24.173 0.0000000000
65252  48.355  -1.011  23.894 0.0000000000
65253  47.477  -1.423  24.295 0.0000000000
65223  47.451  -1.623  26.545 0.0000000000
64067  46.865  -1.824  25.989 0.0000000000
65146  51.006  -1.040  33.709 0.0000000000
65148  49.984  -1.760  32.757 0.0000000000
61562  49.622  -4.926  35.477 0.0000000000
59254  47.695  -6.796  34.329 0.0000000000
60372  48.618  -5.524  34.451 0.0000000000
61569  49.447  -4.563  34.812 0.0000000000
62856  49.509  -3.539  34.020 0.0000000000
62871  48.675  -3.141  32.548 0.0000000000
63996  48.696  -2.431  31.618 0.0000000000
64010  47.685  -2.737  30.719 0.0000000000
62914  46.501  -3.424  29.617 0.0000000000
62915  45.786  -3.835  29.155 0.0000000000
60449  44.735  -5.313  29.487 0.0000000000
61640  44.958  -4.596  29.179 0.0000000000
61655  44.704  -4.268  28.368 0.0000000000
61673  43.933  -4.207  26.915 0.0000000000
56993  40.782  -8.141  25.722 0.0000000000
58271  40.333  -7.665  24.320 0.0000000000
53329  41.540  -11.219  28.235 0.0000000000
53347  40.362  -11.321  26.993 0.0000000000
53374  39.343  -10.996  25.487 0.0000000000
52096  38.375  -12.409  26.056 0.0000000000
53375  38.725  -11.384  25.225 0.0000000000
48202  40.410  -14.668  35.688 0.0000000000
48214  39.609  -14.496  34.928 0.0000000000
49419  38.453  -14.471  33.724 0.0000000000
48217  36.736  -15.424  34.407 0.0000000000
48231  36.976  -14.791  33.139 0.0000000000
49443  37.008  -14.499  31.577 0.0000000000
49458  36.769  -14.409  30.803 0.0000000000
49493  35.095  -13.974  28.919 0.0000000000
49511  34.251  -13.816  28.083 0.0000000000
44768  32.296  -18.196  32.066 0.0000000000
45986  32.733  -17.353  31.610 0.0000000000
47086  32.143  -16.794  30.624 0.0000000000
46030  29.939  -16.925  28.859 0.0000000000
47121  30.993  -16.198  29.142 0.0000000000
48278  32.461  -15.539  29.980 0.0000000000
49495  32.846  -14.736  29.079 0.0000000000
49512  33.104  -14.112  28.123 0.0000000000
71308  54.631  3.295  15.563 0.0000000000
71320  55.482  3.227  14.712 0.0000000000
70080  56.169  2.397  14.580 0.0000000000
70014  55.846  2.449  19.772 0.0000000000
48200  42.936  -14.554  35.643 0.0000000000
48191  42.410  -14.989  36.606 0.0000000000
71211  56.171  4.643  21.669 0.0000000000
45827  28.416  -16.701  41.522 0.0000000000
48138  24.024  -16.328  43.733 0.0000000000
48139  23.598  -15.988  43.656 0.0000000000
48120  23.308  -15.509  44.333 0.0000000000
43244  38.735  -19.436  45.341 0.0000000000
43243  39.620  -19.330  44.911 0.0000000000
42125  39.726  -19.810  44.471 0.0000000000
42140  39.194  -20.062  44.103 0.0000000000
42157  39.422  -19.818  43.348 0.0000000000
66414  49.231  -0.264  23.338 0.0000000000
66431  49.160  -0.530  22.329 0.0000000000
72318  54.098  3.884  28.486 0.0000000000
65175  50.018  -0.916  31.562 0.0000000000
55677  43.666  -9.940  30.783 0.0000000000
55702  43.364  -9.848  30.258 0.0000000000
55703  42.828  -9.897  29.540 0.0000000000
54537  42.389  -10.593  29.096 0.0000000000
43422  33.318  -18.445  34.819 0.0000000000
44742  33.671  -17.991  34.542 0.0000000000
44743  33.278  -18.423  34.185 0.0000000000
73609  53.878  5.875  16.093 0.0000000000
74718  54.424  6.246  15.719 0.0000000000
73623  53.703  5.303  15.952 0.0000000000
43253  30.825  -18.418  45.860 0.0000000000
44523  30.100  -18.272  45.447 0.0000000000
43233  30.099  -18.525  46.289 0.0000000000
44487  27.708  -18.074  47.376 0.0000000000
44464  27.429  -17.542  47.953 0.0000000000
45773  26.709  -17.600  47.270 0.0000000000
44465  27.006  -17.452  47.971 0.0000000000
45761  36.316  -17.523  47.084 0.0000000000
43203  35.813  -18.546  46.753 0.0000000000
44479  35.492  -18.264  47.288 0.0000000000
43208  31.565  -18.746  46.941 0.0000000000
43231  32.083  -18.789  46.430 0.0000000000
50672  48.084  -13.152  37.938 0.0000000000
51870  48.215  -12.331  39.183 0.0000000000
51894  48.357  -12.294  38.371 0.0000000000
53129  48.570  -11.454  38.814 0.0000000000
50711  45.262  -13.271  33.927 0.0000000000
50712  44.756  -13.340  33.320 0.0000000000
50715  44.290  -13.258  32.625 0.0000000000
50716  43.855  -13.356  32.163 0.0000000000
49437  43.141  -13.413  31.505 0.0000000000
49423  43.326  -13.564  32.152 0.0000000000
49442  37.817  -14.224  31.789 0.0000000000
45976  30.090  -16.703  31.973 0.0000000000
47060  29.789  -16.273  32.477 0.0000000000
72459  55.756  4.575  18.722 0.0000000000
72447  56.844  5.171  19.076 0.0000000000
47022  26.366  -15.594  35.431 0.0000000000
47009  25.794  -15.749  36.403 0.0000000000
45812  25.398  -17.523  41.983 0.0000000000
44591  25.297  -17.584  42.335 0.0000000000
43333  42.091  -18.839  41.629 0.0000000000
45844  42.898  -17.593  41.055 0.0000000000
44654  41.665  -17.827  40.743 0.0000000000
45868  41.426  -17.261  40.182 0.0000000000
42206  36.742  -18.977  40.213 0.0000000000
43351  36.860  -18.497  39.872 0.0000000000
43352  36.257  -18.713  39.509 0.0000000000
43364  35.722  -18.543  38.761 0.0000000000
44679  32.913  -17.755  38.605 0.0000000000
44698  32.767  -17.809  37.553 0.0000000000
44716  32.176  -17.427  37.127 0.0000000000
49140  25.849  -14.399  50.053 0.0000000000
47999  25.572  -14.985  49.974 0.0000000000
49148  24.930  -14.866  50.025 0.0000000000
49211  20.959  -14.485  47.846 0.0000000000
49210  21.839  -14.435  47.646 0.0000000000
48077  21.516  -14.784  46.567 0.0000000000
75713  52.619  7.753  18.815 0.0000000000
74665  52.428  6.697  19.669 0.0000000000
74639  54.852  6.317  21.882 0.0000000000
67619  51.899  1.172  25.417 0.0000000000
67606  51.981  1.175  26.244 0.0000000000
65208  48.687  -0.630  26.836 0.0000000000
64053  45.144  -3.247  27.143 0.0000000000
56782  47.514  -8.718  35.670 0.0000000000
56781  47.913  -8.191  35.858 0.0000000000
56808  47.190  -8.287  35.030 0.0000000000
60393  46.520  -6.220  32.103 0.0000000000
60404  46.775  -5.266  31.875 0.0000000000
61583  47.369  -4.982  32.490 0.0000000000
61593  46.640  -5.068  31.562 0.0000000000
60419  45.628  -5.655  30.672 0.0000000000
58223  42.602  -6.843  27.804 0.0000000000
58241  41.850  -6.956  26.431 0.0000000000
55780  39.571  -9.622  25.155 0.0000000000
55791  39.753  -8.977  24.984 0.0000000000
50780  39.692  -12.604  27.595 0.0000000000
47002  38.097  -16.000  36.775 0.0000000000
48194  38.720  -15.607  36.375 0.0000000000
47015  37.741  -15.809  36.259 0.0000000000
47070  33.784  -15.821  31.636 0.0000000000
48247  34.596  -15.354  31.798 0.0000000000
48262  34.196  -15.375  30.979 0.0000000000
48263  33.602  -15.546  30.708 0.0000000000
44807  30.550  -17.738  30.164 0.0000000000
68899  55.705  1.665  16.818 0.0000000000
44460  31.456  -18.078  47.785 0.0000000000
46877  30.161  -16.151  47.533 0.0000000000
46878  28.819  -16.614  47.514 0.0000000000
45742  33.022  -17.372  48.017 0.0000000000
44483  31.966  -18.606  47.428 0.0000000000
46966  45.841  -16.153  40.446 0.0000000000
48166  46.191  -15.622  39.515 0.0000000000
49365  47.137  -14.287  38.230 0.0000000000
49375  47.496  -13.797  37.956 0.0000000000
49376  46.903  -14.162  37.597 0.0000000000
49384  46.810  -13.842  36.747 0.0000000000
49385  46.075  -14.158  36.401 0.0000000000
48198  44.566  -14.487  35.379 0.0000000000
49403  44.682  -14.169  34.172 0.0000000000
45978  26.194  -17.243  32.152 0.0000000000
73534  57.443  5.320  20.621 0.0000000000
71226  58.262  4.332  20.105 0.0000000000
71239  57.945  3.654  19.811 0.0000000000
45925  26.788  -15.998  37.910 0.0000000000
45813  24.612  -17.505  42.823 0.0000000000
45856  21.851  -17.405  40.260 0.0000000000
45833  21.624  -16.983  40.858 0.0000000000
45857  21.153  -17.361  40.452 0.0000000000
46960  20.669  -17.071  41.586 0.0000000000
44594  19.939  -18.227  42.089 0.0000000000
45804  20.214  -17.452  42.680 0.0000000000
44538  41.714  -18.236  44.385 0.0000000000
42155  41.131  -19.545  42.890 0.0000000000
43296  41.563  -19.453  42.889 0.0000000000
42171  41.552  -19.492  42.452 0.0000000000
42186  41.848  -19.534  42.013 0.0000000000
42187  41.195  -19.333  42.098 0.0000000000
43317  40.862  -19.046  41.755 0.0000000000
42188  40.281  -19.354  42.019 0.0000000000
42190  37.763  -19.447  41.922 0.0000000000
45809  32.165  -17.758  42.314 0.0000000000
45823  32.041  -17.597  41.704 0.0000000000
45847  31.854  -17.273  40.693 0.0000000000
45900  28.510  -16.587  38.741 0.0000000000
45899  29.589  -16.504  38.719 0.0000000000
67664  50.926  1.232  21.764 0.0000000000
65349  49.957  -1.159  20.892 0.0000000000
65348  50.576  -1.245  20.685 0.0000000000
64159  50.030  -1.677  20.860 0.0000000000
49173  20.002  -13.884  49.298 0.0000000000
49194  20.544  -14.186  48.562 0.0000000000
71120  55.365  3.946  27.231 0.0000000000
69895  54.282  3.553  27.964 0.0000000000
69907  54.981  3.601  27.077 0.0000000000
67539  51.036  0.713  30.657 0.0000000000
66326  49.857  -0.433  30.023 0.0000000000
66334  50.482  0.377  29.726 0.0000000000
65197  48.672  -0.787  28.125 0.0000000000
55631  45.029  -9.436  32.852 0.0000000000
56902  44.406  -8.711  31.234 0.0000000000
58153  44.864  -7.954  31.505 0.0000000000
58169  45.091  -7.328  31.378 0.0000000000
56929  42.647  -9.014  29.252 0.0000000000
56950  42.924  -8.206  29.112 0.0000000000
58207  42.744  -7.378  28.419 0.0000000000
56967  41.858  -8.569  27.823 0.0000000000
55747  41.476  -9.494  27.654 0.0000000000
54566  40.969  -10.077  27.364 0.0000000000
54567  40.525  -10.340  26.724 0.0000000000
50782  37.721  -13.470  27.266 0.0000000000
50838  35.209  -12.475  24.574 0.0000000000
45946  35.324  -16.964  35.920 0.0000000000
45957  34.857  -16.854  35.216 0.0000000000
45967  33.500  -17.583  33.392 0.0000000000
47034  34.312  -16.930  34.238 0.0000000000
45973  33.760  -16.959  33.156 0.0000000000
47058  33.674  -16.802  32.585 0.0000000000
73638  54.726  5.173  14.874 0.0000000000
73637  55.411  5.289  14.495 0.0000000000
72522  55.955  4.295  14.189 0.0000000000
44567  29.095  -17.634  43.858 0.0000000000
44548  27.557  -17.803  44.658 0.0000000000
43234  29.563  -18.490  46.592 0.0000000000
45774  26.259  -17.181  46.968 0.0000000000
45785  25.957  -17.195  45.797 0.0000000000
46918  25.540  -16.714  45.682 0.0000000000
46919  25.260  -16.549  45.047 0.0000000000
44503  37.154  -18.450  46.435 0.0000000000
44502  37.831  -18.212  46.042 0.0000000000
43224  37.589  -18.968  46.083 0.0000000000
43223  38.337  -18.821  45.736 0.0000000000
43246  37.312  -19.390  45.909 0.0000000000
42128  37.313  -19.653  45.453 0.0000000000
42116  36.879  -19.409  45.855 0.0000000000
42131  35.603  -18.878  45.853 0.0000000000
42130  36.023  -19.113  45.703 0.0000000000
43266  35.176  -18.768  44.886 0.0000000000
43249  34.494  -18.685  45.774 0.0000000000
44481  33.854  -18.263  47.255 0.0000000000
43205  34.323  -18.537  46.771 0.0000000000
43251  32.621  -18.675  45.958 0.0000000000
43268  33.198  -18.541  45.476 0.0000000000
44542  33.028  -18.297  44.797 0.0000000000
44563  32.797  -18.029  43.859 0.0000000000
44543  32.235  -18.243  44.694 0.0000000000
44565  30.961  -17.720  43.974 0.0000000000
65299  47.835  -1.560  22.510 0.0000000000
68680  51.560  1.487  32.539 0.0000000000
67499  51.156  0.484  33.451 0.0000000000
67514  51.288  0.556  32.446 0.0000000000
49339  46.965  -14.426  40.569 0.0000000000
54393  48.032  -10.508  36.693 0.0000000000
55559  47.671  -9.974  36.415 0.0000000000
50690  46.748  -13.344  36.323 0.0000000000
50700  46.851  -12.874  36.281 0.0000000000
50701  46.526  -13.104  35.668 0.0000000000
51981  45.468  -12.609  34.008 0.0000000000
53206  46.160  -11.657  34.783 0.0000000000
54408  46.401  -10.744  35.096 0.0000000000
54423  45.497  -11.243  33.837 0.0000000000
52022  43.828  -12.361  31.855 0.0000000000
53264  43.675  -11.605  31.500 0.0000000000
54479  43.570  -11.125  31.172 0.0000000000
53265  43.333  -11.593  30.926 0.0000000000
53287  42.572  -11.856  29.856 0.0000000000
52038  43.060  -12.300  30.669 0.0000000000
49453  42.310  -13.393  30.554 0.0000000000
50739  42.139  -13.308  30.074 0.0000000000
50740  41.468  -13.392  29.825 0.0000000000
49424  42.265  -13.607  32.087 0.0000000000
49490  38.498  -13.536  28.506 0.0000000000
49472  38.332  -13.713  29.357 0.0000000000
43441  31.969  -18.615  33.506 0.0000000000
44769  31.543  -18.395  33.097 0.0000000000
45989  29.955  -17.145  31.326 0.0000000000
44782  30.593  -17.990  31.614 0.0000000000
44796  26.905  -17.852  29.840 0.0000000000
44809  27.458  -17.682  29.366 0.0000000000
72477  53.975  4.130  18.153 0.0000000000
71272  53.683  4.045  17.460 0.0000000000
70047  55.819  2.553  17.257 0.0000000000
72457  58.082  4.913  18.840 0.0000000000
46995  25.079  -15.979  37.186 0.0000000000
47010  24.778  -15.835  36.162 0.0000000000
45828  27.404  -16.811  41.683 0.0000000000
44639  25.066  -17.286  41.316 0.0000000000
45853  25.565  -16.906  40.783 0.0000000000
44593  23.811  -17.402  41.819 0.0000000000
43323  24.115  -17.539  41.466 0.0000000000
44664  22.431  -17.828  39.065 0.0000000000
44559  43.246  -17.808  43.443 0.0000000000
44558  43.669  -17.401  43.280 0.0000000000
44630  43.922  -17.909  41.901 0.0000000000
45807  44.320  -17.198  42.690 0.0000000000
45806  44.834  -16.996  42.233 0.0000000000
45820  44.841  -17.088  41.624 0.0000000000
46963  45.104  -16.716  41.048 0.0000000000
46969  43.384  -16.556  40.000 0.0000000000
46974  43.120  -15.947  39.255 0.0000000000
48174  41.996  -15.801  38.383 0.0000000000
46975  41.990  -16.126  39.091 0.0000000000
45892  40.338  -16.790  39.158 0.0000000000
46978  39.574  -16.480  38.180 0.0000000000
45916  39.065  -16.689  38.251 0.0000000000
43336  39.378  -18.675  41.078 0.0000000000
44636  39.411  -18.166  40.487 0.0000000000
43362  37.108  -17.995  39.535 0.0000000000
45895  37.934  -16.971  38.484 0.0000000000
44695  36.917  -17.359  37.833 0.0000000000
45919  36.864  -17.188  37.421 0.0000000000
44696  36.160  -17.679  37.607 0.0000000000
43387  34.606  -18.287  36.934 0.0000000000
42225  34.267  -18.522  36.875 0.0000000000
43388  34.160  -18.388  36.346 0.0000000000
42226  33.980  -18.624  36.784 0.0000000000
42160  37.034  -19.690  44.266 0.0000000000
42159  37.674  -19.976  43.831 0.0000000000
42193  35.633  -19.117  41.929 0.0000000000
42192  36.043  -19.358  42.186 0.0000000000
44638  33.993  -18.139  40.465 0.0000000000
43365  33.879  -18.548  39.016 0.0000000000
43354  34.317  -18.602  39.674 0.0000000000
42209  34.355  -18.708  39.288 0.0000000000
42215  34.211  -18.696  38.807 0.0000000000
42221  33.799  -18.638  37.782 0.0000000000
43389  32.950  -18.177  36.827 0.0000000000
42228  33.352  -18.414  36.677 0.0000000000
42240  32.658  -18.533  34.907 0.0000000000
43402  32.499  -18.189  35.663 0.0000000000
45959  31.157  -16.907  34.971 0.0000000000
44744  31.679  -17.606  34.847 0.0000000000
45960  30.710  -16.621  34.301 0.0000000000
45921  30.474  -16.442  37.754 0.0000000000
47005  29.598  -16.252  36.604 0.0000000000
47019  29.648  -16.155  35.983 0.0000000000
47036  28.481  -15.701  34.495 0.0000000000
68838  53.651  2.085  19.981 0.0000000000
68858  53.326  1.497  19.718 0.0000000000
66499  53.297  -0.152  19.893 0.0000000000
64130  48.015  -1.904  21.813 0.0000000000
64147  48.452  -2.202  21.446 0.0000000000
49187  30.075  -14.409  47.863 0.0000000000
49207  28.482  -14.865  47.667 0.0000000000
49188  27.793  -14.961  47.783 0.0000000000
48039  27.713  -15.627  48.039 0.0000000000
48040  27.226  -15.606  48.688 0.0000000000
46849  26.609  -15.472  49.280 0.0000000000
46861  27.021  -15.930  48.897 0.0000000000
45727  26.626  -16.232  48.896 0.0000000000
45749  26.221  -16.263  48.756 0.0000000000
48041  25.236  -15.176  48.522 0.0000000000
46881  25.660  -15.828  48.461 0.0000000000
48057  25.297  -15.455  47.951 0.0000000000
46896  25.220  -15.967  46.578 0.0000000000
48058  24.775  -15.476  47.243 0.0000000000
49150  23.244  -13.653  49.752 0.0000000000
50444  22.881  -13.251  50.346 0.0000000000
50443  23.682  -13.422  50.331 0.0000000000
49169  24.319  -14.550  49.091 0.0000000000
49227  22.661  -14.446  46.811 0.0000000000
49208  23.490  -14.562  47.250 0.0000000000
49226  23.293  -14.728  46.542 0.0000000000
48075  23.541  -15.151  45.972 0.0000000000
48098  21.860  -15.073  45.336 0.0000000000
46934  20.670  -16.191  44.299 0.0000000000
75729  53.995  7.592  17.416 0.0000000000
73552  52.690  6.209  20.135 0.0000000000
74656  52.731  6.392  20.622 0.0000000000
74652  56.436  6.259  20.969 0.0000000000
73526  56.596  6.052  22.692 0.0000000000
73517  56.367  6.003  23.791 0.0000000000
69952  54.447  3.502  24.189 0.0000000000
68792  52.934  2.692  23.579 0.0000000000
69922  55.004  3.379  26.165 0.0000000000
69935  54.734  3.328  25.194 0.0000000000
68793  52.262  2.363  23.282 0.0000000000
68777  51.456  1.417  24.236 0.0000000000
67621  50.493  0.653  24.313 0.0000000000
71071  53.952  3.193  29.908 0.0000000000
71085  54.072  3.534  28.941 0.0000000000
69874  54.063  3.030  29.704 0.0000000000
67549  51.157  0.915  29.613 0.0000000000
67548  51.973  1.396  29.194 0.0000000000
66379  50.885  0.424  26.511 0.0000000000
66381  49.439  -0.205  25.285 0.0000000000
66397  49.240  -0.229  24.286 0.0000000000
64098  47.173  -1.514  24.844 0.0000000000
64099  46.802  -1.652  24.416 0.0000000000
64083  46.923  -1.622  25.199 0.0000000000
65210  47.409  -1.717  27.114 0.0000000000
64068  46.079  -2.336  26.247 0.0000000000
64084  46.294  -1.809  25.241 0.0000000000
63986  50.066  -2.050  33.216 0.0000000000
65147  50.530  -1.428  33.184 0.0000000000
59239  48.971  -6.529  35.831 0.0000000000
59227  49.406  -6.409  36.311 0.0000000000
60363  49.432  -5.670  35.578 0.0000000000
58107  46.782  -7.710  33.866 0.0000000000
58106  47.233  -7.375  34.245 0.0000000000
58131  47.006  -7.204  33.582 0.0000000000
60381  47.799  -5.581  33.544 0.0000000000
60373  48.200  -6.016  34.160 0.0000000000
60380  48.227  -5.069  33.898 0.0000000000
62849  49.726  -3.862  34.667 0.0000000000
61574  48.633  -4.457  33.744 0.0000000000
61591  47.716  -4.146  32.044 0.0000000000
62863  48.342  -3.720  32.779 0.0000000000
63997  48.054  -3.008  31.439 0.0000000000
62887  47.736  -3.380  31.360 0.0000000000
62900  46.795  -3.563  30.305 0.0000000000
59336  44.809  -6.323  30.361 0.0000000000
60433  44.992  -5.626  30.060 0.0000000000
60434  44.457  -5.823  29.524 0.0000000000
61641  44.426  -4.834  28.468 0.0000000000
61656  44.173  -4.523  27.692 0.0000000000
62930  44.377  -3.853  27.153 0.0000000000
61657  43.621  -4.737  27.058 0.0000000000
60484  42.660  -5.183  26.343 0.0000000000
58242  41.395  -7.490  26.082 0.0000000000
57005  39.843  -8.278  24.278 0.0000000000
58258  40.299  -7.964  24.694 0.0000000000
52060  42.128  -11.849  29.058 0.0000000000
53328  42.064  -11.261  28.787 0.0000000000
52061  41.648  -11.922  28.565 0.0000000000
52077  39.942  -12.020  27.253 0.0000000000
53348  39.858  -11.650  26.811 0.0000000000
53362  40.183  -10.949  26.497 0.0000000000
53363  39.571  -11.329  26.197 0.0000000000
50796  37.814  -12.855  26.207 0.0000000000
50795  38.491  -12.636  26.435 0.0000000000
53395  36.976  -11.155  24.223 0.0000000000
53376  38.108  -11.715  24.929 0.0000000000
53394  37.997  -11.152  24.622 0.0000000000
48192  41.124  -15.053  36.685 0.0000000000
49409  38.509  -14.581  34.261 0.0000000000
49408  39.056  -14.377  34.210 0.0000000000
47031  36.672  -15.719  35.011 0.0000000000
48232  36.224  -15.187  32.780 0.0000000000
48244  36.872  -14.677  32.214 0.0000000000
48243  37.568  -14.555  32.679 0.0000000000
48259  36.534  -14.702  31.574 0.0000000000
49475  34.760  -14.636  29.910 0.0000000000
42289  31.746  -18.378  32.239 0.0000000000
43454  32.418  -18.302  32.356 0.0000000000
43469  31.787  -18.315  31.065 0.0000000000
46001  31.483  -17.534  30.461 0.0000000000
44792  31.656  -17.839  30.827 0.0000000000
46000  32.056  -17.453  30.991 0.0000000000
45999  32.482  -16.985  31.060 0.0000000000
47123  29.777  -16.725  28.536 0.0000000000
48310  30.471  -15.686  28.178 0.0000000000
48295  30.895  -15.898  28.720 0.0000000000
48294  31.436  -15.742  29.141 0.0000000000
48279  31.845  -15.786  29.794 0.0000000000
48293  32.193  -15.311  29.285 0.0000000000
48292  32.759  -15.165  29.655 0.0000000000
48308  31.816  -15.241  28.709 0.0000000000
49513  31.955  -14.723  28.135 0.0000000000
49528  32.194  -13.774  27.034 0.0000000000
72507  53.865  4.045  15.781 0.0000000000
70061  54.615  2.962  16.073 0.0000000000
70081  55.584  2.543  14.922 0.0000000000
70000  55.466  2.983  20.339 0.0000000000
46876  31.727  -16.288  48.121 0.0000000000
48171  45.190  -15.543  38.632 0.0000000000
48179  45.729  -14.660  37.239 0.0000000000
48188  45.570  -14.401  36.422 0.0000000000
48199  43.969  -14.607  35.491 0.0000000000
49394  43.368  -14.407  34.714 0.0000000000
72432  57.442  4.845  20.708 0.0000000000
69999  56.445  3.191  20.220 0.0000000000
45877  28.806  -16.563  39.718 0.0000000000
45878  27.727  -16.516  39.734 0.0000000000
45852  26.927  -16.720  40.723 0.0000000000
46943  24.369  -16.972  43.593 0.0000000000
45803  24.247  -17.135  43.171 0.0000000000
46944  23.891  -16.658  43.218 0.0000000000
46951  23.395  -16.687  42.521 0.0000000000
46952  22.597  -16.458  42.157 0.0000000000
46946  21.807  -15.868  43.229 0.0000000000
44539  41.072  -18.536  44.461 0.0000000000
43262  41.559  -18.823  44.155 0.0000000000
43282  40.626  -19.637  43.750 0.0000000000
42156  40.436  -19.674  43.202 0.0000000000
42173  39.756  -19.585  42.579 0.0000000000
44610  31.174  -17.790  42.337 0.0000000000
45824  31.052  -17.606  41.481 0.0000000000
66454  49.311  -0.763  21.537 0.0000000000
49174  19.095  -14.259  49.550 0.0000000000
55654  44.486  -9.526  32.011 0.0000000000
55676  43.979  -9.700  31.218 0.0000000000
56927  44.117  -8.393  30.512 0.0000000000
55746  41.867  -9.263  28.249 0.0000000000
44729  34.363  -17.841  35.777 0.0000000000
44756  33.544  -17.827  33.821 0.0000000000
74717  55.162  7.042  15.688 0.0000000000
44545  30.498  -17.871  44.756 0.0000000000
44524  29.188  -18.183  45.403 0.0000000000
44507  26.825  -18.067  46.748 0.0000000000
44477  36.751  -17.951  46.823 0.0000000000
42117  36.377  -19.221  45.964 0.0000000000
43226  36.149  -18.864  46.298 0.0000000000
43227  35.558  -18.739  46.314 0.0000000000
43228  34.976  -18.731  46.189 0.0000000000
43270  31.942  -18.430  45.171 0.0000000000
49353  47.785  -13.735  39.231 0.0000000000
51871  47.826  -12.701  39.650 0.0000000000
51851  47.877  -12.045  39.754 0.0000000000
54375  49.088  -10.123  38.109 0.0000000000
53165  48.191  -11.335  37.208 0.0000000000
53166  47.608  -11.444  36.655 0.0000000000
49402  45.490  -13.694  34.627 0.0000000000
50707  46.086  -13.125  34.915 0.0000000000
50708  45.678  -13.093  34.391 0.0000000000
53224  45.039  -11.869  33.531 0.0000000000
51997  44.650  -12.676  33.054 0.0000000000
52009  44.262  -12.501  32.426 0.0000000000
50737  43.212  -12.860  31.011 0.0000000000
50726  43.519  -13.066  31.622 0.0000000000
50727  43.080  -13.270  31.128 0.0000000000
44759  31.137  -17.313  33.668 0.0000000000
44770  31.055  -17.966  32.628 0.0000000000
45975  30.536  -16.994  32.508 0.0000000000
45990  29.157  -16.904  31.045 0.0000000000
72476  54.964  4.047  18.154 0.0000000000
71254  58.524  3.872  19.325 0.0000000000
46981  24.499  -16.313  37.719 0.0000000000
45810  26.690  -17.208  42.164 0.0000000000
45811  25.877  -17.390  42.086 0.0000000000
44616  24.998  -17.342  41.314 0.0000000000
45855  22.670  -17.638  40.246 0.0000000000
44618  23.248  -17.637  40.543 0.0000000000
44665  21.415  -18.164  38.937 0.0000000000
43313  42.857  -18.698  42.461 0.0000000000
44581  43.376  -18.157  42.771 0.0000000000
44606  43.398  -18.269  42.176 0.0000000000
44631  43.320  -18.131  41.713 0.0000000000
45843  43.502  -17.668  41.179 0.0000000000
45865  44.123  -17.304  40.732 0.0000000000
45890  41.925  -16.713  39.867 0.0000000000
45869  40.562  -17.313  39.809 0.0000000000
43350  37.733  -18.156  40.371 0.0000000000
43374  35.964  -18.142  38.307 0.0000000000
43284  35.941  -19.046  43.991 0.0000000000
43297  36.274  -19.340  43.429 0.0000000000
43298  35.814  -19.200  43.026 0.0000000000
43319  35.646  -19.102  42.352 0.0000000000
43320  35.265  -18.786  41.980 0.0000000000
45872  33.191  -17.683  39.952 0.0000000000
44660  33.746  -18.155  39.722 0.0000000000
44661  33.206  -17.850  39.350 0.0000000000
43377  33.305  -18.293  37.834 0.0000000000
43390  32.470  -17.849  36.531 0.0000000000
45948  31.237  -16.904  35.823 0.0000000000
47006  28.944  -16.191  36.778 0.0000000000
47038  26.809  -15.520  34.564 0.0000000000
48206  26.176  -15.521  34.665 0.0000000000
70003  52.720  2.414  21.015 0.0000000000
65347  51.610  -1.523  20.683 0.0000000000
47997  26.124  -14.672  50.107 0.0000000000
46844  26.012  -15.222  50.027 0.0000000000
46851  25.901  -15.394  49.676 0.0000000000
48022  25.148  -15.035  48.844 0.0000000000
48023  24.852  -14.815  48.851 0.0000000000
49172  21.245  -13.732  49.517 0.0000000000
49171  22.419  -13.941  49.228 0.0000000000
74678  52.919  6.934  18.215 0.0000000000
74679  52.605  6.460  18.940 0.0000000000
73571  52.698  5.960  19.665 0.0000000000
74655  53.972  5.919  21.218 0.0000000000
74637  56.445  6.321  21.281 0.0000000000
72384  56.136  5.465  24.282 0.0000000000
69863  53.591  3.181  30.345 0.0000000000
69875  53.699  2.893  29.593 0.0000000000
66344  50.287  0.299  28.726 0.0000000000
65221  48.805  -0.654  25.722 0.0000000000
64036  47.345  -1.830  28.061 0.0000000000
64069  44.985  -2.826  26.383 0.0000000000
63975  50.726  -2.298  35.058 0.0000000000
62855  49.853  -2.999  34.176 0.0000000000
56759  48.656  -8.224  36.487 0.0000000000
58054  49.014  -7.533  36.587 0.0000000000
58070  48.517  -7.278  36.087 0.0000000000
58087  48.007  -7.215  35.450 0.0000000000
59281  47.093  -6.742  33.013 0.0000000000
60391  47.487  -5.168  32.858 0.0000000000
62873  47.628  -3.906  31.613 0.0000000000
61607  46.929  -4.324  31.057 0.0000000000
61622  45.555  -4.792  29.966 0.0000000000
59351  43.629  -6.455  28.810 0.0000000000
59350  44.090  -6.176  29.287 0.0000000000
60451  43.708  -5.814  28.292 0.0000000000
60465  43.425  -5.459  27.556 0.0000000000
60466  42.814  -5.627  26.931 0.0000000000
59400  41.861  -6.140  25.648 0.0000000000
59401  41.407  -6.578  25.227 0.0000000000
56982  40.575  -8.809  25.845 0.0000000000
50764  41.290  -12.574  28.806 0.0000000000
52062  41.109  -12.259  28.211 0.0000000000
50779  40.206  -12.383  27.665 0.0000000000
52115  36.418  -12.400  24.930 0.0000000000
52114  37.157  -12.287  25.147 0.0000000000
52133  36.672  -11.944  24.492 0.0000000000
48184  40.011  -15.817  37.257 0.0000000000
48193  39.815  -15.430  36.712 0.0000000000
48216  37.500  -15.305  34.930 0.0000000000
47045  35.014  -15.967  33.595 0.0000000000
47044  35.762  -15.530  33.352 0.0000000000
48233  35.710  -15.366  32.430 0.0000000000
48260  35.942  -14.836  31.301 0.0000000000
48261  35.032  -14.894  31.076 0.0000000000
48275  34.613  -15.008  30.509 0.0000000000
49476  33.672  -14.849  29.720 0.0000000000
42316  31.035  -19.046  30.752 0.0000000000
43470  31.252  -18.575  30.863 0.0000000000
44794  30.892  -18.325  30.449 0.0000000000
44805  30.905  -17.943  29.943 0.0000000000
46016  30.936  -17.572  30.109 0.0000000000
47158  28.806  -16.274  26.999 0.0000000000
47139  29.504  -16.389  27.863 0.0000000000
48324  30.778  -15.088  27.868 0.0000000000
49514  31.193  -14.858  27.954 0.0000000000
70060  55.052  2.586  16.404 0.0000000000
68856  55.092  1.694  19.458 0.0000000000
43209  30.628  -18.516  46.895 0.0000000000
44485  29.990  -18.354  47.357 0.0000000000
44462  29.260  -17.842  47.661 0.0000000000
44458  33.423  -17.847  47.702 0.0000000000
44482  32.884  -18.389  47.260 0.0000000000
48156  46.165  -15.464  41.364 0.0000000000
49340  46.538  -14.997  40.988 0.0000000000
48165  47.143  -14.840  39.037 0.0000000000
49354  47.543  -14.058  39.510 0.0000000000
49364  47.526  -14.186  38.661 0.0000000000
49374  47.852  -13.635  38.437 0.0000000000
50673  47.589  -13.358  37.496 0.0000000000
50688  47.760  -12.852  37.417 0.0000000000
49386  45.482  -14.224  35.943 0.0000000000
49391  45.774  -13.911  35.567 0.0000000000
49413  44.186  -13.928  33.079 0.0000000000
49415  41.957  -13.671  33.005 0.0000000000
49416  40.799  -13.682  33.002 0.0000000000
49417  39.817  -13.790  32.978 0.0000000000
45992  26.560  -17.468  31.386 0.0000000000
72446  58.357  5.130  19.667 0.0000000000
72445  58.661  4.547  19.829 0.0000000000
72430  58.535  4.464  20.120 0.0000000000
71238  58.509  4.058  19.808 0.0000000000
46993  27.221  -15.885  37.341 0.0000000000
46979  25.735  -16.172  38.233 0.0000000000
45904  24.253  -16.536  38.490 0.0000000000
45882  23.675  -16.919  39.017 0.0000000000
43301  24.839  -17.619  42.067 0.0000000000
44592  24.626  -17.556  42.299 0.0000000000
45831  23.729  -17.441  41.587 0.0000000000
46959  21.148  -16.826  41.509 0.0000000000
44619  20.026  -17.798  41.095 0.0000000000
43261  42.029  -18.469  44.169 0.0000000000
43280  42.279  -18.656  43.708 0.0000000000
43314  42.482  -19.215  42.127 0.0000000000
43315  42.188  -19.291  41.874 0.0000000000
43334  41.366  -18.775  41.481 0.0000000000
44634  41.092  -18.388  40.923 0.0000000000
43335  40.508  -18.782  41.214 0.0000000000
42197  38.618  -18.746  41.354 0.0000000000
42198  37.712  -18.851  41.088 0.0000000000
44583  33.522  -17.897  42.582 0.0000000000
45846  32.727  -17.460  40.668 0.0000000000
45873  32.593  -17.435  39.708 0.0000000000
45896  32.337  -17.213  39.101 0.0000000000
45922  29.265  -16.441  37.628 0.0000000000
46991  28.665  -16.287  37.471 0.0000000000
46992  28.132  -15.997  37.419 0.0000000000
68810  51.502  1.772  22.503 0.0000000000
67683  50.486  0.142  20.756 0.0000000000
48061  20.522  -14.802  47.170 0.0000000000
48079  19.643  -15.994  46.816 0.0000000000
71140  55.521  3.834  26.001 0.0000000000
66333  50.849  0.702  29.456 0.0000000000
67540  50.659  0.405  30.344 0.0000000000
65198  47.965  -1.418  28.366 0.0000000000
61561  50.031  -4.373  35.590 0.0000000000
55614  45.992  -9.572  34.050 0.0000000000
56809  46.712  -8.846  34.794 0.0000000000
56834  46.462  -8.543  34.031 0.0000000000
56861  46.288  -8.272  33.433 0.0000000000
56882  45.319  -8.493  32.506 0.0000000000
58133  45.856  -7.945  32.639 0.0000000000
58151  46.111  -7.347  32.406 0.0000000000
59299  46.075  -6.707  31.884 0.0000000000
59318  45.763  -6.316  31.300 0.0000000000
59319  45.138  -6.625  30.889 0.0000000000
59337  44.287  -6.535  29.823 0.0000000000
58189  44.110  -7.599  30.128 0.0000000000
55765  40.566  -9.437  26.290 0.0000000000
54586  39.658  -10.364  25.616 0.0000000000
50814  36.884  -12.751  25.584 0.0000000000
47004  36.565  -16.334  36.272 0.0000000000
47017  36.099  -16.197  35.569 0.0000000000
47033  34.833  -16.534  34.460 0.0000000000
47057  34.299  -16.107  32.650 0.0000000000
46032  28.289  -17.538  28.503 0.0000000000
46046  28.413  -17.090  27.479 0.0000000000
46060  27.488  -17.658  26.497 0.0000000000
74729  56.901  6.792  14.247 0.0000000000
74730  55.883  6.506  14.701 0.0000000000
72521  57.177  4.318  13.729 0.0000000000
67732  56.173  0.763  16.812 0.0000000000
44612  29.455  -17.298  42.265 0.0000000000
44613  28.616  -16.844  42.267 0.0000000000
44525  28.241  -18.055  45.545 0.0000000000
44550  25.539  -17.450  43.832 0.0000000000
45797  25.530  -17.194  44.706 0.0000000000
46931  24.732  -16.779  44.238 0.0000000000
48118  24.807  -16.328  44.652 0.0000000000
48095  24.804  -15.901  45.121 0.0000000000
42127  38.167  -19.969  45.190 0.0000000000
42141  38.359  -20.148  44.399 0.0000000000
42143  36.787  -19.655  45.029 0.0000000000
42144  36.290  -19.357  45.370 0.0000000000
43265  36.173  -19.317  44.818 0.0000000000
44561  34.695  -18.565  44.076 0.0000000000
43267  34.049  -18.605  45.364 0.0000000000
44562  33.866  -18.197  44.047 0.0000000000
44584  32.297  -17.844  42.923 0.0000000000
44585  31.421  -17.765  43.121 0.0000000000
44611  30.313  -17.655  42.267 0.0000000000
66432  48.636  -1.053  22.410 0.0000000000
68693  53.133  2.637  31.450 0.0000000000
69850  53.056  2.744  31.776 0.0000000000
67529  51.283  0.621  31.592 0.0000000000
65162  50.207  -1.149  32.307 0.0000000000
55557  48.875  -8.836  36.894 0.0000000000
51941  47.170  -12.284  36.513 0.0000000000
53187  46.946  -11.494  36.203 0.0000000000
51964  46.361  -12.431  35.205 0.0000000000
54407  46.777  -10.674  35.779 0.0000000000
55580  46.664  -10.132  35.408 0.0000000000
55599  46.471  -9.621  34.854 0.0000000000
54439  45.644  -10.071  33.864 0.0000000000
54457  44.774  -10.295  32.819 0.0000000000
53244  44.690  -11.131  32.862 0.0000000000
54458  44.420  -10.502  32.328 0.0000000000
54478  43.909  -10.613  31.533 0.0000000000
54498  43.442  -10.685  30.734 0.0000000000
53308  42.737  -11.022  29.838 0.0000000000
54519  42.689  -10.697  29.585 0.0000000000
52049  42.320  -12.245  29.541 0.0000000000
50750  42.371  -12.820  29.925 0.0000000000
50753  40.105  -13.274  28.796 0.0000000000
49470  40.258  -13.406  29.298 0.0000000000
49489  39.011  -13.450  28.406 0.0000000000
50768  38.072  -13.475  27.992 0.0000000000
49509  36.435  -13.684  27.392 0.0000000000
42290  31.248  -18.445  31.949 0.0000000000
43457  30.786  -18.338  32.048 0.0000000000
42291  31.008  -18.627  31.277 0.0000000000
43472  30.663  -18.357  30.739 0.0000000000
46019  28.634  -17.424  29.542 0.0000000000
47073  29.045  -16.499  31.502 0.0000000000
47088  28.796  -16.820  30.964 0.0000000000
46004  27.590  -17.248  30.223 0.0000000000
44815  27.921  -17.589  29.012 0.0000000000
73600  53.274  5.447  17.192 0.0000000000
73610  53.470  5.307  16.403 0.0000000000
72492  53.548  4.321  16.710 0.0000000000
71291  53.805  3.757  17.077 0.0000000000
71289  54.841  2.930  16.945 0.0000000000
70048  55.185  2.776  17.069 0.0000000000
73581  57.662  5.154  18.952 0.0000000000
43339  24.389  -17.481  41.306 0.0000000000
44641  23.648  -17.524  40.453 0.0000000000
45906  22.751  -17.567  37.896 0.0000000000
44580  43.788  -17.603  42.990 0.0000000000
48147  45.487  -15.619  42.397 0.0000000000
48157  45.810  -15.770  41.853 0.0000000000
46962  45.820  -16.069  41.131 0.0000000000
46967  45.226  -16.327  40.124 0.0000000000
46968  44.294  -16.622  40.197 0.0000000000
46972  44.901  -16.129  39.554 0.0000000000
46976  41.024  -16.343  38.767 0.0000000000
46986  40.864  -16.010  38.051 0.0000000000
46987  40.000  -16.113  37.740 0.0000000000
47000  39.588  -15.953  37.276 0.0000000000
46988  39.118  -16.296  37.729 0.0000000000
46989  38.280  -16.370  37.432 0.0000000000
44656  39.910  -17.772  40.153 0.0000000000
45870  39.681  -17.321  39.462 0.0000000000
45871  38.968  -17.254  39.152 0.0000000000
45894  38.678  -16.969  38.626 0.0000000000
45935  37.173  -16.814  37.150 0.0000000000
45936  36.500  -17.022  36.823 0.0000000000
45937  35.787  -17.198  36.544 0.0000000000
44697  35.523  -17.906  37.356 0.0000000000
44713  35.203  -17.727  36.743 0.0000000000
42259  33.397  -18.405  35.549 0.0000000000
44607  34.509  -18.351  41.745 0.0000000000
43338  34.910  -18.733  40.970 0.0000000000
44659  34.250  -18.413  40.143 0.0000000000
43353  34.570  -18.690  40.271 0.0000000000
42238  33.445  -18.403  36.127 0.0000000000
42260  33.131  -18.563  35.108 0.0000000000
42262  32.599  -18.608  34.453 0.0000000000
45968  30.627  -16.702  33.382 0.0000000000
47048  29.177  -15.796  33.504 0.0000000000
45969  25.624  -16.847  32.708 0.0000000000
68837  54.411  2.128  19.782 0.0000000000
68840  51.886  1.604  20.763 0.0000000000
67681  52.303  0.722  19.884 0.0000000000
67704  53.265  0.660  19.630 0.0000000000
65326  49.302  -1.463  21.201 0.0000000000
64146  49.745  -2.426  21.075 0.0000000000
49186  30.816  -14.465  48.330 0.0000000000
48055  29.157  -15.223  47.612 0.0000000000
46893  29.041  -15.879  47.369 0.0000000000
46894  28.267  -16.064  47.649 0.0000000000
46879  27.794  -16.381  48.223 0.0000000000
45725  27.677  -16.790  48.459 0.0000000000
49189  27.281  -14.901  48.408 0.0000000000
45748  26.847  -17.035  48.451 0.0000000000
48096  23.933  -15.472  45.144 0.0000000000
49142  24.736  -13.697  50.574 0.0000000000
49191  23.746  -14.588  48.275 0.0000000000
48043  24.142  -14.935  47.568 0.0000000000
46933  21.445  -15.617  44.066 0.0000000000
46920  20.242  -16.421  45.622 0.0000000000
74698  54.132  7.387  17.142 0.0000000000
72461  53.714  4.780  18.661 0.0000000000
72449  55.370  4.907  19.285 0.0000000000
73568  56.005  5.349  19.856 0.0000000000
73550  54.372  5.552  20.569 0.0000000000
74617  55.361  6.552  23.347 0.0000000000
69973  52.697  2.713  22.375 0.0000000000
69888  53.734  2.921  28.604 0.0000000000
67560  51.962  1.453  28.280 0.0000000000
67575  51.924  1.445  27.698 0.0000000000
67592  51.928  1.383  27.100 0.0000000000
66398  48.864  -0.583  23.764 0.0000000000
60362  49.735  -5.101  35.795 0.0000000000
58088  47.685  -7.306  34.850 0.0000000000
59253  48.194  -6.508  34.743 0.0000000000
59265  47.461  -6.596  33.695 0.0000000000
59264  47.909  -6.311  34.075 0.0000000000
61568  49.834  -4.031  34.983 0.0000000000
63981  49.744  -2.858  33.804 0.0000000000
61581  48.376  -4.025  33.183 0.0000000000
62862  48.823  -3.560  33.234 0.0000000000
63987  49.495  -2.595  33.015 0.0000000000
62888  47.274  -3.766  30.961 0.0000000000
64011  47.133  -3.215  30.499 0.0000000000
62928  45.572  -3.545  28.274 0.0000000000
60432  45.409  -5.349  30.242 0.0000000000
61623  45.074  -5.073  29.680 0.0000000000
61639  45.441  -4.378  29.458 0.0000000000
62916  45.179  -3.923  28.582 0.0000000000
62929  44.921  -3.644  27.764 0.0000000000
58257  40.688  -7.443  24.989 0.0000000000
53346  41.032  -11.282  27.658 0.0000000000
52075  41.248  -11.771  28.019 0.0000000000
54554  40.826  -10.711  27.346 0.0000000000
54568  40.062  -10.636  26.206 0.0000000000
52095  38.944  -12.171  26.430 0.0000000000
52113  38.017  -12.227  25.400 0.0000000000
52112  38.621  -12.028  25.791 0.0000000000
53364  38.971  -11.754  25.908 0.0000000000
48213  40.322  -14.291  34.903 0.0000000000
49418  39.109  -14.100  33.380 0.0000000000
49428  38.293  -14.364  32.885 0.0000000000
48224  37.222  -14.998  33.979 0.0000000000
48225  36.442  -15.267  33.682 0.0000000000
48223  37.978  -14.737  34.218 0.0000000000
48230  37.761  -14.657  33.429 0.0000000000
49474  35.961  -14.317  29.693 0.0000000000
49459  35.603  -14.691  30.511 0.0000000000
43439  32.633  -18.466  32.876 0.0000000000
44767  32.605  -18.036  32.264 0.0000000000
44780  31.937  -17.966  31.443 0.0000000000
44779  32.404  -17.805  31.692 0.0000000000
47085  32.978  -16.210  31.001 0.0000000000
46017  30.275  -17.272  29.529 0.0000000000
47106  30.662  -17.005  29.667 0.0000000000
47122  30.376  -16.499  28.849 0.0000000000
47105  31.338  -16.642  29.893 0.0000000000
47104  32.176  -16.074  30.378 0.0000000000
47103  32.695  -15.759  30.431 0.0000000000
48277  33.179  -15.369  30.217 0.0000000000
49477  33.118  -14.981  29.695 0.0000000000
49527  33.420  -13.519  27.339 0.0000000000
50800  33.598  -13.246  26.548 0.0000000000
72508  53.588  4.816  15.988 0.0000000000
71321  54.982  3.463  15.076 0.0000000000
70079  57.314  2.383  14.309 0.0000000000
70013  56.825  2.503  19.758 0.0000000000
42119  35.491  -18.824  46.051 0.0000000000
42170  42.080  -19.480  42.236 0.0000000000
42185  42.197  -19.520  42.022 0.0000000000
42261  32.815  -18.603  34.639 0.0000000000
42302  31.594  -18.344  31.611 0.0000000000
42304  30.957  -19.007  30.931 0.0000000000
42315  31.100  -19.097  31.085 0.0000000000
43211  29.318  -18.468  46.776 0.0000000000
43264  36.642  -19.545  44.589 0.0000000000
43300  25.064  -17.624  42.134 0.0000000000
43321  25.003  -17.753  41.948 0.0000000000
43322  24.664  -17.515  41.714 0.0000000000
43331  42.934  -18.681  42.012 0.0000000000
43349  38.748  -18.202  40.619 0.0000000000
43455  32.081  -18.370  32.130 0.0000000000
43471  30.753  -18.529  31.040 0.0000000000
43488  31.154  -18.781  30.753 0.0000000000
43489  30.951  -18.687  30.656 0.0000000000
43490  30.809  -18.512  30.676 0.0000000000
44653  42.317  -17.808  41.090 0.0000000000
44677  36.394  -17.916  38.393 0.0000000000
44781  31.521  -18.244  30.780 0.0000000000
44808  28.003  -17.460  29.369 0.0000000000
45712  26.910  -15.923  49.005 0.0000000000
45713  26.397  -15.745  49.246 0.0000000000
45728  25.987  -16.044  49.155 0.0000000000
45821  44.435  -17.502  42.034 0.0000000000
45841  44.743  -17.106  41.313 0.0000000000
45947  34.704  -17.278  35.585 0.0000000000
45966  33.871  -17.316  33.960 0.0000000000
45987  32.296  -17.681  31.444 0.0000000000
46845  25.895  -15.082  50.096 0.0000000000
46850  26.242  -15.363  49.666 0.0000000000
46860  27.362  -16.410  48.607 0.0000000000
46956  45.824  -15.964  41.560 0.0000000000
46990  37.674  -16.513  37.140 0.0000000000
47140  28.920  -16.636  27.577 0.0000000000
48005  26.141  -14.990  50.011 0.0000000000
48006  25.289  -15.007  49.669 0.0000000000
48054  29.822  -15.382  47.565 0.0000000000
48195  38.169  -15.727  36.274 0.0000000000
48205  37.589  -15.514  35.465 0.0000000000
48234  35.065  -15.415  32.362 0.0000000000
49139  26.242  -14.485  49.908 0.0000000000
49363  47.856  -13.732  38.960 0.0000000000
49377  46.472  -14.316  37.069 0.0000000000
49496  32.226  -15.030  28.763 0.0000000000
50425  26.124  -13.987  50.225 0.0000000000
50633  47.900  -13.314  39.279 0.0000000000
55653  44.877  -8.955  32.365 0.0000000000
56835  45.960  -9.037  33.712 0.0000000000
59240  48.465  -6.697  35.493 0.0000000000
69906  55.347  3.794  26.916 0.0000000000
70071  54.817  2.825  15.842 0.0000000000
71072  53.410  3.452  30.358 0.0000000000
71119  55.497  3.987  26.892 0.0000000000
71307  55.068  3.162  15.183 0.0000000000
73582  57.446  5.229  19.085 0.0000000000
