#!ascii label  , from subject sub.01.dh.02.long.sub.01.base.03 vox2ras=TkReg
1986
6785  34.271  -58.587  -15.925 0.2000000030
6805  34.885  -58.678  -16.693 0.2000000030
8230  34.727  -56.739  -16.616 0.2000000030
6091  33.774  -59.501  -15.489 0.2000000030
9004  33.642  -55.289  -16.250 0.1000000015
6107  35.410  -59.301  -16.436 0.3000000119
7498  35.159  -57.550  -17.104 0.2000000030
8206  34.179  -56.597  -16.096 0.1000000015
7481  34.238  -57.282  -15.963 0.2000000030
9002  35.336  -55.949  -17.064 0.1000000015
9003  34.572  -55.520  -16.546 0.1000000015
9680  34.228  -54.425  -16.596 0.1000000015
10367  34.829  -53.645  -17.016 0.1000000015
10368  33.817  -53.575  -17.070 0.1000000015
11101  36.075  -51.949  -18.931 0.1000000015
10380  34.405  -52.812  -17.976 0.1000000015
11869  36.187  -51.790  -19.656 0.2000000030
11102  35.028  -52.132  -19.019 0.1000000015
9021  36.743  -55.750  -18.021 0.1000000015
9712  37.445  -53.945  -18.334 0.1000000015
8229  35.417  -56.912  -17.234 0.2000000030
9694  36.032  -54.269  -17.038 0.1000000015
9022  36.077  -55.283  -17.329 0.1000000015
9679  35.249  -54.698  -16.836 0.1000000015
10379  35.813  -53.297  -17.543 0.1000000015
11868  36.758  -51.774  -19.508 0.1000000015
11911  36.826  -51.086  -21.125 0.2000000030
11890  37.192  -51.371  -20.193 0.2000000030
12714  37.717  -49.911  -21.765 0.1000000015
11891  36.283  -51.576  -20.354 0.2000000030
13556  37.407  -49.323  -21.812 0.2000000030
13557  36.609  -49.559  -21.792 0.1000000015
13544  36.706  -49.306  -21.163 0.1000000015
9693  36.738  -54.414  -17.741 0.1000000015
10396  37.877  -53.300  -18.610 0.1000000015
11082  36.388  -52.628  -18.235 0.1000000015
14328  37.929  -48.289  -21.243 0.2000000030
15158  37.801  -47.591  -20.615 0.2000000030
14329  37.218  -49.043  -21.376 0.2000000030
15159  37.302  -47.690  -20.205 0.1000000015
14312  36.687  -48.467  -19.972 0.2000000030
11081  36.841  -52.751  -18.266 0.1000000015
11099  38.205  -52.558  -19.002 0.1000000015
11867  37.636  -51.856  -19.424 0.1000000015
11889  37.998  -51.444  -20.077 0.2000000030
13543  38.621  -49.793  -21.223 0.2000000030
12713  38.221  -49.779  -21.500 0.3000000119
16018  37.456  -46.332  -19.654 0.3000000119
15149  36.705  -47.664  -19.666 0.2000000030
15150  36.077  -47.732  -19.132 0.2000000030
13531  35.146  -49.874  -19.581 0.2000000030
14327  38.751  -48.143  -21.319 0.3000000119
11910  37.657  -50.955  -20.819 0.2000000030
16029  38.063  -46.391  -20.150 0.3000000119
16890  37.447  -45.497  -19.587 0.3000000119
17863  36.863  -44.519  -19.258 0.3000000119
16019  36.719  -46.345  -19.250 0.3000000119
16001  36.017  -46.339  -18.752 0.2000000030
14305  35.388  -48.447  -18.842 0.2000000030
13514  34.602  -49.691  -18.835 0.2000000030
18890  37.850  -43.630  -19.701 0.4000000060
16903  38.415  -45.390  -20.476 0.3000000119
16889  37.919  -45.068  -20.020 0.3000000119
15166  38.625  -47.303  -21.146 0.2000000030
15157  38.327  -47.068  -20.769 0.2000000030
16873  35.947  -45.565  -18.612 0.3000000119
15141  35.458  -47.698  -18.589 0.2000000030
16874  35.196  -45.389  -18.082 0.2000000030
15142  34.904  -47.744  -18.097 0.2000000030
19878  37.421  -42.988  -19.420 0.3000000119
18891  37.065  -43.651  -19.436 0.3000000119
17848  35.497  -44.635  -18.266 0.2000000030
16860  34.277  -45.598  -17.258 0.2000000030
17849  34.853  -44.621  -17.891 0.2000000030
16861  33.762  -45.595  -16.827 0.1000000015
15981  34.996  -46.266  -17.836 0.2000000030
15126  33.426  -47.584  -17.190 0.2000000030
15125  34.355  -47.572  -17.640 0.2000000030
14293  34.304  -48.122  -17.895 0.2000000030
19864  36.774  -42.740  -18.952 0.3000000119
20839  36.187  -42.295  -18.381 0.3000000119
18877  36.437  -43.690  -18.878 0.3000000119
20826  35.650  -41.621  -17.751 0.2000000030
19852  35.499  -42.739  -18.105 0.3000000119
19853  34.619  -42.574  -17.340 0.2000000030
18878  35.678  -43.706  -18.366 0.3000000119
18865  35.066  -43.356  -17.899 0.1000000015
17834  34.336  -44.694  -17.410 0.1000000015
16847  33.221  -45.473  -16.604 0.1000000015
17835  33.751  -44.849  -16.861 0.1000000015
19854  34.031  -43.345  -16.936 0.1000000015
15984  32.966  -47.118  -16.861 0.1000000015
21922  36.468  -40.529  -18.100 0.3000000119
20825  36.241  -41.003  -17.933 0.2000000030
21923  35.806  -40.454  -17.367 0.2000000030
22950  35.243  -39.935  -16.328 0.2000000030
23973  35.202  -39.075  -15.240 0.1000000015
21924  35.209  -41.026  -17.222 0.1000000015
21908  34.822  -40.618  -16.516 0.1000000015
19839  34.362  -42.017  -16.688 0.1000000015
18849  33.419  -43.843  -16.506 0.1000000015
18850  32.754  -44.240  -15.954 0.1000000015
22966  36.147  -39.762  -17.291 0.2000000030
22918  34.568  -39.320  -14.930 0.1000000015
22935  34.055  -40.108  -15.271 0.1000000015
21909  34.112  -40.915  -15.968 0.1000000015
20813  33.787  -41.454  -15.795 0.1000000015
20812  34.232  -41.484  -16.376 0.1000000015
20798  33.219  -41.717  -15.307 0.1000000015
19841  32.922  -43.362  -15.758 0.1000000015
19840  33.676  -42.465  -16.092 0.1000000015
22919  33.709  -39.538  -14.493 0.1000000015
19828  32.479  -42.452  -15.137 0.1000000015
18829  32.086  -43.724  -15.319 0.1000000015
23929  34.329  -38.228  -13.726 0.1000000015
11083  35.502  -52.422  -18.263 0.1000000015
12715  36.647  -50.351  -21.967 0.1000000015
15813  37.695  -47.316  -7.392 0.5000000000
15799  38.667  -47.351  -6.709 0.5000000000
15800  37.487  -47.083  -6.506 0.5000000000
15801  36.579  -46.615  -6.643 0.5000000000
16703  35.753  -46.219  -6.666 0.5000000000
16695  42.053  -45.622  -5.303 0.2000000030
15785  41.628  -46.432  -5.671 0.2000000030
16696  41.058  -45.724  -5.223 0.3000000119
15786  40.573  -46.588  -5.627 0.3000000119
15787  39.474  -46.797  -5.552 0.5000000000
15788  38.248  -46.781  -5.360 0.5000000000
15776  37.461  -46.428  -4.758 0.5000000000
15789  37.086  -46.744  -5.631 0.5000000000
15778  36.012  -46.363  -5.204 0.5000000000
15790  36.254  -46.468  -5.802 0.5000000000
16713  36.084  -46.184  -7.648 0.5000000000
17666  34.787  -45.555  -7.297 0.5000000000
16728  36.005  -46.160  -8.564 0.5000000000
15865  36.004  -46.884  -10.217 0.5000000000
16684  40.551  -45.108  -4.622 0.3000000119
16685  39.538  -45.307  -4.413 0.3000000119
16700  34.850  -45.868  -5.389 0.5000000000
16704  34.974  -45.827  -6.505 0.5000000000
17684  34.771  -45.509  -7.763 0.5000000000
16749  35.054  -45.810  -8.618 0.5000000000
12529  37.242  -50.197  -10.664 0.4000000060
13383  36.563  -49.556  -10.946 0.5000000000
13402  36.306  -49.045  -11.135 0.5000000000
15010  35.715  -47.629  -10.593 0.5000000000
15852  35.872  -46.455  -9.477 0.5000000000
11738  36.875  -51.366  -10.223 0.4000000060
16683  41.465  -44.987  -4.830 0.3000000119
17639  39.982  -44.312  -4.238 0.4000000060
16687  37.007  -45.755  -4.202 0.5000000000
17642  36.365  -45.005  -3.726 0.5000000000
16688  35.733  -45.985  -4.498 0.5000000000
17643  35.315  -44.977  -3.888 0.5000000000
17644  34.224  -44.675  -3.967 0.5000000000
16690  34.195  -45.136  -4.604 0.5000000000
16705  34.406  -45.523  -6.002 0.5000000000
17667  34.073  -45.455  -7.246 0.5000000000
15853  34.983  -46.436  -8.913 0.6000000238
14175  35.519  -48.358  -10.865 0.5000000000
14990  35.423  -47.074  -9.780 0.5000000000
14975  34.227  -46.877  -8.647 0.5000000000
10959  37.633  -52.400  -10.013 0.4000000060
11737  38.124  -51.087  -10.266 0.4000000060
12530  36.190  -50.447  -10.608 0.5000000000
15758  43.170  -46.311  -2.227 0.1000000015
16665  41.482  -44.950  -2.455 0.1000000015
16666  40.921  -44.689  -2.387 0.1000000015
17615  41.791  -44.471  -2.919 0.1000000015
17616  40.805  -44.107  -2.555 0.1000000015
17626  41.714  -44.169  -3.260 0.1000000015
18636  40.964  -43.395  -2.958 0.1000000015
19628  40.509  -42.875  -3.101 0.1000000015
17637  41.738  -44.531  -4.378 0.2000000030
18646  41.842  -44.250  -3.847 0.1000000015
17638  40.948  -44.353  -4.388 0.3000000119
17641  37.491  -44.447  -3.803 0.5000000000
17640  38.858  -44.413  -4.047 0.4000000060
17629  35.887  -44.184  -3.754 0.5000000000
17630  35.054  -44.136  -3.740 0.5000000000
18671  33.658  -44.005  -3.824 0.5000000000
17645  33.443  -44.282  -4.303 0.5000000000
16715  33.464  -45.517  -7.561 0.5000000000
14157  34.483  -48.040  -9.762 0.5000000000
13384  35.618  -49.290  -10.814 0.5000000000
9599  37.700  -54.314  -10.640 0.5000000000
14847  41.776  -48.312  0.988 0.1000000015
14883  43.053  -47.488  -0.517 0.1000000015
15730  42.138  -47.081  -1.251 0.1000000015
16646  41.876  -45.722  -2.190 0.1000000015
16647  40.709  -45.307  -2.189 0.1000000015
17599  40.602  -44.562  -2.372 0.1000000015
15731  41.016  -47.092  -1.011 0.1000000015
15744  41.408  -46.349  -1.735 0.1000000015
17617  40.232  -43.662  -2.460 0.1000000015
21650  38.076  -40.920  -3.762 0.2000000030
21651  37.262  -40.401  -4.098 0.2000000030
17625  42.217  -44.593  -3.504 0.1000000015
18647  41.336  -43.853  -3.489 0.1000000015
18648  40.620  -43.157  -3.348 0.1000000015
19641  40.249  -42.700  -3.236 0.1000000015
20614  39.036  -41.936  -3.634 0.2000000030
18665  40.456  -43.491  -3.930 0.2000000030
19656  40.157  -42.813  -3.550 0.1000000015
19657  39.520  -42.601  -3.848 0.2000000030
19659  37.673  -42.293  -4.236 0.2000000030
18666  39.321  -43.402  -4.056 0.2000000030
18667  38.215  -43.349  -4.006 0.3000000119
18668  37.066  -43.230  -4.024 0.3000000119
18670  35.739  -42.693  -4.038 0.4000000060
18651  35.520  -43.216  -3.850 0.5000000000
15833  33.719  -46.352  -8.386 0.5000000000
18652  34.338  -43.460  -3.660 0.4000000060
14994  31.800  -47.201  -9.955 0.5000000000
15856  31.773  -46.669  -9.402 0.5000000000
15835  32.101  -46.261  -8.674 0.5000000000
14159  33.223  -48.325  -9.670 0.5000000000
14993  32.399  -47.693  -9.725 0.5000000000
15855  32.626  -46.867  -8.954 0.5000000000
17655  32.578  -44.476  -6.248 0.5000000000
17649  32.890  -44.320  -5.099 0.5000000000
13385  34.408  -49.660  -10.658 0.5000000000
14177  33.713  -48.878  -10.252 0.5000000000
14158  34.067  -48.194  -9.629 0.5000000000
16732  32.134  -45.537  -8.114 0.5000000000
11739  35.867  -51.537  -10.501 0.5000000000
14991  34.634  -47.560  -9.423 0.5000000000
16731  33.194  -45.843  -7.936 0.6000000238
14176  34.758  -48.321  -10.304 0.5000000000
10286  37.221  -53.535  -10.302 0.4000000060
14039  41.238  -48.579  1.716 0.1000000015
14866  41.326  -47.872  0.341 0.1000000015
14885  40.846  -47.485  -0.239 0.1000000015
15732  39.830  -47.126  -0.447 0.1000000015
15733  38.648  -46.758  -0.301 0.1000000015
14884  41.807  -47.475  -0.372 0.1000000015
15745  40.190  -46.374  -1.517 0.1000000015
16648  39.356  -45.440  -1.846 0.1000000015
17600  39.885  -44.257  -2.283 0.1000000015
18626  39.782  -43.269  -2.401 0.1000000015
20586  38.459  -41.713  -2.368 0.1000000015
19629  39.985  -42.542  -2.877 0.1000000015
20600  38.449  -41.169  -2.842 0.2000000030
21632  38.001  -40.683  -3.298 0.2000000030
20599  39.215  -41.785  -3.142 0.1000000015
20615  38.498  -41.339  -3.443 0.2000000030
20630  36.505  -41.442  -4.484 0.3000000119
21674  36.440  -40.034  -4.617 0.2000000030
19660  36.599  -42.092  -4.362 0.3000000119
20647  36.203  -40.903  -4.554 0.2000000030
19643  34.998  -42.831  -3.812 0.4000000060
20648  35.313  -41.010  -4.647 0.3000000119
19645  34.104  -42.295  -3.749 0.4000000060
20631  34.787  -41.399  -4.367 0.4000000060
17720  30.974  -45.079  -10.663 0.5000000000
17701  30.880  -44.899  -9.494 0.5000000000
16733  31.482  -45.679  -8.929 0.5000000000
18653  33.868  -42.740  -3.677 0.5000000000
19747  31.251  -42.761  -10.722 0.5000000000
20726  31.268  -42.071  -10.129 0.5000000000
19727  30.880  -42.848  -9.465 0.5000000000
18733  30.614  -43.998  -9.133 0.5000000000
17686  31.254  -44.690  -8.307 0.6000000238
18683  32.377  -43.704  -4.893 0.5000000000
18672  32.937  -43.302  -4.066 0.5000000000
20706  31.320  -41.442  -9.411 0.5000000000
19707  31.017  -42.443  -8.297 0.5000000000
18711  30.785  -43.575  -8.310 0.6000000238
16716  32.609  -45.312  -7.533 0.5000000000
17668  33.006  -45.127  -6.957 0.5000000000
17685  31.801  -44.973  -7.808 0.5000000000
8930  36.705  -55.493  -11.130 0.4000000060
9600  36.867  -54.502  -10.631 0.4000000060
10285  38.404  -53.442  -10.478 0.4000000060
16624  36.069  -45.645  0.322 0.1000000015
15734  37.628  -46.238  -0.366 0.1000000015
16635  36.197  -45.228  -0.301 0.1000000015
16649  37.973  -45.573  -1.241 0.1000000015
16650  37.297  -45.045  -1.226 0.1000000015
15746  39.008  -46.344  -1.118 0.1000000015
17602  37.680  -44.450  -1.457 0.1000000015
18616  37.314  -43.608  -1.330 0.1000000015
18627  38.941  -43.400  -2.116 0.1000000015
19619  38.098  -42.454  -1.797 0.1000000015
21602  37.422  -40.829  -2.083 0.2000000030
22685  37.145  -40.315  -3.014 0.2000000030
22702  36.884  -40.081  -3.333 0.2000000030
22724  36.910  -39.943  -3.778 0.2000000030
21652  36.535  -39.769  -4.419 0.2000000030
25961  38.729  -36.401  -9.041 0.2000000030
22747  35.876  -39.173  -5.158 0.2000000030
24873  37.424  -37.093  -9.374 0.2000000030
25975  36.229  -36.661  -9.453 0.2000000030
27022  35.569  -36.168  -9.331 0.2000000030
25965  34.350  -36.514  -8.970 0.2000000030
21675  35.608  -40.078  -4.896 0.2000000030
24884  36.927  -37.655  -9.496 0.2000000030
24885  35.780  -37.655  -9.540 0.2000000030
24887  34.387  -37.765  -9.052 0.2000000030
24874  33.903  -37.591  -8.767 0.2000000030
24875  33.074  -37.576  -8.263 0.3000000119
23862  32.506  -38.272  -7.968 0.2000000030
22773  31.861  -39.190  -6.398 0.4000000060
23870  35.282  -38.551  -9.402 0.2000000030
23872  33.678  -38.874  -8.899 0.3000000119
22813  32.644  -39.372  -8.605 0.4000000060
22793  31.893  -39.282  -7.570 0.4000000060
22774  31.833  -39.988  -6.019 0.5000000000
21655  32.727  -40.523  -4.854 0.4000000060
20633  33.063  -41.164  -4.261 0.5000000000
21793  32.632  -40.741  -10.712 0.5000000000
21760  34.067  -39.931  -10.050 0.4000000060
21761  32.601  -40.218  -9.728 0.4000000060
22832  33.053  -39.517  -9.130 0.4000000060
21739  32.234  -39.997  -8.865 0.4000000060
21720  31.648  -40.429  -7.572 0.5000000000
21702  31.781  -40.706  -6.350 0.5000000000
19664  32.627  -42.064  -4.259 0.5000000000
21762  31.733  -40.621  -9.518 0.5000000000
17670  31.155  -44.084  -7.722 0.5000000000
17669  31.884  -44.510  -7.250 0.5000000000
17656  31.941  -43.974  -6.436 0.5000000000
17650  32.170  -43.827  -5.653 0.5000000000
16613  34.732  -45.421  1.256 0.1000000015
16612  35.481  -45.953  1.294 0.1000000015
16625  35.126  -45.317  0.673 0.1000000015
18600  34.372  -43.805  0.527 0.1000000015
17586  36.109  -44.560  -0.511 0.1000000015
18599  35.205  -43.906  -0.128 0.1000000015
18618  35.745  -43.664  -0.486 0.1000000015
19587  35.111  -43.148  -0.255 0.1000000015
19604  37.097  -42.639  -1.251 0.1000000015
20574  35.678  -41.592  -0.640 0.1000000015
19620  37.348  -41.812  -1.539 0.1000000015
21603  36.883  -40.712  -1.750 0.2000000030
21604  36.231  -40.477  -1.598 0.2000000030
22669  36.706  -40.301  -2.155 0.2000000030
22725  36.469  -39.554  -4.292 0.2000000030
22746  36.255  -39.165  -4.734 0.2000000030
27006  38.266  -35.264  -8.628 0.1000000015
27007  37.207  -35.438  -8.927 0.2000000030
25963  36.884  -36.146  -9.323 0.2000000030
27009  35.041  -35.822  -9.033 0.2000000030
22748  34.948  -39.288  -5.241 0.2000000030
26984  39.789  -34.886  -7.784 0.1000000015
26985  39.012  -34.740  -8.040 0.1000000015
28062  37.508  -34.640  -8.445 0.1000000015
28064  35.633  -34.884  -8.458 0.1000000015
25966  33.489  -36.575  -8.223 0.1000000015
24856  32.504  -37.594  -7.369 0.2000000030
21653  34.154  -40.577  -4.706 0.3000000119
21676  34.634  -40.238  -4.909 0.2000000030
25944  33.125  -36.517  -7.383 0.1000000015
25945  32.737  -37.015  -7.042 0.1000000015
23830  32.347  -38.376  -5.959 0.3000000119
22726  33.434  -40.011  -4.920 0.2000000030
20673  31.659  -41.442  -7.043 0.5000000000
20665  31.807  -41.561  -6.213 0.5000000000
20664  31.971  -41.531  -5.579 0.5000000000
19678  32.188  -42.035  -5.013 0.5000000000
19694  31.271  -42.246  -7.326 0.5000000000
18691  31.669  -43.166  -6.293 0.5000000000
19688  31.865  -42.268  -5.793 0.5000000000
18700  31.205  -43.340  -7.294 0.5000000000
17542  34.163  -45.241  1.752 0.1000000015
18583  33.353  -43.844  1.598 0.1000000015
18601  33.649  -43.248  0.936 0.1000000015
18582  33.942  -44.262  1.174 0.1000000015
19589  33.886  -42.645  0.547 0.1000000015
20562  33.374  -41.780  0.621 0.1000000015
19588  34.559  -42.692  0.097 0.1000000015
21589  35.010  -40.953  -0.493 0.1000000015
20561  34.348  -41.683  0.029 0.1000000015
22653  35.871  -40.355  -1.502 0.2000000030
22670  36.108  -40.038  -1.936 0.2000000030
22687  35.739  -39.473  -2.883 0.2000000030
22703  36.280  -39.516  -3.660 0.2000000030
22704  35.698  -39.158  -3.534 0.2000000030
23765  36.142  -39.033  -4.339 0.2000000030
23788  36.225  -38.959  -4.654 0.2000000030
23811  35.938  -38.447  -5.027 0.2000000030
28039  39.302  -34.264  -7.307 0.1000000015
28040  38.226  -34.056  -7.731 0.1000000015
28042  36.150  -34.218  -7.853 0.1000000015
28065  34.743  -35.071  -8.235 0.1000000015
27010  34.074  -35.648  -8.247 0.1000000015
23813  34.253  -38.404  -5.428 0.1000000015
23812  35.271  -38.362  -5.389 0.2000000030
26986  33.857  -35.405  -7.325 0.1000000015
26967  33.456  -36.012  -6.951 0.1000000015
25924  32.820  -37.065  -6.709 0.1000000015
23814  33.117  -38.428  -5.294 0.2000000030
22749  33.716  -39.601  -5.050 0.2000000030
18584  32.584  -43.014  1.924 0.1000000015
20528  31.210  -41.406  2.888 0.1000000015
19569  33.097  -42.655  1.196 0.1000000015
21558  31.673  -40.372  1.761 0.1000000015
21557  32.516  -40.686  1.117 0.1000000015
21573  33.552  -40.708  0.373 0.1000000015
21572  34.270  -40.906  -0.164 0.1000000015
22655  34.151  -39.513  -0.830 0.1000000015
23708  34.287  -39.243  -1.620 0.1000000015
23724  34.397  -38.895  -2.391 0.1000000015
22688  34.956  -39.076  -2.803 0.2000000030
23766  35.567  -38.603  -4.047 0.2000000030
23789  35.993  -38.606  -4.659 0.2000000030
24787  35.459  -38.046  -4.599 0.2000000030
24809  35.358  -37.811  -5.138 0.2000000030
28002  40.470  -34.984  -5.292 0.1000000015
28004  39.155  -34.119  -5.660 0.1000000015
29049  37.878  -33.612  -6.557 0.1000000015
29062  35.801  -33.788  -7.296 0.1000000015
24810  34.629  -37.419  -5.468 0.2000000030
29050  36.961  -33.473  -6.580 0.1000000015
29051  36.114  -33.411  -6.719 0.1000000015
28043  35.144  -34.257  -7.505 0.1000000015
25922  33.589  -36.196  -6.430 0.1000000015
25923  33.168  -36.760  -6.562 0.1000000015
24811  33.609  -37.498  -5.705 0.2000000030
21536  31.179  -40.245  2.483 0.1000000015
22615  32.101  -39.477  1.154 0.1000000015
22639  33.489  -39.420  -0.025 0.1000000015
23709  33.568  -38.585  -0.987 0.1000000015
23725  33.774  -38.514  -2.020 0.1000000015
23746  34.459  -38.408  -3.109 0.2000000030
24748  34.032  -37.709  -3.254 0.1000000015
24770  34.674  -37.794  -3.964 0.2000000030
25867  34.330  -36.604  -4.219 0.1000000015
27981  37.033  -33.829  -4.133 0.1000000015
29009  36.689  -33.497  -4.974 0.1000000015
27982  35.824  -33.870  -4.361 0.1000000015
26930  34.416  -35.808  -4.573 0.1000000015
29027  38.345  -33.812  -5.472 0.1000000015
29010  35.902  -33.545  -5.305 0.1000000015
28005  35.211  -34.043  -5.396 0.1000000015
28006  34.516  -34.750  -5.803 0.1000000015
26949  34.333  -35.643  -5.374 0.1000000015
25884  34.474  -36.503  -5.081 0.1000000015
29030  35.613  -33.560  -6.093 0.1000000015
28026  34.928  -34.038  -6.424 0.1000000015
26966  33.906  -35.547  -6.346 0.1000000015
25904  33.864  -36.538  -5.863 0.1000000015
23669  31.604  -38.598  1.428 0.1000000015
23691  32.158  -38.378  0.808 0.1000000015
23690  32.952  -38.168  0.079 0.1000000015
24729  33.468  -37.680  -1.700 0.1000000015
25842  33.561  -37.187  -2.223 0.1000000015
28962  36.502  -33.659  -2.531 0.1000000015
27915  36.102  -34.207  -2.798 0.1000000015
26878  34.885  -35.145  -2.941 0.1000000015
25841  33.793  -36.738  -3.012 0.1000000015
27913  37.892  -34.149  -2.992 0.1000000015
27914  36.983  -34.122  -2.895 0.1000000015
27949  36.462  -34.095  -3.457 0.1000000015
26909  34.441  -35.590  -3.640 0.1000000015
27948  37.505  -34.167  -3.505 0.1000000015
27950  35.385  -34.607  -3.440 0.1000000015
27951  34.857  -35.038  -3.746 0.1000000015
25807  33.181  -36.431  -0.486 0.1000000015
26846  33.559  -35.771  -0.748 0.1000000015
25820  33.611  -36.519  -1.555 0.1000000015
26845  34.086  -35.248  -0.943 0.1000000015
26860  33.897  -35.806  -1.211 0.1000000015
25819  33.851  -36.100  -2.226 0.1000000015
28961  37.300  -33.566  -2.756 0.1000000015
27898  35.809  -33.916  -2.189 0.1000000015
27899  35.213  -34.330  -1.767 0.1000000015
26859  34.201  -35.634  -1.692 0.1000000015
26879  34.253  -35.687  -2.615 0.1000000015
27916  35.433  -34.621  -2.498 0.1000000015
16698  39.178  -46.222  -4.785 0.4000000060
17653  34.376  -45.484  -6.672 0.5000000000
16686  38.307  -45.740  -4.262 0.4000000060
16664  42.658  -45.653  -2.499 0.1000000015
19617  39.868  -42.848  -2.557 0.1000000015
18650  36.366  -43.530  -3.890 0.4000000060
14848  40.835  -48.137  1.036 0.1000000015
20628  38.245  -41.513  -4.082 0.3000000119
21633  37.341  -40.325  -3.361 0.2000000030
19642  39.711  -42.389  -3.365 0.2000000030
20627  38.900  -42.110  -3.930 0.2000000030
19658  38.674  -42.512  -4.046 0.2000000030
20629  37.048  -41.202  -4.426 0.3000000119
21673  36.896  -40.528  -4.456 0.2000000030
19661  35.483  -42.120  -4.189 0.3000000119
16750  31.179  -45.875  -9.868 0.5000000000
14867  40.284  -47.704  0.387 0.1000000015
15719  39.097  -47.297  0.301 0.1000000015
15747  38.294  -46.265  -0.792 0.1000000015
17601  38.636  -44.443  -1.814 0.1000000015
19618  39.201  -42.553  -2.433 0.1000000015
19630  39.123  -41.879  -2.707 0.1000000015
20601  38.066  -41.169  -2.444 0.1000000015
21618  37.582  -40.644  -2.588 0.2000000030
19677  35.798  -41.403  -4.497 0.3000000119
20632  34.017  -41.133  -4.258 0.4000000060
18755  30.733  -43.902  -10.184 0.5000000000
19771  31.725  -43.109  -11.475 0.5000000000
20705  31.715  -40.764  -9.979 0.5000000000
16623  36.676  -45.940  -0.002 0.1000000015
17571  35.866  -45.078  -0.183 0.1000000015
16633  37.485  -45.788  -0.764 0.1000000015
17585  36.905  -44.474  -1.109 0.1000000015
18628  38.080  -43.544  -1.623 0.1000000015
19603  37.661  -43.037  -1.476 0.1000000015
18617  36.529  -43.581  -0.896 0.1000000015
20588  37.158  -41.299  -1.589 0.1000000015
22686  36.696  -40.119  -2.735 0.2000000030
25962  37.670  -36.370  -9.199 0.2000000030
25977  34.496  -37.257  -9.168 0.2000000030
27011  33.643  -36.022  -8.110 0.1000000015
24886  34.878  -37.737  -9.298 0.2000000030
23860  33.854  -38.167  -8.776 0.3000000119
22751  32.050  -40.188  -5.659 0.4000000060
22830  34.712  -39.310  -9.514 0.5000000000
22831  33.687  -39.381  -9.270 0.4000000060
23869  36.251  -38.599  -9.602 0.2000000030
22812  33.298  -39.123  -8.895 0.4000000060
21719  31.971  -39.885  -8.311 0.5000000000
20634  32.390  -41.304  -4.753 0.5000000000
22750  32.411  -39.614  -5.354 0.3000000119
21759  35.091  -39.716  -10.143 0.5000000000
21740  31.727  -40.493  -8.812 0.5000000000
20689  31.365  -41.388  -8.074 0.5000000000
17560  33.807  -44.622  1.560 0.1000000015
17573  34.742  -44.748  0.610 0.1000000015
17572  35.349  -44.680  0.082 0.1000000015
19605  35.996  -42.608  -0.704 0.1000000015
20560  35.149  -42.203  -0.258 0.1000000015
20573  36.606  -41.536  -1.228 0.1000000015
21588  36.005  -40.822  -1.214 0.2000000030
27008  36.177  -35.622  -9.144 0.1000000015
17543  33.427  -44.916  2.319 0.1000000015
18570  32.990  -44.270  2.303 0.1000000015
21556  33.028  -41.211  0.833 0.1000000015
22654  35.130  -40.056  -1.227 0.2000000030
22671  35.104  -39.474  -2.136 0.2000000030
23767  34.979  -38.429  -3.653 0.2000000030
28023  40.339  -34.660  -6.277 0.1000000015
28025  38.830  -33.833  -6.534 0.1000000015
29060  37.366  -33.698  -7.262 0.1000000015
28041  37.090  -34.096  -7.923 0.1000000015
28027  34.308  -34.697  -6.863 0.1000000015
24812  32.887  -37.729  -5.836 0.1000000015
19570  32.369  -42.275  1.758 0.1000000015
18550  31.884  -43.356  3.636 0.1000000015
19555  31.784  -42.469  2.607 0.1000000015
21515  30.798  -40.170  3.426 0.1000000015
20544  31.415  -40.891  2.236 0.1000000015
20543  31.797  -41.489  1.922 0.1000000015
20542  32.665  -41.693  1.207 0.1000000015
21574  32.923  -39.845  0.699 0.1000000015
22638  34.286  -40.247  -0.371 0.1000000015
24788  34.839  -37.328  -4.783 0.2000000030
28024  39.610  -34.249  -6.379 0.1000000015
29028  37.341  -33.488  -5.691 0.1000000015
29061  36.584  -33.705  -7.311 0.1000000015
22616  31.370  -39.368  1.921 0.1000000015
22640  32.704  -39.058  0.529 0.1000000015
24749  33.723  -37.829  -2.609 0.1000000015
27980  37.994  -34.213  -4.212 0.1000000015
29007  38.272  -34.045  -4.725 0.1000000015
29008  37.635  -33.755  -4.814 0.1000000015
27983  34.784  -34.855  -4.519 0.1000000015
24683  31.613  -37.484  1.363 0.1000000015
24699  32.319  -37.459  0.571 0.1000000015
24698  32.829  -36.996  0.059 0.1000000015
24714  33.329  -37.389  -0.726 0.1000000015
26908  34.869  -35.088  -3.426 0.1000000015
26858  34.826  -35.091  -2.111 0.1000000015
27900  34.624  -34.792  -1.349 0.1000000015
28949  34.684  -33.845  -1.292 0.1000000015
30010  36.791  -32.919  -2.490 0.1000000015
30009  37.474  -32.806  -2.769 0.1000000015
14929  44.082  -47.515  -6.932 0.1000000015
14950  43.736  -47.949  -7.989 0.1000000015
14930  42.948  -47.521  -7.022 0.1000000015
15796  42.255  -47.043  -6.262 0.1000000015
15794  44.454  -47.071  -6.077 0.1000000015
15784  42.679  -46.392  -5.636 0.1000000015
14948  45.364  -47.835  -7.219 0.2000000030
14971  44.192  -48.294  -8.551 0.2000000030
14139  43.654  -48.494  -8.930 0.2000000030
14951  42.430  -47.974  -7.785 0.1000000015
15797  41.146  -47.183  -6.249 0.1000000015
14152  44.147  -48.788  -9.570 0.2000000030
14127  42.878  -48.264  -8.476 0.2000000030
14931  41.783  -47.638  -6.983 0.2000000030
14128  41.937  -48.405  -8.474 0.2000000030
14952  41.290  -48.168  -7.759 0.2000000030
15798  40.005  -47.402  -6.264 0.3000000119
14932  40.637  -47.849  -6.993 0.3000000119
14129  40.898  -48.464  -8.587 0.2000000030
14171  42.776  -49.312  -10.526 0.2000000030
14953  40.070  -48.131  -8.070 0.2000000030
14154  42.174  -49.016  -9.916 0.2000000030
10955  42.547  -52.088  -10.200 0.1000000015
14170  43.745  -49.200  -10.229 0.2000000030
14140  42.585  -48.644  -9.135 0.2000000030
14153  43.240  -48.874  -9.774 0.2000000030
14933  39.601  -47.720  -7.202 0.3000000119
12527  43.503  -50.402  -10.879 0.1000000015
13378  43.276  -49.769  -10.960 0.1000000015
14142  40.489  -48.643  -9.355 0.2000000030
14130  40.166  -48.442  -8.792 0.2000000030
11726  43.354  -51.088  -10.296 0.1000000015
15812  38.216  -47.530  -7.529 0.4000000060
13394  43.094  -50.196  -11.410 0.2000000030
14141  41.523  -48.723  -9.243 0.2000000030
10969  42.314  -51.987  -10.767 0.1000000015
10970  41.677  -52.369  -11.368 0.2000000030
11735  42.805  -51.531  -10.555 0.1000000015
11750  42.501  -51.337  -11.471 0.1000000015
14172  41.699  -49.329  -10.742 0.2000000030
14156  40.079  -48.631  -10.265 0.2000000030
14972  39.390  -48.177  -9.300 0.2000000030
14973  38.413  -47.582  -9.166 0.4000000060
12541  42.867  -50.578  -11.563 0.1000000015
14988  38.451  -47.586  -10.089 0.4000000060
15830  37.368  -47.007  -8.173 0.4000000060
13379  42.176  -49.666  -11.339 0.3000000119
13380  41.256  -49.484  -11.525 0.3000000119
13395  42.341  -50.218  -11.855 0.2000000030
13396  41.478  -49.831  -12.145 0.4000000060
14989  37.777  -47.122  -9.565 0.4000000060
15831  36.727  -46.458  -8.366 0.4000000060
14173  40.655  -49.166  -11.012 0.3000000119
14203  40.076  -49.383  -12.111 0.4000000060
13397  40.762  -49.466  -12.049 0.3000000119
25958  41.844  -36.274  -8.210 0.1000000015
27005  39.313  -35.532  -8.459 0.1000000015
15850  37.293  -46.699  -8.977 0.4000000060
15007  38.530  -47.537  -11.135 0.4000000060
15863  37.178  -46.703  -9.711 0.5000000000
14188  39.487  -48.850  -11.872 0.4000000060
14187  40.244  -49.126  -11.665 0.3000000119
14174  39.836  -48.569  -11.204 0.4000000060
15028  38.625  -47.889  -11.920 0.4000000060
25959  40.793  -36.386  -8.605 0.1000000015
25960  39.778  -36.422  -8.830 0.1000000015
15851  36.544  -46.396  -9.201 0.4000000060
15864  36.618  -46.712  -10.024 0.5000000000
15008  37.498  -47.164  -10.563 0.5000000000
16748  35.517  -46.139  -8.772 0.5000000000
24870  40.237  -37.409  -8.837 0.1000000015
24871  39.208  -37.451  -9.120 0.1000000015
23857  40.655  -38.427  -8.739 0.1000000015
24883  37.490  -38.150  -9.449 0.1000000015
14927  45.570  -47.647  -6.439 0.1000000015
15795  43.370  -47.028  -6.202 0.1000000015
15783  43.781  -46.401  -5.533 0.1000000015
16694  43.025  -45.830  -5.019 0.1000000015
15814  36.960  -46.784  -7.477 0.4000000060
24872  38.010  -37.543  -9.311 0.1000000015
14968  45.436  -48.115  -7.494 0.1000000015
14954  38.706  -47.783  -8.068 0.3000000119
14155  41.077  -49.018  -10.064 0.2000000030
14974  37.853  -47.312  -8.691 0.4000000060
14987  39.235  -48.058  -10.615 0.3000000119
15782  44.932  -46.466  -5.264 0.1000000015
9541  34.686  -54.747  -3.097 0.1000000015
8782  36.781  -55.746  -1.412 0.1000000015
9542  33.791  -54.827  -3.781 0.1000000015
9522  36.364  -54.714  -1.803 0.1000000015
10213  34.122  -53.619  -3.666 0.1000000015
10229  32.345  -53.735  -4.750 0.1000000015
3943  29.721  -63.024  0.101 0.1000000015
10855  29.171  -52.623  -3.174 0.1000000015
10890  29.559  -52.502  -5.163 0.1000000015
10189  35.836  -54.014  -2.405 0.1000000015
11677  30.326  -51.866  -4.701 0.1000000015
9523  35.488  -54.739  -2.385 0.1000000015
10888  31.888  -52.580  -4.823 0.1000000015
10230  31.414  -53.550  -5.204 0.1000000015
3344  29.852  -63.442  1.032 0.1000000015
4566  29.347  -61.738  -0.250 0.1000000015
5196  29.912  -60.985  -0.468 0.1000000015
3911  31.044  -62.909  1.398 0.1000000015
3343  30.860  -63.366  1.079 0.1000000015
3372  30.086  -63.662  0.016 0.1000000015
3942  30.533  -63.226  -0.163 0.1000000015
5857  29.707  -59.783  -0.845 0.1000000015
8785  29.368  -55.519  -1.511 0.1000000015
10191  28.823  -53.518  -2.655 0.1000000015
10212  35.025  -53.568  -2.885 0.1000000015
10228  33.289  -53.748  -4.349 0.1000000015
10188  36.563  -53.776  -2.423 0.1000000015
9504  37.929  -55.012  -1.556 0.1000000015
8781  37.698  -55.796  -1.312 0.1000000015
4565  30.201  -62.228  -0.264 0.1000000015
5195  30.893  -61.378  -0.183 0.1000000015
3342  31.785  -63.292  1.713 0.1000000015
3359  30.682  -63.639  0.391 0.1000000015
4564  30.878  -62.523  -0.275 0.1000000015
5845  31.349  -60.071  0.074 0.1000000015
5856  30.487  -60.005  -0.362 0.1000000015
6559  30.291  -58.718  -0.762 0.1000000015
8008  30.418  -56.704  -1.134 0.1000000015
8024  30.012  -56.370  -1.275 0.1000000015
8007  30.769  -56.382  -0.864 0.1000000015
8784  29.985  -55.337  -1.199 0.1000000015
9507  30.149  -54.409  -1.159 0.1000000015
10172  29.612  -53.418  -1.834 0.1000000015
10854  29.654  -52.227  -2.577 0.1000000015
11675  31.894  -51.714  -4.345 0.1000000015
10211  35.776  -53.324  -2.742 0.1000000015
10871  34.270  -52.419  -3.511 0.1000000015
10873  32.464  -52.201  -4.332 0.1000000015
10187  37.474  -53.822  -2.354 0.1000000015
9521  37.251  -54.378  -1.808 0.1000000015
6547  31.589  -58.870  0.262 0.1000000015
3893  31.821  -63.015  2.295 0.1000000015
3357  32.402  -63.346  1.306 0.1000000015
3358  31.635  -63.384  0.901 0.1000000015
3927  31.564  -63.149  0.271 0.1000000015
5182  31.889  -61.224  0.277 0.1000000015
6558  30.967  -59.074  -0.208 0.1000000015
7287  31.929  -57.182  0.186 0.1000000015
8770  31.263  -55.373  -0.524 0.1000000015
9506  30.843  -54.409  -0.661 0.1000000015
3341  32.486  -63.334  1.825 0.1000000015
3356  32.865  -63.299  1.584 0.1000000015
3926  32.435  -63.121  0.744 0.1000000015
4549  32.320  -62.323  0.418 0.1000000015
8783  30.554  -55.297  -0.871 0.1000000015
11630  30.262  -51.536  -2.196 0.1000000015
11643  30.291  -51.361  -3.173 0.1000000015
11659  31.330  -50.991  -3.746 0.1000000015
11657  33.395  -51.333  -3.502 0.1000000015
11660  30.532  -51.497  -4.056 0.1000000015
10870  35.308  -52.400  -3.322 0.1000000015
10872  33.307  -52.475  -4.045 0.1000000015
10853  36.210  -52.937  -2.969 0.1000000015
10852  37.120  -53.313  -3.131 0.1000000015
9520  38.128  -54.298  -1.969 0.1000000015
10185  39.644  -53.959  -2.731 0.1000000015
10186  38.347  -53.526  -2.696 0.1000000015
6546  32.176  -58.592  0.635 0.1000000015
7280  31.835  -57.978  0.356 0.1000000015
3892  32.208  -63.115  2.618 0.1000000015
3909  33.355  -62.847  1.763 0.1000000015
4548  33.242  -62.449  0.919 0.1000000015
5181  32.842  -61.189  0.929 0.1000000015
5844  32.232  -59.811  0.692 0.1000000015
8006  31.612  -56.373  -0.195 0.1000000015
9496  31.549  -54.443  -0.208 0.1000000015
3340  32.867  -63.238  1.962 0.1000000015
10167  31.832  -53.589  0.117 0.1000000015
10168  31.179  -53.492  -0.424 0.1000000015
10171  30.423  -53.419  -0.999 0.1000000015
10838  30.825  -52.452  -0.706 0.1000000015
10839  30.179  -52.365  -1.549 0.1000000015
11618  31.430  -51.638  -0.478 0.1000000015
11629  30.867  -51.390  -1.373 0.1000000015
12439  31.826  -50.481  -2.849 0.1000000015
11655  35.375  -51.216  -4.198 0.1000000015
11656  34.345  -51.248  -3.655 0.1000000015
12450  32.614  -50.532  -3.277 0.1000000015
12451  32.034  -50.719  -3.515 0.1000000015
11654  35.968  -51.617  -4.391 0.1000000015
10869  36.270  -52.286  -3.896 0.1000000015
10208  40.109  -53.803  -3.563 0.1000000015
3872  33.634  -62.329  3.363 0.1000000015
3873  33.120  -62.573  3.197 0.1000000015
3874  32.543  -62.715  2.943 0.1000000015
4531  34.162  -61.752  2.105 0.1000000015
4532  33.769  -62.037  1.568 0.1000000015
7279  32.441  -57.611  0.734 0.1000000015
3908  33.797  -62.294  2.003 0.1000000015
5180  33.539  -61.536  1.280 0.1000000015
5830  33.195  -59.890  1.232 0.1000000015
6530  32.791  -58.743  1.035 0.1000000015
8001  32.382  -56.240  0.518 0.1000000015
8769  31.885  -55.341  0.074 0.1000000015
7986  32.802  -56.848  1.120 0.1000000015
9489  32.667  -54.516  0.739 0.1000000015
10831  31.559  -52.644  -0.113 0.1000000015
10830  32.251  -52.836  0.334 0.1000000015
12415  31.492  -50.993  -0.924 0.1000000015
12424  32.255  -50.093  -1.320 0.1000000015
12425  31.663  -50.494  -1.644 0.1000000015
12437  33.202  -49.640  -2.685 0.1000000015
12438  32.672  -49.888  -2.269 0.1000000015
12449  33.485  -50.051  -3.267 0.1000000015
10886  36.251  -51.787  -4.527 0.1000000015
10868  37.433  -52.926  -3.983 0.1000000015
10851  37.780  -53.178  -3.282 0.1000000015
10210  38.187  -53.178  -3.495 0.1000000015
10209  39.071  -53.362  -3.612 0.1000000015
6514  34.334  -58.865  2.192 0.1000000015
7270  33.727  -57.817  2.146 0.1000000015
4503  34.232  -61.842  3.676 0.1000000015
4516  34.617  -61.485  2.705 0.1000000015
5167  34.686  -61.090  2.157 0.1000000015
5169  33.585  -60.751  1.376 0.1000000015
6529  33.545  -58.835  1.618 0.1000000015
7985  33.381  -56.610  1.685 0.1000000015
3890  33.784  -62.379  2.669 0.1000000015
5829  34.103  -59.930  1.746 0.1000000015
9488  33.121  -54.656  1.221 0.1000000015
10825  32.897  -52.945  0.740 0.1000000015
8000  32.884  -56.095  1.164 0.1000000015
11606  32.587  -52.252  0.598 0.1000000015
12414  32.226  -50.670  -0.327 0.1000000015
13243  32.736  -49.705  -1.038 0.1000000015
13283  34.303  -49.506  -3.130 0.1000000015
12447  35.384  -50.036  -4.372 0.1000000015
12448  34.564  -50.164  -3.842 0.1000000015
11674  35.689  -50.641  -4.603 0.1000000015
11673  36.173  -51.158  -4.904 0.1000000015
10885  36.789  -52.065  -4.895 0.1000000015
5151  35.926  -60.061  2.553 0.1000000015
5137  35.231  -60.982  3.266 0.1000000015
5136  35.986  -60.280  2.920 0.1000000015
5807  35.640  -59.735  2.312 0.1000000015
5808  34.879  -59.578  2.124 0.1000000015
7262  34.635  -57.927  2.639 0.1000000015
4475  33.682  -61.500  4.888 0.1000000015
4491  34.078  -61.479  4.549 0.1000000015
5152  35.353  -60.612  2.505 0.1000000015
7968  34.091  -56.788  2.490 0.1000000015
9466  33.768  -54.584  2.038 0.1000000015
8739  33.781  -55.555  2.118 0.1000000015
11586  33.715  -52.565  1.617 0.1000000015
11605  33.194  -52.046  1.168 0.1000000015
12396  33.008  -50.915  0.869 0.1000000015
13219  32.783  -49.955  -0.301 0.1000000015
13218  33.347  -49.721  -0.354 0.1000000015
13264  33.122  -49.509  -1.708 0.1000000015
13262  34.856  -49.060  -2.446 0.1000000015
12477  36.717  -50.888  -5.294 0.1000000015
11689  37.014  -51.360  -5.456 0.1000000015
5120  35.787  -60.282  3.639 0.1000000015
6512  36.202  -58.910  2.411 0.1000000015
7261  35.757  -57.977  2.733 0.1000000015
6513  35.267  -58.869  2.428 0.1000000015
8738  34.410  -55.856  2.916 0.1000000015
9442  34.791  -55.009  3.205 0.1000000015
9465  34.186  -54.784  2.585 0.1000000015
10805  33.978  -53.322  2.165 0.1000000015
11585  34.285  -51.943  1.773 0.1000000015
11604  33.649  -51.323  1.263 0.1000000015
12395  34.277  -50.617  0.876 0.1000000015
12413  33.187  -50.232  0.220 0.1000000015
13216  35.332  -49.551  -0.527 0.1000000015
12412  33.752  -49.995  0.161 0.1000000015
13241  34.535  -49.241  -1.361 0.1000000015
13261  36.033  -48.949  -2.672 0.1000000015
13281  36.334  -49.417  -3.969 0.1000000015
13282  35.196  -49.387  -3.485 0.1000000015
12461  37.209  -49.950  -5.075 0.1000000015
11688  37.866  -51.278  -6.012 0.1000000015
11700  39.392  -51.660  -6.779 0.1000000015
5788  36.435  -59.712  3.221 0.1000000015
5806  36.427  -59.504  2.689 0.1000000015
7243  36.489  -57.624  2.743 0.1000000015
8716  35.221  -56.031  3.468 0.1000000015
9441  35.596  -55.132  3.495 0.1000000015
7967  34.917  -56.985  3.105 0.1000000015
10129  34.623  -53.976  2.869 0.1000000015
12371  34.741  -51.197  1.586 0.1000000015
13198  35.097  -50.018  0.268 0.1000000015
13260  37.196  -49.293  -2.758 0.1000000015
13240  35.673  -49.125  -1.514 0.1000000015
13307  37.005  -49.688  -4.610 0.1000000015
13306  37.906  -49.604  -4.927 0.1000000015
13324  37.998  -49.991  -5.600 0.1000000015
12485  40.208  -50.372  -6.970 0.1000000015
12495  42.156  -50.815  -7.899 0.1000000015
5770  36.848  -59.233  3.405 0.1000000015
5787  36.897  -59.307  2.961 0.1000000015
7259  37.226  -58.381  2.593 0.1000000015
7949  36.789  -56.982  2.988 0.1000000015
9440  36.500  -55.136  3.365 0.1000000015
7260  36.700  -58.285  2.482 0.1000000015
7950  35.899  -56.988  3.173 0.1000000015
10788  35.547  -53.685  3.167 0.1000000015
10803  35.189  -53.166  2.841 0.1000000015
11560  35.216  -52.168  2.532 0.1000000015
12394  35.605  -50.451  0.966 0.1000000015
13215  36.443  -49.575  -0.574 0.1000000015
13302  42.634  -49.350  -4.731 0.1000000015
13276  42.125  -49.190  -3.772 0.1000000015
13277  41.016  -48.953  -3.813 0.1000000015
13278  39.839  -49.051  -3.824 0.1000000015
13279  38.683  -49.243  -3.835 0.1000000015
13239  36.864  -49.295  -1.594 0.1000000015
13303  41.533  -49.127  -4.834 0.1000000015
13301  43.638  -49.257  -4.645 0.1000000015
13319  43.234  -49.444  -5.658 0.1000000015
13320  42.102  -49.458  -5.795 0.1000000015
13321  40.911  -49.378  -5.895 0.1000000015
13305  39.141  -49.355  -4.872 0.1000000015
13280  37.564  -49.356  -3.827 0.1000000015
13318  44.239  -49.252  -5.529 0.1000000015
13328  43.886  -49.505  -6.546 0.1000000015
13323  38.591  -49.745  -5.679 0.1000000015
13330  41.500  -49.749  -6.952 0.1000000015
12474  38.870  -50.001  -6.227 0.1000000015
13360  43.965  -49.992  -8.139 0.1000000015
13348  41.786  -50.313  -7.473 0.1000000015
12510  42.950  -51.054  -8.389 0.1000000015
6498  37.557  -58.219  3.598 0.1000000015
6499  37.404  -58.722  3.009 0.1000000015
7241  37.568  -57.973  2.762 0.1000000015
7948  37.645  -57.105  2.810 0.1000000015
7242  37.143  -57.765  2.585 0.1000000015
8714  37.084  -56.078  2.949 0.1000000015
10108  36.782  -54.269  3.282 0.1000000015
10109  35.820  -54.257  3.383 0.1000000015
10787  35.985  -53.532  3.301 0.1000000015
10802  36.010  -52.662  3.139 0.1000000015
11584  35.182  -51.416  2.089 0.1000000015
12369  36.220  -50.764  1.911 0.1000000015
13196  37.047  -49.939  0.331 0.1000000015
13238  38.053  -49.484  -1.665 0.1000000015
13257  40.584  -49.077  -2.775 0.1000000015
13258  39.462  -49.264  -2.788 0.1000000015
13327  44.823  -49.128  -6.410 0.1000000015
7223  37.778  -57.717  3.962 0.1000000015
7947  38.379  -56.924  2.745 0.1000000015
7240  38.070  -57.518  3.168 0.1000000015
8713  38.063  -56.113  2.830 0.1000000015
9464  38.159  -55.221  2.893 0.1000000015
9439  37.378  -55.057  3.079 0.1000000015
10107  37.294  -54.474  3.164 0.1000000015
10127  36.726  -53.420  3.286 0.1000000015
10801  37.078  -52.636  3.148 0.1000000015
12393  36.668  -50.295  1.139 0.1000000015
13213  38.972  -49.789  -0.703 0.1000000015
12411  38.161  -50.099  0.517 0.1000000015
13195  37.670  -50.027  0.380 0.1000000015
13256  41.694  -49.120  -2.782 0.1000000015
13235  41.357  -49.447  -1.849 0.1000000015
13237  39.185  -49.587  -1.780 0.1000000015
13214  37.751  -49.822  -0.395 0.1000000015
13274  43.998  -49.035  -3.674 0.1000000015
13255  42.718  -49.212  -2.767 0.1000000015
13300  44.503  -48.939  -4.548 0.1000000015
7258  38.896  -57.036  2.801 0.1000000015
7966  38.819  -56.423  2.659 0.1000000015
8737  38.644  -55.737  2.666 0.1000000015
10126  37.744  -54.116  3.140 0.1000000015
10800  38.258  -52.836  2.982 0.1000000015
11558  37.459  -51.586  2.662 0.1000000015
11582  37.894  -51.279  2.462 0.1000000015
12368  37.417  -50.808  2.131 0.1000000015
12410  38.897  -50.005  0.346 0.1000000015
13212  40.071  -49.726  -0.828 0.1000000015
13236  40.282  -49.490  -1.825 0.1000000015
13275  43.134  -49.274  -3.717 0.1000000015
13317  45.066  -48.830  -5.350 0.1000000015
14126  45.499  -48.227  -7.257 0.1000000015
8736  39.210  -55.785  2.582 0.1000000015
9462  39.640  -54.935  2.565 0.1000000015
9463  38.759  -54.998  2.649 0.1000000015
10124  40.102  -54.015  2.815 0.1000000015
10125  39.059  -54.047  3.020 0.1000000015
11557  38.635  -51.737  2.570 0.1000000015
11581  38.117  -51.095  2.362 0.1000000015
12367  38.534  -50.767  2.076 0.1000000015
12391  38.789  -50.248  1.255 0.1000000015
12409  39.940  -49.873  0.225 0.1000000015
13254  43.648  -49.155  -2.728 0.1000000015
13234  42.386  -49.397  -1.834 0.1000000015
14113  45.845  -48.040  -6.356 0.1000000015
14947  45.622  -47.925  -6.799 0.1000000015
10798  40.528  -53.087  2.635 0.1000000015
10799  39.495  -52.974  2.972 0.1000000015
11556  39.896  -52.137  2.543 0.1000000015
12343  39.397  -51.327  2.390 0.1000000015
14106  45.919  -48.041  -4.631 0.1000000015
13273  44.677  -48.661  -3.651 0.1000000015
14109  46.119  -47.651  -5.627 0.1000000015
12365  40.863  -50.980  2.232 0.1000000015
12341  40.710  -51.515  2.393 0.1000000015
12388  41.879  -50.293  0.831 0.1000000015
12364  41.819  -50.739  1.733 0.1000000015
12342  40.249  -51.459  2.378 0.1000000015
12407  41.992  -49.854  -0.019 0.1000000015
12390  39.842  -50.207  1.258 0.1000000015
13272  45.051  -48.382  -3.607 0.1000000015
13252  44.874  -48.330  -2.899 0.1000000015
13253  44.386  -48.785  -2.717 0.1000000015
13233  43.352  -49.277  -1.790 0.1000000015
13211  41.128  -49.675  -0.898 0.1000000015
14923  46.125  -47.296  -5.458 0.1000000015
12406  42.953  -49.790  -0.070 0.1000000015
12389  40.919  -50.210  1.111 0.1000000015
12408  40.993  -49.804  0.104 0.1000000015
13232  44.248  -49.107  -1.724 0.1000000015
13209  43.110  -49.458  -0.902 0.1000000015
13210  42.148  -49.620  -0.925 0.1000000015
10190  29.320  -52.944  -2.567 0.1000000015
10874  29.658  -51.902  -3.874 0.1000000015
11676  31.157  -51.756  -4.587 0.1000000015
10887  32.711  -52.926  -4.546 0.1000000015
9555  32.833  -54.937  -4.398 0.1000000015
3360  29.797  -63.490  0.394 0.1000000015
10875  28.871  -52.514  -4.063 0.1000000015
10214  28.735  -52.830  -3.332 0.1000000015
10889  30.843  -52.501  -5.199 0.1000000015
3928  31.036  -63.489  -0.044 0.1000000015
9508  29.515  -54.569  -1.569 0.1000000015
4550  31.503  -62.343  -0.039 0.1000000015
7288  31.127  -57.724  -0.232 0.1000000015
7289  30.328  -57.353  -1.075 0.1000000015
11658  32.450  -51.372  -3.860 0.1000000015
11642  30.899  -50.836  -2.499 0.1000000015
3891  32.860  -63.036  2.485 0.1000000015
9495  32.118  -54.456  0.322 0.1000000015
5168  34.143  -61.087  1.708 0.1000000015
7271  33.051  -57.744  1.441 0.1000000015
8764  32.374  -55.173  0.512 0.1000000015
10158  33.082  -53.811  0.950 0.1000000015
10159  32.491  -53.688  0.526 0.1000000015
11617  32.026  -51.901  0.190 0.1000000015
11672  36.612  -51.471  -5.147 0.1000000015
10884  37.944  -52.691  -4.946 0.1000000015
10867  38.273  -53.132  -4.122 0.1000000015
5828  34.863  -60.366  2.040 0.1000000015
8753  33.241  -55.507  1.454 0.1000000015
10130  33.959  -53.816  2.245 0.1000000015
10145  33.516  -53.985  1.600 0.1000000015
12397  32.587  -51.543  0.518 0.1000000015
13263  33.650  -49.352  -2.306 0.1000000015
12463  36.063  -50.176  -4.688 0.1000000015
10906  37.517  -51.990  -5.523 0.1000000015
10815  33.790  -53.186  1.897 0.1000000015
13242  33.570  -49.395  -1.159 0.1000000015
13217  34.263  -49.697  -0.264 0.1000000015
13308  36.485  -49.834  -4.633 0.1000000015
12476  37.412  -50.440  -5.499 0.1000000015
6511  36.931  -58.881  2.549 0.1000000015
10110  35.185  -54.422  3.262 0.1000000015
11561  34.708  -52.547  2.387 0.1000000015
12486  39.233  -50.625  -6.698 0.1000000015
11701  38.631  -51.508  -6.490 0.1000000015
12497  40.048  -51.005  -7.147 0.1000000015
5805  36.982  -59.147  2.752 0.1000000015
8715  36.205  -56.076  3.391 0.1000000015
12370  35.292  -50.932  1.554 0.1000000015
13197  36.025  -49.906  0.286 0.1000000015
12496  41.002  -50.674  -7.467 0.1000000015
13332  39.852  -50.079  -6.622 0.1000000015
13331  40.450  -49.841  -6.630 0.1000000015
11559  36.187  -51.592  2.603 0.1000000015
13304  40.326  -49.156  -4.893 0.1000000015
13259  38.346  -49.399  -2.778 0.1000000015
13329  42.784  -49.581  -6.695 0.1000000015
13322  39.622  -49.616  -6.032 0.1000000015
13347  42.470  -50.046  -7.498 0.1000000015
12509  43.787  -50.603  -8.904 0.1000000015
12494  43.147  -50.354  -8.115 0.1000000015
13326  45.509  -48.533  -6.050 0.1000000015
12345  36.899  -51.116  2.386 0.1000000015
12392  37.746  -50.269  1.121 0.1000000015
13299  45.310  -48.438  -4.368 0.1000000015
13316  45.658  -48.412  -5.122 0.1000000015
12366  39.620  -50.743  2.018 0.1000000015
12564  39.883  -50.130  -12.339 0.3000000119
13420  39.167  -49.309  -11.935 0.3000000119
14190  38.122  -48.418  -11.955 0.3000000119
15029  37.805  -47.646  -11.611 0.4000000060
15030  36.935  -47.666  -11.202 0.4000000060
13400  37.722  -49.149  -11.690 0.3000000119
14192  36.271  -48.354  -11.201 0.4000000060
5349  36.773  -59.598  -11.747 0.1000000015
6030  37.059  -59.382  -12.126 0.1000000015
7432  36.742  -57.944  -12.275 0.2000000030
8135  37.043  -56.435  -11.506 0.3000000119
13386  33.301  -49.904  -10.822 0.4000000060
13418  40.683  -49.897  -12.794 0.3000000119
10287  36.357  -53.692  -10.641 0.4000000060
10960  36.454  -52.587  -10.290 0.4000000060
10972  35.931  -53.032  -10.845 0.4000000060
6017  36.508  -59.434  -11.405 0.1000000015
8155  36.489  -57.067  -12.099 0.3000000119
10961  35.672  -52.368  -10.701 0.4000000060
11740  34.954  -51.762  -10.857 0.4000000060
12532  34.053  -50.925  -11.091 0.4000000060
5350  36.222  -59.606  -11.939 0.1000000015
14178  32.657  -48.833  -10.385 0.5000000000
7433  36.004  -57.748  -12.717 0.2000000030
8136  36.324  -56.245  -11.776 0.3000000119
9615  36.072  -54.637  -11.057 0.3000000119
11741  34.519  -51.593  -11.292 0.4000000060
15013  31.770  -47.606  -10.606 0.4000000060
16761  31.256  -46.010  -10.632 0.4000000060
10302  35.837  -53.723  -11.278 0.4000000060
10973  35.356  -52.772  -11.545 0.4000000060
12546  33.789  -51.245  -11.683 0.4000000060
12547  33.314  -50.748  -11.875 0.4000000060
5377  35.869  -59.498  -12.821 0.2000000030
6053  35.839  -59.351  -13.156 0.2000000030
6753  36.258  -58.973  -12.830 0.2000000030
8156  35.709  -56.544  -12.591 0.2000000030
6733  36.310  -58.471  -12.687 0.2000000030
9616  35.817  -54.457  -11.928 0.3000000119
9633  35.657  -54.070  -12.650 0.3000000119
5362  35.607  -59.527  -12.608 0.1000000015
10974  34.751  -52.324  -11.980 0.4000000060
8931  35.950  -55.456  -11.832 0.3000000119
10316  35.407  -53.349  -12.405 0.4000000060
11755  34.250  -51.700  -11.839 0.4000000060
14193  32.228  -49.107  -11.318 0.5000000000
14194  31.796  -48.235  -11.393 0.5000000000
15879  31.475  -46.645  -11.160 0.4000000060
10990  35.043  -52.742  -12.572 0.4000000060
12566  33.267  -50.801  -12.772 0.4000000060
13421  32.381  -49.757  -12.254 0.5000000000
14205  32.003  -48.548  -12.283 0.5000000000
15897  31.655  -46.908  -11.926 0.4000000060
6054  35.563  -59.297  -13.844 0.2000000030
6754  35.784  -58.630  -13.309 0.2000000030
7450  35.598  -57.547  -13.590 0.2000000030
8169  35.552  -56.244  -13.800 0.2000000030
8949  35.635  -55.196  -12.845 0.3000000119
8957  35.697  -55.198  -13.721 0.4000000060
9643  35.753  -54.416  -13.421 0.3000000119
12585  32.702  -50.016  -12.911 0.5000000000
15043  31.788  -47.591  -12.201 0.5000000000
16781  31.682  -46.005  -11.950 0.4000000060
16767  31.348  -45.749  -11.219 0.4000000060
11009  34.883  -52.233  -13.561 0.4000000060
10991  34.490  -52.180  -12.623 0.4000000060
14217  32.496  -48.301  -13.037 0.5000000000
6073  35.501  -59.601  -14.526 0.2000000030
7462  35.729  -57.332  -14.564 0.2000000030
17736  31.725  -44.341  -11.815 0.4000000060
8181  35.856  -56.423  -14.703 0.2000000030
10328  35.557  -53.381  -13.335 0.3000000119
11792  33.489  -51.026  -13.170 0.4000000060
5378  35.299  -59.885  -13.647 0.2000000030
7480  36.122  -58.001  -15.304 0.2000000030
8969  35.998  -55.467  -14.456 0.3000000119
9655  36.428  -54.531  -14.475 0.4000000060
18777  31.276  -43.971  -11.280 0.4000000060
10327  35.948  -53.417  -14.024 0.3000000119
12584  33.327  -50.393  -13.507 0.5000000000
15042  32.162  -47.754  -12.711 0.5000000000
20725  31.885  -41.362  -10.806 0.4000000060
5395  35.039  -60.304  -14.894 0.2000000030
6767  35.719  -58.604  -14.538 0.2000000030
11028  35.395  -52.172  -14.208 0.4000000060
11805  34.310  -51.015  -14.138 0.4000000060
16801  32.731  -46.294  -12.983 0.5000000000
17747  32.268  -44.680  -12.228 0.4000000060
22829  35.708  -39.422  -9.824 0.4000000060
5413  35.139  -59.903  -15.866 0.2000000030
6784  35.897  -58.632  -15.419 0.2000000030
8205  36.192  -57.016  -15.332 0.2000000030
8180  36.450  -56.078  -15.169 0.2000000030
13450  33.772  -49.191  -14.339 0.5000000000
15053  33.303  -47.523  -13.555 0.5000000000
5396  33.979  -60.516  -14.674 0.2000000030
9642  36.048  -53.979  -13.970 0.4000000060
11008  35.760  -52.795  -14.052 0.3000000119
12599  33.570  -49.878  -14.114 0.5000000000
14216  33.230  -48.387  -13.665 0.5000000000
16780  32.375  -45.663  -12.540 0.5000000000
5414  34.399  -60.098  -15.504 0.2000000030
21791  34.730  -40.239  -10.806 0.4000000060
20745  32.334  -42.030  -11.462 0.4000000060
18776  32.024  -43.759  -11.879 0.4000000060
6089  35.651  -59.269  -15.617 0.2000000030
8968  36.781  -55.213  -14.970 0.4000000060
16779  32.745  -45.101  -12.628 0.4000000060
18795  32.801  -43.757  -12.295 0.4000000060
7479  36.697  -57.557  -15.946 0.2000000030
8204  36.877  -56.615  -15.845 0.2000000030
6088  36.042  -58.891  -15.855 0.2000000030
21819  33.732  -41.105  -11.626 0.4000000060
19769  33.133  -42.532  -12.101 0.4000000060
19791  33.682  -42.559  -12.520 0.4000000060
11804  34.944  -51.413  -14.459 0.3000000119
15070  33.865  -47.487  -14.035 0.5000000000
15916  33.300  -46.733  -13.407 0.5000000000
18794  33.655  -43.691  -12.815 0.4000000060
9654  37.092  -54.323  -15.034 0.4000000060
11027  36.030  -52.149  -14.689 0.4000000060
11819  35.480  -51.208  -15.008 0.3000000119
12598  34.247  -50.364  -14.508 0.4000000060
10341  36.538  -53.480  -14.653 0.4000000060
14232  34.388  -48.420  -14.738 0.5000000000
7497  36.949  -57.777  -16.715 0.2000000030
20743  33.958  -41.376  -12.080 0.4000000060
16800  33.204  -45.520  -13.089 0.5000000000
15915  33.865  -46.044  -13.641 0.5000000000
12615  35.236  -50.524  -15.377 0.4000000060
13449  34.365  -49.429  -14.815 0.5000000000
15931  33.862  -46.706  -13.784 0.5000000000
15084  34.960  -47.947  -15.098 0.5000000000
13470  34.893  -49.221  -15.281 0.5000000000
14191  37.256  -48.361  -11.626 0.4000000060
12531  35.151  -50.613  -10.678 0.4000000060
21792  33.499  -40.686  -10.948 0.4000000060
20744  33.110  -41.702  -11.722 0.4000000060
15930  34.359  -46.555  -14.090 0.5000000000
10989  40.241  -52.135  -11.983 0.3000000119
11752  39.510  -50.973  -11.307 0.3000000119
11753  38.892  -50.478  -10.980 0.2000000030
12545  37.776  -49.636  -11.166 0.2000000030
9631  40.278  -53.794  -11.552 0.2000000030
10300  39.575  -53.119  -11.400 0.3000000119
10301  39.104  -53.416  -10.891 0.3000000119
10958  38.697  -52.220  -10.298 0.3000000119
9613  39.651  -54.098  -11.310 0.2000000030
8913  38.494  -54.695  -10.961 0.2000000030
9598  38.314  -54.313  -10.852 0.2000000030
8154  37.270  -57.287  -11.794 0.2000000030
6092  32.995  -59.422  -14.775 0.1000000015
6768  32.267  -58.703  -14.505 0.1000000015
9709  38.859  -53.726  -18.406 0.1000000015
11751  41.900  -51.820  -12.090 0.1000000015
12563  40.515  -50.474  -12.657 0.2000000030
11773  40.043  -50.989  -12.019 0.2000000030
10988  40.769  -52.290  -12.406 0.2000000030
10956  41.939  -52.625  -10.257 0.1000000015
10299  40.662  -53.575  -11.245 0.1000000015
10314  40.774  -53.167  -11.957 0.2000000030
10282  41.193  -53.132  -10.771 0.1000000015
10283  40.575  -53.870  -10.387 0.1000000015
5379  34.414  -60.564  -13.965 0.1000000015
5415  33.520  -60.092  -14.993 0.1000000015
7514  37.531  -57.157  -17.645 0.1000000015
8248  37.893  -56.684  -17.673 0.1000000015
9020  38.523  -55.537  -17.631 0.1000000015
9678  38.648  -54.593  -17.059 0.1000000015
7534  37.418  -56.964  -18.272 0.1000000015
9039  38.446  -55.480  -18.240 0.1000000015
9677  38.980  -54.050  -17.755 0.1000000015
11063  38.770  -52.384  -16.911 0.1000000015
9691  38.896  -54.067  -18.174 0.1000000015
11845  39.647  -51.542  -17.992 0.1000000015
11846  39.204  -50.942  -17.515 0.1000000015
12637  39.699  -50.249  -17.874 0.1000000015
13495  39.599  -49.210  -17.820 0.1000000015
10987  41.340  -52.372  -12.154 0.2000000030
10298  41.123  -53.032  -11.489 0.1000000015
9667  37.599  -54.542  -15.562 0.1000000015
11818  36.048  -51.313  -15.351 0.3000000119
6125  35.865  -59.091  -16.890 0.1000000015
6803  36.563  -58.381  -16.850 0.1000000015
8228  37.320  -57.018  -16.486 0.1000000015
8983  37.734  -55.290  -15.969 0.1000000015
10365  37.643  -52.998  -16.140 0.2000000030
11817  36.702  -51.690  -15.687 0.3000000119
13468  36.151  -49.001  -15.945 0.3000000119
14252  36.171  -48.293  -15.838 0.3000000119
6786  33.322  -58.680  -15.201 0.1000000015
6823  35.619  -58.840  -17.049 0.1000000015
8982  38.182  -55.189  -16.524 0.1000000015
10364  38.273  -53.440  -16.387 0.1000000015
11830  37.160  -51.398  -16.205 0.2000000030
13481  36.507  -49.349  -16.236 0.3000000119
7516  35.955  -57.716  -17.415 0.1000000015
13479  38.554  -48.954  -17.210 0.2000000030
14269  37.976  -48.176  -16.780 0.3000000119
13496  39.132  -49.115  -17.561 0.1000000015
14268  38.718  -48.023  -17.078 0.2000000030
15099  38.404  -47.316  -16.716 0.4000000060
13494  40.148  -49.234  -18.295 0.1000000015
14292  39.390  -48.350  -17.476 0.1000000015
15124  39.212  -47.341  -17.150 0.3000000119
14136  45.250  -48.483  -8.058 0.1000000015
13369  44.670  -49.338  -9.493 0.1000000015
16813  34.510  -45.526  -13.951 0.4000000060
15068  35.166  -46.921  -14.810 0.4000000060
13469  35.738  -49.342  -15.796 0.3000000119
14253  35.374  -48.422  -15.405 0.4000000060
15083  35.554  -47.225  -15.204 0.4000000060
15101  36.785  -47.407  -15.985 0.4000000060
15943  37.268  -46.044  -15.835 0.4000000060
15100  37.587  -47.384  -16.342 0.4000000060
15960  37.989  -46.384  -16.315 0.5000000000
15959  38.770  -46.549  -16.918 0.5000000000
14290  40.437  -48.393  -18.269 0.2000000030
14291  40.153  -48.374  -17.915 0.1000000015
15980  39.557  -46.314  -17.541 0.4000000060
13512  40.507  -49.537  -18.895 0.1000000015
15139  40.969  -47.607  -18.902 0.1000000015
15978  41.042  -46.569  -18.558 0.2000000030
15979  40.564  -46.543  -18.016 0.2000000030
12678  39.676  -50.632  -19.688 0.1000000015
13527  40.080  -49.506  -19.769 0.1000000015
15121  41.197  -46.950  -18.712 0.2000000030
12679  39.331  -50.494  -20.255 0.1000000015
13528  39.623  -50.005  -20.108 0.1000000015
17763  34.247  -44.623  -13.573 0.4000000060
17764  33.702  -44.625  -13.147 0.3000000119
17781  34.774  -44.600  -14.053 0.4000000060
15945  35.797  -46.196  -15.014 0.4000000060
15929  35.155  -46.315  -14.546 0.4000000060
15944  36.491  -46.474  -15.524 0.4000000060
17801  35.744  -44.959  -15.002 0.4000000060
16846  37.607  -45.266  -16.155 0.4000000060
16845  38.549  -45.351  -17.055 0.5000000000
17833  38.960  -44.486  -17.782 0.4000000060
16856  40.741  -45.905  -18.667 0.3000000119
16857  40.144  -45.522  -18.320 0.4000000060
17832  39.675  -44.582  -18.278 0.4000000060
16027  40.092  -46.633  -20.611 0.2000000030
16026  40.540  -46.243  -20.138 0.2000000030
16000  40.947  -45.969  -18.920 0.2000000030
14319  39.773  -48.209  -20.490 0.1000000015
14318  40.218  -48.260  -19.906 0.2000000030
11121  35.086  -52.512  -19.981 0.1000000015
18802  34.786  -43.040  -13.985 0.4000000060
18803  34.479  -43.601  -13.574 0.4000000060
17779  35.703  -43.964  -14.737 0.4000000060
17799  36.998  -44.315  -15.891 0.4000000060
17800  36.138  -44.426  -15.194 0.4000000060
18847  38.189  -43.592  -17.179 0.4000000060
17819  37.811  -44.166  -16.650 0.4000000060
18863  38.733  -43.433  -17.809 0.3000000119
18875  39.951  -43.644  -18.633 0.4000000060
18862  39.328  -43.889  -18.179 0.4000000060
17844  40.980  -44.841  -19.399 0.3000000119
17845  40.806  -44.513  -19.217 0.3000000119
17846  40.383  -44.525  -18.684 0.4000000060
15156  39.694  -47.312  -20.775 0.2000000030
16910  40.166  -45.371  -20.973 0.2000000030
16901  40.858  -45.354  -20.159 0.2000000030
16870  40.928  -45.475  -19.275 0.2000000030
14326  39.351  -48.171  -21.081 0.2000000030
9743  34.640  -54.120  -20.564 0.1000000015
11138  35.160  -52.813  -20.576 0.1000000015
11137  35.543  -52.288  -20.990 0.1000000015
20760  33.768  -41.845  -12.292 0.3000000119
20774  35.294  -41.788  -13.874 0.4000000060
20775  34.789  -41.839  -13.394 0.3000000119
19816  35.728  -42.495  -14.576 0.4000000060
20797  37.008  -41.577  -15.587 0.4000000060
19815  36.314  -42.724  -15.124 0.4000000060
19825  37.296  -42.462  -16.121 0.4000000060
19826  36.943  -42.435  -15.613 0.4000000060
18864  38.242  -42.977  -17.369 0.4000000060
19838  37.589  -42.427  -16.583 0.4000000060
19863  39.071  -42.647  -18.372 0.4000000060
19850  38.555  -42.334  -17.852 0.3000000119
20879  41.635  -41.808  -20.745 0.3000000119
20867  41.865  -41.619  -20.165 0.3000000119
19873  41.342  -42.395  -19.800 0.3000000119
19874  40.750  -42.678  -19.394 0.3000000119
19862  39.873  -42.537  -18.866 0.3000000119
16912  38.990  -45.458  -21.114 0.2000000030
17889  39.457  -44.827  -21.050 0.2000000030
18918  40.858  -43.282  -21.064 0.3000000119
18917  41.042  -43.410  -20.541 0.2000000030
18888  40.855  -43.527  -19.620 0.3000000119
18874  40.548  -43.672  -19.107 0.3000000119
16911  39.599  -45.482  -21.188 0.2000000030
17886  40.773  -43.848  -20.572 0.2000000030
15165  39.234  -47.272  -21.218 0.2000000030
21841  34.408  -41.152  -12.309 0.3000000119
21840  35.017  -40.849  -12.578 0.3000000119
20758  34.972  -41.399  -13.227 0.4000000060
20759  34.348  -41.768  -12.817 0.3000000119
22916  37.431  -40.126  -14.713 0.3000000119
22917  36.790  -40.373  -14.211 0.4000000060
21888  37.400  -40.811  -15.907 0.4000000060
22932  37.533  -40.345  -15.448 0.4000000060
20785  36.450  -41.822  -15.042 0.4000000060
21887  38.108  -40.586  -16.506 0.4000000060
20796  37.405  -41.764  -16.183 0.4000000060
20810  38.491  -41.241  -17.521 0.3000000119
20811  37.921  -41.627  -16.986 0.4000000060
22995  41.917  -39.707  -20.285 0.3000000119
21933  42.602  -40.319  -19.248 0.2000000030
21934  42.136  -40.640  -18.964 0.2000000030
21936  39.919  -40.910  -18.595 0.2000000030
20836  39.323  -41.652  -18.474 0.3000000119
20823  38.723  -41.481  -17.931 0.3000000119
21963  41.202  -40.870  -21.163 0.3000000119
20849  41.940  -41.448  -19.640 0.3000000119
20850  41.369  -41.526  -19.325 0.2000000030
20851  40.568  -42.119  -19.180 0.2000000030
20835  40.407  -41.364  -18.996 0.2000000030
17861  38.243  -44.426  -20.117 0.2000000030
19876  38.938  -42.417  -20.310 0.3000000119
19893  40.325  -42.394  -20.973 0.3000000119
20868  41.090  -41.567  -21.257 0.3000000119
21817  35.429  -40.235  -11.660 0.3000000119
21818  34.389  -40.769  -11.717 0.3000000119
22946  39.755  -40.176  -16.711 0.3000000119
22961  42.110  -39.636  -18.009 0.2000000030
22962  40.602  -39.983  -17.777 0.2000000030
22963  39.659  -40.255  -17.345 0.2000000030
24015  41.849  -39.031  -18.866 0.2000000030
22977  42.156  -39.963  -18.618 0.2000000030
22978  41.597  -40.021  -18.263 0.2000000030
21920  40.270  -40.268  -18.132 0.2000000030
21758  35.531  -39.698  -10.131 0.2000000030
11909  38.394  -50.950  -20.541 0.1000000015
13542  39.345  -49.340  -20.735 0.1000000015
18889  38.610  -43.519  -20.167 0.3000000119
16028  38.603  -46.329  -20.903 0.2000000030
13382  37.205  -49.494  -11.230 0.3000000119
11736  39.116  -51.427  -10.682 0.3000000119
8914  38.046  -54.938  -10.813 0.2000000030
14138  44.494  -48.528  -8.896 0.1000000015
12562  41.471  -50.746  -12.986 0.2000000030
12565  39.209  -49.661  -11.942 0.2000000030
8984  37.122  -55.734  -15.615 0.1000000015
11045  36.553  -52.061  -15.335 0.3000000119
21790  35.756  -39.844  -10.556 0.3000000119
8203  37.483  -56.160  -16.277 0.1000000015
18793  34.010  -43.143  -13.005 0.3000000119
10352  37.435  -53.610  -15.588 0.3000000119
12627  35.736  -50.097  -15.907 0.2000000030
11044  37.137  -52.428  -15.835 0.2000000030
7496  37.513  -57.186  -17.203 0.1000000015
10315  40.186  -53.141  -11.994 0.2000000030
10957  39.255  -52.094  -10.660 0.3000000119
9614  38.890  -54.089  -11.065 0.2000000030
10377  39.125  -53.347  -18.164 0.1000000015
11772  40.778  -51.131  -12.686 0.2000000030
7515  37.062  -57.689  -17.591 0.1000000015
8264  37.967  -56.374  -18.309 0.1000000015
8227  37.853  -56.396  -17.000 0.1000000015
10363  39.087  -53.296  -17.329 0.1000000015
11828  39.130  -51.681  -17.334 0.1000000015
11829  38.324  -51.137  -16.991 0.1000000015
10351  37.940  -53.825  -16.032 0.2000000030
12626  36.222  -50.586  -15.994 0.3000000119
11064  37.891  -52.323  -16.440 0.2000000030
12625  37.314  -50.272  -16.572 0.3000000119
14270  37.089  -48.289  -16.351 0.4000000060
15082  36.255  -47.348  -15.633 0.4000000060
12624  38.131  -49.911  -17.067 0.3000000119
13480  37.606  -49.167  -16.695 0.3000000119
17780  35.423  -44.524  -14.561 0.4000000060
16826  36.789  -45.335  -15.588 0.4000000060
14311  40.561  -48.439  -19.253 0.2000000030
15146  40.913  -46.599  -19.379 0.2000000030
18813  35.235  -43.469  -14.367 0.4000000060
16827  36.073  -45.473  -15.207 0.4000000060
16902  40.549  -45.382  -20.533 0.2000000030
19806  35.091  -42.639  -14.132 0.4000000060
19891  41.378  -42.711  -20.330 0.3000000119
17875  40.896  -44.435  -20.234 0.2000000030
18919  40.390  -43.894  -20.925 0.2000000030
21874  35.893  -41.108  -14.037 0.4000000060
21859  35.563  -40.907  -13.413 0.4000000060
20786  35.976  -41.612  -14.416 0.4000000060
21962  42.008  -40.853  -20.737 0.3000000119
18907  39.373  -43.443  -20.635 0.2000000030
18906  40.152  -43.395  -20.952 0.2000000030
22883  37.278  -39.938  -13.122 0.4000000060
21905  38.374  -40.869  -17.112 0.4000000060
21921  39.440  -40.649  -17.907 0.2000000030
24033  41.231  -39.174  -19.588 0.2000000030
24014  42.149  -39.318  -19.250 0.2000000030
20834  41.256  -40.957  -18.956 0.2000000030
21858  36.307  -40.548  -13.797 0.3000000119
21839  36.273  -40.222  -12.773 0.2000000030
21815  37.518  -40.092  -11.358 0.2000000030
8928  38.569  -55.312  -10.921 0.1000000015
8927  39.129  -55.378  -10.765 0.1000000015
8134  37.861  -56.531  -11.355 0.1000000015
12542  42.370  -50.749  -12.144 0.1000000015
8929  37.614  -55.704  -10.996 0.1000000015
8153  37.917  -57.371  -11.634 0.1000000015
22828  36.678  -39.524  -9.789 0.1000000015
22853  36.556  -39.878  -9.976 0.1000000015
21755  38.907  -40.385  -9.417 0.1000000015
21756  37.998  -40.176  -9.688 0.1000000015
21788  37.732  -40.288  -10.418 0.1000000015
21814  38.443  -40.496  -11.226 0.1000000015
21838  37.316  -39.894  -12.348 0.1000000015
21836  39.298  -40.890  -12.141 0.2000000030
22915  38.714  -39.877  -14.652 0.2000000030
20773  40.121  -41.182  -12.672 0.2000000030
21857  39.122  -40.354  -12.808 0.2000000030
22898  38.895  -39.993  -13.433 0.2000000030
22899  37.867  -39.842  -13.781 0.2000000030
20756  40.613  -41.748  -12.522 0.2000000030
22897  39.598  -40.154  -13.705 0.2000000030
22931  38.426  -40.222  -15.828 0.2000000030
22945  41.142  -40.012  -16.701 0.1000000015
20757  39.997  -41.461  -12.088 0.2000000030
22914  39.983  -40.115  -14.397 0.2000000030
22913  40.729  -40.322  -14.912 0.2000000030
22930  39.773  -40.036  -15.647 0.1000000015
21885  41.832  -40.799  -15.797 0.1000000015
21904  41.411  -40.313  -15.969 0.1000000015
21789  36.767  -39.981  -10.396 0.1000000015
22827  37.537  -39.466  -9.557 0.1000000015
22826  38.371  -39.457  -9.410 0.1000000015
21787  38.529  -40.685  -10.247 0.1000000015
21786  39.280  -41.182  -10.028 0.1000000015
21837  38.377  -40.158  -12.392 0.2000000030
21856  39.902  -40.533  -13.336 0.2000000030
20853  38.102  -41.496  -19.653 0.2000000030
21964  40.043  -40.620  -20.712 0.2000000030
21965  39.466  -41.077  -20.480 0.2000000030
19877  38.078  -42.711  -19.706 0.2000000030
20837  37.569  -40.918  -19.195 0.2000000030
23010  40.372  -39.992  -20.502 0.2000000030
21954  39.083  -40.630  -20.099 0.2000000030
21953  39.606  -40.374  -20.328 0.2000000030
20838  36.824  -41.332  -18.725 0.2000000030
22996  40.740  -39.605  -20.178 0.2000000030
22979  38.444  -39.403  -19.166 0.1000000015
22980  37.676  -39.771  -18.811 0.2000000030
24035  39.164  -39.380  -19.536 0.2000000030
24034  40.075  -39.266  -19.512 0.2000000030
22964  37.338  -39.196  -18.212 0.1000000015
24018  38.038  -39.035  -18.622 0.1000000015
24017  39.033  -38.753  -18.922 0.1000000015
22948  36.411  -39.211  -17.126 0.1000000015
22949  35.799  -39.697  -16.776 0.1000000015
20741  40.423  -41.902  -11.552 0.1000000015
24016  40.434  -38.645  -18.951 0.1000000015
25033  38.635  -38.026  -17.350 0.1000000015
23999  39.421  -38.220  -18.142 0.1000000015
23985  36.934  -38.296  -16.666 0.1000000015
23984  37.548  -38.149  -17.071 0.1000000015
23971  36.590  -38.100  -15.817 0.1000000015
25003  36.975  -37.430  -15.645 0.1000000015
23951  35.587  -38.357  -14.847 0.1000000015
19789  41.181  -42.514  -12.346 0.1000000015
18754  42.438  -43.519  -10.788 0.1000000015
19767  41.499  -43.092  -11.840 0.1000000015
23997  41.836  -38.531  -17.743 0.1000000015
23998  40.737  -38.201  -18.191 0.1000000015
25022  38.828  -37.752  -16.697 0.1000000015
25032  39.702  -37.989  -17.430 0.1000000015
25024  37.244  -37.851  -16.360 0.1000000015
24978  35.962  -37.371  -14.422 0.1000000015
24977  36.575  -37.184  -14.897 0.1000000015
18775  42.175  -43.671  -11.953 0.1000000015
19805  41.121  -42.124  -13.147 0.1000000015
24999  40.868  -37.908  -15.634 0.1000000015
24975  39.934  -37.489  -14.822 0.1000000015
25000  39.979  -37.788  -15.794 0.1000000015
25031  40.680  -37.991  -17.402 0.1000000015
25020  41.013  -38.018  -16.683 0.1000000015
26064  39.291  -37.139  -14.685 0.1000000015
24976  39.320  -37.480  -15.165 0.1000000015
26046  38.213  -36.153  -14.143 0.1000000015
26065  38.601  -36.991  -14.904 0.1000000015
25002  38.101  -37.464  -15.983 0.1000000015
25001  38.968  -37.598  -15.799 0.1000000015
27073  38.111  -35.102  -12.792 0.1000000015
26083  37.811  -37.044  -15.361 0.1000000015
26047  37.244  -36.120  -14.048 0.1000000015
18791  42.978  -44.236  -12.578 0.1000000015
19788  41.730  -43.254  -12.582 0.1000000015
23996  42.600  -38.683  -17.306 0.1000000015
27072  38.995  -35.346  -12.588 0.1000000015
26045  39.353  -36.556  -13.905 0.1000000015
27101  38.579  -35.774  -13.342 0.1000000015
22960  42.671  -39.188  -17.612 0.1000000015
21937  37.397  -40.516  -18.935 0.1000000015
22965  36.592  -39.705  -17.873 0.1000000015
26084  37.276  -36.924  -15.118 0.1000000015
26048  36.417  -36.303  -13.780 0.1000000015
25019  41.642  -38.225  -16.285 0.1000000015
11930  33.153  -52.683  -21.604 0.1000000015
11892  33.332  -51.217  -20.172 0.1000000015
11139  32.455  -53.094  -21.014 0.1000000015
11154  33.101  -53.362  -21.773 0.1000000015
9095  32.484  -55.618  -21.920 0.1000000015
7583  32.480  -57.270  -21.544 0.1000000015
6892  31.299  -58.820  -21.252 0.1000000015
11929  33.689  -52.034  -21.850 0.1000000015
11914  33.762  -51.262  -20.846 0.1000000015
10452  32.481  -54.034  -21.514 0.1000000015
9759  32.737  -54.938  -22.120 0.1000000015
12682  33.598  -50.847  -19.815 0.1000000015
12681  34.541  -50.404  -19.843 0.1000000015
12680  35.150  -50.118  -20.286 0.1000000015
11913  34.411  -51.007  -21.407 0.1000000015
11153  33.510  -52.860  -22.093 0.1000000015
11122  32.458  -52.355  -20.485 0.1000000015
13530  35.771  -49.587  -20.052 0.1000000015
13545  36.036  -49.592  -21.023 0.1000000015
12683  33.039  -50.866  -19.269 0.1000000015
13515  33.779  -49.818  -18.504 0.1000000015
13497  33.395  -49.243  -17.840 0.1000000015
12659  32.556  -50.614  -18.574 0.1000000015
13516  33.153  -50.008  -18.211 0.1000000015
13498  32.469  -49.625  -17.598 0.1000000015
12703  34.151  -50.761  -20.403 0.1000000015
6186  30.701  -59.687  -21.360 0.1000000015
3322  32.626  -63.258  2.135 0.1000000015
3323  32.314  -63.278  2.209 0.1000000015
3324  32.004  -63.283  2.273 0.1000000015
3361  29.434  -63.294  0.582 0.1000000015
3373  29.876  -63.545  0.104 0.1000000015
3925  33.019  -63.255  1.149 0.1000000015
3929  29.541  -63.274  0.359 0.1000000015
3941  31.158  -63.053  -0.183 0.1000000015
5348  37.049  -59.598  -11.651 0.1000000015
5360  37.093  -59.646  -11.989 0.1000000015
5361  36.427  -59.529  -12.228 0.1000000015
5397  33.146  -60.294  -14.472 0.1000000015
5428  35.183  -59.714  -16.186 0.3000000119
5429  34.909  -59.790  -16.165 0.3000000119
6002  36.113  -59.003  -10.985 0.1000000015
6031  36.397  -59.312  -12.577 0.2000000030
6090  34.446  -59.530  -15.945 0.2000000030
6106  36.042  -58.947  -16.485 0.1000000015
6108  34.819  -59.259  -16.437 0.2000000030
6126  35.647  -59.104  -16.808 0.3000000119
6732  36.919  -58.768  -12.401 0.2000000030
6783  36.274  -58.501  -16.066 0.2000000030
6787  32.841  -58.737  -14.771 0.1000000015
6804  35.204  -59.011  -16.743 0.1000000015
6822  36.276  -58.606  -17.174 0.1000000015
6824  35.121  -58.658  -17.074 0.1000000015
7257  39.177  -57.021  2.839 0.1000000015
7482  33.444  -57.569  -15.350 0.2000000030
7499  34.705  -57.890  -16.639 0.2000000030
7517  35.233  -58.286  -17.076 0.2000000030
7533  37.611  -57.024  -17.946 0.1000000015
8023  30.341  -55.850  -1.042 0.1000000015
8226  38.017  -56.098  -17.206 0.1000000015
8231  34.128  -56.087  -16.234 0.1000000015
8247  38.142  -56.129  -17.444 0.1000000015
8249  36.736  -56.879  -18.074 0.1000000015
8250  36.012  -56.449  -17.614 0.2000000030
8263  38.287  -56.124  -17.908 0.1000000015
8313  32.531  -56.367  -21.769 0.1000000015
8763  32.757  -55.351  0.948 0.1000000015
8915  37.377  -55.048  -10.738 0.2000000030
8967  37.336  -55.043  -15.373 0.1000000015
9000  38.202  -55.710  -17.075 0.1000000015
9001  37.891  -55.769  -16.588 0.1000000015
9041  37.408  -55.043  -18.436 0.1000000015
9478  33.494  -54.847  1.663 0.1000000015
9505  37.176  -55.095  -1.450 0.1000000015
9519  39.085  -54.424  -2.093 0.1000000015
9632  40.239  -53.599  -11.819 0.2000000030
9656  35.916  -54.702  -14.039 0.4000000060
9666  38.055  -54.376  -16.108 0.1000000015
9692  38.834  -54.747  -17.948 0.1000000015
10128  35.248  -53.871  3.136 0.1000000015
10284  39.250  -52.764  -10.713 0.3000000119
10303  35.627  -53.672  -11.951 0.4000000060
10313  41.238  -52.768  -11.803 0.1000000015
10340  37.035  -53.812  -15.084 0.4000000060
10353  36.715  -52.765  -15.244 0.3000000119
10366  35.509  -53.896  -16.958 0.1000000015
10378  36.912  -53.206  -18.031 0.1000000015
10397  37.429  -53.233  -18.351 0.1000000015
10398  34.469  -52.884  -19.253 0.1000000015
10419  34.733  -53.241  -20.175 0.1000000015
10804  34.268  -53.042  2.303 0.1000000015
10814  33.988  -52.658  1.915 0.1000000015
10824  33.388  -53.080  1.299 0.1000000015
10971  39.694  -51.943  -11.210 0.3000000119
11010  34.333  -51.934  -13.122 0.4000000060
11062  39.290  -52.324  -17.469 0.1000000015
11080  39.397  -52.599  -17.912 0.1000000015
11100  37.175  -52.505  -18.629 0.1000000015
11120  35.666  -51.967  -19.828 0.2000000030
11165  33.479  -53.393  -22.088 0.1000000015
11583  35.689  -51.098  2.086 0.1000000015
11690  36.607  -51.222  -5.219 0.1000000015
11710  39.921  -51.514  -6.994 0.1000000015
11734  43.053  -50.991  -10.891 0.1000000015
11749  43.004  -50.777  -11.222 0.1000000015
11754  34.754  -52.046  -11.461 0.4000000060
11756  33.760  -51.372  -12.134 0.4000000060
11770  42.118  -51.260  -12.322 0.1000000015
11771  41.440  -51.426  -12.643 0.1000000015
11774  34.019  -51.716  -12.664 0.4000000060
11775  33.580  -51.254  -12.699 0.4000000060
11788  41.177  -50.850  -13.023 0.2000000030
11789  41.023  -50.697  -13.175 0.2000000030
11790  34.622  -51.710  -13.884 0.4000000060
11791  34.112  -51.390  -13.546 0.4000000060
11803  35.657  -51.512  -14.844 0.3000000119
11831  36.532  -51.257  -15.807 0.3000000119
11893  32.648  -51.542  -19.767 0.1000000015
11908  38.932  -50.989  -20.272 0.1000000015
11915  33.005  -52.132  -20.991 0.1000000015
11928  34.322  -51.362  -21.794 0.1000000015
12344  37.267  -51.128  2.419 0.1000000015
12462  36.679  -50.285  -5.012 0.1000000015
12475  38.295  -50.397  -6.078 0.1000000015
12484  40.754  -50.109  -7.089 0.1000000015
12487  38.442  -50.932  -6.408 0.1000000015
12498  39.611  -51.200  -6.990 0.1000000015
12528  38.174  -50.066  -10.785 0.2000000030
12533  33.440  -50.499  -11.247 0.4000000060
12543  39.336  -50.307  -11.757 0.2000000030
12544  38.549  -49.719  -11.500 0.2000000030
12548  32.741  -50.306  -12.017 0.4000000060
12561  41.906  -50.804  -12.689 0.1000000015
12567  32.890  -50.390  -12.568 0.5000000000
12581  41.223  -50.496  -13.247 0.2000000030
12582  40.914  -50.377  -13.178 0.2000000030
12583  33.967  -50.816  -13.956 0.4000000060
12597  34.800  -50.786  -14.793 0.3000000119
12614  35.833  -50.836  -15.593 0.2000000030
12616  34.604  -49.907  -15.095 0.4000000060
12638  38.973  -49.952  -17.464 0.1000000015
12657  34.019  -50.323  -19.130 0.1000000015
12658  33.373  -50.453  -18.892 0.1000000015
12697  38.838  -50.343  -20.764 0.1000000015
12698  38.127  -50.328  -21.220 0.2000000030
12699  37.336  -50.593  -21.567 0.2000000030
12701  35.445  -49.977  -20.864 0.1000000015
12702  34.736  -50.563  -20.947 0.1000000015
13298  45.672  -48.319  -4.727 0.1000000015
13381  40.728  -49.314  -11.602 0.3000000119
13387  32.652  -49.537  -10.927 0.5000000000
13398  39.125  -49.070  -11.911 0.3000000119
13399  38.659  -49.107  -11.878 0.3000000119
13401  36.834  -49.023  -11.444 0.5000000000
13403  33.142  -50.362  -11.288 0.4000000060
13404  32.709  -50.054  -11.435 0.5000000000
13416  42.041  -50.486  -12.429 0.1000000015
13417  41.579  -50.274  -12.837 0.4000000060
13419  39.665  -49.473  -12.125 0.3000000119
13433  41.115  -50.173  -13.312 0.3000000119
13434  40.900  -50.062  -13.264 0.3000000119
13435  33.271  -49.440  -13.780 0.5000000000
13436  32.647  -49.295  -13.138 0.5000000000
13482  36.011  -49.851  -16.072 0.3000000119
13513  35.350  -49.149  -19.085 0.2000000030
13529  36.518  -49.097  -20.341 0.2000000030
13541  39.923  -48.850  -20.261 0.1000000015
13554  38.991  -48.701  -21.267 0.2000000030
13555  38.402  -49.139  -21.525 0.3000000119
14051  42.440  -48.392  0.969 0.1000000015
14110  46.043  -48.077  -5.498 0.1000000015
14137  45.013  -48.504  -8.575 0.1000000015
14169  44.384  -49.116  -9.833 0.1000000015
14179  32.064  -48.432  -10.773 0.5000000000
14189  38.825  -48.563  -11.976 0.3000000119
14204  39.719  -49.253  -12.022 0.4000000060
14206  31.712  -47.988  -11.870 0.5000000000
14233  33.782  -48.366  -14.233 0.5000000000
14254  34.893  -48.503  -15.157 0.5000000000
14294  33.857  -48.342  -17.755 0.1000000015
14306  34.690  -48.424  -18.337 0.2000000030
14307  34.065  -49.101  -18.246 0.1000000015
14313  36.060  -48.525  -19.394 0.2000000030
14320  37.671  -48.105  -20.877 0.2000000030
14321  37.249  -48.424  -20.600 0.2000000030
14922  46.262  -47.258  -5.194 0.1000000015
14925  46.069  -47.473  -5.633 0.1000000015
14928  45.016  -47.507  -6.742 0.1000000015
14949  44.768  -47.793  -7.586 0.2000000030
14955  37.907  -47.459  -7.987 0.4000000060
14976  33.686  -46.869  -8.619 0.5000000000
14992  33.496  -47.497  -9.000 0.5000000000
15006  39.174  -48.076  -11.519 0.4000000060
15009  36.520  -47.217  -10.663 0.4000000060
15011  35.128  -47.622  -10.050 0.5000000000
15012  32.203  -48.160  -10.348 0.4000000060
15027  39.061  -48.248  -11.949 0.4000000060
15031  36.340  -47.662  -10.998 0.5000000000
15032  31.630  -47.504  -11.531 0.4000000060
15054  32.754  -47.473  -13.171 0.5000000000
15069  34.754  -47.246  -14.688 0.4000000060
15122  40.797  -47.571  -18.228 0.2000000030
15123  40.097  -47.434  -17.559 0.2000000030
15138  41.100  -46.810  -19.146 0.2000000030
15140  36.091  -47.042  -18.887 0.2000000030
15147  40.698  -47.201  -19.548 0.2000000030
15148  37.379  -47.025  -19.894 0.3000000119
15155  40.169  -47.304  -20.229 0.2000000030
15167  38.222  -47.596  -20.971 0.2000000030
15718  39.683  -47.461  0.238 0.1000000015
15722  36.298  -46.167  0.851 0.1000000015
15735  36.974  -46.092  -0.163 0.1000000015
15743  42.535  -46.396  -2.001 0.1000000015
15777  36.580  -46.436  -4.929 0.5000000000
15780  46.301  -46.872  -5.014 0.1000000015
15832  34.363  -46.278  -8.524 0.6000000238
15834  32.819  -46.293  -8.392 0.5000000000
15854  33.264  -46.764  -8.650 0.5000000000
15866  31.479  -46.688  -10.251 0.4000000060
15896  32.156  -46.802  -12.635 0.5000000000
15917  32.721  -46.819  -13.075 0.5000000000
15961  37.216  -46.729  -16.020 0.4000000060
15977  41.168  -46.658  -18.751 0.2000000030
15982  34.693  -46.496  -17.583 0.2000000030
15983  33.643  -46.468  -16.855 0.1000000015
15999  41.077  -46.370  -18.920 0.2000000030
16002  35.367  -46.429  -18.223 0.2000000030
16003  35.044  -47.218  -17.922 0.2000000030
16016  40.896  -46.081  -19.330 0.2000000030
16017  40.776  -46.367  -19.592 0.2000000030
16025  40.751  -46.020  -20.025 0.2000000030
16034  40.322  -46.018  -20.776 0.2000000030
16035  39.772  -46.354  -21.072 0.2000000030
16036  39.134  -46.362  -21.266 0.2000000030
16626  34.689  -45.095  0.864 0.1000000015
16634  36.880  -45.507  -0.610 0.1000000015
16645  42.375  -45.880  -2.228 0.1000000015
16689  34.713  -45.435  -4.511 0.5000000000
16697  40.094  -45.981  -4.979 0.3000000119
16699  35.542  -46.243  -5.688 0.5000000000
16701  34.236  -45.351  -5.231 0.5000000000
16714  35.324  -45.731  -7.393 0.5000000000
16717  32.077  -45.106  -7.640 0.5000000000
16729  35.305  -45.655  -8.157 0.5000000000
16730  34.342  -45.726  -8.206 0.5000000000
16747  35.980  -46.260  -9.029 0.5000000000
16799  33.900  -45.254  -13.505 0.5000000000
16812  35.128  -45.290  -14.327 0.4000000060
16828  35.566  -45.461  -14.767 0.4000000060
16858  39.328  -45.297  -17.864 0.4000000060
16859  34.862  -45.895  -17.788 0.2000000030
16871  40.929  -45.140  -18.789 0.2000000030
16872  40.674  -45.180  -18.791 0.3000000119
16875  34.675  -45.234  -17.720 0.2000000030
16888  41.004  -45.285  -19.753 0.2000000030
16891  36.649  -45.293  -19.055 0.3000000119
16904  38.038  -45.585  -20.002 0.3000000119
17559  34.315  -44.760  1.076 0.1000000015
17587  35.585  -44.207  -0.290 0.1000000015
17627  37.034  -43.839  -3.798 0.4000000060
17628  36.673  -44.114  -3.730 0.4000000060
17648  33.739  -44.854  -4.855 0.5000000000
17654  33.643  -45.093  -6.053 0.5000000000
17683  35.072  -45.494  -7.705 0.5000000000
17737  31.481  -45.010  -11.695 0.4000000060
17746  33.073  -44.558  -12.700 0.4000000060
17748  31.921  -45.325  -12.139 0.4000000060
17818  38.451  -44.213  -17.264 0.4000000060
17820  33.171  -44.687  -16.417 0.1000000015
17821  32.693  -45.040  -16.163 0.1000000015
17847  36.199  -44.561  -18.700 0.3000000119
17859  41.001  -44.516  -19.763 0.3000000119
17860  40.903  -44.238  -19.662 0.3000000119
17862  37.553  -44.459  -19.703 0.3000000119
17876  40.769  -44.908  -20.415 0.2000000030
17877  39.624  -44.146  -20.906 0.2000000030
17878  38.960  -44.458  -20.711 0.2000000030
17887  40.527  -44.443  -20.687 0.2000000030
17888  40.008  -44.515  -21.037 0.2000000030
18635  41.484  -43.914  -3.144 0.1000000015
18637  40.316  -43.238  -2.621 0.1000000015
18649  36.797  -43.663  -3.864 0.4000000060
18663  41.844  -44.323  -4.103 0.1000000015
18664  41.353  -44.105  -4.030 0.1000000015
18669  36.149  -42.799  -4.080 0.4000000060
18673  32.419  -42.617  -4.571 0.5000000000
18684  32.070  -43.021  -5.102 0.5000000000
18692  31.390  -42.750  -6.855 0.5000000000
18699  31.632  -43.767  -6.804 0.5000000000
18774  42.963  -44.041  -11.650 0.1000000015
18804  34.075  -44.147  -13.218 0.3000000119
18812  35.934  -43.420  -14.927 0.4000000060
18814  34.935  -44.046  -14.190 0.4000000060
18827  37.247  -43.201  -16.182 0.4000000060
18828  36.609  -43.429  -15.458 0.4000000060
18848  37.804  -43.131  -16.870 0.4000000060
18866  34.558  -43.805  -17.528 0.1000000015
18867  34.009  -44.099  -17.065 0.1000000015
18876  39.339  -43.251  -18.427 0.4000000060
18879  35.080  -44.012  -18.055 0.1000000015
18887  41.068  -43.515  -19.921 0.3000000119
18904  41.000  -43.698  -20.139 0.3000000119
18905  40.586  -42.825  -21.118 0.3000000119
19644  34.556  -42.554  -3.784 0.4000000060
19662  34.438  -41.892  -3.974 0.4000000060
19663  33.529  -42.039  -3.829 0.4000000060
19676  36.135  -41.591  -4.475 0.3000000119
19689  31.604  -42.242  -6.586 0.5000000000
19744  41.588  -43.123  -11.008 0.1000000015
19746  31.883  -42.373  -11.325 0.5000000000
19768  41.052  -42.575  -11.276 0.1000000015
19770  32.523  -42.786  -11.847 0.4000000060
19790  34.219  -42.709  -13.115 0.3000000119
19792  33.190  -43.076  -12.288 0.4000000060
19807  34.679  -42.477  -13.577 0.3000000119
19827  33.183  -42.239  -15.450 0.1000000015
19851  38.015  -42.379  -17.210 0.4000000060
19861  40.320  -43.033  -19.032 0.3000000119
19865  36.071  -43.016  -18.584 0.3000000119
19875  40.405  -42.591  -19.105 0.3000000119
19892  40.866  -42.273  -21.225 0.3000000119
19894  39.750  -42.672  -20.703 0.3000000119
19903  41.315  -42.602  -20.884 0.2000000030
19904  41.149  -42.504  -21.154 0.3000000119
20527  31.565  -41.806  2.460 0.1000000015
20575  35.065  -41.591  -0.312 0.1000000015
20587  37.656  -41.292  -2.002 0.1000000015
20646  36.690  -40.626  -4.533 0.2000000030
20649  34.585  -40.883  -4.634 0.3000000119
20650  32.139  -41.405  -5.176 0.5000000000
20724  32.742  -41.041  -11.134 0.4000000060
20742  39.725  -41.383  -11.493 0.1000000015
20772  40.693  -41.406  -13.371 0.1000000015
20799  32.578  -41.568  -14.813 0.1000000015
20824  38.294  -41.796  -17.513 0.4000000060
20827  34.767  -41.531  -17.032 0.1000000015
20852  39.044  -41.445  -20.284 0.2000000030
20854  37.406  -42.239  -19.325 0.3000000119
20869  40.543  -41.541  -21.110 0.3000000119
20870  39.751  -41.721  -20.660 0.2000000030
20880  41.332  -41.905  -21.128 0.3000000119
21587  36.517  -40.999  -1.375 0.2000000030
21617  38.084  -40.750  -2.893 0.2000000030
21619  36.994  -40.432  -2.295 0.2000000030
21654  33.511  -40.412  -4.746 0.2000000030
21677  33.999  -40.224  -4.906 0.3000000119
21678  32.067  -40.746  -5.445 0.5000000000
21679  31.895  -40.408  -5.846 0.5000000000
21701  31.855  -41.138  -5.881 0.5000000000
21757  37.271  -40.049  -9.828 0.1000000015
21816  36.497  -39.913  -11.511 0.2000000030
21872  37.101  -40.597  -15.208 0.4000000060
21873  36.547  -40.865  -14.608 0.4000000060
21889  36.853  -41.104  -15.290 0.4000000060
21890  34.256  -40.429  -15.720 0.1000000015
21891  33.631  -40.693  -15.256 0.1000000015
21906  37.766  -41.084  -16.577 0.4000000060
21907  35.425  -40.185  -16.741 0.2000000030
21935  40.883  -40.460  -18.520 0.2000000030
21938  36.930  -40.212  -18.550 0.1000000015
21951  42.374  -40.660  -19.725 0.3000000119
21952  42.194  -41.104  -19.326 0.2000000030
21955  38.119  -40.434  -19.332 0.2000000030
21973  41.592  -41.334  -21.078 0.3000000119
21974  41.348  -41.391  -21.218 0.3000000119
22727  33.128  -39.993  -4.884 0.2000000030
22794  31.649  -39.903  -6.782 0.5000000000
22854  36.294  -39.745  -10.079 0.1000000015
22881  38.414  -39.991  -12.942 0.2000000030
22882  38.019  -39.874  -12.996 0.2000000030
22900  36.985  -40.144  -13.724 0.3000000119
22929  40.712  -40.146  -15.494 0.1000000015
22933  35.523  -39.368  -16.019 0.2000000030
22934  34.670  -39.803  -15.567 0.1000000015
22947  38.907  -40.361  -16.938 0.4000000060
22959  42.991  -39.040  -17.380 0.1000000015
22976  42.273  -39.809  -19.313 0.2000000030
22981  37.075  -39.676  -18.416 0.1000000015
22997  39.717  -39.941  -20.090 0.2000000030
22998  38.739  -39.888  -19.642 0.1000000015
22999  38.238  -39.857  -19.227 0.2000000030
23008  41.645  -40.248  -20.917 0.3000000119
23009  41.000  -40.026  -20.797 0.3000000119
23745  35.229  -38.877  -3.363 0.2000000030
23747  34.035  -38.431  -2.555 0.1000000015
23810  36.189  -38.732  -4.832 0.2000000030
23846  32.116  -38.292  -6.973 0.2000000030
23861  33.390  -38.430  -8.644 0.3000000119
23871  34.227  -38.446  -9.008 0.3000000119
23953  34.029  -38.824  -14.041 0.1000000015
23972  36.045  -38.609  -15.757 0.1000000015
23983  42.004  -38.287  -16.973 0.1000000015
23986  36.128  -39.021  -16.480 0.1000000015
23995  42.985  -38.969  -17.006 0.1000000015
24000  37.965  -38.396  -17.693 0.1000000015
24001  36.990  -38.898  -17.566 0.1000000015
24032  41.998  -39.308  -19.502 0.2000000030
24769  35.266  -38.135  -4.255 0.2000000030
24831  33.114  -37.253  -6.121 0.1000000015
24832  32.659  -37.481  -6.551 0.1000000015
24855  32.859  -37.107  -7.727 0.1000000015
24876  32.663  -37.608  -7.873 0.2000000030
25004  36.297  -38.021  -15.249 0.1000000015
25021  39.856  -37.889  -16.656 0.1000000015
25023  37.792  -37.842  -16.796 0.1000000015
25034  38.124  -38.058  -17.291 0.1000000015
25905  33.445  -37.003  -6.087 0.1000000015
25964  34.823  -36.315  -9.181 0.2000000030
25974  37.038  -36.784  -9.391 0.2000000030
25976  35.138  -36.688  -9.352 0.2000000030
26066  37.638  -36.599  -14.747 0.1000000015
26067  36.744  -36.762  -14.645 0.1000000015
26082  38.346  -37.285  -15.507 0.1000000015
26987  33.545  -35.981  -7.729 0.1000000015
27023  35.245  -36.203  -9.286 0.2000000030
27100  39.076  -35.911  -13.217 0.1000000015
27102  37.708  -35.651  -13.403 0.1000000015
27103  36.842  -35.774  -13.255 0.1000000015
27977  40.323  -35.016  -4.807 0.1000000015
28003  39.802  -34.498  -5.459 0.1000000015
28044  34.381  -34.997  -7.733 0.1000000015
28063  36.636  -34.766  -8.519 0.1000000015
28066  34.392  -35.218  -8.086 0.1000000015
29029  36.424  -33.363  -5.880 0.1000000015
29052  35.452  -33.707  -6.909 0.1000000015
29063  35.456  -33.884  -7.244 0.1000000015
