#!ascii label  , from subject sub.01.bl.02 vox2ras=TkReg
981
55528  -37.693  -21.792  54.434 0.0000000000
52241  -19.697  -24.057  49.660 0.0000000000
52203  -27.556  -25.045  51.045 0.0000000000
81211  -39.673  0.095  38.128 0.0000000000
83496  -46.690  2.086  34.745 0.0000000000
53294  -11.993  -23.112  53.706 0.0000000000
77712  -37.474  -2.907  40.011 0.0000000000
59053  -38.790  -17.806  52.504 0.0000000000
52158  -33.018  -24.475  53.550 0.0000000000
52197  -15.649  -24.002  51.281 0.0000000000
48530  -15.288  -26.947  54.494 0.0000000000
54469  -34.353  -22.150  49.484 0.0000000000
57923  -35.169  -19.179  48.629 0.0000000000
55586  -23.268  -21.524  50.106 0.0000000000
55613  -30.166  -21.490  49.294 0.0000000000
68519  -35.081  -10.760  41.053 0.0000000000
72173  -38.539  -7.727  40.377 0.0000000000
74597  -41.836  -5.121  39.775 0.0000000000
47384  -7.109  -28.297  54.213 0.0000000000
44148  -4.696  -31.193  56.010 0.0000000000
61373  -33.103  -16.537  46.613 0.0000000000
63550  -29.814  -13.972  44.436 0.0000000000
67243  -31.758  -12.549  42.502 0.0000000000
48525  -10.559  -27.614  54.325 0.0000000000
51011  -20.281  -25.601  52.743 0.0000000000
54409  -21.540  -23.568  52.689 0.0000000000
53308  -35.634  -23.886  53.488 0.0000000000
55566  -17.476  -20.211  51.227 0.0000000000
52219  -17.797  -24.163  50.394 0.0000000000
49732  -17.828  -26.240  52.494 0.0000000000
56713  -32.956  -20.521  50.684 0.0000000000
54467  -32.380  -22.353  49.374 0.0000000000
70933  -34.184  -8.050  40.896 0.0000000000
69751  -37.417  -9.223  40.672 0.0000000000
73414  -36.038  -6.499  40.075 0.0000000000
75617  -39.582  -4.111  38.820 0.0000000000
76631  -40.609  -3.328  38.318 0.0000000000
75612  -44.396  -4.574  38.945 0.0000000000
78876  -42.168  -1.696  37.026 0.0000000000
78894  -43.435  -1.187  36.436 0.0000000000
61313  -32.180  -17.195  50.469 0.0000000000
60304  -34.243  -17.929  47.514 0.0000000000
61321  -30.384  -17.027  49.249 0.0000000000
64657  -27.760  -13.891  45.422 0.0000000000
67225  -27.844  -11.479  44.124 0.0000000000
65913  -30.545  -12.856  43.377 0.0000000000
68484  -29.595  -10.441  43.030 0.0000000000
69702  -31.126  -9.097  42.581 0.0000000000
54447  -25.062  -22.963  49.942 0.0000000000
50982  -8.520  -25.440  53.610 0.0000000000
51006  -11.065  -25.474  52.718 0.0000000000
42098  -5.409  -33.941  57.292 0.0000000000
39989  -4.208  -35.334  58.046 0.0000000000
76607  -35.877  -4.029  41.276 0.0000000000
62352  -37.471  -15.675  51.554 0.0000000000
52182  -30.096  -25.100  52.266 0.0000000000
52175  -13.954  -23.770  52.450 0.0000000000
49727  -13.285  -26.137  52.390 0.0000000000
49729  -15.104  -26.325  52.138 0.0000000000
83509  -47.832  2.525  34.052 0.0000000000
54435  -36.009  -22.174  51.471 0.0000000000
55595  -36.628  -20.929  50.601 0.0000000000
56739  -34.714  -20.486  49.459 0.0000000000
56730  -19.267  -20.424  48.979 0.0000000000
55608  -21.370  -21.687  49.913 0.0000000000
59120  -21.919  -18.872  48.631 0.0000000000
57920  -24.337  -19.691  47.835 0.0000000000
54484  -26.094  -22.739  48.195 0.0000000000
55635  -28.070  -21.199  48.002 0.0000000000
52246  -28.586  -24.167  49.341 0.0000000000
53367  -31.031  -23.822  49.783 0.0000000000
53352  -33.664  -23.594  51.580 0.0000000000
67262  -36.355  -12.431  42.492 0.0000000000
75605  -37.438  -4.803  39.709 0.0000000000
74583  -40.545  -5.959  40.226 0.0000000000
78896  -45.353  -1.032  36.587 0.0000000000
45186  -5.448  -30.337  55.133 0.0000000000
43152  -6.408  -32.756  56.855 0.0000000000
57906  -37.161  -18.668  49.903 0.0000000000
61338  -36.964  -16.669  48.323 0.0000000000
63500  -35.817  -14.781  47.590 0.0000000000
61353  -28.386  -16.345  47.438 0.0000000000
62413  -30.950  -15.696  45.790 0.0000000000
63481  -33.455  -14.136  47.449 0.0000000000
65809  -32.871  -13.479  46.665 0.0000000000
65866  -33.473  -13.389  44.792 0.0000000000
65916  -34.467  -13.567  42.956 0.0000000000
67279  -33.385  -11.560  41.172 0.0000000000
69714  -32.819  -8.634  41.782 0.0000000000
54372  -22.901  -23.137  53.486 0.0000000000
49686  -6.879  -25.927  54.361 0.0000000000
48523  -8.691  -27.639  54.025 0.0000000000
48528  -13.517  -27.721  54.471 0.0000000000
39987  -2.717  -35.596  57.889 0.0000000000
52221  -19.795  -24.793  50.096 0.0000000000
52200  -20.856  -24.941  52.187 0.0000000000
52243  -20.819  -23.965  50.321 0.0000000000
54397  -36.912  -23.003  53.288 0.0000000000
54458  -18.840  -22.369  49.196 0.0000000000
53346  -17.642  -22.630  50.634 0.0000000000
52220  -18.826  -24.368  49.937 0.0000000000
51044  -19.006  -25.461  50.359 0.0000000000
73395  -33.979  -6.004  41.836 0.0000000000
72169  -34.549  -7.209  40.559 0.0000000000
74577  -34.874  -5.385  40.662 0.0000000000
78860  -39.527  -1.451  38.591 0.0000000000
77733  -39.695  -2.506  38.389 0.0000000000
78861  -40.112  -1.805  38.074 0.0000000000
77735  -42.026  -2.752  37.840 0.0000000000
78875  -41.313  -1.418  37.058 0.0000000000
78892  -41.796  -1.133  36.757 0.0000000000
61323  -31.995  -17.182  49.302 0.0000000000
67208  -27.648  -11.714  45.422 0.0000000000
68483  -29.012  -10.774  43.377 0.0000000000
69678  -28.633  -9.528  44.516 0.0000000000
69691  -29.533  -9.138  43.780 0.0000000000
52202  -26.507  -25.008  51.052 0.0000000000
52178  -26.134  -24.889  52.228 0.0000000000
51014  -27.495  -25.617  52.755 0.0000000000
52148  -10.253  -24.481  53.172 0.0000000000
52172  -11.178  -24.673  52.760 0.0000000000
81240  -46.959  0.607  34.943 0.0000000000
41038  -5.134  -34.500  57.866 0.0000000000
59011  -39.624  -18.607  53.875 0.0000000000
61298  -37.854  -16.442  51.963 0.0000000000
52157  -32.086  -24.646  53.599 0.0000000000
52139  -32.671  -24.698  54.453 0.0000000000
53344  -16.146  -23.123  51.734 0.0000000000
53323  -15.659  -22.538  52.572 0.0000000000
53322  -15.020  -22.777  52.709 0.0000000000
52196  -14.571  -23.922  51.818 0.0000000000
49747  -14.786  -25.727  51.694 0.0000000000
49748  -15.654  -25.837  51.537 0.0000000000
49694  -18.707  -26.163  54.039 0.0000000000
49711  -17.242  -26.224  53.313 0.0000000000
53391  -34.851  -22.348  50.390 0.0000000000
54471  -35.660  -21.532  50.348 0.0000000000
55618  -34.935  -21.220  49.505 0.0000000000
59101  -19.515  -18.574  49.681 0.0000000000
59118  -20.467  -19.014  48.929 0.0000000000
60257  -20.775  -17.478  49.966 0.0000000000
59106  -24.319  -18.162  48.759 0.0000000000
59123  -24.780  -18.762  48.479 0.0000000000
56771  -25.007  -20.826  47.548 0.0000000000
56757  -25.893  -19.839  47.752 0.0000000000
55589  -29.216  -20.395  50.273 0.0000000000
55612  -29.184  -21.248  48.890 0.0000000000
54486  -28.109  -22.401  47.692 0.0000000000
53385  -29.303  -23.389  48.804 0.0000000000
53366  -30.025  -24.006  49.452 0.0000000000
53386  -30.627  -23.243  49.153 0.0000000000
54468  -33.404  -22.279  49.395 0.0000000000
53388  -32.781  -23.150  49.542 0.0000000000
53389  -33.807  -23.040  49.685 0.0000000000
53371  -34.679  -22.654  50.771 0.0000000000
67281  -35.579  -11.997  41.761 0.0000000000
67282  -36.895  -11.796  41.921 0.0000000000
68520  -36.327  -10.970  41.231 0.0000000000
70957  -37.924  -8.448  40.533 0.0000000000
69752  -38.263  -9.196  40.831 0.0000000000
77697  -36.817  -3.006  40.872 0.0000000000
75594  -36.399  -4.797  40.194 0.0000000000
76620  -37.540  -3.830  39.515 0.0000000000
75609  -41.119  -4.509  39.342 0.0000000000
74595  -39.876  -5.309  39.708 0.0000000000
74584  -41.548  -5.739  40.365 0.0000000000
73420  -42.310  -6.338  40.855 0.0000000000
78895  -44.420  -1.093  36.634 0.0000000000
81227  -44.010  0.190  35.618 0.0000000000
81238  -45.251  0.597  35.105 0.0000000000
48506  -5.496  -27.447  55.124 0.0000000000
47359  -5.210  -28.272  55.233 0.0000000000
46246  -5.769  -29.312  54.732 0.0000000000
44149  -7.107  -31.993  56.793 0.0000000000
44115  -6.885  -32.637  58.964 0.0000000000
56760  -36.083  -19.857  49.041 0.0000000000
57884  -36.902  -19.584  49.958 0.0000000000
57925  -36.272  -19.424  48.853 0.0000000000
60303  -33.507  -17.648  47.227 0.0000000000
60305  -35.249  -17.754  47.431 0.0000000000
61359  -34.817  -16.799  47.068 0.0000000000
62375  -36.804  -15.625  48.428 0.0000000000
61374  -33.586  -16.223  46.588 0.0000000000
63493  -27.783  -14.204  47.730 0.0000000000
63548  -28.501  -14.456  44.941 0.0000000000
62426  -28.826  -15.690  45.584 0.0000000000
62428  -30.265  -15.505  45.456 0.0000000000
62390  -31.985  -15.035  46.672 0.0000000000
63494  -31.250  -14.236  46.596 0.0000000000
64624  -32.118  -13.652  47.199 0.0000000000
65834  -31.186  -13.467  45.649 0.0000000000
67242  -31.150  -12.554  43.104 0.0000000000
67210  -32.147  -13.324  44.151 0.0000000000
65891  -32.539  -13.345  43.600 0.0000000000
65892  -33.288  -13.528  43.746 0.0000000000
64711  -33.255  -13.204  42.777 0.0000000000
65932  -34.052  -13.214  42.214 0.0000000000
67259  -32.037  -11.733  41.809 0.0000000000
70898  -31.636  -8.003  42.806 0.0000000000
70912  -31.829  -8.763  42.219 0.0000000000
70913  -32.437  -7.956  42.350 0.0000000000
56709  -22.144  -21.208  50.116 0.0000000000
55567  -21.998  -22.046  50.996 0.0000000000
54412  -23.276  -22.092  51.937 0.0000000000
49703  -9.332  -26.206  53.487 0.0000000000
49687  -8.321  -26.386  53.634 0.0000000000
48524  -9.665  -27.915  54.368 0.0000000000
48543  -14.342  -26.919  53.351 0.0000000000
49706  -12.974  -26.710  53.046 0.0000000000
48513  -14.348  -27.737  55.239 0.0000000000
50965  -19.530  -25.850  54.470 0.0000000000
52152  -21.045  -24.950  53.977 0.0000000000
53301  -21.427  -24.217  54.244 0.0000000000
54370  -22.022  -23.555  54.196 0.0000000000
53307  -34.526  -24.230  53.639 0.0000000000
52141  -34.269  -24.717  54.435 0.0000000000
54428  -17.327  -21.549  51.325 0.0000000000
53345  -17.002  -22.820  51.304 0.0000000000
52218  -17.145  -24.263  50.583 0.0000000000
49749  -16.632  -25.983  51.515 0.0000000000
51032  -18.241  -25.877  50.978 0.0000000000
49752  -18.949  -26.253  51.995 0.0000000000
55616  -33.052  -21.410  49.471 0.0000000000
56738  -33.828  -20.679  49.501 0.0000000000
55591  -30.844  -20.992  50.064 0.0000000000
55614  -31.054  -21.575  49.350 0.0000000000
55593  -32.479  -20.850  49.890 0.0000000000
69748  -34.343  -9.058  40.658 0.0000000000
69731  -35.873  -9.994  40.802 0.0000000000
70954  -34.993  -8.179  40.548 0.0000000000
72171  -36.484  -7.471  40.082 0.0000000000
73415  -37.025  -6.638  39.994 0.0000000000
77722  -37.926  -3.193  39.353 0.0000000000
77732  -39.230  -2.993  38.612 0.0000000000
76630  -39.744  -3.434  38.525 0.0000000000
75619  -41.374  -3.948  38.751 0.0000000000
75611  -43.146  -4.650  38.939 0.0000000000
75620  -42.374  -3.970  38.629 0.0000000000
76642  -42.976  -3.090  37.731 0.0000000000
77737  -44.056  -2.684  38.016 0.0000000000
78877  -43.079  -1.857  36.871 0.0000000000
80077  -42.741  -0.376  36.226 0.0000000000
46247  -8.104  -29.593  54.777 0.0000000000
45206  -7.330  -29.832  54.621 0.0000000000
45166  -8.584  -30.079  56.483 0.0000000000
60280  -34.046  -18.111  48.882 0.0000000000
59124  -34.754  -18.741  48.340 0.0000000000
61324  -32.607  -17.537  49.310 0.0000000000
61337  -32.441  -17.469  48.227 0.0000000000
61355  -31.584  -17.797  47.556 0.0000000000
64642  -27.629  -13.439  46.957 0.0000000000
65862  -27.577  -12.376  46.184 0.0000000000
65887  -27.610  -12.909  44.711 0.0000000000
64675  -29.100  -13.395  44.017 0.0000000000
64676  -29.985  -13.522  43.922 0.0000000000
65911  -28.942  -12.397  43.440 0.0000000000
67256  -29.948  -11.316  42.734 0.0000000000
68498  -30.132  -10.852  42.562 0.0000000000
68500  -31.214  -10.437  41.860 0.0000000000
69701  -30.264  -9.381  42.898 0.0000000000
55587  -23.802  -22.004  50.026 0.0000000000
53326  -24.474  -22.840  52.033 0.0000000000
52177  -25.308  -24.230  52.389 0.0000000000
50984  -9.796  -25.564  53.221 0.0000000000
49704  -10.567  -26.729  53.371 0.0000000000
43150  -4.559  -32.448  56.254 0.0000000000
44132  -4.215  -31.303  57.089 0.0000000000
42111  -4.246  -33.313  56.768 0.0000000000
41047  -3.941  -34.303  57.386 0.0000000000
41046  -2.920  -34.366  57.950 0.0000000000
63469  -36.936  -14.894  50.861 0.0000000000
52181  -29.053  -25.122  52.079 0.0000000000
51015  -28.482  -25.580  52.845 0.0000000000
53297  -14.110  -23.098  53.705 0.0000000000
52174  -13.152  -23.915  52.648 0.0000000000
52173  -12.080  -24.309  52.628 0.0000000000
51027  -13.464  -24.622  52.121 0.0000000000
49728  -14.150  -26.125  52.127 0.0000000000
49691  -15.557  -26.707  53.873 0.0000000000
49731  -16.928  -26.226  52.378 0.0000000000
49710  -16.292  -26.446  53.129 0.0000000000
49675  -15.809  -26.622  54.842 0.0000000000
83508  -47.164  2.395  34.511 0.0000000000
54418  -36.755  -22.424  52.302 0.0000000000
55559  -37.441  -21.650  52.271 0.0000000000
55578  -36.760  -21.551  51.302 0.0000000000
55619  -35.826  -20.968  50.030 0.0000000000
57904  -35.217  -19.928  49.278 0.0000000000
56715  -34.347  -20.158  49.807 0.0000000000
57883  -34.069  -19.469  50.421 0.0000000000
59108  -34.299  -18.819  49.594 0.0000000000
60245  -32.629  -17.755  50.776 0.0000000000
55606  -19.447  -21.441  48.751 0.0000000000
54460  -20.907  -22.401  49.626 0.0000000000
56751  -20.038  -20.574  48.677 0.0000000000
56753  -21.340  -20.321  49.192 0.0000000000
57918  -22.266  -19.826  48.818 0.0000000000
60259  -22.403  -17.433  49.318 0.0000000000
59121  -22.880  -18.824  48.436 0.0000000000
55609  -23.574  -21.457  49.233 0.0000000000
55610  -24.184  -22.011  49.101 0.0000000000
54463  -25.514  -23.030  49.133 0.0000000000
52244  -26.855  -24.260  49.497 0.0000000000
56735  -27.160  -19.454  49.154 0.0000000000
56774  -27.308  -21.157  47.519 0.0000000000
53399  -27.635  -23.293  48.167 0.0000000000
52225  -28.107  -24.585  50.180 0.0000000000
52205  -29.672  -24.720  51.229 0.0000000000
52206  -30.756  -24.610  51.510 0.0000000000
52207  -31.829  -24.445  51.679 0.0000000000
53387  -31.725  -23.203  49.324 0.0000000000
52229  -32.343  -24.015  50.900 0.0000000000
52209  -33.340  -23.916  52.145 0.0000000000
53329  -34.762  -23.404  52.557 0.0000000000
54417  -35.767  -22.949  52.363 0.0000000000
56729  -18.572  -20.160  49.642 0.0000000000
69732  -36.931  -10.068  40.934 0.0000000000
74578  -35.700  -5.516  40.225 0.0000000000
74579  -36.598  -5.717  40.054 0.0000000000
73416  -38.035  -6.770  40.151 0.0000000000
75606  -38.324  -4.573  39.273 0.0000000000
74594  -38.939  -5.346  39.613 0.0000000000
73417  -39.126  -6.975  40.108 0.0000000000
73397  -41.045  -7.357  41.027 0.0000000000
80081  -46.619  -0.724  35.875 0.0000000000
81239  -46.072  0.727  35.096 0.0000000000
82403  -45.593  1.550  34.907 0.0000000000
46224  -4.652  -29.350  56.137 0.0000000000
45185  -4.993  -30.630  55.633 0.0000000000
45187  -6.616  -30.358  54.804 0.0000000000
44162  -5.999  -31.347  55.153 0.0000000000
43163  -5.346  -31.928  55.628 0.0000000000
42099  -5.970  -33.466  57.626 0.0000000000
56676  -37.739  -20.507  52.308 0.0000000000
57867  -37.772  -19.042  51.376 0.0000000000
59073  -37.817  -18.061  51.114 0.0000000000
59138  -35.721  -18.492  48.090 0.0000000000
59109  -36.964  -18.096  48.999 0.0000000000
60247  -37.619  -17.315  50.599 0.0000000000
62368  -37.330  -16.082  49.791 0.0000000000
62367  -37.051  -15.411  49.635 0.0000000000
63476  -36.452  -14.742  49.256 0.0000000000
61334  -29.949  -17.404  48.507 0.0000000000
60301  -30.403  -17.753  47.006 0.0000000000
62411  -27.670  -15.017  46.940 0.0000000000
61369  -29.434  -16.870  46.300 0.0000000000
61371  -31.410  -17.100  46.465 0.0000000000
62392  -33.102  -15.242  46.927 0.0000000000
63498  -34.548  -14.688  47.202 0.0000000000
65864  -31.305  -13.518  44.682 0.0000000000
65836  -32.562  -13.249  45.514 0.0000000000
65933  -35.050  -12.859  42.492 0.0000000000
65950  -34.594  -12.519  41.788 0.0000000000
68518  -33.995  -10.799  40.840 0.0000000000
68501  -32.086  -10.375  41.631 0.0000000000
68516  -32.609  -10.169  41.396 0.0000000000
68537  -33.668  -10.003  40.727 0.0000000000
70932  -33.633  -8.097  41.389 0.0000000000
72147  -33.339  -7.416  41.856 0.0000000000
54445  -21.422  -22.566  50.572 0.0000000000
54410  -21.863  -22.874  52.372 0.0000000000
53304  -24.042  -23.281  53.073 0.0000000000
48521  -6.607  -27.263  54.307 0.0000000000
50961  -7.388  -25.082  54.617 0.0000000000
48522  -7.581  -27.352  53.919 0.0000000000
47385  -8.076  -28.394  54.158 0.0000000000
47361  -9.290  -29.042  55.100 0.0000000000
49726  -12.374  -26.104  52.572 0.0000000000
49705  -11.954  -26.729  53.229 0.0000000000
48527  -12.408  -27.833  54.602 0.0000000000
39981  -3.806  -36.057  59.325 0.0000000000
39994  -3.081  -35.276  57.836 0.0000000000
42081  -2.271  -33.666  58.544 0.0000000000
55543  -37.753  -21.521  53.415 0.0000000000
52222  -20.694  -24.654  50.845 0.0000000000
52242  -20.403  -24.126  49.936 0.0000000000
54398  -37.420  -22.234  53.733 0.0000000000
53379  -19.285  -23.348  49.427 0.0000000000
53361  -18.253  -23.230  49.941 0.0000000000
73412  -34.297  -6.189  40.873 0.0000000000
74566  -34.474  -5.354  41.442 0.0000000000
80042  -39.581  -0.598  38.411 0.0000000000
78873  -39.818  -1.215  37.946 0.0000000000
78874  -40.531  -1.426  37.504 0.0000000000
80056  -39.986  -0.548  37.626 0.0000000000
80057  -40.776  -0.524  36.876 0.0000000000
52179  -27.048  -25.257  51.962 0.0000000000
52180  -28.035  -25.237  51.969 0.0000000000
53274  -11.621  -22.868  54.066 0.0000000000
52149  -11.322  -23.588  53.362 0.0000000000
82404  -46.430  1.478  34.893 0.0000000000
82405  -47.137  1.528  34.758 0.0000000000
60193  -39.271  -17.303  52.860 0.0000000000
61287  -39.017  -16.316  52.638 0.0000000000
60210  -38.552  -17.115  52.249 0.0000000000
52184  -32.358  -24.487  52.649 0.0000000000
53343  -15.315  -23.198  51.948 0.0000000000
51029  -15.121  -24.972  51.338 0.0000000000
51030  -16.331  -25.050  50.900 0.0000000000
54470  -35.096  -21.863  50.123 0.0000000000
55617  -34.060  -21.399  49.254 0.0000000000
59102  -20.340  -18.302  49.340 0.0000000000
59086  -25.054  -18.540  49.878 0.0000000000
59107  -24.881  -18.393  49.149 0.0000000000
57901  -25.630  -18.662  49.118 0.0000000000
57921  -25.512  -19.235  48.054 0.0000000000
57922  -26.128  -19.522  48.086 0.0000000000
54464  -29.575  -22.198  48.805 0.0000000000
54487  -28.877  -22.471  48.405 0.0000000000
54465  -30.331  -22.388  49.035 0.0000000000
53390  -34.540  -22.634  50.054 0.0000000000
70958  -38.929  -8.622  40.812 0.0000000000
72174  -39.721  -7.919  40.697 0.0000000000
77711  -36.914  -3.327  40.383 0.0000000000
76609  -37.009  -3.602  40.073 0.0000000000
74596  -40.838  -5.184  39.813 0.0000000000
81236  -43.610  0.885  35.375 0.0000000000
47360  -6.168  -28.162  54.703 0.0000000000
46265  -6.740  -29.233  54.418 0.0000000000
57924  -35.602  -19.524  48.796 0.0000000000
56761  -36.409  -19.635  49.167 0.0000000000
59125  -35.455  -18.869  48.308 0.0000000000
61357  -32.868  -17.441  47.036 0.0000000000
61358  -33.757  -17.021  46.669 0.0000000000
63549  -29.130  -14.310  44.575 0.0000000000
63536  -29.074  -14.948  45.175 0.0000000000
63537  -30.200  -14.739  45.167 0.0000000000
63519  -31.146  -14.535  46.081 0.0000000000
64643  -30.889  -13.978  45.560 0.0000000000
64623  -31.213  -13.720  46.517 0.0000000000
67227  -31.924  -13.084  43.338 0.0000000000
65914  -32.389  -12.953  42.840 0.0000000000
65915  -32.979  -13.221  43.074 0.0000000000
65930  -32.249  -12.596  42.254 0.0000000000
65931  -33.011  -12.719  42.226 0.0000000000
56710  -22.672  -21.301  50.109 0.0000000000
56690  -22.449  -21.471  50.624 0.0000000000
55569  -23.031  -21.560  51.019 0.0000000000
49689  -10.046  -27.326  53.973 0.0000000000
48509  -10.212  -28.194  54.891 0.0000000000
48510  -10.971  -28.020  55.148 0.0000000000
48529  -14.628  -27.226  54.168 0.0000000000
45143  -4.449  -30.239  56.868 0.0000000000
45126  -4.057  -30.126  58.039 0.0000000000
57827  -39.041  -19.128  53.431 0.0000000000
50985  -19.672  -25.939  53.400 0.0000000000
50986  -20.367  -25.534  53.742 0.0000000000
53347  -21.254  -23.926  51.837 0.0000000000
53325  -21.271  -24.357  53.074 0.0000000000
54387  -21.580  -23.841  53.481 0.0000000000
53302  -21.737  -23.752  54.045 0.0000000000
53287  -35.560  -24.666  54.501 0.0000000000
53360  -17.586  -23.332  50.562 0.0000000000
52199  -17.222  -23.694  50.658 0.0000000000
51042  -17.236  -24.855  50.549 0.0000000000
51043  -18.038  -25.147  50.364 0.0000000000
51033  -19.207  -26.040  51.328 0.0000000000
51010  -19.456  -26.066  52.406 0.0000000000
56737  -33.187  -20.650  49.834 0.0000000000
55576  -32.238  -20.757  50.904 0.0000000000
69749  -35.430  -9.097  40.550 0.0000000000
73413  -35.052  -6.335  40.245 0.0000000000
72170  -35.493  -7.338  40.261 0.0000000000
77723  -38.601  -2.526  39.143 0.0000000000
77724  -39.153  -1.976  38.751 0.0000000000
76632  -41.643  -3.319  38.219 0.0000000000
77747  -41.701  -2.086  37.476 0.0000000000
77736  -42.573  -2.951  37.750 0.0000000000
77748  -42.683  -2.496  37.418 0.0000000000
76643  -43.421  -2.855  37.663 0.0000000000
77749  -43.652  -2.344  37.415 0.0000000000
80075  -41.144  -0.030  36.602 0.0000000000
80076  -41.713  -0.407  36.538 0.0000000000
60262  -33.123  -17.983  49.677 0.0000000000
61322  -31.238  -17.164  49.298 0.0000000000
61336  -31.772  -17.472  48.380 0.0000000000
61335  -30.966  -17.702  48.476 0.0000000000
67224  -27.596  -12.208  44.581 0.0000000000
65888  -28.233  -12.648  44.007 0.0000000000
64693  -29.092  -12.934  43.637 0.0000000000
65910  -28.324  -11.991  43.649 0.0000000000
68474  -29.110  -10.114  43.609 0.0000000000
67240  -29.423  -11.570  43.086 0.0000000000
68485  -30.162  -10.173  42.659 0.0000000000
69700  -29.817  -9.740  43.007 0.0000000000
69692  -30.567  -8.424  43.327 0.0000000000
54433  -24.744  -22.800  50.594 0.0000000000
53349  -24.758  -22.946  51.235 0.0000000000
53350  -25.155  -23.357  50.786 0.0000000000
51013  -26.629  -25.430  52.779 0.0000000000
51012  -26.177  -25.129  52.944 0.0000000000
52171  -10.716  -25.047  52.822 0.0000000000
51005  -10.485  -25.580  52.926 0.0000000000
49724  -10.848  -26.031  52.847 0.0000000000
42112  -4.958  -33.578  56.545 0.0000000000
41037  -4.529  -34.814  57.678 0.0000000000
39996  -4.109  -34.990  57.619 0.0000000000
42096  -3.314  -33.464  57.923 0.0000000000
39995  -3.638  -35.125  57.754 0.0000000000
62343  -37.746  -15.661  52.082 0.0000000000
63455  -37.670  -14.941  52.057 0.0000000000
63462  -37.171  -14.940  51.355 0.0000000000
51016  -29.464  -25.464  52.986 0.0000000000
51017  -30.326  -25.402  53.125 0.0000000000
53321  -14.404  -23.223  52.747 0.0000000000
53298  -14.754  -22.739  53.587 0.0000000000
53320  -13.783  -23.391  53.011 0.0000000000
52195  -13.825  -24.283  52.110 0.0000000000
49708  -14.629  -26.608  52.783 0.0000000000
49709  -15.419  -26.586  52.914 0.0000000000
49750  -17.555  -26.082  51.644 0.0000000000
49693  -17.686  -26.069  54.404 0.0000000000
49692  -16.543  -26.281  54.153 0.0000000000
54436  -36.779  -22.022  51.785 0.0000000000
55577  -36.137  -21.773  51.012 0.0000000000
56740  -35.537  -20.276  49.366 0.0000000000
56714  -33.692  -20.226  50.419 0.0000000000
57882  -33.507  -19.637  51.257 0.0000000000
59087  -33.704  -18.705  50.779 0.0000000000
60263  -33.797  -18.268  49.974 0.0000000000
59119  -21.004  -18.917  48.814 0.0000000000
57916  -20.509  -19.696  48.889 0.0000000000
57917  -21.357  -19.747  48.929 0.0000000000
57899  -21.684  -20.187  49.162 0.0000000000
59122  -23.852  -18.754  48.219 0.0000000000
59105  -23.501  -18.069  48.624 0.0000000000
57919  -23.281  -19.657  48.386 0.0000000000
56755  -23.541  -20.645  48.451 0.0000000000
55632  -24.022  -21.380  48.469 0.0000000000
55634  -25.537  -22.197  48.053 0.0000000000
54483  -25.369  -22.448  48.510 0.0000000000
53382  -26.274  -23.685  49.119 0.0000000000
55611  -28.507  -20.400  49.305 0.0000000000
55588  -28.597  -20.016  50.666 0.0000000000
56712  -28.006  -19.691  49.798 0.0000000000
56711  -27.416  -19.090  50.302 0.0000000000
56736  -27.629  -20.224  48.676 0.0000000000
56759  -27.315  -20.626  47.853 0.0000000000
53400  -28.495  -23.092  48.307 0.0000000000
53384  -28.143  -23.753  48.736 0.0000000000
52245  -27.649  -24.251  49.444 0.0000000000
52226  -29.220  -24.323  50.035 0.0000000000
52227  -30.345  -24.298  50.424 0.0000000000
52228  -31.384  -24.136  50.707 0.0000000000
54466  -31.347  -22.396  49.175 0.0000000000
53369  -33.133  -23.698  50.464 0.0000000000
52230  -32.842  -23.912  51.023 0.0000000000
54434  -35.149  -22.609  51.500 0.0000000000
54416  -34.991  -22.920  52.008 0.0000000000
57896  -18.653  -19.371  49.935 0.0000000000
56707  -18.075  -19.795  50.437 0.0000000000
55605  -18.566  -21.233  49.332 0.0000000000
65935  -36.540  -12.770  43.196 0.0000000000
67283  -38.065  -11.818  41.955 0.0000000000
67264  -38.760  -12.144  42.774 0.0000000000
69750  -36.427  -9.193  40.538 0.0000000000
75583  -35.474  -4.363  41.746 0.0000000000
75592  -34.935  -4.805  41.236 0.0000000000
75593  -35.583  -4.608  40.777 0.0000000000
75604  -36.943  -4.726  40.040 0.0000000000
75595  -36.984  -5.150  40.034 0.0000000000
74580  -37.530  -5.767  39.947 0.0000000000
76621  -38.350  -3.627  39.093 0.0000000000
75616  -38.874  -4.144  38.899 0.0000000000
74582  -39.542  -6.091  40.040 0.0000000000
73418  -40.307  -7.050  40.391 0.0000000000
73419  -41.289  -6.582  40.702 0.0000000000
73398  -42.005  -7.116  41.325 0.0000000000
80080  -45.595  -0.348  35.718 0.0000000000
82402  -44.680  1.564  34.897 0.0000000000
46245  -5.030  -29.286  55.481 0.0000000000
47336  -4.538  -28.363  56.201 0.0000000000
45164  -4.888  -29.983  55.779 0.0000000000
45188  -7.898  -30.263  55.394 0.0000000000
44164  -7.647  -30.918  56.054 0.0000000000
43165  -6.717  -32.148  56.202 0.0000000000
43164  -6.216  -32.204  55.763 0.0000000000
43151  -5.536  -32.791  56.185 0.0000000000
43115  -6.418  -33.173  59.143 0.0000000000
56675  -37.381  -21.164  51.759 0.0000000000
56695  -37.329  -20.771  51.248 0.0000000000
57885  -37.382  -19.062  50.371 0.0000000000
56717  -37.589  -19.569  50.860 0.0000000000
59088  -37.436  -18.166  50.211 0.0000000000
59136  -34.872  -18.259  47.707 0.0000000000
59137  -35.322  -18.388  47.883 0.0000000000
60281  -36.645  -17.583  48.252 0.0000000000
60264  -37.145  -17.153  48.947 0.0000000000
60265  -37.356  -17.491  49.711 0.0000000000
61326  -37.352  -16.714  49.533 0.0000000000
61315  -37.478  -16.587  50.201 0.0000000000
61325  -37.184  -16.264  49.087 0.0000000000
62395  -36.235  -15.389  47.613 0.0000000000
63485  -36.164  -14.743  48.292 0.0000000000
61332  -28.373  -16.059  48.327 0.0000000000
62374  -28.867  -16.089  48.928 0.0000000000
61333  -29.052  -16.815  48.209 0.0000000000
60276  -29.762  -17.467  47.581 0.0000000000
61354  -29.101  -17.030  47.153 0.0000000000
64641  -27.579  -13.587  46.350 0.0000000000
64621  -27.667  -13.955  47.057 0.0000000000
63534  -27.739  -14.336  46.039 0.0000000000
61388  -30.200  -16.008  45.499 0.0000000000
61386  -28.825  -16.335  46.035 0.0000000000
61370  -30.323  -16.731  45.931 0.0000000000
60325  -30.014  -17.143  46.317 0.0000000000
62415  -32.692  -15.830  46.652 0.0000000000
62414  -31.893  -15.622  46.465 0.0000000000
63496  -32.722  -14.430  47.311 0.0000000000
63497  -33.628  -14.670  47.198 0.0000000000
63483  -34.873  -14.022  47.788 0.0000000000
65808  -31.897  -13.209  46.399 0.0000000000
64677  -30.595  -13.442  43.819 0.0000000000
64660  -30.964  -13.610  44.166 0.0000000000
65890  -31.095  -13.380  43.716 0.0000000000
65865  -32.700  -13.372  44.453 0.0000000000
67192  -32.271  -13.226  44.818 0.0000000000
65837  -33.673  -13.418  45.951 0.0000000000
65893  -34.252  -13.538  43.875 0.0000000000
65894  -35.251  -13.214  44.375 0.0000000000
65918  -36.027  -13.150  43.726 0.0000000000
65917  -35.179  -13.278  43.387 0.0000000000
65948  -33.186  -12.248  41.516 0.0000000000
65949  -33.763  -12.492  41.497 0.0000000000
67280  -34.420  -11.738  41.260 0.0000000000
69712  -31.700  -9.572  41.929 0.0000000000
69713  -32.439  -9.292  41.697 0.0000000000
69728  -32.883  -9.753  41.354 0.0000000000
69729  -33.366  -9.158  41.222 0.0000000000
70914  -33.093  -8.087  41.870 0.0000000000
54482  -20.745  -21.790  49.361 0.0000000000
54461  -21.344  -22.125  50.127 0.0000000000
54411  -22.487  -22.327  52.204 0.0000000000
55549  -21.981  -22.294  51.772 0.0000000000
54389  -22.430  -22.958  53.016 0.0000000000
54371  -22.430  -23.289  53.857 0.0000000000
53305  -24.734  -23.596  52.542 0.0000000000
52154  -24.705  -24.136  53.413 0.0000000000
50990  -28.912  -25.867  53.757 0.0000000000
49673  -6.037  -26.189  55.218 0.0000000000
49685  -6.293  -26.618  54.618 0.0000000000
52127  -8.549  -24.582  53.982 0.0000000000
50942  -7.862  -24.483  54.794 0.0000000000
50962  -7.782  -25.245  54.007 0.0000000000
46267  -8.363  -29.098  54.520 0.0000000000
47386  -9.059  -28.619  54.584 0.0000000000
51008  -12.926  -25.156  52.194 0.0000000000
51007  -11.818  -25.318  52.511 0.0000000000
48541  -12.705  -27.310  53.763 0.0000000000
48540  -11.683  -27.304  53.906 0.0000000000
38963  -3.449  -36.399  58.871 0.0000000000
41045  -2.657  -34.948  57.971 0.0000000000
41035  -2.119  -34.320  58.376 0.0000000000
51034  -20.178  -25.608  51.651 0.0000000000
53309  -36.487  -23.687  53.641 0.0000000000
54443  -18.083  -22.019  50.103 0.0000000000
51045  -19.890  -25.490  50.711 0.0000000000
56693  -32.571  -20.297  51.703 0.0000000000
72148  -33.791  -7.078  41.282 0.0000000000
77734  -40.899  -2.423  37.834 0.0000000000
77746  -41.106  -1.837  37.476 0.0000000000
80058  -41.369  -0.900  36.738 0.0000000000
61312  -31.439  -16.910  50.154 0.0000000000
61311  -30.676  -16.754  50.010 0.0000000000
68466  -27.899  -10.352  44.937 0.0000000000
67239  -28.591  -11.418  43.469 0.0000000000
68473  -28.428  -10.406  43.866 0.0000000000
69690  -28.921  -9.789  43.939 0.0000000000
53364  -25.541  -23.716  50.000 0.0000000000
52201  -25.600  -24.277  51.153 0.0000000000
50989  -27.889  -25.962  53.603 0.0000000000
80094  -47.247  -0.302  35.378 0.0000000000
42083  -5.589  -33.973  58.197 0.0000000000
41023  -5.239  -34.391  58.777 0.0000000000
41022  -4.746  -34.916  58.469 0.0000000000
39982  -4.297  -35.480  58.941 0.0000000000
61299  -38.392  -16.350  52.344 0.0000000000
52183  -31.261  -25.007  52.779 0.0000000000
52138  -31.914  -24.756  54.315 0.0000000000
50955  -32.835  -24.989  55.417 0.0000000000
53324  -16.321  -22.185  52.467 0.0000000000
53300  -15.752  -21.913  53.363 0.0000000000
53342  -14.803  -23.225  52.223 0.0000000000
49712  -18.192  -26.235  53.341 0.0000000000
54448  -35.199  -22.217  50.819 0.0000000000
54449  -35.677  -21.824  50.724 0.0000000000
57897  -19.387  -19.325  49.365 0.0000000000
57915  -19.835  -19.830  48.850 0.0000000000
57898  -20.085  -19.215  48.989 0.0000000000
59103  -21.575  -18.086  48.927 0.0000000000
60261  -23.986  -17.707  49.097 0.0000000000
56756  -24.338  -20.790  47.881 0.0000000000
57934  -25.206  -20.030  47.531 0.0000000000
56772  -25.819  -20.646  47.541 0.0000000000
55644  -25.929  -21.722  47.592 0.0000000000
55636  -28.547  -21.840  48.230 0.0000000000
53401  -28.905  -23.019  48.425 0.0000000000
53365  -29.432  -24.070  49.292 0.0000000000
53370  -34.119  -23.229  50.582 0.0000000000
68521  -37.528  -11.013  41.312 0.0000000000
70956  -36.959  -8.409  40.234 0.0000000000
76608  -36.388  -3.831  40.612 0.0000000000
76619  -36.912  -4.240  39.990 0.0000000000
75608  -40.186  -4.661  39.246 0.0000000000
75607  -39.286  -4.736  39.178 0.0000000000
80078  -43.731  -0.423  36.077 0.0000000000
80079  -44.650  -0.408  36.061 0.0000000000
81228  -44.760  0.134  35.518 0.0000000000
81237  -44.313  0.742  35.108 0.0000000000
44133  -6.971  -32.331  57.890 0.0000000000
55620  -36.500  -20.528  50.152 0.0000000000
56716  -37.150  -20.115  50.447 0.0000000000
56741  -36.419  -20.049  49.623 0.0000000000
57905  -36.797  -19.094  49.388 0.0000000000
61360  -36.205  -16.689  47.459 0.0000000000
62394  -35.327  -15.484  47.167 0.0000000000
62389  -27.790  -15.263  47.729 0.0000000000
64658  -28.090  -14.266  45.074 0.0000000000
63535  -28.168  -14.824  45.570 0.0000000000
62427  -29.686  -15.542  45.394 0.0000000000
63520  -31.484  -15.080  46.228 0.0000000000
63495  -31.711  -14.565  46.787 0.0000000000
65807  -31.365  -13.192  46.135 0.0000000000
67226  -31.621  -13.372  43.895 0.0000000000
64678  -33.799  -13.625  43.343 0.0000000000
64697  -33.889  -13.646  42.865 0.0000000000
64712  -33.536  -13.322  42.627 0.0000000000
67260  -32.777  -11.924  41.509 0.0000000000
69693  -31.146  -8.209  43.090 0.0000000000
56732  -21.517  -20.848  49.578 0.0000000000
55585  -21.654  -21.899  50.405 0.0000000000
56689  -22.118  -21.526  50.647 0.0000000000
55568  -22.408  -21.679  51.107 0.0000000000
54390  -23.181  -22.768  52.841 0.0000000000
49702  -8.819  -25.891  53.559 0.0000000000
49688  -9.432  -27.047  53.808 0.0000000000
47387  -9.583  -28.424  54.711 0.0000000000
48508  -9.816  -28.343  54.764 0.0000000000
49707  -13.840  -26.676  52.836 0.0000000000
48542  -13.678  -27.169  53.569 0.0000000000
59031  -38.969  -18.454  52.977 0.0000000000
59052  -38.234  -18.260  52.165 0.0000000000
50946  -19.936  -25.390  55.481 0.0000000000
50947  -20.626  -24.900  55.510 0.0000000000
52133  -21.041  -24.671  54.897 0.0000000000
52176  -20.846  -25.132  53.139 0.0000000000
53306  -33.642  -24.227  53.282 0.0000000000
52159  -33.792  -24.515  53.835 0.0000000000
54408  -16.796  -21.142  52.589 0.0000000000
54427  -16.912  -21.928  52.181 0.0000000000
52198  -16.579  -23.901  50.872 0.0000000000
51041  -16.827  -24.552  50.685 0.0000000000
51031  -17.322  -25.596  50.907 0.0000000000
49751  -18.401  -26.196  51.801 0.0000000000
49713  -19.032  -26.303  53.258 0.0000000000
49695  -19.261  -26.123  53.799 0.0000000000
55590  -30.027  -20.668  50.048 0.0000000000
55615  -31.990  -21.619  49.538 0.0000000000
55592  -31.667  -20.995  49.997 0.0000000000
68539  -35.014  -9.802  40.673 0.0000000000
70955  -35.951  -8.301  40.280 0.0000000000
72172  -37.495  -7.581  40.181 0.0000000000
76629  -39.016  -3.488  38.723 0.0000000000
75618  -40.430  -3.999  38.826 0.0000000000
75610  -42.118  -4.523  39.214 0.0000000000
74598  -42.840  -5.218  39.519 0.0000000000
75621  -43.380  -3.949  38.557 0.0000000000
76633  -42.644  -3.368  38.097 0.0000000000
78878  -44.043  -1.700  37.144 0.0000000000
78893  -42.473  -1.148  36.572 0.0000000000
46266  -7.629  -29.199  54.400 0.0000000000
45207  -7.742  -29.756  54.734 0.0000000000
60279  -33.259  -17.771  48.202 0.0000000000
61356  -32.103  -17.363  47.317 0.0000000000
65833  -27.653  -12.769  46.972 0.0000000000
65832  -27.485  -12.905  46.264 0.0000000000
65861  -27.442  -12.907  45.541 0.0000000000
64673  -27.602  -13.408  45.005 0.0000000000
64674  -28.179  -13.722  44.605 0.0000000000
64694  -29.515  -13.013  43.565 0.0000000000
65912  -29.816  -12.524  43.260 0.0000000000
67241  -30.283  -12.028  43.075 0.0000000000
67257  -30.554  -11.548  42.622 0.0000000000
67258  -31.150  -11.683  42.215 0.0000000000
68499  -30.614  -10.779  42.300 0.0000000000
68486  -30.659  -9.953  42.419 0.0000000000
70886  -31.329  -7.325  43.722 0.0000000000
55570  -23.616  -21.820  50.724 0.0000000000
54432  -24.199  -22.356  50.981 0.0000000000
52155  -25.657  -24.859  53.274 0.0000000000
52128  -9.455  -23.772  54.069 0.0000000000
52147  -9.280  -24.790  53.478 0.0000000000
50983  -9.096  -25.500  53.491 0.0000000000
48539  -11.057  -27.369  54.016 0.0000000000
49664  -15.570  -26.678  56.053 0.0000000000
43135  -3.871  -32.403  57.298 0.0000000000
41048  -4.773  -34.327  57.117 0.0000000000
41058  -4.154  -33.744  57.100 0.0000000000
43134  -3.518  -32.799  57.821 0.0000000000
42082  -2.609  -33.247  58.595 0.0000000000
75584  -35.942  -4.086  42.019 0.0000000000
76596  -36.366  -3.621  41.810 0.0000000000
77698  -37.518  -2.325  40.989 0.0000000000
63461  -36.586  -14.404  51.221 0.0000000000
52204  -28.598  -24.840  51.091 0.0000000000
52140  -33.485  -24.687  54.371 0.0000000000
53277  -13.662  -22.962  54.550 0.0000000000
53296  -13.303  -23.126  53.610 0.0000000000
52151  -12.837  -23.303  53.212 0.0000000000
52150  -12.304  -23.495  53.141 0.0000000000
51009  -13.583  -25.645  52.081 0.0000000000
51028  -14.001  -25.076  51.762 0.0000000000
49690  -14.908  -26.789  53.430 0.0000000000
49730  -16.016  -26.369  52.210 0.0000000000
83507  -46.626  2.652  34.677 0.0000000000
55542  -37.404  -22.259  52.965 0.0000000000
57903  -34.832  -19.551  49.249 0.0000000000
61314  -32.641  -17.619  50.050 0.0000000000
54459  -19.946  -22.418  48.937 0.0000000000
53380  -20.213  -23.365  49.429 0.0000000000
54481  -20.518  -21.897  49.111 0.0000000000
55631  -20.701  -21.376  49.183 0.0000000000
56752  -20.816  -20.610  49.072 0.0000000000
56731  -20.962  -21.055  49.375 0.0000000000
56733  -22.334  -20.691  49.429 0.0000000000
56734  -23.026  -20.988  49.363 0.0000000000
60258  -21.459  -17.473  49.623 0.0000000000
59104  -22.587  -18.061  48.746 0.0000000000
56754  -22.856  -20.369  48.831 0.0000000000
55633  -24.889  -21.750  48.107 0.0000000000
54462  -24.866  -22.499  49.097 0.0000000000
52223  -26.233  -24.406  50.114 0.0000000000
52224  -27.118  -24.715  50.174 0.0000000000
57902  -26.334  -19.200  48.646 0.0000000000
56758  -26.642  -20.022  48.101 0.0000000000
56773  -26.647  -20.922  47.498 0.0000000000
54494  -26.620  -22.249  47.552 0.0000000000
54496  -27.802  -21.816  47.489 0.0000000000
54485  -27.072  -22.783  47.753 0.0000000000
53398  -26.819  -23.332  48.354 0.0000000000
53383  -27.194  -23.871  48.805 0.0000000000
53368  -32.088  -23.791  50.005 0.0000000000
52208  -32.832  -24.087  51.698 0.0000000000
52185  -33.161  -24.194  52.653 0.0000000000
53328  -33.788  -23.822  52.683 0.0000000000
53353  -34.507  -23.020  51.493 0.0000000000
54396  -36.109  -23.492  53.048 0.0000000000
55584  -17.823  -20.846  50.224 0.0000000000
67263  -37.470  -12.494  42.969 0.0000000000
69733  -38.013  -10.044  41.022 0.0000000000
74593  -38.131  -5.325  39.624 0.0000000000
74581  -38.541  -6.035  39.930 0.0000000000
73396  -40.538  -7.495  40.796 0.0000000000
80092  -45.812  0.221  35.305 0.0000000000
80093  -46.370  -0.040  35.309 0.0000000000
83495  -46.054  2.450  34.862 0.0000000000
84592  -45.596  3.464  35.174 0.0000000000
46203  -4.323  -29.183  56.881 0.0000000000
45163  -4.698  -30.392  56.095 0.0000000000
44163  -7.059  -31.430  55.693 0.0000000000
44161  -5.283  -31.136  55.412 0.0000000000
42113  -5.681  -33.360  56.827 0.0000000000
43136  -6.518  -33.036  58.162 0.0000000000
42084  -6.030  -33.519  58.612 0.0000000000
55560  -37.787  -21.078  52.840 0.0000000000
56696  -37.687  -19.926  51.396 0.0000000000
59126  -36.235  -18.705  48.441 0.0000000000
60306  -35.954  -17.998  47.795 0.0000000000
59110  -37.141  -18.317  49.631 0.0000000000
60209  -38.039  -17.406  51.798 0.0000000000
60228  -37.784  -17.136  51.323 0.0000000000
61305  -37.539  -16.452  51.056 0.0000000000
62360  -37.237  -15.535  50.549 0.0000000000
63468  -36.696  -14.786  50.296 0.0000000000
62366  -29.917  -16.476  49.824 0.0000000000
62364  -28.535  -15.232  49.552 0.0000000000
61320  -29.541  -16.563  49.115 0.0000000000
60278  -31.096  -18.055  47.769 0.0000000000
60302  -31.081  -18.034  47.071 0.0000000000
63492  -27.665  -14.639  47.237 0.0000000000
62388  -27.661  -14.986  47.307 0.0000000000
63518  -27.827  -14.875  46.320 0.0000000000
62412  -28.117  -15.710  46.478 0.0000000000
61368  -28.700  -16.540  46.655 0.0000000000
60300  -29.834  -17.361  46.773 0.0000000000
60327  -30.883  -17.667  46.647 0.0000000000
61372  -32.356  -16.668  46.689 0.0000000000
62416  -33.359  -15.891  46.639 0.0000000000
62393  -34.006  -15.726  46.737 0.0000000000
62391  -32.327  -15.086  46.841 0.0000000000
63499  -35.284  -14.542  47.431 0.0000000000
63484  -35.503  -14.310  48.094 0.0000000000
63475  -35.557  -14.254  49.055 0.0000000000
64610  -33.814  -13.900  47.470 0.0000000000
64659  -30.627  -13.853  44.581 0.0000000000
65863  -31.040  -13.732  45.140 0.0000000000
65835  -31.708  -13.178  45.514 0.0000000000
67209  -31.857  -13.225  44.715 0.0000000000
67191  -32.093  -13.131  45.165 0.0000000000
65934  -35.823  -12.843  42.937 0.0000000000
67261  -35.718  -12.554  42.388 0.0000000000
67278  -32.605  -11.041  41.317 0.0000000000
68517  -33.168  -10.366  41.077 0.0000000000
68538  -34.326  -10.026  40.636 0.0000000000
69747  -33.877  -9.557  40.689 0.0000000000
69730  -33.819  -8.587  40.951 0.0000000000
53381  -20.838  -23.432  49.957 0.0000000000
53362  -21.155  -23.486  50.753 0.0000000000
53348  -21.394  -23.252  51.419 0.0000000000
54430  -21.659  -22.729  51.456 0.0000000000
54429  -21.523  -23.238  51.962 0.0000000000
54388  -21.915  -23.402  53.369 0.0000000000
54413  -23.996  -22.194  51.829 0.0000000000
54391  -23.839  -22.546  52.431 0.0000000000
53303  -23.379  -23.282  53.469 0.0000000000
52153  -24.054  -23.843  53.623 0.0000000000
52135  -23.891  -24.167  54.346 0.0000000000
52134  -23.393  -23.856  54.809 0.0000000000
48498  -5.497  -26.652  55.437 0.0000000000
48507  -6.034  -27.098  54.917 0.0000000000
46248  -8.775  -29.434  55.205 0.0000000000
47362  -9.783  -28.734  55.218 0.0000000000
49725  -11.420  -26.130  52.767 0.0000000000
48526  -11.431  -27.677  54.583 0.0000000000
48501  -14.829  -27.271  55.793 0.0000000000
48511  -11.903  -28.274  55.282 0.0000000000
39970  -4.260  -35.480  60.027 0.0000000000
39988  -3.551  -35.861  58.309 0.0000000000
41036  -2.448  -33.914  58.390 0.0000000000
38961  -2.593  -36.098  57.810 0.0000000000
39986  -2.019  -35.400  57.999 0.0000000000
41059  -4.446  -33.878  56.967 0.0000000000
42097  -3.777  -33.384  57.287 0.0000000000
45144  -4.633  -29.841  56.367 0.0000000000
46249  -9.378  -29.186  55.565 0.0000000000
48514  -15.121  -27.150  55.096 0.0000000000
49733  -18.651  -26.311  52.540 0.0000000000
50966  -20.483  -25.289  54.699 0.0000000000
50987  -26.157  -25.466  53.405 0.0000000000
50988  -26.895  -25.823  53.500 0.0000000000
52117  -20.995  -24.413  55.561 0.0000000000
52146  -8.826  -25.063  53.567 0.0000000000
52247  -29.134  -24.112  49.265 0.0000000000
53284  -23.143  -23.530  54.240 0.0000000000
53285  -23.687  -23.640  53.735 0.0000000000
53327  -25.003  -23.553  51.695 0.0000000000
53330  -35.561  -23.453  52.846 0.0000000000
53351  -33.110  -23.841  51.157 0.0000000000
53363  -21.451  -23.009  51.043 0.0000000000
54431  -23.654  -21.941  51.324 0.0000000000
54444  -21.137  -22.993  50.178 0.0000000000
54446  -24.440  -22.483  49.958 0.0000000000
54495  -27.327  -22.117  47.402 0.0000000000
55550  -22.285  -21.983  51.556 0.0000000000
55551  -22.680  -21.874  51.585 0.0000000000
55594  -36.116  -21.453  50.636 0.0000000000
55607  -20.985  -21.502  49.540 0.0000000000
55630  -20.275  -21.412  48.789 0.0000000000
55643  -25.383  -21.258  47.618 0.0000000000
55645  -26.869  -21.633  47.371 0.0000000000
55646  -27.490  -21.576  47.458 0.0000000000
56687  -17.760  -19.307  51.199 0.0000000000
56688  -21.929  -21.693  50.572 0.0000000000
56708  -21.805  -21.450  50.218 0.0000000000
57900  -21.954  -20.327  49.291 0.0000000000
57933  -24.696  -20.320  47.620 0.0000000000
59085  -24.493  -18.021  49.538 0.0000000000
60260  -23.295  -17.532  49.162 0.0000000000
60277  -30.499  -17.900  47.767 0.0000000000
60326  -30.490  -17.364  46.455 0.0000000000
61387  -29.535  -16.271  45.681 0.0000000000
62359  -37.034  -15.204  50.163 0.0000000000
62417  -33.655  -15.927  46.629 0.0000000000
63482  -34.117  -14.099  47.447 0.0000000000
63517  -27.678  -14.407  46.649 0.0000000000
64679  -34.095  -13.682  43.241 0.0000000000
64695  -30.119  -13.108  43.523 0.0000000000
64696  -33.461  -13.476  43.074 0.0000000000
65889  -28.832  -12.857  43.733 0.0000000000
67207  -27.466  -12.422  45.045 0.0000000000
76595  -35.919  -4.039  41.680 0.0000000000
