#!ascii label  , from subject sub.01.bl.02 vox2ras=TkReg
1537
96166  -38.927  14.368  31.062 0.0000000000
91076  -51.239  10.354  20.007 0.0000000000
101589  -46.029  20.632  32.795 0.0000000000
92007  -48.700  10.097  27.791 0.0000000000
94120  -45.171  11.924  36.706 0.0000000000
96253  -44.643  14.128  21.622 0.0000000000
101708  -46.907  20.352  21.583 0.0000000000
105404  -42.375  24.749  18.522 0.0000000000
90824  -36.757  9.358  41.306 0.0000000000
89920  -42.545  8.951  28.984 0.0000000000
91049  -45.109  9.624  23.578 0.0000000000
95291  -42.663  13.449  27.088 0.0000000000
102581  -50.728  21.360  33.476 0.0000000000
100702  -49.267  19.052  27.016 0.0000000000
104406  -45.920  22.650  28.425 0.0000000000
102639  -41.565  21.842  22.801 0.0000000000
106245  -45.855  25.825  23.290 0.0000000000
90041  -48.459  8.628  18.087 0.0000000000
99675  -35.231  18.872  34.540 0.0000000000
100671  -41.219  19.417  30.296 0.0000000000
94220  -52.726  12.947  31.211 0.0000000000
91967  -46.841  10.176  32.248 0.0000000000
89867  -39.899  8.307  34.069 0.0000000000
94139  -38.312  12.434  37.333 0.0000000000
92115  -47.637  10.577  19.555 0.0000000000
95392  -46.939  13.502  16.624 0.0000000000
97945  -46.516  16.627  26.814 0.0000000000
99827  -48.111  18.477  20.277 0.0000000000
98041  -47.353  17.244  14.691 0.0000000000
101797  -43.190  20.432  15.288 0.0000000000
101764  -39.497  21.373  16.331 0.0000000000
93096  -40.549  11.245  30.412 0.0000000000
93125  -41.985  11.433  27.902 0.0000000000
95271  -41.549  13.517  29.004 0.0000000000
103500  -51.067  23.123  31.736 0.0000000000
103505  -49.248  22.215  30.448 0.0000000000
105297  -48.841  24.536  28.525 0.0000000000
106201  -45.499  24.749  26.275 0.0000000000
91081  -49.792  9.611  18.934 0.0000000000
99627  -34.256  18.330  38.634 0.0000000000
100606  -37.572  19.362  36.310 0.0000000000
93060  -45.423  11.413  34.029 0.0000000000
89882  -44.073  8.647  33.528 0.0000000000
91940  -43.048  10.604  35.171 0.0000000000
92927  -37.595  11.405  39.028 0.0000000000
94179  -32.412  12.016  34.480 0.0000000000
97011  -31.974  15.285  33.691 0.0000000000
94157  -30.175  12.529  35.419 0.0000000000
92034  -49.477  10.562  25.420 0.0000000000
94314  -43.927  12.284  22.227 0.0000000000
92086  -46.479  10.255  21.896 0.0000000000
94336  -45.047  12.243  20.367 0.0000000000
93237  -46.213  11.480  18.192 0.0000000000
96271  -45.877  14.159  19.061 0.0000000000
101587  -43.352  20.165  32.288 0.0000000000
99734  -44.338  17.946  28.366 0.0000000000
100694  -46.316  18.864  29.082 0.0000000000
101679  -47.877  20.186  23.872 0.0000000000
99791  -49.832  18.309  23.723 0.0000000000
101742  -49.497  20.394  20.295 0.0000000000
98908  -48.422  17.695  16.864 0.0000000000
101788  -47.873  20.045  17.000 0.0000000000
100821  -46.390  19.522  15.644 0.0000000000
101754  -45.674  20.841  17.846 0.0000000000
104472  -41.182  23.648  20.813 0.0000000000
101733  -40.357  20.706  18.496 0.0000000000
103590  -39.769  23.009  18.276 0.0000000000
103594  -38.419  22.520  17.060 0.0000000000
105410  -40.425  24.418  18.334 0.0000000000
89948  -45.851  8.331  28.028 0.0000000000
91014  -46.388  9.226  25.725 0.0000000000
91011  -43.454  9.715  25.749 0.0000000000
93165  -42.858  11.293  24.717 0.0000000000
96236  -43.387  14.059  24.046 0.0000000000
101582  -48.908  20.387  33.300 0.0000000000
99716  -49.053  18.741  30.141 0.0000000000
101629  -50.595  19.808  29.950 0.0000000000
101631  -47.366  20.519  28.219 0.0000000000
101665  -45.970  20.372  24.529 0.0000000000
101690  -43.862  20.600  22.098 0.0000000000
103538  -43.395  22.299  25.593 0.0000000000
105369  -43.137  24.704  23.746 0.0000000000
106288  -44.316  25.677  20.191 0.0000000000
90048  -45.649  8.925  17.837 0.0000000000
98778  -36.397  17.005  31.950 0.0000000000
98784  -38.985  17.274  30.751 0.0000000000
100639  -37.827  19.225  32.870 0.0000000000
99680  -40.621  19.454  34.560 0.0000000000
99668  -42.953  19.237  35.060 0.0000000000
100567  -42.284  19.383  38.228 0.0000000000
101561  -45.618  20.283  36.392 0.0000000000
93106  -50.653  11.468  29.578 0.0000000000
93088  -49.492  11.057  31.614 0.0000000000
90962  -47.862  9.716  29.744 0.0000000000
89910  -45.152  7.877  30.555 0.0000000000
88853  -41.923  8.000  31.196 0.0000000000
91850  -44.124  10.655  39.467 0.0000000000
94051  -39.891  11.711  41.566 0.0000000000
94084  -40.739  11.403  39.574 0.0000000000
92972  -41.348  12.007  36.998 0.0000000000
90893  -39.186  10.069  36.317 0.0000000000
96158  -37.019  13.931  32.188 0.0000000000
94352  -51.816  12.509  19.892 0.0000000000
92060  -48.416  10.375  23.483 0.0000000000
92089  -49.226  11.296  20.972 0.0000000000
93238  -50.514  11.330  18.292 0.0000000000
91097  -48.825  9.820  17.312 0.0000000000
91104  -46.980  10.216  16.868 0.0000000000
93266  -45.940  11.832  15.572 0.0000000000
97915  -42.150  16.302  28.978 0.0000000000
97054  -44.457  15.788  26.953 0.0000000000
97081  -44.861  16.143  23.937 0.0000000000
98820  -48.388  17.290  26.859 0.0000000000
98845  -48.078  17.902  24.312 0.0000000000
97984  -45.790  16.576  21.333 0.0000000000
98012  -47.218  16.045  18.379 0.0000000000
96294  -47.535  14.429  15.047 0.0000000000
96302  -45.508  14.291  14.975 0.0000000000
101735  -42.468  20.506  19.071 0.0000000000
101781  -41.306  20.367  15.258 0.0000000000
99862  -40.769  18.298  16.871 0.0000000000
99833  -38.305  19.009  18.156 0.0000000000
101746  -36.598  20.622  18.637 0.0000000000
94224  -39.635  12.877  30.817 0.0000000000
94234  -40.999  12.563  29.443 0.0000000000
96172  -40.281  14.415  30.473 0.0000000000
104401  -50.494  23.800  30.412 0.0000000000
105307  -49.325  24.797  27.473 0.0000000000
91075  -50.541  9.790  19.934 0.0000000000
94185  -45.516  11.983  35.189 0.0000000000
93043  -44.374  11.371  34.804 0.0000000000
94163  -43.776  11.594  35.773 0.0000000000
93037  -32.616  11.240  35.190 0.0000000000
94178  -31.651  12.411  34.375 0.0000000000
92008  -49.447  10.350  27.601 0.0000000000
92020  -48.724  10.059  26.798 0.0000000000
95344  -44.201  13.244  21.948 0.0000000000
94322  -44.375  12.273  21.545 0.0000000000
95353  -44.704  13.092  21.178 0.0000000000
94348  -45.392  12.362  19.659 0.0000000000
96254  -45.167  14.311  20.948 0.0000000000
101588  -44.525  20.339  32.942 0.0000000000
101616  -44.962  20.245  30.333 0.0000000000
101617  -46.151  20.372  30.735 0.0000000000
101694  -47.921  20.267  22.844 0.0000000000
101710  -48.863  20.475  22.122 0.0000000000
101741  -48.733  20.810  19.950 0.0000000000
101773  -49.015  20.327  18.421 0.0000000000
101756  -47.517  20.419  18.584 0.0000000000
101755  -46.465  20.606  18.188 0.0000000000
101739  -46.600  20.463  19.350 0.0000000000
105403  -41.765  24.290  19.206 0.0000000000
104477  -40.427  23.361  19.290 0.0000000000
104486  -41.074  23.867  18.709 0.0000000000
104485  -40.286  23.761  18.344 0.0000000000
105417  -41.390  24.615  17.766 0.0000000000
89946  -43.987  8.431  27.721 0.0000000000
89959  -44.533  8.676  27.051 0.0000000000
89945  -43.258  8.967  27.512 0.0000000000
94258  -42.286  12.374  27.445 0.0000000000
93150  -42.469  11.310  25.968 0.0000000000
94282  -42.564  12.274  25.793 0.0000000000
95324  -42.730  12.858  24.888 0.0000000000
95306  -43.041  13.672  25.942 0.0000000000
101583  -49.884  20.454  33.167 0.0000000000
100648  -49.840  19.500  31.583 0.0000000000
101594  -50.275  20.284  31.739 0.0000000000
104397  -47.220  22.747  29.399 0.0000000000
102605  -47.615  21.161  29.133 0.0000000000
102610  -46.672  21.232  28.393 0.0000000000
101641  -46.053  20.551  26.559 0.0000000000
102617  -45.149  21.281  26.759 0.0000000000
102626  -44.038  21.376  25.352 0.0000000000
104419  -44.539  22.800  26.731 0.0000000000
106217  -46.450  25.390  25.285 0.0000000000
106215  -44.513  24.771  25.307 0.0000000000
106244  -44.684  25.471  23.454 0.0000000000
106259  -44.042  25.412  22.345 0.0000000000
106260  -44.999  25.901  22.300 0.0000000000
90049  -46.655  8.876  17.654 0.0000000000
98763  -35.851  18.215  33.315 0.0000000000
99697  -37.424  18.658  32.387 0.0000000000
99688  -36.412  18.733  33.602 0.0000000000
99650  -38.620  19.350  36.718 0.0000000000
99664  -39.582  19.225  35.639 0.0000000000
99652  -40.508  19.257  36.464 0.0000000000
100607  -41.725  19.322  34.917 0.0000000000
99653  -41.549  19.266  36.306 0.0000000000
101507  -41.842  19.880  40.484 0.0000000000
100599  -44.043  19.546  37.135 0.0000000000
100600  -44.928  20.009  37.738 0.0000000000
101562  -46.546  20.473  35.987 0.0000000000
101547  -46.749  20.438  38.025 0.0000000000
94235  -52.147  12.555  29.280 0.0000000000
93099  -51.327  11.894  30.412 0.0000000000
93078  -49.398  11.091  32.708 0.0000000000
93087  -48.778  10.906  31.982 0.0000000000
91978  -48.997  10.669  30.652 0.0000000000
90954  -47.186  9.474  30.958 0.0000000000
88865  -46.511  8.462  30.197 0.0000000000
89901  -46.171  8.766  31.644 0.0000000000
89881  -42.970  8.123  33.604 0.0000000000
88838  -42.648  7.704  32.740 0.0000000000
89889  -41.152  8.001  32.321 0.0000000000
92897  -38.727  10.797  42.048 0.0000000000
94082  -38.940  11.822  39.718 0.0000000000
94097  -39.835  12.459  38.168 0.0000000000
92949  -41.141  11.385  37.933 0.0000000000
94141  -40.056  12.402  36.738 0.0000000000
91914  -40.409  11.250  36.406 0.0000000000
92996  -38.709  11.655  36.979 0.0000000000
97021  -35.702  15.431  32.236 0.0000000000
96155  -34.365  14.863  32.778 0.0000000000
95356  -52.444  13.275  21.284 0.0000000000
91026  -45.592  9.505  24.810 0.0000000000
91039  -47.419  9.664  24.357 0.0000000000
92058  -46.301  9.769  23.490 0.0000000000
92103  -47.552  10.509  20.633 0.0000000000
92087  -47.505  10.361  21.661 0.0000000000
92104  -48.519  10.736  20.248 0.0000000000
93216  -49.758  11.964  19.321 0.0000000000
92117  -49.508  11.131  18.795 0.0000000000
92140  -49.574  10.268  17.719 0.0000000000
92127  -47.825  10.509  18.448 0.0000000000
94366  -46.806  12.488  16.846 0.0000000000
92147  -46.871  10.712  16.915 0.0000000000
93257  -46.952  11.680  16.250 0.0000000000
92158  -46.525  11.316  15.823 0.0000000000
93268  -47.176  11.709  15.464 0.0000000000
99712  -39.607  18.226  30.485 0.0000000000
97914  -41.383  16.315  29.421 0.0000000000
99721  -41.301  17.916  29.386 0.0000000000
98795  -44.988  17.542  28.044 0.0000000000
97919  -44.560  16.612  27.670 0.0000000000
97931  -45.424  16.442  27.155 0.0000000000
97065  -44.979  16.065  25.861 0.0000000000
97955  -45.687  16.393  25.503 0.0000000000
99740  -49.310  18.739  28.675 0.0000000000
98799  -48.471  18.127  28.674 0.0000000000
98821  -49.323  17.949  26.353 0.0000000000
99815  -49.198  18.640  21.679 0.0000000000
99776  -49.119  17.949  23.891 0.0000000000
98855  -47.632  18.276  22.934 0.0000000000
98864  -46.697  17.853  22.193 0.0000000000
98874  -46.748  17.627  21.109 0.0000000000
97994  -46.504  16.665  20.216 0.0000000000
98003  -47.190  17.096  19.383 0.0000000000
98915  -48.327  17.646  15.787 0.0000000000
97150  -48.163  16.090  16.001 0.0000000000
98035  -47.394  16.447  14.985 0.0000000000
96311  -45.987  14.557  13.099 0.0000000000
97155  -46.230  15.045  14.565 0.0000000000
97147  -45.886  15.322  15.493 0.0000000000
98034  -46.889  16.675  15.088 0.0000000000
100820  -45.428  19.815  15.909 0.0000000000
99875  -45.887  18.990  16.204 0.0000000000
101689  -42.774  20.645  22.131 0.0000000000
101720  -43.526  20.593  20.168 0.0000000000
101703  -41.666  20.662  20.998 0.0000000000
101748  -39.686  21.135  17.170 0.0000000000
101749  -40.397  20.646  17.308 0.0000000000
101780  -40.249  20.688  15.387 0.0000000000
100803  -40.823  19.547  15.230 0.0000000000
100790  -39.164  18.873  15.693 0.0000000000
99847  -38.851  18.644  17.155 0.0000000000
100800  -38.358  20.075  15.725 0.0000000000
104482  -37.813  22.804  18.202 0.0000000000
101747  -37.178  20.756  17.866 0.0000000000
103582  -37.370  22.132  18.839 0.0000000000
102671  -36.114  21.126  19.746 0.0000000000
90959  -41.582  9.966  29.808 0.0000000000
90966  -42.230  9.692  28.345 0.0000000000
91991  -41.633  10.973  29.129 0.0000000000
94242  -41.471  12.479  28.741 0.0000000000
95272  -42.119  13.845  28.464 0.0000000000
102591  -50.393  21.193  31.360 0.0000000000
103506  -49.991  22.449  30.951 0.0000000000
104399  -48.902  23.368  30.173 0.0000000000
105295  -47.026  23.819  28.719 0.0000000000
105304  -45.776  23.816  27.631 0.0000000000
105305  -46.887  24.224  27.793 0.0000000000
106203  -47.260  25.078  26.043 0.0000000000
90033  -49.135  8.732  18.958 0.0000000000
100591  -34.342  19.338  36.610 0.0000000000
100618  -36.336  19.397  35.243 0.0000000000
100578  -35.473  19.489  37.629 0.0000000000
91951  -46.241  11.129  33.304 0.0000000000
90935  -45.340  9.147  32.898 0.0000000000
90920  -44.549  10.278  33.899 0.0000000000
90918  -42.940  9.763  34.765 0.0000000000
89856  -41.517  8.940  35.026 0.0000000000
91847  -37.861  10.357  40.286 0.0000000000
92968  -35.844  11.593  37.898 0.0000000000
94199  -33.693  12.806  34.087 0.0000000000
96147  -33.585  14.553  33.140 0.0000000000
95235  -32.111  13.271  33.797 0.0000000000
95225  -31.206  13.346  34.286 0.0000000000
93190  -43.927  11.203  22.679 0.0000000000
92085  -45.517  10.228  22.106 0.0000000000
92100  -44.769  10.632  21.657 0.0000000000
93215  -45.012  11.366  20.602 0.0000000000
92125  -45.862  10.848  19.585 0.0000000000
92126  -46.611  10.720  18.898 0.0000000000
93236  -45.706  11.475  19.096 0.0000000000
95382  -45.905  13.306  18.451 0.0000000000
95383  -46.402  13.415  17.566 0.0000000000
100661  -41.965  19.878  31.503 0.0000000000
100684  -42.725  19.236  29.341 0.0000000000
100685  -43.786  19.665  29.239 0.0000000000
99725  -45.154  19.018  28.720 0.0000000000
97921  -46.696  17.607  27.959 0.0000000000
100719  -49.039  19.439  25.591 0.0000000000
100720  -49.552  19.063  25.091 0.0000000000
101681  -49.389  19.596  23.764 0.0000000000
100755  -49.765  19.441  21.752 0.0000000000
99842  -49.489  19.059  20.130 0.0000000000
98892  -48.269  18.081  18.693 0.0000000000
99855  -49.251  19.118  19.235 0.0000000000
100794  -48.504  19.488  17.411 0.0000000000
100823  -47.628  19.027  15.397 0.0000000000
99890  -47.038  18.449  14.932 0.0000000000
101801  -46.849  20.078  15.777 0.0000000000
102707  -45.908  20.570  16.215 0.0000000000
102705  -44.770  20.817  16.304 0.0000000000
103563  -40.839  22.502  21.939 0.0000000000
101702  -40.950  20.744  20.554 0.0000000000
103571  -40.377  22.457  21.031 0.0000000000
102665  -39.559  21.906  18.716 0.0000000000
102682  -39.169  21.848  17.227 0.0000000000
102691  -38.775  21.887  16.747 0.0000000000
103595  -38.978  22.521  17.109 0.0000000000
104492  -38.837  23.110  17.508 0.0000000000
105409  -39.496  24.205  18.621 0.0000000000
89962  -46.945  8.716  27.697 0.0000000000
90999  -48.061  9.696  26.920 0.0000000000
90997  -45.950  8.913  26.509 0.0000000000
91013  -45.298  9.214  25.592 0.0000000000
91025  -44.505  9.597  24.767 0.0000000000
90993  -42.597  9.747  26.748 0.0000000000
92043  -43.234  10.382  25.033 0.0000000000
92056  -43.930  10.176  23.965 0.0000000000
93189  -43.476  11.563  23.265 0.0000000000
95334  -43.293  13.210  23.441 0.0000000000
96246  -44.041  14.310  22.615 0.0000000000
101590  -47.222  20.487  32.680 0.0000000000
101619  -47.842  19.785  31.206 0.0000000000
101606  -48.891  19.689  31.536 0.0000000000
99718  -50.420  18.908  29.935 0.0000000000
100697  -49.472  19.325  28.424 0.0000000000
102607  -49.589  20.802  29.855 0.0000000000
101633  -49.036  19.989  28.815 0.0000000000
100707  -48.525  19.593  26.970 0.0000000000
101656  -47.748  20.029  25.880 0.0000000000
101666  -46.952  20.391  24.697 0.0000000000
101677  -45.906  20.433  23.501 0.0000000000
101707  -45.794  20.395  21.371 0.0000000000
101676  -44.784  20.598  23.312 0.0000000000
102641  -43.381  20.936  23.552 0.0000000000
102632  -42.403  21.818  24.087 0.0000000000
105344  -44.018  23.978  25.696 0.0000000000
104439  -42.644  23.236  24.791 0.0000000000
104448  -41.651  23.066  23.339 0.0000000000
104465  -41.874  23.766  22.406 0.0000000000
105387  -42.312  24.314  21.511 0.0000000000
106287  -43.499  25.505  19.532 0.0000000000
97026  -37.811  15.415  31.343 0.0000000000
97031  -39.213  15.635  30.760 0.0000000000
98780  -38.051  17.345  31.202 0.0000000000
99706  -38.259  18.407  31.361 0.0000000000
100659  -39.725  19.543  31.550 0.0000000000
99677  -37.215  19.300  34.908 0.0000000000
99691  -39.324  19.486  33.769 0.0000000000
100642  -40.304  19.739  32.499 0.0000000000
100633  -41.835  19.525  33.573 0.0000000000
100645  -43.403  19.780  33.275 0.0000000000
100646  -43.886  19.965  33.801 0.0000000000
100566  -41.297  19.507  38.300 0.0000000000
99643  -42.681  19.332  36.754 0.0000000000
100624  -44.097  19.803  35.265 0.0000000000
101579  -45.651  20.343  33.930 0.0000000000
101570  -46.603  20.472  34.848 0.0000000000
101572  -48.645  20.628  34.380 0.0000000000
101565  -49.263  20.957  35.133 0.0000000000
93113  -50.678  11.286  28.485 0.0000000000
91994  -49.452  10.549  28.694 0.0000000000
94203  -52.011  11.904  32.951 0.0000000000
94212  -52.080  12.034  32.194 0.0000000000
93098  -50.553  11.480  30.526 0.0000000000
91986  -49.223  10.578  29.727 0.0000000000
90968  -47.922  9.695  28.995 0.0000000000
89934  -46.999  8.614  29.082 0.0000000000
89932  -45.351  7.963  28.781 0.0000000000
88875  -43.944  7.727  29.489 0.0000000000
88849  -44.898  7.887  32.162 0.0000000000
88855  -43.593  7.602  31.085 0.0000000000
89908  -42.230  8.653  30.185 0.0000000000
90951  -41.183  9.758  30.535 0.0000000000
94053  -41.207  12.436  41.852 0.0000000000
92912  -39.021  11.103  40.589 0.0000000000
94069  -40.069  11.652  40.597 0.0000000000
94071  -41.995  11.519  40.750 0.0000000000
92932  -42.099  10.648  39.375 0.0000000000
91877  -42.729  11.006  37.675 0.0000000000
94118  -43.812  11.755  36.626 0.0000000000
93021  -42.418  11.355  35.723 0.0000000000
90905  -41.060  9.687  35.596 0.0000000000
89854  -39.301  8.825  34.878 0.0000000000
95256  -37.953  13.796  31.736 0.0000000000
97022  -36.428  15.520  31.874 0.0000000000
97902  -35.337  16.437  32.421 0.0000000000
98761  -34.318  17.875  33.239 0.0000000000
99673  -33.535  18.432  34.638 0.0000000000
93205  -53.369  12.021  21.544 0.0000000000
93218  -52.673  12.191  20.453 0.0000000000
93217  -51.965  11.714  19.997 0.0000000000
92032  -47.867  9.671  25.240 0.0000000000
92046  -48.488  10.242  24.551 0.0000000000
92072  -47.472  10.195  22.669 0.0000000000
92073  -48.432  10.534  22.429 0.0000000000
93191  -50.012  11.962  21.795 0.0000000000
94323  -50.503  12.338  20.453 0.0000000000
93228  -50.965  11.972  19.034 0.0000000000
92118  -51.119  10.673  18.660 0.0000000000
91089  -50.584  10.488  18.280 0.0000000000
90052  -49.300  9.626  17.537 0.0000000000
90051  -48.675  9.219  17.363 0.0000000000
92137  -46.947  10.685  17.772 0.0000000000
91105  -47.499  10.227  17.017 0.0000000000
90050  -47.701  8.996  17.476 0.0000000000
91103  -46.199  10.161  16.680 0.0000000000
92145  -45.536  10.890  16.226 0.0000000000
93254  -44.957  11.202  16.217 0.0000000000
97033  -40.659  15.302  30.204 0.0000000000
97038  -41.755  15.366  29.347 0.0000000000
96185  -42.740  14.580  28.126 0.0000000000
98793  -43.410  17.163  28.390 0.0000000000
97042  -43.179  15.589  28.195 0.0000000000
96200  -43.379  14.704  27.234 0.0000000000
96222  -43.914  14.722  25.717 0.0000000000
97080  -44.313  15.487  24.325 0.0000000000
97088  -44.375  15.358  23.265 0.0000000000
100689  -47.749  18.868  29.834 0.0000000000
98798  -47.796  18.097  28.812 0.0000000000
97946  -47.467  16.941  27.177 0.0000000000
98834  -49.534  17.993  25.048 0.0000000000
98832  -47.553  17.214  25.793 0.0000000000
98831  -46.820  16.986  25.458 0.0000000000
97971  -46.158  17.005  24.325 0.0000000000
97977  -45.467  16.660  22.465 0.0000000000
97098  -45.185  15.804  21.867 0.0000000000
97115  -46.002  15.494  20.111 0.0000000000
96279  -46.633  14.658  17.496 0.0000000000
98014  -48.108  17.137  18.006 0.0000000000
97141  -47.899  15.947  16.939 0.0000000000
96293  -47.401  14.356  15.708 0.0000000000
94392  -47.255  12.969  14.008 0.0000000000
95415  -45.739  13.301  13.520 0.0000000000
98914  -46.468  17.800  15.820 0.0000000000
101721  -44.536  20.611  20.164 0.0000000000
102683  -43.903  21.056  18.179 0.0000000000
101783  -43.182  20.773  16.165 0.0000000000
101734  -41.458  20.622  18.813 0.0000000000
101767  -42.297  20.584  16.785 0.0000000000
101796  -42.188  20.518  14.701 0.0000000000
100804  -41.844  18.974  15.564 0.0000000000
99863  -41.544  18.491  17.269 0.0000000000
99836  -41.340  18.540  19.205 0.0000000000
101762  -37.723  20.889  17.035 0.0000000000
100775  -37.000  19.958  18.261 0.0000000000
106315  -43.422  25.925  17.893 0.0000000000
106322  -42.489  25.506  17.645 0.0000000000
106313  -41.380  25.521  17.917 0.0000000000
105402  -40.197  24.814  18.949 0.0000000000
105401  -39.535  24.496  19.424 0.0000000000
95258  -39.299  13.530  30.992 0.0000000000
95264  -39.907  13.564  30.586 0.0000000000
96171  -39.593  14.370  30.771 0.0000000000
93001  -46.072  12.131  36.561 0.0000000000
94167  -46.391  11.946  35.890 0.0000000000
94165  -45.197  12.058  35.709 0.0000000000
94184  -44.775  11.970  35.154 0.0000000000
94146  -44.863  11.984  36.201 0.0000000000
91938  -32.131  10.757  35.282 0.0000000000
95354  -44.960  13.702  21.072 0.0000000000
101602  -45.385  20.611  31.658 0.0000000000
101603  -46.620  20.495  31.761 0.0000000000
101709  -47.967  20.491  21.822 0.0000000000
101724  -47.898  20.567  20.754 0.0000000000
101740  -47.734  20.458  19.673 0.0000000000
101723  -46.785  20.385  20.492 0.0000000000
105411  -41.604  24.405  18.236 0.0000000000
104494  -41.034  23.943  18.087 0.0000000000
105412  -42.085  24.846  17.812 0.0000000000
89930  -43.308  8.407  28.536 0.0000000000
89929  -42.727  9.103  28.043 0.0000000000
94271  -42.486  12.301  26.596 0.0000000000
95305  -42.685  13.132  26.259 0.0000000000
95315  -42.683  12.987  25.528 0.0000000000
95292  -43.002  13.905  26.574 0.0000000000
101584  -50.385  20.616  32.607 0.0000000000
103518  -46.260  22.135  28.717 0.0000000000
103513  -46.945  21.963  29.112 0.0000000000
103517  -45.788  21.900  28.127 0.0000000000
102613  -45.893  21.185  27.576 0.0000000000
103521  -45.144  22.036  27.222 0.0000000000
103528  -44.934  21.775  26.825 0.0000000000
104410  -44.876  22.806  27.171 0.0000000000
106231  -46.701  25.698  24.269 0.0000000000
106230  -45.612  25.452  24.393 0.0000000000
90032  -48.063  8.205  19.268 0.0000000000
90040  -47.389  8.507  18.327 0.0000000000
99687  -35.637  18.512  33.852 0.0000000000
99676  -36.062  19.161  34.463 0.0000000000
99651  -39.372  19.306  36.815 0.0000000000
99640  -40.268  19.358  37.304 0.0000000000
100588  -45.166  19.816  38.679 0.0000000000
101546  -45.876  20.321  38.352 0.0000000000
94227  -52.050  12.468  30.307 0.0000000000
91969  -48.107  10.553  31.620 0.0000000000
91968  -47.323  10.070  31.697 0.0000000000
90953  -46.842  9.269  31.278 0.0000000000
90946  -46.620  9.516  31.892 0.0000000000
89868  -41.069  8.312  34.225 0.0000000000
89880  -41.785  7.910  33.257 0.0000000000
89879  -40.601  8.169  33.181 0.0000000000
89878  -39.537  8.775  33.000 0.0000000000
91836  -37.905  10.312  41.923 0.0000000000
94096  -38.981  12.735  38.659 0.0000000000
94113  -39.085  12.934  37.667 0.0000000000
94114  -40.013  12.660  37.286 0.0000000000
94140  -39.279  12.435  37.068 0.0000000000
92997  -39.525  11.772  36.749 0.0000000000
95239  -35.260  13.348  33.061 0.0000000000
96156  -35.242  14.358  32.692 0.0000000000
96148  -34.481  14.089  33.118 0.0000000000
93192  -51.022  12.419  21.856 0.0000000000
91037  -45.809  9.679  23.963 0.0000000000
92057  -45.738  9.727  23.418 0.0000000000
92114  -46.623  10.580  19.989 0.0000000000
92116  -48.680  10.649  19.157 0.0000000000
92128  -48.922  10.443  18.200 0.0000000000
94373  -47.344  12.563  15.700 0.0000000000
100670  -40.102  19.205  30.621 0.0000000000
99713  -40.536  18.303  29.828 0.0000000000
99714  -41.394  18.629  29.605 0.0000000000
97920  -45.710  17.196  27.708 0.0000000000
97944  -45.703  16.366  26.347 0.0000000000
99746  -49.287  18.590  27.403 0.0000000000
99814  -48.300  18.648  21.229 0.0000000000
99801  -48.487  18.536  22.280 0.0000000000
98865  -47.473  18.385  21.756 0.0000000000
98875  -47.437  18.207  20.747 0.0000000000
98883  -46.991  17.542  20.374 0.0000000000
98884  -47.487  17.805  19.928 0.0000000000
98921  -48.087  17.661  14.914 0.0000000000
98036  -48.138  16.575  15.203 0.0000000000
97156  -46.764  15.429  14.754 0.0000000000
98040  -47.103  17.424  14.743 0.0000000000
100819  -44.161  20.100  15.727 0.0000000000
100807  -44.934  19.783  16.024 0.0000000000
100818  -43.048  19.998  15.031 0.0000000000
102650  -41.992  20.913  22.359 0.0000000000
101704  -42.690  20.554  21.084 0.0000000000
101688  -42.002  20.692  21.776 0.0000000000
101765  -40.330  20.703  16.277 0.0000000000
101794  -40.159  20.178  14.870 0.0000000000
102712  -39.369  20.870  15.359 0.0000000000
101778  -38.832  20.814  15.559 0.0000000000
91983  -41.691  10.363  29.329 0.0000000000
91982  -41.302  10.689  29.750 0.0000000000
95266  -41.083  13.544  29.749 0.0000000000
95278  -41.857  13.151  28.417 0.0000000000
103499  -50.639  22.597  31.501 0.0000000000
105286  -49.447  24.146  29.456 0.0000000000
104400  -49.884  23.651  30.191 0.0000000000
105285  -48.368  24.037  29.361 0.0000000000
105284  -47.642  23.790  29.133 0.0000000000
105296  -47.802  24.210  28.516 0.0000000000
106185  -49.145  24.983  26.600 0.0000000000
106184  -48.547  24.851  26.859 0.0000000000
106218  -47.538  25.363  25.139 0.0000000000
91074  -49.594  9.202  20.121 0.0000000000
90042  -49.332  9.178  17.996 0.0000000000
100577  -34.596  19.233  37.590 0.0000000000
100592  -35.201  19.580  36.689 0.0000000000
93061  -46.251  11.547  33.885 0.0000000000
91950  -45.690  10.741  33.377 0.0000000000
91949  -44.947  10.731  33.847 0.0000000000
91941  -43.746  10.595  34.776 0.0000000000
90917  -42.347  9.334  34.871 0.0000000000
90906  -42.083  9.797  35.215 0.0000000000
94181  -34.334  12.429  34.873 0.0000000000
95236  -33.117  13.508  33.570 0.0000000000
94198  -32.826  12.665  34.050 0.0000000000
95224  -30.485  13.373  34.885 0.0000000000
92084  -44.587  10.336  22.273 0.0000000000
93202  -44.333  11.355  21.923 0.0000000000
94335  -44.728  12.192  20.926 0.0000000000
93214  -44.658  11.361  21.253 0.0000000000
92113  -45.692  10.718  20.326 0.0000000000
93226  -45.390  11.483  19.928 0.0000000000
95375  -45.568  13.319  19.403 0.0000000000
96278  -46.186  14.088  18.262 0.0000000000
101586  -42.670  20.096  31.960 0.0000000000
101614  -43.044  20.006  30.376 0.0000000000
101615  -43.741  20.185  30.196 0.0000000000
100675  -45.745  19.890  29.974 0.0000000000
100686  -45.092  19.666  29.313 0.0000000000
100693  -45.773  18.995  28.877 0.0000000000
98796  -46.004  17.919  28.152 0.0000000000
99736  -46.361  18.504  28.718 0.0000000000
101668  -48.520  19.788  25.192 0.0000000000
100728  -49.221  19.483  24.702 0.0000000000
101680  -48.815  19.806  24.088 0.0000000000
101726  -49.527  20.196  21.379 0.0000000000
101711  -49.458  19.905  22.401 0.0000000000
100763  -49.834  19.631  20.695 0.0000000000
99829  -49.710  18.952  21.148 0.0000000000
100770  -49.620  19.722  19.635 0.0000000000
101772  -48.274  20.157  17.980 0.0000000000
100795  -48.898  20.003  17.978 0.0000000000
100809  -47.763  19.438  16.076 0.0000000000
100808  -47.229  19.846  15.804 0.0000000000
101787  -47.127  20.248  16.392 0.0000000000
101770  -46.285  20.818  17.018 0.0000000000
102694  -45.436  20.931  16.813 0.0000000000
102706  -45.539  20.640  16.307 0.0000000000
102693  -44.630  21.057  17.147 0.0000000000
104463  -40.778  23.155  21.364 0.0000000000
103584  -39.943  22.870  18.819 0.0000000000
103577  -39.682  22.201  19.034 0.0000000000
103583  -39.575  22.427  18.435 0.0000000000
102673  -39.481  21.660  18.121 0.0000000000
103589  -39.399  22.779  17.836 0.0000000000
104484  -39.490  23.642  18.112 0.0000000000
104483  -38.550  23.537  18.360 0.0000000000
89961  -46.358  8.666  27.412 0.0000000000
89960  -45.434  8.627  27.179 0.0000000000
90995  -44.060  9.126  26.374 0.0000000000
90996  -44.944  8.912  26.338 0.0000000000
91012  -44.352  9.365  25.622 0.0000000000
91024  -43.839  9.777  25.107 0.0000000000
92006  -42.114  10.452  27.706 0.0000000000
90978  -42.464  9.656  27.483 0.0000000000
92019  -42.258  10.258  27.015 0.0000000000
93164  -42.601  11.617  25.345 0.0000000000
92031  -42.720  10.367  25.644 0.0000000000
93151  -42.729  10.982  25.295 0.0000000000
92055  -43.397  10.617  24.412 0.0000000000
93176  -43.258  11.243  23.902 0.0000000000
95325  -43.000  13.216  24.340 0.0000000000
96245  -43.540  13.968  23.242 0.0000000000
101591  -48.226  20.180  32.472 0.0000000000
100665  -50.340  19.322  31.149 0.0000000000
99708  -50.194  18.837  30.804 0.0000000000
100680  -50.616  19.382  30.332 0.0000000000
99731  -50.291  18.971  29.550 0.0000000000
100691  -50.286  19.328  29.442 0.0000000000
103498  -50.191  21.746  31.132 0.0000000000
102599  -49.886  21.227  30.521 0.0000000000
102598  -49.341  21.616  30.285 0.0000000000
102611  -47.399  20.764  28.618 0.0000000000
101626  -48.578  20.577  29.231 0.0000000000
101632  -48.069  20.237  28.562 0.0000000000
100696  -48.740  19.733  28.115 0.0000000000
101638  -47.783  20.005  27.823 0.0000000000
101643  -47.879  19.849  26.876 0.0000000000
101642  -47.023  20.343  26.630 0.0000000000
101654  -46.034  20.348  25.514 0.0000000000
101655  -46.945  20.343  25.692 0.0000000000
101678  -46.946  20.412  23.680 0.0000000000
101692  -45.866  20.450  22.441 0.0000000000
101664  -44.927  20.636  24.384 0.0000000000
102634  -43.994  20.911  24.127 0.0000000000
102633  -43.023  21.513  24.461 0.0000000000
103547  -42.920  22.105  25.083 0.0000000000
105325  -46.058  24.551  26.968 0.0000000000
105324  -45.025  24.190  26.694 0.0000000000
105345  -44.868  24.592  25.906 0.0000000000
105359  -43.859  24.666  24.702 0.0000000000
105358  -43.059  23.984  24.751 0.0000000000
104449  -42.084  23.063  23.976 0.0000000000
105368  -42.470  23.909  23.850 0.0000000000
104457  -41.987  23.511  23.184 0.0000000000
105378  -42.462  24.213  22.877 0.0000000000
105388  -43.425  25.234  21.163 0.0000000000
105396  -42.716  24.846  19.880 0.0000000000
105397  -43.450  25.350  20.203 0.0000000000
90039  -46.276  8.317  18.605 0.0000000000
91093  -44.990  9.561  17.157 0.0000000000
97906  -37.435  16.414  31.361 0.0000000000
97907  -38.207  16.263  31.087 0.0000000000
98779  -37.009  17.498  31.818 0.0000000000
99698  -37.947  18.735  31.881 0.0000000000
100657  -38.298  18.929  31.779 0.0000000000
100658  -38.798  19.150  31.553 0.0000000000
100640  -38.281  19.292  32.385 0.0000000000
100605  -36.846  19.422  35.966 0.0000000000
99662  -37.517  19.329  35.788 0.0000000000
99679  -39.766  19.392  34.448 0.0000000000
100631  -39.854  19.639  33.448 0.0000000000
100632  -40.866  19.613  33.439 0.0000000000
100643  -41.369  19.752  32.560 0.0000000000
100620  -41.264  19.453  34.348 0.0000000000
99681  -42.302  19.210  35.015 0.0000000000
100634  -42.720  19.412  33.763 0.0000000000
100622  -42.895  19.254  34.444 0.0000000000
100623  -43.329  19.412  34.788 0.0000000000
100547  -41.811  19.667  39.226 0.0000000000
100546  -40.882  19.760  39.227 0.0000000000
99630  -41.971  19.379  37.593 0.0000000000
100585  -42.357  19.303  37.580 0.0000000000
100612  -44.830  19.979  36.794 0.0000000000
100611  -44.035  19.605  36.208 0.0000000000
100625  -44.726  20.040  35.960 0.0000000000
101568  -44.430  20.013  34.754 0.0000000000
101569  -45.270  20.209  35.153 0.0000000000
101555  -47.521  20.729  36.753 0.0000000000
101563  -47.549  20.687  35.686 0.0000000000
101564  -48.474  20.774  35.419 0.0000000000
94236  -52.889  13.247  29.170 0.0000000000
93107  -51.372  11.946  29.406 0.0000000000
93112  -50.144  11.020  28.943 0.0000000000
93079  -50.372  11.426  32.532 0.0000000000
93080  -51.259  11.720  32.326 0.0000000000
93089  -50.432  11.463  31.496 0.0000000000
93090  -51.273  11.816  31.371 0.0000000000
91984  -48.005  9.911  30.316 0.0000000000
91985  -48.438  10.139  29.863 0.0000000000
91993  -48.603  10.148  28.829 0.0000000000
90980  -47.364  9.008  28.307 0.0000000000
90967  -47.453  9.258  29.366 0.0000000000
89911  -46.030  8.137  30.782 0.0000000000
89923  -45.911  7.931  29.830 0.0000000000
89922  -44.801  7.793  29.603 0.0000000000
88863  -44.212  7.677  30.343 0.0000000000
89883  -44.938  8.655  33.044 0.0000000000
88841  -45.020  8.189  32.682 0.0000000000
88840  -44.474  7.937  32.849 0.0000000000
88846  -41.975  7.672  31.910 0.0000000000
88847  -43.038  7.507  31.932 0.0000000000
88854  -42.531  7.805  30.892 0.0000000000
89899  -41.998  8.230  30.865 0.0000000000
89907  -41.628  9.094  30.507 0.0000000000
89898  -41.345  8.576  31.200 0.0000000000
92934  -44.841  10.744  38.804 0.0000000000
94029  -39.974  12.360  42.431 0.0000000000
94052  -40.482  12.227  41.620 0.0000000000
91860  -37.502  10.559  39.610 0.0000000000
92911  -38.581  11.015  40.369 0.0000000000
92928  -38.195  11.192  39.797 0.0000000000
94083  -39.931  11.843  39.372 0.0000000000
94070  -40.999  11.789  40.720 0.0000000000
92913  -41.504  11.059  40.063 0.0000000000
92914  -42.479  10.980  40.209 0.0000000000
92931  -41.231  11.042  38.981 0.0000000000
91876  -41.875  11.230  37.481 0.0000000000
91895  -42.311  11.321  37.265 0.0000000000
92950  -43.089  11.353  37.269 0.0000000000
94116  -42.878  11.598  36.529 0.0000000000
94143  -42.811  11.601  36.271 0.0000000000
93000  -41.929  11.656  36.327 0.0000000000
91913  -39.796  10.908  36.676 0.0000000000
91927  -40.630  10.698  36.077 0.0000000000
90894  -39.722  10.222  36.291 0.0000000000
90904  -39.882  9.706  35.788 0.0000000000
90903  -38.741  9.481  35.516 0.0000000000
95247  -36.750  13.350  32.438 0.0000000000
94210  -37.213  12.465  32.524 0.0000000000
95248  -37.475  13.381  32.116 0.0000000000
95249  -38.097  13.137  31.895 0.0000000000
96164  -37.348  14.494  31.800 0.0000000000
96157  -36.405  14.435  32.209 0.0000000000
97020  -34.887  15.509  32.559 0.0000000000
96146  -32.505  14.377  33.454 0.0000000000
97012  -32.814  15.414  33.285 0.0000000000
98756  -32.666  18.014  35.013 0.0000000000
98749  -32.642  18.034  35.717 0.0000000000
99659  -33.169  18.434  35.723 0.0000000000
93194  -53.723  11.524  22.514 0.0000000000
94317  -53.449  12.487  22.205 0.0000000000
95368  -52.057  13.231  20.797 0.0000000000
94341  -52.918  12.693  20.806 0.0000000000
93230  -52.097  12.284  19.981 0.0000000000
91015  -47.571  9.485  25.789 0.0000000000
92059  -47.454  9.848  23.747 0.0000000000
92071  -46.454  9.986  22.789 0.0000000000
92088  -48.474  10.647  21.353 0.0000000000
92074  -49.211  11.179  22.151 0.0000000000
93204  -50.472  12.289  21.104 0.0000000000
93203  -49.827  12.054  20.449 0.0000000000
93227  -50.263  11.805  18.610 0.0000000000
94349  -50.181  12.301  19.108 0.0000000000
93239  -50.848  11.623  18.598 0.0000000000
92131  -51.167  11.540  18.850 0.0000000000
92130  -50.877  11.095  18.399 0.0000000000
92139  -49.189  10.179  17.639 0.0000000000
91098  -49.487  10.055  17.617 0.0000000000
92148  -47.435  10.390  17.188 0.0000000000
91096  -47.854  9.735  17.172 0.0000000000
91095  -46.918  9.537  17.070 0.0000000000
92157  -46.227  11.316  15.835 0.0000000000
97910  -39.503  16.265  30.551 0.0000000000
97032  -39.843  15.303  30.633 0.0000000000
97911  -40.163  16.049  30.321 0.0000000000
96179  -42.073  14.507  28.899 0.0000000000
97039  -42.503  15.433  28.709 0.0000000000
99723  -43.383  18.253  28.666 0.0000000000
99722  -42.132  18.234  29.164 0.0000000000
99733  -43.810  17.611  28.369 0.0000000000
97044  -44.266  16.007  27.367 0.0000000000
97918  -43.646  16.434  28.087 0.0000000000
97043  -43.737  15.735  27.658 0.0000000000
96186  -43.287  15.142  27.830 0.0000000000
96201  -43.934  15.286  27.023 0.0000000000
96213  -43.496  14.330  26.323 0.0000000000
96214  -43.988  15.034  26.620 0.0000000000
97073  -44.907  16.100  24.959 0.0000000000
97072  -44.395  15.465  25.329 0.0000000000
100677  -48.079  19.327  30.544 0.0000000000
99728  -48.189  18.606  29.598 0.0000000000
98808  -48.452  17.621  27.963 0.0000000000
98807  -48.096  17.696  28.316 0.0000000000
97934  -48.065  17.472  27.988 0.0000000000
97933  -47.536  17.483  27.958 0.0000000000
97947  -48.030  17.281  27.636 0.0000000000
99778  -49.771  18.550  24.444 0.0000000000
99766  -49.589  18.515  25.555 0.0000000000
98847  -49.749  18.046  24.182 0.0000000000
98844  -46.847  17.358  24.817 0.0000000000
97965  -46.312  16.752  25.118 0.0000000000
98873  -46.247  17.321  21.578 0.0000000000
98853  -45.810  17.155  22.954 0.0000000000
97107  -45.471  15.387  20.892 0.0000000000
97993  -45.904  16.040  20.616 0.0000000000
98002  -46.908  16.305  18.979 0.0000000000
97116  -46.478  15.598  19.362 0.0000000000
97124  -46.765  15.567  18.428 0.0000000000
97133  -47.349  15.736  17.714 0.0000000000
98901  -48.332  17.778  17.907 0.0000000000
98900  -48.094  17.439  18.429 0.0000000000
97158  -47.941  15.806  15.426 0.0000000000
97142  -48.235  16.379  16.625 0.0000000000
97149  -47.573  15.297  15.821 0.0000000000
97148  -47.311  14.822  16.128 0.0000000000
95410  -47.484  13.620  14.508 0.0000000000
96310  -45.599  14.238  13.740 0.0000000000
96320  -45.693  13.898  12.938 0.0000000000
95409  -45.554  13.380  14.465 0.0000000000
94380  -45.586  12.623  15.322 0.0000000000
96301  -45.168  13.917  15.802 0.0000000000
100830  -46.874  18.991  15.186 0.0000000000
98920  -46.709  17.766  15.306 0.0000000000
99876  -46.488  18.334  15.648 0.0000000000
99865  -45.414  18.454  17.086 0.0000000000
98913  -46.090  17.769  16.592 0.0000000000
101706  -44.715  20.460  21.217 0.0000000000
101722  -45.636  20.449  20.257 0.0000000000
101736  -43.381  20.634  19.248 0.0000000000
101737  -44.281  20.949  19.179 0.0000000000
101752  -43.373  20.695  18.273 0.0000000000
102692  -43.919  21.078  17.592 0.0000000000
101768  -43.229  20.746  17.203 0.0000000000
101717  -40.670  20.817  19.675 0.0000000000
101766  -41.307  20.475  16.436 0.0000000000
101750  -41.350  20.542  17.628 0.0000000000
101782  -42.241  20.585  15.665 0.0000000000
101795  -41.823  20.211  14.440 0.0000000000
100827  -41.971  19.931  14.157 0.0000000000
100816  -41.626  19.763  14.728 0.0000000000
99849  -40.989  18.256  18.010 0.0000000000
99848  -39.916  18.054  17.588 0.0000000000
99846  -38.291  19.068  17.477 0.0000000000
99834  -39.114  18.495  18.527 0.0000000000
100769  -37.553  19.375  18.670 0.0000000000
102690  -38.040  21.789  16.827 0.0000000000
100774  -36.470  20.102  18.980 0.0000000000
107149  -42.428  26.160  17.639 0.0000000000
107148  -41.745  25.725  17.743 0.0000000000
107133  -41.684  26.012  17.951 0.0000000000
107115  -41.070  25.778  19.000 0.0000000000
93103  -40.462  11.831  30.281 0.0000000000
93104  -40.840  11.541  29.890 0.0000000000
94225  -40.182  12.592  30.401 0.0000000000
94226  -40.665  12.917  29.934 0.0000000000
104389  -50.802  23.577  31.010 0.0000000000
105287  -50.555  24.191  29.593 0.0000000000
105298  -50.054  24.473  28.489 0.0000000000
105328  -49.902  24.884  26.726 0.0000000000
99628  -34.921  18.928  38.794 0.0000000000
94186  -46.194  11.879  35.352 0.0000000000
93045  -45.895  11.761  34.669 0.0000000000
93059  -44.825  11.274  34.271 0.0000000000
94183  -44.216  11.650  35.341 0.0000000000
93042  -43.668  11.131  35.371 0.0000000000
93036  -31.744  11.425  34.832 0.0000000000
92009  -50.219  10.630  27.472 0.0000000000
92021  -49.450  10.353  26.565 0.0000000000
95365  -44.901  12.718  20.729 0.0000000000
95366  -45.179  13.275  20.442 0.0000000000
96262  -45.621  14.403  20.064 0.0000000000
101601  -44.130  20.452  31.438 0.0000000000
100687  -46.268  19.284  29.472 0.0000000000
101695  -48.773  20.111  23.093 0.0000000000
101725  -48.884  20.817  21.066 0.0000000000
101758  -49.288  20.405  19.223 0.0000000000
101757  -48.507  20.494  18.948 0.0000000000
101771  -47.282  20.402  17.491 0.0000000000
101738  -45.389  20.745  18.980 0.0000000000
105395  -41.784  24.127  20.384 0.0000000000
104471  -40.556  23.184  20.382 0.0000000000
104478  -41.115  23.747  19.779 0.0000000000
104493  -40.896  24.204  17.895 0.0000000000
105416  -40.939  24.448  17.907 0.0000000000
89947  -44.910  8.193  27.828 0.0000000000
89958  -43.813  8.875  27.028 0.0000000000
90994  -43.266  9.372  26.651 0.0000000000
93138  -42.234  11.218  26.979 0.0000000000
94293  -42.614  12.215  25.081 0.0000000000
94294  -42.807  12.191  24.371 0.0000000000
95316  -43.028  13.502  25.228 0.0000000000
96228  -43.384  14.098  24.961 0.0000000000
101592  -49.207  19.942  31.983 0.0000000000
101593  -49.957  20.044  32.133 0.0000000000
100649  -50.121  19.708  31.667 0.0000000000
101607  -50.458  20.035  30.941 0.0000000000
103515  -48.487  22.453  30.050 0.0000000000
102606  -48.881  21.400  29.850 0.0000000000
102604  -47.061  21.457  28.891 0.0000000000
101637  -47.069  20.480  27.568 0.0000000000
101636  -46.466  20.642  27.239 0.0000000000
101640  -45.351  20.705  26.104 0.0000000000
101653  -45.121  20.678  25.355 0.0000000000
102616  -44.752  21.130  26.071 0.0000000000
103527  -44.554  21.983  26.465 0.0000000000
103539  -43.945  22.123  25.944 0.0000000000
106216  -45.393  25.077  25.438 0.0000000000
106229  -44.652  25.154  24.565 0.0000000000
106243  -43.749  25.205  23.220 0.0000000000
105379  -43.095  24.968  22.498 0.0000000000
106275  -44.393  25.598  21.428 0.0000000000
98773  -36.057  17.634  32.602 0.0000000000
98774  -36.807  18.077  32.415 0.0000000000
99696  -36.797  18.521  32.875 0.0000000000
99689  -37.578  19.220  33.547 0.0000000000
100595  -37.994  19.445  36.949 0.0000000000
99663  -38.319  19.255  35.984 0.0000000000
99665  -40.896  19.360  35.290 0.0000000000
99666  -41.950  19.232  35.435 0.0000000000
99654  -42.386  19.319  36.169 0.0000000000
100548  -42.749  19.511  39.334 0.0000000000
100586  -43.031  19.262  37.500 0.0000000000
100587  -44.135  19.638  38.124 0.0000000000
101553  -45.785  20.248  37.389 0.0000000000
101554  -46.661  20.426  37.059 0.0000000000
94228  -52.777  13.146  30.210 0.0000000000
91970  -48.737  10.729  31.325 0.0000000000
91976  -47.771  9.950  30.946 0.0000000000
90961  -47.505  9.490  30.235 0.0000000000
89925  -47.068  8.943  29.925 0.0000000000
89913  -47.108  9.180  30.437 0.0000000000
89912  -46.675  8.770  30.671 0.0000000000
89900  -45.436  8.079  31.498 0.0000000000
88839  -43.552  7.756  32.868 0.0000000000
89897  -40.480  9.115  31.525 0.0000000000
89888  -40.435  8.535  32.177 0.0000000000
94080  -37.540  11.788  38.826 0.0000000000
94081  -37.909  11.835  39.045 0.0000000000
94095  -37.979  12.429  38.628 0.0000000000
92930  -40.514  11.716  38.580 0.0000000000
92971  -40.654  12.517  37.171 0.0000000000
94142  -40.693  12.288  36.593 0.0000000000
92999  -41.082  11.918  36.343 0.0000000000
92998  -40.323  11.801  36.469 0.0000000000
91893  -39.518  11.348  36.789 0.0000000000
91912  -38.806  10.737  36.766 0.0000000000
93071  -36.416  11.673  33.262 0.0000000000
94209  -36.415  12.459  32.898 0.0000000000
95246  -35.954  13.440  32.703 0.0000000000
97019  -34.147  15.618  32.675 0.0000000000
95346  -52.679  13.334  22.061 0.0000000000
95355  -51.929  13.345  21.287 0.0000000000
94324  -51.076  12.586  20.947 0.0000000000
91027  -46.613  9.488  24.871 0.0000000000
91028  -47.398  9.557  24.842 0.0000000000
91038  -46.847  9.620  24.193 0.0000000000
92102  -46.528  10.414  20.947 0.0000000000
92105  -49.256  11.302  19.797 0.0000000000
92129  -49.934  10.675  18.055 0.0000000000
94359  -46.254  12.424  17.816 0.0000000000
93248  -46.624  11.533  17.211 0.0000000000
93256  -46.770  11.370  15.975 0.0000000000
92146  -46.430  10.923  16.351 0.0000000000
93267  -46.628  11.732  15.368 0.0000000000
98785  -40.020  17.077  30.143 0.0000000000
98787  -40.872  17.169  29.511 0.0000000000
98788  -41.716  17.189  29.143 0.0000000000
98794  -44.108  17.213  28.124 0.0000000000
97930  -44.679  16.228  27.297 0.0000000000
97064  -44.493  15.502  26.217 0.0000000000
97055  -44.971  16.103  26.543 0.0000000000
99729  -49.009  18.584  29.379 0.0000000000
99739  -48.880  18.383  28.790 0.0000000000
98809  -49.004  17.969  27.622 0.0000000000
99803  -49.755  18.564  23.009 0.0000000000
99790  -49.470  17.934  23.615 0.0000000000
99802  -49.329  18.481  22.666 0.0000000000
99789  -48.755  18.249  23.298 0.0000000000
98854  -46.526  17.578  23.462 0.0000000000
97985  -46.283  17.065  21.037 0.0000000000
98028  -48.375  16.835  16.270 0.0000000000
97157  -47.423  15.384  14.970 0.0000000000
96303  -47.250  14.330  14.327 0.0000000000
97165  -46.850  14.780  14.289 0.0000000000
97164  -46.320  14.726  13.932 0.0000000000
98033  -46.492  15.805  15.241 0.0000000000
99882  -46.173  19.328  15.824 0.0000000000
99874  -44.965  19.544  16.219 0.0000000000
101705  -43.680  20.567  21.158 0.0000000000
101719  -42.554  20.494  20.107 0.0000000000
101732  -39.753  20.874  17.926 0.0000000000
99871  -40.319  18.993  15.549 0.0000000000
99860  -39.018  18.623  16.250 0.0000000000
100789  -38.537  19.166  16.201 0.0000000000
100777  -38.223  19.195  16.991 0.0000000000
104491  -38.159  22.943  17.577 0.0000000000
102689  -37.505  21.581  17.528 0.0000000000
103588  -37.501  22.200  17.953 0.0000000000
102681  -37.017  21.400  18.437 0.0000000000
102680  -36.356  21.076  19.048 0.0000000000
102672  -36.748  21.516  19.339 0.0000000000
102664  -36.537  21.489  20.003 0.0000000000
90960  -41.978  9.648  29.334 0.0000000000
91992  -41.898  10.582  28.619 0.0000000000
93111  -41.673  11.574  28.604 0.0000000000
93110  -41.287  11.620  29.228 0.0000000000
94243  -41.928  12.409  28.150 0.0000000000
95279  -42.364  13.414  27.909 0.0000000000
102586  -50.803  21.287  32.388 0.0000000000
103495  -50.827  22.000  32.019 0.0000000000
104388  -50.183  23.289  30.779 0.0000000000
104387  -49.617  23.027  30.588 0.0000000000
104398  -47.926  23.151  29.604 0.0000000000
104408  -47.223  23.359  29.225 0.0000000000
104407  -46.473  23.028  28.963 0.0000000000
104411  -45.380  22.872  27.817 0.0000000000
105294  -46.407  23.675  28.299 0.0000000000
105306  -48.048  24.626  27.536 0.0000000000
105326  -47.066  24.717  26.865 0.0000000000
106202  -46.276  25.031  26.191 0.0000000000
100603  -34.903  19.314  35.680 0.0000000000
100617  -35.588  19.323  35.100 0.0000000000
100604  -35.858  19.474  35.891 0.0000000000
100593  -36.163  19.621  36.787 0.0000000000
100579  -36.380  19.684  37.740 0.0000000000
100594  -37.068  19.486  36.913 0.0000000000
93076  -47.320  11.226  33.081 0.0000000000
91958  -46.442  10.651  32.785 0.0000000000
90937  -46.446  10.013  32.378 0.0000000000
91957  -45.871  10.330  32.917 0.0000000000
90929  -44.915  9.723  33.412 0.0000000000
90928  -44.199  9.361  33.722 0.0000000000
91942  -44.419  10.703  34.304 0.0000000000
90919  -43.987  9.846  34.101 0.0000000000
89870  -43.377  8.998  34.119 0.0000000000
89869  -42.277  8.705  34.436 0.0000000000
90844  -37.494  9.834  40.473 0.0000000000
90843  -36.821  9.429  40.335 0.0000000000
91859  -36.939  10.174  39.355 0.0000000000
92947  -37.037  11.031  38.811 0.0000000000
91873  -35.782  10.769  38.172 0.0000000000
94094  -37.074  11.910  38.510 0.0000000000
94093  -36.442  11.853  38.194 0.0000000000
95237  -34.018  13.551  33.582 0.0000000000
96145  -31.555  14.299  33.842 0.0000000000
94197  -32.238  12.573  34.107 0.0000000000
92069  -44.458  9.908  23.138 0.0000000000
92070  -45.473  9.827  22.886 0.0000000000
92101  -45.415  10.517  21.185 0.0000000000
94358  -45.721  12.382  18.729 0.0000000000
100683  -41.940  19.110  29.665 0.0000000000
100672  -42.380  19.784  30.262 0.0000000000
101625  -44.289  20.059  29.696 0.0000000000
99724  -44.489  18.839  28.697 0.0000000000
99735  -45.294  18.391  28.452 0.0000000000
97932  -46.581  16.992  27.502 0.0000000000
100708  -48.887  19.408  26.513 0.0000000000
100709  -49.362  19.029  26.022 0.0000000000
100729  -49.703  19.137  24.261 0.0000000000
100740  -49.949  19.208  23.398 0.0000000000
101696  -49.385  19.672  23.291 0.0000000000
100748  -49.821  19.196  22.835 0.0000000000
100749  -49.911  19.085  22.954 0.0000000000
99816  -49.724  18.824  22.160 0.0000000000
99828  -49.013  18.658  20.657 0.0000000000
99840  -47.967  18.217  19.687 0.0000000000
99841  -48.610  18.545  19.539 0.0000000000
99854  -48.711  18.740  18.481 0.0000000000
100782  -49.189  19.640  18.485 0.0000000000
100781  -48.831  19.129  17.946 0.0000000000
99866  -48.528  18.589  17.512 0.0000000000
99877  -48.323  18.587  16.466 0.0000000000
99885  -48.030  18.494  15.428 0.0000000000
99892  -47.747  18.223  14.894 0.0000000000
98926  -47.253  17.867  14.712 0.0000000000
99891  -47.345  18.428  14.929 0.0000000000
100822  -47.128  19.374  15.310 0.0000000000
101800  -46.367  20.062  15.706 0.0000000000
101786  -46.328  20.462  16.169 0.0000000000
101799  -45.665  20.150  15.834 0.0000000000
101784  -45.300  20.468  16.087 0.0000000000
101798  -44.602  20.398  15.919 0.0000000000
102715  -44.070  20.926  15.878 0.0000000000
103564  -41.259  22.249  22.576 0.0000000000
102649  -41.284  21.416  21.968 0.0000000000
102648  -40.591  21.919  21.510 0.0000000000
102657  -40.420  21.447  20.709 0.0000000000
102666  -39.781  21.420  19.237 0.0000000000
103578  -40.027  22.432  19.834 0.0000000000
102674  -39.661  21.022  18.513 0.0000000000
101763  -38.465  21.097  16.193 0.0000000000
90981  -47.967  9.626  27.955 0.0000000000
90998  -47.199  8.948  26.973 0.0000000000
91036  -44.874  9.622  23.997 0.0000000000
89944  -42.824  9.261  27.537 0.0000000000
90979  -42.869  9.379  27.163 0.0000000000
91010  -42.792  9.820  26.137 0.0000000000
92030  -42.410  10.419  26.356 0.0000000000
93177  -43.753  10.784  23.341 0.0000000000
94313  -43.502  12.309  22.938 0.0000000000
94304  -43.115  12.293  23.647 0.0000000000
95343  -43.683  13.250  22.681 0.0000000000
101604  -47.592  20.095  31.784 0.0000000000
100662  -48.516  19.488  31.065 0.0000000000
100678  -49.001  18.940  30.660 0.0000000000
100647  -49.485  19.435  31.436 0.0000000000
100664  -49.701  18.951  31.057 0.0000000000
99717  -49.848  18.800  30.271 0.0000000000
99730  -49.895  18.858  29.551 0.0000000000
100698  -49.853  19.099  28.991 0.0000000000
102600  -50.373  20.491  30.697 0.0000000000
101620  -50.365  20.293  30.234 0.0000000000
101627  -49.349  20.437  29.424 0.0000000000
101628  -50.096  20.193  29.638 0.0000000000
101634  -49.694  19.910  29.046 0.0000000000
100701  -48.920  19.441  27.412 0.0000000000
101644  -48.447  19.631  26.604 0.0000000000
101667  -47.830  20.193  24.896 0.0000000000
101693  -46.941  20.339  22.643 0.0000000000
101691  -44.831  20.494  22.236 0.0000000000
102642  -44.023  20.754  23.500 0.0000000000
101675  -44.002  20.657  22.939 0.0000000000
101674  -43.209  20.723  22.840 0.0000000000
102640  -42.222  21.327  23.235 0.0000000000
105303  -44.983  23.444  27.204 0.0000000000
105323  -44.520  23.444  26.592 0.0000000000
104429  -43.304  23.216  25.540 0.0000000000
105343  -43.353  23.687  25.284 0.0000000000
103537  -42.863  22.745  25.207 0.0000000000
103546  -42.490  22.363  24.565 0.0000000000
103555  -42.049  22.161  23.913 0.0000000000
103554  -41.625  22.392  23.288 0.0000000000
104456  -41.298  23.108  22.648 0.0000000000
104455  -40.976  23.151  21.977 0.0000000000
104464  -41.397  23.618  21.724 0.0000000000
105386  -41.673  23.912  21.119 0.0000000000
96165  -38.222  14.485  31.412 0.0000000000
97028  -39.245  15.004  30.836 0.0000000000
97027  -38.641  15.347  31.038 0.0000000000
97909  -38.837  16.262  30.828 0.0000000000
99705  -37.675  18.171  31.655 0.0000000000
98781  -38.531  17.852  31.040 0.0000000000
100669  -39.366  18.978  30.961 0.0000000000
99678  -38.539  19.284  34.748 0.0000000000
99690  -38.724  19.402  33.851 0.0000000000
100630  -38.928  19.587  33.213 0.0000000000
100641  -39.283  19.643  32.437 0.0000000000
100660  -40.754  19.722  31.482 0.0000000000
100644  -42.476  19.786  32.734 0.0000000000
99641  -41.285  19.391  37.337 0.0000000000
99642  -42.175  19.322  37.044 0.0000000000
100597  -42.830  19.386  36.120 0.0000000000
100598  -43.206  19.392  36.542 0.0000000000
100610  -43.204  19.417  35.637 0.0000000000
101578  -44.574  20.164  34.174 0.0000000000
101580  -46.852  20.592  33.740 0.0000000000
101581  -47.938  20.500  33.539 0.0000000000
101571  -47.697  20.573  34.613 0.0000000000
101573  -49.452  20.767  34.157 0.0000000000
102580  -50.104  21.045  34.065 0.0000000000
101557  -49.142  21.089  36.123 0.0000000000
93114  -51.481  11.967  28.325 0.0000000000
91995  -50.042  10.670  28.267 0.0000000000
93097  -49.771  11.061  30.616 0.0000000000
93105  -49.945  11.064  29.679 0.0000000000
89949  -46.670  8.535  28.217 0.0000000000
89924  -46.561  8.395  29.813 0.0000000000
89933  -46.282  8.182  28.930 0.0000000000
89931  -44.214  7.915  28.674 0.0000000000
88886  -43.801  7.840  29.041 0.0000000000
89921  -42.904  8.329  29.503 0.0000000000
89891  -45.945  9.064  32.193 0.0000000000
88856  -44.548  7.760  31.277 0.0000000000
88848  -44.009  7.707  32.033 0.0000000000
88862  -43.248  7.891  30.099 0.0000000000
89909  -42.758  8.238  30.017 0.0000000000
90952  -41.755  9.438  30.099 0.0000000000
91975  -40.844  10.680  30.342 0.0000000000
91974  -40.441  10.693  30.776 0.0000000000
93095  -40.119  11.526  30.770 0.0000000000
95257  -38.602  13.481  31.475 0.0000000000
92976  -44.912  11.616  37.271 0.0000000000
94031  -41.755  12.993  42.475 0.0000000000
94054  -42.127  12.161  41.593 0.0000000000
90826  -38.265  10.144  41.058 0.0000000000
91838  -39.006  10.672  41.091 0.0000000000
94068  -39.601  11.291  40.729 0.0000000000
92899  -42.892  11.511  40.916 0.0000000000
92933  -42.912  10.568  39.576 0.0000000000
91862  -41.928  10.778  38.325 0.0000000000
91863  -42.812  10.515  38.714 0.0000000000
91879  -43.987  10.664  38.546 0.0000000000
92952  -44.370  10.943  37.986 0.0000000000
92975  -44.107  11.538  37.179 0.0000000000
94119  -44.508  11.832  36.678 0.0000000000
94144  -43.492  11.664  36.205 0.0000000000
93022  -43.212  11.262  35.751 0.0000000000
93041  -42.961  10.980  35.560 0.0000000000
93020  -41.375  11.447  35.900 0.0000000000
91928  -41.625  10.676  35.548 0.0000000000
89855  -40.434  8.779  35.051 0.0000000000
92995  -37.507  11.798  36.933 0.0000000000
91911  -37.780  10.882  36.654 0.0000000000
90892  -38.175  10.029  36.179 0.0000000000
91925  -37.137  10.263  35.848 0.0000000000
90916  -38.361  9.207  34.501 0.0000000000
89866  -38.938  8.740  33.835 0.0000000000
97025  -37.071  15.532  31.606 0.0000000000
97905  -36.688  16.400  31.679 0.0000000000
97903  -36.043  16.410  32.026 0.0000000000
98762  -35.266  18.033  33.208 0.0000000000
99686  -34.843  18.377  33.862 0.0000000000
97013  -33.534  15.554  32.915 0.0000000000
99685  -34.003  18.355  33.855 0.0000000000
99674  -34.432  18.690  34.516 0.0000000000
99660  -34.093  18.930  35.370 0.0000000000
99649  -33.707  18.932  36.320 0.0000000000
99638  -33.825  18.772  37.381 0.0000000000
98744  -32.516  17.415  37.128 0.0000000000
98745  -32.994  17.700  37.672 0.0000000000
99626  -33.620  17.768  38.438 0.0000000000
92092  -53.323  11.119  21.424 0.0000000000
94327  -53.213  12.756  21.413 0.0000000000
92108  -53.125  11.815  20.916 0.0000000000
92107  -52.644  11.402  20.616 0.0000000000
92106  -51.790  10.993  20.206 0.0000000000
91016  -48.216  9.816  26.281 0.0000000000
92033  -48.441  10.050  25.670 0.0000000000
92045  -47.899  9.766  24.711 0.0000000000
93178  -50.016  11.585  23.005 0.0000000000
94338  -50.926  12.341  20.093 0.0000000000
94337  -50.274  12.320  19.751 0.0000000000
94351  -51.269  12.217  19.711 0.0000000000
93229  -51.473  11.912  19.425 0.0000000000
92119  -51.381  11.238  19.212 0.0000000000
91083  -51.268  10.674  19.329 0.0000000000
91082  -50.741  10.137  18.901 0.0000000000
91088  -49.932  9.954  18.059 0.0000000000
92138  -47.977  10.196  17.455 0.0000000000
91094  -45.965  9.504  17.150 0.0000000000
91102  -45.478  9.993  16.628 0.0000000000
96173  -40.952  14.364  30.091 0.0000000000
97913  -40.694  16.255  29.874 0.0000000000
97034  -41.248  15.012  29.839 0.0000000000
96178  -41.509  14.374  29.547 0.0000000000
96199  -42.747  14.074  27.579 0.0000000000
98789  -42.599  17.238  28.738 0.0000000000
97917  -42.916  16.344  28.508 0.0000000000
96221  -43.385  14.072  25.655 0.0000000000
96229  -43.817  14.807  24.694 0.0000000000
96237  -43.796  14.750  23.672 0.0000000000
97097  -44.607  15.146  22.242 0.0000000000
101618  -47.213  20.035  31.011 0.0000000000
100676  -46.799  19.706  30.208 0.0000000000
100688  -47.214  19.058  29.788 0.0000000000
98791  -48.295  18.354  29.134 0.0000000000
99738  -47.684  18.406  29.241 0.0000000000
99737  -47.200  18.372  29.024 0.0000000000
97922  -47.274  17.818  28.292 0.0000000000
99755  -49.426  18.609  26.450 0.0000000000
98833  -48.792  17.578  25.454 0.0000000000
98846  -49.300  17.846  24.377 0.0000000000
98819  -47.686  16.989  26.611 0.0000000000
97957  -47.195  16.796  26.501 0.0000000000
97956  -46.571  16.656  25.960 0.0000000000
97964  -45.584  16.521  24.582 0.0000000000
97970  -45.560  16.792  23.533 0.0000000000
97089  -44.949  16.031  22.873 0.0000000000
97106  -44.918  14.992  21.453 0.0000000000
96263  -46.090  14.882  19.495 0.0000000000
98891  -47.879  17.704  19.127 0.0000000000
98013  -47.718  16.634  18.291 0.0000000000
98021  -48.213  16.801  17.329 0.0000000000
98020  -47.958  16.339  17.575 0.0000000000
97140  -47.224  15.207  16.707 0.0000000000
96286  -47.098  14.369  16.388 0.0000000000
95400  -47.357  13.572  15.824 0.0000000000
94374  -47.481  13.132  15.364 0.0000000000
94382  -47.162  12.222  14.635 0.0000000000
94391  -46.791  12.700  13.827 0.0000000000
96322  -46.584  13.711  13.116 0.0000000000
94390  -46.304  12.983  13.448 0.0000000000
94381  -46.286  12.649  14.493 0.0000000000
98925  -46.951  17.820  14.914 0.0000000000
98027  -46.635  17.213  15.441 0.0000000000
102684  -44.461  21.059  18.147 0.0000000000
102704  -43.970  21.088  16.649 0.0000000000
101718  -41.596  20.565  19.905 0.0000000000
101751  -42.382  20.523  17.959 0.0000000000
100828  -42.467  20.052  14.338 0.0000000000
100805  -42.956  19.431  15.654 0.0000000000
100792  -42.750  19.027  16.548 0.0000000000
100791  -42.034  18.687  16.745 0.0000000000
100778  -42.044  18.646  17.400 0.0000000000
99850  -42.020  18.671  18.167 0.0000000000
99835  -40.201  18.146  18.934 0.0000000000
100788  -37.942  19.967  16.646 0.0000000000
100776  -37.821  19.526  17.654 0.0000000000
100787  -37.502  20.196  17.468 0.0000000000
101730  -35.896  20.791  19.946 0.0000000000
106246  -47.013  25.942  23.188 0.0000000000
106289  -45.319  26.099  20.110 0.0000000000
106302  -44.080  26.146  18.716 0.0000000000
106301  -43.118  25.387  18.683 0.0000000000
106314  -42.784  25.253  17.883 0.0000000000
107150  -43.693  26.491  17.254 0.0000000000
106323  -43.070  25.737  17.555 0.0000000000
105418  -41.875  25.001  17.618 0.0000000000
106320  -41.230  24.821  17.724 0.0000000000
106312  -41.023  25.231  17.775 0.0000000000
107116  -41.478  26.158  18.629 0.0000000000
106299  -40.930  25.387  18.470 0.0000000000
105408  -38.937  24.062  19.121 0.0000000000
88861  -42.678  8.123  30.288 0.0000000000
88864  -46.332  8.278  30.243 0.0000000000
88874  -43.462  7.996  29.244 0.0000000000
88876  -46.303  8.177  29.957 0.0000000000
88877  -46.427  8.329  30.017 0.0000000000
88885  -43.672  7.995  28.842 0.0000000000
89857  -42.057  9.159  34.925 0.0000000000
89871  -43.890  9.213  33.864 0.0000000000
89890  -45.505  8.635  32.384 0.0000000000
89902  -46.609  9.057  31.384 0.0000000000
90825  -37.756  9.969  41.438 0.0000000000
90845  -38.014  10.078  40.729 0.0000000000
90858  -37.102  9.876  39.830 0.0000000000
90907  -42.615  10.241  35.142 0.0000000000
90930  -45.577  10.129  33.062 0.0000000000
90936  -45.876  9.657  32.594 0.0000000000
90945  -46.171  9.240  32.097 0.0000000000
90947  -47.017  9.571  31.466 0.0000000000
91050  -45.323  9.671  23.359 0.0000000000
91837  -38.447  10.498  41.545 0.0000000000
91848  -38.305  10.552  40.541 0.0000000000
91849  -38.739  10.674  40.764 0.0000000000
91851  -44.489  10.640  39.265 0.0000000000
91861  -37.972  10.688  40.055 0.0000000000
91864  -43.625  10.532  39.103 0.0000000000
91865  -44.260  10.654  38.864 0.0000000000
91875  -36.993  10.540  39.133 0.0000000000
91878  -43.547  10.702  38.230 0.0000000000
91892  -39.246  11.291  36.886 0.0000000000
91894  -42.006  11.447  37.052 0.0000000000
91926  -40.029  10.339  36.266 0.0000000000
91929  -42.434  10.669  35.362 0.0000000000
91937  -31.984  10.954  35.112 0.0000000000
91977  -48.354  10.321  30.790 0.0000000000
92044  -43.751  10.059  24.606 0.0000000000
92898  -39.238  11.007  41.611 0.0000000000
92929  -38.684  11.343  40.121 0.0000000000
92945  -35.788  11.348  37.991 0.0000000000
92946  -36.293  11.417  38.272 0.0000000000
92948  -40.562  12.192  37.646 0.0000000000
92951  -43.568  11.159  37.522 0.0000000000
92969  -39.182  11.617  36.888 0.0000000000
92970  -39.386  11.517  36.817 0.0000000000
92973  -42.585  11.534  36.865 0.0000000000
92974  -43.399  11.581  37.014 0.0000000000
93019  -40.762  11.490  36.213 0.0000000000
93044  -45.105  11.788  34.596 0.0000000000
93219  -53.139  12.329  20.967 0.0000000000
93240  -51.116  11.767  18.943 0.0000000000
94115  -40.571  12.540  36.884 0.0000000000
94117  -43.182  11.631  36.557 0.0000000000
94145  -44.150  11.870  36.178 0.0000000000
94147  -45.618  12.078  36.329 0.0000000000
94148  -46.129  12.076  36.214 0.0000000000
94162  -43.150  11.470  35.955 0.0000000000
94164  -44.488  11.921  35.700 0.0000000000
94166  -45.867  12.039  35.775 0.0000000000
94187  -46.587  11.836  35.548 0.0000000000
94218  -39.724  12.200  30.927 0.0000000000
94233  -40.622  12.285  29.975 0.0000000000
94316  -51.699  13.189  21.771 0.0000000000
94325  -51.564  13.050  21.140 0.0000000000
94326  -52.867  13.070  21.032 0.0000000000
94339  -51.630  12.792  20.452 0.0000000000
94340  -52.392  12.891  20.450 0.0000000000
94350  -50.664  12.216  19.323 0.0000000000
94383  -47.500  12.944  14.852 0.0000000000
94400  -46.335  13.099  13.073 0.0000000000
94401  -46.615  13.030  13.343 0.0000000000
94402  -46.922  12.940  13.583 0.0000000000
95265  -40.515  13.570  30.202 0.0000000000
95357  -52.930  13.180  21.549 0.0000000000
95367  -51.782  13.190  20.883 0.0000000000
95401  -47.554  13.644  15.200 0.0000000000
95416  -47.199  13.668  13.886 0.0000000000
95422  -46.042  13.319  12.913 0.0000000000
95423  -46.450  13.374  13.026 0.0000000000
95424  -46.863  13.375  13.422 0.0000000000
96149  -34.925  13.792  33.066 0.0000000000
96154  -33.897  15.135  32.816 0.0000000000
96163  -36.813  14.993  31.861 0.0000000000
96312  -46.705  14.168  13.511 0.0000000000
96321  -46.255  13.888  12.880 0.0000000000
97037  -41.157  15.649  29.751 0.0000000000
97053  -43.939  15.533  27.244 0.0000000000
97134  -47.796  16.122  17.659 0.0000000000
97163  -45.919  14.755  13.657 0.0000000000
97995  -46.994  17.296  19.953 0.0000000000
98042  -47.817  17.110  14.624 0.0000000000
98783  -38.509  16.789  30.935 0.0000000000
98790  -48.061  18.326  29.207 0.0000000000
98797  -46.920  18.077  28.470 0.0000000000
98800  -48.809  18.143  28.351 0.0000000000
98856  -49.755  17.960  23.940 0.0000000000
98857  -49.982  17.830  23.757 0.0000000000
98863  -45.971  17.306  22.313 0.0000000000
98927  -47.626  17.769  14.658 0.0000000000
99629  -41.722  19.413  37.843 0.0000000000
99637  -33.500  18.038  37.896 0.0000000000
99655  -42.743  19.368  36.415 0.0000000000
99661  -34.779  18.980  35.020 0.0000000000
99667  -42.589  19.263  35.403 0.0000000000
99682  -42.666  19.211  34.846 0.0000000000
99683  -43.002  19.226  34.748 0.0000000000
99707  -38.896  18.341  30.981 0.0000000000
99709  -50.435  18.916  30.522 0.0000000000
99715  -48.608  18.872  30.242 0.0000000000
99726  -46.809  18.723  29.292 0.0000000000
99727  -47.480  18.610  29.485 0.0000000000
99741  -50.033  18.979  29.263 0.0000000000
99777  -49.521  17.904  23.934 0.0000000000
99779  -49.873  18.849  24.081 0.0000000000
99792  -49.922  18.707  23.812 0.0000000000
99804  -49.904  18.638  23.410 0.0000000000
99883  -46.612  18.680  15.404 0.0000000000
99884  -47.555  18.699  15.136 0.0000000000
100529  -42.290  19.669  39.986 0.0000000000
100559  -34.922  19.127  38.292 0.0000000000
100568  -43.382  19.422  38.651 0.0000000000
100596  -38.691  19.470  37.194 0.0000000000
100602  -34.236  19.213  35.964 0.0000000000
100608  -42.039  19.224  34.973 0.0000000000
100609  -42.726  19.346  35.821 0.0000000000
100616  -35.137  19.135  35.060 0.0000000000
100619  -40.489  19.508  34.070 0.0000000000
100621  -42.212  19.296  34.493 0.0000000000
100629  -38.240  19.411  33.191 0.0000000000
100635  -43.380  19.482  34.069 0.0000000000
100636  -43.894  19.825  34.463 0.0000000000
100663  -48.952  19.410  31.215 0.0000000000
100673  -43.106  19.825  29.855 0.0000000000
100674  -45.248  19.938  29.875 0.0000000000
100679  -49.454  18.803  30.562 0.0000000000
100690  -49.996  19.663  29.106 0.0000000000
100695  -48.249  19.842  28.026 0.0000000000
100700  -48.372  19.706  27.528 0.0000000000
100730  -49.870  19.054  23.875 0.0000000000
100738  -49.426  19.506  24.073 0.0000000000
100739  -49.693  19.317  23.639 0.0000000000
100779  -42.568  18.787  17.435 0.0000000000
100801  -38.910  19.478  15.389 0.0000000000
100802  -39.833  19.408  15.150 0.0000000000
100813  -38.839  20.094  15.335 0.0000000000
100814  -39.336  19.881  15.069 0.0000000000
100815  -39.741  19.848  14.899 0.0000000000
100817  -42.322  19.604  14.715 0.0000000000
100829  -42.697  20.170  14.561 0.0000000000
100831  -47.072  18.815  15.035 0.0000000000
101521  -41.825  19.800  39.878 0.0000000000
101600  -43.015  20.162  31.156 0.0000000000
101605  -48.430  19.727  31.476 0.0000000000
101621  -50.600  19.957  30.419 0.0000000000
101624  -43.899  20.065  29.659 0.0000000000
101657  -48.427  19.686  26.098 0.0000000000
101753  -43.864  21.013  18.635 0.0000000000
101769  -45.651  20.949  17.270 0.0000000000
101779  -39.367  21.257  15.789 0.0000000000
101785  -45.857  20.415  16.025 0.0000000000
101792  -39.269  20.450  15.208 0.0000000000
101793  -39.688  20.257  14.954 0.0000000000
101805  -42.166  20.302  14.162 0.0000000000
101806  -42.531  20.321  14.506 0.0000000000
101807  -42.808  20.245  14.788 0.0000000000
102590  -50.217  21.372  31.003 0.0000000000
102609  -46.079  21.437  28.065 0.0000000000
102614  -46.489  20.862  27.727 0.0000000000
102625  -43.299  21.798  25.173 0.0000000000
102658  -40.950  20.926  21.169 0.0000000000
102675  -44.805  20.965  18.640 0.0000000000
102676  -45.091  20.913  18.224 0.0000000000
102685  -45.159  20.959  17.549 0.0000000000
102695  -45.906  20.740  16.445 0.0000000000
102701  -39.299  21.133  15.554 0.0000000000
102702  -39.762  21.016  15.412 0.0000000000
102703  -40.051  20.716  15.122 0.0000000000
102713  -39.696  20.671  15.166 0.0000000000
102714  -39.970  20.511  14.951 0.0000000000
102716  -44.474  20.737  16.002 0.0000000000
103507  -50.399  22.999  31.120 0.0000000000
103514  -47.782  22.125  29.642 0.0000000000
103520  -44.773  22.424  26.899 0.0000000000
103593  -37.822  22.362  17.324 0.0000000000
104383  -51.018  23.365  31.480 0.0000000000
104412  -45.952  23.248  28.269 0.0000000000
104428  -42.915  23.198  25.212 0.0000000000
104430  -43.937  22.865  26.195 0.0000000000
104440  -43.027  23.497  25.141 0.0000000000
104490  -37.790  22.644  17.698 0.0000000000
105302  -44.698  23.157  26.949 0.0000000000
105327  -47.861  24.788  26.648 0.0000000000
105357  -42.532  23.581  24.362 0.0000000000
105370  -44.003  25.062  23.950 0.0000000000
106300  -41.376  25.753  18.208 0.0000000000
106321  -41.660  25.257  17.688 0.0000000000
