#!ascii label  , from subject sub.01.bl.02 vox2ras=TkReg
1187
50827  -5.228  -24.886  60.535 0.0000000000
56662  -31.727  -19.439  53.476 0.0000000000
62350  -29.859  -16.169  51.924 0.0000000000
57791  -23.663  -19.182  55.872 0.0000000000
74553  -34.644  -5.261  42.426 0.0000000000
69667  -28.793  -8.228  45.593 0.0000000000
54320  -31.409  -20.725  58.020 0.0000000000
54392  -28.350  -21.691  54.703 0.0000000000
76554  -38.125  -3.358  46.016 0.0000000000
78808  -41.872  -1.167  43.305 0.0000000000
83417  -43.576  2.078  42.230 0.0000000000
69557  -28.481  -10.614  54.556 0.0000000000
65785  -28.029  -12.749  48.648 0.0000000000
73227  -29.442  -6.244  52.105 0.0000000000
73273  -33.148  -6.013  50.007 0.0000000000
57789  -17.042  -18.599  55.221 0.0000000000
47168  -3.028  -27.055  63.133 0.0000000000
61296  -32.819  -17.259  53.841 0.0000000000
64544  -30.411  -13.728  57.176 0.0000000000
60239  -20.427  -17.092  50.582 0.0000000000
57901  -25.630  -18.662  49.118 0.0000000000
82392  -43.174  1.558  35.722 0.0000000000
85612  -45.111  5.034  40.708 0.0000000000
70887  -32.304  -6.372  44.471 0.0000000000
74469  -36.504  -5.425  48.145 0.0000000000
50895  -8.676  -23.580  57.126 0.0000000000
42057  -2.310  -32.705  59.081 0.0000000000
77662  -40.545  -1.838  44.702 0.0000000000
70713  -27.730  -8.126  52.903 0.0000000000
54407  -16.479  -21.521  52.808 0.0000000000
48403  -3.676  -25.973  62.210 0.0000000000
57882  -33.507  -19.637  51.257 0.0000000000
57824  -32.856  -18.502  53.977 0.0000000000
60189  -22.183  -17.264  52.912 0.0000000000
60242  -23.193  -17.199  49.890 0.0000000000
57842  -24.958  -18.677  52.775 0.0000000000
54395  -30.555  -21.312  53.972 0.0000000000
55572  -28.947  -20.601  51.634 0.0000000000
55574  -30.618  -20.897  51.215 0.0000000000
57777  -22.232  -17.581  57.394 0.0000000000
60161  -20.510  -16.900  55.501 0.0000000000
78852  -39.063  -1.504  39.226 0.0000000000
82389  -41.119  0.817  36.690 0.0000000000
84532  -44.287  3.145  41.733 0.0000000000
68451  -27.740  -10.630  47.523 0.0000000000
72087  -30.622  -6.988  44.995 0.0000000000
73291  -34.685  -6.381  48.405 0.0000000000
53257  -13.931  -22.513  55.353 0.0000000000
52078  -11.524  -21.554  56.802 0.0000000000
52046  -9.532  -22.482  58.663 0.0000000000
52112  -10.244  -22.835  54.702 0.0000000000
43114  -3.504  -32.154  58.091 0.0000000000
56632  -31.983  -20.175  55.771 0.0000000000
57793  -34.346  -19.353  55.365 0.0000000000
57753  -32.489  -18.720  58.337 0.0000000000
56594  -25.854  -18.810  57.995 0.0000000000
55522  -26.416  -19.328  55.199 0.0000000000
54315  -28.431  -19.861  57.290 0.0000000000
54339  -30.086  -20.155  56.835 0.0000000000
75557  -36.685  -4.791  44.347 0.0000000000
77670  -37.862  -2.606  43.193 0.0000000000
77700  -39.342  -1.519  42.045 0.0000000000
81163  -40.614  0.055  40.816 0.0000000000
82349  -41.626  1.287  39.824 0.0000000000
81165  -42.637  0.257  42.019 0.0000000000
65735  -28.169  -12.804  53.119 0.0000000000
63465  -28.308  -14.541  50.258 0.0000000000
68383  -27.350  -10.746  51.689 0.0000000000
70774  -27.478  -8.458  50.109 0.0000000000
70775  -28.695  -6.968  49.255 0.0000000000
70798  -30.545  -6.618  48.357 0.0000000000
71959  -30.970  -6.099  50.777 0.0000000000
56607  -16.634  -19.427  56.323 0.0000000000
53280  -15.530  -21.877  54.224 0.0000000000
85638  -46.639  5.085  35.581 0.0000000000
47186  -1.958  -27.470  62.972 0.0000000000
59087  -33.704  -18.705  50.779 0.0000000000
61283  -31.406  -16.635  53.312 0.0000000000
60164  -33.589  -17.328  55.286 0.0000000000
63435  -32.333  -15.906  54.785 0.0000000000
64570  -30.261  -14.907  54.573 0.0000000000
66993  -29.186  -11.683  54.956 0.0000000000
56671  -26.943  -19.586  52.577 0.0000000000
60144  -18.879  -16.275  56.742 0.0000000000
59044  -17.875  -17.691  52.523 0.0000000000
83457  -42.227  2.153  39.072 0.0000000000
84576  -43.429  3.761  37.264 0.0000000000
85632  -45.143  5.126  37.050 0.0000000000
87728  -46.301  6.675  39.845 0.0000000000
49660  -4.883  -26.556  56.666 0.0000000000
47301  -3.723  -27.855  58.275 0.0000000000
72110  -33.670  -6.386  43.430 0.0000000000
70821  -33.082  -6.939  47.461 0.0000000000
70845  -34.740  -7.090  46.574 0.0000000000
72094  -35.651  -6.160  45.186 0.0000000000
75531  -37.521  -4.453  46.755 0.0000000000
50870  -7.000  -24.601  58.504 0.0000000000
46161  -3.460  -29.068  59.725 0.0000000000
45083  -2.783  -29.290  60.494 0.0000000000
45080  -1.106  -30.078  61.228 0.0000000000
49589  -4.765  -25.238  61.536 0.0000000000
56673  -32.120  -19.829  52.526 0.0000000000
56674  -32.492  -19.606  52.285 0.0000000000
57822  -32.293  -18.803  54.054 0.0000000000
59008  -22.547  -18.421  54.654 0.0000000000
59025  -23.565  -18.268  53.346 0.0000000000
57819  -23.915  -18.832  54.096 0.0000000000
55540  -30.905  -20.737  53.501 0.0000000000
55556  -30.342  -21.042  52.573 0.0000000000
55557  -31.169  -20.808  52.253 0.0000000000
55576  -32.238  -20.757  50.904 0.0000000000
56578  -24.417  -18.425  58.373 0.0000000000
57749  -22.944  -17.914  58.744 0.0000000000
57778  -22.789  -17.924  56.909 0.0000000000
58995  -22.241  -18.371  55.524 0.0000000000
81212  -40.284  0.458  37.514 0.0000000000
62358  -30.857  -16.755  50.720 0.0000000000
62357  -30.001  -16.356  50.740 0.0000000000
69656  -27.814  -9.359  47.075 0.0000000000
68466  -27.899  -10.352  44.937 0.0000000000
70862  -29.324  -7.781  45.449 0.0000000000
53276  -12.828  -22.887  54.567 0.0000000000
53236  -13.143  -22.088  55.893 0.0000000000
52114  -11.883  -22.685  55.032 0.0000000000
50924  -10.949  -22.491  55.872 0.0000000000
52130  -11.013  -22.843  54.144 0.0000000000
55494  -31.836  -20.686  56.712 0.0000000000
56615  -32.857  -20.264  57.022 0.0000000000
55478  -32.026  -20.231  57.922 0.0000000000
55444  -26.212  -20.062  59.548 0.0000000000
55473  -27.260  -19.379  57.542 0.0000000000
54268  -27.490  -20.216  59.101 0.0000000000
54272  -30.012  -20.854  59.069 0.0000000000
54295  -29.428  -20.556  58.285 0.0000000000
54319  -31.018  -20.740  57.619 0.0000000000
56612  -30.880  -19.939  55.921 0.0000000000
76567  -37.730  -3.907  45.241 0.0000000000
75567  -36.937  -4.177  43.446 0.0000000000
76568  -38.545  -3.115  44.873 0.0000000000
78807  -41.557  -1.329  44.009 0.0000000000
77686  -39.482  -1.719  42.857 0.0000000000
77702  -41.030  -1.163  42.628 0.0000000000
78819  -40.051  -0.843  41.498 0.0000000000
78833  -41.843  -1.098  41.963 0.0000000000
80025  -41.939  -0.059  41.202 0.0000000000
80003  -42.477  -0.524  42.403 0.0000000000
68368  -28.754  -11.217  53.729 0.0000000000
67052  -27.977  -12.179  52.709 0.0000000000
68367  -28.107  -10.693  52.926 0.0000000000
71933  -28.322  -7.169  52.222 0.0000000000
70738  -27.685  -8.299  52.074 0.0000000000
71956  -28.259  -7.468  51.216 0.0000000000
71995  -27.927  -7.667  49.646 0.0000000000
71981  -28.967  -7.045  50.439 0.0000000000
71982  -29.945  -6.902  50.389 0.0000000000
73252  -30.306  -6.072  51.450 0.0000000000
58977  -17.279  -17.903  56.206 0.0000000000
58954  -17.148  -18.637  57.530 0.0000000000
56625  -16.788  -19.508  55.349 0.0000000000
54385  -16.171  -21.467  53.485 0.0000000000
86645  -47.071  6.454  36.922 0.0000000000
87746  -48.180  6.865  36.497 0.0000000000
47167  -2.686  -27.113  63.250 0.0000000000
57847  -32.461  -18.838  52.738 0.0000000000
57883  -34.069  -19.469  50.421 0.0000000000
59050  -32.566  -18.029  52.617 0.0000000000
60226  -32.323  -17.752  51.781 0.0000000000
61295  -32.604  -17.178  53.490 0.0000000000
58981  -33.796  -18.195  56.160 0.0000000000
58982  -34.670  -18.324  55.389 0.0000000000
60147  -33.399  -17.471  56.023 0.0000000000
63398  -30.995  -14.239  57.352 0.0000000000
62309  -31.739  -15.558  55.864 0.0000000000
63423  -31.095  -14.986  55.395 0.0000000000
63433  -31.049  -15.309  54.676 0.0000000000
64552  -29.732  -13.962  55.423 0.0000000000
65708  -29.365  -13.131  54.886 0.0000000000
65681  -29.661  -12.854  56.725 0.0000000000
59085  -24.493  -18.021  49.538 0.0000000000
55508  -27.737  -19.622  54.815 0.0000000000
56660  -26.701  -19.768  53.565 0.0000000000
55536  -27.597  -20.790  53.839 0.0000000000
55588  -28.597  -20.016  50.666 0.0000000000
60128  -19.545  -15.900  57.932 0.0000000000
60201  -20.147  -16.465  52.810 0.0000000000
61272  -18.982  -16.464  54.117 0.0000000000
60219  -19.163  -16.818  51.704 0.0000000000
57878  -18.442  -18.842  50.560 0.0000000000
82338  -42.577  1.193  40.432 0.0000000000
82361  -41.877  1.823  39.458 0.0000000000
83437  -43.222  2.352  41.005 0.0000000000
84543  -44.816  4.421  40.903 0.0000000000
84551  -43.342  3.654  39.614 0.0000000000
85616  -43.802  4.586  38.857 0.0000000000
85630  -43.849  4.207  37.206 0.0000000000
86635  -44.924  5.522  38.698 0.0000000000
86636  -45.525  5.926  38.378 0.0000000000
87727  -45.672  6.292  40.146 0.0000000000
64602  -28.206  -13.631  49.121 0.0000000000
62373  -28.296  -15.389  49.024 0.0000000000
72129  -33.080  -7.166  42.644 0.0000000000
72109  -33.104  -6.617  43.776 0.0000000000
70779  -31.974  -6.607  48.805 0.0000000000
70820  -32.057  -6.675  47.465 0.0000000000
72011  -33.228  -6.897  48.371 0.0000000000
73292  -35.735  -5.792  48.590 0.0000000000
72029  -34.775  -6.865  47.613 0.0000000000
72030  -35.249  -6.437  47.124 0.0000000000
70868  -35.156  -7.012  45.908 0.0000000000
72049  -35.804  -5.945  46.618 0.0000000000
73328  -36.276  -5.517  46.063 0.0000000000
74479  -37.199  -4.995  47.635 0.0000000000
50873  -9.067  -23.236  57.722 0.0000000000
50850  -8.385  -23.916  58.906 0.0000000000
50830  -8.114  -23.791  59.816 0.0000000000
50871  -7.839  -24.310  58.295 0.0000000000
50918  -6.357  -24.760  57.014 0.0000000000
50941  -7.172  -24.742  55.316 0.0000000000
46202  -4.156  -29.522  57.551 0.0000000000
47279  -3.699  -27.965  59.337 0.0000000000
45126  -4.057  -30.126  58.039 0.0000000000
43113  -3.199  -32.453  58.573 0.0000000000
44096  -3.048  -31.233  59.094 0.0000000000
43070  -2.295  -31.560  60.107 0.0000000000
45081  -1.609  -29.785  60.823 0.0000000000
44081  -1.555  -31.470  60.508 0.0000000000
54251  -27.865  -19.968  60.359 0.0000000000
77633  -39.464  -2.264  46.657 0.0000000000
76569  -39.381  -2.625  44.943 0.0000000000
77634  -40.052  -1.727  46.013 0.0000000000
69574  -27.688  -9.388  53.150 0.0000000000
56658  -17.058  -19.404  53.184 0.0000000000
55534  -16.919  -20.351  53.449 0.0000000000
48355  -3.852  -25.517  63.666 0.0000000000
48378  -3.399  -26.639  62.703 0.0000000000
56694  -33.133  -19.998  51.447 0.0000000000
57864  -32.834  -19.306  52.047 0.0000000000
57825  -32.872  -18.258  53.854 0.0000000000
66968  -30.625  -12.282  57.592 0.0000000000
60202  -21.379  -16.792  52.384 0.0000000000
60240  -21.452  -16.982  50.413 0.0000000000
60203  -22.419  -17.168  52.055 0.0000000000
59067  -23.747  -17.727  51.221 0.0000000000
59048  -25.176  -18.594  51.307 0.0000000000
54393  -29.124  -22.102  54.387 0.0000000000
55554  -28.618  -20.940  52.790 0.0000000000
55555  -29.477  -21.105  52.775 0.0000000000
55573  -29.770  -20.714  51.419 0.0000000000
55592  -31.667  -20.995  49.997 0.0000000000
58956  -21.788  -17.387  58.592 0.0000000000
58978  -21.146  -16.851  57.031 0.0000000000
58993  -21.092  -17.103  56.261 0.0000000000
60177  -21.181  -17.351  54.327 0.0000000000
77713  -38.042  -1.859  40.256 0.0000000000
82391  -42.328  1.646  36.503 0.0000000000
83420  -45.671  1.704  43.100 0.0000000000
83429  -43.648  2.652  41.626 0.0000000000
67169  -27.834  -11.904  47.960 0.0000000000
69692  -30.567  -8.424  43.327 0.0000000000
72089  -31.618  -6.665  44.436 0.0000000000
73274  -34.291  -5.936  50.320 0.0000000000
73282  -33.966  -6.394  49.101 0.0000000000
73275  -35.507  -6.128  50.464 0.0000000000
54328  -14.933  -21.116  55.934 0.0000000000
54307  -14.120  -21.051  56.819 0.0000000000
53194  -11.393  -20.931  58.568 0.0000000000
52063  -10.283  -21.752  57.611 0.0000000000
50874  -9.568  -22.509  57.370 0.0000000000
50921  -9.036  -23.150  56.298 0.0000000000
50942  -7.862  -24.483  54.794 0.0000000000
52128  -9.455  -23.772  54.069 0.0000000000
56648  -31.923  -19.463  54.934 0.0000000000
56649  -33.075  -19.595  55.138 0.0000000000
56633  -32.878  -20.148  55.675 0.0000000000
56616  -33.238  -19.988  56.864 0.0000000000
56609  -25.028  -18.772  56.720 0.0000000000
56643  -25.039  -19.250  55.291 0.0000000000
56629  -26.399  -18.724  56.263 0.0000000000
55489  -27.538  -18.939  56.562 0.0000000000
54336  -28.763  -19.346  56.164 0.0000000000
54294  -28.757  -20.360  58.485 0.0000000000
54337  -29.136  -19.791  56.635 0.0000000000
54358  -29.489  -19.908  55.357 0.0000000000
55509  -30.157  -19.897  55.350 0.0000000000
56646  -30.665  -19.940  54.711 0.0000000000
56579  -25.094  -18.915  58.752 0.0000000000
74555  -35.806  -5.076  43.416 0.0000000000
75582  -34.855  -4.854  41.901 0.0000000000
75575  -36.132  -4.462  42.836 0.0000000000
76596  -36.366  -3.621  41.810 0.0000000000
76597  -37.220  -2.874  41.713 0.0000000000
77660  -39.191  -2.522  44.193 0.0000000000
77685  -38.378  -2.134  42.408 0.0000000000
77699  -38.445  -1.644  41.359 0.0000000000
78842  -38.714  -1.196  40.640 0.0000000000
80022  -39.450  -0.493  40.161 0.0000000000
81187  -39.931  0.364  39.641 0.0000000000
82348  -40.671  1.324  39.260 0.0000000000
82336  -40.915  0.870  40.120 0.0000000000
81176  -42.313  0.444  40.931 0.0000000000
81166  -42.940  0.954  41.686 0.0000000000
79968  -43.863  0.208  44.103 0.0000000000
81154  -45.333  0.785  42.891 0.0000000000
63452  -28.655  -15.205  52.838 0.0000000000
63466  -28.541  -14.978  50.808 0.0000000000
64588  -28.134  -14.358  51.756 0.0000000000
65760  -27.716  -12.809  50.632 0.0000000000
67101  -27.648  -11.590  49.832 0.0000000000
69591  -27.363  -9.512  52.025 0.0000000000
68403  -27.254  -10.440  50.507 0.0000000000
68441  -27.548  -10.833  48.885 0.0000000000
69644  -27.542  -9.508  48.309 0.0000000000
70816  -27.784  -8.243  47.875 0.0000000000
70817  -28.659  -7.390  47.584 0.0000000000
70818  -29.730  -6.574  47.324 0.0000000000
70777  -30.107  -6.744  49.145 0.0000000000
71999  -31.524  -6.525  49.477 0.0000000000
73272  -32.500  -6.138  50.314 0.0000000000
73230  -32.648  -5.966  52.651 0.0000000000
73255  -33.462  -5.938  51.393 0.0000000000
55488  -16.198  -19.804  56.566 0.0000000000
55521  -16.736  -20.308  54.505 0.0000000000
54369  -16.337  -20.979  54.649 0.0000000000
54351  -15.741  -21.330  55.212 0.0000000000
53279  -15.103  -22.316  54.328 0.0000000000
61304  -31.769  -17.222  51.674 0.0000000000
62339  -30.540  -16.513  52.691 0.0000000000
57805  -33.756  -18.953  54.631 0.0000000000
59010  -34.219  -18.228  54.788 0.0000000000
61276  -33.462  -17.582  54.867 0.0000000000
62311  -33.076  -16.262  54.900 0.0000000000
62330  -32.728  -16.497  54.242 0.0000000000
62329  -31.915  -16.147  54.123 0.0000000000
62328  -30.679  -15.986  53.641 0.0000000000
63453  -29.208  -15.300  53.538 0.0000000000
65736  -28.737  -13.257  53.887 0.0000000000
67013  -29.248  -12.413  54.277 0.0000000000
68321  -28.760  -11.129  55.127 0.0000000000
68287  -30.033  -11.524  57.415 0.0000000000
68300  -28.750  -10.907  56.088 0.0000000000
57802  -25.280  -19.398  54.024 0.0000000000
57843  -25.728  -18.930  52.232 0.0000000000
57863  -26.620  -18.845  50.754 0.0000000000
55571  -28.203  -20.369  51.830 0.0000000000
56712  -28.006  -19.691  49.798 0.0000000000
61246  -17.817  -16.110  57.433 0.0000000000
58992  -17.462  -17.366  55.196 0.0000000000
60160  -19.299  -16.575  55.663 0.0000000000
60174  -18.371  -16.615  54.792 0.0000000000
57818  -17.345  -18.452  52.870 0.0000000000
56686  -17.597  -19.048  51.653 0.0000000000
82359  -40.714  1.416  38.109 0.0000000000
82375  -41.638  1.828  37.573 0.0000000000
82376  -42.104  2.222  37.190 0.0000000000
84541  -43.349  3.084  40.507 0.0000000000
83473  -42.972  3.217  37.912 0.0000000000
84584  -42.831  2.890  36.676 0.0000000000
83483  -43.679  2.868  35.831 0.0000000000
84587  -44.814  3.625  35.613 0.0000000000
84592  -45.596  3.464  35.174 0.0000000000
86647  -45.563  5.290  36.578 0.0000000000
86644  -46.439  6.227  37.307 0.0000000000
49632  -5.077  -25.340  58.969 0.0000000000
49618  -4.413  -26.035  59.398 0.0000000000
48487  -4.400  -27.192  56.840 0.0000000000
62365  -28.960  -15.663  49.909 0.0000000000
73382  -34.126  -5.939  42.943 0.0000000000
72025  -30.478  -6.297  46.887 0.0000000000
72027  -31.868  -6.382  46.715 0.0000000000
70864  -32.601  -6.248  45.765 0.0000000000
72012  -33.769  -7.056  48.386 0.0000000000
70822  -33.844  -7.448  47.433 0.0000000000
72067  -33.831  -6.690  45.924 0.0000000000
72069  -34.621  -6.718  45.418 0.0000000000
73347  -34.635  -6.370  44.681 0.0000000000
73365  -35.151  -5.856  44.207 0.0000000000
73367  -36.015  -5.680  44.703 0.0000000000
75549  -37.225  -4.601  45.820 0.0000000000
76538  -37.914  -3.884  46.661 0.0000000000
50786  -6.102  -24.124  61.990 0.0000000000
50829  -7.158  -23.985  60.057 0.0000000000
50848  -6.673  -24.476  59.386 0.0000000000
50892  -6.212  -24.871  57.735 0.0000000000
49673  -6.037  -26.189  55.218 0.0000000000
48445  -4.006  -26.839  59.869 0.0000000000
48427  -3.580  -27.207  60.893 0.0000000000
47206  -3.213  -27.800  61.737 0.0000000000
45111  -3.459  -30.023  58.984 0.0000000000
45084  -3.168  -29.076  60.456 0.0000000000
46128  -2.999  -28.415  61.469 0.0000000000
46126  -2.281  -28.179  61.841 0.0000000000
46125  -1.768  -28.086  61.836 0.0000000000
43089  -1.496  -32.598  59.312 0.0000000000
44080  -1.030  -31.538  60.198 0.0000000000
50785  -5.441  -24.717  62.042 0.0000000000
50826  -4.737  -25.250  60.563 0.0000000000
55558  -31.911  -20.442  52.161 0.0000000000
57799  -22.948  -18.825  55.417 0.0000000000
57800  -23.565  -19.055  54.852 0.0000000000
57792  -24.299  -19.319  55.345 0.0000000000
56661  -31.246  -19.823  53.846 0.0000000000
55541  -31.423  -20.288  53.028 0.0000000000
57779  -23.729  -18.570  56.649 0.0000000000
57764  -23.723  -17.800  57.815 0.0000000000
57790  -22.876  -18.635  56.142 0.0000000000
62351  -30.654  -16.656  51.564 0.0000000000
69666  -28.233  -9.005  45.764 0.0000000000
69679  -28.912  -8.559  44.896 0.0000000000
53295  -12.578  -23.077  53.764 0.0000000000
53255  -12.738  -22.717  55.036 0.0000000000
53275  -12.165  -22.893  54.389 0.0000000000
53254  -11.693  -22.759  54.583 0.0000000000
54341  -31.726  -20.668  57.339 0.0000000000
55495  -32.365  -20.521  57.050 0.0000000000
55445  -26.753  -20.239  59.887 0.0000000000
55459  -26.834  -19.904  58.737 0.0000000000
54250  -27.328  -20.171  60.213 0.0000000000
54297  -30.734  -20.780  58.535 0.0000000000
54340  -31.505  -20.688  57.120 0.0000000000
55429  -25.977  -20.232  60.653 0.0000000000
76576  -37.575  -3.446  44.014 0.0000000000
77674  -41.542  -1.518  43.316 0.0000000000
77688  -41.244  -1.480  43.027 0.0000000000
76599  -42.067  -2.070  42.590 0.0000000000
78832  -40.761  -0.739  42.133 0.0000000000
79987  -42.320  -0.447  43.468 0.0000000000
68345  -28.371  -10.500  53.820 0.0000000000
73226  -28.801  -6.589  52.309 0.0000000000
71957  -29.207  -6.749  51.249 0.0000000000
71958  -30.181  -6.545  50.885 0.0000000000
73251  -29.786  -6.443  51.374 0.0000000000
57776  -17.027  -18.879  56.188 0.0000000000
87742  -47.224  6.707  37.566 0.0000000000
87745  -47.483  6.688  36.848 0.0000000000
48354  -3.346  -26.314  63.345 0.0000000000
48329  -2.992  -26.196  63.727 0.0000000000
47148  -2.547  -26.729  63.512 0.0000000000
46095  -3.025  -27.192  63.096 0.0000000000
59051  -32.867  -18.098  53.382 0.0000000000
59072  -32.565  -18.711  52.407 0.0000000000
60207  -32.636  -17.665  53.292 0.0000000000
60190  -32.483  -17.800  52.752 0.0000000000
60131  -32.901  -17.239  57.319 0.0000000000
63413  -30.989  -14.688  56.591 0.0000000000
63412  -30.336  -14.274  56.000 0.0000000000
63422  -30.373  -14.433  55.412 0.0000000000
64543  -29.743  -13.608  56.210 0.0000000000
65697  -29.431  -12.982  55.605 0.0000000000
59084  -20.201  -17.634  49.973 0.0000000000
60257  -20.775  -17.478  49.966 0.0000000000
55524  -27.687  -20.387  54.429 0.0000000000
55525  -27.883  -21.231  54.414 0.0000000000
60220  -20.362  -16.650  51.587 0.0000000000
60238  -19.644  -17.168  51.009 0.0000000000
59083  -19.411  -17.961  50.294 0.0000000000
82327  -43.010  1.638  41.408 0.0000000000
82339  -42.880  1.658  40.620 0.0000000000
83428  -43.291  2.224  41.909 0.0000000000
85611  -44.707  4.628  40.205 0.0000000000
85617  -44.604  5.209  39.308 0.0000000000
85618  -45.017  5.291  40.062 0.0000000000
86632  -45.201  5.866  39.551 0.0000000000
86628  -45.447  5.808  40.541 0.0000000000
64609  -28.023  -13.543  48.220 0.0000000000
70886  -31.329  -7.325  43.722 0.0000000000
70898  -31.636  -8.003  42.806 0.0000000000
70899  -32.293  -6.918  43.305 0.0000000000
72108  -32.695  -6.854  43.352 0.0000000000
70900  -32.693  -6.513  43.996 0.0000000000
72000  -32.808  -6.513  49.108 0.0000000000
73281  -33.361  -6.406  49.215 0.0000000000
73301  -35.749  -5.808  47.518 0.0000000000
73300  -35.174  -6.203  47.800 0.0000000000
72031  -35.434  -6.121  46.956 0.0000000000
73312  -36.028  -5.832  46.920 0.0000000000
74494  -36.308  -5.598  46.752 0.0000000000
74478  -36.399  -5.477  47.237 0.0000000000
50851  -8.969  -23.306  58.586 0.0000000000
50872  -8.508  -23.826  58.038 0.0000000000
50894  -7.917  -24.150  57.349 0.0000000000
50919  -6.958  -24.413  56.535 0.0000000000
46184  -3.850  -29.232  58.155 0.0000000000
43091  -2.594  -32.136  59.525 0.0000000000
44082  -2.056  -31.240  60.538 0.0000000000
43069  -2.049  -31.902  60.132 0.0000000000
70667  -27.787  -7.976  54.977 0.0000000000
55548  -17.066  -20.362  52.301 0.0000000000
49549  -4.340  -25.355  62.835 0.0000000000
49529  -4.369  -25.236  63.430 0.0000000000
48379  -3.745  -25.819  63.081 0.0000000000
56713  -32.956  -20.521  50.684 0.0000000000
57845  -32.271  -18.958  52.968 0.0000000000
57846  -32.501  -18.986  52.968 0.0000000000
59026  -24.298  -18.276  52.808 0.0000000000
59046  -23.500  -17.838  52.231 0.0000000000
59047  -24.629  -18.191  51.908 0.0000000000
54394  -30.071  -21.784  54.053 0.0000000000
54414  -29.554  -21.791  53.609 0.0000000000
54415  -30.008  -21.571  53.307 0.0000000000
55590  -30.027  -20.668  50.048 0.0000000000
55591  -30.844  -20.992  50.064 0.0000000000
57763  -22.748  -17.593  57.871 0.0000000000
57737  -22.742  -18.648  59.626 0.0000000000
57748  -22.372  -17.657  58.487 0.0000000000
57762  -22.183  -17.455  57.968 0.0000000000
58968  -21.747  -17.226  57.593 0.0000000000
58979  -21.709  -17.671  56.774 0.0000000000
59023  -21.838  -17.834  54.181 0.0000000000
59007  -21.603  -18.027  54.896 0.0000000000
60188  -21.450  -17.159  53.460 0.0000000000
78851  -38.642  -1.448  39.789 0.0000000000
67190  -27.777  -11.647  46.718 0.0000000000
70885  -30.278  -7.602  44.216 0.0000000000
72088  -31.167  -6.956  44.657 0.0000000000
73256  -34.559  -6.148  51.449 0.0000000000
73285  -37.615  -6.712  49.865 0.0000000000
53238  -14.572  -21.494  55.807 0.0000000000
53237  -13.960  -21.627  56.057 0.0000000000
52099  -12.354  -21.760  56.212 0.0000000000
53225  -12.809  -21.287  56.747 0.0000000000
53224  -12.030  -21.269  56.891 0.0000000000
53193  -10.817  -21.419  58.422 0.0000000000
52064  -11.097  -21.452  57.460 0.0000000000
52095  -10.424  -22.646  55.492 0.0000000000
50897  -9.977  -22.518  56.573 0.0000000000
50922  -9.803  -22.738  56.171 0.0000000000
50896  -9.355  -22.983  56.916 0.0000000000
52094  -9.619  -22.856  55.552 0.0000000000
52093  -8.908  -23.262  55.566 0.0000000000
52111  -9.434  -23.154  54.818 0.0000000000
56597  -32.875  -19.706  57.400 0.0000000000
57768  -32.857  -19.116  57.622 0.0000000000
56593  -25.128  -18.566  57.694 0.0000000000
57765  -26.084  -18.664  57.500 0.0000000000
54292  -27.686  -19.972  57.961 0.0000000000
54314  -28.005  -19.430  56.890 0.0000000000
54335  -28.097  -18.996  55.829 0.0000000000
54270  -28.755  -20.363  59.405 0.0000000000
54269  -28.070  -20.282  59.339 0.0000000000
54317  -29.653  -20.332  57.405 0.0000000000
55475  -29.265  -20.347  57.752 0.0000000000
54338  -29.595  -19.921  56.652 0.0000000000
54376  -29.703  -20.854  54.726 0.0000000000
54359  -29.956  -19.754  55.786 0.0000000000
56613  -31.560  -20.326  56.146 0.0000000000
56631  -31.184  -19.817  55.406 0.0000000000
56647  -31.078  -19.826  54.589 0.0000000000
56580  -25.835  -19.587  58.967 0.0000000000
74541  -36.106  -5.232  44.011 0.0000000000
75566  -36.536  -4.673  43.965 0.0000000000
76586  -37.217  -3.399  42.676 0.0000000000
76587  -37.650  -2.672  42.191 0.0000000000
77661  -40.011  -2.269  44.425 0.0000000000
78829  -38.844  -1.258  41.110 0.0000000000
80014  -40.440  -0.220  40.937 0.0000000000
80013  -39.831  -0.688  40.650 0.0000000000
80023  -39.986  -0.183  40.285 0.0000000000
80033  -39.634  -0.167  39.904 0.0000000000
81174  -40.573  0.230  40.514 0.0000000000
81152  -43.363  0.748  42.671 0.0000000000
80004  -45.068  0.544  42.883 0.0000000000
64579  -28.077  -13.903  53.061 0.0000000000
67051  -27.547  -11.872  51.944 0.0000000000
65748  -27.415  -12.300  51.224 0.0000000000
67074  -27.641  -12.299  50.444 0.0000000000
67050  -27.268  -11.574  51.067 0.0000000000
70697  -27.788  -8.424  53.844 0.0000000000
70760  -27.556  -8.399  51.107 0.0000000000
69609  -27.261  -9.513  50.844 0.0000000000
68423  -27.401  -10.645  49.761 0.0000000000
69626  -27.284  -9.659  49.610 0.0000000000
72010  -28.203  -7.344  49.344 0.0000000000
70795  -27.599  -8.280  49.052 0.0000000000
70796  -28.336  -7.219  48.810 0.0000000000
70797  -29.399  -6.722  48.441 0.0000000000
70776  -29.152  -6.818  49.248 0.0000000000
71983  -30.814  -6.489  50.199 0.0000000000
71998  -30.528  -6.737  49.677 0.0000000000
71984  -31.910  -6.295  50.225 0.0000000000
73231  -33.665  -6.161  52.564 0.0000000000
57761  -16.969  -19.008  57.037 0.0000000000
56591  -16.585  -19.291  57.231 0.0000000000
55472  -16.175  -19.428  57.557 0.0000000000
54408  -16.796  -21.142  52.589 0.0000000000
54386  -16.609  -21.014  53.604 0.0000000000
53300  -15.752  -21.913  53.363 0.0000000000
54368  -15.906  -21.515  54.186 0.0000000000
54350  -15.238  -21.562  55.256 0.0000000000
47165  -1.710  -27.007  63.335 0.0000000000
60246  -33.139  -18.256  50.739 0.0000000000
60225  -31.769  -17.346  52.059 0.0000000000
60244  -32.195  -17.378  51.338 0.0000000000
61293  -31.241  -17.051  52.267 0.0000000000
56650  -33.781  -19.543  55.028 0.0000000000
57804  -33.089  -19.037  54.672 0.0000000000
58996  -34.183  -17.924  55.398 0.0000000000
58997  -34.920  -17.915  54.949 0.0000000000
60165  -34.154  -17.897  55.182 0.0000000000
60179  -33.907  -17.906  55.079 0.0000000000
60178  -33.659  -17.552  55.136 0.0000000000
63424  -32.064  -15.704  55.104 0.0000000000
62310  -32.590  -15.989  55.357 0.0000000000
63425  -32.496  -15.894  54.899 0.0000000000
62321  -33.014  -16.532  54.596 0.0000000000
62320  -32.517  -15.901  54.804 0.0000000000
62319  -32.014  -15.835  54.571 0.0000000000
63443  -30.948  -15.526  54.235 0.0000000000
63442  -29.878  -15.330  54.003 0.0000000000
62327  -30.105  -15.768  53.643 0.0000000000
64580  -28.848  -14.576  53.807 0.0000000000
64569  -29.308  -14.274  54.523 0.0000000000
66994  -29.338  -12.302  54.861 0.0000000000
67012  -29.160  -11.755  54.206 0.0000000000
66951  -30.339  -11.749  57.544 0.0000000000
66967  -29.931  -11.944  57.061 0.0000000000
60241  -22.345  -16.971  50.113 0.0000000000
60259  -22.403  -17.433  49.318 0.0000000000
56628  -25.843  -19.034  55.762 0.0000000000
56644  -25.794  -19.684  54.744 0.0000000000
56670  -26.168  -19.443  53.134 0.0000000000
57844  -26.501  -19.049  51.641 0.0000000000
56691  -27.240  -19.294  51.420 0.0000000000
61258  -18.252  -16.087  57.137 0.0000000000
61256  -17.649  -16.786  56.721 0.0000000000
60143  -17.691  -16.828  56.256 0.0000000000
60145  -20.247  -16.598  56.416 0.0000000000
60175  -19.564  -16.639  54.807 0.0000000000
60199  -18.258  -16.838  52.963 0.0000000000
60186  -18.140  -16.728  53.816 0.0000000000
59006  -17.553  -17.201  54.243 0.0000000000
59022  -17.589  -17.496  53.396 0.0000000000
57841  -17.635  -18.508  52.032 0.0000000000
83456  -41.944  2.017  38.748 0.0000000000
83471  -41.918  2.130  38.420 0.0000000000
83472  -42.304  2.595  37.886 0.0000000000
83438  -43.671  3.042  41.132 0.0000000000
84562  -43.287  3.813  38.381 0.0000000000
84575  -42.782  3.139  37.178 0.0000000000
84585  -43.269  3.168  36.556 0.0000000000
85631  -44.391  4.474  36.891 0.0000000000
84586  -44.023  3.682  36.306 0.0000000000
85636  -44.619  4.157  36.096 0.0000000000
85637  -45.434  4.628  35.826 0.0000000000
86643  -45.658  5.632  37.217 0.0000000000
86637  -46.240  6.377  38.125 0.0000000000
87741  -46.711  6.564  38.058 0.0000000000
87733  -46.360  6.644  38.786 0.0000000000
49647  -5.283  -25.431  57.946 0.0000000000
49631  -4.526  -26.134  58.415 0.0000000000
49646  -4.751  -26.308  57.381 0.0000000000
63473  -28.538  -14.957  50.134 0.0000000000
72130  -33.491  -6.601  42.294 0.0000000000
70819  -30.996  -6.535  47.592 0.0000000000
70842  -32.568  -6.520  46.730 0.0000000000
72045  -31.914  -6.316  46.013 0.0000000000
73283  -35.061  -5.916  49.421 0.0000000000
73290  -34.212  -6.809  48.509 0.0000000000
70823  -34.548  -7.282  47.185 0.0000000000
70844  -34.219  -7.225  46.640 0.0000000000
72046  -33.937  -6.959  46.320 0.0000000000
72047  -33.967  -6.950  45.964 0.0000000000
72090  -33.673  -6.374  45.068 0.0000000000
72068  -34.152  -6.846  45.911 0.0000000000
70890  -35.360  -6.602  45.647 0.0000000000
72092  -34.800  -6.631  45.167 0.0000000000
72093  -35.111  -6.405  44.817 0.0000000000
73348  -34.948  -6.294  44.619 0.0000000000
73349  -35.069  -6.092  44.527 0.0000000000
73366  -35.677  -5.782  44.464 0.0000000000
72112  -35.850  -5.940  44.975 0.0000000000
74495  -36.722  -5.234  46.526 0.0000000000
74512  -36.682  -5.251  45.597 0.0000000000
76553  -37.637  -4.003  46.183 0.0000000000
76537  -37.701  -4.119  46.527 0.0000000000
50849  -7.611  -24.254  59.170 0.0000000000
50869  -5.984  -24.802  58.681 0.0000000000
49674  -6.365  -25.226  55.676 0.0000000000
49662  -6.263  -24.964  56.435 0.0000000000
48459  -3.956  -26.943  58.892 0.0000000000
47278  -3.572  -28.619  59.593 0.0000000000
47255  -3.726  -27.492  60.202 0.0000000000
47254  -3.558  -28.255  60.190 0.0000000000
47226  -3.354  -27.934  61.056 0.0000000000
46143  -3.312  -28.749  60.524 0.0000000000
43135  -3.871  -32.403  57.298 0.0000000000
44114  -3.637  -31.245  58.273 0.0000000000
45099  -2.741  -30.168  59.614 0.0000000000
45067  -2.832  -28.638  61.239 0.0000000000
46127  -2.727  -28.219  61.808 0.0000000000
45066  -2.509  -28.743  61.182 0.0000000000
45065  -2.142  -29.022  61.146 0.0000000000
45064  -1.393  -29.113  61.218 0.0000000000
47205  -1.455  -27.718  61.900 0.0000000000
43088  -1.005  -32.724  59.334 0.0000000000
43067  -1.188  -32.159  59.619 0.0000000000
49588  -4.210  -25.501  61.511 0.0000000000
56693  -32.571  -20.297  51.703 0.0000000000
56663  -31.922  -19.068  52.999 0.0000000000
57823  -32.700  -18.671  54.067 0.0000000000
59024  -22.490  -17.959  53.617 0.0000000000
59009  -23.201  -18.570  54.099 0.0000000000
57820  -24.606  -18.833  53.584 0.0000000000
55539  -30.414  -21.424  53.491 0.0000000000
55575  -31.456  -20.929  51.082 0.0000000000
57750  -23.601  -18.449  59.031 0.0000000000
58980  -22.167  -18.176  56.240 0.0000000000
81223  -40.845  0.403  36.775 0.0000000000
61313  -32.180  -17.195  50.469 0.0000000000
68460  -27.959  -10.471  46.249 0.0000000000
70884  -29.562  -8.038  44.666 0.0000000000
70863  -29.971  -7.262  45.143 0.0000000000
53256  -13.061  -22.629  55.215 0.0000000000
52116  -12.575  -22.238  55.684 0.0000000000
52098  -11.864  -22.045  55.958 0.0000000000
52077  -10.978  -22.034  56.486 0.0000000000
52097  -11.414  -22.380  55.738 0.0000000000
52113  -11.154  -22.657  54.850 0.0000000000
53273  -10.077  -23.071  54.333 0.0000000000
52129  -10.309  -23.342  53.940 0.0000000000
55510  -32.208  -20.580  56.414 0.0000000000
55511  -32.677  -20.466  56.312 0.0000000000
56596  -32.557  -19.904  57.540 0.0000000000
57752  -32.372  -19.108  58.445 0.0000000000
56595  -26.482  -19.230  58.033 0.0000000000
54271  -29.475  -20.651  58.987 0.0000000000
54296  -30.174  -20.808  58.353 0.0000000000
54318  -30.249  -20.611  57.543 0.0000000000
55476  -30.562  -20.390  56.981 0.0000000000
55492  -30.488  -20.011  56.336 0.0000000000
55493  -31.129  -20.461  56.774 0.0000000000
56568  -25.579  -19.946  60.065 0.0000000000
75558  -36.998  -4.590  44.623 0.0000000000
76577  -38.368  -2.710  43.963 0.0000000000
78806  -41.004  -1.503  44.399 0.0000000000
77672  -39.814  -2.041  43.604 0.0000000000
77673  -40.777  -1.733  43.794 0.0000000000
77687  -40.445  -1.626  43.041 0.0000000000
77701  -40.181  -1.309  42.469 0.0000000000
78831  -39.912  -0.897  42.001 0.0000000000
80002  -40.726  -0.530  41.731 0.0000000000
80015  -41.271  -0.263  41.402 0.0000000000
80024  -41.776  0.103  41.041 0.0000000000
80016  -42.206  -0.351  41.538 0.0000000000
81151  -42.805  0.149  42.963 0.0000000000
67028  -28.769  -11.982  53.435 0.0000000000
67027  -27.974  -11.462  52.603 0.0000000000
71917  -27.995  -7.493  53.417 0.0000000000
71980  -28.087  -7.604  50.371 0.0000000000
71996  -28.625  -7.122  49.654 0.0000000000
71997  -29.616  -6.948  49.797 0.0000000000
58965  -17.254  -18.031  57.529 0.0000000000
58966  -17.260  -18.460  56.923 0.0000000000
53299  -15.306  -22.343  53.468 0.0000000000
85639  -47.217  5.243  35.470 0.0000000000
86649  -47.347  5.930  36.112 0.0000000000
86655  -47.525  5.338  35.348 0.0000000000
86656  -48.237  5.525  34.994 0.0000000000
47166  -2.112  -27.169  63.321 0.0000000000
57865  -33.171  -19.055  51.776 0.0000000000
59071  -32.758  -18.545  51.844 0.0000000000
60227  -32.669  -18.102  51.407 0.0000000000
59070  -32.465  -18.108  51.974 0.0000000000
60205  -31.950  -17.235  52.611 0.0000000000
61294  -31.898  -16.885  52.944 0.0000000000
57782  -33.786  -19.164  56.439 0.0000000000
57783  -34.448  -18.789  55.623 0.0000000000
62301  -31.451  -15.239  56.867 0.0000000000
62300  -31.313  -14.983  56.560 0.0000000000
62308  -31.361  -15.074  56.233 0.0000000000
63434  -31.891  -15.755  54.671 0.0000000000
64562  -30.488  -14.791  54.906 0.0000000000
64561  -29.691  -14.177  54.933 0.0000000000
66981  -29.363  -12.212  55.832 0.0000000000
68273  -29.566  -10.533  58.009 0.0000000000
60243  -23.920  -17.591  49.780 0.0000000000
55523  -26.936  -19.612  54.590 0.0000000000
56645  -26.501  -19.825  54.148 0.0000000000
55535  -27.152  -20.102  53.990 0.0000000000
55552  -27.301  -20.151  53.404 0.0000000000
55589  -29.216  -20.395  50.273 0.0000000000
61274  -20.221  -16.645  54.038 0.0000000000
61292  -19.709  -16.435  53.287 0.0000000000
60200  -18.937  -16.491  52.551 0.0000000000
60218  -18.423  -17.067  52.231 0.0000000000
59065  -18.316  -17.764  51.677 0.0000000000
59082  -18.615  -18.169  51.011 0.0000000000
57879  -19.023  -18.780  49.901 0.0000000000
81189  -42.236  0.963  40.175 0.0000000000
82350  -42.140  1.780  40.027 0.0000000000
83445  -42.264  2.169  39.722 0.0000000000
83446  -42.725  2.388  39.973 0.0000000000
84542  -44.156  3.782  40.671 0.0000000000
84552  -44.078  4.420  39.775 0.0000000000
85622  -43.783  4.441  37.768 0.0000000000
85623  -44.588  5.205  38.071 0.0000000000
85624  -45.236  5.469  37.692 0.0000000000
87732  -45.741  6.376  39.339 0.0000000000
48498  -5.497  -26.652  55.437 0.0000000000
48497  -4.844  -27.071  55.848 0.0000000000
64595  -28.043  -13.779  50.109 0.0000000000
63472  -28.337  -14.691  49.602 0.0000000000
63480  -27.997  -14.428  48.610 0.0000000000
72128  -32.688  -7.042  43.023 0.0000000000
70799  -31.607  -6.758  48.279 0.0000000000
70800  -32.659  -6.823  48.232 0.0000000000
70801  -33.366  -7.172  48.003 0.0000000000
70824  -35.109  -6.924  47.198 0.0000000000
70867  -34.858  -6.984  45.903 0.0000000000
70825  -35.253  -6.726  46.501 0.0000000000
70847  -35.412  -6.848  46.054 0.0000000000
70870  -35.682  -6.163  45.948 0.0000000000
72095  -35.836  -5.898  45.443 0.0000000000
73313  -36.082  -5.679  46.416 0.0000000000
50852  -9.276  -22.803  58.076 0.0000000000
52045  -9.190  -23.055  59.104 0.0000000000
50831  -8.859  -23.442  59.435 0.0000000000
50893  -7.113  -24.522  57.632 0.0000000000
46185  -3.843  -28.759  57.744 0.0000000000
46173  -3.675  -28.575  58.503 0.0000000000
46172  -3.605  -29.103  58.927 0.0000000000
44083  -2.457  -30.817  60.052 0.0000000000
44070  -2.231  -29.972  60.192 0.0000000000
45082  -2.169  -29.472  60.642 0.0000000000
44069  -1.992  -30.409  60.539 0.0000000000
44068  -1.600  -30.761  60.958 0.0000000000
53203  -29.820  -20.536  59.586 0.0000000000
76555  -39.049  -2.859  45.829 0.0000000000
77648  -39.971  -2.293  45.427 0.0000000000
77649  -40.468  -1.564  45.361 0.0000000000
79986  -41.923  -0.908  43.831 0.0000000000
69537  -28.156  -9.355  55.364 0.0000000000
69556  -27.992  -9.678  54.404 0.0000000000
70683  -27.869  -8.691  54.778 0.0000000000
70682  -27.847  -8.044  54.366 0.0000000000
71898  -27.971  -7.661  54.042 0.0000000000
73204  -28.660  -6.551  53.103 0.0000000000
56642  -16.912  -19.457  54.306 0.0000000000
47169  -3.214  -26.979  62.955 0.0000000000
56714  -33.692  -20.226  50.419 0.0000000000
60208  -32.975  -17.707  54.040 0.0000000000
65682  -30.635  -12.748  57.512 0.0000000000
60221  -21.428  -16.663  51.342 0.0000000000
60222  -22.363  -16.816  51.048 0.0000000000
60223  -23.113  -17.186  50.710 0.0000000000
59045  -22.834  -17.709  52.837 0.0000000000
60224  -23.718  -17.536  50.441 0.0000000000
59068  -24.504  -18.112  50.593 0.0000000000
59086  -25.054  -18.540  49.878 0.0000000000
57880  -25.836  -18.763  50.207 0.0000000000
55537  -28.285  -21.443  53.797 0.0000000000
55538  -29.015  -21.562  53.513 0.0000000000
58967  -21.216  -16.708  58.054 0.0000000000
58994  -21.377  -17.818  55.766 0.0000000000
60162  -21.055  -17.380  55.021 0.0000000000
60176  -20.433  -16.877  54.536 0.0000000000
60187  -20.591  -16.821  53.805 0.0000000000
82318  -44.778  1.507  42.530 0.0000000000
83418  -44.099  2.303  42.195 0.0000000000
84521  -44.624  2.813  42.344 0.0000000000
86624  -45.484  5.403  41.187 0.0000000000
65806  -27.941  -12.876  47.833 0.0000000000
73284  -36.355  -6.090  49.659 0.0000000000
73293  -36.893  -5.779  49.127 0.0000000000
74470  -37.264  -5.305  48.618 0.0000000000
53226  -13.615  -21.276  56.649 0.0000000000
54284  -13.105  -20.763  57.564 0.0000000000
52047  -10.159  -21.829  58.671 0.0000000000
50875  -10.230  -22.185  56.815 0.0000000000
52062  -9.500  -22.315  57.937 0.0000000000
50920  -8.101  -23.889  56.044 0.0000000000
52110  -8.598  -23.714  54.849 0.0000000000
42082  -2.609  -33.247  58.595 0.0000000000
57803  -32.382  -19.082  54.579 0.0000000000
56634  -33.807  -20.072  55.778 0.0000000000
55512  -33.225  -20.373  56.262 0.0000000000
56582  -32.110  -19.355  58.772 0.0000000000
56608  -24.341  -18.890  56.615 0.0000000000
56627  -24.596  -19.149  56.007 0.0000000000
55506  -26.444  -19.125  55.473 0.0000000000
56611  -26.750  -18.750  56.975 0.0000000000
55507  -27.038  -18.967  55.550 0.0000000000
54355  -27.877  -19.285  55.241 0.0000000000
54356  -28.445  -19.607  55.056 0.0000000000
54374  -28.383  -20.713  54.780 0.0000000000
54293  -28.188  -20.254  58.327 0.0000000000
55461  -29.112  -20.398  58.148 0.0000000000
54316  -28.758  -20.159  57.696 0.0000000000
54357  -29.075  -19.945  55.243 0.0000000000
54375  -28.998  -21.110  55.004 0.0000000000
54377  -30.274  -21.146  54.362 0.0000000000
55526  -30.267  -20.425  54.713 0.0000000000
55527  -30.648  -20.637  54.300 0.0000000000
56566  -24.195  -19.064  59.361 0.0000000000
56592  -24.437  -18.387  57.266 0.0000000000
74554  -35.352  -5.069  43.070 0.0000000000
75573  -34.875  -4.953  42.233 0.0000000000
75574  -35.182  -4.769  42.388 0.0000000000
75583  -35.474  -4.363  41.746 0.0000000000
75576  -36.858  -4.106  42.814 0.0000000000
76585  -36.686  -3.923  42.541 0.0000000000
77671  -38.816  -2.187  43.395 0.0000000000
77684  -37.678  -2.640  42.561 0.0000000000
76598  -37.865  -2.368  41.735 0.0000000000
77698  -37.518  -2.325  40.989 0.0000000000
78830  -39.463  -1.105  41.216 0.0000000000
78843  -39.253  -0.847  40.535 0.0000000000
80031  -38.977  -1.054  39.611 0.0000000000
80032  -39.418  -0.552  39.399 0.0000000000
81186  -39.522  0.027  39.343 0.0000000000
81198  -39.562  0.076  38.912 0.0000000000
81199  -39.954  0.792  38.584 0.0000000000
82337  -41.502  0.793  40.207 0.0000000000
81175  -41.411  0.371  40.676 0.0000000000
81188  -41.874  0.719  40.313 0.0000000000
81177  -42.939  1.051  40.912 0.0000000000
82317  -43.574  1.602  42.304 0.0000000000
81137  -42.810  0.269  43.745 0.0000000000
81138  -43.433  0.422  43.491 0.0000000000
81153  -44.482  0.890  42.865 0.0000000000
82319  -45.531  1.298  42.804 0.0000000000
62349  -29.157  -15.693  52.266 0.0000000000
62356  -29.185  -15.705  51.218 0.0000000000
63459  -28.689  -15.217  51.765 0.0000000000
64596  -28.098  -14.304  50.757 0.0000000000
65749  -27.558  -13.032  52.017 0.0000000000
65761  -27.776  -13.699  51.026 0.0000000000
65773  -28.066  -12.794  49.624 0.0000000000
67136  -27.745  -11.850  49.204 0.0000000000
68382  -27.220  -10.967  50.895 0.0000000000
68402  -27.396  -11.171  50.286 0.0000000000
68422  -27.565  -11.149  49.581 0.0000000000
68440  -27.644  -11.301  49.278 0.0000000000
70839  -28.160  -8.283  46.882 0.0000000000
70840  -28.915  -7.694  46.361 0.0000000000
70778  -31.095  -6.801  48.989 0.0000000000
71985  -32.597  -6.238  49.886 0.0000000000
73228  -30.518  -5.903  52.427 0.0000000000
73253  -31.206  -5.738  51.493 0.0000000000
73208  -32.311  -6.047  53.363 0.0000000000
73229  -31.588  -5.777  52.468 0.0000000000
71960  -31.614  -6.004  50.897 0.0000000000
73254  -32.289  -5.889  51.178 0.0000000000
55505  -16.480  -20.123  55.537 0.0000000000
54352  -16.110  -20.501  55.812 0.0000000000
54330  -15.982  -20.170  56.371 0.0000000000
53258  -14.755  -21.938  55.248 0.0000000000
53278  -14.492  -22.751  54.523 0.0000000000
86650  -48.552  6.364  35.746 0.0000000000
61303  -31.397  -16.922  51.131 0.0000000000
57794  -34.776  -18.732  54.849 0.0000000000
57806  -33.674  -18.482  54.559 0.0000000000
60192  -33.539  -17.905  54.695 0.0000000000
61297  -32.914  -17.313  54.074 0.0000000000
60163  -33.154  -16.942  55.797 0.0000000000
61265  -33.150  -16.558  55.294 0.0000000000
61266  -33.325  -16.791  54.920 0.0000000000
62331  -33.111  -16.930  54.227 0.0000000000
62342  -32.963  -17.150  53.854 0.0000000000
62341  -32.698  -16.782  53.882 0.0000000000
62340  -32.402  -16.604  53.819 0.0000000000
61284  -31.978  -16.585  53.583 0.0000000000
63444  -31.480  -15.705  54.428 0.0000000000
62338  -29.620  -15.919  53.128 0.0000000000
62337  -29.100  -15.667  52.764 0.0000000000
65722  -29.177  -13.216  54.509 0.0000000000
67029  -29.077  -12.611  54.037 0.0000000000
68346  -28.851  -11.191  54.339 0.0000000000
66980  -29.137  -11.616  55.933 0.0000000000
68286  -29.357  -10.939  57.128 0.0000000000
66966  -29.212  -11.434  56.618 0.0000000000
69538  -28.346  -10.283  55.299 0.0000000000
57801  -24.660  -19.195  54.592 0.0000000000
57821  -25.468  -19.166  53.298 0.0000000000
56659  -25.946  -19.708  53.830 0.0000000000
57862  -25.852  -18.852  51.129 0.0000000000
57881  -26.576  -18.840  49.677 0.0000000000
55553  -27.739  -20.581  52.877 0.0000000000
56672  -27.624  -19.938  51.968 0.0000000000
56692  -27.955  -19.657  51.046 0.0000000000
56711  -27.416  -19.090  50.302 0.0000000000
56735  -27.160  -19.454  49.154 0.0000000000
61232  -17.392  -16.580  57.810 0.0000000000
60142  -17.480  -17.227  56.751 0.0000000000
60129  -20.297  -16.351  57.422 0.0000000000
60159  -18.242  -16.545  55.691 0.0000000000
57798  -16.972  -18.238  54.041 0.0000000000
56669  -17.375  -19.276  52.040 0.0000000000
57861  -17.949  -18.638  51.401 0.0000000000
82374  -40.905  1.138  37.119 0.0000000000
82360  -41.572  1.810  38.811 0.0000000000
82390  -41.542  1.130  36.705 0.0000000000
83481  -42.432  2.586  36.883 0.0000000000
83458  -42.791  2.978  38.814 0.0000000000
83482  -43.001  2.443  36.211 0.0000000000
83492  -43.509  2.189  35.541 0.0000000000
83493  -44.122  2.386  35.161 0.0000000000
84577  -43.887  4.063  36.898 0.0000000000
83484  -44.332  3.062  35.563 0.0000000000
85643  -45.900  4.013  35.100 0.0000000000
86648  -46.152  5.532  36.384 0.0000000000
87734  -47.222  6.981  38.442 0.0000000000
49619  -4.865  -25.276  59.833 0.0000000000
48474  -4.142  -27.049  57.859 0.0000000000
47316  -3.894  -28.049  57.221 0.0000000000
62366  -29.917  -16.476  49.824 0.0000000000
64622  -27.783  -13.456  47.458 0.0000000000
70841  -30.040  -7.089  46.204 0.0000000000
72064  -30.648  -6.795  45.716 0.0000000000
72026  -31.270  -6.309  46.925 0.0000000000
72065  -31.222  -6.568  45.426 0.0000000000
72066  -31.800  -6.423  45.109 0.0000000000
72001  -33.485  -6.627  48.876 0.0000000000
72028  -34.328  -7.293  47.771 0.0000000000
70843  -33.458  -6.835  46.518 0.0000000000
70865  -33.209  -6.328  45.438 0.0000000000
72091  -34.192  -6.382  44.731 0.0000000000
73364  -34.497  -6.068  44.066 0.0000000000
74539  -34.873  -5.575  43.445 0.0000000000
74540  -35.528  -5.457  43.768 0.0000000000
74527  -36.564  -5.002  44.379 0.0000000000
74513  -36.316  -5.495  45.564 0.0000000000
74528  -36.825  -5.066  44.868 0.0000000000
50809  -5.758  -24.378  61.248 0.0000000000
50810  -6.614  -23.882  61.045 0.0000000000
50828  -6.215  -24.360  60.311 0.0000000000
50847  -5.692  -24.814  59.609 0.0000000000
49661  -5.580  -25.740  56.530 0.0000000000
49603  -4.353  -25.737  60.411 0.0000000000
48428  -3.714  -26.689  60.955 0.0000000000
48402  -3.427  -27.148  61.784 0.0000000000
47188  -3.183  -27.386  62.418 0.0000000000
44132  -4.215  -31.303  57.089 0.0000000000
45110  -3.110  -30.305  59.214 0.0000000000
45100  -3.155  -29.490  59.845 0.0000000000
46129  -3.158  -28.302  61.274 0.0000000000
46112  -2.921  -28.089  62.140 0.0000000000
46111  -2.910  -27.644  62.489 0.0000000000
46110  -2.502  -27.731  62.447 0.0000000000
46109  -1.875  -27.782  62.529 0.0000000000
46108  -1.862  -27.700  62.430 0.0000000000
47185  -1.737  -27.399  62.769 0.0000000000
42081  -2.271  -33.666  58.544 0.0000000000
42056  -1.969  -33.145  58.786 0.0000000000
43090  -2.006  -32.392  59.448 0.0000000000
43068  -1.554  -32.001  59.874 0.0000000000
44067  -1.094  -31.062  60.930 0.0000000000
44097  -3.298  -30.708  58.866 0.0000000000
44113  -3.367  -31.793  58.534 0.0000000000
46093  -2.327  -27.505  62.877 0.0000000000
46094  -2.585  -27.410  62.942 0.0000000000
46142  -3.120  -28.763  60.841 0.0000000000
47149  -2.876  -26.786  63.387 0.0000000000
47187  -3.084  -27.281  62.809 0.0000000000
47227  -3.545  -27.579  60.691 0.0000000000
48353  -3.070  -26.624  63.376 0.0000000000
49569  -4.402  -25.349  62.279 0.0000000000
49604  -4.771  -25.258  60.314 0.0000000000
50807  -4.699  -25.214  61.016 0.0000000000
50808  -5.161  -24.952  61.428 0.0000000000
50898  -10.678  -22.375  56.238 0.0000000000
50923  -10.508  -22.577  55.998 0.0000000000
52079  -12.170  -21.449  56.615 0.0000000000
52096  -11.087  -22.546  55.495 0.0000000000
52115  -12.325  -22.500  55.342 0.0000000000
52131  -12.380  -22.834  54.781 0.0000000000
52132  -12.488  -22.753  54.997 0.0000000000
53179  -11.565  -20.680  58.915 0.0000000000
53204  -30.069  -20.453  59.692 0.0000000000
53211  -10.967  -21.447  57.799 0.0000000000
53251  -9.642  -23.287  54.419 0.0000000000
53252  -9.849  -23.067  54.508 0.0000000000
53253  -11.415  -22.745  54.438 0.0000000000
53259  -15.323  -21.832  54.827 0.0000000000
53272  -9.865  -23.281  54.247 0.0000000000
54306  -13.445  -21.108  56.966 0.0000000000
54321  -31.618  -20.457  58.350 0.0000000000
54327  -14.434  -21.293  56.111 0.0000000000
54342  -31.862  -20.565  57.669 0.0000000000
54373  -28.110  -20.113  54.693 0.0000000000
55458  -26.321  -19.878  59.004 0.0000000000
55460  -28.991  -20.308  57.921 0.0000000000
55474  -29.131  -20.112  57.405 0.0000000000
55477  -30.777  -20.586  57.255 0.0000000000
55487  -15.905  -19.992  56.630 0.0000000000
55490  -29.315  -19.944  57.018 0.0000000000
55491  -29.388  -20.129  57.271 0.0000000000
55496  -32.955  -20.419  56.698 0.0000000000
56581  -26.384  -19.690  58.714 0.0000000000
56583  -32.059  -19.591  58.517 0.0000000000
56610  -25.914  -18.575  56.996 0.0000000000
56614  -31.932  -20.546  56.248 0.0000000000
56626  -24.050  -19.140  56.355 0.0000000000
56630  -30.524  -19.767  55.175 0.0000000000
56668  -17.480  -19.077  51.860 0.0000000000
57739  -32.172  -19.159  58.933 0.0000000000
57751  -32.215  -19.310  58.592 0.0000000000
57766  -26.246  -18.849  57.668 0.0000000000
57767  -32.648  -19.500  57.681 0.0000000000
57780  -26.300  -18.710  57.313 0.0000000000
57781  -26.472  -18.860  57.503 0.0000000000
57840  -17.477  -18.897  51.999 0.0000000000
57860  -17.599  -18.843  51.793 0.0000000000
57866  -32.787  -18.898  52.097 0.0000000000
58976  -17.406  -17.827  56.954 0.0000000000
59027  -32.512  -17.994  52.608 0.0000000000
59028  -32.696  -17.952  52.767 0.0000000000
59029  -33.292  -18.177  54.340 0.0000000000
59049  -32.438  -17.929  52.397 0.0000000000
59066  -19.034  -17.602  51.147 0.0000000000
59069  -25.251  -18.671  50.633 0.0000000000
60115  -32.849  -17.076  57.489 0.0000000000
60191  -32.633  -17.845  52.939 0.0000000000
60204  -23.036  -17.354  51.460 0.0000000000
60206  -32.312  -17.590  52.718 0.0000000000
61236  -32.853  -16.904  57.670 0.0000000000
61245  -17.540  -16.701  57.127 0.0000000000
61257  -17.885  -16.374  56.837 0.0000000000
61273  -19.790  -16.508  54.144 0.0000000000
61275  -33.247  -17.131  54.757 0.0000000000
61280  -18.759  -16.458  53.432 0.0000000000
61281  -19.416  -16.425  53.620 0.0000000000
61282  -20.009  -16.467  53.625 0.0000000000
61285  -32.946  -17.091  54.213 0.0000000000
61286  -33.157  -17.443  54.495 0.0000000000
61290  -18.760  -16.461  52.993 0.0000000000
61291  -19.276  -16.392  53.103 0.0000000000
63414  -31.194  -14.762  57.170 0.0000000000
64553  -30.291  -14.478  55.147 0.0000000000
65747  -27.348  -12.036  50.855 0.0000000000
65759  -27.506  -12.289  50.711 0.0000000000
67073  -27.483  -11.885  50.436 0.0000000000
67102  -27.784  -12.182  50.027 0.0000000000
67135  -27.688  -11.448  49.476 0.0000000000
70696  -27.909  -8.016  54.014 0.0000000000
70826  -35.511  -6.505  46.188 0.0000000000
70846  -35.049  -6.974  46.294 0.0000000000
70848  -35.719  -6.536  46.077 0.0000000000
70866  -34.538  -7.044  46.237 0.0000000000
70869  -35.520  -6.773  45.753 0.0000000000
70888  -33.025  -6.343  44.540 0.0000000000
70889  -34.864  -6.801  45.634 0.0000000000
70891  -35.624  -6.234  45.686 0.0000000000
70892  -35.794  -5.893  45.777 0.0000000000
71916  -27.921  -7.892  53.807 0.0000000000
71934  -28.901  -6.628  51.896 0.0000000000
72009  -27.926  -7.551  49.202 0.0000000000
72013  -34.394  -7.008  48.148 0.0000000000
72032  -35.758  -5.871  46.453 0.0000000000
72043  -30.708  -6.447  46.360 0.0000000000
72044  -31.275  -6.362  46.194 0.0000000000
72048  -35.677  -6.057  47.044 0.0000000000
72050  -35.857  -5.776  46.146 0.0000000000
72070  -35.784  -5.908  45.855 0.0000000000
72111  -35.586  -6.096  44.838 0.0000000000
72113  -36.097  -5.937  44.995 0.0000000000
73314  -35.933  -5.693  46.041 0.0000000000
73329  -36.089  -5.619  45.726 0.0000000000
73350  -36.122  -5.637  45.405 0.0000000000
73368  -36.160  -5.682  45.037 0.0000000000
74529  -36.423  -5.471  45.244 0.0000000000
74542  -36.355  -5.393  44.646 0.0000000000
74543  -36.439  -5.466  44.935 0.0000000000
76578  -42.246  -2.162  43.160 0.0000000000
76579  -42.327  -2.334  43.016 0.0000000000
76588  -42.354  -2.042  42.933 0.0000000000
76589  -42.358  -2.313  42.582 0.0000000000
76600  -42.186  -2.058  42.277 0.0000000000
77675  -42.113  -1.770  43.010 0.0000000000
77676  -42.553  -2.050  42.821 0.0000000000
77689  -41.929  -1.657  42.868 0.0000000000
77690  -42.423  -1.915  42.220 0.0000000000
77703  -41.848  -1.628  42.391 0.0000000000
77704  -42.242  -1.931  41.918 0.0000000000
78809  -42.121  -1.387  43.150 0.0000000000
78818  -39.931  -1.008  41.270 0.0000000000
78820  -40.359  -0.643  41.819 0.0000000000
78821  -42.037  -0.968  42.678 0.0000000000
78822  -42.363  -1.428  42.247 0.0000000000
78834  -42.178  -1.624  42.152 0.0000000000
80000  -40.100  -0.802  41.138 0.0000000000
80001  -40.471  -0.502  41.456 0.0000000000
80021  -38.905  -0.811  40.027 0.0000000000
81117  -43.120  0.365  43.999 0.0000000000
81164  -40.851  0.105  40.935 0.0000000000
81224  -41.395  0.417  36.551 0.0000000000
82351  -42.554  1.716  40.303 0.0000000000
86631  -45.060  5.637  38.991 0.0000000000
