#!ascii label  , from subject sub.01.bl.02 vox2ras=TkReg
446
78434  -33.207  -2.321  -16.768 0.0000000000
74171  -30.466  -6.714  -14.397 0.0000000000
72963  -36.431  -7.824  -15.005 0.0000000000
68067  -32.666  -11.572  -11.578 0.0000000000
94810  -33.877  12.478  -18.357 0.0000000000
91488  -33.909  9.190  -16.700 0.0000000000
84129  -30.858  2.740  -18.856 0.0000000000
64308  -30.851  -15.147  -8.867 0.0000000000
70476  -31.085  -8.876  -12.878 0.0000000000
69259  -29.582  -10.168  -10.892 0.0000000000
92565  -34.134  10.758  -17.164 0.0000000000
89436  -32.552  7.970  -19.361 0.0000000000
78426  -30.334  -2.320  -16.604 0.0000000000
81941  -28.426  0.546  -15.631 0.0000000000
80811  -31.834  -0.121  -18.081 0.0000000000
85202  -33.334  3.356  -18.475 0.0000000000
81965  -35.612  0.666  -18.024 0.0000000000
79615  -35.907  -1.390  -15.836 0.0000000000
76252  -29.102  -4.693  -14.773 0.0000000000
74188  -31.855  -5.303  -17.038 0.0000000000
75243  -34.566  -5.104  -16.447 0.0000000000
71701  -33.845  -8.125  -16.027 0.0000000000
69306  -35.463  -9.948  -14.623 0.0000000000
69279  -35.036  -11.008  -11.570 0.0000000000
132469  -29.414  5.354  -18.288 0.0000000000
88375  -33.197  5.765  -19.576 0.0000000000
88318  -34.592  6.514  -15.693 0.0000000000
66715  -29.208  -12.123  -9.805 0.0000000000
65448  -31.771  -13.585  -10.259 0.0000000000
70459  -29.478  -9.202  -11.483 0.0000000000
69258  -28.663  -10.202  -10.337 0.0000000000
90479  -32.454  8.946  -19.276 0.0000000000
90477  -30.735  8.419  -19.545 0.0000000000
78431  -31.392  -2.159  -16.781 0.0000000000
80803  -30.906  -1.063  -17.240 0.0000000000
80806  -32.951  -0.670  -17.746 0.0000000000
80813  -33.446  0.111  -18.181 0.0000000000
80807  -34.157  -0.534  -17.499 0.0000000000
81955  -35.618  0.159  -17.204 0.0000000000
78429  -34.666  -2.415  -16.137 0.0000000000
74175  -29.870  -5.943  -15.053 0.0000000000
75241  -30.213  -5.180  -16.137 0.0000000000
74176  -30.646  -6.216  -15.350 0.0000000000
74184  -32.803  -6.526  -16.455 0.0000000000
72958  -31.463  -7.159  -14.857 0.0000000000
69292  -32.226  -10.429  -12.550 0.0000000000
70479  -33.495  -9.613  -13.764 0.0000000000
69293  -33.487  -10.680  -12.727 0.0000000000
69294  -34.542  -10.948  -12.467 0.0000000000
68078  -34.031  -11.693  -12.089 0.0000000000
93680  -33.364  11.760  -17.659 0.0000000000
94799  -33.059  12.350  -17.777 0.0000000000
95802  -33.553  13.436  -18.825 0.0000000000
97578  -33.398  15.140  -18.929 0.0000000000
95790  -34.470  13.449  -17.533 0.0000000000
91500  -33.999  9.998  -16.727 0.0000000000
83045  -29.783  1.654  -17.344 0.0000000000
84122  -29.272  2.617  -17.216 0.0000000000
85193  -30.439  3.856  -18.465 0.0000000000
87337  -31.751  5.526  -20.092 0.0000000000
85208  -31.548  3.624  -20.039 0.0000000000
85178  -34.703  3.134  -16.534 0.0000000000
86234  -34.160  4.399  -17.675 0.0000000000
87292  -35.183  5.035  -15.565 0.0000000000
74180  -35.431  -6.488  -15.277 0.0000000000
76256  -36.272  -4.595  -15.472 0.0000000000
64306  -28.983  -14.375  -8.686 0.0000000000
65431  -29.621  -13.246  -9.513 0.0000000000
66716  -30.216  -12.724  -9.858 0.0000000000
65433  -31.263  -13.977  -9.920 0.0000000000
71675  -29.480  -7.458  -12.712 0.0000000000
72945  -31.044  -7.798  -13.584 0.0000000000
70474  -30.048  -8.629  -12.373 0.0000000000
69290  -30.710  -9.577  -11.996 0.0000000000
68065  -31.127  -10.700  -11.308 0.0000000000
92575  -33.048  10.495  -17.594 0.0000000000
93681  -33.869  11.521  -17.739 0.0000000000
92576  -33.444  10.546  -17.338 0.0000000000
91509  -33.383  9.685  -17.846 0.0000000000
90464  -33.707  8.702  -18.031 0.0000000000
78422  -28.999  -2.362  -15.453 0.0000000000
80793  -29.578  -0.663  -16.192 0.0000000000
81953  -30.829  0.052  -17.187 0.0000000000
83055  -31.323  1.602  -18.581 0.0000000000
84139  -32.654  2.860  -19.687 0.0000000000
83057  -33.284  1.796  -19.042 0.0000000000
83058  -34.325  1.611  -18.232 0.0000000000
84114  -35.237  2.449  -16.313 0.0000000000
83038  -36.314  1.198  -16.584 0.0000000000
62082  -31.410  -16.693  -8.199 0.0000000000
63199  -31.796  -15.270  -9.419 0.0000000000
77290  -29.452  -3.296  -15.727 0.0000000000
76264  -31.057  -3.662  -17.093 0.0000000000
76266  -32.406  -3.931  -17.369 0.0000000000
77303  -34.246  -3.563  -16.311 0.0000000000
75248  -33.840  -5.189  -16.850 0.0000000000
74185  -33.830  -6.564  -16.695 0.0000000000
71703  -34.961  -7.803  -16.084 0.0000000000
71690  -33.056  -8.540  -14.614 0.0000000000
70488  -34.173  -9.127  -15.116 0.0000000000
70491  -37.111  -9.662  -15.401 0.0000000000
69302  -36.787  -10.314  -13.675 0.0000000000
69295  -35.848  -10.514  -12.585 0.0000000000
95775  -34.618  13.496  -16.601 0.0000000000
88372  -30.556  6.445  -19.488 0.0000000000
88363  -33.086  6.827  -19.338 0.0000000000
89419  -33.755  7.564  -17.889 0.0000000000
86246  -33.451  4.332  -18.983 0.0000000000
88353  -34.243  5.860  -17.696 0.0000000000
89395  -33.581  7.883  -16.124 0.0000000000
77298  -35.716  -3.476  -15.796 0.0000000000
77292  -36.918  -3.397  -15.102 0.0000000000
68034  -28.494  -11.134  -9.659 0.0000000000
66732  -29.611  -11.490  -10.115 0.0000000000
68051  -30.809  -11.205  -10.810 0.0000000000
68052  -31.806  -11.889  -10.877 0.0000000000
64323  -31.964  -14.529  -10.097 0.0000000000
65449  -32.639  -13.610  -10.345 0.0000000000
66736  -32.937  -12.591  -10.879 0.0000000000
90469  -29.470  8.033  -19.237 0.0000000000
78433  -32.555  -2.102  -16.941 0.0000000000
79622  -32.361  -1.312  -17.247 0.0000000000
79623  -33.202  -1.392  -17.143 0.0000000000
79624  -33.853  -1.305  -17.131 0.0000000000
79613  -34.355  -1.389  -16.732 0.0000000000
78428  -33.860  -2.322  -16.324 0.0000000000
74169  -29.623  -6.895  -13.406 0.0000000000
74164  -29.449  -6.003  -13.811 0.0000000000
74170  -29.819  -6.339  -14.188 0.0000000000
74177  -31.968  -6.659  -15.712 0.0000000000
72957  -30.847  -6.783  -14.635 0.0000000000
69299  -33.145  -10.039  -13.238 0.0000000000
68076  -33.016  -11.006  -12.226 0.0000000000
68077  -33.567  -11.388  -12.195 0.0000000000
93687  -33.668  12.230  -18.155 0.0000000000
94809  -33.431  12.711  -18.244 0.0000000000
96729  -33.816  14.262  -18.630 0.0000000000
96712  -34.308  14.311  -17.937 0.0000000000
95803  -34.155  13.376  -18.322 0.0000000000
92554  -34.815  10.847  -16.356 0.0000000000
91489  -34.397  9.616  -15.991 0.0000000000
83054  -30.591  2.058  -18.472 0.0000000000
84123  -30.133  2.578  -18.025 0.0000000000
85192  -29.689  3.704  -17.731 0.0000000000
85201  -30.897  3.742  -19.398 0.0000000000
84137  -31.312  3.018  -19.545 0.0000000000
85179  -35.188  3.567  -16.066 0.0000000000
86219  -34.851  4.261  -16.702 0.0000000000
74172  -35.837  -5.994  -14.786 0.0000000000
74173  -36.298  -6.563  -14.324 0.0000000000
64307  -30.252  -14.886  -8.654 0.0000000000
64321  -30.003  -13.953  -8.997 0.0000000000
64320  -29.302  -13.680  -9.101 0.0000000000
65432  -30.565  -13.560  -9.638 0.0000000000
64322  -31.008  -14.600  -9.328 0.0000000000
71671  -29.385  -7.939  -12.288 0.0000000000
71677  -29.964  -8.191  -12.882 0.0000000000
71672  -29.680  -8.310  -12.268 0.0000000000
69275  -29.886  -9.683  -11.361 0.0000000000
70460  -30.030  -9.354  -11.627 0.0000000000
69276  -30.542  -10.042  -11.437 0.0000000000
69291  -31.194  -9.883  -12.116 0.0000000000
92581  -32.431  10.132  -18.047 0.0000000000
91518  -32.140  9.866  -18.675 0.0000000000
90480  -32.841  9.190  -18.947 0.0000000000
89437  -32.931  8.645  -19.028 0.0000000000
89428  -33.299  7.976  -18.760 0.0000000000
78423  -29.635  -2.408  -16.121 0.0000000000
79610  -29.958  -1.569  -16.464 0.0000000000
80804  -31.378  -0.665  -17.546 0.0000000000
80795  -30.946  -0.571  -17.326 0.0000000000
81963  -31.221  0.354  -17.948 0.0000000000
83047  -30.880  1.059  -18.015 0.0000000000
81970  -32.011  0.618  -18.563 0.0000000000
83056  -32.356  1.503  -18.979 0.0000000000
81971  -32.937  0.750  -18.726 0.0000000000
81974  -35.163  0.722  -18.365 0.0000000000
81973  -34.651  0.842  -18.374 0.0000000000
83059  -35.173  1.114  -18.426 0.0000000000
84125  -35.177  1.938  -17.174 0.0000000000
83049  -35.434  1.519  -17.890 0.0000000000
83037  -35.796  1.679  -17.009 0.0000000000
83050  -36.151  1.097  -17.519 0.0000000000
80798  -35.864  -0.501  -16.123 0.0000000000
79603  -36.619  -1.573  -15.363 0.0000000000
76254  -28.837  -4.024  -14.900 0.0000000000
77289  -28.838  -3.278  -15.177 0.0000000000
76255  -29.348  -4.237  -15.287 0.0000000000
75242  -30.936  -5.016  -16.641 0.0000000000
76260  -30.515  -4.116  -16.666 0.0000000000
76261  -31.087  -4.371  -17.070 0.0000000000
76265  -31.615  -3.927  -17.371 0.0000000000
75246  -32.081  -4.844  -17.395 0.0000000000
75247  -32.905  -4.944  -17.210 0.0000000000
72965  -32.975  -7.293  -16.077 0.0000000000
72966  -33.702  -7.409  -16.334 0.0000000000
72967  -34.600  -7.247  -16.146 0.0000000000
71702  -34.493  -8.022  -16.219 0.0000000000
71679  -31.370  -8.417  -13.389 0.0000000000
72953  -31.600  -7.709  -14.023 0.0000000000
71680  -31.976  -8.622  -13.602 0.0000000000
69305  -34.708  -9.665  -14.289 0.0000000000
70484  -34.040  -9.401  -14.326 0.0000000000
70485  -34.724  -9.509  -14.764 0.0000000000
70489  -35.147  -9.322  -15.349 0.0000000000
69311  -36.455  -10.096  -15.240 0.0000000000
69312  -37.444  -10.366  -15.101 0.0000000000
69307  -36.644  -10.342  -14.499 0.0000000000
69280  -36.078  -10.484  -11.589 0.0000000000
93669  -34.733  11.765  -17.061 0.0000000000
94787  -34.700  12.741  -17.138 0.0000000000
80785  -28.172  -0.376  -15.062 0.0000000000
87315  -28.724  5.617  -17.821 0.0000000000
132465  -29.129  6.145  -18.451 0.0000000000
89426  -29.936  6.790  -18.837 0.0000000000
87326  -30.286  5.822  -19.022 0.0000000000
87338  -32.665  5.261  -20.057 0.0000000000
88374  -32.547  6.606  -19.650 0.0000000000
88364  -33.481  6.642  -18.932 0.0000000000
84140  -33.119  2.841  -19.210 0.0000000000
85210  -32.825  3.535  -19.647 0.0000000000
87306  -34.402  5.265  -17.192 0.0000000000
87318  -34.136  5.240  -17.891 0.0000000000
88337  -34.247  6.401  -16.893 0.0000000000
88336  -33.860  6.985  -17.377 0.0000000000
89408  -34.060  6.994  -16.190 0.0000000000
88298  -34.633  7.045  -14.846 0.0000000000
76268  -34.250  -4.204  -16.588 0.0000000000
77297  -34.872  -3.574  -16.026 0.0000000000
76262  -34.910  -4.561  -16.180 0.0000000000
77291  -36.306  -3.852  -15.585 0.0000000000
66714  -28.015  -12.155  -9.306 0.0000000000
68049  -29.253  -10.994  -10.148 0.0000000000
66734  -31.081  -12.557  -10.296 0.0000000000
66733  -30.136  -11.839  -10.174 0.0000000000
66735  -32.137  -12.730  -10.526 0.0000000000
71665  -29.616  -8.626  -11.833 0.0000000000
70458  -28.785  -8.965  -11.283 0.0000000000
70442  -28.929  -9.628  -11.005 0.0000000000
91527  -31.867  9.454  -19.229 0.0000000000
91526  -30.984  9.195  -19.198 0.0000000000
90478  -31.713  8.646  -19.493 0.0000000000
89435  -31.553  7.619  -19.656 0.0000000000
78427  -30.849  -2.071  -16.808 0.0000000000
79611  -30.641  -1.584  -16.891 0.0000000000
79620  -31.111  -1.492  -17.148 0.0000000000
80805  -32.096  -0.713  -17.743 0.0000000000
80812  -32.540  -0.030  -18.237 0.0000000000
80808  -35.097  -0.010  -17.626 0.0000000000
80797  -35.011  -0.679  -16.968 0.0000000000
79614  -35.281  -1.548  -16.159 0.0000000000
75231  -29.226  -5.404  -14.238 0.0000000000
75235  -29.515  -5.323  -14.964 0.0000000000
75240  -29.682  -4.925  -15.620 0.0000000000
75236  -29.895  -5.580  -15.486 0.0000000000
74182  -30.840  -5.541  -16.154 0.0000000000
74183  -31.627  -5.711  -16.433 0.0000000000
74189  -32.409  -5.597  -17.041 0.0000000000
74178  -32.571  -7.026  -15.953 0.0000000000
72959  -32.611  -7.471  -15.363 0.0000000000
70477  -31.963  -9.272  -13.182 0.0000000000
70482  -32.447  -8.935  -13.693 0.0000000000
69298  -32.511  -9.834  -13.162 0.0000000000
69300  -34.346  -10.068  -13.610 0.0000000000
69301  -35.666  -10.194  -13.531 0.0000000000
68069  -34.251  -11.904  -11.511 0.0000000000
92564  -32.327  11.296  -17.001 0.0000000000
96728  -33.311  14.227  -19.092 0.0000000000
97560  -34.646  15.293  -17.424 0.0000000000
93655  -35.034  11.566  -16.518 0.0000000000
84111  -28.057  2.516  -16.226 0.0000000000
85191  -28.905  3.672  -17.186 0.0000000000
86231  -29.788  4.782  -18.359 0.0000000000
86244  -30.082  5.332  -18.664 0.0000000000
86245  -30.495  4.780  -19.022 0.0000000000
86254  -31.149  4.603  -19.958 0.0000000000
87339  -33.257  4.841  -19.666 0.0000000000
85194  -34.358  3.426  -17.263 0.0000000000
85203  -33.787  3.591  -17.829 0.0000000000
87291  -34.780  5.409  -16.213 0.0000000000
75244  -35.122  -5.441  -15.887 0.0000000000
76263  -35.624  -4.420  -15.807 0.0000000000
75237  -35.890  -5.364  -15.278 0.0000000000
75233  -36.216  -5.562  -14.753 0.0000000000
66717  -30.725  -13.061  -9.948 0.0000000000
65447  -31.075  -13.368  -10.022 0.0000000000
74162  -29.449  -6.963  -13.132 0.0000000000
72950  -29.885  -7.171  -13.518 0.0000000000
72952  -30.908  -7.154  -14.032 0.0000000000
71686  -30.151  -7.669  -13.369 0.0000000000
71678  -30.591  -8.195  -13.219 0.0000000000
70469  -29.905  -8.829  -11.906 0.0000000000
70470  -30.342  -9.178  -12.056 0.0000000000
70471  -30.829  -9.295  -12.401 0.0000000000
69277  -31.446  -10.524  -11.769 0.0000000000
69278  -31.985  -10.941  -11.833 0.0000000000
92573  -31.241  10.740  -17.989 0.0000000000
92574  -32.345  10.720  -17.314 0.0000000000
93688  -33.746  12.000  -18.066 0.0000000000
94800  -34.379  12.517  -17.809 0.0000000000
91519  -32.839  9.718  -18.471 0.0000000000
91510  -33.588  10.062  -17.194 0.0000000000
91499  -33.761  9.348  -17.321 0.0000000000
90454  -33.790  8.473  -17.187 0.0000000000
81942  -29.069  -0.070  -16.092 0.0000000000
80794  -30.479  -0.716  -16.775 0.0000000000
81952  -29.760  0.569  -16.621 0.0000000000
81962  -30.550  0.780  -17.516 0.0000000000
83046  -30.393  1.493  -18.000 0.0000000000
84130  -31.506  2.458  -19.190 0.0000000000
83064  -31.971  2.128  -19.179 0.0000000000
83065  -32.548  2.231  -19.407 0.0000000000
84131  -33.579  2.414  -18.568 0.0000000000
81972  -33.812  0.925  -18.412 0.0000000000
84132  -33.998  2.641  -17.791 0.0000000000
84124  -34.655  2.552  -17.004 0.0000000000
84113  -34.796  2.663  -16.557 0.0000000000
84100  -35.908  2.484  -15.787 0.0000000000
83027  -36.034  1.906  -16.082 0.0000000000
81956  -36.113  0.526  -16.845 0.0000000000
71692  -37.690  -8.870  -14.690 0.0000000000
63186  -30.815  -15.757  -8.511 0.0000000000
63198  -31.244  -15.322  -8.967 0.0000000000
77294  -30.126  -3.223  -16.279 0.0000000000
76259  -29.828  -4.183  -16.012 0.0000000000
77295  -30.892  -2.954  -16.531 0.0000000000
77299  -31.521  -3.063  -16.729 0.0000000000
77305  -31.934  -2.967  -16.868 0.0000000000
77301  -32.684  -3.082  -16.968 0.0000000000
77302  -33.619  -3.278  -16.510 0.0000000000
76267  -33.328  -4.102  -17.060 0.0000000000
74190  -33.300  -5.854  -17.050 0.0000000000
74191  -33.906  -5.944  -16.859 0.0000000000
74186  -34.449  -6.063  -16.326 0.0000000000
74179  -34.855  -6.815  -15.781 0.0000000000
72962  -35.275  -7.610  -15.707 0.0000000000
71698  -36.369  -8.685  -15.611 0.0000000000
72954  -32.150  -7.745  -14.624 0.0000000000
71695  -33.473  -8.327  -15.282 0.0000000000
70483  -33.116  -9.026  -14.103 0.0000000000
70487  -33.569  -8.899  -14.704 0.0000000000
71696  -34.418  -8.600  -15.696 0.0000000000
71697  -35.278  -8.515  -15.834 0.0000000000
71699  -37.564  -8.985  -15.251 0.0000000000
70492  -38.156  -9.991  -15.221 0.0000000000
69309  -38.248  -10.304  -14.744 0.0000000000
94788  -35.045  12.534  -16.446 0.0000000000
89433  -29.769  7.652  -19.274 0.0000000000
89434  -30.455  7.414  -19.631 0.0000000000
87336  -30.870  5.616  -19.701 0.0000000000
88373  -31.267  6.555  -19.925 0.0000000000
89427  -33.001  7.194  -19.191 0.0000000000
85209  -32.348  3.530  -20.102 0.0000000000
86257  -33.038  4.134  -19.492 0.0000000000
86247  -33.691  4.122  -18.284 0.0000000000
86233  -33.856  4.879  -18.408 0.0000000000
87317  -34.013  5.771  -18.391 0.0000000000
88352  -34.041  6.564  -17.916 0.0000000000
89407  -33.749  7.532  -16.696 0.0000000000
90443  -33.783  8.495  -16.224 0.0000000000
90444  -34.183  8.838  -15.417 0.0000000000
77296  -34.204  -3.063  -16.100 0.0000000000
78430  -35.453  -2.645  -15.892 0.0000000000
78424  -36.215  -2.798  -15.525 0.0000000000
68050  -29.920  -11.029  -10.466 0.0000000000
69260  -30.205  -10.585  -10.865 0.0000000000
68066  -31.625  -11.160  -11.382 0.0000000000
64336  -32.435  -14.180  -10.237 0.0000000000
68053  -32.412  -12.191  -10.931 0.0000000000
68068  -33.580  -11.969  -11.750 0.0000000000
64335  -32.218  -14.033  -10.295 0.0000000000
66747  -33.232  -12.176  -11.383 0.0000000000
69304  -38.350  -10.109  -14.574 0.0000000000
69308  -37.603  -10.418  -14.571 0.0000000000
69310  -35.791  -9.787  -15.285 0.0000000000
69313  -38.070  -10.586  -15.025 0.0000000000
70472  -31.433  -9.555  -12.634 0.0000000000
70475  -30.429  -8.724  -12.655 0.0000000000
70478  -32.786  -9.454  -13.519 0.0000000000
70486  -38.613  -9.999  -14.801 0.0000000000
70490  -36.069  -9.410  -15.599 0.0000000000
71676  -29.521  -7.703  -12.710 0.0000000000
71684  -29.592  -7.503  -12.912 0.0000000000
71685  -29.795  -7.657  -13.110 0.0000000000
71687  -30.549  -7.559  -13.573 0.0000000000
71688  -31.726  -8.216  -13.745 0.0000000000
71689  -32.347  -8.359  -14.145 0.0000000000
71693  -38.383  -9.477  -15.056 0.0000000000
71694  -32.675  -8.155  -14.864 0.0000000000
71700  -38.116  -9.505  -15.181 0.0000000000
72943  -29.505  -7.296  -12.959 0.0000000000
72944  -29.322  -7.198  -12.834 0.0000000000
72946  -31.407  -8.021  -13.659 0.0000000000
72949  -29.654  -7.288  -13.180 0.0000000000
72951  -30.285  -7.075  -13.815 0.0000000000
72956  -37.213  -8.414  -14.917 0.0000000000
72960  -33.337  -7.737  -15.836 0.0000000000
72961  -34.895  -7.240  -15.879 0.0000000000
72964  -37.129  -8.446  -15.137 0.0000000000
72968  -34.951  -7.547  -16.013 0.0000000000
74168  -29.557  -7.100  -13.162 0.0000000000
74181  -35.846  -6.760  -14.692 0.0000000000
74187  -34.931  -6.179  -15.784 0.0000000000
75227  -29.199  -5.729  -13.633 0.0000000000
75232  -35.951  -5.586  -14.924 0.0000000000
75238  -36.564  -4.987  -15.113 0.0000000000
75245  -31.500  -4.928  -17.074 0.0000000000
76269  -31.953  -3.390  -17.301 0.0000000000
76270  -32.225  -3.227  -17.149 0.0000000000
77300  -31.724  -3.293  -17.088 0.0000000000
77304  -31.758  -2.721  -16.661 0.0000000000
77306  -32.223  -2.975  -16.929 0.0000000000
78432  -31.977  -1.963  -16.966 0.0000000000
78435  -31.604  -2.518  -16.601 0.0000000000
78436  -31.846  -2.420  -16.729 0.0000000000
78437  -32.180  -2.586  -16.897 0.0000000000
79602  -35.889  -1.991  -15.743 0.0000000000
79612  -33.637  -1.705  -16.769 0.0000000000
79621  -31.674  -1.341  -17.220 0.0000000000
80796  -34.547  -0.912  -17.151 0.0000000000
80814  -34.216  0.367  -18.093 0.0000000000
81954  -31.121  -0.239  -17.547 0.0000000000
81961  -30.125  1.125  -17.365 0.0000000000
81964  -34.877  0.324  -18.104 0.0000000000
81966  -35.973  0.614  -17.495 0.0000000000
83048  -34.708  1.972  -17.611 0.0000000000
83066  -32.919  2.422  -19.400 0.0000000000
84121  -28.614  2.921  -16.806 0.0000000000
84138  -31.970  2.763  -19.750 0.0000000000
85211  -33.084  3.641  -19.161 0.0000000000
86232  -30.281  4.489  -18.577 0.0000000000
86255  -32.041  4.456  -20.271 0.0000000000
86256  -32.755  4.274  -19.983 0.0000000000
87316  -29.236  5.186  -18.069 0.0000000000
87327  -33.623  5.377  -19.062 0.0000000000
89425  -29.429  7.615  -18.830 0.0000000000
90468  -29.087  8.401  -19.155 0.0000000000
90470  -33.285  9.029  -18.627 0.0000000000
90476  -29.731  8.373  -19.429 0.0000000000
91528  -32.474  9.480  -19.004 0.0000000000
93670  -35.125  11.903  -16.558 0.0000000000
132466  -28.945  5.951  -18.369 0.0000000000
132467  -29.127  5.575  -18.247 0.0000000000
132468  -28.815  6.074  -18.164 0.0000000000
132470  -29.522  6.445  -18.528 0.0000000000
132471  -29.540  5.886  -18.480 0.0000000000
