#!ascii label  , from subject sub.01.bl.02 vox2ras=TkReg
373
12298  -43.583  -66.365  5.519 0.0000000000
10778  -40.988  -67.546  2.843 0.0000000000
13891  -46.954  -62.548  5.700 0.0000000000
10764  -44.327  -67.651  3.568 0.0000000000
14767  -46.348  -62.687  1.197 0.0000000000
14664  -43.382  -62.509  9.554 0.0000000000
16485  -43.498  -60.339  7.124 0.0000000000
18366  -38.116  -58.439  9.762 0.0000000000
16520  -47.247  -61.267  4.179 0.0000000000
13925  -47.110  -62.710  3.937 0.0000000000
15639  -49.079  -61.583  2.312 0.0000000000
16456  -44.642  -60.650  8.741 0.0000000000
18371  -43.475  -58.545  9.773 0.0000000000
21218  -38.034  -55.565  9.187 0.0000000000
19377  -39.629  -57.635  6.999 0.0000000000
9227  -43.216  -69.479  5.166 0.0000000000
10780  -42.827  -67.586  3.316 0.0000000000
8602  -42.974  -70.651  2.314 0.0000000000
8599  -41.034  -70.465  1.228 0.0000000000
13081  -45.582  -64.591  6.512 0.0000000000
10757  -44.932  -67.421  5.138 0.0000000000
13144  -44.703  -64.729  2.858 0.0000000000
13143  -43.247  -64.985  2.326 0.0000000000
14682  -45.903  -62.283  8.179 0.0000000000
15589  -45.769  -61.233  6.409 0.0000000000
16517  -44.163  -60.373  4.661 0.0000000000
19272  -40.408  -57.749  11.433 0.0000000000
17401  -40.396  -59.685  8.237 0.0000000000
18424  -41.483  -58.862  5.542 0.0000000000
19411  -44.535  -57.948  3.271 0.0000000000
7932  -43.874  -70.879  3.599 0.0000000000
14735  -39.827  -62.496  3.806 0.0000000000
11572  -38.702  -66.594  3.046 0.0000000000
9252  -35.593  -69.172  1.340 0.0000000000
16560  -46.542  -60.447  3.075 0.0000000000
16540  -48.355  -60.865  3.189 0.0000000000
10755  -43.839  -67.808  5.308 0.0000000000
10779  -41.914  -67.552  3.138 0.0000000000
9246  -41.990  -69.251  2.192 0.0000000000
9995  -40.530  -68.609  2.447 0.0000000000
9256  -39.579  -69.733  1.518 0.0000000000
9994  -39.531  -68.362  2.424 0.0000000000
13890  -46.789  -63.056  6.146 0.0000000000
13105  -46.305  -63.636  5.052 0.0000000000
13966  -46.619  -62.958  1.917 0.0000000000
13940  -45.528  -63.833  3.131 0.0000000000
13965  -45.456  -63.521  1.974 0.0000000000
12356  -43.847  -64.918  2.375 0.0000000000
13964  -44.362  -63.690  1.452 0.0000000000
13880  -44.483  -63.590  7.779 0.0000000000
14681  -45.070  -62.177  8.670 0.0000000000
17423  -43.892  -60.138  7.858 0.0000000000
16472  -44.696  -60.674  7.948 0.0000000000
16498  -44.578  -60.865  6.642 0.0000000000
16518  -45.078  -60.974  5.111 0.0000000000
16507  -43.491  -60.467  5.569 0.0000000000
18331  -39.587  -58.306  10.989 0.0000000000
18352  -40.807  -58.335  10.109 0.0000000000
18367  -39.251  -59.009  9.407 0.0000000000
19379  -40.909  -57.169  6.003 0.0000000000
18414  -40.633  -58.753  6.272 0.0000000000
19388  -42.216  -57.769  5.127 0.0000000000
18430  -43.051  -58.661  4.322 0.0000000000
9987  -44.710  -68.027  4.407 0.0000000000
9983  -44.654  -68.778  4.466 0.0000000000
9249  -44.091  -69.605  3.267 0.0000000000
7301  -42.396  -72.092  2.324 0.0000000000
15617  -39.147  -61.492  4.080 0.0000000000
13122  -39.112  -64.353  3.754 0.0000000000
10773  -36.057  -67.074  2.862 0.0000000000
15602  -47.187  -61.711  4.743 0.0000000000
13911  -47.020  -62.778  4.760 0.0000000000
15621  -47.786  -61.563  3.749 0.0000000000
14750  -48.254  -62.274  2.374 0.0000000000
14769  -47.993  -62.289  1.512 0.0000000000
15535  -44.328  -61.332  9.753 0.0000000000
17384  -43.908  -59.336  9.582 0.0000000000
17403  -42.651  -59.369  8.439 0.0000000000
19322  -37.355  -57.500  9.800 0.0000000000
18384  -38.499  -58.303  8.676 0.0000000000
20288  -38.670  -57.035  7.910 0.0000000000
20290  -40.114  -56.188  6.973 0.0000000000
21281  -42.332  -55.815  6.423 0.0000000000
10781  -43.668  -67.620  3.303 0.0000000000
9248  -43.390  -69.697  2.736 0.0000000000
9247  -42.698  -69.431  2.486 0.0000000000
8600  -41.786  -70.604  1.436 0.0000000000
7950  -41.009  -71.789  0.709 0.0000000000
8610  -39.666  -70.969  0.504 0.0000000000
8609  -38.534  -70.815  0.653 0.0000000000
8608  -37.396  -70.938  0.606 0.0000000000
12286  -44.429  -65.377  5.956 0.0000000000
11546  -44.738  -66.848  5.433 0.0000000000
11550  -45.306  -66.360  4.859 0.0000000000
11562  -45.012  -66.501  4.258 0.0000000000
13909  -46.144  -63.599  4.565 0.0000000000
13125  -45.119  -64.814  3.737 0.0000000000
12326  -44.696  -65.894  3.642 0.0000000000
11578  -44.192  -66.527  3.180 0.0000000000
12340  -42.900  -65.555  2.663 0.0000000000
12339  -41.975  -65.447  2.777 0.0000000000
13066  -45.103  -64.137  7.173 0.0000000000
13067  -45.868  -64.039  7.206 0.0000000000
14701  -46.653  -62.276  6.912 0.0000000000
16457  -44.998  -61.189  8.331 0.0000000000
15571  -45.649  -61.357  7.476 0.0000000000
15582  -46.662  -61.864  6.293 0.0000000000
15601  -46.578  -61.387  5.152 0.0000000000
16537  -45.129  -60.668  4.031 0.0000000000
17487  -45.496  -59.775  2.888 0.0000000000
19325  -42.126  -57.659  10.237 0.0000000000
18386  -42.317  -58.744  9.085 0.0000000000
17421  -42.035  -60.020  7.421 0.0000000000
17419  -40.010  -59.439  7.599 0.0000000000
17420  -40.767  -59.710  7.169 0.0000000000
16495  -42.234  -60.280  6.416 0.0000000000
16516  -43.144  -60.050  4.862 0.0000000000
17465  -43.955  -59.135  3.704 0.0000000000
9978  -44.352  -68.528  5.048 0.0000000000
8581  -43.911  -70.518  4.540 0.0000000000
8593  -43.610  -70.500  2.778 0.0000000000
7286  -43.072  -71.727  2.912 0.0000000000
13963  -43.516  -63.299  1.474 0.0000000000
13142  -42.670  -64.434  2.256 0.0000000000
12338  -40.814  -65.321  3.156 0.0000000000
12325  -40.368  -64.617  3.300 0.0000000000
11573  -39.561  -66.706  2.905 0.0000000000
9993  -38.604  -68.284  2.501 0.0000000000
10009  -37.078  -68.738  1.919 0.0000000000
17488  -46.558  -59.631  2.328 0.0000000000
16561  -47.566  -60.368  2.595 0.0000000000
11544  -43.274  -67.003  5.307 0.0000000000
11545  -44.090  -66.995  5.445 0.0000000000
9996  -41.524  -68.472  2.619 0.0000000000
10777  -40.037  -67.532  2.651 0.0000000000
13091  -46.337  -63.866  5.669 0.0000000000
13899  -46.728  -63.204  5.283 0.0000000000
13167  -44.551  -64.260  2.182 0.0000000000
13985  -45.625  -62.837  0.916 0.0000000000
14679  -43.699  -62.822  9.100 0.0000000000
14680  -44.195  -62.622  8.993 0.0000000000
16486  -44.180  -60.540  7.232 0.0000000000
16497  -43.868  -60.605  6.439 0.0000000000
16496  -43.040  -60.465  6.342 0.0000000000
18349  -38.031  -58.672  10.860 0.0000000000
18329  -37.729  -58.554  11.765 0.0000000000
18330  -38.961  -58.432  11.723 0.0000000000
18350  -39.001  -58.692  10.531 0.0000000000
18351  -40.023  -58.463  10.382 0.0000000000
20319  -42.108  -57.042  5.567 0.0000000000
19387  -41.415  -57.635  5.646 0.0000000000
19389  -42.930  -57.378  4.751 0.0000000000
20321  -43.666  -56.688  4.804 0.0000000000
10765  -44.775  -67.508  4.090 0.0000000000
9986  -44.511  -68.585  3.834 0.0000000000
13103  -37.781  -64.188  4.205 0.0000000000
10763  -36.535  -66.715  3.234 0.0000000000
11557  -35.763  -65.958  3.278 0.0000000000
16519  -46.875  -61.305  4.574 0.0000000000
15622  -48.800  -61.475  3.087 0.0000000000
14737  -48.792  -61.982  2.736 0.0000000000
14770  -48.555  -61.964  1.512 0.0000000000
17404  -43.661  -59.467  8.673 0.0000000000
18387  -43.128  -58.682  9.126 0.0000000000
20256  -37.582  -56.555  9.325 0.0000000000
19323  -37.907  -57.516  9.011 0.0000000000
20272  -38.242  -56.532  8.558 0.0000000000
21280  -41.351  -55.825  6.602 0.0000000000
8564  -43.429  -70.243  5.057 0.0000000000
9998  -43.166  -68.658  3.115 0.0000000000
9258  -41.521  -69.878  1.705 0.0000000000
8611  -40.637  -71.043  0.639 0.0000000000
9255  -38.539  -69.820  1.366 0.0000000000
8597  -39.305  -70.334  0.986 0.0000000000
9269  -37.777  -70.222  0.951 0.0000000000
12287  -45.182  -65.244  6.016 0.0000000000
12300  -44.906  -65.974  5.558 0.0000000000
12310  -45.243  -65.590  4.592 0.0000000000
13910  -46.653  -63.190  4.631 0.0000000000
13924  -46.410  -63.217  4.052 0.0000000000
13124  -44.715  -65.241  3.313 0.0000000000
13166  -43.689  -64.443  2.054 0.0000000000
12341  -43.717  -65.407  2.644 0.0000000000
13866  -45.702  -62.881  8.158 0.0000000000
13881  -45.445  -63.555  7.766 0.0000000000
13867  -46.126  -62.707  7.915 0.0000000000
13882  -46.322  -63.201  7.412 0.0000000000
14692  -46.282  -62.372  7.689 0.0000000000
15549  -44.628  -61.261  9.266 0.0000000000
15550  -44.954  -61.398  8.687 0.0000000000
16499  -45.171  -61.089  6.848 0.0000000000
16488  -45.112  -61.102  7.432 0.0000000000
15580  -45.627  -61.207  7.008 0.0000000000
15581  -46.233  -61.502  6.835 0.0000000000
15590  -46.370  -61.483  5.998 0.0000000000
15600  -45.854  -61.193  5.593 0.0000000000
16559  -45.746  -60.491  3.431 0.0000000000
17467  -45.188  -60.208  3.409 0.0000000000
19299  -41.442  -57.788  10.474 0.0000000000
17383  -40.739  -59.322  8.986 0.0000000000
18369  -41.486  -58.511  9.552 0.0000000000
17402  -41.498  -59.480  8.476 0.0000000000
19360  -39.032  -57.701  7.567 0.0000000000
18385  -39.104  -58.945  8.394 0.0000000000
18404  -39.448  -58.696  7.503 0.0000000000
17432  -40.911  -59.441  6.419 0.0000000000
18415  -41.047  -59.272  6.069 0.0000000000
17433  -41.395  -59.865  6.255 0.0000000000
17439  -41.821  -59.778  5.619 0.0000000000
16506  -42.493  -60.184  5.547 0.0000000000
17440  -42.183  -59.505  5.131 0.0000000000
19410  -43.903  -58.037  3.607 0.0000000000
18431  -43.629  -58.624  3.840 0.0000000000
18445  -44.160  -58.702  3.442 0.0000000000
18446  -44.647  -58.830  2.997 0.0000000000
10756  -44.511  -67.612  5.278 0.0000000000
9979  -44.644  -67.878  5.050 0.0000000000
9242  -44.479  -69.617  3.914 0.0000000000
9240  -44.401  -69.693  4.674 0.0000000000
8590  -44.267  -70.402  4.023 0.0000000000
7897  -43.574  -71.065  4.181 0.0000000000
7914  -43.375  -71.399  3.654 0.0000000000
6657  -41.884  -72.797  2.207 0.0000000000
13983  -44.120  -62.959  0.973 0.0000000000
14766  -43.718  -62.229  1.161 0.0000000000
13939  -42.086  -63.344  2.447 0.0000000000
13141  -41.586  -64.339  2.717 0.0000000000
12323  -38.841  -65.512  3.432 0.0000000000
13123  -39.994  -64.009  3.525 0.0000000000
12336  -39.232  -66.175  3.098 0.0000000000
12337  -39.805  -65.904  3.212 0.0000000000
10776  -39.113  -67.487  2.726 0.0000000000
10775  -38.198  -67.464  2.936 0.0000000000
9991  -36.638  -67.927  2.403 0.0000000000
9253  -36.523  -69.344  1.377 0.0000000000
16539  -47.421  -60.873  3.549 0.0000000000
16541  -49.010  -60.885  2.791 0.0000000000
21234  -38.785  -55.530  8.545 0.0000000000
22244  -39.407  -54.736  8.822 0.0000000000
9977  -43.525  -68.700  5.167 0.0000000000
9997  -42.369  -68.535  2.851 0.0000000000
9245  -41.241  -69.244  2.203 0.0000000000
9257  -40.561  -69.696  1.788 0.0000000000
8598  -40.166  -70.304  0.975 0.0000000000
10012  -39.838  -69.142  2.098 0.0000000000
10011  -39.032  -69.037  1.957 0.0000000000
13082  -46.243  -63.993  6.535 0.0000000000
13090  -45.880  -64.643  5.893 0.0000000000
13104  -45.706  -64.403  4.923 0.0000000000
13941  -46.517  -63.189  3.028 0.0000000000
13145  -45.139  -64.219  2.830 0.0000000000
13168  -44.971  -64.206  2.440 0.0000000000
12357  -44.140  -64.875  2.504 0.0000000000
13865  -44.808  -63.022  8.361 0.0000000000
17405  -44.297  -60.142  8.350 0.0000000000
17424  -44.378  -60.452  7.789 0.0000000000
16487  -44.691  -60.809  7.355 0.0000000000
16509  -45.132  -61.121  6.074 0.0000000000
16508  -44.370  -60.788  5.734 0.0000000000
19298  -40.678  -58.031  10.582 0.0000000000
18368  -40.382  -58.965  9.613 0.0000000000
17382  -39.940  -59.448  8.902 0.0000000000
19378  -40.290  -57.562  6.368 0.0000000000
18413  -39.988  -58.363  6.805 0.0000000000
19386  -40.777  -57.872  5.903 0.0000000000
18423  -41.019  -58.287  5.755 0.0000000000
18425  -42.340  -58.706  4.820 0.0000000000
19395  -42.749  -58.022  4.593 0.0000000000
19396  -43.444  -57.705  4.185 0.0000000000
19397  -44.142  -57.441  3.812 0.0000000000
10759  -45.114  -67.270  4.698 0.0000000000
9984  -44.711  -67.974  4.796 0.0000000000
8594  -44.037  -70.391  3.402 0.0000000000
7940  -42.494  -71.378  2.033 0.0000000000
14734  -38.753  -62.523  4.103 0.0000000000
13921  -39.350  -63.392  3.883 0.0000000000
13121  -38.192  -64.556  4.071 0.0000000000
11560  -38.080  -66.135  3.414 0.0000000000
11571  -37.878  -66.774  3.236 0.0000000000
9990  -35.776  -67.840  2.271 0.0000000000
14711  -47.150  -62.211  5.346 0.0000000000
13900  -47.007  -62.649  5.299 0.0000000000
14721  -47.461  -62.262  4.516 0.0000000000
14736  -48.107  -62.172  3.416 0.0000000000
13942  -47.555  -62.635  3.013 0.0000000000
14749  -47.393  -62.640  2.192 0.0000000000
14768  -47.253  -62.522  1.318 0.0000000000
14665  -44.290  -61.879  9.449 0.0000000000
16455  -44.267  -60.087  9.478 0.0000000000
17385  -44.294  -59.800  8.974 0.0000000000
17422  -43.103  -59.957  7.790 0.0000000000
18365  -37.423  -58.179  10.394 0.0000000000
19359  -38.609  -57.792  8.064 0.0000000000
20273  -38.924  -56.204  8.007 0.0000000000
20289  -39.431  -56.588  7.357 0.0000000000
20309  -39.970  -56.842  6.762 0.0000000000
20310  -40.690  -56.383  6.503 0.0000000000
20311  -41.614  -56.582  6.046 0.0000000000
20312  -42.571  -56.396  5.795 0.0000000000
9999  -43.922  -68.668  3.279 0.0000000000
9260  -42.782  -70.158  2.211 0.0000000000
8601  -42.381  -70.813  1.757 0.0000000000
7951  -41.580  -71.721  1.190 0.0000000000
7948  -39.075  -71.802  0.322 0.0000000000
7947  -37.953  -71.819  0.332 0.0000000000
7946  -36.835  -71.853  0.356 0.0000000000
12299  -44.246  -66.183  5.594 0.0000000000
11547  -45.170  -66.622  5.225 0.0000000000
11561  -44.650  -66.849  3.738 0.0000000000
13923  -45.759  -63.712  3.963 0.0000000000
12327  -44.968  -65.724  4.105 0.0000000000
11577  -43.315  -66.509  3.122 0.0000000000
11576  -42.413  -66.486  3.176 0.0000000000
11575  -41.433  -66.489  3.156 0.0000000000
13080  -44.761  -64.727  6.553 0.0000000000
14702  -46.903  -62.297  6.019 0.0000000000
14666  -44.751  -61.673  9.024 0.0000000000
15562  -45.556  -61.604  8.130 0.0000000000
16473  -45.070  -61.095  7.976 0.0000000000
15563  -46.089  -61.972  7.956 0.0000000000
15572  -46.190  -61.778  7.548 0.0000000000
15591  -46.871  -61.820  5.615 0.0000000000
15620  -46.516  -61.208  4.635 0.0000000000
15619  -45.953  -61.118  4.746 0.0000000000
16538  -46.447  -61.029  3.993 0.0000000000
19324  -41.959  -57.863  9.997 0.0000000000
16484  -42.783  -60.236  7.015 0.0000000000
17400  -39.622  -59.431  8.204 0.0000000000
18405  -40.100  -59.071  7.014 0.0000000000
17446  -42.766  -59.416  4.637 0.0000000000
17447  -43.653  -59.503  4.175 0.0000000000
17448  -44.214  -59.924  4.108 0.0000000000
17466  -44.530  -59.669  3.517 0.0000000000
18467  -45.115  -59.037  2.663 0.0000000000
9228  -43.957  -69.518  5.256 0.0000000000
8565  -44.059  -70.087  5.015 0.0000000000
8580  -43.233  -70.984  4.534 0.0000000000
7941  -43.028  -71.269  2.470 0.0000000000
7302  -42.928  -71.693  2.704 0.0000000000
7931  -43.487  -71.248  3.020 0.0000000000
16582  -48.767  -60.193  1.581 0.0000000000
14790  -48.334  -62.024  1.050 0.0000000000
14789  -47.933  -62.146  0.731 0.0000000000
13984  -44.866  -63.046  0.882 0.0000000000
13165  -43.158  -63.889  1.858 0.0000000000
14765  -43.009  -62.348  1.577 0.0000000000
13962  -42.781  -63.298  1.888 0.0000000000
11574  -40.446  -66.599  3.026 0.0000000000
13922  -39.945  -63.300  3.729 0.0000000000
13140  -40.795  -64.147  3.234 0.0000000000
10010  -38.057  -68.975  2.013 0.0000000000
9992  -37.618  -68.156  2.543 0.0000000000
9254  -37.482  -69.537  1.422 0.0000000000
9268  -36.922  -70.117  0.911 0.0000000000
7285  -42.723  -72.241  2.900 0.0000000000
7915  -43.876  -70.881  4.003 0.0000000000
10008  -36.115  -68.573  1.875 0.0000000000
10762  -36.166  -66.632  3.152 0.0000000000
11558  -36.163  -66.171  3.348 0.0000000000
11570  -35.931  -66.538  3.117 0.0000000000
12324  -39.827  -64.956  3.355 0.0000000000
13851  -43.404  -62.899  9.122 0.0000000000
14751  -48.807  -61.912  2.109 0.0000000000
15623  -49.195  -61.184  2.460 0.0000000000
16505  -41.925  -60.136  5.928 0.0000000000
16515  -42.593  -59.844  4.989 0.0000000000
16536  -44.492  -60.173  4.061 0.0000000000
16563  -49.060  -60.768  2.042 0.0000000000
17381  -39.445  -59.283  8.726 0.0000000000
17486  -44.883  -59.362  2.937 0.0000000000
18403  -38.860  -58.342  7.992 0.0000000000
19340  -38.316  -57.454  8.397 0.0000000000
21279  -40.893  -55.834  6.713 0.0000000000
