#!ascii label  , from subject sub.01.bl.02 vox2ras=TkReg
1023
58678  -30.165  -19.568  -4.909 0.4285714328
59843  -30.904  -18.908  -5.788 0.2857142985
59823  -30.610  -19.029  -5.297 0.4285714328
59824  -30.909  -18.284  -5.115 0.4285714328
60912  -31.310  -17.678  -4.559 0.4285714328
60952  -31.542  -17.541  -6.280 0.2857142985
60932  -31.429  -17.397  -5.252 0.4285714328
62017  -31.647  -16.756  -5.628 0.4285714328
62042  -31.753  -16.374  -7.031 0.4285714328
63146  -31.978  -15.747  -6.790 0.4285714328
63167  -32.234  -15.422  -7.688 0.4285714328
64289  -32.594  -14.587  -7.994 0.4285714328
64309  -33.005  -14.481  -9.169 0.5714285970
65416  -33.037  -13.962  -8.248 0.4285714328
65400  -33.302  -13.247  -7.718 0.2857142985
65417  -33.422  -13.491  -8.969 0.7142857313
68035  -34.015  -11.524  -8.974 0.7142857313
68019  -34.293  -11.526  -8.249 0.4285714328
66718  -33.865  -12.459  -9.724 0.7142857313
66702  -33.843  -12.309  -8.282 0.5714285970
69246  -34.548  -10.695  -9.107 0.5714285970
68036  -34.383  -11.505  -9.898 0.5714285970
69261  -35.128  -10.689  -10.457 0.5714285970
69247  -35.577  -10.006  -9.455 0.5714285970
69262  -36.297  -10.036  -10.603 0.5714285970
71636  -37.189  -8.872  -9.908 0.5714285970
69280  -36.078  -10.484  -11.589 0.7142857313
70444  -36.896  -9.448  -10.363 0.7142857313
71651  -37.280  -9.105  -10.446 0.7142857313
69295  -35.848  -10.514  -12.585 0.5714285970
69282  -37.405  -9.772  -12.062 0.8571428657
71652  -37.513  -8.677  -10.716 0.7142857313
72908  -37.804  -7.880  -10.305 0.5714285970
69297  -37.403  -9.957  -12.724 0.7142857313
69303  -37.635  -10.058  -14.015 0.5714285970
72935  -38.180  -7.087  -11.493 0.7142857313
72925  -38.163  -7.192  -10.531 0.5714285970
70473  -37.176  -9.473  -12.476 0.7142857313
72924  -37.771  -7.839  -11.182 0.7142857313
74152  -38.498  -6.370  -11.943 0.5714285970
71667  -37.065  -8.486  -11.953 0.7142857313
74141  -38.461  -6.366  -10.980 0.5714285970
71674  -36.881  -9.027  -13.123 0.5714285970
72933  -37.072  -7.582  -12.565 0.7142857313
72942  -38.074  -6.937  -12.225 0.7142857313
76242  -38.764  -4.700  -12.017 0.7142857313
75216  -38.632  -5.577  -11.562 0.7142857313
74167  -37.884  -6.237  -13.249 0.7142857313
74161  -38.188  -6.397  -12.788 0.7142857313
75223  -38.609  -5.570  -12.489 0.7142857313
77271  -38.909  -3.674  -12.405 0.7142857313
75229  -38.097  -5.610  -13.301 0.7142857313
72947  -36.726  -7.496  -13.683 0.5714285970
78393  -39.036  -2.604  -12.830 0.5714285970
79566  -39.130  -1.837  -12.198 0.5714285970
76249  -37.949  -4.770  -13.643 0.8571428657
75228  -37.594  -5.303  -13.869 0.8571428657
78408  -38.577  -2.387  -13.664 0.7142857313
77282  -38.087  -3.944  -13.854 0.8571428657
77283  -38.559  -3.356  -13.311 0.7142857313
80779  -38.700  -0.534  -14.115 0.8571428657
80764  -39.216  -0.480  -13.503 0.5714285970
79593  -38.344  -1.658  -14.286 0.8571428657
78417  -37.754  -2.395  -14.419 0.8571428657
78407  -38.163  -2.986  -14.045 0.8571428657
78418  -38.240  -2.356  -14.139 0.8571428657
83014  -37.551  1.112  -14.708 0.8571428657
84084  -37.997  1.535  -14.090 0.8571428657
85146  -36.832  3.146  -14.057 0.8571428657
80778  -38.132  -0.879  -14.893 0.8571428657
84102  -36.981  1.651  -15.007 0.8571428657
84101  -36.555  2.486  -15.146 1.0000000000
84082  -36.927  2.632  -14.522 1.0000000000
81946  -37.274  0.375  -15.158 0.8571428657
86211  -36.044  4.151  -14.873 1.0000000000
87292  -35.183  5.035  -15.565 0.7142857313
85163  -36.188  3.556  -14.903 1.0000000000
85162  -35.767  3.124  -15.591 1.0000000000
87274  -35.573  5.214  -14.912 1.0000000000
90433  -34.431  8.585  -14.612 1.0000000000
90444  -34.183  8.838  -15.417 0.8571428657
92555  -35.297  11.134  -15.505 0.8571428657
92545  -35.005  10.380  -15.501 1.0000000000
97524  -34.854  15.144  -16.050 0.8571428657
95776  -34.875  13.249  -15.908 0.8571428657
94773  -35.339  12.752  -15.570 1.0000000000
98381  -35.162  16.231  -16.974 0.8571428657
98380  -34.643  16.233  -17.912 0.7142857313
97579  -34.147  15.237  -18.300 0.5714285970
99273  -33.790  17.324  -19.400 0.7142857313
100213  -34.270  18.405  -18.744 0.5714285970
98393  -33.015  16.290  -19.302 0.5714285970
98394  -33.977  16.231  -18.764 0.5714285970
98392  -31.841  16.426  -19.098 0.4285714328
99285  -32.008  17.825  -20.345 0.4285714328
100224  -32.792  18.252  -20.540 0.4285714328
99270  -29.653  17.395  -18.740 0.2857142985
99260  -29.841  17.358  -17.710 0.2857142985
98390  -29.636  16.512  -18.972 0.2857142985
99261  -30.496  17.867  -17.407 0.2857142985
59844  -31.284  -18.380  -6.120 0.2857142985
79582  -39.093  -1.404  -13.330 0.5714285970
81934  -38.562  0.355  -14.094 0.8571428657
83015  -38.147  0.836  -14.244 0.8571428657
84083  -37.362  2.280  -14.314 0.8571428657
88319  -35.145  5.728  -15.451 0.8571428657
100170  -31.679  18.431  -15.401 0.1428571492
58728  -31.063  -18.825  -7.113 0.2857142985
60976  -31.465  -17.569  -7.145 0.2857142985
63123  -31.748  -16.129  -6.138 0.4285714328
63124  -32.101  -15.394  -5.800 0.4285714328
62065  -31.586  -16.870  -7.424 0.2857142985
62041  -31.641  -16.791  -6.619 0.4285714328
64270  -32.511  -14.484  -6.552 0.4285714328
63188  -32.346  -15.368  -8.787 0.5714285970
65435  -33.203  -13.574  -9.971 0.2857142985
68054  -34.502  -11.568  -10.755 0.5714285970
70395  -36.315  -9.260  -8.427 0.4285714328
69279  -35.036  -11.008  -11.570 0.7142857313
70443  -36.307  -9.624  -9.779 0.7142857313
70425  -36.658  -9.092  -9.284 0.4285714328
70462  -37.333  -9.386  -11.523 0.7142857313
69302  -36.787  -10.314  -13.675 0.5714285970
69296  -36.874  -10.288  -12.701 0.5714285970
75204  -38.503  -5.504  -10.654 0.5714285970
70480  -37.438  -9.686  -13.560 0.5714285970
72941  -37.545  -7.071  -12.736 0.7142857313
72934  -37.473  -7.501  -12.022 0.7142857313
76235  -38.602  -4.854  -11.230 0.5714285970
71681  -36.766  -8.389  -13.560 0.8571428657
76250  -38.479  -4.531  -13.027 0.7142857313
79592  -37.436  -1.574  -14.933 1.0000000000
83028  -36.611  1.444  -15.689 1.0000000000
86209  -35.074  4.612  -15.974 0.8571428657
88318  -34.592  6.514  -15.693 0.7142857313
88298  -34.633  7.045  -14.846 1.0000000000
88276  -35.096  7.201  -14.105 1.0000000000
89396  -33.948  7.685  -15.497 0.7142857313
89383  -34.521  7.715  -14.388 1.0000000000
89408  -34.060  6.994  -16.190 0.7142857313
91475  -34.787  9.649  -14.879 0.8571428657
95764  -34.660  13.883  -15.867 0.8571428657
93643  -35.631  11.971  -14.892 1.0000000000
98407  -32.423  17.011  -19.767 0.7142857313
97577  -32.365  15.157  -18.754 0.4285714328
99283  -30.190  17.835  -19.298 0.2857142985
99284  -30.942  17.845  -19.776 0.4285714328
99287  -33.533  17.916  -19.772 0.4285714328
99296  -31.843  18.458  -20.540 0.4285714328
100197  -29.783  18.050  -18.352 0.2857142985
66738  -34.174  -12.300  -10.681 0.4285714328
68069  -34.251  -11.904  -11.511 0.4285714328
98406  -31.461  17.169  -19.580 0.4285714328
99271  -30.290  17.266  -19.175 0.2857142985
58679  -30.663  -18.853  -4.662 0.4285714328
58700  -30.935  -19.055  -6.421 0.2857142985
58699  -30.476  -19.555  -6.020 0.2857142985
59866  -31.345  -18.178  -6.901 0.2857142985
62066  -31.854  -16.203  -7.589 0.2857142985
62083  -31.901  -15.913  -8.231 0.4285714328
64310  -33.262  -13.998  -9.503 0.2857142985
66719  -34.312  -12.030  -10.276 0.5714285970
70424  -36.135  -9.548  -9.115 0.4285714328
69263  -36.943  -9.882  -10.878 0.7142857313
70426  -37.089  -8.541  -9.084 0.5714285970
69281  -37.089  -10.083  -11.603 0.7142857313
71682  -37.531  -9.212  -14.126 0.7142857313
72948  -37.237  -6.985  -13.264 0.8571428657
74166  -37.307  -6.287  -13.643 0.8571428657
81933  -37.944  0.080  -14.642 0.8571428657
83029  -36.950  0.978  -15.237 1.0000000000
86210  -35.620  4.242  -15.450 1.0000000000
87291  -34.780  5.409  -16.213 0.8571428657
97541  -34.741  15.103  -16.692 0.8571428657
97561  -34.930  15.586  -16.884 0.8571428657
99262  -34.498  17.268  -18.348 0.7142857313
99272  -33.114  17.022  -19.719 0.5714285970
99247  -30.113  16.813  -17.210 0.2857142985
98391  -30.679  16.692  -19.045 0.2857142985
99248  -30.701  17.381  -16.821 0.2857142985
66737  -33.549  -12.703  -10.571 0.2857142985
99286  -33.065  17.641  -20.058 0.5714285970
102147  -31.605  21.035  -22.008 0.2857142985
103074  -31.673  21.515  -20.737 0.1428571492
101175  -31.922  19.852  -21.123 0.2857142985
102155  -31.756  21.050  -22.518 0.2857142985
102140  -31.541  20.771  -21.188 0.1428571492
103075  -32.180  21.973  -20.360 0.1428571492
101167  -30.861  19.329  -19.679 0.1428571492
101174  -31.330  19.747  -20.670 0.2857142985
103076  -33.108  21.331  -21.448 0.2857142985
102148  -32.005  20.731  -21.913 0.2857142985
103043  -36.236  21.282  -17.626 0.2857142985
103055  -34.127  21.482  -19.301 0.2857142985
103066  -32.333  21.473  -19.725 0.1428571492
100233  -32.253  18.797  -20.707 0.2857142985
101143  -34.572  19.496  -17.806 0.2857142985
102142  -32.951  20.453  -20.829 0.2857142985
100185  -36.499  18.425  -15.941 0.1428571492
102125  -34.295  20.515  -18.507 0.2857142985
102124  -33.865  20.371  -19.345 0.2857142985
102133  -31.395  20.409  -20.197 0.1428571492
101155  -33.722  19.496  -19.737 0.2857142985
101176  -32.625  19.582  -20.906 0.2857142985
99237  -39.321  17.290  -14.942 0.1428571492
101118  -37.882  18.821  -15.714 0.1428571492
101131  -35.275  19.504  -16.866 0.4285714328
97500  -36.955  15.367  -13.740 0.2857142985
99233  -35.717  16.975  -15.860 0.4285714328
100199  -34.708  18.277  -17.568 0.2857142985
95743  -38.164  13.758  -13.584 0.1428571492
99217  -37.159  17.462  -14.802 0.2857142985
100200  -35.083  17.966  -16.832 0.4285714328
97526  -35.888  15.830  -14.817 0.5714285970
99263  -35.012  17.211  -17.368 0.7142857313
93628  -37.546  11.995  -13.238 0.1428571492
95742  -37.378  13.903  -13.642 0.1428571492
99249  -35.545  17.327  -16.376 0.7142857313
96676  -35.894  14.727  -14.370 0.4285714328
93612  -37.580  11.223  -12.638 0.2857142985
93611  -36.929  11.391  -12.896 0.7142857313
97525  -35.426  15.660  -15.440 0.7142857313
92546  -35.440  10.762  -14.689 0.8571428657
93644  -36.027  12.030  -14.219 0.8571428657
95751  -35.482  14.005  -14.569 0.5714285970
91450  -37.144  9.011  -11.661 0.2857142985
92511  -37.139  9.896  -11.839 0.2857142985
95752  -36.124  13.799  -14.145 0.7142857313
95775  -34.618  13.496  -16.601 0.5714285970
94756  -35.641  13.157  -14.783 0.8571428657
90410  -37.637  8.245  -11.282 0.1428571492
92522  -35.996  10.365  -12.905 0.7142857313
89346  -37.583  7.666  -11.216 0.1428571492
81955  -35.618  0.159  -17.204 0.5714285970
84100  -35.908  2.484  -15.787 0.8571428657
84114  -35.237  2.449  -16.313 0.8571428657
85179  -35.188  3.567  -16.066 0.5714285970
88277  -35.562  6.577  -13.642 0.8571428657
91467  -34.926  9.218  -13.929 0.8571428657
88262  -37.033  6.170  -12.098 0.2857142985
90415  -35.440  8.315  -12.321 0.8571428657
91468  -35.479  9.804  -13.331 0.8571428657
87209  -38.333  5.768  -11.581 0.4285714328
89361  -35.787  7.394  -12.220 0.7142857313
91458  -35.884  9.460  -12.478 0.7142857313
80797  -35.011  -0.679  -16.968 0.2857142985
83038  -36.314  1.198  -16.584 0.5714285970
83050  -36.151  1.097  -17.519 0.5714285970
88300  -35.746  5.622  -14.035 0.8571428657
88299  -35.336  6.341  -14.734 0.8571428657
89369  -35.167  7.594  -13.022 0.8571428657
89368  -34.852  7.679  -13.797 0.8571428657
87230  -36.621  4.961  -12.472 0.4285714328
88278  -35.842  5.777  -13.052 0.8571428657
89360  -35.365  7.751  -12.350 0.8571428657
87231  -37.963  5.374  -12.139 0.4285714328
74172  -35.837  -5.994  -14.786 0.7142857313
76263  -35.624  -4.420  -15.807 0.4285714328
74173  -36.298  -6.563  -14.324 0.7142857313
77293  -37.338  -3.686  -15.012 0.8571428657
77298  -35.716  -3.476  -15.796 0.5714285970
79614  -35.281  -1.548  -16.159 0.5714285970
78429  -34.666  -2.415  -16.137 0.4285714328
78425  -36.586  -2.562  -15.095 0.8571428657
79615  -35.907  -1.390  -15.836 0.5714285970
80788  -37.308  -0.631  -15.337 0.8571428657
81945  -36.613  0.368  -15.829 0.7142857313
80798  -35.864  -0.501  -16.123 0.5714285970
84062  -37.638  2.701  -13.725 0.7142857313
85147  -37.341  2.852  -13.825 0.7142857313
87253  -36.131  4.864  -13.525 0.7142857313
84038  -38.800  2.669  -12.435 0.2857142985
85126  -38.296  3.050  -12.948 0.4285714328
85108  -37.785  3.728  -12.742 0.5714285970
71683  -38.283  -9.538  -14.648 0.4285714328
72963  -36.431  -7.824  -15.005 0.4285714328
74180  -35.431  -6.488  -15.277 0.4285714328
76253  -37.632  -4.526  -14.294 0.7142857313
76258  -37.352  -4.251  -15.018 0.7142857313
77288  -37.456  -3.430  -14.567 0.7142857313
79604  -37.179  -1.261  -15.288 0.8571428657
82998  -38.671  1.132  -13.660 0.7142857313
82978  -39.161  1.741  -12.950 0.2857142985
84063  -38.230  2.330  -13.472 0.5714285970
69309  -38.248  -10.304  -14.744 0.4285714328
70491  -37.111  -9.662  -15.401 0.5714285970
72955  -36.682  -7.946  -14.374 0.5714285970
79583  -39.406  -0.615  -13.056 0.4285714328
82999  -39.488  1.022  -13.303 0.4285714328
82979  -40.099  1.356  -12.683 0.4285714328
69294  -34.542  -10.948  -12.467 0.5714285970
72909  -37.890  -7.411  -9.564 0.4285714328
74120  -38.212  -6.298  -9.711 0.4285714328
79545  -38.997  -2.059  -11.259 0.4285714328
79546  -39.332  -1.238  -11.487 0.4285714328
79567  -39.370  -0.919  -12.434 0.4285714328
64271  -32.749  -13.933  -6.124 0.1428571492
76222  -38.563  -4.626  -10.503 0.4285714328
77237  -38.648  -3.741  -10.236 0.4285714328
78354  -38.843  -2.706  -10.747 0.4285714328
66674  -33.790  -12.559  -7.134 0.1428571492
69220  -35.273  -10.234  -8.338 0.2857142985
71582  -38.472  -8.545  -7.809 0.2857142985
74073  -38.449  -6.197  -7.764 0.2857142985
72885  -37.967  -7.113  -8.536 0.2857142985
75136  -38.520  -5.376  -7.940 0.2857142985
74095  -38.205  -6.187  -8.447 0.2857142985
71638  -37.636  -7.713  -8.777 0.2857142985
76175  -38.456  -4.529  -8.750 0.2857142985
76194  -38.492  -4.539  -9.633 0.4285714328
65379  -33.224  -13.412  -6.298 0.1428571492
66640  -33.846  -12.575  -6.449 0.1428571492
65399  -32.854  -13.902  -7.269 0.1428571492
67988  -34.937  -11.381  -7.129 0.2857142985
69188  -37.325  -9.499  -7.225 0.2857142985
70365  -38.577  -9.160  -7.712 0.2857142985
70364  -37.625  -9.045  -7.569 0.2857142985
70363  -36.734  -9.257  -7.645 0.2857142985
70397  -37.936  -8.543  -7.764 0.2857142985
65380  -34.109  -12.515  -5.844 0.1428571492
67962  -36.014  -10.870  -6.140 0.2857142985
65381  -34.761  -12.128  -5.867 0.2857142985
69158  -35.909  -10.850  -6.513 0.2857142985
67989  -35.343  -11.137  -6.888 0.2857142985
66675  -34.331  -11.985  -7.484 0.2857142985
69187  -36.678  -10.040  -7.257 0.2857142985
62002  -31.599  -16.883  -5.154 0.2857142985
64247  -32.559  -14.811  -5.268 0.1428571492
64248  -32.745  -14.067  -5.525 0.1428571492
58657  -30.298  -20.005  -4.061 0.2857142985
57500  -29.738  -20.283  -4.539 0.2857142985
62018  -31.880  -16.023  -5.369 0.2857142985
58658  -30.718  -19.236  -4.031 0.1428571492
57482  -29.369  -20.841  -4.372 0.1428571492
66641  -34.484  -12.077  -6.584 0.1428571492
67961  -35.495  -11.262  -6.325 0.2857142985
72886  -38.422  -7.583  -7.850 0.2857142985
75153  -38.247  -5.339  -9.059 0.2857142985
77191  -38.617  -3.808  -8.509 0.2857142985
76256  -36.272  -4.595  -15.472 0.7142857313
80787  -36.610  -0.570  -15.665 0.5714285970
78374  -39.125  -2.820  -11.795 0.4285714328
80765  -39.511  -0.106  -13.212 0.4285714328
84039  -39.707  2.160  -12.242 0.2857142985
93656  -35.334  11.795  -16.026 0.7142857313
86173  -36.988  4.383  -12.776 0.7142857313
91476  -35.283  10.051  -14.090 0.8571428657
97560  -34.646  15.293  -17.424 0.4285714328
96693  -34.509  14.348  -17.092 0.5714285970
96682  -34.871  14.606  -15.576 0.7142857313
85109  -38.294  3.655  -12.329 0.2857142985
92535  -35.830  10.800  -13.672 0.8571428657
95765  -34.983  13.721  -15.191 0.8571428657
91459  -36.582  9.534  -11.971 0.5714285970
100212  -33.859  18.818  -19.393 0.2857142985
96667  -37.190  14.739  -13.584 0.4285714328
97511  -36.452  15.743  -14.289 0.4285714328
102123  -32.086  20.606  -18.849 0.1428571492
101132  -36.256  19.316  -16.332 0.2857142985
100186  -37.159  18.531  -15.760 0.1428571492
103067  -33.564  21.387  -20.325 0.2857142985
60913  -31.752  -17.382  -3.940 0.1428571492
63112  -32.449  -15.444  -4.767 0.1428571492
65354  -34.039  -13.162  -5.124 0.1428571492
65355  -34.905  -12.523  -5.131 0.1428571492
69219  -34.678  -10.996  -7.961 0.2857142985
69186  -35.594  -10.737  -7.212 0.2857142985
70394  -35.800  -9.705  -8.629 0.2857142985
71612  -38.642  -8.136  -7.784 0.2857142985
70492  -38.156  -9.991  -15.221 0.5714285970
70396  -36.857  -8.509  -8.146 0.2857142985
72962  -35.275  -7.610  -15.707 0.2857142985
76161  -38.640  -4.451  -8.078 0.2857142985
78315  -38.680  -3.038  -8.963 0.2857142985
75233  -36.216  -5.562  -14.753 0.7142857313
75234  -37.005  -5.380  -14.497 0.5714285970
77297  -34.872  -3.574  -16.026 0.4285714328
77208  -38.565  -3.758  -9.328 0.4285714328
80808  -35.097  -0.010  -17.626 0.2857142985
78331  -38.672  -2.967  -9.833 0.2857142985
77258  -38.824  -3.883  -11.289 0.4285714328
78424  -36.215  -2.798  -15.525 0.7142857313
81965  -35.612  0.666  -18.024 0.2857142985
79528  -39.180  -1.723  -10.398 0.1428571492
80726  -39.693  -0.339  -11.805 0.4285714328
80745  -39.681  -0.161  -12.649 0.4285714328
81876  -40.032  0.267  -11.186 0.1428571492
87275  -35.879  4.868  -14.285 0.8571428657
81897  -40.363  1.205  -12.114 0.1428571492
86174  -37.469  4.182  -12.597 0.5714285970
88261  -36.337  6.257  -12.329 0.7142857313
93626  -35.875  11.508  -14.200 0.8571428657
88253  -38.677  6.438  -11.604 0.2857142985
89355  -38.187  7.327  -11.374 0.1428571492
100222  -30.480  18.467  -19.568 0.2857142985
90409  -36.684  8.072  -11.272 0.4285714328
88252  -37.753  6.389  -11.499 0.4285714328
91451  -37.993  9.008  -11.536 0.1428571492
93627  -36.540  11.961  -13.623 0.5714285970
92525  -38.452  9.996  -12.237 0.1428571492
94745  -38.301  12.804  -13.360 0.1428571492
102122  -31.306  20.026  -19.204 0.1428571492
95741  -36.759  14.083  -13.746 0.5714285970
96668  -37.959  14.664  -13.538 0.1428571492
100184  -35.587  18.464  -16.346 0.2857142985
98345  -37.440  16.486  -14.112 0.2857142985
98346  -38.346  16.664  -13.990 0.1428571492
99219  -38.758  17.097  -14.418 0.1428571492
100158  -38.367  17.833  -14.896 0.1428571492
102110  -35.616  20.580  -17.243 0.2857142985
102111  -36.565  20.688  -17.102 0.2857142985
102096  -36.930  20.028  -16.599 0.1428571492
102097  -37.869  19.989  -16.626 0.1428571492
59801  -31.731  -18.038  -3.366 0.1428571492
65353  -33.294  -13.687  -4.901 0.1428571492
72863  -39.270  -7.681  -7.533 0.2857142985
84022  -39.465  2.912  -11.639 0.2857142985
100187  -38.959  18.950  -16.146 0.1428571492
103044  -37.073  21.223  -17.631 0.2857142985
58698  -29.870  -19.941  -5.628 0.2857142985
59800  -31.125  -18.286  -4.079 0.1428571492
62003  -31.882  -16.596  -4.653 0.1428571492
65378  -32.808  -13.898  -6.708 0.1428571492
66703  -34.268  -11.871  -7.956 0.2857142985
69245  -34.321  -11.155  -8.500 0.4285714328
68020  -34.512  -11.565  -7.761 0.2857142985
71637  -37.533  -8.205  -9.537 0.4285714328
74165  -36.689  -6.897  -13.934 0.5714285970
71691  -36.975  -8.505  -14.167 0.4285714328
74174  -36.804  -6.240  -14.046 0.7142857313
79591  -36.951  -1.801  -14.893 0.7142857313
85124  -37.091  3.494  -13.511 0.7142857313
83027  -36.034  1.906  -16.082 0.8571428657
86200  -36.276  4.169  -14.246 0.8571428657
96681  -34.606  14.439  -16.295 0.5714285970
97542  -35.112  15.694  -16.372 0.7142857313
100226  -33.824  18.189  -19.512 0.2857142985
100234  -32.967  18.867  -20.729 0.2857142985
81915  -39.200  0.268  -13.626 0.4285714328
70362  -35.982  -9.779  -7.848 0.2857142985
75177  -38.434  -5.264  -9.907 0.4285714328
90425  -34.762  8.274  -13.760 0.8571428657
100223  -31.058  18.760  -20.157 0.2857142985
100225  -33.431  18.555  -20.080 0.2857142985
100232  -31.659  18.977  -20.558 0.2857142985
77287  -36.992  -3.135  -14.673 0.8571428657
101184  -31.651  20.399  -21.308 0.2857142985
103084  -31.098  21.671  -21.983 0.1428571492
103065  -31.741  21.006  -20.098 0.1428571492
102149  -32.523  20.840  -21.561 0.2857142985
102141  -32.366  20.271  -21.266 0.2857142985
102109  -34.904  20.626  -17.777 0.2857142985
103054  -33.764  20.892  -19.746 0.2857142985
102134  -31.728  20.689  -19.625 0.1428571492
101156  -34.048  19.509  -18.891 0.2857142985
101144  -35.093  20.049  -17.419 0.2857142985
101130  -34.744  18.999  -17.177 0.2857142985
101168  -33.252  19.512  -20.445 0.2857142985
102135  -33.598  20.328  -20.115 0.2857142985
101133  -37.315  19.152  -16.113 0.1428571492
100173  -38.679  18.320  -15.460 0.1428571492
100157  -37.974  18.000  -14.845 0.1428571492
101134  -38.371  19.311  -16.242 0.1428571492
102095  -36.084  20.097  -16.696 0.1428571492
97501  -37.692  15.633  -13.575 0.1428571492
98357  -35.764  16.613  -15.558 0.5714285970
99234  -36.285  17.447  -15.500 0.4285714328
96669  -38.743  14.569  -13.621 0.1428571492
94744  -37.447  12.945  -13.524 0.1428571492
99235  -36.963  17.843  -15.300 0.2857142985
99218  -38.114  17.387  -14.447 0.2857142985
98358  -36.113  16.460  -14.977 0.4285714328
97510  -35.739  15.351  -14.716 0.5714285970
96675  -35.298  14.695  -14.901 0.7142857313
94743  -36.708  13.230  -13.769 0.5714285970
92523  -36.717  10.490  -12.366 0.5714285970
92536  -36.392  11.023  -13.050 0.7142857313
94757  -36.134  12.685  -14.248 0.7142857313
90416  -36.179  8.673  -11.827 0.5714285970
88251  -36.939  6.579  -11.784 0.4285714328
90426  -35.240  8.790  -13.113 0.8571428657
81956  -36.113  0.526  -16.845 0.5714285970
83037  -35.796  1.679  -17.009 0.5714285970
84113  -34.796  2.663  -16.557 0.4285714328
83049  -35.434  1.519  -17.890 0.4285714328
89370  -35.696  6.705  -12.768 0.8571428657
75237  -35.890  -5.364  -15.278 0.4285714328
75239  -36.991  -4.761  -15.088 0.7142857313
77291  -36.306  -3.852  -15.585 0.7142857313
77292  -36.918  -3.397  -15.102 0.7142857313
78430  -35.453  -2.645  -15.892 0.5714285970
77296  -34.204  -3.063  -16.100 0.2857142985
79603  -36.619  -1.573  -15.363 0.7142857313
85125  -37.593  3.385  -13.268 0.5714285970
86186  -37.310  3.844  -13.033 0.7142857313
71692  -37.690  -8.870  -14.690 0.5714285970
71699  -37.564  -8.985  -15.251 0.5714285970
79527  -38.941  -2.141  -10.806 0.4285714328
69185  -35.032  -11.008  -7.409 0.2857142985
71611  -38.127  -7.898  -8.019 0.2857142985
71610  -37.354  -8.098  -8.456 0.2857142985
67960  -34.984  -11.628  -6.556 0.2857142985
70336  -38.110  -9.554  -7.191 0.2857142985
69159  -36.525  -10.484  -6.344 0.2857142985
58639  -30.743  -19.863  -3.336 0.1428571492
57483  -29.894  -20.692  -3.909 0.1428571492
58640  -31.695  -19.631  -2.887 0.1428571492
81896  -40.167  0.501  -12.194 0.2857142985
102107  -31.492  19.947  -18.212 0.1428571492
59779  -31.284  -18.859  -3.274 0.1428571492
60892  -32.361  -17.346  -3.084 0.1428571492
93655  -35.034  11.566  -16.518 0.5714285970
91488  -33.909  9.190  -16.700 0.4285714328
91500  -33.999  9.998  -16.727 0.4285714328
92554  -34.815  10.847  -16.356 0.5714285970
88337  -34.247  6.401  -16.893 0.4285714328
89395  -33.581  7.883  -16.124 0.4285714328
89407  -33.749  7.532  -16.696 0.4285714328
90443  -33.783  8.495  -16.224 0.5714285970
91489  -34.397  9.616  -15.991 0.5714285970
86219  -34.851  4.261  -16.702 0.5714285970
74054  -39.586  -6.096  -6.937 0.1428571492
76162  -38.976  -4.646  -7.396 0.1428571492
63200  -32.486  -14.996  -9.664 0.2857142985
74096  -38.545  -6.870  -7.867 0.1428571492
72844  -40.938  -7.457  -6.144 0.1428571492
72843  -40.422  -7.700  -6.739 0.1428571492
74056  -41.014  -6.656  -6.178 0.1428571492
74055  -40.056  -6.442  -6.844 0.1428571492
74035  -41.617  -6.708  -5.620 0.1428571492
70338  -39.970  -9.491  -6.933 0.1428571492
71560  -40.517  -8.841  -6.654 0.1428571492
71583  -39.098  -8.627  -7.804 0.1428571492
72822  -41.999  -7.574  -5.006 0.1428571492
71535  -40.984  -8.344  -6.169 0.1428571492
74021  -43.379  -6.027  -3.609 0.1428571492
74036  -42.265  -6.774  -5.018 0.1428571492
75088  -43.123  -5.885  -4.490 0.1428571492
63199  -31.796  -15.270  -9.419 0.2857142985
69137  -37.602  -10.175  -5.800 0.1428571492
69138  -38.843  -10.211  -6.009 0.1428571492
70318  -38.930  -10.008  -6.612 0.1428571492
69160  -37.441  -9.880  -6.718 0.1428571492
70337  -39.087  -9.774  -7.092 0.1428571492
70321  -41.310  -9.587  -5.750 0.1428571492
70319  -40.301  -10.046  -6.406 0.1428571492
71516  -41.812  -8.462  -4.974 0.1428571492
70339  -40.695  -9.589  -6.463 0.1428571492
72806  -42.263  -7.897  -4.351 0.1428571492
72791  -42.700  -7.765  -3.095 0.1428571492
74003  -43.260  -6.597  -2.769 0.1428571492
74020  -42.875  -6.876  -3.806 0.1428571492
62082  -31.410  -16.693  -8.199 0.2857142985
67940  -36.262  -11.034  -5.426 0.1428571492
69111  -37.559  -10.502  -4.974 0.1428571492
69112  -38.368  -10.304  -5.030 0.1428571492
70282  -41.063  -9.858  -4.534 0.1428571492
69139  -39.709  -10.231  -6.111 0.1428571492
70284  -41.729  -9.402  -3.546 0.1428571492
71490  -42.535  -8.624  -2.409 0.1428571492
71502  -42.224  -8.706  -3.412 0.1428571492
75059  -43.872  -5.913  -1.968 0.1428571492
73990  -43.432  -6.756  -1.659 0.1428571492
67939  -35.725  -11.458  -5.657 0.1428571492
67941  -37.010  -10.560  -5.264 0.1428571492
67915  -36.503  -11.275  -4.641 0.1428571492
67918  -38.819  -10.446  -4.107 0.1428571492
67917  -37.881  -10.678  -4.266 0.1428571492
69090  -40.668  -9.923  -3.710 0.1428571492
69091  -41.264  -9.843  -3.242 0.1428571492
69089  -39.772  -10.167  -3.908 0.1428571492
71478  -42.855  -8.573  -1.631 0.1428571492
70268  -42.118  -9.515  -2.705 0.1428571492
72771  -43.240  -7.607  -1.111 0.1428571492
66571  -36.177  -11.806  -4.621 0.1428571492
66606  -35.337  -11.853  -5.630 0.1428571492
66574  -38.273  -11.056  -3.423 0.1428571492
67916  -36.946  -10.813  -4.527 0.1428571492
67896  -39.180  -10.765  -3.126 0.1428571492
67880  -41.246  -10.863  -2.188 0.1428571492
67879  -40.484  -11.029  -2.214 0.1428571492
67881  -41.770  -10.625  -2.265 0.1428571492
69055  -42.221  -10.301  -2.076 0.1428571492
69073  -41.477  -10.292  -2.665 0.1428571492
71477  -42.589  -8.856  -1.937 0.1428571492
69092  -41.674  -9.828  -2.926 0.1428571492
65301  -38.785  -12.532  -2.315 0.1428571492
66540  -37.761  -11.767  -3.014 0.1428571492
66539  -37.099  -11.840  -3.436 0.1428571492
67860  -39.678  -11.925  -1.944 0.1428571492
66518  -39.293  -12.167  -2.139 0.1428571492
67862  -40.892  -11.620  -1.687 0.1428571492
67861  -40.125  -11.780  -1.810 0.1428571492
70254  -42.526  -9.392  -1.811 0.1428571492
67863  -41.824  -11.281  -1.589 0.1428571492
69114  -40.453  -10.060  -4.708 0.1428571492
73979  -43.733  -6.870  -0.838 0.1428571492
75072  -43.779  -5.401  -2.937 0.1428571492
72792  -42.952  -7.250  -2.810 0.1428571492
75118  -39.569  -5.464  -6.785 0.1428571492
70238  -42.762  -9.596  -1.283 0.1428571492
71462  -43.270  -8.401  -0.871 0.1428571492
75046  -44.049  -6.367  -1.318 0.1428571492
75060  -44.324  -4.911  -2.046 0.1428571492
87306  -34.402  5.265  -17.192 0.4285714328
74002  -42.936  -7.111  -3.132 0.1428571492
77168  -38.786  -3.941  -7.872 0.1428571492
93669  -34.733  11.765  -17.061 0.4285714328
95790  -34.470  13.449  -17.533 0.4285714328
103045  -37.861  21.139  -17.686 0.1428571492
94788  -35.045  12.534  -16.446 0.4285714328
103056  -36.032  21.759  -18.077 0.1428571492
74074  -39.140  -6.335  -7.256 0.1428571492
66607  -35.832  -11.674  -5.271 0.1428571492
69136  -36.805  -10.486  -5.687 0.1428571492
70366  -39.394  -9.239  -7.529 0.1428571492
78332  -38.960  -2.336  -9.505 0.1428571492
74075  -39.801  -7.169  -7.175 0.1428571492
75137  -38.968  -5.460  -7.259 0.1428571492
72821  -41.418  -7.647  -5.528 0.1428571492
72842  -39.845  -7.924  -7.169 0.1428571492
75119  -40.546  -5.683  -6.421 0.1428571492
76145  -41.061  -5.082  -6.022 0.1428571492
69162  -39.720  -10.023  -6.716 0.1428571492
71559  -39.780  -8.546  -7.190 0.1428571492
71561  -41.086  -9.168  -6.212 0.1428571492
71536  -41.392  -8.799  -5.604 0.1428571492
70317  -38.371  -9.871  -6.576 0.1428571492
69161  -39.291  -10.074  -6.557 0.1428571492
70320  -40.968  -10.056  -6.074 0.1428571492
70302  -41.544  -9.405  -4.855 0.1428571492
70300  -40.386  -10.199  -5.634 0.1428571492
71517  -41.893  -8.899  -4.242 0.1428571492
70303  -41.592  -9.317  -4.176 0.1428571492
69113  -39.495  -10.152  -5.078 0.1428571492
70283  -41.294  -9.591  -4.019 0.1428571492
66572  -36.706  -11.482  -4.044 0.1428571492
66573  -37.397  -11.205  -3.705 0.1428571492
69072  -40.898  -10.397  -2.811 0.1428571492
69071  -40.096  -10.495  -2.931 0.1428571492
66541  -38.678  -11.679  -2.582 0.1428571492
69040  -42.621  -10.426  -1.106 0.1428571492
67878  -39.630  -11.358  -2.313 0.1428571492
56350  -28.082  -21.084  -5.143 0.1428571492
57499  -29.206  -20.587  -4.933 0.1428571492
56367  -28.284  -20.867  -5.805 0.1428571492
56368  -28.852  -20.671  -6.038 0.1428571492
57514  -29.367  -20.424  -5.720 0.1428571492
57515  -29.863  -20.041  -6.204 0.1428571492
58727  -30.692  -19.329  -6.882 0.1428571492
58747  -29.861  -19.181  -7.474 0.1428571492
59902  -30.863  -18.430  -8.118 0.1428571492
58749  -31.062  -18.885  -7.694 0.1428571492
59903  -31.193  -17.912  -8.075 0.1428571492
59884  -29.237  -18.665  -7.235 0.1428571492
60998  -29.669  -17.729  -7.850 0.1428571492
61013  -30.990  -17.531  -8.280 0.1428571492
63185  -29.635  -15.758  -8.047 0.1428571492
63186  -30.815  -15.757  -8.511 0.1428571492
63198  -31.244  -15.322  -8.967 0.1428571492
64308  -30.851  -15.147  -8.867 0.1428571492
64322  -31.008  -14.600  -9.328 0.2857142985
64323  -31.964  -14.529  -10.097 0.1428571492
64324  -32.812  -14.308  -10.049 0.1428571492
65450  -33.069  -13.110  -10.394 0.2857142985
69301  -35.666  -10.194  -13.531 0.4285714328
69312  -37.444  -10.366  -15.101 0.4285714328
85178  -34.703  3.134  -16.534 0.2857142985
86234  -34.160  4.399  -17.675 0.2857142985
90464  -33.707  8.702  -18.031 0.2857142985
91499  -33.761  9.348  -17.321 0.2857142985
92565  -34.134  10.758  -17.164 0.2857142985
63187  -31.608  -15.763  -8.727 0.1428571492
65433  -31.263  -13.977  -9.920 0.1428571492
65448  -31.771  -13.585  -10.259 0.2857142985
57551  -29.650  -19.727  -7.087 0.1428571492
59885  -29.710  -18.476  -7.667 0.1428571492
62080  -29.799  -16.893  -7.894 0.1428571492
64307  -30.252  -14.886  -8.654 0.1428571492
65449  -32.639  -13.610  -10.345 0.2857142985
66735  -32.137  -12.730  -10.526 0.2857142985
66736  -32.937  -12.591  -10.879 0.2857142985
66748  -33.623  -12.439  -11.283 0.2857142985
69300  -34.346  -10.068  -13.610 0.2857142985
84125  -35.177  1.938  -17.174 0.2857142985
85194  -34.358  3.426  -17.263 0.2857142985
86247  -33.691  4.122  -18.284 0.2857142985
87318  -34.136  5.240  -17.891 0.2857142985
88336  -33.860  6.985  -17.377 0.2857142985
89419  -33.755  7.564  -17.889 0.2857142985
89428  -33.299  7.976  -18.760 0.2857142985
84124  -34.655  2.552  -17.004 0.2857142985
85203  -33.787  3.591  -17.829 0.2857142985
84132  -33.998  2.641  -17.791 0.2857142985
86233  -33.856  4.879  -18.408 0.2857142985
88364  -33.481  6.642  -18.932 0.2857142985
88353  -34.243  5.860  -17.696 0.2857142985
88352  -34.041  6.564  -17.916 0.2857142985
90454  -33.790  8.473  -17.187 0.2857142985
86246  -33.451  4.332  -18.983 0.2857142985
87339  -33.257  4.841  -19.666 0.2857142985
87317  -34.013  5.771  -18.391 0.2857142985
59887  -31.226  -18.345  -7.669 0.1428571492
60999  -31.401  -17.512  -7.820 0.1428571492
66749  -34.009  -12.503  -11.078 0.4285714328
57538  -30.163  -19.768  -6.899 0.1428571492
57537  -29.359  -20.183  -6.510 0.1428571492
64336  -32.435  -14.180  -10.237 0.1428571492
62081  -30.527  -16.734  -8.185 0.1428571492
56351  -28.616  -20.819  -5.263 0.1428571492
57550  -29.058  -19.911  -6.822 0.1428571492
58763  -30.245  -18.862  -7.826 0.1428571492
61012  -30.360  -17.666  -8.148 0.1428571492
62064  -29.128  -16.949  -7.553 0.1428571492
65447  -31.075  -13.368  -10.022 0.2857142985
68078  -34.031  -11.693  -12.089 0.4285714328
88375  -33.197  5.765  -19.576 0.2857142985
70489  -35.147  -9.322  -15.349 0.2857142985
69311  -36.455  -10.096  -15.240 0.2857142985
71698  -36.369  -8.685  -15.611 0.2857142985
104869  -35.560  23.609  -22.465 0.1428571492
104859  -35.635  23.348  -21.174 0.1428571492
103982  -34.490  22.900  -21.134 0.1428571492
103961  -34.955  22.341  -18.921 0.1428571492
103951  -35.331  22.033  -18.251 0.1428571492
104882  -36.293  24.285  -23.373 0.1428571492
103971  -34.548  22.498  -19.949 0.1428571492
104891  -31.876  22.971  -23.371 0.1428571492
71703  -34.961  -7.803  -16.084 0.2857142985
103962  -36.065  22.294  -18.729 0.1428571492
104860  -36.763  23.147  -21.061 0.1428571492
103042  -35.470  21.451  -17.816 0.1428571492
103983  -35.061  22.992  -20.496 0.1428571492
103972  -35.691  22.906  -19.949 0.1428571492
103041  -34.731  21.490  -18.302 0.1428571492
104006  -33.763  22.652  -22.723 0.1428571492
104015  -32.734  22.390  -23.649 0.1428571492
104005  -33.089  22.163  -23.239 0.1428571492
103093  -31.795  21.361  -23.146 0.1428571492
103099  -30.767  21.709  -23.047 0.1428571492
103086  -32.492  21.372  -22.448 0.1428571492
103068  -33.931  21.997  -19.904 0.1428571492
103970  -33.933  22.285  -20.435 0.1428571492
69307  -36.644  -10.342  -14.499 0.2857142985
104858  -35.041  23.320  -21.784 0.1428571492
104881  -35.286  23.781  -23.615 0.1428571492
103981  -33.629  22.167  -21.205 0.1428571492
103995  -33.938  22.616  -21.936 0.1428571492
105769  -35.355  24.228  -24.236 0.1428571492
103994  -33.390  21.982  -22.209 0.1428571492
104848  -36.369  23.006  -20.362 0.1428571492
84140  -33.119  2.841  -19.210 0.1428571492
85202  -33.334  3.356  -18.475 0.1428571492
88372  -30.556  6.445  -19.488 0.1428571492
89435  -31.553  7.619  -19.656 0.1428571492
83058  -34.325  1.611  -18.232 0.1428571492
88363  -33.086  6.827  -19.338 0.1428571492
90478  -31.713  8.646  -19.493 0.1428571492
90479  -32.454  8.946  -19.276 0.1428571492
91527  -31.867  9.454  -19.229 0.2857142985
76262  -34.910  -4.561  -16.180 0.2857142985
76268  -34.250  -4.204  -16.588 0.1428571492
80807  -34.157  -0.534  -17.499 0.1428571492
81974  -35.163  0.722  -18.365 0.1428571492
87232  -38.356  5.276  -11.675 0.1428571492
85210  -32.825  3.535  -19.647 0.1428571492
91509  -33.383  9.685  -17.846 0.1428571492
91519  -32.839  9.718  -18.471 0.1428571492
91518  -32.140  9.866  -18.675 0.2857142985
93681  -33.869  11.521  -17.739 0.2857142985
96737  -32.723  14.237  -19.023 0.2857142985
95789  -32.451  13.495  -17.985 0.2857142985
101153  -30.198  18.711  -18.844 0.1428571492
98355  -31.087  16.626  -16.248 0.1428571492
92575  -33.048  10.495  -17.594 0.2857142985
94800  -34.379  12.517  -17.809 0.2857142985
96712  -34.308  14.311  -17.937 0.2857142985
95802  -33.553  13.436  -18.825 0.2857142985
94809  -33.431  12.711  -18.244 0.2857142985
96729  -33.816  14.262  -18.630 0.2857142985
95814  -33.144  13.829  -19.157 0.2857142985
94808  -32.962  12.973  -18.054 0.2857142985
97590  -32.974  14.657  -19.195 0.2857142985
96726  -30.202  16.076  -19.150 0.1428571492
96711  -31.988  14.408  -17.640 0.2857142985
100198  -30.383  18.384  -17.900 0.1428571492
100169  -31.388  18.349  -16.253 0.1428571492
94798  -32.529  12.620  -17.442 0.1428571492
93668  -32.193  11.837  -17.019 0.1428571492
97558  -31.172  15.287  -17.923 0.1428571492
97559  -32.015  14.787  -18.193 0.2857142985
97538  -29.806  15.529  -17.531 0.1428571492
96710  -31.488  14.918  -17.206 0.1428571492
91525  -30.029  9.062  -19.333 0.2857142985
95774  -32.066  13.486  -17.080 0.1428571492
98356  -31.795  16.408  -15.543 0.1428571492
96691  -31.469  14.975  -16.870 0.1428571492
90449  -28.165  8.059  -16.937 0.1428571492
87210  -39.005  5.394  -11.344 0.1428571492
81972  -33.812  0.925  -18.412 0.1428571492
83057  -33.284  1.796  -19.042 0.1428571492
85209  -32.348  3.530  -20.102 0.1428571492
85208  -31.548  3.624  -20.039 0.1428571492
87336  -30.870  5.616  -19.701 0.1428571492
89427  -33.001  7.194  -19.191 0.1428571492
90476  -29.731  8.373  -19.429 0.1428571492
89437  -32.931  8.645  -19.028 0.1428571492
91526  -30.984  9.195  -19.198 0.2857142985
93680  -33.364  11.760  -17.659 0.1428571492
93687  -33.668  12.230  -18.155 0.2857142985
94799  -33.059  12.350  -17.777 0.1428571492
96692  -31.740  14.501  -16.613 0.1428571492
97539  -30.865  15.230  -16.955 0.1428571492
98379  -29.140  16.371  -18.269 0.1428571492
97522  -31.243  15.784  -16.323 0.1428571492
98369  -30.373  16.212  -16.832 0.1428571492
84021  -38.886  3.307  -11.836 0.1428571492
86159  -38.816  4.284  -11.497 0.1428571492
86160  -39.637  4.580  -11.123 0.1428571492
97578  -33.398  15.140  -18.929 0.2857142985
98368  -29.674  16.430  -17.416 0.1428571492
97589  -32.767  14.514  -19.105 0.2857142985
97576  -30.931  15.954  -18.640 0.2857142985
100182  -30.925  18.458  -17.057 0.1428571492
94787  -34.700  12.741  -17.138 0.2857142985
79613  -34.355  -1.389  -16.732 0.1428571492
78428  -33.860  -2.322  -16.324 0.1428571492
83059  -35.173  1.114  -18.426 0.1428571492
82957  -40.365  1.647  -11.754 0.1428571492
91510  -33.588  10.062  -17.194 0.1428571492
92576  -33.444  10.546  -17.338 0.1428571492
84131  -33.579  2.414  -18.568 0.1428571492
86257  -33.038  4.134  -19.492 0.1428571492
87338  -32.665  5.261  -20.057 0.1428571492
84139  -32.654  2.860  -19.687 0.1428571492
83065  -32.548  2.231  -19.407 0.1428571492
88374  -32.547  6.606  -19.650 0.1428571492
88373  -31.267  6.555  -19.925 0.1428571492
89436  -32.552  7.970  -19.361 0.1428571492
81973  -34.651  0.842  -18.374 0.1428571492
90480  -32.841  9.190  -18.947 0.1428571492
80813  -33.446  0.111  -18.181 0.1428571492
92581  -32.431  10.132  -18.047 0.2857142985
93688  -33.746  12.000  -18.066 0.2857142985
96727  -32.354  14.222  -18.487 0.2857142985
94810  -33.877  12.478  -18.357 0.2857142985
95803  -34.155  13.376  -18.322 0.2857142985
96728  -33.311  14.227  -19.092 0.2857142985
97557  -29.732  15.656  -18.662 0.1428571492
101142  -31.076  19.259  -17.579 0.1428571492
92574  -32.345  10.720  -17.314 0.1428571492
66716  -30.216  -12.724  -9.858 0.1428571492
68052  -31.806  -11.889  -10.877 0.1428571492
68050  -29.920  -11.029  -10.466 0.1428571492
69276  -30.542  -10.042  -11.437 0.1428571492
69291  -31.194  -9.883  -12.116 0.1428571492
68066  -31.625  -11.160  -11.382 0.1428571492
69278  -31.985  -10.941  -11.833 0.1428571492
68067  -32.666  -11.572  -11.578 0.1428571492
70477  -31.963  -9.272  -13.182 0.1428571492
69299  -33.145  -10.039  -13.238 0.1428571492
68077  -33.567  -11.388  -12.195 0.1428571492
69293  -33.487  -10.680  -12.727 0.1428571492
70471  -30.829  -9.295  -12.401 0.1428571492
70482  -32.447  -8.935  -13.693 0.1428571492
69305  -34.708  -9.665  -14.289 0.1428571492
70488  -34.173  -9.127  -15.116 0.1428571492
72967  -34.600  -7.247  -16.146 0.1428571492
74179  -34.855  -6.815  -15.781 0.1428571492
91517  -31.264  9.863  -18.604 0.1428571492
68068  -33.580  -11.969  -11.750 0.1428571492
66733  -30.136  -11.839  -10.174 0.1428571492
68051  -30.809  -11.205  -10.810 0.1428571492
75244  -35.122  -5.441  -15.887 0.1428571492
69306  -35.463  -9.948  -14.623 0.1428571492
66734  -31.081  -12.557  -10.296 0.1428571492
68053  -32.412  -12.191  -10.931 0.1428571492
70485  -34.724  -9.509  -14.764 0.1428571492
69259  -29.582  -10.168  -10.892 0.1428571492
68065  -31.127  -10.700  -11.308 0.1428571492
69277  -31.446  -10.524  -11.769 0.1428571492
69292  -32.226  -10.429  -12.550 0.1428571492
69298  -32.511  -9.834  -13.162 0.1428571492
70476  -31.085  -8.876  -12.878 0.1428571492
68076  -33.016  -11.006  -12.226 0.1428571492
70479  -33.495  -9.613  -13.764 0.1428571492
70470  -30.342  -9.178  -12.056 0.1428571492
65431  -29.621  -13.246  -9.513 0.1428571492
57535  -27.797  -20.474  -5.865 0.1428571492
57552  -30.115  -19.537  -7.343 0.1428571492
58638  -30.362  -20.329  -3.667 0.2857142985
58677  -29.621  -20.133  -5.151 0.1428571492
58748  -30.645  -19.170  -7.648 0.1428571492
58764  -30.550  -18.781  -7.961 0.1428571492
59886  -31.059  -18.832  -7.941 0.1428571492
59901  -30.245  -18.397  -8.031 0.1428571492
60933  -31.553  -17.227  -4.571 0.4285714328
61014  -31.243  -17.442  -8.109 0.1428571492
63145  -31.750  -16.250  -6.650 0.4285714328
64325  -33.147  -14.177  -9.734 0.2857142985
64335  -32.218  -14.033  -10.295 0.1428571492
65434  -32.984  -13.924  -10.266 0.1428571492
66642  -35.005  -11.777  -6.186 0.2857142985
66747  -33.232  -12.176  -11.383 0.1428571492
69074  -41.909  -10.181  -2.606 0.1428571492
69218  -34.425  -11.225  -8.252 0.2857142985
69304  -38.350  -10.109  -14.574 0.4285714328
69308  -37.603  -10.418  -14.571 0.4285714328
69310  -35.791  -9.787  -15.285 0.2857142985
69313  -38.070  -10.586  -15.025 0.4285714328
70255  -42.803  -9.222  -1.385 0.1428571492
70301  -41.111  -10.068  -5.282 0.1428571492
70340  -41.084  -9.650  -6.180 0.1428571492
70445  -37.314  -9.299  -10.812 0.7142857313
70461  -37.194  -9.672  -11.028 0.7142857313
70472  -31.433  -9.555  -12.634 0.1428571492
70478  -32.786  -9.454  -13.519 0.1428571492
70481  -38.153  -9.863  -14.356 0.4285714328
70486  -38.613  -9.999  -14.801 0.5714285970
70490  -36.069  -9.410  -15.599 0.2857142985
71491  -42.836  -8.226  -2.211 0.1428571492
71666  -36.957  -7.873  -12.274 0.7142857313
71673  -36.789  -8.141  -12.758 0.7142857313
71693  -38.383  -9.477  -15.056 0.5714285970
71700  -38.116  -9.505  -15.181 0.5714285970
72781  -42.797  -8.061  -2.504 0.1428571492
72782  -43.029  -7.603  -2.232 0.1428571492
72805  -41.906  -7.910  -4.992 0.1428571492
72820  -40.936  -7.796  -6.146 0.1428571492
72864  -39.852  -7.644  -7.166 0.1428571492
72940  -36.892  -7.553  -13.083 0.7142857313
72956  -37.213  -8.414  -14.917 0.4285714328
72961  -34.895  -7.240  -15.879 0.1428571492
72964  -37.129  -8.446  -15.137 0.4285714328
72968  -34.951  -7.547  -16.013 0.1428571492
74160  -37.671  -6.589  -13.142 0.7142857313
74181  -35.846  -6.760  -14.692 0.7142857313
74187  -34.931  -6.179  -15.784 0.1428571492
75073  -44.343  -4.686  -2.882 0.1428571492
75120  -41.155  -5.793  -6.172 0.1428571492
75232  -35.951  -5.586  -14.924 0.7142857313
75238  -36.564  -4.987  -15.113 0.7142857313
76257  -36.813  -4.329  -15.364 0.7142857313
78355  -38.853  -2.398  -10.134 0.2857142985
78416  -36.943  -2.453  -14.665 0.8571428657
79602  -35.889  -1.991  -15.743 0.5714285970
80796  -34.547  -0.912  -17.151 0.1428571492
80814  -34.216  0.367  -18.093 0.1428571492
81916  -39.818  0.466  -13.037 0.4285714328
81964  -34.877  0.324  -18.104 0.1428571492
81966  -35.973  0.614  -17.495 0.5714285970
82980  -40.295  1.512  -12.200 0.2857142985
83048  -34.708  1.972  -17.611 0.2857142985
83066  -32.919  2.422  -19.400 0.1428571492
84040  -40.189  1.830  -12.102 0.1428571492
85101  -38.804  3.739  -11.718 0.1428571492
85211  -33.084  3.641  -19.161 0.1428571492
86175  -38.299  4.688  -11.924 0.1428571492
86185  -36.900  4.029  -13.262 0.7142857313
86199  -35.893  4.541  -14.765 1.0000000000
86220  -35.200  4.177  -16.063 0.8571428657
86256  -32.755  4.274  -19.983 0.1428571492
87327  -33.623  5.377  -19.062 0.2857142985
89347  -37.807  7.635  -11.219 0.1428571492
89353  -36.583  7.333  -11.299 0.4285714328
89354  -37.416  7.454  -11.226 0.1428571492
90401  -37.723  7.870  -11.199 0.1428571492
90402  -38.004  7.872  -11.228 0.1428571492
90459  -28.321  8.369  -17.696 0.1428571492
90470  -33.285  9.029  -18.627 0.1428571492
90477  -30.735  8.419  -19.545 0.1428571492
91452  -38.546  9.130  -11.924 0.1428571492
91528  -32.474  9.480  -19.004 0.1428571492
92512  -37.768  9.676  -11.792 0.1428571492
92513  -38.199  9.473  -11.835 0.1428571492
92524  -37.663  10.435  -12.132 0.2857142985
93670  -35.125  11.903  -16.558 0.5714285970
95801  -32.901  13.533  -18.767 0.2857142985
95813  -32.912  13.912  -19.199 0.2857142985
96666  -36.519  14.750  -13.901 0.5714285970
96707  -29.083  15.486  -18.919 0.1428571492
96708  -29.275  15.676  -18.948 0.1428571492
96709  -29.579  15.819  -18.927 0.1428571492
96724  -28.950  15.670  -19.129 0.1428571492
96725  -29.376  15.815  -19.106 0.1428571492
96738  -32.956  14.198  -19.297 0.2857142985
97512  -37.115  15.839  -13.861 0.2857142985
97555  -28.820  15.546  -18.980 0.1428571492
97556  -29.146  15.799  -19.097 0.1428571492
97573  -29.088  15.860  -19.136 0.1428571492
97574  -29.407  16.060  -19.084 0.1428571492
97575  -29.884  16.112  -18.899 0.1428571492
98331  -37.986  16.264  -13.722 0.1428571492
98344  -36.700  16.681  -14.554 0.4285714328
98370  -35.466  16.420  -16.106 0.5714285970
98377  -28.986  15.907  -18.952 0.1428571492
98378  -29.241  16.105  -18.949 0.1428571492
98388  -28.845  15.917  -19.144 0.1428571492
98389  -29.178  16.082  -19.061 0.1428571492
98405  -30.853  17.274  -19.341 0.2857142985
99216  -36.509  17.069  -14.891 0.4285714328
99236  -38.660  17.593  -14.834 0.1428571492
99250  -35.948  17.929  -15.994 0.2857142985
99295  -31.491  18.352  -20.316 0.4285714328
100171  -36.900  18.102  -15.586 0.1428571492
100172  -37.518  18.280  -15.352 0.1428571492
100183  -34.958  18.646  -16.842 0.2857142985
100210  -29.973  18.276  -18.980 0.2857142985
100211  -30.149  18.520  -18.549 0.1428571492
101117  -37.487  18.693  -15.752 0.1428571492
101166  -30.348  18.805  -19.167 0.1428571492
101185  -31.779  20.549  -21.559 0.2857142985
102154  -31.539  21.204  -22.650 0.2857142985
103058  -37.563  21.638  -18.238 0.1428571492
103085  -31.991  20.995  -22.613 0.2857142985
103091  -30.626  21.784  -22.705 0.1428571492
103092  -31.156  21.457  -22.740 0.1428571492
103100  -31.115  21.651  -23.236 0.1428571492
103952  -35.715  21.918  -18.174 0.1428571492
104002  -30.535  22.008  -23.110 0.1428571492
104012  -30.825  21.856  -23.216 0.1428571492
104847  -36.125  23.216  -20.577 0.1428571492
104879  -33.328  22.790  -23.874 0.1428571492
