#!ascii label  , from subject sub.01.bl.02 vox2ras=TkReg
661
49814  28.756  -29.052  60.517 0.0000000000
69214  43.632  -13.031  42.371 0.0000000000
71749  51.527  -10.712  39.577 0.0000000000
58472  46.760  -20.785  50.419 0.0000000000
48676  35.432  -29.902  55.597 0.0000000000
43824  33.076  -33.027  58.990 0.0000000000
70430  47.745  -12.113  41.327 0.0000000000
70378  48.233  -12.123  45.945 0.0000000000
56040  44.007  -23.682  52.110 0.0000000000
48672  39.743  -30.547  54.874 0.0000000000
77526  49.390  -5.920  31.658 0.0000000000
71820  50.233  -9.553  35.679 0.0000000000
62127  44.304  -18.862  47.554 0.0000000000
66638  46.359  -14.636  48.530 0.0000000000
48613  32.436  -30.421  58.987 0.0000000000
46216  31.258  -31.241  60.621 0.0000000000
70421  45.608  -12.464  42.612 0.0000000000
71679  47.782  -11.042  43.788 0.0000000000
70380  46.563  -11.243  45.576 0.0000000000
48737  44.654  -28.922  50.485 0.0000000000
46272  36.807  -31.750  56.795 0.0000000000
48674  37.400  -30.227  55.367 0.0000000000
45052  38.633  -32.385  56.060 0.0000000000
77515  48.379  -5.434  32.161 0.0000000000
74234  50.041  -8.244  32.599 0.0000000000
75349  49.462  -7.874  34.096 0.0000000000
70450  49.224  -11.604  38.870 0.0000000000
70500  48.283  -10.978  36.067 0.0000000000
71767  50.525  -10.188  38.080 0.0000000000
74170  52.296  -9.019  37.163 0.0000000000
71766  52.972  -10.307  38.662 0.0000000000
57224  45.371  -22.442  51.543 0.0000000000
59694  44.323  -21.184  50.328 0.0000000000
60932  45.407  -19.441  50.537 0.0000000000
64389  45.401  -16.523  48.232 0.0000000000
63255  46.915  -17.381  50.311 0.0000000000
65453  48.158  -16.079  49.041 0.0000000000
60952  47.709  -19.245  48.567 0.0000000000
47432  34.438  -31.389  58.175 0.0000000000
69253  47.267  -12.591  39.077 0.0000000000
71734  49.489  -10.927  40.585 0.0000000000
71698  49.634  -10.876  42.770 0.0000000000
69182  49.602  -12.164  43.879 0.0000000000
51056  42.082  -27.928  53.486 0.0000000000
52299  43.835  -26.546  53.110 0.0000000000
54894  45.491  -25.704  51.536 0.0000000000
54929  46.187  -24.566  49.571 0.0000000000
56119  46.179  -22.617  48.319 0.0000000000
49916  41.275  -28.614  52.993 0.0000000000
47479  42.101  -30.522  54.097 0.0000000000
75401  50.148  -7.019  30.129 0.0000000000
73055  48.248  -8.718  33.957 0.0000000000
74202  50.796  -8.089  34.939 0.0000000000
74192  53.042  -8.564  35.146 0.0000000000
69154  44.258  -13.076  46.211 0.0000000000
70347  46.901  -12.873  47.462 0.0000000000
65490  48.937  -15.713  46.668 0.0000000000
46219  28.954  -30.963  60.433 0.0000000000
47388  30.024  -30.407  60.982 0.0000000000
44983  30.328  -31.537  60.646 0.0000000000
69213  44.386  -12.898  42.261 0.0000000000
70408  45.668  -12.225  43.383 0.0000000000
70397  45.033  -12.270  44.110 0.0000000000
45053  37.875  -32.433  56.495 0.0000000000
76499  47.955  -6.116  32.408 0.0000000000
76491  48.731  -6.901  32.906 0.0000000000
75365  47.919  -7.222  33.200 0.0000000000
71750  50.661  -10.520  39.346 0.0000000000
71768  49.864  -10.910  38.523 0.0000000000
72973  51.758  -10.196  38.972 0.0000000000
72988  52.263  -9.770  38.499 0.0000000000
58460  46.170  -21.325  51.170 0.0000000000
59673  45.283  -20.737  51.548 0.0000000000
59684  46.352  -20.161  51.050 0.0000000000
62100  46.309  -18.553  50.585 0.0000000000
60930  47.177  -19.276  50.280 0.0000000000
62110  47.723  -18.325  49.700 0.0000000000
59706  47.405  -20.091  49.298 0.0000000000
48630  33.333  -30.706  58.356 0.0000000000
45018  33.965  -32.245  58.986 0.0000000000
45033  35.326  -32.475  58.208 0.0000000000
69237  46.399  -12.989  40.255 0.0000000000
69254  46.522  -12.913  39.342 0.0000000000
70440  47.631  -12.243  40.471 0.0000000000
70439  48.466  -11.700  40.510 0.0000000000
70429  48.396  -11.497  41.580 0.0000000000
71717  49.640  -10.823  41.732 0.0000000000
71699  48.622  -10.987  42.706 0.0000000000
71642  48.062  -11.461  45.582 0.0000000000
71658  48.798  -11.545  44.410 0.0000000000
70394  48.685  -12.255  44.935 0.0000000000
67935  48.626  -13.499  44.244 0.0000000000
67919  48.501  -13.831  45.046 0.0000000000
49896  42.767  -28.723  53.512 0.0000000000
52300  43.228  -26.652  53.401 0.0000000000
49930  43.854  -28.433  52.805 0.0000000000
52363  45.677  -26.971  51.221 0.0000000000
54913  46.233  -24.751  50.420 0.0000000000
48673  38.536  -30.597  55.242 0.0000000000
48691  39.540  -30.268  54.263 0.0000000000
48690  40.667  -29.747  54.265 0.0000000000
49898  41.587  -29.015  53.628 0.0000000000
48670  40.976  -30.578  54.918 0.0000000000
78593  49.123  -4.846  31.616 0.0000000000
76529  49.709  -6.629  30.967 0.0000000000
74215  50.565  -8.169  33.255 0.0000000000
71804  49.659  -10.321  36.291 0.0000000000
71823  47.453  -10.752  34.856 0.0000000000
71834  48.373  -9.738  34.432 0.0000000000
73047  48.169  -9.338  34.042 0.0000000000
73046  48.812  -9.115  34.508 0.0000000000
74204  49.233  -8.293  34.464 0.0000000000
73044  50.447  -8.720  35.118 0.0000000000
73019  53.058  -9.348  36.925 0.0000000000
74182  52.981  -8.735  36.257 0.0000000000
54845  43.408  -24.841  52.382 0.0000000000
57263  43.651  -23.015  50.587 0.0000000000
60953  43.838  -19.872  48.721 0.0000000000
59720  42.959  -20.764  48.745 0.0000000000
65457  45.655  -16.081  48.579 0.0000000000
65483  44.420  -15.396  46.876 0.0000000000
66662  44.953  -14.712  47.431 0.0000000000
67903  43.750  -13.544  46.357 0.0000000000
67872  45.384  -13.777  47.565 0.0000000000
69125  45.902  -12.997  47.731 0.0000000000
67853  46.520  -13.958  48.081 0.0000000000
63270  48.769  -17.348  48.169 0.0000000000
65481  48.691  -15.707  47.423 0.0000000000
63285  48.513  -17.287  46.936 0.0000000000
64415  48.727  -16.192  45.771 0.0000000000
48573  31.920  -30.664  59.991 0.0000000000
44997  32.114  -32.189  59.950 0.0000000000
42652  32.067  -33.172  59.432 0.0000000000
43802  31.127  -32.555  59.735 0.0000000000
69210  46.869  -12.416  41.800 0.0000000000
71700  47.945  -11.195  43.110 0.0000000000
70407  46.891  -11.638  43.660 0.0000000000
71660  47.234  -10.958  44.797 0.0000000000
71631  47.517  -11.486  46.149 0.0000000000
48627  36.201  -30.888  56.582 0.0000000000
48675  36.395  -30.054  55.498 0.0000000000
47459  37.122  -30.826  56.247 0.0000000000
46279  38.256  -31.682  56.221 0.0000000000
46286  39.530  -31.636  55.496 0.0000000000
46285  40.127  -31.593  55.139 0.0000000000
43874  39.658  -32.768  54.823 0.0000000000
77514  48.806  -5.610  32.194 0.0000000000
75373  49.497  -7.482  32.161 0.0000000000
76497  48.998  -6.529  32.226 0.0000000000
75363  49.631  -7.658  33.241 0.0000000000
75348  50.415  -8.008  34.201 0.0000000000
70481  47.485  -12.079  37.249 0.0000000000
70480  48.469  -11.377  37.074 0.0000000000
71787  49.626  -10.761  37.334 0.0000000000
71786  50.393  -9.959  37.029 0.0000000000
73022  50.935  -9.207  36.689 0.0000000000
73005  51.960  -9.483  37.666 0.0000000000
73004  52.620  -9.480  37.852 0.0000000000
57225  44.922  -22.844  51.939 0.0000000000
58476  44.175  -22.232  50.918 0.0000000000
59674  44.838  -21.213  51.526 0.0000000000
60920  44.779  -20.355  50.837 0.0000000000
60944  44.985  -19.379  49.751 0.0000000000
62119  44.888  -18.276  48.165 0.0000000000
62111  45.577  -18.068  49.672 0.0000000000
64369  45.966  -16.654  50.045 0.0000000000
65441  46.247  -16.012  49.802 0.0000000000
65454  47.423  -15.385  49.214 0.0000000000
64378  47.609  -16.613  49.746 0.0000000000
62109  48.301  -18.219  48.985 0.0000000000
60960  48.087  -18.652  47.880 0.0000000000
48654  32.688  -30.493  56.978 0.0000000000
48653  33.860  -30.728  57.099 0.0000000000
47460  35.158  -30.969  56.841 0.0000000000
46274  35.535  -31.832  57.719 0.0000000000
43851  36.033  -33.321  57.913 0.0000000000
69265  47.882  -12.280  38.406 0.0000000000
70438  49.141  -11.476  39.789 0.0000000000
71733  50.505  -10.748  40.681 0.0000000000
71716  50.414  -11.126  41.674 0.0000000000
70417  50.334  -11.823  43.071 0.0000000000
71678  48.788  -11.080  43.668 0.0000000000
71676  50.078  -11.480  43.549 0.0000000000
52331  40.933  -26.749  52.496 0.0000000000
52314  42.285  -26.357  53.185 0.0000000000
53654  43.485  -25.492  52.863 0.0000000000
54820  44.058  -25.317  52.849 0.0000000000
51114  44.921  -27.978  52.020 0.0000000000
53653  44.841  -26.016  51.964 0.0000000000
56015  44.630  -24.786  52.143 0.0000000000
56038  45.050  -23.619  51.802 0.0000000000
56063  45.959  -23.557  50.917 0.0000000000
56081  46.770  -22.775  49.972 0.0000000000
57280  46.732  -21.903  49.191 0.0000000000
56120  46.167  -23.276  48.585 0.0000000000
51057  41.731  -28.145  53.286 0.0000000000
49897  42.120  -28.819  53.612 0.0000000000
47478  42.583  -29.900  53.604 0.0000000000
46292  41.217  -31.452  54.641 0.0000000000
46304  42.066  -31.295  53.660 0.0000000000
76538  50.824  -6.343  29.617 0.0000000000
74217  48.071  -8.059  33.602 0.0000000000
75350  48.950  -7.820  34.230 0.0000000000
75347  51.455  -7.692  34.676 0.0000000000
74184  51.654  -8.665  36.592 0.0000000000
74193  52.554  -8.273  35.616 0.0000000000
75339  52.656  -8.125  34.913 0.0000000000
58502  43.587  -22.327  49.769 0.0000000000
69169  43.354  -13.433  45.207 0.0000000000
69168  44.465  -12.610  44.932 0.0000000000
69167  45.202  -12.243  45.229 0.0000000000
70359  46.761  -12.150  47.241 0.0000000000
69152  47.569  -12.660  46.914 0.0000000000
66660  47.585  -14.505  48.356 0.0000000000
66684  47.862  -14.301  47.644 0.0000000000
67902  48.118  -13.830  46.250 0.0000000000
66725  48.757  -14.902  45.518 0.0000000000
58519  46.820  -21.122  48.535 0.0000000000
59731  46.903  -20.280  47.838 0.0000000000
47389  29.175  -30.363  60.729 0.0000000000
47405  28.440  -30.453  60.232 0.0000000000
48559  28.488  -29.646  60.439 0.0000000000
48558  29.559  -29.587  60.779 0.0000000000
69200  44.289  -12.874  42.974 0.0000000000
70409  44.815  -12.485  43.410 0.0000000000
76493  47.897  -6.704  32.808 0.0000000000
58459  46.474  -21.015  50.825 0.0000000000
59671  46.355  -20.650  51.088 0.0000000000
59683  46.708  -20.238  50.696 0.0000000000
60917  46.589  -19.707  50.767 0.0000000000
59693  47.235  -20.075  50.064 0.0000000000
58486  47.037  -20.922  49.930 0.0000000000
46248  33.125  -31.516  59.454 0.0000000000
46247  33.672  -31.659  59.181 0.0000000000
45019  33.253  -32.277  59.305 0.0000000000
43823  33.862  -32.937  58.812 0.0000000000
69223  47.014  -12.582  40.840 0.0000000000
70418  48.454  -11.273  42.156 0.0000000000
71641  48.492  -11.786  45.241 0.0000000000
69184  48.613  -12.751  44.901 0.0000000000
69166  48.386  -13.076  45.495 0.0000000000
48706  43.045  -29.282  53.331 0.0000000000
51074  43.286  -28.072  53.409 0.0000000000
49931  43.432  -28.921  53.068 0.0000000000
47471  39.206  -30.900  55.365 0.0000000000
48671  40.573  -30.487  54.852 0.0000000000
78592  49.473  -5.216  31.590 0.0000000000
77539  49.868  -5.610  30.953 0.0000000000
71821  49.735  -9.838  35.607 0.0000000000
71822  48.603  -10.300  35.309 0.0000000000
73036  49.362  -9.483  35.121 0.0000000000
73035  50.062  -9.324  35.289 0.0000000000
71800  53.022  -9.699  36.979 0.0000000000
73020  52.996  -9.585  36.562 0.0000000000
56018  43.787  -24.339  52.338 0.0000000000
56041  43.779  -23.952  51.940 0.0000000000
57227  44.066  -23.318  51.880 0.0000000000
60962  43.718  -19.555  47.922 0.0000000000
60972  43.646  -19.322  47.154 0.0000000000
65456  45.940  -15.646  48.968 0.0000000000
65470  45.855  -15.104  48.220 0.0000000000
66639  45.982  -14.625  48.155 0.0000000000
67873  45.031  -14.225  47.502 0.0000000000
67854  45.899  -14.177  47.917 0.0000000000
62124  48.354  -18.001  47.452 0.0000000000
63278  48.694  -17.319  47.534 0.0000000000
62133  48.195  -17.704  46.929 0.0000000000
63286  48.166  -17.395  46.430 0.0000000000
47404  31.241  -30.380  60.476 0.0000000000
48574  31.555  -30.373  60.099 0.0000000000
47403  31.666  -30.685  60.263 0.0000000000
47402  32.182  -30.966  59.956 0.0000000000
46232  31.767  -31.388  60.266 0.0000000000
43801  31.809  -32.749  59.790 0.0000000000
44981  31.177  -31.535  60.546 0.0000000000
69212  45.141  -12.865  42.155 0.0000000000
69239  44.734  -13.331  40.732 0.0000000000
69225  45.365  -13.083  41.399 0.0000000000
69224  46.200  -12.863  41.161 0.0000000000
69211  45.907  -12.587  41.971 0.0000000000
70420  46.456  -12.216  42.699 0.0000000000
70396  45.933  -11.989  44.336 0.0000000000
70395  46.563  -11.361  44.657 0.0000000000
71643  47.386  -11.138  45.600 0.0000000000
47443  36.545  -31.088  56.646 0.0000000000
48650  36.635  -30.571  56.146 0.0000000000
46278  38.980  -31.656  55.924 0.0000000000
45051  39.203  -32.100  55.723 0.0000000000
45063  39.596  -32.254  55.288 0.0000000000
77527  47.956  -5.290  31.734 0.0000000000
78583  48.791  -5.046  32.100 0.0000000000
76498  48.445  -6.212  32.399 0.0000000000
70462  48.204  -11.985  38.182 0.0000000000
70461  49.142  -11.382  37.871 0.0000000000
73006  51.112  -9.534  37.575 0.0000000000
72987  52.921  -9.701  38.679 0.0000000000
72986  53.092  -9.660  38.315 0.0000000000
71765  53.167  -9.862  38.220 0.0000000000
58463  44.715  -21.961  51.616 0.0000000000
58462  45.070  -21.697  51.742 0.0000000000
60919  45.345  -19.906  50.989 0.0000000000
59686  44.963  -20.572  51.289 0.0000000000
60933  45.017  -19.649  50.299 0.0000000000
60945  44.440  -19.801  49.539 0.0000000000
62102  45.228  -19.164  49.881 0.0000000000
62112  45.137  -18.729  49.241 0.0000000000
62101  45.614  -18.726  50.186 0.0000000000
63256  46.127  -17.518  50.291 0.0000000000
64368  46.487  -16.630  50.221 0.0000000000
64367  47.015  -16.592  50.211 0.0000000000
63263  47.568  -17.613  49.947 0.0000000000
60943  47.792  -19.029  49.280 0.0000000000
60942  48.173  -18.566  48.874 0.0000000000
60951  48.314  -18.473  48.441 0.0000000000
60961  47.443  -19.355  47.914 0.0000000000
48632  31.691  -30.316  57.883 0.0000000000
48631  32.638  -30.492  58.087 0.0000000000
47446  34.185  -31.046  57.778 0.0000000000
47461  34.716  -30.967  57.078 0.0000000000
47445  35.100  -31.174  57.189 0.0000000000
47431  35.144  -31.475  57.678 0.0000000000
69267  46.661  -12.776  38.441 0.0000000000
69252  47.880  -12.289  38.820 0.0000000000
71751  49.733  -11.072  39.472 0.0000000000
71697  50.210  -11.286  42.846 0.0000000000
70428  50.618  -11.754  42.061 0.0000000000
70393  49.279  -11.960  44.213 0.0000000000
71657  49.663  -11.565  43.905 0.0000000000
70392  49.809  -11.771  43.927 0.0000000000
70405  50.048  -11.813  43.653 0.0000000000
69197  49.981  -12.292  43.376 0.0000000000
52302  41.801  -27.365  53.329 0.0000000000
53657  41.571  -26.601  52.907 0.0000000000
52301  42.476  -26.771  53.475 0.0000000000
51054  43.469  -27.044  53.389 0.0000000000
53636  43.041  -26.219  53.324 0.0000000000
53635  43.539  -25.895  53.061 0.0000000000
54821  43.792  -25.325  52.869 0.0000000000
53634  44.025  -25.920  52.896 0.0000000000
49947  44.519  -28.473  52.164 0.0000000000
49946  44.886  -28.422  51.602 0.0000000000
52344  45.884  -26.227  51.291 0.0000000000
52345  45.618  -26.561  51.544 0.0000000000
53672  45.166  -26.035  51.786 0.0000000000
54841  44.776  -25.305  51.977 0.0000000000
56014  44.912  -24.964  51.847 0.0000000000
56037  45.238  -24.562  51.628 0.0000000000
56082  46.523  -23.908  50.063 0.0000000000
56062  46.377  -22.601  50.568 0.0000000000
56101  46.405  -23.616  49.282 0.0000000000
48693  36.905  -29.848  54.612 0.0000000000
48720  40.222  -29.414  52.724 0.0000000000
49933  40.037  -28.701  51.989 0.0000000000
51094  41.270  -28.049  52.617 0.0000000000
51076  41.214  -27.557  52.633 0.0000000000
48689  41.455  -30.008  54.424 0.0000000000
48688  42.219  -29.546  53.786 0.0000000000
45061  40.842  -31.919  54.640 0.0000000000
46317  42.414  -31.199  52.799 0.0000000000
76528  50.261  -6.162  30.397 0.0000000000
75409  49.740  -7.758  29.659 0.0000000000
70501  47.602  -11.504  36.295 0.0000000000
70524  46.786  -11.300  35.438 0.0000000000
70523  47.849  -11.001  35.566 0.0000000000
73056  47.582  -9.029  33.419 0.0000000000
74235  47.643  -8.038  32.858 0.0000000000
74216  48.632  -8.173  34.145 0.0000000000
74203  50.031  -8.347  34.542 0.0000000000
74201  51.295  -7.930  35.282 0.0000000000
75340  52.219  -7.797  35.114 0.0000000000
58487  44.506  -21.564  50.851 0.0000000000
58488  44.251  -22.155  50.659 0.0000000000
59695  44.109  -21.763  49.958 0.0000000000
63272  45.107  -17.290  47.774 0.0000000000
66686  43.955  -14.757  46.718 0.0000000000
69155  43.578  -13.443  45.967 0.0000000000
69186  43.476  -13.258  44.103 0.0000000000
69153  45.176  -12.392  45.833 0.0000000000
69124  46.448  -13.088  47.650 0.0000000000
70360  46.010  -11.942  47.283 0.0000000000
70358  47.005  -12.535  47.291 0.0000000000
69138  47.252  -13.014  47.343 0.0000000000
65469  48.007  -15.350  48.632 0.0000000000
66659  48.211  -15.039  47.935 0.0000000000
66683  48.334  -14.604  47.025 0.0000000000
66706  48.561  -14.607  46.184 0.0000000000
66726  48.611  -14.605  45.637 0.0000000000
66705  48.929  -15.105  46.097 0.0000000000
64426  48.589  -15.770  45.280 0.0000000000
57298  46.450  -21.967  48.495 0.0000000000
48557  30.289  -29.958  60.867 0.0000000000
47387  30.813  -30.467  60.786 0.0000000000
46217  30.533  -31.084  60.905 0.0000000000
46218  29.686  -31.151  60.770 0.0000000000
69226  44.556  -13.128  41.566 0.0000000000
69199  44.974  -12.610  42.806 0.0000000000
43850  36.744  -33.294  57.258 0.0000000000
45043  37.140  -32.483  56.847 0.0000000000
43861  37.405  -33.222  56.741 0.0000000000
43860  38.088  -33.152  56.278 0.0000000000
76492  48.231  -6.689  32.983 0.0000000000
75364  48.665  -7.442  33.660 0.0000000000
72989  51.443  -9.917  38.397 0.0000000000
72972  52.395  -10.017  39.029 0.0000000000
58474  45.838  -21.984  51.186 0.0000000000
58461  45.608  -21.431  51.469 0.0000000000
59672  45.955  -20.571  51.362 0.0000000000
60906  45.584  -20.207  51.325 0.0000000000
60918  46.085  -19.654  51.048 0.0000000000
62090  45.775  -19.238  50.725 0.0000000000
60931  46.638  -19.136  50.595 0.0000000000
62099  47.096  -18.380  50.299 0.0000000000
48612  32.981  -30.727  59.117 0.0000000000
47418  33.239  -31.065  59.315 0.0000000000
47417  33.881  -31.330  58.863 0.0000000000
46262  34.281  -31.801  58.745 0.0000000000
46261  34.946  -31.848  58.296 0.0000000000
45034  34.582  -32.559  58.585 0.0000000000
69255  45.742  -13.145  39.635 0.0000000000
69236  47.132  -12.639  39.951 0.0000000000
70452  47.801  -12.214  39.695 0.0000000000
71735  48.807  -11.170  41.105 0.0000000000
71718  48.914  -11.011  41.670 0.0000000000
71659  48.058  -10.992  44.700 0.0000000000
69198  49.277  -12.745  43.706 0.0000000000
69183  48.834  -12.732  44.414 0.0000000000
69165  48.546  -13.046  44.953 0.0000000000
51055  42.907  -27.649  53.537 0.0000000000
51073  43.788  -27.488  53.171 0.0000000000
49962  45.138  -28.273  50.945 0.0000000000
53693  46.010  -25.923  51.124 0.0000000000
54893  45.710  -25.216  51.243 0.0000000000
53711  46.100  -25.675  50.638 0.0000000000
53726  46.029  -25.432  49.922 0.0000000000
48692  38.164  -30.320  54.260 0.0000000000
48709  38.321  -30.132  53.190 0.0000000000
48708  39.363  -30.042  53.374 0.0000000000
48707  40.527  -29.501  53.485 0.0000000000
49899  41.338  -28.941  53.396 0.0000000000
70522  48.245  -10.781  35.642 0.0000000000
71835  47.734  -10.058  34.031 0.0000000000
73045  49.662  -8.876  34.825 0.0000000000
74169  52.827  -9.030  37.152 0.0000000000
74183  52.431  -8.505  36.480 0.0000000000
54869  43.162  -24.759  51.802 0.0000000000
59707  43.939  -20.642  49.605 0.0000000000
59708  43.634  -21.397  49.565 0.0000000000
59719  43.778  -20.283  49.164 0.0000000000
59732  42.774  -20.374  48.018 0.0000000000
64397  44.843  -16.223  47.321 0.0000000000
65471  45.494  -15.540  47.931 0.0000000000
65482  44.835  -15.311  47.332 0.0000000000
66685  44.438  -14.797  47.131 0.0000000000
67888  43.669  -14.304  46.494 0.0000000000
67887  44.228  -13.884  47.059 0.0000000000
67886  44.858  -13.355  47.189 0.0000000000
69140  44.607  -13.204  46.930 0.0000000000
69139  45.198  -12.713  46.963 0.0000000000
69113  46.313  -13.507  47.772 0.0000000000
69111  46.834  -13.038  47.925 0.0000000000
64388  48.609  -16.771  48.538 0.0000000000
65468  48.455  -15.870  48.291 0.0000000000
64395  48.798  -16.645  47.722 0.0000000000
65480  48.901  -16.143  47.141 0.0000000000
64404  48.806  -16.460  46.774 0.0000000000
65503  48.993  -15.631  46.018 0.0000000000
64405  48.545  -16.820  46.367 0.0000000000
48614  31.673  -30.124  58.838 0.0000000000
48596  31.563  -30.155  59.602 0.0000000000
48595  32.258  -30.645  59.608 0.0000000000
47419  32.645  -30.905  59.606 0.0000000000
46231  32.557  -31.658  59.739 0.0000000000
44996  32.646  -32.379  59.607 0.0000000000
43825  32.671  -33.092  59.217 0.0000000000
43800  32.391  -32.917  59.549 0.0000000000
44999  30.638  -31.951  60.248 0.0000000000
70419  47.731  -11.703  42.544 0.0000000000
70406  47.598  -11.339  43.298 0.0000000000
71680  47.114  -11.145  44.241 0.0000000000
70379  47.921  -11.771  46.124 0.0000000000
47489  43.840  -29.917  52.034 0.0000000000
48651  35.864  -30.497  56.169 0.0000000000
48695  35.457  -29.537  54.935 0.0000000000
48649  37.597  -30.594  55.876 0.0000000000
46280  37.498  -31.723  56.498 0.0000000000
47458  37.758  -31.061  56.150 0.0000000000
48648  38.129  -30.752  55.824 0.0000000000
47457  38.612  -31.066  55.825 0.0000000000
47470  39.875  -31.054  55.199 0.0000000000
45062  40.307  -32.187  54.831 0.0000000000
78582  49.164  -5.212  32.029 0.0000000000
78581  49.318  -5.426  31.893 0.0000000000
76510  49.344  -6.785  31.671 0.0000000000
77513  49.118  -5.666  32.012 0.0000000000
75362  50.912  -7.980  33.805 0.0000000000
70479  49.077  -11.158  37.335 0.0000000000
71788  49.014  -11.014  37.080 0.0000000000
71805  48.930  -10.788  36.536 0.0000000000
71803  50.340  -9.742  36.149 0.0000000000
73021  51.550  -9.179  37.140 0.0000000000
74171  51.924  -9.068  37.144 0.0000000000
73003  53.038  -9.524  37.867 0.0000000000
71784  53.105  -9.811  37.486 0.0000000000
56039  44.328  -23.556  52.035 0.0000000000
57226  44.331  -22.814  51.724 0.0000000000
58475  44.552  -21.983  51.276 0.0000000000
59687  44.640  -21.094  51.082 0.0000000000
60921  44.552  -20.717  50.679 0.0000000000
60934  44.464  -20.365  50.280 0.0000000000
62113  44.494  -19.433  48.976 0.0000000000
62120  44.409  -19.145  48.433 0.0000000000
63265  45.290  -17.450  48.676 0.0000000000
63264  45.517  -17.436  49.380 0.0000000000
63257  45.769  -17.452  49.889 0.0000000000
64380  45.551  -16.586  48.989 0.0000000000
64379  45.777  -16.609  49.582 0.0000000000
65455  46.603  -15.311  49.243 0.0000000000
65440  46.910  -15.977  49.936 0.0000000000
64377  48.201  -16.716  49.202 0.0000000000
63262  48.157  -17.408  49.297 0.0000000000
63271  48.559  -17.558  48.691 0.0000000000
62118  48.614  -17.953  48.459 0.0000000000
60959  48.503  -18.349  47.924 0.0000000000
49886  34.762  -29.717  55.413 0.0000000000
48678  33.591  -30.320  56.061 0.0000000000
48677  34.524  -30.251  55.985 0.0000000000
48652  35.067  -30.642  56.483 0.0000000000
48629  35.482  -30.882  56.641 0.0000000000
47444  35.789  -31.232  57.079 0.0000000000
46273  36.139  -31.775  57.182 0.0000000000
45045  35.853  -32.463  57.759 0.0000000000
45044  36.455  -32.506  57.300 0.0000000000
70451  48.492  -11.941  39.324 0.0000000000
71732  50.959  -10.983  40.767 0.0000000000
71715  50.822  -11.224  41.064 0.0000000000
71677  49.622  -11.181  43.595 0.0000000000
53675  41.269  -26.278  52.435 0.0000000000
53674  42.290  -25.531  52.115 0.0000000000
53655  42.894  -25.720  52.921 0.0000000000
53673  42.942  -25.250  52.320 0.0000000000
54844  43.645  -24.987  52.652 0.0000000000
56017  44.000  -24.261  52.442 0.0000000000
48717  44.061  -29.140  52.291 0.0000000000
51093  44.696  -27.503  52.441 0.0000000000
52313  44.390  -26.805  52.773 0.0000000000
51113  45.279  -27.473  51.678 0.0000000000
52329  45.141  -26.853  52.150 0.0000000000
52298  44.346  -26.210  52.695 0.0000000000
54819  44.208  -25.537  52.716 0.0000000000
55997  44.261  -24.905  52.590 0.0000000000
56016  44.320  -24.334  52.295 0.0000000000
56064  45.565  -23.072  51.386 0.0000000000
57244  45.779  -22.674  51.177 0.0000000000
57243  46.132  -22.298  50.884 0.0000000000
57223  46.267  -21.702  50.879 0.0000000000
57242  46.549  -21.698  50.473 0.0000000000
57262  46.839  -21.686  49.782 0.0000000000
56100  46.557  -22.737  48.969 0.0000000000
54942  45.687  -24.231  48.587 0.0000000000
48694  35.946  -29.638  54.775 0.0000000000
48710  37.301  -29.888  53.561 0.0000000000
52332  40.513  -27.004  52.276 0.0000000000
52316  41.323  -27.163  52.857 0.0000000000
48687  42.612  -29.342  53.560 0.0000000000
47486  42.966  -30.101  53.100 0.0000000000
47469  40.609  -31.004  55.073 0.0000000000
47468  41.139  -30.895  54.872 0.0000000000
47480  41.556  -30.851  54.555 0.0000000000
45073  41.609  -31.810  53.846 0.0000000000
47487  42.522  -30.638  53.402 0.0000000000
49815  28.328  -29.126  60.434 0.0000000000
73034  50.658  -9.135  35.802 0.0000000000
74195  51.114  -8.416  35.680 0.0000000000
74194  51.841  -8.039  35.695 0.0000000000
75345  52.931  -8.214  34.323 0.0000000000
69201  43.557  -13.194  43.155 0.0000000000
57246  44.018  -22.937  51.404 0.0000000000
67921  42.899  -13.837  45.219 0.0000000000
69185  44.241  -12.727  43.782 0.0000000000
70382  45.295  -12.173  44.792 0.0000000000
70381  45.806  -11.855  45.271 0.0000000000
70370  45.845  -11.767  46.298 0.0000000000
70369  46.800  -11.543  46.490 0.0000000000
70368  47.548  -12.091  46.691 0.0000000000
70367  47.939  -12.279  46.430 0.0000000000
66637  46.882  -14.352  48.639 0.0000000000
67871  47.104  -13.689  48.069 0.0000000000
67885  47.657  -14.019  47.689 0.0000000000
67884  47.944  -13.662  46.898 0.0000000000
69151  47.895  -12.794  46.476 0.0000000000
67920  48.343  -14.066  45.639 0.0000000000
66738  48.488  -14.516  44.912 0.0000000000
65515  48.747  -15.388  45.427 0.0000000000
58501  47.096  -21.024  49.236 0.0000000000
59718  47.265  -20.181  48.576 0.0000000000
58541  46.391  -21.290  47.752 0.0000000000
43799  32.822  -32.779  59.354 0.0000000000
43876  38.602  -33.042  55.729 0.0000000000
44982  30.913  -31.540  60.621 0.0000000000
44998  31.381  -31.838  60.292 0.0000000000
45074  41.195  -32.118  54.240 0.0000000000
46215  31.557  -31.051  60.505 0.0000000000
46233  31.466  -31.469  60.448 0.0000000000
46284  40.726  -31.502  54.899 0.0000000000
46291  41.678  -31.371  54.249 0.0000000000
47385  31.720  -30.946  60.347 0.0000000000
47386  31.411  -30.772  60.555 0.0000000000
47433  33.701  -30.989  58.665 0.0000000000
47442  37.141  -31.217  56.460 0.0000000000
47456  39.251  -31.244  55.580 0.0000000000
48628  35.871  -30.874  56.605 0.0000000000
48719  40.852  -29.129  52.951 0.0000000000
49914  43.576  -28.106  53.219 0.0000000000
49915  43.336  -28.563  53.282 0.0000000000
49932  40.848  -28.643  52.559 0.0000000000
51058  41.576  -28.029  53.056 0.0000000000
51075  41.440  -27.816  52.849 0.0000000000
51092  45.114  -27.269  52.152 0.0000000000
51095  40.807  -27.814  52.236 0.0000000000
52303  41.630  -27.641  53.140 0.0000000000
52312  44.758  -26.426  52.363 0.0000000000
52315  41.844  -26.718  53.220 0.0000000000
52330  44.774  -26.867  52.486 0.0000000000
52362  45.911  -26.477  50.876 0.0000000000
52382  45.898  -26.195  50.137 0.0000000000
53633  44.341  -25.792  52.610 0.0000000000
53652  44.914  -25.621  51.855 0.0000000000
53656  42.004  -26.220  52.855 0.0000000000
53671  45.095  -25.600  51.732 0.0000000000
53694  45.682  -25.947  51.441 0.0000000000
54842  44.484  -25.418  52.389 0.0000000000
54843  44.021  -24.833  52.748 0.0000000000
54867  45.120  -25.253  51.700 0.0000000000
54868  45.314  -25.561  51.613 0.0000000000
55996  44.309  -25.204  52.589 0.0000000000
56139  45.942  -22.479  47.973 0.0000000000
57222  46.354  -21.430  50.858 0.0000000000
57245  44.353  -22.513  51.411 0.0000000000
58473  46.099  -21.820  51.022 0.0000000000
58542  46.090  -21.773  47.628 0.0000000000
59675  44.716  -21.523  51.433 0.0000000000
59685  45.194  -20.363  51.331 0.0000000000
60907  45.331  -20.290  51.340 0.0000000000
60950  48.584  -18.295  48.151 0.0000000000
62091  45.595  -19.330  50.652 0.0000000000
62117  48.698  -18.022  48.016 0.0000000000
64387  48.794  -16.951  48.151 0.0000000000
64396  48.699  -16.266  48.005 0.0000000000
65442  45.943  -16.194  49.703 0.0000000000
65491  48.760  -15.175  46.656 0.0000000000
66661  45.526  -14.642  47.773 0.0000000000
67852  46.781  -13.693  47.998 0.0000000000
69112  46.643  -13.516  47.748 0.0000000000
69123  46.969  -13.063  47.587 0.0000000000
69137  47.598  -12.966  46.975 0.0000000000
70348  46.683  -12.754  47.465 0.0000000000
70349  46.376  -12.563  47.528 0.0000000000
70463  47.690  -12.308  37.812 0.0000000000
71630  47.736  -11.627  46.167 0.0000000000
71656  49.969  -11.611  43.799 0.0000000000
74185  51.077  -8.791  36.222 0.0000000000
