#!ascii label  , from subject sub.01.bl.02 vox2ras=TkReg
1003
61967  14.748  -18.488  65.632 0.0000000000
58456  7.741  -21.453  53.755 0.0000000000
57078  5.972  -22.216  67.535 0.0000000000
64255  4.341  -16.153  63.047 0.0000000000
71502  5.100  -11.280  56.499 0.0000000000
60768  9.598  -19.691  67.881 0.0000000000
65284  8.302  -16.222  66.556 0.0000000000
58308  17.463  -19.425  64.601 0.0000000000
57087  11.705  -20.548  65.725 0.0000000000
53470  7.611  -23.650  65.129 0.0000000000
71401  6.534  -10.282  64.719 0.0000000000
67753  5.730  -13.560  59.946 0.0000000000
75104  7.294  -8.759  62.114 0.0000000000
53514  4.389  -25.631  62.974 0.0000000000
58344  6.309  -21.685  62.169 0.0000000000
60791  6.239  -19.492  65.650 0.0000000000
68927  6.764  -12.400  66.131 0.0000000000
62015  8.095  -18.411  59.482 0.0000000000
63221  6.507  -16.358  54.315 0.0000000000
65439  4.708  -15.169  51.193 0.0000000000
71566  7.834  -11.039  54.059 0.0000000000
61956  11.819  -18.740  66.819 0.0000000000
63088  10.550  -17.716  66.047 0.0000000000
59548  16.326  -19.628  65.872 0.0000000000
58302  15.249  -20.690  65.438 0.0000000000
59551  13.002  -19.921  66.277 0.0000000000
57071  10.801  -20.708  66.738 0.0000000000
75092  6.655  -8.504  63.060 0.0000000000
54733  5.309  -24.558  64.380 0.0000000000
57092  5.912  -22.692  64.862 0.0000000000
58304  5.963  -21.578  66.028 0.0000000000
67690  9.012  -13.814  64.653 0.0000000000
66474  7.367  -14.557  66.041 0.0000000000
53463  6.582  -23.656  65.824 0.0000000000
50932  6.449  -26.491  64.620 0.0000000000
53474  5.701  -25.326  65.076 0.0000000000
50953  4.143  -27.248  63.784 0.0000000000
60807  7.012  -19.078  63.104 0.0000000000
59603  7.570  -20.495  61.002 0.0000000000
62008  6.571  -17.482  60.937 0.0000000000
69013  5.145  -12.689  58.141 0.0000000000
64301  5.613  -15.023  57.691 0.0000000000
66586  5.289  -14.131  55.678 0.0000000000
64357  5.394  -15.560  52.680 0.0000000000
69053  5.120  -12.719  53.783 0.0000000000
58286  7.797  -21.017  67.760 0.0000000000
60782  6.586  -19.654  67.429 0.0000000000
63069  8.955  -18.297  67.650 0.0000000000
65303  9.781  -16.202  64.795 0.0000000000
58336  18.714  -19.610  62.610 0.0000000000
58355  17.073  -19.579  61.699 0.0000000000
58327  16.295  -19.891  63.412 0.0000000000
57094  12.808  -20.516  64.049 0.0000000000
55896  9.978  -21.818  65.593 0.0000000000
55881  8.928  -21.829  67.097 0.0000000000
68940  5.096  -12.549  64.097 0.0000000000
65344  4.810  -14.805  61.666 0.0000000000
71421  6.406  -11.594  62.582 0.0000000000
72736  6.595  -10.585  61.049 0.0000000000
73950  6.513  -9.970  59.581 0.0000000000
63082  16.765  -17.626  65.290 0.0000000000
60834  21.655  -17.891  60.291 0.0000000000
61987  23.301  -17.239  62.229 0.0000000000
59568  20.492  -18.919  63.704 0.0000000000
61948  18.544  -18.442  65.595 0.0000000000
52235  3.522  -25.886  60.682 0.0000000000
55934  4.184  -23.925  60.176 0.0000000000
55917  5.031  -23.985  62.184 0.0000000000
59570  6.613  -20.919  64.671 0.0000000000
63111  4.995  -17.822  64.904 0.0000000000
63089  5.929  -17.746  66.876 0.0000000000
65296  5.390  -15.856  66.014 0.0000000000
66495  4.634  -14.300  65.039 0.0000000000
70147  6.054  -11.435  66.202 0.0000000000
57160  5.134  -23.016  58.580 0.0000000000
59636  6.687  -20.704  57.472 0.0000000000
60875  7.813  -19.736  56.425 0.0000000000
63153  5.175  -16.284  59.236 0.0000000000
63191  8.062  -16.543  56.294 0.0000000000
62073  8.731  -18.736  53.672 0.0000000000
63246  7.109  -17.908  52.137 0.0000000000
60940  5.188  -18.352  49.677 0.0000000000
73928  10.183  -8.396  61.976 0.0000000000
72755  8.500  -10.314  58.666 0.0000000000
71474  10.186  -10.936  57.321 0.0000000000
72824  6.099  -10.714  54.994 0.0000000000
69071  5.403  -12.677  52.644 0.0000000000
61955  12.996  -19.001  66.275 0.0000000000
63086  12.926  -18.276  65.652 0.0000000000
61976  14.113  -18.398  65.392 0.0000000000
61953  15.297  -18.950  65.980 0.0000000000
59549  15.554  -19.849  66.073 0.0000000000
60778  13.674  -19.501  66.313 0.0000000000
60779  12.364  -19.452  66.628 0.0000000000
58471  7.350  -22.325  53.652 0.0000000000
58470  8.159  -21.719  53.089 0.0000000000
55897  5.905  -23.165  65.867 0.0000000000
55898  5.890  -22.850  65.532 0.0000000000
58289  5.799  -21.705  67.375 0.0000000000
58388  18.496  -19.013  60.120 0.0000000000
55891  6.513  -22.766  66.597 0.0000000000
53464  6.210  -24.043  65.980 0.0000000000
54727  5.973  -23.747  66.143 0.0000000000
53487  5.444  -25.247  64.604 0.0000000000
63121  5.720  -17.430  63.526 0.0000000000
61998  6.699  -17.891  62.128 0.0000000000
63132  6.127  -17.007  62.506 0.0000000000
70251  5.036  -11.745  57.076 0.0000000000
67780  4.530  -13.380  56.831 0.0000000000
69032  4.851  -12.643  55.987 0.0000000000
67797  5.304  -13.222  54.738 0.0000000000
71525  4.808  -11.503  55.522 0.0000000000
59541  9.176  -20.431  68.125 0.0000000000
60770  7.962  -19.649  68.190 0.0000000000
61945  9.191  -18.976  67.776 0.0000000000
64218  9.812  -17.061  65.588 0.0000000000
66507  10.186  -14.545  63.449 0.0000000000
58324  18.549  -19.457  63.100 0.0000000000
58326  17.060  -19.446  63.388 0.0000000000
58317  16.820  -19.657  63.960 0.0000000000
57079  13.260  -20.501  65.521 0.0000000000
57090  13.746  -20.596  64.830 0.0000000000
55893  11.989  -20.636  64.784 0.0000000000
55895  10.612  -21.393  65.403 0.0000000000
58283  10.062  -20.677  67.493 0.0000000000
57083  9.830  -21.219  66.876 0.0000000000
58284  9.499  -21.083  68.002 0.0000000000
57075  8.088  -21.449  67.444 0.0000000000
71403  6.118  -11.228  64.646 0.0000000000
68949  5.654  -12.340  63.698 0.0000000000
72708  6.452  -10.511  63.787 0.0000000000
75099  6.955  -8.383  62.545 0.0000000000
73934  7.084  -10.094  62.118 0.0000000000
73940  7.089  -9.868  61.804 0.0000000000
72746  6.467  -10.140  60.276 0.0000000000
72723  7.436  -9.541  61.449 0.0000000000
59573  20.595  -19.211  62.910 0.0000000000
53527  4.164  -25.480  62.127 0.0000000000
54746  4.579  -24.729  61.618 0.0000000000
54743  4.772  -24.753  62.644 0.0000000000
59566  6.291  -20.799  65.477 0.0000000000
58321  6.298  -21.931  63.986 0.0000000000
60796  6.530  -19.688  65.066 0.0000000000
60801  6.855  -19.922  64.421 0.0000000000
61978  5.654  -18.423  65.456 0.0000000000
63077  7.493  -17.771  67.138 0.0000000000
61960  6.280  -18.691  67.143 0.0000000000
64210  6.917  -16.765  66.670 0.0000000000
67684  7.020  -13.472  66.157 0.0000000000
65295  6.042  -15.477  66.255 0.0000000000
66484  5.744  -14.645  66.149 0.0000000000
65306  4.816  -15.469  65.392 0.0000000000
67686  5.529  -13.205  65.983 0.0000000000
68929  5.307  -12.423  65.674 0.0000000000
68920  6.469  -11.880  66.227 0.0000000000
58357  15.009  -19.275  61.456 0.0000000000
58391  15.454  -19.264  60.072 0.0000000000
53500  7.705  -24.174  63.779 0.0000000000
52187  7.736  -24.389  63.194 0.0000000000
52188  7.367  -24.835  63.818 0.0000000000
50933  5.967  -26.926  65.035 0.0000000000
50965  6.196  -27.419  63.529 0.0000000000
52199  3.997  -26.602  63.292 0.0000000000
52209  3.740  -26.284  62.543 0.0000000000
57117  4.984  -23.563  60.636 0.0000000000
57128  4.503  -23.532  59.798 0.0000000000
58379  5.788  -22.775  60.488 0.0000000000
59602  7.856  -20.259  60.345 0.0000000000
58411  7.011  -21.478  58.862 0.0000000000
59623  8.287  -20.108  58.317 0.0000000000
60876  7.033  -20.173  56.758 0.0000000000
60847  8.563  -19.477  58.032 0.0000000000
66548  5.631  -14.366  60.428 0.0000000000
64279  5.461  -15.797  60.223 0.0000000000
65368  5.637  -15.361  59.913 0.0000000000
63208  6.177  -15.586  55.883 0.0000000000
63179  5.990  -15.746  57.466 0.0000000000
63206  7.163  -16.356  55.278 0.0000000000
63204  8.687  -17.433  55.180 0.0000000000
63219  7.972  -17.268  53.984 0.0000000000
63233  7.978  -17.909  52.825 0.0000000000
63235  6.496  -16.862  53.158 0.0000000000
64366  5.075  -15.702  51.526 0.0000000000
62089  5.535  -17.496  51.139 0.0000000000
62107  4.694  -16.968  50.113 0.0000000000
73939  10.930  -8.700  61.083 0.0000000000
72731  9.229  -9.743  60.365 0.0000000000
72741  10.210  -9.999  59.588 0.0000000000
71521  9.589  -10.906  55.342 0.0000000000
71522  8.523  -10.940  55.476 0.0000000000
71498  8.374  -11.047  56.291 0.0000000000
71546  6.923  -10.667  54.621 0.0000000000
70295  6.166  -11.851  54.161 0.0000000000
70311  6.733  -12.186  53.289 0.0000000000
60781  10.820  -19.226  67.495 0.0000000000
63067  10.182  -18.510  67.309 0.0000000000
63072  11.566  -18.321  66.564 0.0000000000
59559  17.141  -19.688  65.124 0.0000000000
58310  16.190  -20.429  64.774 0.0000000000
58291  16.179  -19.986  65.731 0.0000000000
58293  13.795  -20.422  65.891 0.0000000000
57080  12.442  -20.394  65.830 0.0000000000
57081  11.296  -20.646  66.229 0.0000000000
58294  12.177  -20.213  66.206 0.0000000000
59553  11.135  -19.895  67.388 0.0000000000
73909  7.554  -8.535  64.758 0.0000000000
72711  6.616  -9.578  63.735 0.0000000000
75085  7.247  -7.953  64.273 0.0000000000
76187  7.599  -7.346  63.820 0.0000000000
76196  7.843  -7.466  63.236 0.0000000000
54737  5.161  -24.782  63.873 0.0000000000
55909  5.393  -23.300  64.187 0.0000000000
55910  5.174  -24.055  64.027 0.0000000000
58305  6.196  -21.798  65.558 0.0000000000
60790  6.161  -19.861  66.059 0.0000000000
66472  8.572  -15.165  65.296 0.0000000000
65293  7.841  -15.473  66.189 0.0000000000
67682  8.300  -13.999  65.362 0.0000000000
68925  8.211  -12.841  65.584 0.0000000000
68926  7.508  -12.638  65.935 0.0000000000
70145  7.197  -11.237  66.348 0.0000000000
53461  7.663  -23.178  65.814 0.0000000000
52178  6.716  -25.368  64.568 0.0000000000
52164  6.344  -24.977  64.997 0.0000000000
52180  5.811  -26.207  65.123 0.0000000000
50934  5.362  -26.836  64.713 0.0000000000
50952  4.739  -27.361  64.197 0.0000000000
52182  4.978  -26.127  64.168 0.0000000000
53488  5.075  -25.467  63.964 0.0000000000
59583  7.048  -20.455  62.680 0.0000000000
58361  6.960  -21.341  61.580 0.0000000000
59594  6.986  -20.214  61.938 0.0000000000
60817  6.866  -19.280  61.347 0.0000000000
62017  6.631  -17.755  60.138 0.0000000000
69003  5.459  -12.903  58.883 0.0000000000
66567  5.318  -14.294  58.244 0.0000000000
67772  4.775  -13.619  57.804 0.0000000000
65395  5.420  -14.534  56.218 0.0000000000
64338  5.963  -15.383  55.455 0.0000000000
63236  5.944  -16.486  53.275 0.0000000000
65411  5.616  -14.964  54.284 0.0000000000
65417  5.306  -14.820  53.110 0.0000000000
66611  4.426  -14.061  52.080 0.0000000000
71564  9.382  -11.476  53.776 0.0000000000
70310  7.494  -12.131  53.195 0.0000000000
69067  8.775  -12.651  52.794 0.0000000000
57077  6.464  -21.926  67.624 0.0000000000
58288  6.109  -21.361  67.813 0.0000000000
59543  7.480  -20.410  67.942 0.0000000000
61947  7.692  -19.040  67.932 0.0000000000
64208  8.712  -16.954  66.941 0.0000000000
63074  9.816  -17.855  67.056 0.0000000000
64207  9.278  -17.054  66.564 0.0000000000
65283  8.879  -16.470  66.368 0.0000000000
66482  9.089  -15.090  64.720 0.0000000000
58352  19.397  -19.476  62.148 0.0000000000
58370  17.800  -19.459  60.879 0.0000000000
58354  17.972  -19.627  61.880 0.0000000000
58311  15.379  -20.795  64.719 0.0000000000
58320  14.560  -20.468  63.812 0.0000000000
57104  13.594  -19.940  63.007 0.0000000000
54730  8.893  -22.981  64.423 0.0000000000
54725  8.754  -22.796  65.158 0.0000000000
57082  10.419  -21.020  66.564 0.0000000000
54719  8.820  -22.334  65.828 0.0000000000
54720  8.170  -22.686  66.022 0.0000000000
54715  7.979  -22.298  66.445 0.0000000000
54717  7.174  -22.395  66.801 0.0000000000
66509  4.023  -14.215  63.299 0.0000000000
65332  4.185  -15.076  62.697 0.0000000000
67710  4.413  -13.232  63.090 0.0000000000
67734  5.190  -12.913  61.956 0.0000000000
68971  5.636  -12.434  61.452 0.0000000000
72716  6.683  -9.939  62.887 0.0000000000
71428  6.388  -11.380  61.888 0.0000000000
70219  6.053  -11.817  60.546 0.0000000000
71450  6.089  -11.534  59.638 0.0000000000
72759  6.010  -11.205  59.197 0.0000000000
71462  6.529  -10.916  58.078 0.0000000000
61966  15.703  -18.414  65.670 0.0000000000
59610  20.490  -18.679  60.311 0.0000000000
64278  24.618  -15.921  60.936 0.0000000000
63128  24.065  -16.354  61.995 0.0000000000
63139  23.565  -16.543  61.069 0.0000000000
60815  22.649  -17.550  61.434 0.0000000000
59599  21.746  -18.256  61.739 0.0000000000
59592  20.600  -18.897  61.927 0.0000000000
58323  19.412  -19.375  63.094 0.0000000000
58306  18.652  -19.103  64.335 0.0000000000
60784  19.037  -18.527  64.931 0.0000000000
59557  18.161  -19.164  65.003 0.0000000000
60774  17.233  -18.949  65.778 0.0000000000
61951  16.860  -18.685  65.731 0.0000000000
55924  4.792  -24.044  61.082 0.0000000000
57107  5.744  -22.686  62.362 0.0000000000
55913  5.374  -23.108  63.778 0.0000000000
57100  5.623  -22.772  63.334 0.0000000000
58330  6.215  -21.898  63.062 0.0000000000
60800  6.934  -19.462  63.885 0.0000000000
61986  6.316  -18.722  64.185 0.0000000000
63118  4.702  -17.077  63.559 0.0000000000
59554  6.142  -20.490  67.461 0.0000000000
60783  6.137  -19.599  67.005 0.0000000000
61972  5.722  -18.441  65.958 0.0000000000
64220  6.467  -16.104  66.383 0.0000000000
64221  5.881  -16.666  66.444 0.0000000000
63099  4.958  -17.582  65.529 0.0000000000
64230  4.415  -16.583  65.234 0.0000000000
65307  4.187  -15.847  64.778 0.0000000000
65320  4.027  -15.503  63.876 0.0000000000
67698  4.486  -13.329  64.675 0.0000000000
70157  5.281  -11.969  65.283 0.0000000000
72702  6.405  -10.512  65.485 0.0000000000
71382  6.909  -10.841  66.317 0.0000000000
72696  7.048  -10.070  65.804 0.0000000000
72700  7.410  -9.520  65.464 0.0000000000
52218  7.152  -26.084  61.747 0.0000000000
52189  6.835  -25.962  64.140 0.0000000000
58397  5.840  -22.609  59.471 0.0000000000
58413  5.563  -22.403  58.231 0.0000000000
59660  7.599  -20.461  54.899 0.0000000000
63133  5.677  -16.173  61.685 0.0000000000
63152  5.986  -17.076  59.846 0.0000000000
63151  6.805  -17.534  59.335 0.0000000000
64290  5.325  -15.850  58.411 0.0000000000
63162  6.378  -17.046  58.463 0.0000000000
63175  8.626  -17.822  57.870 0.0000000000
62051  8.910  -18.532  55.967 0.0000000000
60886  8.585  -19.260  55.176 0.0000000000
60905  8.474  -19.880  53.901 0.0000000000
60912  8.560  -19.614  52.600 0.0000000000
63248  5.865  -17.190  52.218 0.0000000000
62096  5.883  -18.524  50.862 0.0000000000
76195  8.984  -7.108  63.362 0.0000000000
76194  10.090  -6.647  62.691 0.0000000000
73930  8.386  -8.831  61.908 0.0000000000
72732  8.164  -9.597  60.468 0.0000000000
72756  7.580  -10.162  58.693 0.0000000000
71500  6.161  -10.794  57.055 0.0000000000
72769  8.742  -10.746  57.853 0.0000000000
72782  7.144  -10.617  56.449 0.0000000000
72805  5.269  -10.774  55.483 0.0000000000
71570  5.344  -11.584  54.888 0.0000000000
69072  4.723  -12.934  52.803 0.0000000000
67831  4.478  -13.736  51.798 0.0000000000
69109  5.032  -13.628  51.366 0.0000000000
61954  14.220  -19.025  66.049 0.0000000000
61968  13.567  -18.572  65.777 0.0000000000
60777  14.879  -19.473  66.144 0.0000000000
57219  6.670  -22.678  54.053 0.0000000000
57084  5.921  -22.251  66.792 0.0000000000
58405  19.905  -18.850  59.731 0.0000000000
58406  19.213  -18.747  59.237 0.0000000000
58387  19.300  -19.120  60.465 0.0000000000
55892  6.173  -22.766  66.751 0.0000000000
54731  5.693  -24.112  65.566 0.0000000000
63122  5.162  -16.605  62.714 0.0000000000
70252  4.676  -12.027  56.566 0.0000000000
71503  4.627  -11.614  56.016 0.0000000000
70263  4.775  -11.960  55.631 0.0000000000
60769  8.782  -19.669  68.060 0.0000000000
58316  17.586  -19.343  63.875 0.0000000000
58309  16.778  -19.776  64.678 0.0000000000
57086  12.425  -20.496  65.301 0.0000000000
57085  13.322  -20.576  65.163 0.0000000000
55894  11.362  -20.895  65.179 0.0000000000
55886  11.119  -20.908  65.786 0.0000000000
59540  9.972  -20.328  67.867 0.0000000000
58285  8.661  -21.139  68.056 0.0000000000
71412  6.312  -11.201  64.016 0.0000000000
71411  6.350  -10.759  64.322 0.0000000000
75098  7.451  -8.262  62.485 0.0000000000
75105  7.093  -8.785  62.258 0.0000000000
73932  7.245  -9.258  61.926 0.0000000000
72724  7.278  -9.690  61.536 0.0000000000
73931  7.617  -8.856  61.914 0.0000000000
59565  6.145  -20.424  65.934 0.0000000000
64209  7.922  -16.907  66.928 0.0000000000
66475  6.460  -14.408  66.277 0.0000000000
67685  6.227  -13.237  66.302 0.0000000000
66476  5.757  -13.925  66.253 0.0000000000
53485  7.693  -24.024  64.197 0.0000000000
50951  5.345  -27.367  64.374 0.0000000000
49784  5.356  -27.776  63.741 0.0000000000
57116  5.704  -22.878  61.285 0.0000000000
57127  5.201  -23.275  60.241 0.0000000000
58362  6.213  -22.219  61.279 0.0000000000
60836  8.212  -19.576  59.615 0.0000000000
59612  8.138  -20.562  59.472 0.0000000000
59611  8.378  -19.971  58.814 0.0000000000
62026  8.607  -18.413  58.429 0.0000000000
67744  5.519  -13.569  60.754 0.0000000000
65367  5.638  -14.975  60.292 0.0000000000
66560  5.814  -14.277  59.691 0.0000000000
63207  6.565  -15.917  55.511 0.0000000000
63205  7.942  -16.774  55.057 0.0000000000
63220  7.170  -16.782  54.125 0.0000000000
63254  4.875  -16.488  50.678 0.0000000000
64376  4.542  -15.881  50.549 0.0000000000
75111  11.160  -7.935  61.225 0.0000000000
72730  10.227  -9.633  60.508 0.0000000000
72729  11.092  -9.452  60.162 0.0000000000
71544  8.693  -10.910  54.604 0.0000000000
71567  6.855  -10.849  54.249 0.0000000000
70293  7.209  -11.461  53.654 0.0000000000
60780  11.291  -19.453  67.340 0.0000000000
61957  10.998  -18.841  67.326 0.0000000000
58290  16.572  -19.698  65.595 0.0000000000
59550  14.421  -19.982  66.183 0.0000000000
60766  10.928  -19.807  67.561 0.0000000000
77271  8.179  -6.616  64.067 0.0000000000
77276  8.039  -7.041  63.695 0.0000000000
77275  8.512  -6.651  63.643 0.0000000000
55905  5.241  -24.209  64.267 0.0000000000
55904  5.518  -23.538  64.890 0.0000000000
57089  6.032  -22.476  65.483 0.0000000000
59561  5.982  -21.061  65.879 0.0000000000
59560  5.906  -20.653  66.276 0.0000000000
66483  8.664  -14.269  65.022 0.0000000000
66473  8.062  -14.776  65.689 0.0000000000
70153  8.144  -11.812  66.058 0.0000000000
53462  7.208  -23.385  65.781 0.0000000000
53471  6.805  -24.092  65.316 0.0000000000
53473  5.943  -24.698  65.467 0.0000000000
52165  6.052  -25.403  65.289 0.0000000000
52166  5.822  -25.600  65.193 0.0000000000
52181  5.456  -26.089  64.791 0.0000000000
54732  5.485  -24.324  65.004 0.0000000000
58343  6.884  -20.973  62.160 0.0000000000
60818  6.847  -19.101  62.173 0.0000000000
61997  6.646  -18.359  61.324 0.0000000000
62006  6.890  -18.608  60.585 0.0000000000
62007  6.559  -17.965  60.728 0.0000000000
69004  4.960  -13.158  58.170 0.0000000000
66576  4.936  -14.062  56.546 0.0000000000
64328  5.723  -15.018  55.797 0.0000000000
65403  5.589  -14.718  55.249 0.0000000000
64339  5.830  -15.290  54.732 0.0000000000
65402  5.453  -14.345  54.742 0.0000000000
69052  5.057  -12.968  54.570 0.0000000000
66593  5.216  -13.891  54.216 0.0000000000
67804  5.033  -13.305  53.848 0.0000000000
66600  4.804  -14.174  53.022 0.0000000000
67805  4.660  -13.383  53.099 0.0000000000
71543  9.926  -11.171  54.285 0.0000000000
70290  9.889  -11.766  53.602 0.0000000000
70291  8.931  -11.884  53.448 0.0000000000
69051  9.511  -12.356  53.229 0.0000000000
57076  7.205  -21.657  67.481 0.0000000000
58287  6.892  -21.162  67.710 0.0000000000
61946  8.405  -18.814  67.912 0.0000000000
63076  8.382  -17.813  67.409 0.0000000000
63075  9.161  -17.649  67.310 0.0000000000
63073  10.798  -18.221  66.821 0.0000000000
64219  9.459  -17.044  66.094 0.0000000000
65290  9.508  -16.567  65.378 0.0000000000
65282  9.107  -16.634  66.245 0.0000000000
65291  9.137  -16.336  65.710 0.0000000000
66471  8.906  -15.638  65.215 0.0000000000
65304  9.122  -15.859  65.087 0.0000000000
58353  18.744  -19.674  62.025 0.0000000000
58337  18.034  -19.513  62.635 0.0000000000
58338  17.199  -19.468  62.631 0.0000000000
57093  13.714  -20.489  64.311 0.0000000000
57097  13.675  -20.234  63.684 0.0000000000
57098  12.862  -20.278  63.387 0.0000000000
57095  12.235  -20.551  63.716 0.0000000000
55912  10.544  -21.746  63.191 0.0000000000
55902  10.080  -21.987  65.022 0.0000000000
54724  9.476  -22.415  65.044 0.0000000000
54718  9.335  -22.193  65.595 0.0000000000
55887  10.550  -21.233  66.031 0.0000000000
55880  9.373  -21.599  66.891 0.0000000000
55889  8.879  -21.980  66.469 0.0000000000
55890  8.432  -22.042  66.575 0.0000000000
55883  7.469  -21.955  67.039 0.0000000000
55884  6.744  -22.363  67.070 0.0000000000
67699  4.432  -13.415  63.838 0.0000000000
68941  4.745  -12.925  63.573 0.0000000000
70178  6.101  -12.134  63.374 0.0000000000
67721  4.854  -12.946  62.568 0.0000000000
68960  5.532  -12.416  62.488 0.0000000000
70185  6.129  -11.925  62.237 0.0000000000
73916  6.648  -9.046  63.372 0.0000000000
72712  6.558  -9.851  63.375 0.0000000000
72725  7.007  -10.209  61.530 0.0000000000
72726  6.830  -10.544  61.798 0.0000000000
71427  6.522  -10.943  61.451 0.0000000000
71439  6.268  -11.320  61.183 0.0000000000
71438  6.249  -11.027  60.655 0.0000000000
71451  6.127  -11.532  60.480 0.0000000000
73947  6.213  -10.338  59.785 0.0000000000
73952  6.019  -10.688  59.390 0.0000000000
73951  6.212  -10.273  59.277 0.0000000000
72772  6.183  -11.087  58.527 0.0000000000
72758  6.286  -10.677  58.613 0.0000000000
61965  16.445  -18.289  65.568 0.0000000000
63083  16.010  -17.718  65.174 0.0000000000
60833  22.169  -17.390  59.700 0.0000000000
60846  21.657  -17.603  58.899 0.0000000000
59609  21.061  -18.232  59.687 0.0000000000
60827  21.693  -18.053  61.121 0.0000000000
63114  23.937  -16.740  62.891 0.0000000000
63119  24.149  -16.453  62.552 0.0000000000
63120  23.805  -16.718  62.291 0.0000000000
63138  24.003  -16.203  61.341 0.0000000000
61995  23.141  -17.177  61.559 0.0000000000
59591  21.103  -18.776  61.915 0.0000000000
59574  20.008  -19.216  63.132 0.0000000000
59569  19.790  -19.110  63.433 0.0000000000
58314  18.887  -19.187  63.874 0.0000000000
61961  19.240  -18.299  64.923 0.0000000000
60785  18.677  -18.673  65.221 0.0000000000
59556  18.775  -18.806  64.887 0.0000000000
60772  18.260  -18.711  65.591 0.0000000000
59546  17.604  -19.165  65.576 0.0000000000
60773  17.818  -18.741  65.776 0.0000000000
61964  16.997  -18.143  65.479 0.0000000000
57108  5.344  -23.444  61.691 0.0000000000
55914  5.153  -23.740  63.314 0.0000000000
59576  6.860  -20.827  63.665 0.0000000000
61983  5.858  -18.547  64.994 0.0000000000
63117  5.301  -17.752  64.297 0.0000000000
63112  4.457  -17.258  64.306 0.0000000000
59544  6.706  -20.498  67.713 0.0000000000
61971  5.913  -18.600  66.586 0.0000000000
65294  6.976  -15.586  66.157 0.0000000000
64222  4.933  -16.627  65.989 0.0000000000
63090  5.473  -17.629  66.231 0.0000000000
65319  4.315  -15.090  64.674 0.0000000000
66496  4.221  -14.306  64.248 0.0000000000
70156  5.691  -11.566  65.535 0.0000000000
71394  6.093  -10.807  65.870 0.0000000000
58371  16.817  -19.317  60.577 0.0000000000
52197  7.401  -25.219  63.037 0.0000000000
52236  3.220  -26.737  61.021 0.0000000000
57144  4.333  -23.484  58.969 0.0000000000
57162  4.477  -23.419  58.061 0.0000000000
58415  4.777  -23.221  57.983 0.0000000000
58378  6.506  -22.127  60.554 0.0000000000
58377  7.452  -21.310  60.576 0.0000000000
59625  6.564  -21.305  58.234 0.0000000000
58412  6.272  -21.919  58.754 0.0000000000
59637  5.944  -21.503  57.733 0.0000000000
58423  5.523  -22.038  57.240 0.0000000000
59645  5.820  -21.177  56.990 0.0000000000
59653  6.555  -20.501  55.945 0.0000000000
60888  7.243  -20.026  56.014 0.0000000000
59661  6.795  -20.834  55.208 0.0000000000
60887  7.915  -19.878  55.529 0.0000000000
65345  4.503  -14.869  62.116 0.0000000000
64263  4.937  -15.524  62.061 0.0000000000
64272  5.134  -15.251  61.499 0.0000000000
63143  5.575  -16.208  60.351 0.0000000000
65381  5.409  -14.722  58.016 0.0000000000
64291  5.434  -15.543  58.618 0.0000000000
64300  5.555  -15.609  57.978 0.0000000000
63177  7.100  -16.872  57.440 0.0000000000
63178  6.301  -16.357  57.482 0.0000000000
63161  7.357  -17.352  58.487 0.0000000000
63176  8.119  -17.154  57.632 0.0000000000
63190  8.976  -17.295  56.614 0.0000000000
62063  8.781  -18.518  54.682 0.0000000000
60898  8.290  -19.913  54.619 0.0000000000
60897  8.692  -19.315  54.232 0.0000000000
59668  8.534  -20.114  53.394 0.0000000000
60904  8.662  -19.507  53.359 0.0000000000
63245  7.508  -18.278  52.134 0.0000000000
62094  6.767  -18.954  50.821 0.0000000000
63237  5.668  -15.971  53.401 0.0000000000
62097  5.082  -17.307  50.402 0.0000000000
60927  5.554  -18.678  50.313 0.0000000000
59691  5.429  -18.923  49.908 0.0000000000
76193  10.524  -7.042  62.439 0.0000000000
73921  9.704  -8.181  62.440 0.0000000000
73922  8.843  -8.354  62.522 0.0000000000
73929  9.292  -8.833  62.037 0.0000000000
72722  8.204  -9.104  61.152 0.0000000000
72721  8.780  -9.356  61.298 0.0000000000
72743  8.348  -9.898  59.574 0.0000000000
72771  6.972  -10.757  57.961 0.0000000000
71459  10.986  -10.626  57.871 0.0000000000
72753  10.499  -10.331  58.464 0.0000000000
72768  9.708  -10.680  57.917 0.0000000000
72802  7.175  -10.500  55.712 0.0000000000
71477  7.586  -10.854  56.801 0.0000000000
72803  6.541  -10.519  55.717 0.0000000000
72804  5.860  -10.695  55.653 0.0000000000
71548  5.186  -11.035  54.943 0.0000000000
71547  5.660  -10.987  54.822 0.0000000000
70313  5.365  -12.639  53.503 0.0000000000
70314  5.059  -12.802  53.578 0.0000000000
67817  4.381  -13.558  52.219 0.0000000000
69093  4.603  -13.213  51.851 0.0000000000
69069  6.974  -12.622  52.592 0.0000000000
61969  12.469  -18.494  66.189 0.0000000000
63085  13.458  -18.357  65.561 0.0000000000
63096  13.706  -18.205  65.091 0.0000000000
60776  15.848  -19.350  66.075 0.0000000000
59682  8.582  -20.554  52.765 0.0000000000
55903  5.604  -23.792  65.346 0.0000000000
57088  5.995  -22.250  66.074 0.0000000000
58297  5.741  -21.434  66.740 0.0000000000
54723  6.333  -23.253  66.223 0.0000000000
61989  6.529  -18.134  63.215 0.0000000000
60808  6.770  -18.396  62.796 0.0000000000
70239  5.155  -12.223  57.617 0.0000000000
69014  4.592  -12.845  57.521 0.0000000000
70240  4.626  -12.411  57.106 0.0000000000
69024  4.537  -12.659  56.773 0.0000000000
67790  5.061  -13.402  55.962 0.0000000000
66585  5.320  -13.688  55.162 0.0000000000
67789  5.244  -13.164  55.418 0.0000000000
69040  5.118  -12.339  55.015 0.0000000000
59542  8.324  -20.415  68.118 0.0000000000
65302  10.402  -16.337  64.452 0.0000000000
66481  9.585  -15.437  64.438 0.0000000000
65331  10.385  -15.318  63.616 0.0000000000
58325  17.871  -19.371  63.230 0.0000000000
58318  16.268  -20.328  64.071 0.0000000000
58303  14.215  -20.657  65.211 0.0000000000
57091  12.882  -20.566  64.706 0.0000000000
55899  12.078  -20.657  64.284 0.0000000000
58282  10.707  -20.553  67.110 0.0000000000
57072  10.206  -20.827  67.047 0.0000000000
57073  9.563  -21.323  67.403 0.0000000000
57074  8.888  -21.702  67.704 0.0000000000
55882  8.210  -21.805  66.940 0.0000000000
70165  5.658  -11.788  64.703 0.0000000000
70172  6.049  -12.009  63.931 0.0000000000
71416  6.470  -11.334  63.161 0.0000000000
76198  6.766  -8.222  62.834 0.0000000000
73924  6.711  -9.274  62.825 0.0000000000
75100  6.826  -8.686  62.644 0.0000000000
73933  7.112  -9.439  62.171 0.0000000000
72735  6.687  -10.247  60.883 0.0000000000
72734  6.988  -9.895  60.992 0.0000000000
72745  6.764  -9.849  60.009 0.0000000000
62004  22.645  -17.321  60.774 0.0000000000
61984  23.193  -17.353  62.789 0.0000000000
59581  21.379  -18.889  62.488 0.0000000000
59567  21.213  -18.880  63.519 0.0000000000
60795  21.044  -18.733  63.917 0.0000000000
63071  18.017  -17.985  65.803 0.0000000000
52219  3.612  -26.102  61.621 0.0000000000
53540  3.960  -25.334  61.165 0.0000000000
58313  6.302  -21.917  64.872 0.0000000000
57096  5.796  -22.685  64.183 0.0000000000
61959  7.116  -18.764  67.434 0.0000000000
63078  6.671  -17.864  66.926 0.0000000000
65305  5.445  -15.145  65.883 0.0000000000
66485  5.232  -14.277  65.745 0.0000000000
67692  4.871  -13.309  65.485 0.0000000000
68928  5.965  -12.218  66.195 0.0000000000
58356  16.093  -19.245  61.637 0.0000000000
58372  15.790  -19.029  60.720 0.0000000000
58373  14.888  -19.422  60.531 0.0000000000
53499  8.203  -23.683  63.671 0.0000000000
52198  6.899  -25.963  63.497 0.0000000000
52190  4.553  -26.344  63.808 0.0000000000
50966  3.735  -27.111  63.396 0.0000000000
52220  3.312  -26.932  62.033 0.0000000000
55945  3.810  -23.820  59.402 0.0000000000
57143  5.033  -23.234  59.323 0.0000000000
58376  7.917  -20.974  60.045 0.0000000000
59624  7.702  -20.707  58.333 0.0000000000
59635  7.352  -20.418  57.639 0.0000000000
60862  7.834  -20.030  57.426 0.0000000000
60861  8.577  -19.343  56.848 0.0000000000
66535  5.002  -14.083  61.295 0.0000000000
64273  5.577  -15.604  61.019 0.0000000000
65356  5.403  -15.031  60.864 0.0000000000
64285  5.343  -15.790  59.546 0.0000000000
64314  5.913  -15.244  57.230 0.0000000000
63193  6.341  -15.846  56.625 0.0000000000
63192  6.874  -16.300  56.452 0.0000000000
64312  8.728  -16.721  56.213 0.0000000000
64326  8.503  -16.732  55.628 0.0000000000
63218  8.547  -17.976  53.894 0.0000000000
63232  8.503  -18.344  53.156 0.0000000000
63234  7.250  -17.182  52.970 0.0000000000
63249  5.482  -16.514  51.886 0.0000000000
62098  4.932  -17.645  49.860 0.0000000000
75103  10.826  -7.831  61.699 0.0000000000
72720  9.824  -9.260  61.332 0.0000000000
71437  9.477  -9.905  59.951 0.0000000000
72742  9.333  -10.009  59.556 0.0000000000
71496  10.396  -11.038  56.219 0.0000000000
71497  9.354  -11.076  56.286 0.0000000000
71475  9.075  -11.098  57.152 0.0000000000
71523  7.718  -10.762  55.632 0.0000000000
72823  6.807  -10.577  54.995 0.0000000000
71568  6.094  -11.090  54.445 0.0000000000
70294  6.470  -11.615  53.910 0.0000000000
70312  6.057  -12.401  53.395 0.0000000000
60767  10.477  -19.607  67.627 0.0000000000
61944  9.900  -19.035  67.584 0.0000000000
61943  10.501  -18.981  67.470 0.0000000000
63066  10.621  -18.634  67.281 0.0000000000
61970  11.896  -18.371  66.450 0.0000000000
63087  11.724  -17.972  65.979 0.0000000000
58299  17.341  -19.774  64.823 0.0000000000
58300  16.835  -19.699  65.229 0.0000000000
58301  16.157  -20.273  65.367 0.0000000000
58292  15.299  -20.312  65.885 0.0000000000
58295  11.266  -20.463  66.702 0.0000000000
59552  11.602  -20.017  66.893 0.0000000000
59538  11.095  -20.373  67.087 0.0000000000
59539  10.769  -20.202  67.463 0.0000000000
73910  7.129  -9.017  64.407 0.0000000000
72706  6.647  -9.786  64.302 0.0000000000
75086  6.914  -8.513  64.033 0.0000000000
75091  6.784  -8.236  63.591 0.0000000000
76184  7.922  -7.073  64.504 0.0000000000
75090  7.054  -7.701  63.758 0.0000000000
76189  6.727  -7.996  63.095 0.0000000000
76197  7.044  -7.902  62.852 0.0000000000
54740  4.970  -24.800  63.427 0.0000000000
65292  8.533  -15.710  66.008 0.0000000000
65285  7.604  -16.134  66.574 0.0000000000
67691  8.664  -13.353  65.151 0.0000000000
67683  7.731  -13.698  65.770 0.0000000000
70154  7.373  -11.792  66.149 0.0000000000
52162  7.261  -24.198  64.828 0.0000000000
52163  6.966  -24.463  64.862 0.0000000000
53472  6.240  -24.476  65.465 0.0000000000
52179  6.283  -26.007  65.133 0.0000000000
50935  4.883  -26.789  64.317 0.0000000000
50936  4.618  -26.697  64.043 0.0000000000
53501  4.693  -25.640  63.550 0.0000000000
59593  7.266  -20.285  61.461 0.0000000000
60829  7.345  -19.662  60.867 0.0000000000
60828  7.645  -19.165  60.193 0.0000000000
62005  7.412  -18.583  59.996 0.0000000000
67763  5.589  -13.398  59.226 0.0000000000
67754  5.732  -13.912  59.237 0.0000000000
67764  5.356  -13.704  58.593 0.0000000000
66570  4.888  -14.142  57.440 0.0000000000
65388  5.256  -14.562  57.134 0.0000000000
64315  5.673  -14.888  56.764 0.0000000000
63222  6.108  -15.781  54.553 0.0000000000
63223  5.845  -15.644  54.098 0.0000000000
64346  5.667  -15.478  53.770 0.0000000000
65410  5.355  -14.580  53.792 0.0000000000
65429  5.396  -15.171  52.919 0.0000000000
65428  5.184  -14.984  52.500 0.0000000000
66610  4.720  -14.542  52.048 0.0000000000
66619  4.752  -14.735  51.587 0.0000000000
71565  8.805  -11.246  53.884 0.0000000000
70292  8.057  -11.610  53.555 0.0000000000
58457  6.684  -22.036  54.252 0.0000000000
60771  7.251  -19.683  67.828 0.0000000000
61958  7.820  -18.420  67.656 0.0000000000
63068  9.532  -18.370  67.479 0.0000000000
64206  9.905  -17.532  66.404 0.0000000000
66493  9.627  -14.976  64.165 0.0000000000
58368  19.371  -19.398  61.458 0.0000000000
58369  18.655  -19.485  61.170 0.0000000000
58341  14.112  -19.664  62.155 0.0000000000
58319  15.459  -20.642  63.935 0.0000000000
58312  14.529  -20.714  64.508 0.0000000000
58329  14.456  -19.939  63.129 0.0000000000
57105  12.915  -20.037  62.379 0.0000000000
55907  11.425  -20.902  63.716 0.0000000000
54736  9.025  -23.096  63.902 0.0000000000
53484  8.206  -23.374  64.577 0.0000000000
53469  8.211  -23.199  65.085 0.0000000000
55888  9.665  -21.665  66.270 0.0000000000
54726  8.311  -22.950  65.463 0.0000000000
54721  7.601  -22.825  66.212 0.0000000000
54716  7.556  -22.342  66.627 0.0000000000
54722  6.961  -22.880  66.404 0.0000000000
55885  6.284  -22.403  67.389 0.0000000000
66522  4.418  -13.945  62.126 0.0000000000
68950  5.269  -12.558  63.234 0.0000000000
66521  4.668  -14.286  61.689 0.0000000000
66536  4.913  -13.491  61.662 0.0000000000
67733  5.347  -13.143  61.303 0.0000000000
68981  5.644  -12.730  60.652 0.0000000000
72713  6.543  -10.524  63.293 0.0000000000
73925  6.891  -9.795  62.501 0.0000000000
71420  6.588  -10.996  62.239 0.0000000000
70197  6.138  -11.707  61.620 0.0000000000
70208  5.894  -12.058  60.802 0.0000000000
70207  5.788  -12.429  60.391 0.0000000000
70218  5.962  -12.221  59.887 0.0000000000
70230  5.757  -12.327  58.715 0.0000000000
72747  6.187  -10.665  60.120 0.0000000000
71463  5.873  -12.169  58.590 0.0000000000
72773  6.107  -11.475  58.470 0.0000000000
71480  5.601  -11.705  57.621 0.0000000000
71479  6.062  -11.278  57.753 0.0000000000
63084  15.373  -18.035  65.315 0.0000000000
58386  19.961  -19.114  60.847 0.0000000000
60825  22.659  -17.418  61.042 0.0000000000
60826  22.244  -17.691  60.965 0.0000000000
60816  22.180  -18.049  61.897 0.0000000000
59600  21.118  -18.441  61.128 0.0000000000
59601  20.432  -18.868  61.256 0.0000000000
58367  19.972  -19.159  61.736 0.0000000000
58334  20.080  -19.266  62.559 0.0000000000
58335  19.389  -19.485  62.563 0.0000000000
58315  18.264  -19.296  63.747 0.0000000000
58307  18.091  -19.281  64.515 0.0000000000
61982  21.180  -18.238  64.178 0.0000000000
60788  20.342  -18.472  64.265 0.0000000000
60789  19.507  -18.438  64.541 0.0000000000
59562  19.875  -18.608  64.169 0.0000000000
59563  19.167  -18.870  64.355 0.0000000000
59564  18.509  -19.091  64.581 0.0000000000
58298  17.779  -19.441  64.931 0.0000000000
59558  17.505  -19.455  65.248 0.0000000000
59547  16.975  -19.444  65.558 0.0000000000
60775  16.616  -19.191  65.956 0.0000000000
61950  17.566  -18.371  65.715 0.0000000000
61952  16.166  -18.836  65.933 0.0000000000
54752  4.126  -24.607  60.609 0.0000000000
57101  5.339  -23.304  62.599 0.0000000000
59584  6.646  -21.287  62.888 0.0000000000
59575  7.168  -19.998  63.388 0.0000000000
61985  6.617  -18.998  63.984 0.0000000000
61988  6.667  -18.862  63.723 0.0000000000
64244  4.191  -16.569  63.831 0.0000000000
58296  5.809  -21.118  67.376 0.0000000000
59555  5.907  -20.499  66.927 0.0000000000
60786  6.072  -19.547  66.376 0.0000000000
60787  6.068  -19.091  65.888 0.0000000000
64211  6.314  -17.228  66.823 0.0000000000
63100  4.417  -17.233  64.908 0.0000000000
64231  4.158  -16.542  64.489 0.0000000000
68934  4.861  -12.412  65.064 0.0000000000
70164  5.859  -11.333  64.989 0.0000000000
71402  6.239  -10.794  65.037 0.0000000000
70155  6.835  -11.716  66.191 0.0000000000
70146  6.548  -11.404  66.347 0.0000000000
71383  6.352  -10.972  66.322 0.0000000000
71392  7.222  -10.342  66.141 0.0000000000
71393  6.628  -10.538  66.129 0.0000000000
72697  6.546  -10.381  65.735 0.0000000000
72701  6.786  -9.955  65.124 0.0000000000
73905  7.401  -9.176  64.995 0.0000000000
63095  14.785  -17.876  64.920 0.0000000000
58389  17.576  -18.977  59.782 0.0000000000
57153  17.212  -18.660  58.923 0.0000000000
57124  15.970  -18.992  60.044 0.0000000000
52177  7.245  -24.442  64.541 0.0000000000
50964  6.553  -26.798  63.211 0.0000000000
58396  6.774  -21.841  59.626 0.0000000000
58424  5.174  -22.713  57.424 0.0000000000
58433  4.932  -22.973  57.045 0.0000000000
59644  6.332  -20.660  56.661 0.0000000000
59670  7.199  -21.146  54.503 0.0000000000
63142  6.292  -16.751  61.228 0.0000000000
62018  6.463  -17.495  60.413 0.0000000000
62016  7.226  -18.089  59.818 0.0000000000
63150  7.661  -17.765  59.245 0.0000000000
65375  5.706  -15.126  58.871 0.0000000000
63164  5.212  -16.012  58.649 0.0000000000
63163  5.576  -16.336  58.401 0.0000000000
63160  8.262  -17.803  58.703 0.0000000000
62039  8.874  -18.478  57.320 0.0000000000
60874  8.346  -19.287  55.987 0.0000000000
59669  8.111  -20.546  53.983 0.0000000000
63247  6.441  -17.559  52.237 0.0000000000
62088  5.829  -17.925  51.390 0.0000000000
62087  6.398  -18.267  51.485 0.0000000000
62095  6.313  -18.924  50.765 0.0000000000
75097  8.386  -7.865  62.830 0.0000000000
75096  9.421  -7.679  62.885 0.0000000000
73923  8.071  -8.358  62.293 0.0000000000
72733  7.417  -9.677  60.650 0.0000000000
72744  7.457  -9.787  59.709 0.0000000000
72757  6.748  -10.107  58.924 0.0000000000
71461  6.639  -10.905  58.156 0.0000000000
70237  6.445  -11.163  57.875 0.0000000000
71501  5.832  -10.867  56.972 0.0000000000
72754  9.499  -10.340  58.685 0.0000000000
71476  8.128  -11.038  57.001 0.0000000000
72770  7.619  -10.773  57.537 0.0000000000
72783  6.421  -10.742  56.745 0.0000000000
72785  5.072  -10.863  55.884 0.0000000000
71524  4.888  -11.049  55.485 0.0000000000
70276  5.121  -11.969  54.893 0.0000000000
71569  5.619  -11.485  54.714 0.0000000000
70296  5.392  -12.418  54.357 0.0000000000
69054  4.606  -13.029  53.085 0.0000000000
67806  4.435  -13.460  52.480 0.0000000000
66621  3.985  -14.020  51.924 0.0000000000
66620  4.609  -14.395  51.452 0.0000000000
69070  6.176  -12.584  52.593 0.0000000000
69092  5.014  -12.985  51.910 0.0000000000
69110  4.763  -13.821  51.337 0.0000000000
65452  4.485  -15.348  50.408 0.0000000000
53486  5.672  -24.751  65.146 0.0000000000
57123  16.341  -19.058  60.298 0.0000000000
57135  17.125  -19.027  59.585 0.0000000000
57142  5.388  -22.875  58.919 0.0000000000
57161  4.771  -23.268  58.480 0.0000000000
58322  20.085  -19.287  62.847 0.0000000000
58360  7.441  -20.930  61.307 0.0000000000
58395  7.610  -21.302  59.483 0.0000000000
58398  5.400  -23.012  59.903 0.0000000000
58414  5.028  -23.002  58.005 0.0000000000
58425  4.861  -23.127  57.599 0.0000000000
59545  17.966  -19.010  65.800 0.0000000000
59626  6.019  -21.745  58.233 0.0000000000
59652  7.205  -20.336  55.527 0.0000000000
59681  8.622  -19.965  53.010 0.0000000000
59692  5.365  -18.630  49.979 0.0000000000
59703  5.536  -19.214  49.611 0.0000000000
59705  5.151  -18.451  49.458 0.0000000000
60819  6.820  -18.596  62.578 0.0000000000
60835  8.507  -19.067  58.942 0.0000000000
60848  8.205  -20.139  58.009 0.0000000000
60863  7.204  -20.291  57.327 0.0000000000
60915  5.614  -18.243  50.708 0.0000000000
60916  5.549  -17.951  50.859 0.0000000000
60928  5.321  -18.130  50.199 0.0000000000
60929  5.079  -17.797  49.983 0.0000000000
61949  18.235  -18.262  65.819 0.0000000000
61977  13.702  -18.393  65.511 0.0000000000
61996  6.619  -18.787  61.035 0.0000000000
62014  8.454  -18.522  58.985 0.0000000000
62027  8.413  -18.266  58.943 0.0000000000
62082  8.299  -18.428  52.704 0.0000000000
63070  18.291  -17.981  65.838 0.0000000000
63113  24.170  -16.502  62.799 0.0000000000
63129  23.623  -16.717  61.749 0.0000000000
63130  6.469  -18.613  61.091 0.0000000000
63131  6.464  -18.396  61.139 0.0000000000
63140  6.538  -18.531  60.883 0.0000000000
63141  6.508  -18.293  60.913 0.0000000000
63149  8.068  -17.921  59.225 0.0000000000
63159  8.561  -17.990  58.363 0.0000000000
63194  6.109  -15.480  56.745 0.0000000000
64229  10.233  -16.906  65.063 0.0000000000
64245  24.350  -16.260  62.850 0.0000000000
64262  4.936  -15.223  61.737 0.0000000000
64313  8.604  -16.621  55.986 0.0000000000
64325  8.876  -16.863  55.876 0.0000000000
64327  5.918  -15.262  56.330 0.0000000000
64356  5.296  -15.320  52.458 0.0000000000
64365  5.207  -15.339  52.184 0.0000000000
65318  10.025  -15.405  64.100 0.0000000000
65357  5.546  -15.557  60.470 0.0000000000
65418  5.498  -15.150  53.427 0.0000000000
65438  4.938  -15.059  51.815 0.0000000000
66549  5.789  -14.794  59.876 0.0000000000
66561  5.793  -14.548  59.104 0.0000000000
66601  4.472  -14.030  52.617 0.0000000000
66602  4.316  -13.819  52.241 0.0000000000
66612  4.148  -13.980  52.122 0.0000000000
67732  5.472  -12.995  61.155 0.0000000000
67743  5.535  -13.035  60.918 0.0000000000
67752  5.623  -13.140  60.492 0.0000000000
67816  4.350  -12.951  51.873 0.0000000000
67832  4.237  -14.042  51.918 0.0000000000
68921  6.246  -11.726  66.292 0.0000000000
68970  5.585  -12.697  61.072 0.0000000000
68972  5.791  -12.155  61.936 0.0000000000
68982  5.813  -12.085  61.199 0.0000000000
68983  5.909  -11.959  61.385 0.0000000000
68992  5.700  -12.861  60.189 0.0000000000
68993  5.687  -12.896  59.675 0.0000000000
69031  5.113  -12.939  55.716 0.0000000000
69039  5.196  -12.763  55.264 0.0000000000
69073  4.480  -13.214  52.578 0.0000000000
70179  6.064  -12.157  62.846 0.0000000000
70195  5.726  -12.399  60.815 0.0000000000
70196  5.733  -12.292  61.092 0.0000000000
70209  6.058  -11.663  61.013 0.0000000000
70217  5.794  -12.567  60.023 0.0000000000
70228  6.456  -11.250  58.008 0.0000000000
70229  6.257  -11.384  57.925 0.0000000000
70238  6.270  -11.259  57.830 0.0000000000
71410  6.454  -10.407  64.455 0.0000000000
71417  6.370  -11.833  63.029 0.0000000000
71436  9.764  -9.938  60.016 0.0000000000
71448  9.780  -9.981  59.734 0.0000000000
71449  9.622  -9.946  59.770 0.0000000000
71460  10.479  -10.616  57.899 0.0000000000
71478  6.340  -10.972  57.550 0.0000000000
71499  7.657  -10.787  56.298 0.0000000000
71545  7.536  -10.769  54.830 0.0000000000
71549  5.097  -11.521  55.007 0.0000000000
72707  6.453  -10.164  63.971 0.0000000000
72717  6.724  -10.418  62.555 0.0000000000
72767  10.223  -10.620  57.909 0.0000000000
72784  5.521  -10.785  56.170 0.0000000000
72822  7.274  -10.588  55.269 0.0000000000
72825  5.561  -10.807  55.131 0.0000000000
72838  6.725  -10.704  54.582 0.0000000000
72839  6.486  -10.742  54.612 0.0000000000
73915  6.828  -9.024  63.847 0.0000000000
73920  10.082  -8.064  62.324 0.0000000000
73941  6.933  -10.131  61.463 0.0000000000
73945  6.554  -9.931  59.858 0.0000000000
73946  6.371  -10.094  59.809 0.0000000000
73956  6.023  -10.739  58.941 0.0000000000
73957  5.981  -11.029  58.900 0.0000000000
75095  10.291  -7.608  62.401 0.0000000000
75106  7.012  -8.755  62.382 0.0000000000
76188  7.077  -7.666  63.343 0.0000000000
