#!ascii label  , from subject sub.01.bl.02 vox2ras=TkReg
1129
109676  43.531  29.142  6.447 0.0000000000
113964  49.403  34.839  7.973 0.0000000000
106206  49.369  24.272  11.073 0.0000000000
108333  39.255  27.344  11.425 0.0000000000
105536  41.716  23.281  9.513 0.0000000000
115259  46.394  37.753  5.139 0.0000000000
115886  44.800  38.214  11.197 0.0000000000
117313  44.595  40.657  9.727 0.0000000000
103959  51.280  21.762  17.034 0.0000000000
103999  43.678  21.964  14.560 0.0000000000
111064  47.853  31.837  2.763 0.0000000000
107637  46.571  26.308  7.068 0.0000000000
109653  45.317  29.770  8.834 0.0000000000
108977  48.818  28.923  15.538 0.0000000000
118028  41.446  41.857  6.379 0.0000000000
116633  47.651  39.956  5.572 0.0000000000
103288  45.231  20.098  7.363 0.0000000000
109033  41.300  28.209  8.605 0.0000000000
106207  41.103  25.246  11.377 0.0000000000
107620  42.782  26.249  9.737 0.0000000000
112564  45.170  32.992  5.585 0.0000000000
111000  42.884  31.564  7.863 0.0000000000
117281  43.915  40.879  13.852 0.0000000000
103934  51.567  21.321  20.295 0.0000000000
103167  49.164  20.794  18.810 0.0000000000
102387  50.637  19.152  22.559 0.0000000000
119384  41.732  43.209  2.605 0.0000000000
112560  49.378  33.768  5.560 0.0000000000
110315  46.430  30.255  5.213 0.0000000000
111754  47.936  32.798  8.233 0.0000000000
112444  45.490  33.407  15.820 0.0000000000
110922  46.824  31.230  14.281 0.0000000000
110203  47.769  30.114  16.948 0.0000000000
108272  49.009  27.584  17.648 0.0000000000
115907  46.899  39.303  8.701 0.0000000000
118008  46.551  41.605  7.768 0.0000000000
115241  48.262  37.579  6.488 0.0000000000
114651  49.007  36.643  2.923 0.0000000000
106226  48.409  24.342  9.202 0.0000000000
105531  46.594  23.145  9.054 0.0000000000
104068  47.726  22.065  9.694 0.0000000000
105538  39.411  23.126  9.394 0.0000000000
104867  40.369  22.853  5.792 0.0000000000
117349  45.993  41.100  5.015 0.0000000000
115917  44.660  38.375  6.387 0.0000000000
114572  46.863  36.746  9.550 0.0000000000
113242  48.994  34.252  11.243 0.0000000000
117299  38.938  40.474  12.295 0.0000000000
116614  40.596  39.615  9.674 0.0000000000
116602  46.038  39.756  10.948 0.0000000000
105481  50.244  23.162  14.397 0.0000000000
104790  47.254  22.420  12.629 0.0000000000
104741  48.039  21.871  16.001 0.0000000000
103178  45.191  20.875  17.895 0.0000000000
110326  45.712  30.536  3.703 0.0000000000
108375  44.471  27.435  5.964 0.0000000000
109073  46.538  28.484  3.692 0.0000000000
108365  47.262  27.233  7.359 0.0000000000
108349  48.276  26.638  10.249 0.0000000000
111710  46.610  32.293  11.561 0.0000000000
109002  46.067  27.811  12.330 0.0000000000
107586  49.250  26.162  12.910 0.0000000000
106861  50.502  25.417  15.893 0.0000000000
106126  50.185  25.117  19.037 0.0000000000
118732  39.700  42.651  4.107 0.0000000000
119917  43.431  44.194  4.635 0.0000000000
118696  45.113  43.182  6.759 0.0000000000
119370  46.999  43.463  4.159 0.0000000000
115941  47.083  38.767  3.775 0.0000000000
113314  47.319  34.255  3.768 0.0000000000
106229  45.202  24.721  9.508 0.0000000000
104863  44.584  21.759  6.289 0.0000000000
103320  41.827  20.550  4.631 0.0000000000
104042  43.746  21.255  11.544 0.0000000000
109666  42.464  29.216  7.406 0.0000000000
108361  41.813  27.204  8.937 0.0000000000
108368  42.851  27.726  7.763 0.0000000000
111010  44.309  30.977  6.324 0.0000000000
111791  43.883  31.977  7.094 0.0000000000
110293  43.117  30.661  7.274 0.0000000000
110295  42.045  29.744  7.995 0.0000000000
103909  51.225  21.238  22.356 0.0000000000
102390  51.137  19.867  21.509 0.0000000000
102382  51.464  19.690  23.238 0.0000000000
104881  37.876  22.088  4.862 0.0000000000
113297  49.545  34.272  6.283 0.0000000000
111787  48.466  32.937  6.638 0.0000000000
112523  49.484  33.546  8.093 0.0000000000
110901  45.448  31.710  16.272 0.0000000000
110900  46.495  31.678  16.200 0.0000000000
115221  48.256  36.992  8.166 0.0000000000
115227  47.875  37.964  7.530 0.0000000000
114595  48.635  36.530  7.090 0.0000000000
113987  49.288  35.212  5.718 0.0000000000
106217  49.023  24.304  9.955 0.0000000000
104833  48.305  22.717  9.287 0.0000000000
104067  48.599  22.020  10.087 0.0000000000
108334  38.102  27.302  12.033 0.0000000000
106898  39.107  25.670  12.220 0.0000000000
106221  41.538  24.688  11.008 0.0000000000
105518  40.797  23.984  10.893 0.0000000000
105537  40.527  23.164  9.786 0.0000000000
104842  39.779  22.888  8.079 0.0000000000
104841  40.945  22.868  8.068 0.0000000000
116643  46.462  39.312  4.556 0.0000000000
116634  45.080  39.203  5.826 0.0000000000
115244  45.438  37.572  6.312 0.0000000000
109655  40.194  29.436  9.861 0.0000000000
109011  38.647  28.317  11.365 0.0000000000
115210  45.572  37.540  10.238 0.0000000000
113933  45.969  35.879  10.476 0.0000000000
114565  44.927  36.642  10.773 0.0000000000
117287  45.306  40.297  13.263 0.0000000000
117296  45.344  40.144  12.142 0.0000000000
115885  45.584  38.881  11.461 0.0000000000
115893  45.965  38.541  10.315 0.0000000000
104751  50.529  22.392  15.663 0.0000000000
103997  49.588  22.090  14.983 0.0000000000
103962  49.818  21.729  16.444 0.0000000000
103158  47.820  20.411  19.792 0.0000000000
103944  46.767  21.036  18.506 0.0000000000
103160  45.558  20.073  19.505 0.0000000000
111051  46.691  31.565  2.780 0.0000000000
109708  45.967  29.142  3.307 0.0000000000
109694  47.112  30.127  3.474 0.0000000000
110292  45.627  30.468  7.456 0.0000000000
109673  46.146  29.463  6.006 0.0000000000
109038  46.143  28.444  7.873 0.0000000000
108358  47.317  27.398  8.532 0.0000000000
109023  46.067  28.270  9.351 0.0000000000
113226  48.490  34.283  12.355 0.0000000000
112509  48.288  33.094  11.147 0.0000000000
112487  47.678  33.271  12.643 0.0000000000
109609  47.677  29.697  15.124 0.0000000000
109620  46.479  29.463  13.831 0.0000000000
108994  47.083  28.251  13.878 0.0000000000
107588  47.861  26.663  12.708 0.0000000000
107577  48.864  26.989  13.728 0.0000000000
106869  49.900  26.111  14.309 0.0000000000
108298  49.659  27.602  15.968 0.0000000000
106842  48.577  26.490  17.980 0.0000000000
106826  49.694  25.923  18.511 0.0000000000
118716  40.528  42.979  4.851 0.0000000000
119352  41.411  43.464  4.653 0.0000000000
118714  42.074  43.494  5.277 0.0000000000
116604  42.548  39.942  9.984 0.0000000000
117316  42.338  40.282  8.882 0.0000000000
117325  43.678  41.010  8.736 0.0000000000
117336  47.221  40.833  7.032 0.0000000000
118683  46.263  42.661  7.338 0.0000000000
118694  47.158  42.393  6.255 0.0000000000
119346  46.570  43.540  5.694 0.0000000000
118048  47.382  41.858  4.529 0.0000000000
117356  47.343  40.817  4.308 0.0000000000
116642  47.679  39.963  4.559 0.0000000000
113323  48.791  34.516  3.294 0.0000000000
114012  48.025  35.915  2.974 0.0000000000
112607  47.546  33.316  2.775 0.0000000000
111836  46.180  32.060  3.391 0.0000000000
107648  45.826  26.519  6.185 0.0000000000
107628  44.484  26.611  8.256 0.0000000000
106920  45.967  25.898  8.476 0.0000000000
104081  46.269  21.429  8.172 0.0000000000
104850  45.811  22.031  7.259 0.0000000000
104109  45.865  20.777  5.650 0.0000000000
104111  44.011  21.338  4.928 0.0000000000
103303  44.194  19.952  6.116 0.0000000000
104768  45.755  22.082  14.083 0.0000000000
104792  45.483  22.267  12.364 0.0000000000
104012  43.580  21.897  13.646 0.0000000000
108354  40.244  28.192  10.058 0.0000000000
107611  40.400  26.895  11.176 0.0000000000
108341  41.349  26.965  10.333 0.0000000000
107608  42.252  26.319  10.162 0.0000000000
106904  43.052  25.406  10.199 0.0000000000
113298  46.304  34.492  5.929 0.0000000000
109654  40.611  29.418  9.369 0.0000000000
103936  51.575  21.400  19.198 0.0000000000
103165  50.958  20.721  18.110 0.0000000000
103147  51.379  20.750  19.735 0.0000000000
103149  49.752  20.123  20.637 0.0000000000
112577  48.769  33.220  4.021 0.0000000000
111034  47.663  31.285  3.986 0.0000000000
111803  48.353  32.808  5.525 0.0000000000
111772  46.967  32.172  6.599 0.0000000000
110984  46.295  32.176  8.277 0.0000000000
112465  46.632  33.172  14.810 0.0000000000
111675  46.890  32.424  14.320 0.0000000000
111667  46.829  32.194  15.165 0.0000000000
110223  47.707  30.423  15.742 0.0000000000
109593  48.431  29.685  16.355 0.0000000000
108961  49.403  28.320  16.688 0.0000000000
108954  47.737  28.885  17.084 0.0000000000
107535  47.406  27.081  17.342 0.0000000000
106844  47.179  26.002  17.510 0.0000000000
118029  40.322  41.804  6.476 0.0000000000
117312  45.470  40.538  9.894 0.0000000000
117323  45.305  40.920  9.022 0.0000000000
116619  46.672  39.933  8.379 0.0000000000
116627  47.240  39.903  6.926 0.0000000000
115915  47.578  38.902  6.105 0.0000000000
115939  48.287  38.347  4.454 0.0000000000
115258  48.494  37.421  5.078 0.0000000000
113313  49.217  34.603  4.037 0.0000000000
106923  47.524  25.936  7.779 0.0000000000
106236  46.817  24.587  9.142 0.0000000000
105547  47.606  23.637  9.145 0.0000000000
104824  46.946  22.290  8.930 0.0000000000
104070  45.731  21.283  9.261 0.0000000000
103969  42.599  21.145  16.168 0.0000000000
104001  42.014  21.409  14.437 0.0000000000
105506  37.900  23.478  11.143 0.0000000000
106209  39.794  24.780  11.918 0.0000000000
105505  38.786  23.696  11.480 0.0000000000
105539  38.236  23.205  9.306 0.0000000000
105555  37.952  22.983  8.196 0.0000000000
104868  39.188  22.858  5.783 0.0000000000
104890  39.639  21.927  4.028 0.0000000000
118041  45.241  41.904  4.797 0.0000000000
116645  44.437  40.145  5.616 0.0000000000
114570  48.089  35.925  9.056 0.0000000000
113269  49.482  34.154  9.537 0.0000000000
113931  47.984  35.181  10.288 0.0000000000
113259  47.537  34.723  11.066 0.0000000000
113228  46.854  34.460  12.593 0.0000000000
113214  45.662  34.309  13.566 0.0000000000
113189  45.300  34.048  15.105 0.0000000000
116607  39.431  39.600  10.782 0.0000000000
116595  42.133  39.660  11.022 0.0000000000
116594  43.095  39.959  10.783 0.0000000000
117305  44.693  40.510  10.688 0.0000000000
116601  46.238  39.621  10.326 0.0000000000
115215  47.425  37.408  9.122 0.0000000000
105493  49.660  23.324  12.373 0.0000000000
104050  49.276  21.847  11.529 0.0000000000
104023  49.292  21.914  13.369 0.0000000000
104766  47.612  22.213  14.427 0.0000000000
104755  45.889  21.903  15.001 0.0000000000
103950  48.546  21.408  17.384 0.0000000000
103965  46.302  21.620  16.781 0.0000000000
103967  44.320  21.560  16.602 0.0000000000
110316  44.539  30.270  5.569 0.0000000000
109054  44.094  28.338  5.748 0.0000000000
109063  44.826  28.221  4.288 0.0000000000
108384  45.571  27.218  4.528 0.0000000000
107657  46.601  26.962  4.992 0.0000000000
109684  46.522  29.285  4.816 0.0000000000
108383  46.831  27.475  5.318 0.0000000000
107636  47.219  26.494  7.269 0.0000000000
107625  48.047  26.056  8.218 0.0000000000
107615  48.399  26.409  9.287 0.0000000000
106902  49.209  25.227  10.686 0.0000000000
111722  48.980  32.824  9.924 0.0000000000
111740  46.248  32.431  9.596 0.0000000000
110259  45.110  30.644  10.565 0.0000000000
111688  46.578  31.770  12.913 0.0000000000
110248  45.680  30.254  12.263 0.0000000000
109010  45.451  28.583  11.093 0.0000000000
108331  46.752  27.157  11.657 0.0000000000
107607  48.445  26.488  11.374 0.0000000000
106894  49.540  25.149  11.559 0.0000000000
106875  50.281  24.981  13.484 0.0000000000
106172  50.607  24.405  15.428 0.0000000000
105458  50.844  23.974  16.730 0.0000000000
108281  50.310  27.013  17.099 0.0000000000
106841  50.578  25.471  17.710 0.0000000000
105449  51.241  23.388  18.151 0.0000000000
105418  51.083  23.024  20.104 0.0000000000
118747  40.784  43.043  3.121 0.0000000000
119363  41.952  43.711  4.119 0.0000000000
119936  43.899  44.454  3.102 0.0000000000
117998  45.188  41.497  8.329 0.0000000000
118698  43.432  42.567  6.425 0.0000000000
119348  44.621  44.165  5.455 0.0000000000
119915  45.103  44.998  4.811 0.0000000000
119933  46.049  44.812  2.649 0.0000000000
118049  46.865  41.747  3.992 0.0000000000
116653  46.821  39.817  4.279 0.0000000000
115271  46.742  37.831  3.982 0.0000000000
115959  48.333  37.992  2.817 0.0000000000
114644  47.706  36.762  2.954 0.0000000000
114624  47.389  35.823  4.529 0.0000000000
112580  45.910  33.004  4.222 0.0000000000
111022  45.195  31.606  4.782 0.0000000000
107640  43.840  27.172  7.607 0.0000000000
107619  43.631  26.220  9.250 0.0000000000
105534  43.675  24.016  9.832 0.0000000000
105532  45.769  23.719  9.064 0.0000000000
105550  44.494  23.155  8.865 0.0000000000
104839  43.164  22.732  8.113 0.0000000000
104865  42.624  22.357  5.854 0.0000000000
104888  42.068  21.851  3.901 0.0000000000
104812  47.056  22.117  11.095 0.0000000000
104054  45.757  21.660  10.324 0.0000000000
103263  44.138  20.363  9.410 0.0000000000
104028  41.669  21.320  12.543 0.0000000000
103276  43.070  20.013  8.242 0.0000000000
100752  51.110  17.730  23.426 0.0000000000
101592  49.170  18.268  22.483 0.0000000000
109677  43.012  29.127  6.961 0.0000000000
109040  42.562  28.473  7.466 0.0000000000
109048  43.115  28.449  6.982 0.0000000000
110305  44.181  30.299  6.245 0.0000000000
110306  43.508  30.395  6.792 0.0000000000
110307  42.993  29.677  7.025 0.0000000000
103141  51.434  20.477  22.264 0.0000000000
113288  49.681  34.256  7.482 0.0000000000
113279  49.503  34.338  8.581 0.0000000000
114582  48.402  36.408  8.215 0.0000000000
115226  48.307  37.171  7.698 0.0000000000
113965  48.954  35.580  7.577 0.0000000000
113977  49.382  34.977  6.932 0.0000000000
105514  49.360  23.310  10.536 0.0000000000
105528  49.091  23.231  9.751 0.0000000000
107600  38.931  26.335  12.046 0.0000000000
108332  39.776  27.183  11.279 0.0000000000
105517  41.979  24.152  10.305 0.0000000000
104826  41.184  22.967  8.973 0.0000000000
104825  41.616  23.039  8.992 0.0000000000
115930  45.996  38.781  5.294 0.0000000000
115243  46.069  37.529  5.861 0.0000000000
109018  39.694  28.500  10.384 0.0000000000
109019  39.115  28.945  10.831 0.0000000000
108344  39.316  28.090  10.906 0.0000000000
115894  45.197  38.193  10.688 0.0000000000
115211  44.800  37.462  10.732 0.0000000000
115875  45.390  39.196  12.574 0.0000000000
116585  45.607  39.707  12.410 0.0000000000
104739  51.160  22.230  16.602 0.0000000000
103979  50.509  21.968  16.057 0.0000000000
103960  51.029  21.628  16.658 0.0000000000
103159  46.635  20.228  19.984 0.0000000000
110349  47.377  31.197  2.656 0.0000000000
110337  46.897  30.792  2.728 0.0000000000
110336  47.523  30.990  3.064 0.0000000000
109659  45.479  29.731  7.908 0.0000000000
109039  45.737  29.025  7.429 0.0000000000
109032  45.610  28.987  8.289 0.0000000000
109031  45.964  28.478  8.635 0.0000000000
109024  45.563  28.956  9.160 0.0000000000
112475  48.156  33.812  13.080 0.0000000000
112476  47.365  33.344  13.459 0.0000000000
108978  48.225  29.202  15.092 0.0000000000
108987  47.630  28.738  14.514 0.0000000000
108307  48.136  28.039  14.464 0.0000000000
108313  48.292  27.462  14.091 0.0000000000
108306  48.840  27.867  14.696 0.0000000000
108305  49.432  27.516  15.094 0.0000000000
108299  49.267  28.118  15.451 0.0000000000
106142  48.179  25.251  18.650 0.0000000000
118700  40.964  42.542  5.758 0.0000000000
118701  39.837  42.438  5.883 0.0000000000
118715  41.507  43.234  5.198 0.0000000000
118699  42.242  42.806  5.733 0.0000000000
117307  43.259  40.367  9.868 0.0000000000
117315  42.987  40.453  9.232 0.0000000000
117314  43.790  40.709  9.495 0.0000000000
117345  47.525  40.835  6.170 0.0000000000
118024  47.213  41.587  6.799 0.0000000000
118038  47.469  41.738  5.661 0.0000000000
117347  47.636  40.882  5.036 0.0000000000
111849  48.181  32.573  2.822 0.0000000000
112606  48.050  33.274  2.688 0.0000000000
111850  47.719  32.567  2.625 0.0000000000
111065  47.268  31.775  2.610 0.0000000000
107638  45.796  26.333  7.461 0.0000000000
106926  46.312  25.872  8.128 0.0000000000
103287  46.135  20.671  7.367 0.0000000000
104096  46.586  20.820  6.364 0.0000000000
103316  46.054  20.260  5.881 0.0000000000
103317  45.162  20.331  5.643 0.0000000000
103302  45.262  19.903  6.361 0.0000000000
104757  44.363  22.148  14.519 0.0000000000
104770  44.215  22.208  13.792 0.0000000000
109026  40.648  28.412  9.376 0.0000000000
108353  40.784  27.718  10.010 0.0000000000
109025  41.131  27.705  9.332 0.0000000000
107631  42.347  26.756  9.283 0.0000000000
107621  42.011  26.685  9.761 0.0000000000
106905  42.523  25.684  10.400 0.0000000000
106914  42.983  25.703  10.097 0.0000000000
112548  45.819  33.766  5.823 0.0000000000
113299  45.445  34.314  6.407 0.0000000000
112549  44.968  33.393  6.208 0.0000000000
111774  43.451  32.283  7.585 0.0000000000
111773  43.946  32.569  7.139 0.0000000000
109660  41.459  29.299  8.411 0.0000000000
110283  41.110  29.839  8.945 0.0000000000
109034  40.888  28.933  8.830 0.0000000000
102391  50.660  19.622  21.729 0.0000000000
103144  50.766  19.961  21.037 0.0000000000
103145  50.217  19.823  21.316 0.0000000000
102397  49.067  19.782  20.945 0.0000000000
102392  49.470  19.443  21.790 0.0000000000
118760  41.016  42.828  2.289 0.0000000000
118775  41.822  42.682  1.195 0.0000000000
112561  48.935  33.234  5.035 0.0000000000
111817  48.321  32.632  4.433 0.0000000000
111770  48.552  33.044  7.619 0.0000000000
111771  47.803  32.635  7.159 0.0000000000
111755  46.992  32.490  7.744 0.0000000000
110997  46.342  31.763  7.247 0.0000000000
112453  45.949  33.571  15.373 0.0000000000
111676  46.728  32.611  14.965 0.0000000000
111668  46.507  32.596  15.521 0.0000000000
110211  47.139  30.555  16.698 0.0000000000
110899  47.296  31.098  16.106 0.0000000000
110210  47.958  30.199  16.596 0.0000000000
110222  48.170  30.062  16.210 0.0000000000
109585  48.445  29.380  16.749 0.0000000000
109586  48.074  29.674  16.970 0.0000000000
108274  47.202  28.149  17.102 0.0000000000
107547  46.522  27.562  16.858 0.0000000000
107536  46.400  26.563  17.013 0.0000000000
116611  46.532  39.778  9.319 0.0000000000
117322  46.189  40.642  8.855 0.0000000000
115242  47.754  38.266  6.712 0.0000000000
115910  47.395  38.790  7.254 0.0000000000
115914  47.884  38.234  6.191 0.0000000000
115927  48.124  38.298  5.531 0.0000000000
113305  49.418  34.468  5.093 0.0000000000
113996  49.214  35.317  4.553 0.0000000000
112576  49.281  33.804  4.532 0.0000000000
112592  49.049  33.877  3.713 0.0000000000
106917  47.857  25.380  8.336 0.0000000000
106234  47.790  24.445  8.956 0.0000000000
104079  47.994  22.340  9.245 0.0000000000
104823  47.516  22.262  9.106 0.0000000000
104069  46.779  21.813  9.423 0.0000000000
104080  46.571  21.739  8.757 0.0000000000
106211  37.508  23.836  11.769 0.0000000000
106210  38.115  23.761  11.711 0.0000000000
107598  40.691  26.497  11.333 0.0000000000
106896  40.540  25.813  11.634 0.0000000000
106208  40.378  24.795  11.558 0.0000000000
105519  39.651  23.480  10.659 0.0000000000
105520  38.577  23.344  10.380 0.0000000000
105554  38.836  23.159  8.537 0.0000000000
104855  40.648  22.834  6.944 0.0000000000
104856  39.526  22.852  6.890 0.0000000000
104879  40.050  22.692  4.702 0.0000000000
118040  46.207  41.786  4.421 0.0000000000
116635  43.991  39.238  6.130 0.0000000000
115918  43.599  38.383  6.665 0.0000000000
114571  47.470  36.686  9.242 0.0000000000
113943  47.628  35.684  9.690 0.0000000000
113944  47.003  36.127  9.652 0.0000000000
113932  46.946  35.085  10.279 0.0000000000
113227  47.735  34.551  12.527 0.0000000000
113230  44.845  34.540  12.596 0.0000000000
113200  45.399  34.195  14.424 0.0000000000
116608  38.712  39.991  10.870 0.0000000000
116598  39.093  39.908  11.738 0.0000000000
116596  41.068  39.491  11.261 0.0000000000
116587  41.730  39.657  12.010 0.0000000000
117297  44.669  40.419  11.795 0.0000000000
117304  45.716  40.169  10.898 0.0000000000
117303  46.150  40.039  10.472 0.0000000000
115209  46.086  37.591  9.884 0.0000000000
115216  46.771  37.557  9.529 0.0000000000
104776  49.736  22.915  13.358 0.0000000000
104799  49.665  22.208  12.713 0.0000000000
104022  49.544  22.179  13.708 0.0000000000
104752  48.701  22.041  15.112 0.0000000000
104765  48.458  22.097  14.491 0.0000000000
104753  47.960  22.084  15.273 0.0000000000
104754  46.891  22.025  15.283 0.0000000000
103166  50.189  20.950  18.581 0.0000000000
103940  50.321  21.174  17.777 0.0000000000
103942  48.369  21.066  18.203 0.0000000000
103177  45.881  20.945  17.875 0.0000000000
103952  46.619  21.303  17.791 0.0000000000
103953  45.687  21.215  17.341 0.0000000000
103966  45.358  21.563  16.611 0.0000000000
103954  44.877  21.271  17.251 0.0000000000
103188  43.660  21.250  16.907 0.0000000000
103179  43.952  21.019  17.755 0.0000000000
110327  45.245  30.245  4.544 0.0000000000
109685  44.438  29.135  5.031 0.0000000000
109697  45.180  29.064  3.982 0.0000000000
109074  46.250  28.474  3.366 0.0000000000
109075  45.603  28.289  3.556 0.0000000000
108401  46.136  27.742  3.563 0.0000000000
107667  46.213  26.916  4.541 0.0000000000
108391  46.513  27.573  4.150 0.0000000000
111021  47.114  31.175  4.764 0.0000000000
110325  47.060  30.156  4.232 0.0000000000
109045  46.268  28.549  6.799 0.0000000000
109052  46.513  28.413  5.602 0.0000000000
108374  46.840  27.749  6.461 0.0000000000
108373  47.128  27.112  6.264 0.0000000000
108350  47.697  27.068  9.695 0.0000000000
107616  47.883  26.965  8.910 0.0000000000
106903  48.804  25.435  9.821 0.0000000000
113256  49.269  34.198  10.408 0.0000000000
112507  49.415  33.420  10.035 0.0000000000
111709  47.476  32.783  11.254 0.0000000000
111723  47.955  32.918  10.274 0.0000000000
111724  46.533  32.501  10.402 0.0000000000
111725  45.955  32.245  9.849 0.0000000000
110948  45.535  31.314  11.112 0.0000000000
110933  46.872  31.821  13.795 0.0000000000
110923  46.614  30.791  13.876 0.0000000000
108995  46.338  28.343  13.366 0.0000000000
109634  45.706  29.919  12.546 0.0000000000
109627  45.586  28.963  12.458 0.0000000000
109641  45.149  29.587  10.890 0.0000000000
109003  45.611  28.467  12.002 0.0000000000
109009  46.026  27.768  11.300 0.0000000000
107587  48.483  26.533  12.777 0.0000000000
107596  48.124  26.481  11.963 0.0000000000
107595  48.770  26.302  11.900 0.0000000000
107594  49.351  25.885  11.784 0.0000000000
106886  49.898  25.278  12.596 0.0000000000
106876  49.892  25.772  13.640 0.0000000000
107568  50.244  26.169  15.574 0.0000000000
106868  50.302  25.483  14.669 0.0000000000
105464  50.774  23.687  16.158 0.0000000000
106164  50.708  24.559  16.400 0.0000000000
108952  49.424  27.971  17.263 0.0000000000
108282  49.896  27.657  16.912 0.0000000000
108271  49.860  27.299  17.636 0.0000000000
106819  49.946  25.604  18.768 0.0000000000
106825  50.249  25.716  18.365 0.0000000000
106141  50.791  24.547  18.383 0.0000000000
106140  51.038  24.047  17.881 0.0000000000
105450  51.117  23.855  18.854 0.0000000000
105432  51.322  23.163  19.200 0.0000000000
118733  38.657  42.458  4.413 0.0000000000
118731  40.558  43.021  3.801 0.0000000000
119351  41.954  43.811  4.878 0.0000000000
119362  42.575  44.004  4.381 0.0000000000
119937  43.489  44.181  3.585 0.0000000000
119927  43.847  44.420  3.914 0.0000000000
117997  45.831  41.389  8.438 0.0000000000
119331  45.972  43.060  7.160 0.0000000000
118684  45.214  42.591  7.371 0.0000000000
118697  44.526  42.909  6.607 0.0000000000
119340  44.123  43.360  5.893 0.0000000000
119339  44.946  43.610  6.230 0.0000000000
119358  46.953  43.301  4.870 0.0000000000
119914  46.057  44.714  4.795 0.0000000000
119359  46.530  43.989  4.461 0.0000000000
120480  45.868  45.477  3.309 0.0000000000
119371  46.425  43.873  3.607 0.0000000000
118743  46.468  43.121  3.531 0.0000000000
118742  47.001  43.029  3.759 0.0000000000
116652  47.273  39.835  4.158 0.0000000000
117357  46.951  40.630  4.232 0.0000000000
114643  48.736  37.250  3.670 0.0000000000
115948  48.291  38.227  3.492 0.0000000000
115288  48.765  36.945  2.732 0.0000000000
114005  47.893  35.264  3.317 0.0000000000
114635  47.542  36.229  3.826 0.0000000000
113997  47.565  35.265  4.113 0.0000000000
113306  47.355  34.719  4.584 0.0000000000
113315  47.042  34.134  4.325 0.0000000000
111052  46.167  31.394  3.299 0.0000000000
111820  45.875  32.422  3.877 0.0000000000
111036  45.471  31.324  4.358 0.0000000000
111037  45.228  30.973  4.724 0.0000000000
108386  44.297  27.708  5.831 0.0000000000
108376  43.929  27.698  6.614 0.0000000000
107650  44.307  27.096  6.984 0.0000000000
107617  44.943  26.392  8.752 0.0000000000
107618  44.460  26.305  8.988 0.0000000000
106912  44.438  25.589  9.554 0.0000000000
106231  43.627  24.744  9.921 0.0000000000
106230  44.211  24.734  9.690 0.0000000000
106227  47.008  23.878  9.255 0.0000000000
106228  46.236  24.578  9.226 0.0000000000
105548  46.122  22.821  8.673 0.0000000000
104851  45.063  22.081  6.980 0.0000000000
104837  45.205  22.498  7.973 0.0000000000
104838  44.234  22.663  7.995 0.0000000000
104852  43.955  22.230  7.048 0.0000000000
104853  42.864  22.399  7.064 0.0000000000
104864  43.787  22.000  5.855 0.0000000000
103327  43.552  20.938  4.235 0.0000000000
104887  42.989  22.033  3.880 0.0000000000
104120  42.214  21.272  3.485 0.0000000000
104121  41.425  21.294  3.833 0.0000000000
103329  41.706  20.876  3.908 0.0000000000
104038  48.708  21.906  12.122 0.0000000000
104051  48.507  22.000  11.120 0.0000000000
104802  47.110  22.325  11.778 0.0000000000
104025  44.382  21.941  12.087 0.0000000000
104804  45.279  22.143  11.722 0.0000000000
104041  44.735  21.859  11.476 0.0000000000
104055  44.744  21.117  10.297 0.0000000000
104056  43.587  20.879  10.818 0.0000000000
104015  40.814  21.258  13.562 0.0000000000
104014  41.853  21.380  13.490 0.0000000000
109667  41.961  29.197  7.894 0.0000000000
109041  42.022  28.540  7.907 0.0000000000
108360  42.373  27.431  8.430 0.0000000000
107630  42.853  26.951  8.760 0.0000000000
111807  44.989  32.529  5.546 0.0000000000
111790  44.277  32.199  6.604 0.0000000000
111011  43.789  31.484  6.977 0.0000000000
110999  43.244  31.129  7.380 0.0000000000
110281  42.208  30.753  8.151 0.0000000000
110294  42.611  30.496  7.636 0.0000000000
103922  51.446  21.338  21.413 0.0000000000
103143  51.468  20.355  21.048 0.0000000000
102386  51.253  19.624  22.273 0.0000000000
101590  51.164  19.111  22.723 0.0000000000
112545  49.416  33.757  6.247 0.0000000000
112546  49.056  33.368  6.178 0.0000000000
112532  49.494  33.705  6.932 0.0000000000
112533  49.076  33.304  7.235 0.0000000000
111753  48.866  33.113  8.488 0.0000000000
111658  45.727  32.774  16.071 0.0000000000
115906  47.406  38.548  8.380 0.0000000000
114612  48.616  36.588  5.969 0.0000000000
113978  48.960  35.779  6.495 0.0000000000
106218  48.649  24.872  9.476 0.0000000000
105529  48.612  23.293  9.373 0.0000000000
104822  48.798  22.558  9.573 0.0000000000
106222  40.968  24.655  11.260 0.0000000000
104827  40.361  22.901  8.887 0.0000000000
116654  46.384  39.878  4.584 0.0000000000
116644  45.675  39.970  5.013 0.0000000000
115916  45.459  38.427  5.981 0.0000000000
109648  39.709  29.560  10.330 0.0000000000
109649  39.133  29.663  10.901 0.0000000000
114563  46.263  36.625  9.893 0.0000000000
114564  45.443  36.692  10.466 0.0000000000
117288  44.652  40.523  12.977 0.0000000000
116593  45.799  39.699  11.482 0.0000000000
115884  45.866  38.928  10.900 0.0000000000
104764  50.170  22.596  14.851 0.0000000000
104009  49.713  22.275  14.502 0.0000000000
103996  50.073  22.179  15.316 0.0000000000
103980  49.996  21.931  15.812 0.0000000000
103963  48.774  21.733  16.426 0.0000000000
103157  48.909  20.419  19.672 0.0000000000
103168  48.113  20.732  18.977 0.0000000000
103169  47.107  20.819  19.104 0.0000000000
103170  46.060  20.680  18.643 0.0000000000
103171  44.804  20.470  18.715 0.0000000000
109696  45.602  29.659  3.582 0.0000000000
110338  46.141  30.148  3.141 0.0000000000
109707  46.641  29.546  3.236 0.0000000000
111009  46.033  30.815  6.546 0.0000000000
110303  46.181  30.277  5.961 0.0000000000
109674  45.857  29.654  6.594 0.0000000000
108366  46.793  27.907  7.589 0.0000000000
108359  46.552  28.020  8.567 0.0000000000
108351  46.768  27.638  9.472 0.0000000000
112485  48.965  33.899  11.812 0.0000000000
112498  48.766  33.364  11.540 0.0000000000
112486  48.438  33.663  12.258 0.0000000000
112499  48.003  33.214  11.828 0.0000000000
111698  47.306  32.602  12.157 0.0000000000
110232  47.140  30.451  14.925 0.0000000000
110233  46.666  30.310  14.238 0.0000000000
109619  46.991  29.561  14.568 0.0000000000
108988  46.879  28.859  14.070 0.0000000000
108324  46.735  27.356  12.721 0.0000000000
108323  47.382  27.072  13.118 0.0000000000
107578  48.050  26.950  13.454 0.0000000000
107576  49.506  26.470  14.003 0.0000000000
107569  49.845  26.687  14.982 0.0000000000
107561  50.095  26.824  15.889 0.0000000000
107533  48.964  26.779  18.031 0.0000000000
108264  49.460  27.035  17.927 0.0000000000
107524  49.481  26.481  18.197 0.0000000000
106820  49.538  25.414  18.936 0.0000000000
118717  39.285  42.596  5.128 0.0000000000
119350  42.711  43.885  5.183 0.0000000000
116605  41.404  39.589  10.281 0.0000000000
116613  41.648  39.861  9.230 0.0000000000
116612  42.390  40.111  9.330 0.0000000000
118007  47.013  41.183  7.386 0.0000000000
118025  46.855  42.272  7.007 0.0000000000
119337  46.258  43.113  6.785 0.0000000000
119338  45.692  43.423  6.604 0.0000000000
118711  46.925  42.897  5.971 0.0000000000
119345  46.918  43.201  5.296 0.0000000000
118726  47.249  42.797  4.357 0.0000000000
118061  47.213  42.364  3.906 0.0000000000
115940  47.695  38.909  4.041 0.0000000000
114011  48.594  36.173  2.901 0.0000000000
114004  48.462  35.324  3.039 0.0000000000
113333  47.858  33.746  2.816 0.0000000000
113325  47.689  34.034  3.112 0.0000000000
112578  46.995  33.767  3.631 0.0000000000
112595  46.993  33.125  2.995 0.0000000000
107659  45.340  26.853  5.617 0.0000000000
107639  44.739  26.734  7.470 0.0000000000
107627  45.270  26.397  8.295 0.0000000000
106911  45.425  25.792  9.173 0.0000000000
104835  46.538  22.228  8.509 0.0000000000
104836  45.965  22.122  8.060 0.0000000000
104089  45.855  21.608  6.630 0.0000000000
104098  45.389  21.362  6.053 0.0000000000
104099  44.590  21.433  5.653 0.0000000000
104110  44.918  20.931  5.461 0.0000000000
103318  44.041  20.588  5.218 0.0000000000
103319  42.929  20.470  4.800 0.0000000000
104779  46.504  22.294  13.364 0.0000000000
104791  46.372  22.323  12.461 0.0000000000
104780  45.629  22.240  13.210 0.0000000000
104794  44.199  22.028  12.596 0.0000000000
104026  43.870  21.797  12.517 0.0000000000
108343  40.111  27.458  10.803 0.0000000000
107610  40.832  26.865  10.934 0.0000000000
107597  41.111  26.519  11.093 0.0000000000
108352  41.409  27.172  9.930 0.0000000000
107609  41.573  26.515  10.571 0.0000000000
106906  41.775  25.512  10.988 0.0000000000
106220  42.347  24.828  10.636 0.0000000000
105516  42.863  24.280  10.204 0.0000000000
113979  46.391  35.500  6.108 0.0000000000
114613  46.256  36.616  5.970 0.0000000000
113981  45.003  34.732  6.783 0.0000000000
110282  41.700  30.558  8.601 0.0000000000
109027  40.114  28.910  9.833 0.0000000000
117280  44.887  40.859  14.134 0.0000000000
117279  45.359  40.609  14.429 0.0000000000
116579  45.472  39.824  13.489 0.0000000000
103938  51.523  21.414  18.210 0.0000000000
103175  51.190  21.055  17.534 0.0000000000
103154  51.365  20.892  18.680 0.0000000000
103155  50.882  20.611  19.103 0.0000000000
103156  49.993  20.625  19.522 0.0000000000
103148  50.792  20.369  20.173 0.0000000000
103150  48.599  20.033  20.412 0.0000000000
103151  47.642  19.981  20.523 0.0000000000
111049  48.219  32.063  3.167 0.0000000000
111050  48.069  31.788  3.279 0.0000000000
111818  48.014  32.013  3.863 0.0000000000
111804  47.675  31.924  4.833 0.0000000000
111789  47.124  31.813  5.520 0.0000000000
111788  47.718  32.441  6.039 0.0000000000
111008  46.328  31.123  6.099 0.0000000000
110998  45.900  31.015  6.937 0.0000000000
110985  45.818  31.378  7.880 0.0000000000
110280  45.448  30.679  8.419 0.0000000000
112464  47.024  33.566  14.032 0.0000000000
110911  47.066  31.400  15.222 0.0000000000
110912  46.896  31.847  15.697 0.0000000000
109608  48.213  29.700  15.700 0.0000000000
108976  49.292  28.459  16.036 0.0000000000
108962  48.889  28.959  16.456 0.0000000000
108953  48.662  28.630  17.057 0.0000000000
108273  48.081  27.893  17.292 0.0000000000
107534  48.363  27.042  17.711 0.0000000000
106843  48.058  26.320  17.820 0.0000000000
106829  46.924  25.247  17.995 0.0000000000
117337  46.793  40.587  7.726 0.0000000000
116618  47.023  39.383  7.895 0.0000000000
116628  46.849  39.936  7.718 0.0000000000
115928  47.916  39.114  4.973 0.0000000000
115270  48.509  37.628  3.971 0.0000000000
114634  48.737  36.955  4.209 0.0000000000
114623  48.816  36.473  5.018 0.0000000000
114633  49.064  36.202  4.244 0.0000000000
114003  49.041  35.766  3.377 0.0000000000
112593  48.491  33.424  3.207 0.0000000000
106924  47.232  25.848  7.748 0.0000000000
106925  46.673  25.812  7.887 0.0000000000
106918  47.280  25.213  8.417 0.0000000000
106235  47.257  24.538  9.045 0.0000000000
105546  48.126  23.483  9.138 0.0000000000
105530  47.311  22.935  9.115 0.0000000000
103273  45.720  20.863  8.632 0.0000000000
103987  43.148  21.574  15.384 0.0000000000
104000  42.915  21.578  14.488 0.0000000000
103988  42.244  21.378  15.351 0.0000000000
105507  36.969  23.506  11.071 0.0000000000
107599  39.948  26.674  11.543 0.0000000000
106897  39.678  25.519  12.015 0.0000000000
106197  39.277  24.708  12.216 0.0000000000
105503  40.307  24.305  11.392 0.0000000000
105504  39.746  24.191  11.643 0.0000000000
105521  37.550  23.265  10.199 0.0000000000
105540  37.230  22.967  9.155 0.0000000000
104843  38.865  23.088  7.730 0.0000000000
104857  38.329  22.706  7.046 0.0000000000
104869  38.084  22.424  5.890 0.0000000000
117350  44.914  41.028  5.232 0.0000000000
114614  45.237  36.601  6.808 0.0000000000
113955  48.890  35.079  8.708 0.0000000000
113942  48.320  35.165  9.758 0.0000000000
113257  48.522  34.705  10.527 0.0000000000
113258  47.955  34.906  10.951 0.0000000000
113243  48.495  34.509  11.483 0.0000000000
113198  47.281  34.178  13.846 0.0000000000
113199  46.386  34.060  14.409 0.0000000000
113188  45.798  34.048  14.888 0.0000000000
112454  45.178  33.744  15.568 0.0000000000
116606  40.364  39.488  10.572 0.0000000000
116597  40.054  39.509  11.495 0.0000000000
116603  43.172  40.199  10.249 0.0000000000
117306  43.762  40.445  10.326 0.0000000000
117298  43.778  40.321  11.354 0.0000000000
117311  46.095  40.143  9.999 0.0000000000
115902  46.790  38.794  9.410 0.0000000000
115901  47.384  37.978  9.083 0.0000000000
114583  48.016  36.614  8.796 0.0000000000
105502  49.533  23.321  11.526 0.0000000000
104810  49.473  22.466  11.027 0.0000000000
104800  49.655  22.443  12.029 0.0000000000
104037  49.353  21.866  12.520 0.0000000000
104024  48.825  21.990  13.036 0.0000000000
104010  49.369  22.044  14.150 0.0000000000
104777  48.273  22.209  13.683 0.0000000000
104778  47.414  22.377  13.533 0.0000000000
104767  46.662  22.172  14.283 0.0000000000
104756  45.005  22.043  14.793 0.0000000000
103948  50.444  21.425  17.140 0.0000000000
103949  49.589  21.520  17.217 0.0000000000
103951  47.674  21.354  17.724 0.0000000000
103964  47.506  21.660  16.774 0.0000000000
103984  46.025  21.855  15.938 0.0000000000
103985  45.093  21.790  15.729 0.0000000000
103986  44.101  21.963  15.458 0.0000000000
103968  43.456  21.409  16.252 0.0000000000
109675  44.135  29.669  6.057 0.0000000000
109686  44.083  29.048  5.842 0.0000000000
109053  44.397  28.232  4.950 0.0000000000
108385  44.848  27.445  5.157 0.0000000000
109709  45.556  29.009  3.490 0.0000000000
108393  45.424  27.586  4.107 0.0000000000
107647  46.555  26.572  5.990 0.0000000000
110324  47.462  30.589  3.721 0.0000000000
109695  46.792  29.281  3.898 0.0000000000
109062  46.612  28.353  4.495 0.0000000000
107656  47.039  27.029  5.348 0.0000000000
107646  46.975  26.862  5.863 0.0000000000
107635  47.738  25.973  7.901 0.0000000000
107626  47.733  26.756  8.238 0.0000000000
106909  48.452  25.407  8.978 0.0000000000
112517  49.545  33.640  9.120 0.0000000000
111752  49.318  33.301  8.912 0.0000000000
111738  48.335  32.869  9.236 0.0000000000
112508  48.945  33.010  10.751 0.0000000000
111739  46.875  32.707  9.062 0.0000000000
110970  46.286  32.340  8.796 0.0000000000
110971  45.850  31.909  9.053 0.0000000000
110269  45.175  30.780  9.469 0.0000000000
111687  47.026  32.322  13.148 0.0000000000
111699  46.586  32.026  12.402 0.0000000000
110240  46.355  30.302  13.539 0.0000000000
110253  45.893  30.828  12.237 0.0000000000
110947  45.942  31.539  11.867 0.0000000000
109647  45.152  29.716  9.827 0.0000000000
109016  46.065  27.989  10.280 0.0000000000
108340  46.852  27.328  10.537 0.0000000000
108330  47.399  26.777  12.183 0.0000000000
108339  47.889  26.761  10.984 0.0000000000
107606  48.843  26.280  10.742 0.0000000000
107605  49.339  25.707  11.155 0.0000000000
106196  49.675  24.273  12.214 0.0000000000
106185  50.076  24.192  13.095 0.0000000000
105486  50.045  23.397  13.672 0.0000000000
106179  50.462  24.107  14.243 0.0000000000
105474  50.605  23.189  15.297 0.0000000000
105463  50.937  22.853  16.106 0.0000000000
105457  51.069  23.287  17.018 0.0000000000
108297  50.114  27.135  16.480 0.0000000000
107560  50.377  26.355  16.449 0.0000000000
107532  50.117  26.767  17.922 0.0000000000
107546  50.468  26.265  17.296 0.0000000000
106854  50.636  25.443  16.854 0.0000000000
106157  50.878  24.405  17.330 0.0000000000
106156  51.067  23.778  17.602 0.0000000000
104735  51.402  22.176  17.556 0.0000000000
104733  51.524  22.240  18.666 0.0000000000
104725  51.507  22.190  19.699 0.0000000000
104708  51.370  22.135  20.651 0.0000000000
104691  51.120  22.111  21.337 0.0000000000
119385  41.247  43.249  2.939 0.0000000000
119364  41.196  43.385  4.054 0.0000000000
119376  41.787  43.476  3.293 0.0000000000
119375  42.933  43.850  3.321 0.0000000000
119935  44.540  44.901  2.209 0.0000000000
118013  41.829  41.304  7.103 0.0000000000
117324  44.501  41.054  8.946 0.0000000000
117999  44.397  41.402  8.241 0.0000000000
118676  45.329  41.969  7.867 0.0000000000
118027  42.499  41.892  6.563 0.0000000000
119341  43.232  43.343  5.735 0.0000000000
119349  43.725  43.920  5.255 0.0000000000
119347  45.536  44.183  5.671 0.0000000000
119916  44.221  44.540  4.615 0.0000000000
119926  44.627  45.196  3.518 0.0000000000
120488  45.127  45.501  2.579 0.0000000000
119934  45.300  44.606  2.283 0.0000000000
119372  45.777  43.687  3.065 0.0000000000
118039  46.584  41.556  4.244 0.0000000000
117358  46.461  40.420  4.587 0.0000000000
115929  46.531  38.516  4.495 0.0000000000
114625  46.961  36.733  4.593 0.0000000000
115949  47.757  38.350  3.044 0.0000000000
114653  48.239  36.716  2.631 0.0000000000
115290  47.936  37.287  2.436 0.0000000000
115950  47.291  38.277  2.986 0.0000000000
114636  47.165  37.167  3.491 0.0000000000
113990  47.075  35.434  5.319 0.0000000000
112562  46.275  33.741  5.290 0.0000000000
112563  45.580  33.062  4.996 0.0000000000
112579  46.517  33.406  3.960 0.0000000000
111806  45.253  32.077  4.754 0.0000000000
111023  44.919  31.365  5.233 0.0000000000
108377  43.316  27.866  7.135 0.0000000000
108367  43.465  27.616  7.263 0.0000000000
107641  43.305  27.141  8.141 0.0000000000
107629  43.751  26.736  8.496 0.0000000000
106913  43.499  25.438  9.882 0.0000000000
105515  43.232  24.365  10.132 0.0000000000
105535  42.723  23.606  9.740 0.0000000000
106919  46.639  25.282  8.702 0.0000000000
106910  46.123  25.430  8.970 0.0000000000
105549  45.437  23.022  8.680 0.0000000000
105533  44.812  23.908  9.289 0.0000000000
105551  43.479  23.142  9.010 0.0000000000
105552  42.515  23.133  8.996 0.0000000000
104840  41.971  22.908  8.432 0.0000000000
104854  41.760  22.687  7.033 0.0000000000
104866  41.513  22.669  5.841 0.0000000000
104876  43.335  22.037  4.763 0.0000000000
104877  42.327  22.233  4.802 0.0000000000
104878  41.215  22.406  4.836 0.0000000000
104889  40.815  21.792  4.267 0.0000000000
104066  49.167  21.927  10.690 0.0000000000
104052  47.759  22.084  10.581 0.0000000000
104053  46.715  21.908  10.606 0.0000000000
104803  46.311  22.110  11.461 0.0000000000
104039  46.291  21.948  11.051 0.0000000000
104071  45.202  21.011  9.683 0.0000000000
103262  45.047  20.770  9.458 0.0000000000
103274  45.136  20.383  8.447 0.0000000000
104013  42.826  21.543  13.521 0.0000000000
104027  42.750  21.431  12.493 0.0000000000
104043  42.649  21.077  11.372 0.0000000000
104044  41.420  21.116  11.763 0.0000000000
103238  42.118  20.840  11.011 0.0000000000
104057  43.084  20.904  10.888 0.0000000000
103249  43.040  20.734  10.466 0.0000000000
103275  44.181  19.969  8.377 0.0000000000
103289  44.210  19.809  7.223 0.0000000000
103290  43.074  19.929  7.067 0.0000000000
103304  43.056  20.199  5.923 0.0000000000
101584  51.340  18.760  23.188 0.0000000000
102384  50.275  18.659  23.109 0.0000000000
101586  49.949  18.246  23.232 0.0000000000
102388  49.903  18.929  22.875 0.0000000000
100753  50.421  17.542  23.275 0.0000000000
100757  49.770  17.352  22.922 0.0000000000
101585  50.712  18.491  23.123 0.0000000000
101591  51.052  18.858  22.860 0.0000000000
102383  50.432  18.837  22.944 0.0000000000
102398  48.420  19.613  21.029 0.0000000000
103164  51.303  20.978  17.901 0.0000000000
103176  51.110  20.916  17.658 0.0000000000
103237  42.585  20.877  10.953 0.0000000000
103247  44.683  20.812  9.983 0.0000000000
103248  44.223  20.699  10.115 0.0000000000
103261  45.537  20.938  9.115 0.0000000000
103286  46.446  20.685  6.879 0.0000000000
103300  46.477  20.592  6.638 0.0000000000
103301  46.071  20.243  6.574 0.0000000000
103315  46.535  20.428  6.178 0.0000000000
103328  42.759  20.828  3.752 0.0000000000
103330  41.080  20.900  3.834 0.0000000000
103339  43.360  21.164  3.615 0.0000000000
103340  43.151  21.138  3.306 0.0000000000
103939  50.849  20.997  17.533 0.0000000000
103941  49.379  21.179  18.005 0.0000000000
103943  47.421  21.111  18.406 0.0000000000
103946  51.290  21.362  17.420 0.0000000000
103947  50.996  21.176  17.168 0.0000000000
103961  50.523  21.675  16.572 0.0000000000
103981  49.260  21.937  15.561 0.0000000000
103982  48.560  21.932  15.662 0.0000000000
103983  46.801  21.906  16.156 0.0000000000
103998  49.099  22.008  14.658 0.0000000000
104011  48.918  21.927  13.868 0.0000000000
104036  49.524  22.046  13.093 0.0000000000
104040  45.844  21.919  11.103 0.0000000000
104078  48.322  22.287  9.514 0.0000000000
104087  46.567  20.860  6.770 0.0000000000
104088  46.255  21.318  7.032 0.0000000000
104097  46.288  21.179  6.112 0.0000000000
104108  46.486  20.672  5.863 0.0000000000
104119  43.570  21.556  3.984 0.0000000000
104130  43.209  21.541  3.438 0.0000000000
104131  42.798  21.332  3.228 0.0000000000
104740  50.856  22.048  16.178 0.0000000000
104742  47.423  21.956  15.905 0.0000000000
104750  50.870  22.368  16.038 0.0000000000
104769  44.944  22.205  13.920 0.0000000000
104775  49.841  22.675  13.975 0.0000000000
104781  44.814  22.298  13.090 0.0000000000
104782  44.164  22.150  12.978 0.0000000000
104787  49.662  22.409  13.262 0.0000000000
104788  49.671  22.751  12.786 0.0000000000
104789  48.147  22.343  12.798 0.0000000000
104793  44.609  22.125  12.282 0.0000000000
104801  47.957  22.290  11.915 0.0000000000
104805  44.844  22.093  11.809 0.0000000000
104811  47.704  22.186  11.263 0.0000000000
104813  46.697  22.028  11.042 0.0000000000
104821  49.247  22.461  10.162 0.0000000000
104834  47.854  22.812  9.122 0.0000000000
104899  42.764  21.730  3.451 0.0000000000
104900  42.507  21.566  3.444 0.0000000000
105473  50.750  22.645  15.762 0.0000000000
105487  49.758  23.413  13.016 0.0000000000
105494  39.403  24.308  12.029 0.0000000000
105495  39.141  24.110  12.081 0.0000000000
105553  42.058  23.140  8.989 0.0000000000
106186  49.753  23.819  12.686 0.0000000000
106195  50.022  24.661  12.671 0.0000000000
106219  43.138  24.827  10.241 0.0000000000
106225  48.804  23.758  9.528 0.0000000000
106828  47.811  25.567  18.155 0.0000000000
106885  50.178  24.805  12.921 0.0000000000
106895  41.219  26.062  11.315 0.0000000000
107522  50.211  26.136  18.161 0.0000000000
107523  50.026  26.354  18.202 0.0000000000
107531  50.339  26.266  17.932 0.0000000000
107570  49.317  27.122  14.485 0.0000000000
107649  44.849  26.914  6.373 0.0000000000
107658  45.874  26.804  5.026 0.0000000000
107666  46.320  27.111  4.379 0.0000000000
108263  49.821  26.839  18.015 0.0000000000
108270  50.284  26.785  17.616 0.0000000000
108314  47.620  27.689  13.908 0.0000000000
108315  46.976  27.674  13.457 0.0000000000
108338  48.375  26.596  10.640 0.0000000000
108342  41.042  27.166  10.470 0.0000000000
108369  42.027  27.796  8.282 0.0000000000
108382  47.079  27.086  5.644 0.0000000000
108392  46.007  27.114  4.052 0.0000000000
108400  46.415  27.996  3.569 0.0000000000
108402  45.778  27.609  3.688 0.0000000000
108986  48.380  28.593  14.828 0.0000000000
108996  45.789  28.560  12.683 0.0000000000
109017  45.521  28.806  10.089 0.0000000000
109046  45.861  29.224  6.756 0.0000000000
109047  43.665  28.416  6.445 0.0000000000
109594  48.268  29.789  16.740 0.0000000000
109626  45.863  29.435  12.974 0.0000000000
109635  45.431  29.459  12.021 0.0000000000
109661  40.987  29.371  8.863 0.0000000000
109665  45.685  29.707  7.105 0.0000000000
109706  47.068  30.334  3.065 0.0000000000
110202  48.001  30.088  16.965 0.0000000000
110209  48.223  30.015  16.451 0.0000000000
110247  46.021  30.493  12.816 0.0000000000
110254  45.471  30.529  11.598 0.0000000000
110304  45.890  30.314  6.562 0.0000000000
110348  47.545  31.403  2.673 0.0000000000
110934  46.544  31.282  13.397 0.0000000000
110941  46.241  31.342  12.626 0.0000000000
110957  45.932  31.987  11.092 0.0000000000
110958  45.616  31.694  10.244 0.0000000000
111020  47.504  31.442  4.505 0.0000000000
111035  47.437  30.733  4.146 0.0000000000
111063  48.194  32.098  2.943 0.0000000000
111721  49.319  33.045  9.698 0.0000000000
111736  49.404  33.242  9.433 0.0000000000
111737  49.117  32.977  9.292 0.0000000000
111805  47.301  31.639  5.022 0.0000000000
111819  46.254  32.758  3.602 0.0000000000
111833  48.309  32.404  3.421 0.0000000000
111834  48.162  32.041  3.476 0.0000000000
111835  46.530  32.370  3.147 0.0000000000
111851  47.227  32.710  2.722 0.0000000000
112497  49.201  33.656  11.033 0.0000000000
112524  49.024  33.289  7.876 0.0000000000
112547  46.158  33.963  5.728 0.0000000000
112594  47.148  33.670  3.293 0.0000000000
112608  47.261  33.062  2.757 0.0000000000
113211  48.048  34.303  13.227 0.0000000000
113225  48.782  34.232  11.780 0.0000000000
113244  47.951  34.718  11.714 0.0000000000
113270  48.970  34.624  9.700 0.0000000000
113280  49.233  34.516  9.144 0.0000000000
113307  46.895  34.229  4.989 0.0000000000
113324  48.152  34.136  2.976 0.0000000000
113332  47.913  33.600  2.731 0.0000000000
113920  46.641  34.798  10.863 0.0000000000
113930  48.265  35.010  10.212 0.0000000000
113954  49.314  34.731  8.427 0.0000000000
113988  48.940  35.946  5.644 0.0000000000
113989  47.407  35.310  4.665 0.0000000000
114010  48.899  36.326  2.892 0.0000000000
114622  49.113  35.821  5.026 0.0000000000
114642  48.996  36.942  3.545 0.0000000000
114645  47.327  37.424  2.982 0.0000000000
114652  48.678  36.709  2.747 0.0000000000
115222  47.915  37.342  8.515 0.0000000000
115260  45.935  38.049  5.778 0.0000000000
115277  48.904  37.120  2.909 0.0000000000
115278  48.673  37.540  3.213 0.0000000000
115279  47.530  37.739  2.723 0.0000000000
115280  47.039  37.911  3.144 0.0000000000
115289  48.489  37.318  2.617 0.0000000000
115895  44.834  38.026  10.768 0.0000000000
115960  48.010  37.903  2.402 0.0000000000
116592  45.950  39.286  10.915 0.0000000000
117272  44.779  41.094  14.392 0.0000000000
117348  46.596  41.211  4.423 0.0000000000
117972  45.071  41.109  14.431 0.0000000000
118062  46.865  42.553  3.694 0.0000000000
118675  45.772  42.076  8.000 0.0000000000
118695  46.677  42.825  6.530 0.0000000000
118710  47.164  42.740  5.319 0.0000000000
119330  46.200  42.953  7.123 0.0000000000
119377  41.089  43.287  3.447 0.0000000000
119918  42.946  44.109  4.606 0.0000000000
119924  46.179  44.973  3.635 0.0000000000
119925  45.597  45.381  3.928 0.0000000000
119928  43.195  44.132  4.084 0.0000000000
119949  45.775  45.248  2.316 0.0000000000
119950  45.543  45.138  2.063 0.0000000000
119951  45.123  45.040  1.893 0.0000000000
120479  46.085  45.351  3.297 0.0000000000
120481  45.399  45.581  3.213 0.0000000000
120486  46.065  45.385  3.003 0.0000000000
120487  45.679  45.554  2.785 0.0000000000
120500  45.864  45.364  2.551 0.0000000000
120501  45.547  45.440  2.301 0.0000000000
120502  45.176  45.370  2.044 0.0000000000
