#!ascii label  , from subject sub.01.bl.02 vox2ras=TkReg
1043
55091  32.622  -24.722  40.947 0.0000000000
77584  39.786  -5.454  25.939 0.0000000000
66901  32.283  -14.850  33.591 0.0000000000
54885  12.777  -24.237  52.279 0.0000000000
59778  27.423  -19.393  44.153 0.0000000000
71871  32.231  -10.138  32.629 0.0000000000
56174  18.787  -22.969  46.246 0.0000000000
52396  16.866  -27.095  49.267 0.0000000000
55056  22.949  -24.422  43.160 0.0000000000
76591  43.762  -6.547  24.977 0.0000000000
61055  33.549  -19.864  41.236 0.0000000000
62261  33.352  -18.533  38.595 0.0000000000
57435  36.750  -22.420  41.296 0.0000000000
80874  42.305  -2.049  24.535 0.0000000000
78709  45.444  -3.541  21.854 0.0000000000
76553  36.694  -5.718  28.652 0.0000000000
73143  40.138  -9.981  28.489 0.0000000000
71923  35.351  -9.825  29.653 0.0000000000
68103  37.135  -14.002  32.066 0.0000000000
52478  31.449  -26.605  44.495 0.0000000000
49912  11.362  -28.098  54.641 0.0000000000
51036  6.834  -27.661  56.216 0.0000000000
50994  6.305  -27.624  60.876 0.0000000000
56275  30.258  -23.634  41.956 0.0000000000
55003  27.519  -24.776  44.604 0.0000000000
68021  29.183  -13.841  37.733 0.0000000000
65590  34.364  -15.764  38.290 0.0000000000
83013  48.234  -0.141  21.172 0.0000000000
76592  42.670  -6.504  25.200 0.0000000000
74328  42.777  -8.688  26.215 0.0000000000
57499  33.220  -22.025  39.803 0.0000000000
58715  33.934  -21.569  38.867 0.0000000000
56271  35.159  -23.650  40.574 0.0000000000
79780  39.762  -2.872  26.617 0.0000000000
80856  42.143  -1.455  26.846 0.0000000000
78662  40.540  -4.014  25.122 0.0000000000
78676  42.673  -4.208  24.105 0.0000000000
45030  6.660  -32.943  59.750 0.0000000000
75422  35.486  -7.708  28.546 0.0000000000
75392  34.429  -7.076  30.751 0.0000000000
69379  31.580  -12.514  32.495 0.0000000000
69400  33.785  -12.560  31.302 0.0000000000
66923  34.667  -14.718  32.447 0.0000000000
65673  35.307  -16.094  34.476 0.0000000000
53721  14.719  -25.510  50.226 0.0000000000
51129  15.959  -27.696  51.493 0.0000000000
52338  14.213  -27.084  52.205 0.0000000000
51066  13.509  -27.780  54.176 0.0000000000
52341  11.909  -25.983  52.671 0.0000000000
53598  8.750  -24.799  56.916 0.0000000000
51023  6.520  -26.968  58.415 0.0000000000
57412  29.127  -21.276  43.213 0.0000000000
55096  27.808  -23.934  42.144 0.0000000000
56257  26.394  -23.108  42.586 0.0000000000
52450  22.395  -26.395  46.809 0.0000000000
52447  25.110  -26.520  46.986 0.0000000000
62241  36.842  -18.597  39.484 0.0000000000
64497  33.186  -16.734  38.349 0.0000000000
74223  34.546  -8.206  33.028 0.0000000000
70544  32.504  -9.751  34.991 0.0000000000
69348  30.559  -11.804  34.266 0.0000000000
53780  20.052  -24.715  47.141 0.0000000000
53736  19.467  -26.274  49.182 0.0000000000
53760  17.902  -25.359  47.842 0.0000000000
54937  15.765  -23.896  48.841 0.0000000000
56077  14.665  -22.639  51.127 0.0000000000
58661  24.166  -21.265  42.286 0.0000000000
58615  22.597  -21.308  43.915 0.0000000000
55010  20.640  -23.809  44.923 0.0000000000
62191  31.933  -18.807  43.113 0.0000000000
63350  29.617  -18.275  41.290 0.0000000000
61076  32.599  -19.527  39.798 0.0000000000
59885  35.370  -20.156  38.654 0.0000000000
81933  45.083  -1.024  22.216 0.0000000000
80889  43.625  -2.560  22.652 0.0000000000
77626  44.998  -4.981  23.601 0.0000000000
77573  38.218  -5.003  27.087 0.0000000000
74331  39.743  -7.736  26.937 0.0000000000
74316  37.428  -8.206  27.559 0.0000000000
73125  37.794  -9.791  28.926 0.0000000000
70611  38.413  -11.552  30.261 0.0000000000
71906  33.824  -9.928  30.510 0.0000000000
69418  36.059  -11.787  30.792 0.0000000000
53861  32.276  -26.017  43.021 0.0000000000
53859  34.598  -25.578  43.056 0.0000000000
78630  39.689  -3.723  29.079 0.0000000000
54835  11.585  -23.236  53.913 0.0000000000
53648  9.505  -25.368  54.113 0.0000000000
51051  8.356  -27.552  54.885 0.0000000000
48665  8.767  -29.492  56.595 0.0000000000
48644  7.343  -30.020  56.941 0.0000000000
47440  5.740  -30.643  58.366 0.0000000000
48592  5.345  -29.786  60.530 0.0000000000
47382  4.427  -29.960  62.095 0.0000000000
55092  31.761  -24.401  41.246 0.0000000000
53885  29.699  -25.532  42.182 0.0000000000
52480  29.598  -26.312  44.517 0.0000000000
56207  25.175  -24.379  43.650 0.0000000000
66862  30.121  -14.941  35.233 0.0000000000
63404  28.960  -17.202  38.248 0.0000000000
64539  31.256  -17.021  36.050 0.0000000000
65650  33.293  -16.292  35.476 0.0000000000
55048  36.667  -24.681  43.300 0.0000000000
81959  49.550  -1.898  19.832 0.0000000000
80893  46.901  -2.137  21.386 0.0000000000
79835  48.546  -3.309  20.075 0.0000000000
76594  40.821  -6.048  25.740 0.0000000000
75462  41.824  -7.175  26.037 0.0000000000
75444  41.233  -7.261  26.410 0.0000000000
56296  32.690  -23.267  40.139 0.0000000000
56295  33.656  -23.622  39.827 0.0000000000
55110  33.889  -24.331  40.401 0.0000000000
78650  39.164  -4.094  26.552 0.0000000000
78663  39.927  -3.545  25.857 0.0000000000
77604  39.912  -4.523  25.599 0.0000000000
77602  42.021  -5.656  24.966 0.0000000000
45031  5.680  -32.895  59.620 0.0000000000
76520  35.020  -6.575  30.658 0.0000000000
74260  35.568  -7.473  32.149 0.0000000000
68108  31.442  -13.322  32.868 0.0000000000
68106  33.726  -13.842  31.923 0.0000000000
66924  33.502  -14.982  32.781 0.0000000000
65697  35.459  -15.735  33.572 0.0000000000
65699  33.413  -15.624  33.673 0.0000000000
53703  14.002  -25.591  51.202 0.0000000000
52355  14.485  -26.839  51.377 0.0000000000
52357  13.274  -25.872  51.975 0.0000000000
51111  13.292  -26.987  52.674 0.0000000000
53685  12.289  -25.338  52.359 0.0000000000
58630  28.396  -20.594  43.022 0.0000000000
57442  28.209  -21.589  42.200 0.0000000000
58632  26.659  -20.289  42.542 0.0000000000
53756  22.055  -26.299  48.484 0.0000000000
66775  29.913  -14.398  42.433 0.0000000000
64477  37.488  -17.308  39.754 0.0000000000
69347  31.543  -10.733  34.845 0.0000000000
69326  31.803  -10.202  35.778 0.0000000000
54969  19.315  -24.171  46.650 0.0000000000
53781  18.859  -24.747  47.268 0.0000000000
54970  18.369  -23.870  46.866 0.0000000000
56136  16.471  -23.133  48.178 0.0000000000
57295  15.503  -22.194  49.871 0.0000000000
56096  14.896  -23.104  50.114 0.0000000000
58597  23.500  -20.196  45.231 0.0000000000
57375  19.332  -22.084  45.621 0.0000000000
57393  20.831  -22.231  44.728 0.0000000000
55011  19.986  -23.572  45.264 0.0000000000
53803  20.298  -24.540  46.344 0.0000000000
62207  32.047  -19.302  41.774 0.0000000000
59871  32.872  -19.761  40.129 0.0000000000
57479  35.681  -22.188  39.968 0.0000000000
58714  34.700  -21.342  38.697 0.0000000000
58697  36.278  -21.240  40.026 0.0000000000
59848  36.588  -20.245  39.948 0.0000000000
57458  37.073  -21.850  41.091 0.0000000000
80865  42.413  -1.613  25.717 0.0000000000
81929  43.448  -1.344  23.633 0.0000000000
80882  42.572  -2.512  23.690 0.0000000000
77601  43.162  -5.804  24.560 0.0000000000
78675  43.666  -4.676  23.803 0.0000000000
77599  44.849  -5.927  24.698 0.0000000000
77563  37.275  -5.155  28.061 0.0000000000
76578  37.771  -6.505  26.961 0.0000000000
76565  36.917  -6.174  27.662 0.0000000000
73148  35.843  -8.921  29.093 0.0000000000
73147  36.394  -9.012  28.820 0.0000000000
73126  36.857  -9.658  29.145 0.0000000000
71901  37.854  -10.968  29.854 0.0000000000
71902  36.936  -10.838  30.064 0.0000000000
73079  33.303  -8.670  32.449 0.0000000000
73090  33.204  -9.110  31.475 0.0000000000
71870  32.750  -9.563  32.107 0.0000000000
68126  35.516  -13.303  31.553 0.0000000000
69399  34.910  -12.600  31.188 0.0000000000
68125  36.591  -13.311  31.625 0.0000000000
69397  37.164  -12.648  31.273 0.0000000000
52493  31.838  -26.331  43.720 0.0000000000
52476  33.094  -26.340  44.235 0.0000000000
77554  38.176  -4.441  29.849 0.0000000000
78621  38.074  -3.959  28.983 0.0000000000
78632  38.077  -3.839  28.000 0.0000000000
52395  18.342  -26.989  49.247 0.0000000000
51150  18.185  -27.450  50.368 0.0000000000
51048  12.216  -28.057  54.559 0.0000000000
51035  13.198  -28.171  55.665 0.0000000000
49890  11.993  -28.266  55.211 0.0000000000
49891  10.850  -28.413  55.270 0.0000000000
54814  10.586  -23.174  55.418 0.0000000000
54862  10.450  -24.928  53.627 0.0000000000
54815  9.932  -23.641  55.179 0.0000000000
53615  7.579  -26.014  56.153 0.0000000000
52295  8.239  -26.493  54.818 0.0000000000
51052  7.467  -27.601  55.560 0.0000000000
49893  8.868  -28.488  55.315 0.0000000000
49882  7.369  -28.589  55.945 0.0000000000
48666  7.837  -29.460  56.427 0.0000000000
49883  6.594  -28.476  56.493 0.0000000000
51002  6.268  -27.722  59.832 0.0000000000
49860  5.797  -28.427  58.160 0.0000000000
49851  5.821  -28.740  59.267 0.0000000000
47429  5.377  -30.609  59.131 0.0000000000
48609  5.674  -29.191  60.126 0.0000000000
56254  30.899  -23.355  42.795 0.0000000000
56274  31.530  -23.560  41.526 0.0000000000
55093  30.775  -24.377  41.583 0.0000000000
53906  30.394  -25.074  41.746 0.0000000000
55094  29.660  -24.418  41.836 0.0000000000
55051  27.774  -24.802  43.299 0.0000000000
53865  28.407  -25.393  43.339 0.0000000000
53841  27.989  -25.076  44.128 0.0000000000
56259  23.524  -22.850  42.477 0.0000000000
57415  24.587  -23.004  42.483 0.0000000000
55054  24.466  -24.560  43.446 0.0000000000
53777  25.746  -26.159  46.941 0.0000000000
74314  39.812  -8.569  27.295 0.0000000000
73155  41.476  -9.510  27.267 0.0000000000
73142  41.416  -10.038  28.166 0.0000000000
69272  30.010  -12.686  37.755 0.0000000000
68041  29.426  -13.510  36.165 0.0000000000
68042  29.186  -14.211  36.368 0.0000000000
62244  30.940  -18.566  39.700 0.0000000000
63366  28.878  -17.755  40.117 0.0000000000
63402  31.101  -17.840  38.645 0.0000000000
65577  33.728  -16.300  38.306 0.0000000000
64509  31.838  -16.933  37.807 0.0000000000
65609  33.418  -16.242  37.404 0.0000000000
65629  31.963  -16.978  35.838 0.0000000000
66843  33.873  -15.952  37.063 0.0000000000
65626  34.900  -15.802  36.356 0.0000000000
53857  36.197  -25.239  43.617 0.0000000000
81947  49.048  -1.349  20.426 0.0000000000
81941  44.862  -1.865  21.964 0.0000000000
81940  45.610  -1.633  21.753 0.0000000000
79827  45.799  -3.109  21.363 0.0000000000
78716  47.241  -4.147  20.762 0.0000000000
77653  48.431  -4.931  20.594 0.0000000000
58577  19.194  -21.449  46.286 0.0000000000
57332  17.911  -22.093  46.819 0.0000000000
74341  44.574  -8.116  25.438 0.0000000000
74342  43.786  -7.855  25.492 0.0000000000
58699  33.597  -21.198  40.499 0.0000000000
58716  33.543  -21.105  39.520 0.0000000000
57498  33.692  -22.151  39.316 0.0000000000
56294  34.560  -23.178  39.804 0.0000000000
56270  35.970  -22.957  40.976 0.0000000000
79771  42.230  -1.923  28.600 0.0000000000
80858  40.431  -2.235  27.087 0.0000000000
80866  41.373  -2.085  25.809 0.0000000000
79799  41.800  -3.126  24.532 0.0000000000
79798  42.230  -3.105  24.114 0.0000000000
78661  41.610  -4.503  24.615 0.0000000000
78660  42.503  -5.085  24.438 0.0000000000
46257  7.258  -32.185  59.323 0.0000000000
76541  36.879  -5.698  29.657 0.0000000000
76554  35.969  -6.536  28.350 0.0000000000
76534  35.409  -6.333  30.047 0.0000000000
76544  34.692  -7.222  29.499 0.0000000000
73129  34.653  -8.960  29.741 0.0000000000
70572  31.996  -11.372  31.946 0.0000000000
70595  32.731  -11.081  31.292 0.0000000000
69378  32.758  -12.808  31.779 0.0000000000
66922  35.682  -14.622  32.442 0.0000000000
65696  36.463  -15.358  33.330 0.0000000000
65672  36.286  -15.825  34.313 0.0000000000
52444  31.548  -26.974  46.162 0.0000000000
53720  15.347  -26.084  49.701 0.0000000000
52377  16.543  -27.411  50.159 0.0000000000
52354  15.337  -27.234  51.257 0.0000000000
51130  15.195  -27.466  51.806 0.0000000000
51085  15.004  -27.870  53.431 0.0000000000
51088  12.298  -27.366  53.434 0.0000000000
51089  11.432  -27.109  53.538 0.0000000000
54801  9.453  -24.112  56.258 0.0000000000
53599  8.132  -25.336  57.508 0.0000000000
52278  6.878  -26.648  57.525 0.0000000000
52279  6.417  -27.184  57.195 0.0000000000
52265  7.170  -26.402  58.739 0.0000000000
51010  6.597  -26.920  59.319 0.0000000000
50993  6.734  -26.808  61.295 0.0000000000
57441  29.131  -22.201  42.445 0.0000000000
56276  29.060  -23.163  41.748 0.0000000000
57464  28.078  -22.605  41.703 0.0000000000
56278  27.488  -23.263  41.940 0.0000000000
56231  26.864  -23.921  43.261 0.0000000000
53822  22.761  -25.952  45.274 0.0000000000
53821  24.044  -26.022  45.165 0.0000000000
52449  23.260  -26.604  46.645 0.0000000000
71938  39.925  -10.334  29.116 0.0000000000
66804  28.896  -14.483  39.205 0.0000000000
62259  35.390  -18.377  38.443 0.0000000000
63401  32.690  -17.566  38.528 0.0000000000
63381  35.194  -17.346  38.866 0.0000000000
64495  35.122  -16.777  39.057 0.0000000000
84025  47.757  0.548  21.605 0.0000000000
45015  4.239  -32.320  60.915 0.0000000000
71854  34.267  -8.811  34.079 0.0000000000
71855  32.915  -9.121  33.440 0.0000000000
70559  32.426  -9.773  34.292 0.0000000000
69362  31.768  -10.514  34.220 0.0000000000
70546  30.689  -11.792  33.575 0.0000000000
69364  30.711  -13.422  33.624 0.0000000000
53757  21.262  -25.810  48.432 0.0000000000
53735  20.629  -25.830  49.423 0.0000000000
53758  20.299  -25.510  48.271 0.0000000000
53737  18.571  -26.263  48.429 0.0000000000
52417  17.066  -26.102  48.498 0.0000000000
56135  17.034  -23.320  47.717 0.0000000000
54954  16.431  -24.219  48.373 0.0000000000
53738  16.350  -26.062  48.857 0.0000000000
53740  15.052  -24.791  49.737 0.0000000000
54926  14.352  -24.391  50.724 0.0000000000
56056  13.774  -23.062  51.845 0.0000000000
59795  26.076  -19.733  43.061 0.0000000000
59767  24.761  -19.537  44.415 0.0000000000
58635  23.006  -21.449  42.917 0.0000000000
56236  22.211  -23.475  43.158 0.0000000000
57373  21.447  -21.630  45.297 0.0000000000
57392  21.486  -22.126  44.071 0.0000000000
55033  21.538  -24.214  44.108 0.0000000000
53824  21.227  -24.749  45.382 0.0000000000
53779  21.053  -25.423  47.308 0.0000000000
64459  30.833  -16.740  43.378 0.0000000000
64460  30.182  -16.879  42.600 0.0000000000
62193  30.499  -18.769  42.323 0.0000000000
62226  31.024  -19.065  40.575 0.0000000000
61096  32.359  -19.133  39.373 0.0000000000
59888  33.567  -20.403  39.080 0.0000000000
59887  33.972  -20.259  38.658 0.0000000000
61094  34.095  -19.446  38.458 0.0000000000
61073  36.338  -19.449  39.242 0.0000000000
61053  37.690  -19.265  40.547 0.0000000000
83003  44.565  -0.400  23.678 0.0000000000
80888  44.241  -2.206  22.312 0.0000000000
79819  44.292  -3.063  22.375 0.0000000000
78688  42.795  -3.518  23.672 0.0000000000
79807  43.932  -3.555  22.915 0.0000000000
77585  38.672  -5.292  26.687 0.0000000000
75445  40.153  -7.129  26.621 0.0000000000
76577  38.601  -6.399  26.679 0.0000000000
75431  38.920  -7.902  26.978 0.0000000000
74315  38.503  -8.695  27.645 0.0000000000
75434  36.571  -7.414  27.669 0.0000000000
74303  37.709  -8.823  27.986 0.0000000000
71940  38.561  -9.905  28.727 0.0000000000
71919  39.418  -10.805  29.538 0.0000000000
70610  39.425  -11.661  30.357 0.0000000000
74261  34.362  -7.472  31.738 0.0000000000
74279  33.605  -8.766  30.941 0.0000000000
71905  34.508  -10.155  30.031 0.0000000000
70594  33.593  -11.395  30.875 0.0000000000
70615  34.666  -11.158  30.470 0.0000000000
70614  35.678  -11.250  30.519 0.0000000000
69417  36.818  -11.986  30.815 0.0000000000
53903  33.135  -25.249  41.552 0.0000000000
53902  34.025  -25.089  41.647 0.0000000000
53860  33.339  -25.923  43.259 0.0000000000
53838  34.044  -25.901  43.941 0.0000000000
79763  39.318  -3.270  28.123 0.0000000000
78651  38.715  -4.608  26.771 0.0000000000
56031  13.028  -23.074  52.878 0.0000000000
57210  12.898  -22.183  54.218 0.0000000000
54859  12.512  -23.569  52.911 0.0000000000
54887  11.462  -25.060  53.063 0.0000000000
53667  10.678  -25.514  53.459 0.0000000000
52308  10.245  -26.750  53.680 0.0000000000
53628  9.006  -25.114  54.855 0.0000000000
52310  8.877  -26.632  54.392 0.0000000000
51049  10.140  -28.176  54.885 0.0000000000
49892  9.847  -28.556  55.452 0.0000000000
49879  10.489  -29.003  56.571 0.0000000000
47438  7.404  -31.089  58.120 0.0000000000
49870  6.070  -28.550  57.187 0.0000000000
47454  6.197  -30.374  57.740 0.0000000000
47439  6.484  -31.000  58.089 0.0000000000
46269  5.990  -31.435  58.648 0.0000000000
46259  5.352  -31.623  59.455 0.0000000000
46244  4.558  -31.429  60.634 0.0000000000
48570  5.685  -29.037  61.463 0.0000000000
47398  5.038  -30.402  60.841 0.0000000000
46227  4.463  -30.913  61.187 0.0000000000
57482  32.372  -22.922  40.605 0.0000000000
56298  31.824  -23.589  41.145 0.0000000000
53905  31.241  -25.090  41.691 0.0000000000
53862  31.311  -26.041  42.968 0.0000000000
52494  30.928  -26.393  43.726 0.0000000000
55072  28.964  -24.924  42.039 0.0000000000
53864  29.346  -25.929  43.360 0.0000000000
52479  30.515  -26.585  44.542 0.0000000000
58660  25.286  -21.132  42.303 0.0000000000
57413  25.889  -23.184  42.904 0.0000000000
55028  26.431  -24.325  44.205 0.0000000000
55007  24.764  -25.600  44.982 0.0000000000
54986  26.205  -25.162  45.865 0.0000000000
54985  26.904  -24.917  45.684 0.0000000000
74330  40.596  -8.026  26.901 0.0000000000
69307  30.199  -12.141  35.992 0.0000000000
68072  30.119  -13.445  34.463 0.0000000000
66903  30.886  -14.467  34.266 0.0000000000
65556  29.085  -16.087  41.523 0.0000000000
65568  28.499  -16.073  39.818 0.0000000000
65593  28.627  -15.550  38.570 0.0000000000
64510  30.463  -17.455  37.633 0.0000000000
64527  29.674  -16.775  37.173 0.0000000000
65632  29.161  -15.291  36.815 0.0000000000
65653  30.435  -15.845  35.576 0.0000000000
65677  31.699  -15.881  34.698 0.0000000000
65676  32.300  -15.736  34.472 0.0000000000
65649  34.181  -16.144  35.552 0.0000000000
55071  34.949  -24.939  42.117 0.0000000000
55070  35.711  -24.614  42.093 0.0000000000
56224  36.926  -23.577  42.620 0.0000000000
56223  37.750  -23.349  43.139 0.0000000000
57407  37.853  -22.435  42.713 0.0000000000
83027  50.519  -0.714  19.747 0.0000000000
83015  46.648  -0.798  21.934 0.0000000000
81949  47.632  -1.914  21.106 0.0000000000
79837  46.963  -3.435  20.888 0.0000000000
80906  47.318  -2.725  20.956 0.0000000000
81948  48.316  -1.657  20.703 0.0000000000
80904  48.774  -2.237  20.141 0.0000000000
79851  49.842  -3.405  19.360 0.0000000000
77583  40.475  -5.848  25.768 0.0000000000
76574  41.136  -6.680  26.173 0.0000000000
76575  40.594  -6.385  26.154 0.0000000000
55111  33.059  -24.232  40.322 0.0000000000
55090  33.576  -24.826  40.902 0.0000000000
77603  40.755  -5.402  25.283 0.0000000000
45014  4.826  -32.431  60.086 0.0000000000
68087  32.004  -14.228  33.224 0.0000000000
68107  32.332  -13.954  32.713 0.0000000000
66925  32.726  -14.756  33.028 0.0000000000
65716  33.992  -15.527  33.258 0.0000000000
54908  13.400  -25.047  51.696 0.0000000000
53704  13.480  -25.628  51.727 0.0000000000
53684  13.006  -25.408  52.017 0.0000000000
58612  28.206  -19.890  43.685 0.0000000000
58631  27.568  -20.106  42.936 0.0000000000
53733  22.268  -26.464  49.235 0.0000000000
65554  30.155  -15.209  43.098 0.0000000000
54991  19.072  -23.589  46.337 0.0000000000
56190  19.191  -22.689  45.840 0.0000000000
56189  19.556  -22.855  45.385 0.0000000000
56173  19.236  -23.182  45.938 0.0000000000
54990  19.599  -23.738  45.931 0.0000000000
61038  32.772  -19.526  41.461 0.0000000000
61056  33.141  -19.739  40.969 0.0000000000
57459  36.486  -22.055  40.642 0.0000000000
58679  36.869  -21.426  40.673 0.0000000000
81925  42.777  -1.323  25.056 0.0000000000
81930  42.786  -1.631  24.048 0.0000000000
77600  44.264  -5.937  24.619 0.0000000000
47428  8.971  -31.216  60.049 0.0000000000
73128  35.235  -8.947  29.386 0.0000000000
73127  36.011  -9.408  29.345 0.0000000000
71922  36.315  -10.165  29.787 0.0000000000
68104  36.107  -13.983  32.063 0.0000000000
52477  32.376  -26.460  44.434 0.0000000000
52462  32.010  -26.680  45.276 0.0000000000
77555  37.470  -4.949  29.095 0.0000000000
78622  37.648  -4.436  28.347 0.0000000000
51167  17.807  -27.454  49.753 0.0000000000
51166  18.276  -27.310  49.829 0.0000000000
51068  11.736  -27.819  54.079 0.0000000000
52288  7.214  -26.601  56.248 0.0000000000
52296  7.661  -26.847  55.315 0.0000000000
49894  8.040  -28.287  55.436 0.0000000000
49840  6.025  -28.502  60.410 0.0000000000
56255  29.865  -22.918  42.721 0.0000000000
55026  27.523  -24.653  43.920 0.0000000000
53819  28.039  -25.126  45.081 0.0000000000
54984  27.438  -24.920  45.307 0.0000000000
56235  23.406  -23.674  42.689 0.0000000000
55055  23.899  -24.590  43.226 0.0000000000
73157  39.475  -9.331  27.823 0.0000000000
73156  40.538  -9.386  27.684 0.0000000000
68008  29.171  -13.836  38.562 0.0000000000
68020  29.755  -13.104  38.308 0.0000000000
68030  29.562  -13.190  37.339 0.0000000000
68031  29.147  -13.977  36.889 0.0000000000
62263  31.241  -18.241  39.189 0.0000000000
63384  30.835  -18.223  39.217 0.0000000000
65576  34.298  -16.043  38.585 0.0000000000
65591  33.785  -15.918  38.047 0.0000000000
66844  33.679  -16.126  37.162 0.0000000000
66818  34.187  -15.639  37.915 0.0000000000
66831  34.342  -15.642  37.415 0.0000000000
83012  48.736  0.198  21.149 0.0000000000
83018  49.214  -0.372  20.860 0.0000000000
83019  48.566  -0.928  20.911 0.0000000000
79828  45.163  -3.048  21.816 0.0000000000
80895  45.363  -2.424  21.654 0.0000000000
58552  19.155  -21.149  47.149 0.0000000000
58578  18.553  -21.538  46.740 0.0000000000
58530  19.246  -20.886  48.047 0.0000000000
75460  43.306  -7.219  25.383 0.0000000000
75461  42.391  -7.198  25.695 0.0000000000
75443  42.144  -7.828  26.139 0.0000000000
75442  43.020  -7.928  25.757 0.0000000000
56272  34.410  -23.932  40.289 0.0000000000
56293  35.281  -22.930  40.176 0.0000000000
80859  39.971  -2.586  27.423 0.0000000000
79787  40.502  -2.888  25.655 0.0000000000
79786  41.227  -3.184  24.779 0.0000000000
78677  41.901  -3.649  24.408 0.0000000000
45029  7.265  -32.627  59.845 0.0000000000
76533  36.262  -5.983  30.325 0.0000000000
76542  35.916  -5.965  29.301 0.0000000000
76535  34.721  -6.795  29.983 0.0000000000
75405  34.372  -7.462  29.977 0.0000000000
74294  34.556  -8.273  29.667 0.0000000000
70573  31.433  -11.534  32.595 0.0000000000
68105  35.022  -13.990  31.949 0.0000000000
65713  36.092  -15.027  32.779 0.0000000000
65714  35.495  -15.193  32.893 0.0000000000
65647  36.083  -15.983  35.315 0.0000000000
76532  37.080  -5.856  30.648 0.0000000000
52378  15.613  -26.896  50.383 0.0000000000
52379  14.788  -26.402  50.606 0.0000000000
51109  14.623  -27.500  52.472 0.0000000000
51108  15.549  -27.884  52.513 0.0000000000
51086  14.109  -27.634  53.400 0.0000000000
51110  13.878  -27.261  52.712 0.0000000000
52323  12.744  -26.990  52.921 0.0000000000
52324  12.099  -26.656  53.027 0.0000000000
52325  11.264  -26.220  53.196 0.0000000000
53582  8.130  -25.197  58.530 0.0000000000
52277  7.566  -25.975  57.043 0.0000000000
52264  7.789  -25.993  58.116 0.0000000000
52250  7.823  -25.558  59.236 0.0000000000
51001  6.684  -26.877  60.327 0.0000000000
57411  29.672  -22.120  43.579 0.0000000000
57463  28.623  -22.351  41.864 0.0000000000
57443  27.058  -22.420  41.991 0.0000000000
56256  27.047  -23.658  42.612 0.0000000000
53800  22.686  -26.317  46.131 0.0000000000
52467  23.335  -26.326  45.813 0.0000000000
67992  29.680  -13.908  40.124 0.0000000000
66790  29.007  -14.810  40.034 0.0000000000
62242  36.149  -18.518  38.980 0.0000000000
63399  34.764  -17.757  38.426 0.0000000000
63380  35.817  -17.745  38.959 0.0000000000
64464  37.617  -16.912  40.246 0.0000000000
64494  35.874  -17.092  39.239 0.0000000000
64479  36.247  -16.382  39.300 0.0000000000
44994  3.836  -31.991  61.271 0.0000000000
70560  31.616  -10.652  33.217 0.0000000000
69363  30.780  -12.708  33.282 0.0000000000
69349  30.213  -12.981  33.998 0.0000000000
53782  18.256  -24.617  47.338 0.0000000000
53759  19.226  -25.576  47.930 0.0000000000
57333  17.262  -21.997  47.474 0.0000000000
56155  17.535  -23.144  47.233 0.0000000000
56156  16.969  -22.788  47.682 0.0000000000
53762  16.121  -24.646  48.707 0.0000000000
53761  16.640  -25.145  48.410 0.0000000000
53739  15.625  -25.210  49.207 0.0000000000
54938  15.215  -24.095  49.554 0.0000000000
56097  14.518  -23.597  50.608 0.0000000000
56078  14.180  -23.604  51.111 0.0000000000
59766  25.536  -19.334  45.040 0.0000000000
58598  22.889  -20.717  44.713 0.0000000000
58614  23.241  -20.611  44.022 0.0000000000
58636  22.570  -21.612  43.379 0.0000000000
57417  22.165  -22.083  43.377 0.0000000000
56211  20.878  -23.030  44.353 0.0000000000
56210  21.441  -23.347  43.794 0.0000000000
55034  21.154  -23.779  44.398 0.0000000000
55008  21.697  -24.789  44.419 0.0000000000
53802  20.935  -24.890  46.105 0.0000000000
63337  31.269  -17.794  43.551 0.0000000000
63338  30.528  -17.886  42.971 0.0000000000
62192  31.200  -18.828  42.696 0.0000000000
62225  31.887  -19.256  40.687 0.0000000000
62208  31.141  -19.241  41.591 0.0000000000
62243  31.787  -19.023  39.825 0.0000000000
58731  33.707  -21.051  38.930 0.0000000000
59869  35.306  -20.781  38.733 0.0000000000
58729  34.339  -20.754  38.546 0.0000000000
59886  34.708  -20.336  38.498 0.0000000000
61093  35.113  -19.407  38.329 0.0000000000
61092  35.720  -19.720  38.778 0.0000000000
59847  37.227  -20.117  40.583 0.0000000000
80843  42.813  -1.449  27.730 0.0000000000
80881  43.042  -2.087  23.162 0.0000000000
81935  43.733  -1.728  22.820 0.0000000000
79820  43.694  -3.114  22.691 0.0000000000
78674  44.389  -4.988  23.807 0.0000000000
78687  43.450  -3.911  23.488 0.0000000000
78686  44.483  -4.333  23.223 0.0000000000
77586  38.233  -5.918  26.925 0.0000000000
75448  37.752  -7.226  26.906 0.0000000000
75432  37.978  -7.810  27.086 0.0000000000
76555  35.440  -7.209  28.554 0.0000000000
75421  36.025  -7.580  28.045 0.0000000000
73146  37.261  -9.227  28.490 0.0000000000
74304  36.685  -8.512  28.080 0.0000000000
73145  38.245  -9.285  28.269 0.0000000000
71939  39.255  -10.236  28.878 0.0000000000
71920  38.409  -10.465  29.281 0.0000000000
70625  38.631  -11.071  29.715 0.0000000000
74243  34.931  -7.925  32.563 0.0000000000
74244  33.984  -7.965  32.532 0.0000000000
73106  33.541  -9.437  30.823 0.0000000000
73105  34.143  -9.131  30.242 0.0000000000
69401  32.929  -11.873  31.382 0.0000000000
70592  35.287  -11.887  30.829 0.0000000000
70613  36.506  -11.350  30.491 0.0000000000
53882  32.728  -25.616  42.313 0.0000000000
53817  33.622  -26.205  44.410 0.0000000000
79762  40.005  -3.127  28.608 0.0000000000
78644  38.035  -4.863  27.278 0.0000000000
78643  38.385  -4.446  27.164 0.0000000000
53718  21.013  -25.884  50.567 0.0000000000
53719  20.077  -26.221  50.420 0.0000000000
51152  16.485  -27.606  50.769 0.0000000000
51046  13.776  -27.891  55.055 0.0000000000
56030  14.036  -22.221  52.886 0.0000000000
56010  11.460  -23.056  54.232 0.0000000000
57200  12.679  -21.977  54.709 0.0000000000
56009  12.099  -22.582  53.886 0.0000000000
56032  12.372  -23.231  53.235 0.0000000000
54860  11.933  -23.761  53.382 0.0000000000
54886  11.841  -24.726  52.843 0.0000000000
54861  11.088  -24.687  53.498 0.0000000000
54837  9.976  -24.421  54.092 0.0000000000
53647  10.082  -25.184  53.688 0.0000000000
52326  10.514  -26.260  53.514 0.0000000000
52327  10.088  -26.346  53.674 0.0000000000
53613  8.829  -24.905  55.808 0.0000000000
51071  8.604  -27.005  54.516 0.0000000000
51070  9.181  -27.257  54.349 0.0000000000
51050  9.441  -28.016  54.748 0.0000000000
49880  9.324  -29.058  56.051 0.0000000000
48664  9.581  -29.475  56.780 0.0000000000
48643  8.322  -30.049  57.182 0.0000000000
47452  7.843  -30.563  57.618 0.0000000000
51024  6.157  -27.518  57.710 0.0000000000
49861  5.617  -29.222  58.429 0.0000000000
49871  5.794  -29.134  57.710 0.0000000000
46268  6.845  -31.632  58.605 0.0000000000
47415  5.125  -30.622  60.051 0.0000000000
48552  5.621  -28.926  61.935 0.0000000000
47381  4.913  -30.065  61.759 0.0000000000
47399  4.527  -30.543  61.552 0.0000000000
55113  31.883  -23.805  41.060 0.0000000000
53904  32.178  -25.180  41.592 0.0000000000
53884  30.773  -25.617  42.241 0.0000000000
53863  30.352  -26.048  42.992 0.0000000000
55095  28.612  -24.115  41.896 0.0000000000
55073  28.227  -24.777  42.477 0.0000000000
53840  28.596  -25.808  44.483 0.0000000000
52495  30.128  -26.341  43.797 0.0000000000
52464  30.002  -26.754  45.435 0.0000000000
59796  25.238  -19.997  42.649 0.0000000000
58633  25.932  -20.463  42.447 0.0000000000
57414  25.252  -23.099  42.685 0.0000000000
56233  25.533  -23.773  43.195 0.0000000000
56206  25.841  -24.175  43.758 0.0000000000
53799  24.530  -26.300  45.853 0.0000000000
53820  24.866  -25.908  45.450 0.0000000000
53776  26.410  -25.914  46.963 0.0000000000
53797  26.030  -25.617  46.441 0.0000000000
53796  26.736  -25.385  46.401 0.0000000000
69306  31.096  -10.757  36.253 0.0000000000
69288  30.651  -11.373  37.034 0.0000000000
68056  29.769  -13.436  35.093 0.0000000000
66880  30.405  -14.258  34.543 0.0000000000
64467  29.398  -17.098  41.820 0.0000000000
63386  28.929  -17.796  39.004 0.0000000000
64482  28.451  -16.727  40.155 0.0000000000
64483  28.483  -16.629  39.417 0.0000000000
65579  28.564  -16.061  39.164 0.0000000000
64513  28.656  -16.503  38.527 0.0000000000
63383  33.660  -17.091  38.544 0.0000000000
64525  31.546  -17.105  36.628 0.0000000000
64526  30.719  -17.149  36.923 0.0000000000
64541  30.202  -16.733  36.620 0.0000000000
65611  29.482  -16.152  36.929 0.0000000000
65631  29.810  -15.872  36.361 0.0000000000
65630  30.816  -16.527  35.763 0.0000000000
65651  32.335  -16.411  35.195 0.0000000000
65675  33.339  -16.090  34.608 0.0000000000
53880  34.447  -25.210  42.257 0.0000000000
53901  34.528  -24.946  41.807 0.0000000000
55050  34.867  -25.229  42.546 0.0000000000
55069  36.442  -23.994  42.069 0.0000000000
81946  49.857  -1.105  20.265 0.0000000000
83017  50.048  -0.361  20.465 0.0000000000
80919  50.065  -2.502  19.307 0.0000000000
83008  45.356  -0.113  22.941 0.0000000000
81939  46.413  -1.513  21.699 0.0000000000
81938  47.180  -1.302  21.609 0.0000000000
78715  48.007  -4.253  20.281 0.0000000000
79836  47.678  -3.399  20.546 0.0000000000
80905  48.072  -2.550  20.624 0.0000000000
76593  41.495  -6.477  25.763 0.0000000000
56316  32.885  -22.596  39.908 0.0000000000
56315  33.296  -22.794  39.645 0.0000000000
76519  35.785  -6.359  30.960 0.0000000000
75391  35.164  -6.799  31.444 0.0000000000
65715  34.602  -15.397  33.055 0.0000000000
65698  34.503  -15.904  33.699 0.0000000000
53722  14.240  -24.961  50.910 0.0000000000
53702  14.433  -26.135  50.784 0.0000000000
52356  13.641  -26.183  51.776 0.0000000000
52339  13.761  -26.761  52.202 0.0000000000
52340  12.885  -26.263  52.367 0.0000000000
58657  27.855  -20.817  42.547 0.0000000000
58658  27.262  -21.008  42.164 0.0000000000
58659  26.324  -21.302  42.305 0.0000000000
53778  21.829  -26.101  47.486 0.0000000000
52434  22.627  -26.569  47.602 0.0000000000
52415  22.829  -26.762  48.573 0.0000000000
66776  29.649  -14.752  41.667 0.0000000000
62224  37.524  -18.552  39.983 0.0000000000
63379  36.569  -17.831  39.246 0.0000000000
63363  37.821  -17.713  40.073 0.0000000000
69361  32.141  -10.136  34.793 0.0000000000
69327  30.918  -11.383  35.358 0.0000000000
54952  17.875  -24.411  47.399 0.0000000000
57334  16.727  -22.246  47.952 0.0000000000
57314  16.484  -21.749  48.622 0.0000000000
56115  15.818  -22.530  49.011 0.0000000000
56116  15.346  -23.172  49.424 0.0000000000
57371  22.934  -20.557  45.355 0.0000000000
57374  20.275  -21.709  45.423 0.0000000000
56188  20.249  -22.854  44.843 0.0000000000
54988  20.865  -24.461  45.388 0.0000000000
54989  20.270  -24.267  45.720 0.0000000000
54968  19.901  -24.303  46.360 0.0000000000
61057  32.629  -19.573  40.718 0.0000000000
57496  35.135  -22.037  39.222 0.0000000000
58713  35.558  -21.393  39.218 0.0000000000
59868  35.889  -20.443  39.205 0.0000000000
58696  36.876  -20.823  40.504 0.0000000000
58678  37.497  -21.033  41.128 0.0000000000
80855  43.100  -1.163  26.805 0.0000000000
81923  43.931  -0.757  24.143 0.0000000000
77618  43.164  -5.064  24.168 0.0000000000
77617  43.927  -5.348  24.190 0.0000000000
77616  44.908  -5.513  24.226 0.0000000000
77574  37.844  -5.437  27.273 0.0000000000
75433  37.148  -7.278  27.324 0.0000000000
74305  35.676  -8.366  28.717 0.0000000000
71921  37.369  -10.302  29.528 0.0000000000
70612  37.382  -11.475  30.377 0.0000000000
73064  33.882  -8.396  33.287 0.0000000000
71885  33.150  -10.204  31.074 0.0000000000
68127  34.459  -13.288  31.520 0.0000000000
69398  36.042  -12.504  31.166 0.0000000000
68124  37.606  -13.345  31.678 0.0000000000
52492  32.688  -26.272  43.729 0.0000000000
52461  33.164  -26.366  45.142 0.0000000000
77544  38.322  -4.834  30.674 0.0000000000
78620  39.045  -3.876  29.593 0.0000000000
78631  38.982  -3.526  28.602 0.0000000000
78633  37.782  -4.629  27.632 0.0000000000
52394  18.947  -26.764  49.679 0.0000000000
52375  19.274  -26.709  50.254 0.0000000000
52376  18.669  -27.108  50.034 0.0000000000
51067  12.646  -27.813  54.057 0.0000000000
51047  12.866  -28.094  54.872 0.0000000000
49889  12.649  -28.238  55.451 0.0000000000
49877  12.544  -28.344  56.035 0.0000000000
49878  11.663  -28.568  56.252 0.0000000000
55993  11.285  -22.885  54.831 0.0000000000
54836  10.968  -23.597  54.296 0.0000000000
54838  9.418  -24.785  54.513 0.0000000000
53614  8.009  -25.515  56.344 0.0000000000
53629  8.338  -25.580  55.258 0.0000000000
53630  7.737  -26.110  55.630 0.0000000000
49881  8.348  -28.986  55.863 0.0000000000
48667  6.926  -29.276  56.481 0.0000000000
51011  6.139  -27.684  58.785 0.0000000000
49852  5.516  -29.386  58.957 0.0000000000
48625  5.443  -29.901  58.682 0.0000000000
48610  5.406  -29.740  59.524 0.0000000000
55074  27.566  -24.329  42.731 0.0000000000
52465  29.075  -26.269  45.513 0.0000000000
53818  28.340  -25.755  45.530 0.0000000000
57446  24.024  -22.397  42.291 0.0000000000
57445  24.885  -22.217  42.384 0.0000000000
56258  24.037  -23.226  42.460 0.0000000000
56234  24.606  -23.951  42.931 0.0000000000
56208  24.717  -24.505  43.540 0.0000000000
52431  25.466  -26.718  47.488 0.0000000000
74313  40.909  -8.866  27.152 0.0000000000
69271  30.406  -11.899  38.258 0.0000000000
69289  30.144  -12.518  37.105 0.0000000000
62227  30.245  -18.716  40.509 0.0000000000
63351  29.116  -17.780  41.019 0.0000000000
63365  29.668  -18.272  40.375 0.0000000000
63385  30.018  -18.231  39.365 0.0000000000
63403  29.771  -17.681  38.255 0.0000000000
64496  34.241  -16.550  38.691 0.0000000000
65592  33.050  -16.360  37.894 0.0000000000
65610  32.584  -16.742  37.041 0.0000000000
65628  33.244  -16.399  36.490 0.0000000000
65627  34.094  -15.937  36.527 0.0000000000
53837  35.022  -25.737  44.061 0.0000000000
55049  35.418  -25.068  42.774 0.0000000000
53858  35.691  -25.342  43.482 0.0000000000
55025  36.903  -25.233  44.139 0.0000000000
80894  46.085  -2.251  21.362 0.0000000000
78714  48.943  -4.359  20.048 0.0000000000
57376  18.974  -22.361  45.975 0.0000000000
56154  18.204  -22.859  46.649 0.0000000000
57355  18.596  -22.148  46.303 0.0000000000
57353  20.686  -21.138  46.509 0.0000000000
58576  19.909  -21.245  46.084 0.0000000000
58600  19.249  -21.719  45.865 0.0000000000
75459  44.260  -7.284  25.222 0.0000000000
59850  33.439  -20.276  40.459 0.0000000000
57497  34.427  -22.294  39.201 0.0000000000
56314  33.898  -22.898  39.377 0.0000000000
57480  35.044  -22.580  39.608 0.0000000000
80845  41.074  -1.873  27.928 0.0000000000
80857  41.240  -1.720  26.991 0.0000000000
79779  40.298  -2.635  26.334 0.0000000000
80867  40.729  -2.245  26.341 0.0000000000
80875  41.834  -2.486  24.862 0.0000000000
46256  8.113  -31.647  59.562 0.0000000000
76543  35.185  -6.731  29.180 0.0000000000
75412  34.986  -7.672  29.025 0.0000000000
74293  35.078  -8.326  29.165 0.0000000000
71924  34.741  -9.434  29.746 0.0000000000
71886  32.489  -10.466  31.754 0.0000000000
69377  33.512  -13.131  31.601 0.0000000000
68128  33.856  -13.231  31.545 0.0000000000
66899  37.015  -15.102  33.098 0.0000000000
65671  37.194  -15.482  34.159 0.0000000000
52463  31.012  -26.849  45.339 0.0000000000
77545  37.556  -5.172  30.172 0.0000000000
52397  15.899  -26.347  49.419 0.0000000000
51087  13.210  -27.471  53.314 0.0000000000
52287  7.562  -26.000  56.454 0.0000000000
52289  6.630  -27.090  56.758 0.0000000000
52251  7.199  -26.220  59.790 0.0000000000
56277  28.076  -23.354  41.655 0.0000000000
57465  27.644  -22.909  41.722 0.0000000000
55052  27.229  -24.261  43.382 0.0000000000
55027  27.101  -24.394  44.145 0.0000000000
53843  22.502  -25.451  44.364 0.0000000000
53842  23.439  -25.625  44.472 0.0000000000
52466  23.915  -26.468  45.992 0.0000000000
52448  24.352  -26.663  46.670 0.0000000000
52433  23.570  -26.873  47.644 0.0000000000
52432  24.572  -26.908  47.643 0.0000000000
73124  40.376  -10.180  29.124 0.0000000000
68007  29.586  -13.523  39.442 0.0000000000
62260  34.406  -18.535  38.238 0.0000000000
63400  33.850  -17.736  38.409 0.0000000000
63382  34.432  -17.176  38.733 0.0000000000
64493  36.285  -17.392  39.228 0.0000000000
64481  34.591  -16.248  38.782 0.0000000000
65565  34.875  -16.119  38.808 0.0000000000
78699  45.316  -4.064  22.404 0.0000000000
74222  35.266  -8.496  32.955 0.0000000000
73063  34.849  -8.644  33.470 0.0000000000
71856  32.319  -9.959  33.429 0.0000000000
70561  31.022  -11.674  33.068 0.0000000000
70545  31.055  -11.103  33.863 0.0000000000
68088  31.383  -13.928  33.344 0.0000000000
53734  21.619  -26.075  49.526 0.0000000000
52416  17.725  -26.530  48.495 0.0000000000
54971  17.727  -23.915  47.292 0.0000000000
54953  17.195  -24.110  47.796 0.0000000000
54925  14.749  -24.261  50.126 0.0000000000
54907  13.742  -24.339  51.412 0.0000000000
54884  13.314  -23.764  51.840 0.0000000000
59794  26.826  -19.670  43.310 0.0000000000
59779  26.316  -19.331  44.085 0.0000000000
59780  25.396  -19.470  43.767 0.0000000000
59797  24.510  -20.364  42.592 0.0000000000
58613  24.032  -19.997  44.301 0.0000000000
58634  23.770  -20.397  43.147 0.0000000000
57447  23.377  -22.235  42.505 0.0000000000
57416  22.873  -22.630  42.721 0.0000000000
57372  22.307  -21.112  44.998 0.0000000000
57418  21.790  -22.303  43.637 0.0000000000
56237  21.730  -22.663  43.507 0.0000000000
56209  21.813  -23.962  43.671 0.0000000000
55032  22.155  -24.693  43.745 0.0000000000
53844  21.962  -25.134  44.370 0.0000000000
53823  21.716  -25.236  45.104 0.0000000000
53801  21.823  -25.869  46.280 0.0000000000
65546  30.398  -15.996  43.012 0.0000000000
63339  29.880  -18.055  42.240 0.0000000000
62209  30.248  -18.949  41.448 0.0000000000
62262  32.051  -18.531  39.075 0.0000000000
59870  33.229  -20.068  39.759 0.0000000000
61075  33.122  -19.868  39.343 0.0000000000
61095  33.096  -19.479  38.963 0.0000000000
61074  35.808  -19.107  38.643 0.0000000000
61054  37.010  -19.365  40.004 0.0000000000
83002  45.108  0.299  24.231 0.0000000000
83009  44.663  -0.753  22.856 0.0000000000
81928  44.086  -1.029  23.226 0.0000000000
81934  44.399  -1.403  22.491 0.0000000000
80896  44.779  -2.620  22.014 0.0000000000
79818  44.930  -3.427  22.186 0.0000000000
79809  42.618  -3.097  23.602 0.0000000000
79808  43.076  -3.121  23.073 0.0000000000
78700  44.592  -3.699  22.623 0.0000000000
76576  39.489  -6.316  26.398 0.0000000000
75446  39.201  -7.138  26.652 0.0000000000
75447  38.336  -7.199  26.725 0.0000000000
76566  36.456  -6.971  27.734 0.0000000000
74317  36.730  -7.829  27.663 0.0000000000
74302  38.161  -8.916  27.987 0.0000000000
73158  38.818  -9.291  27.974 0.0000000000
73144  39.071  -9.737  28.294 0.0000000000
70624  39.083  -11.301  29.931 0.0000000000
74262  33.632  -8.263  31.645 0.0000000000
74278  33.956  -7.993  30.653 0.0000000000
70616  33.892  -10.606  30.507 0.0000000000
70593  34.433  -11.941  30.906 0.0000000000
71904  35.435  -10.584  30.087 0.0000000000
71903  36.175  -10.805  30.250 0.0000000000
69416  37.780  -12.096  30.823 0.0000000000
69415  38.745  -12.234  30.793 0.0000000000
53881  33.714  -25.468  42.336 0.0000000000
79772  39.908  -2.745  28.055 0.0000000000
79773  39.462  -2.939  27.610 0.0000000000
78642  38.790  -3.529  27.631 0.0000000000
51151  17.308  -27.652  50.415 0.0000000000
56057  13.164  -23.500  52.162 0.0000000000
53686  11.682  -25.387  52.787 0.0000000000
52342  11.527  -25.770  52.944 0.0000000000
53666  11.281  -25.446  53.162 0.0000000000
51090  10.774  -26.820  53.573 0.0000000000
51069  10.446  -27.588  54.169 0.0000000000
54816  9.344  -24.396  55.099 0.0000000000
53649  8.876  -25.919  54.508 0.0000000000
52309  9.597  -26.488  53.965 0.0000000000
48642  9.185  -29.873  57.336 0.0000000000
47437  8.620  -30.820  58.619 0.0000000000
48668  6.431  -29.013  56.763 0.0000000000
48645  6.357  -29.643  57.186 0.0000000000
47453  6.904  -30.544  57.490 0.0000000000
46267  7.668  -31.514  58.799 0.0000000000
46258  6.273  -32.220  59.090 0.0000000000
46270  5.604  -31.082  58.882 0.0000000000
49824  5.928  -28.424  61.424 0.0000000000
48591  5.700  -29.108  60.919 0.0000000000
48571  5.334  -29.554  61.444 0.0000000000
46245  4.259  -31.722  61.055 0.0000000000
63327  31.902  -17.700  44.027 0.0000000000
55112  32.273  -24.006  40.662 0.0000000000
56297  32.120  -23.436  40.927 0.0000000000
53883  31.740  -25.603  42.284 0.0000000000
53886  28.870  -25.419  42.578 0.0000000000
57444  25.875  -22.335  42.506 0.0000000000
56232  26.351  -23.768  43.293 0.0000000000
55053  26.805  -24.097  43.683 0.0000000000
55004  26.957  -24.641  44.877 0.0000000000
55030  24.516  -25.047  44.179 0.0000000000
55006  25.447  -25.302  45.279 0.0000000000
53798  25.316  -26.086  46.158 0.0000000000
55029  25.626  -24.614  44.403 0.0000000000
55005  26.257  -24.680  45.133 0.0000000000
53795  27.673  -25.411  46.120 0.0000000000
74329  41.661  -8.699  26.711 0.0000000000
74312  41.343  -9.036  27.018 0.0000000000
73123  41.057  -10.105  29.247 0.0000000000
69328  30.092  -12.450  34.874 0.0000000000
68089  30.685  -13.914  34.012 0.0000000000
66902  31.351  -14.550  33.992 0.0000000000
65555  29.646  -15.689  42.309 0.0000000000
65566  29.335  -15.302  41.384 0.0000000000
64468  28.754  -16.880  41.006 0.0000000000
65567  28.801  -15.666  40.598 0.0000000000
65578  28.674  -15.408  39.589 0.0000000000
66819  28.811  -14.634  38.081 0.0000000000
63416  29.461  -17.193  37.780 0.0000000000
64528  29.125  -16.490  37.543 0.0000000000
65612  29.023  -15.784  37.333 0.0000000000
66833  28.986  -14.690  37.210 0.0000000000
66846  29.119  -14.793  36.542 0.0000000000
66845  29.346  -14.688  35.980 0.0000000000
65652  31.053  -16.046  34.999 0.0000000000
66861  30.724  -15.355  34.870 0.0000000000
66879  31.128  -15.136  34.531 0.0000000000
66878  31.768  -15.046  34.165 0.0000000000
65700  32.803  -15.597  34.072 0.0000000000
65674  34.293  -16.188  34.566 0.0000000000
65648  35.097  -16.035  35.458 0.0000000000
55089  34.700  -24.552  41.191 0.0000000000
55088  35.746  -23.933  41.376 0.0000000000
55087  36.250  -23.523  41.555 0.0000000000
56250  36.719  -23.071  41.858 0.0000000000
55024  37.769  -25.011  44.555 0.0000000000
55047  38.162  -24.162  43.796 0.0000000000
56249  37.269  -22.868  42.514 0.0000000000
57434  37.418  -22.059  41.904 0.0000000000
58653  38.042  -21.188  41.857 0.0000000000
81932  45.916  -0.853  22.118 0.0000000000
83006  46.690  0.509  21.961 0.0000000000
83014  47.204  -0.145  21.647 0.0000000000
81937  47.868  -1.028  21.196 0.0000000000
79838  46.402  -3.477  21.181 0.0000000000
80907  46.560  -2.849  21.096 0.0000000000
79852  49.222  -3.596  19.704 0.0000000000
80920  49.304  -2.808  19.647 0.0000000000
48646  5.741  -29.840  57.938 0.0000000000
49911  11.824  -28.090  54.616 0.0000000000
51037  6.350  -27.718  56.873 0.0000000000
52491  33.160  -26.218  43.779 0.0000000000
53668  10.039  -25.857  53.651 0.0000000000
53839  33.467  -26.150  43.924 0.0000000000
54987  25.797  -25.527  45.943 0.0000000000
55009  21.276  -24.442  44.828 0.0000000000
55031  23.257  -25.107  43.752 0.0000000000
56273  32.011  -23.358  41.158 0.0000000000
57354  19.016  -21.921  45.955 0.0000000000
57391  22.110  -21.632  44.066 0.0000000000
58599  19.568  -21.577  45.783 0.0000000000
58662  23.605  -21.832  42.408 0.0000000000
58730  33.977  -20.953  38.622 0.0000000000
59781  24.560  -19.822  43.455 0.0000000000
59812  24.957  -20.557  42.398 0.0000000000
59813  24.734  -20.820  42.343 0.0000000000
59851  33.082  -19.846  40.369 0.0000000000
62245  30.246  -18.442  39.987 0.0000000000
63364  37.274  -17.829  39.563 0.0000000000
63367  28.535  -17.260  39.525 0.0000000000
63387  28.588  -17.085  38.904 0.0000000000
63398  35.302  -17.767  38.622 0.0000000000
63405  28.679  -16.779  38.515 0.0000000000
63417  29.176  -16.848  37.736 0.0000000000
64478  36.889  -17.014  39.466 0.0000000000
64498  28.575  -16.548  38.867 0.0000000000
64511  29.807  -17.331  37.654 0.0000000000
64512  28.761  -16.450  38.085 0.0000000000
64540  30.700  -16.849  36.306 0.0000000000
65594  28.614  -16.219  38.643 0.0000000000
66803  29.340  -14.216  39.917 0.0000000000
66832  33.871  -15.852  37.530 0.0000000000
66900  32.941  -15.111  33.221 0.0000000000
75413  34.620  -7.644  29.536 0.0000000000
79788  40.132  -3.008  26.104 0.0000000000
79829  44.789  -3.054  22.085 0.0000000000
80847  39.927  -2.661  27.788 0.0000000000
