#!ascii label  , from subject sub.01.bl.02 vox2ras=TkReg
1444
49849  11.729  -29.245  59.754 0.0000000000
69392  41.526  -12.485  31.977 0.0000000000
51161  30.251  -27.889  49.712 0.0000000000
53697  40.500  -26.183  51.658 0.0000000000
52393  22.185  -26.361  49.887 0.0000000000
53580  19.685  -26.513  58.885 0.0000000000
77597  49.258  -5.783  24.845 0.0000000000
75374  47.771  -7.044  32.348 0.0000000000
61016  39.406  -18.775  42.093 0.0000000000
79864  51.231  -3.433  18.424 0.0000000000
48682  29.499  -30.041  55.370 0.0000000000
52246  15.536  -26.629  59.622 0.0000000000
77572  47.731  -5.976  28.555 0.0000000000
73138  44.912  -9.310  27.850 0.0000000000
68040  43.053  -14.157  36.727 0.0000000000
70503  45.973  -12.009  36.467 0.0000000000
66828  38.436  -15.617  37.345 0.0000000000
53791  36.461  -26.046  46.157 0.0000000000
49974  35.870  -28.470  49.853 0.0000000000
51027  25.391  -28.131  56.532 0.0000000000
52241  24.677  -26.599  59.451 0.0000000000
53645  21.101  -25.808  54.885 0.0000000000
51063  16.317  -28.303  54.518 0.0000000000
51163  26.192  -27.658  49.358 0.0000000000
79793  53.064  -3.642  24.389 0.0000000000
79740  52.370  -3.298  29.270 0.0000000000
71881  45.414  -11.025  31.187 0.0000000000
67938  40.678  -14.595  43.751 0.0000000000
57341  40.894  -22.831  46.146 0.0000000000
77644  49.504  -5.443  21.600 0.0000000000
77649  54.610  -5.457  20.810 0.0000000000
77701  55.504  -4.877  16.426 0.0000000000
49842  30.070  -29.198  59.117 0.0000000000
50992  13.210  -28.136  59.932 0.0000000000
53511  15.102  -26.302  62.771 0.0000000000
50962  13.530  -27.609  63.009 0.0000000000
74326  44.863  -8.857  25.882 0.0000000000
67999  43.306  -13.990  39.805 0.0000000000
69269  45.091  -13.246  39.086 0.0000000000
46211  7.725  -32.349  62.138 0.0000000000
65645  37.930  -15.535  34.805 0.0000000000
51196  30.691  -27.852  47.536 0.0000000000
51194  33.088  -27.531  47.544 0.0000000000
49977  32.941  -28.919  49.703 0.0000000000
52319  23.383  -27.013  53.196 0.0000000000
53623  22.928  -26.543  55.183 0.0000000000
53682  21.224  -25.882  52.677 0.0000000000
51165  24.304  -27.564  49.843 0.0000000000
49928  25.611  -28.771  53.450 0.0000000000
53559  22.612  -25.750  59.805 0.0000000000
78669  51.225  -4.469  24.616 0.0000000000
78649  52.961  -3.944  27.138 0.0000000000
77582  51.188  -5.723  26.252 0.0000000000
76530  47.553  -6.061  30.451 0.0000000000
78615  48.469  -4.369  30.268 0.0000000000
71899  40.037  -11.034  30.144 0.0000000000
73103  41.831  -10.370  29.767 0.0000000000
70588  43.494  -11.659  31.615 0.0000000000
64465  37.084  -16.090  40.356 0.0000000000
66773  36.874  -14.897  41.085 0.0000000000
65539  39.641  -15.987  42.550 0.0000000000
53749  38.364  -25.914  48.425 0.0000000000
54999  39.011  -24.850  45.593 0.0000000000
54946  40.873  -25.307  48.431 0.0000000000
78684  46.447  -5.125  23.098 0.0000000000
78707  46.963  -4.535  21.587 0.0000000000
78681  49.550  -4.492  23.645 0.0000000000
78694  50.795  -3.828  22.990 0.0000000000
77718  53.091  -5.272  15.364 0.0000000000
76673  52.582  -6.003  16.929 0.0000000000
77672  55.255  -4.984  18.793 0.0000000000
76647  51.720  -5.924  18.793 0.0000000000
49923  30.382  -28.832  52.996 0.0000000000
49921  32.323  -28.906  52.903 0.0000000000
48679  32.625  -30.204  55.899 0.0000000000
52243  17.734  -26.642  59.275 0.0000000000
53518  20.382  -25.761  62.824 0.0000000000
53521  17.382  -25.837  62.417 0.0000000000
76599  46.508  -7.007  24.828 0.0000000000
75427  49.258  -6.995  26.757 0.0000000000
74338  47.304  -8.468  26.500 0.0000000000
75419  46.317  -7.740  28.620 0.0000000000
75403  46.138  -7.649  29.861 0.0000000000
68084  41.493  -13.588  33.518 0.0000000000
69358  43.835  -12.851  33.595 0.0000000000
69300  44.264  -13.311  36.296 0.0000000000
58677  38.141  -20.522  41.575 0.0000000000
53674  42.290  -25.531  52.115 0.0000000000
47427  9.831  -30.583  59.633 0.0000000000
48550  11.731  -29.914  62.138 0.0000000000
47378  10.165  -30.827  62.764 0.0000000000
68122  39.289  -13.494  31.628 0.0000000000
66875  40.135  -14.646  34.209 0.0000000000
66826  40.732  -14.896  37.681 0.0000000000
68002  40.747  -14.276  40.059 0.0000000000
52460  34.053  -26.394  45.576 0.0000000000
52406  36.120  -26.861  48.002 0.0000000000
51137  38.458  -27.673  50.708 0.0000000000
48724  35.349  -29.401  52.884 0.0000000000
48722  37.769  -29.842  52.515 0.0000000000
52237  27.661  -27.578  58.780 0.0000000000
50988  25.937  -27.723  59.813 0.0000000000
53591  25.627  -26.576  57.847 0.0000000000
53609  22.525  -25.953  56.566 0.0000000000
53611  20.849  -25.945  56.974 0.0000000000
52337  18.783  -27.110  52.059 0.0000000000
52307  19.093  -27.173  55.026 0.0000000000
52286  18.143  -27.108  57.190 0.0000000000
51019  16.387  -27.435  57.293 0.0000000000
51022  13.270  -28.106  56.584 0.0000000000
49868  11.635  -28.832  57.407 0.0000000000
53773  28.533  -26.723  47.248 0.0000000000
53776  26.410  -25.914  46.963 0.0000000000
52369  28.610  -27.386  49.983 0.0000000000
49925  28.294  -29.199  53.548 0.0000000000
49874  27.378  -29.374  56.754 0.0000000000
77566  54.027  -4.133  28.433 0.0000000000
78628  50.061  -3.952  28.931 0.0000000000
73141  42.357  -10.318  28.151 0.0000000000
74276  44.688  -8.843  29.907 0.0000000000
73073  47.020  -9.306  32.472 0.0000000000
70552  45.736  -11.614  33.940 0.0000000000
71835  47.734  -10.058  34.031 0.0000000000
65589  36.296  -15.993  37.712 0.0000000000
67988  39.167  -14.900  40.440 0.0000000000
69203  41.654  -13.875  43.273 0.0000000000
57406  38.572  -22.253  43.396 0.0000000000
59774  40.040  -20.702  43.933 0.0000000000
57299  42.925  -23.002  48.931 0.0000000000
59733  42.215  -20.810  47.582 0.0000000000
62148  41.924  -18.612  44.800 0.0000000000
64418  42.737  -16.576  44.912 0.0000000000
67888  43.669  -14.304  46.494 0.0000000000
78713  49.774  -4.792  19.921 0.0000000000
76612  52.218  -6.281  21.435 0.0000000000
79814  53.553  -3.697  22.782 0.0000000000
48575  30.553  -29.717  60.314 0.0000000000
49848  12.481  -28.586  59.273 0.0000000000
50981  13.277  -28.231  61.002 0.0000000000
49822  12.759  -28.815  61.466 0.0000000000
69241  43.359  -13.423  41.083 0.0000000000
69226  44.556  -13.128  41.566 0.0000000000
43817  6.894  -33.380  60.652 0.0000000000
51179  30.071  -27.824  48.583 0.0000000000
49986  31.847  -28.592  48.896 0.0000000000
49970  31.706  -28.505  50.083 0.0000000000
52351  22.833  -26.875  51.615 0.0000000000
53662  22.671  -26.565  53.189 0.0000000000
53699  22.037  -26.417  51.497 0.0000000000
52415  22.829  -26.762  48.573 0.0000000000
52392  22.795  -26.784  49.685 0.0000000000
51126  23.669  -27.504  51.635 0.0000000000
53560  21.611  -25.756  59.800 0.0000000000
53544  20.972  -25.874  60.793 0.0000000000
78658  49.827  -5.032  24.735 0.0000000000
77594  51.819  -5.513  25.506 0.0000000000
76584  50.258  -6.276  25.569 0.0000000000
76511  47.660  -6.214  31.479 0.0000000000
77527  47.956  -5.290  31.734 0.0000000000
70609  40.518  -11.782  30.725 0.0000000000
70608  41.627  -11.383  30.927 0.0000000000
70571  42.554  -12.229  32.135 0.0000000000
62223  38.120  -18.402  40.535 0.0000000000
63349  38.328  -17.403  40.821 0.0000000000
64454  38.671  -16.428  41.686 0.0000000000
63334  39.714  -17.350  42.086 0.0000000000
53715  39.113  -26.286  50.021 0.0000000000
53768  39.900  -25.425  48.018 0.0000000000
53728  40.419  -25.651  49.656 0.0000000000
77623  47.283  -5.481  24.087 0.0000000000
78683  47.419  -5.219  23.445 0.0000000000
78672  48.686  -4.825  24.328 0.0000000000
78671  49.611  -4.454  24.310 0.0000000000
78769  51.806  -4.360  17.122 0.0000000000
78741  51.416  -4.233  18.084 0.0000000000
77674  51.956  -5.946  18.134 0.0000000000
78726  50.937  -4.402  18.885 0.0000000000
48700  30.437  -29.968  54.043 0.0000000000
48699  31.588  -29.982  54.468 0.0000000000
48680  31.627  -30.220  55.649 0.0000000000
52245  16.238  -26.591  59.441 0.0000000000
53547  17.746  -26.332  60.658 0.0000000000
53549  16.265  -26.310  60.629 0.0000000000
53497  15.092  -26.170  63.733 0.0000000000
53496  15.859  -25.781  64.059 0.0000000000
76589  45.814  -7.027  24.970 0.0000000000
75467  46.849  -7.387  25.134 0.0000000000
75458  45.223  -7.504  25.118 0.0000000000
73151  45.087  -9.382  26.941 0.0000000000
74311  45.760  -8.911  27.524 0.0000000000
74299  45.520  -8.412  28.608 0.0000000000
75410  46.119  -7.431  29.140 0.0000000000
75411  45.671  -7.899  29.272 0.0000000000
68055  42.066  -14.400  35.325 0.0000000000
68068  43.385  -13.618  35.114 0.0000000000
68039  43.828  -13.739  37.119 0.0000000000
77615  45.820  -5.873  24.182 0.0000000000
47413  9.779  -30.981  60.793 0.0000000000
47414  9.086  -31.495  61.146 0.0000000000
68102  38.058  -13.936  32.061 0.0000000000
66896  39.150  -14.339  32.946 0.0000000000
66897  38.311  -14.841  33.224 0.0000000000
65623  37.964  -15.728  35.996 0.0000000000
66841  39.201  -15.653  36.183 0.0000000000
66827  39.638  -15.345  37.505 0.0000000000
66811  41.118  -14.500  38.774 0.0000000000
66812  40.008  -14.878  38.604 0.0000000000
52461  33.164  -26.366  45.142 0.0000000000
51175  34.576  -28.019  48.742 0.0000000000
51192  35.158  -27.267  47.937 0.0000000000
51174  35.852  -27.324  48.595 0.0000000000
51156  37.413  -27.303  49.569 0.0000000000
51139  37.049  -28.140  50.001 0.0000000000
49919  34.310  -29.094  53.887 0.0000000000
49936  34.310  -29.071  53.009 0.0000000000
49918  35.212  -29.242  54.169 0.0000000000
48692  38.164  -30.320  54.260 0.0000000000
48720  40.222  -29.414  52.724 0.0000000000
52267  26.985  -27.492  57.798 0.0000000000
52256  26.663  -26.712  58.418 0.0000000000
52269  25.173  -27.138  56.994 0.0000000000
53644  21.810  -25.860  54.593 0.0000000000
53624  22.446  -26.110  55.444 0.0000000000
53625  21.778  -25.818  55.678 0.0000000000
53610  21.696  -25.826  56.759 0.0000000000
53626  20.983  -25.792  55.942 0.0000000000
52375  19.274  -26.709  50.254 0.0000000000
51084  15.947  -28.283  53.465 0.0000000000
51106  17.833  -27.818  52.623 0.0000000000
51062  17.319  -28.033  54.641 0.0000000000
51041  18.424  -27.401  55.691 0.0000000000
51042  17.605  -27.737  55.605 0.0000000000
51018  17.279  -27.332  57.201 0.0000000000
51044  15.633  -28.022  55.411 0.0000000000
49867  12.472  -28.394  57.026 0.0000000000
52465  29.075  -26.269  45.513 0.0000000000
53795  27.673  -25.411  46.120 0.0000000000
51183  25.647  -27.488  48.762 0.0000000000
51181  27.047  -27.320  48.359 0.0000000000
52389  27.851  -27.146  48.535 0.0000000000
51146  27.012  -27.735  49.963 0.0000000000
51100  28.688  -28.257  51.881 0.0000000000
51102  26.971  -28.525  51.806 0.0000000000
51059  25.144  -28.468  54.488 0.0000000000
49887  26.409  -29.290  55.019 0.0000000000
49866  26.436  -28.559  57.132 0.0000000000
51013  28.046  -28.208  58.123 0.0000000000
52223  25.221  -27.087  59.608 0.0000000000
48525  11.417  -29.908  64.204 0.0000000000
49781  12.242  -28.863  64.269 0.0000000000
79784  54.263  -3.023  25.778 0.0000000000
79767  52.759  -3.327  27.768 0.0000000000
79752  53.425  -3.241  28.250 0.0000000000
79739  53.236  -3.360  28.971 0.0000000000
78600  52.531  -3.930  30.163 0.0000000000
76563  48.970  -6.362  27.610 0.0000000000
77570  49.652  -5.297  27.733 0.0000000000
77571  48.469  -5.438  28.411 0.0000000000
79732  49.460  -4.131  30.425 0.0000000000
71896  43.497  -10.260  30.732 0.0000000000
73101  44.110  -9.525  30.253 0.0000000000
71894  45.615  -10.121  30.540 0.0000000000
73099  46.031  -9.392  30.317 0.0000000000
71880  46.225  -10.385  30.969 0.0000000000
69340  45.370  -12.304  35.366 0.0000000000
69371  45.160  -12.078  33.595 0.0000000000
70537  45.914  -11.748  34.913 0.0000000000
66816  35.766  -15.869  38.088 0.0000000000
67950  39.089  -14.738  42.298 0.0000000000
67989  38.133  -14.794  40.589 0.0000000000
67960  39.709  -14.381  42.150 0.0000000000
67959  40.687  -14.304  42.226 0.0000000000
67948  40.759  -14.196  43.168 0.0000000000
53836  36.170  -25.561  44.123 0.0000000000
53835  36.902  -25.475  44.673 0.0000000000
56164  40.299  -23.874  46.187 0.0000000000
56180  39.207  -23.626  45.124 0.0000000000
57364  39.850  -22.634  45.348 0.0000000000
58608  39.146  -21.598  43.898 0.0000000000
58588  40.644  -21.621  45.359 0.0000000000
54895  43.054  -24.523  50.964 0.0000000000
60963  42.920  -19.915  47.489 0.0000000000
60974  42.074  -19.892  46.142 0.0000000000
62138  43.051  -18.557  45.877 0.0000000000
63299  42.579  -17.658  44.937 0.0000000000
63288  43.563  -17.591  45.551 0.0000000000
77645  48.432  -5.321  21.441 0.0000000000
77652  49.210  -5.192  20.655 0.0000000000
76621  50.980  -6.192  20.891 0.0000000000
77643  50.568  -5.763  21.759 0.0000000000
79803  52.166  -3.695  23.639 0.0000000000
79815  52.410  -3.743  23.117 0.0000000000
79802  53.262  -3.185  23.586 0.0000000000
80880  53.974  -2.490  23.847 0.0000000000
77717  54.071  -5.519  15.457 0.0000000000
77657  54.962  -5.272  19.677 0.0000000000
79849  55.276  -3.770  19.803 0.0000000000
79825  54.751  -3.858  21.614 0.0000000000
48634  29.728  -29.844  57.565 0.0000000000
48633  30.756  -30.078  57.658 0.0000000000
48615  30.742  -29.756  58.612 0.0000000000
52263  14.402  -27.086  59.405 0.0000000000
52213  15.198  -26.521  61.289 0.0000000000
52231  14.131  -27.082  61.081 0.0000000000
52205  14.070  -27.107  62.756 0.0000000000
52195  13.891  -27.120  63.650 0.0000000000
74327  43.832  -8.659  25.832 0.0000000000
73153  43.376  -9.811  27.248 0.0000000000
68028  42.711  -14.368  37.777 0.0000000000
68027  43.758  -14.004  38.221 0.0000000000
67998  44.040  -13.818  39.959 0.0000000000
69225  45.365  -13.083  41.399 0.0000000000
46242  8.378  -31.841  60.567 0.0000000000
46226  7.821  -32.435  61.027 0.0000000000
44979  7.124  -33.006  62.688 0.0000000000
66899  37.015  -15.102  33.098 0.0000000000
65624  36.819  -15.777  36.139 0.0000000000
52443  32.498  -26.703  46.065 0.0000000000
51195  31.890  -27.573  47.309 0.0000000000
49984  33.560  -28.578  49.035 0.0000000000
49976  34.073  -28.804  49.753 0.0000000000
51040  24.495  -27.917  55.173 0.0000000000
52282  24.130  -27.181  56.012 0.0000000000
53661  23.076  -26.829  53.657 0.0000000000
53663  21.859  -26.039  53.513 0.0000000000
53664  21.171  -25.789  53.805 0.0000000000
51065  14.413  -27.816  54.296 0.0000000000
51086  14.109  -27.634  53.400 0.0000000000
52432  24.572  -26.908  47.643 0.0000000000
51164  25.210  -27.764  49.655 0.0000000000
49956  25.560  -28.458  52.040 0.0000000000
51124  24.998  -28.214  51.575 0.0000000000
51081  24.266  -27.817  53.184 0.0000000000
53558  23.715  -26.210  59.686 0.0000000000
78668  52.351  -4.525  24.424 0.0000000000
78655  53.361  -4.260  25.976 0.0000000000
77593  52.632  -5.179  25.898 0.0000000000
77568  52.069  -4.538  27.156 0.0000000000
78638  51.648  -3.797  27.939 0.0000000000
77562  47.828  -5.684  29.057 0.0000000000
77561  48.336  -4.876  29.201 0.0000000000
78616  48.138  -4.832  30.578 0.0000000000
78594  48.510  -4.876  31.677 0.0000000000
73123  41.057  -10.105  29.247 0.0000000000
71898  41.126  -10.798  30.141 0.0000000000
71883  43.002  -10.960  31.298 0.0000000000
70587  44.668  -11.790  31.766 0.0000000000
70501  47.602  -11.504  36.295 0.0000000000
65564  35.726  -16.196  38.893 0.0000000000
66787  36.436  -15.991  39.125 0.0000000000
65552  37.022  -15.509  41.081 0.0000000000
65530  38.983  -15.409  42.188 0.0000000000
66751  39.589  -15.025  43.194 0.0000000000
53771  37.575  -26.101  47.202 0.0000000000
53812  38.104  -25.526  45.797 0.0000000000
53788  39.019  -25.331  47.002 0.0000000000
54979  39.871  -24.757  46.837 0.0000000000
56163  41.137  -24.075  46.985 0.0000000000
78698  46.261  -4.565  22.385 0.0000000000
78708  46.094  -3.933  21.661 0.0000000000
78697  47.239  -5.029  22.489 0.0000000000
78696  48.096  -5.126  22.903 0.0000000000
77634  48.760  -5.266  22.357 0.0000000000
77632  50.775  -4.847  22.699 0.0000000000
78680  50.298  -4.358  23.177 0.0000000000
79795  50.737  -3.683  24.295 0.0000000000
78768  52.010  -4.271  16.425 0.0000000000
77704  52.410  -5.270  16.360 0.0000000000
77702  54.692  -5.659  16.436 0.0000000000
77689  55.300  -5.206  17.618 0.0000000000
77690  54.235  -6.113  17.490 0.0000000000
76661  54.094  -6.427  18.436 0.0000000000
76626  53.612  -6.697  20.005 0.0000000000
51098  30.408  -28.209  52.133 0.0000000000
51096  31.984  -28.465  51.937 0.0000000000
49922  31.332  -28.815  52.944 0.0000000000
49904  32.525  -29.425  53.854 0.0000000000
48696  34.193  -29.870  55.486 0.0000000000
53563  19.200  -26.563  59.331 0.0000000000
53545  19.974  -26.181  60.656 0.0000000000
53546  18.838  -26.424  60.344 0.0000000000
53520  18.349  -25.792  62.550 0.0000000000
53522  16.469  -25.877  62.230 0.0000000000
53508  17.535  -25.658  63.466 0.0000000000
76587  48.054  -6.448  25.306 0.0000000000
75454  49.047  -6.749  25.577 0.0000000000
75455  48.540  -6.972  25.657 0.0000000000
75440  48.481  -7.368  26.331 0.0000000000
75428  48.339  -7.243  27.273 0.0000000000
74340  45.538  -8.331  25.562 0.0000000000
74323  47.240  -8.361  27.391 0.0000000000
75418  46.983  -7.149  28.426 0.0000000000
76540  46.653  -6.862  29.360 0.0000000000
76531  46.951  -6.806  30.096 0.0000000000
75384  46.883  -7.540  30.695 0.0000000000
69375  41.736  -12.929  32.683 0.0000000000
69374  42.627  -12.624  32.627 0.0000000000
68082  43.229  -13.421  34.161 0.0000000000
69321  44.039  -13.099  35.486 0.0000000000
69319  45.525  -12.398  36.264 0.0000000000
69284  45.164  -13.277  38.172 0.0000000000
69283  45.904  -12.791  37.826 0.0000000000
69282  46.813  -12.469  37.544 0.0000000000
59828  38.495  -19.760  41.606 0.0000000000
53696  41.385  -25.592  51.503 0.0000000000
78700  44.592  -3.699  22.623 0.0000000000
77625  45.701  -5.344  23.624 0.0000000000
77614  46.770  -6.174  24.330 0.0000000000
81967  51.311  -1.733  18.576 0.0000000000
81957  50.792  -1.413  19.190 0.0000000000
48607  10.689  -30.024  59.432 0.0000000000
48568  11.823  -29.754  61.315 0.0000000000
48569  11.117  -30.120  61.265 0.0000000000
48551  10.965  -30.311  62.417 0.0000000000
48526  10.696  -30.383  64.691 0.0000000000
47380  8.954  -31.480  62.806 0.0000000000
69414  39.651  -12.401  30.823 0.0000000000
69395  39.030  -12.984  31.103 0.0000000000
68121  39.948  -13.379  31.812 0.0000000000
68099  40.366  -13.478  32.445 0.0000000000
68071  40.911  -14.120  34.087 0.0000000000
66858  41.223  -14.653  35.615 0.0000000000
65669  38.607  -15.236  33.941 0.0000000000
66859  40.224  -15.019  35.343 0.0000000000
66839  41.437  -14.854  36.772 0.0000000000
68017  41.935  -14.336  38.681 0.0000000000
68000  42.393  -14.008  39.673 0.0000000000
69229  42.496  -13.883  41.617 0.0000000000
53792  35.488  -26.133  45.785 0.0000000000
52427  33.782  -26.821  47.056 0.0000000000
52440  35.557  -26.438  46.635 0.0000000000
52439  36.253  -26.354  46.931 0.0000000000
52404  37.500  -26.505  48.570 0.0000000000
52383  38.040  -26.602  49.496 0.0000000000
52347  38.963  -27.103  50.818 0.0000000000
49955  32.446  -28.795  51.368 0.0000000000
49953  34.149  -29.212  52.130 0.0000000000
48740  35.334  -29.452  51.213 0.0000000000
48693  36.905  -29.848  54.612 0.0000000000
48723  36.608  -29.654  52.715 0.0000000000
49951  36.832  -29.146  50.940 0.0000000000
49949  38.584  -28.514  51.347 0.0000000000
49948  39.400  -28.301  51.599 0.0000000000
52317  40.987  -27.316  52.511 0.0000000000
50986  28.353  -28.144  59.908 0.0000000000
50998  27.344  -27.407  59.339 0.0000000000
52239  26.430  -26.522  59.076 0.0000000000
53557  24.890  -26.140  59.092 0.0000000000
53607  24.102  -26.700  56.658 0.0000000000
53593  23.354  -26.039  57.535 0.0000000000
53575  24.143  -26.095  58.487 0.0000000000
53576  23.107  -25.798  58.669 0.0000000000
53595  21.505  -25.871  57.813 0.0000000000
53597  19.886  -26.475  58.135 0.0000000000
53719  20.077  -26.221  50.420 0.0000000000
53701  20.473  -26.115  51.746 0.0000000000
52321  19.895  -26.515  53.588 0.0000000000
51127  18.044  -27.594  51.311 0.0000000000
52322  18.983  -27.256  53.610 0.0000000000
52306  19.727  -26.571  54.528 0.0000000000
52293  19.593  -26.509  55.572 0.0000000000
52284  19.492  -26.614  56.536 0.0000000000
52257  19.062  -26.692  58.474 0.0000000000
52258  18.151  -26.746  58.504 0.0000000000
52274  16.881  -27.136  57.960 0.0000000000
52276  15.376  -26.992  58.336 0.0000000000
51045  14.688  -27.844  55.241 0.0000000000
51021  14.127  -27.673  57.058 0.0000000000
51008  14.199  -27.345  58.399 0.0000000000
51009  13.275  -27.973  57.681 0.0000000000
49857  12.487  -28.506  58.139 0.0000000000
49858  11.693  -28.956  58.578 0.0000000000
48641  10.057  -29.697  57.504 0.0000000000
48623  9.530  -30.204  58.191 0.0000000000
52464  30.002  -26.754  45.435 0.0000000000
51197  29.719  -27.639  47.547 0.0000000000
52407  29.670  -27.516  49.334 0.0000000000
53774  27.901  -26.209  47.032 0.0000000000
52409  28.439  -27.120  48.281 0.0000000000
52367  29.748  -27.605  50.496 0.0000000000
51099  29.519  -28.178  51.982 0.0000000000
49924  29.364  -29.023  53.192 0.0000000000
48702  28.308  -29.633  54.483 0.0000000000
49927  26.493  -28.984  53.373 0.0000000000
48703  27.550  -29.599  54.692 0.0000000000
48658  28.629  -29.879  56.470 0.0000000000
49863  28.986  -29.463  57.789 0.0000000000
51004  28.880  -28.104  59.149 0.0000000000
49808  12.697  -28.813  62.525 0.0000000000
50929  13.177  -27.596  64.885 0.0000000000
79777  53.628  -3.620  26.735 0.0000000000
76562  50.086  -6.201  26.946 0.0000000000
78639  50.460  -4.431  28.215 0.0000000000
78627  50.971  -3.564  28.543 0.0000000000
78629  48.937  -4.067  29.357 0.0000000000
79742  50.558  -3.384  29.896 0.0000000000
79730  51.260  -3.560  30.213 0.0000000000
73167  41.996  -9.498  26.906 0.0000000000
74301  43.742  -9.706  28.567 0.0000000000
73122  42.145  -10.257  29.036 0.0000000000
74292  43.797  -9.411  29.181 0.0000000000
74291  44.550  -8.800  29.266 0.0000000000
74275  45.582  -8.588  29.987 0.0000000000
74274  46.455  -8.510  30.507 0.0000000000
74253  47.467  -7.842  32.118 0.0000000000
69373  43.631  -12.610  32.641 0.0000000000
70569  44.848  -12.087  32.378 0.0000000000
70568  45.592  -11.612  32.655 0.0000000000
71824  46.855  -10.975  34.730 0.0000000000
71836  46.896  -10.682  34.158 0.0000000000
70567  46.332  -10.918  32.844 0.0000000000
73057  47.197  -9.578  33.151 0.0000000000
73072  47.320  -8.679  32.821 0.0000000000
65625  35.814  -15.843  36.264 0.0000000000
65587  37.658  -15.854  37.711 0.0000000000
66801  36.555  -15.850  38.961 0.0000000000
68004  38.160  -14.972  40.046 0.0000000000
66798  39.345  -14.952  39.500 0.0000000000
67987  40.276  -14.510  40.426 0.0000000000
67970  41.678  -14.243  41.403 0.0000000000
69202  42.646  -13.506  43.269 0.0000000000
55024  37.769  -25.011  44.555 0.0000000000
57433  38.264  -21.592  42.559 0.0000000000
58627  38.872  -20.938  43.284 0.0000000000
61004  39.975  -19.240  42.914 0.0000000000
53712  41.762  -25.271  50.476 0.0000000000
56122  42.069  -24.466  48.489 0.0000000000
56162  41.851  -23.463  47.458 0.0000000000
58521  42.670  -21.814  48.275 0.0000000000
58565  41.596  -21.786  46.834 0.0000000000
59760  41.018  -20.592  45.183 0.0000000000
60995  41.038  -19.584  44.095 0.0000000000
62171  40.684  -18.591  43.140 0.0000000000
64429  41.446  -17.469  43.879 0.0000000000
64420  41.396  -16.214  43.915 0.0000000000
66727  41.693  -15.071  44.810 0.0000000000
64406  44.529  -16.661  46.611 0.0000000000
65493  43.339  -15.253  45.581 0.0000000000
67905  42.268  -14.469  45.258 0.0000000000
67921  42.899  -13.837  45.219 0.0000000000
80919  50.065  -2.502  19.307 0.0000000000
78727  50.225  -4.163  19.370 0.0000000000
77658  51.113  -5.520  19.402 0.0000000000
76619  52.845  -6.468  20.655 0.0000000000
76610  53.845  -5.923  21.404 0.0000000000
77631  52.012  -5.005  22.654 0.0000000000
77630  52.956  -5.060  22.668 0.0000000000
78705  54.042  -4.315  22.193 0.0000000000
79813  54.447  -3.264  22.474 0.0000000000
49813  29.287  -29.001  60.479 0.0000000000
48576  29.705  -29.277  60.415 0.0000000000
49838  12.615  -28.750  60.380 0.0000000000
69214  43.632  -13.031  42.371 0.0000000000
69227  43.798  -13.039  41.651 0.0000000000
51160  30.863  -28.277  49.267 0.0000000000
51141  31.032  -28.330  50.285 0.0000000000
53716  22.290  -26.496  50.909 0.0000000000
53717  21.838  -26.237  50.613 0.0000000000
52373  22.754  -26.823  50.744 0.0000000000
53561  20.668  -26.048  59.756 0.0000000000
77596  50.131  -5.822  24.982 0.0000000000
76493  47.897  -6.704  32.808 0.0000000000
70591  40.683  -12.319  31.171 0.0000000000
70590  41.226  -12.090  31.339 0.0000000000
62204  38.561  -18.254  41.067 0.0000000000
62203  38.947  -18.041  41.351 0.0000000000
63335  38.959  -17.294  41.514 0.0000000000
62185  39.862  -18.157  42.201 0.0000000000
53714  39.902  -26.180  50.471 0.0000000000
53729  39.560  -25.857  49.496 0.0000000000
77612  48.693  -5.386  24.729 0.0000000000
78673  47.805  -4.932  24.137 0.0000000000
78659  49.222  -5.111  24.509 0.0000000000
77675  51.502  -5.210  18.314 0.0000000000
48681  30.570  -30.239  55.413 0.0000000000
52228  15.990  -26.446  60.124 0.0000000000
53550  15.870  -26.410  60.574 0.0000000000
76590  44.918  -6.530  24.946 0.0000000000
68054  42.748  -14.221  35.831 0.0000000000
47428  8.971  -31.216  60.049 0.0000000000
68125  36.591  -13.311  31.625 0.0000000000
68103  37.135  -14.002  32.066 0.0000000000
66919  38.519  -14.294  32.525 0.0000000000
66920  37.715  -14.490  32.563 0.0000000000
66842  38.416  -15.672  36.593 0.0000000000
66813  38.908  -15.216  38.459 0.0000000000
51159  34.794  -28.403  49.431 0.0000000000
51158  35.475  -28.099  49.312 0.0000000000
51157  36.680  -27.659  49.429 0.0000000000
49965  36.505  -28.622  50.257 0.0000000000
49902  34.479  -29.436  54.778 0.0000000000
48695  35.457  -29.537  54.935 0.0000000000
51016  25.943  -27.638  57.162 0.0000000000
52268  26.384  -27.069  57.719 0.0000000000
52281  24.797  -27.594  56.452 0.0000000000
53646  20.313  -26.047  55.211 0.0000000000
51083  17.003  -28.106  53.595 0.0000000000
51043  16.638  -28.022  55.532 0.0000000000
52412  26.104  -27.041  47.859 0.0000000000
51182  26.541  -27.390  48.489 0.0000000000
51162  26.961  -27.378  48.920 0.0000000000
51122  27.442  -28.139  51.014 0.0000000000
51123  26.269  -28.297  51.307 0.0000000000
51039  25.102  -28.390  55.610 0.0000000000
49876  25.563  -28.685  55.982 0.0000000000
51026  26.061  -28.283  57.028 0.0000000000
48517  11.322  -29.792  65.225 0.0000000000
49782  11.905  -29.326  64.738 0.0000000000
80863  53.745  -3.137  24.917 0.0000000000
79785  53.822  -3.489  25.545 0.0000000000
79753  52.643  -3.180  28.558 0.0000000000
78614  52.986  -3.668  29.705 0.0000000000
79729  52.118  -3.533  29.931 0.0000000000
76564  47.745  -6.517  28.031 0.0000000000
71895  44.610  -10.213  30.653 0.0000000000
70525  45.980  -11.869  35.856 0.0000000000
66817  34.846  -15.626  38.120 0.0000000000
67949  39.533  -14.461  42.925 0.0000000000
53814  36.269  -25.746  45.195 0.0000000000
57342  40.181  -23.276  45.814 0.0000000000
57385  39.632  -22.047  44.839 0.0000000000
57363  40.641  -22.215  45.676 0.0000000000
60954  43.197  -20.081  48.193 0.0000000000
60973  42.944  -19.383  46.532 0.0000000000
60972  43.646  -19.322  47.154 0.0000000000
62137  44.034  -18.480  46.502 0.0000000000
80873  53.750  -2.820  24.448 0.0000000000
77716  55.019  -5.215  15.509 0.0000000000
77715  55.628  -4.688  15.572 0.0000000000
78767  55.976  -4.254  16.280 0.0000000000
78725  54.977  -4.300  19.958 0.0000000000
78712  54.824  -4.579  20.680 0.0000000000
79834  55.116  -3.785  20.536 0.0000000000
49854  30.021  -29.378  58.682 0.0000000000
50999  13.811  -27.512  59.559 0.0000000000
52248  14.268  -27.127  60.212 0.0000000000
50991  13.721  -27.602  60.552 0.0000000000
50973  13.166  -28.041  62.146 0.0000000000
50972  13.687  -27.458  62.271 0.0000000000
74328  42.777  -8.688  26.215 0.0000000000
73165  43.539  -9.351  26.493 0.0000000000
73166  42.609  -9.426  26.729 0.0000000000
68016  43.000  -14.210  38.897 0.0000000000
68015  43.908  -14.046  39.180 0.0000000000
45029  7.265  -32.627  59.845 0.0000000000
44991  7.175  -33.216  61.425 0.0000000000
44969  6.468  -33.553  63.200 0.0000000000
51204  31.106  -27.499  46.743 0.0000000000
51203  31.657  -27.260  46.719 0.0000000000
49978  32.122  -28.703  49.601 0.0000000000
49985  32.706  -28.654  48.893 0.0000000000
52304  23.893  -27.364  53.697 0.0000000000
52291  23.883  -27.428  54.681 0.0000000000
53681  21.906  -26.303  52.444 0.0000000000
52414  23.850  -27.302  48.817 0.0000000000
51184  24.794  -27.515  49.057 0.0000000000
51148  24.706  -27.871  50.597 0.0000000000
51125  24.217  -27.850  51.372 0.0000000000
51105  23.565  -27.329  52.241 0.0000000000
51104  24.050  -27.738  52.291 0.0000000000
52318  23.880  -27.363  53.003 0.0000000000
51060  24.406  -27.882  54.110 0.0000000000
77610  52.643  -5.142  25.051 0.0000000000
77611  51.871  -5.137  24.718 0.0000000000
77581  51.989  -5.298  26.512 0.0000000000
77569  51.028  -5.245  27.257 0.0000000000
76539  47.349  -6.159  29.568 0.0000000000
77552  47.971  -5.173  29.958 0.0000000000
77540  47.882  -5.310  30.909 0.0000000000
71918  40.408  -10.461  29.602 0.0000000000
71917  40.948  -10.356  29.723 0.0000000000
70589  42.335  -11.755  31.603 0.0000000000
71884  42.472  -11.145  31.169 0.0000000000
71882  44.091  -10.959  31.217 0.0000000000
64479  36.247  -16.382  39.300 0.0000000000
64466  36.859  -15.880  39.932 0.0000000000
64453  39.390  -16.561  42.099 0.0000000000
65541  38.387  -15.702  41.812 0.0000000000
65540  39.088  -15.893  42.155 0.0000000000
65529  39.454  -15.442  42.609 0.0000000000
65528  39.909  -15.703  43.230 0.0000000000
53750  37.858  -26.205  47.914 0.0000000000
53770  38.409  -25.740  47.469 0.0000000000
53747  40.230  -25.501  48.691 0.0000000000
54962  40.741  -25.002  47.682 0.0000000000
54978  40.600  -24.626  47.120 0.0000000000
54961  41.407  -24.643  47.930 0.0000000000
78682  48.380  -4.861  23.622 0.0000000000
78695  48.887  -4.985  23.084 0.0000000000
77622  50.145  -4.763  23.086 0.0000000000
78670  50.236  -4.217  24.742 0.0000000000
79796  49.919  -3.688  24.295 0.0000000000
79794  51.731  -3.901  24.102 0.0000000000
77705  51.875  -4.872  16.924 0.0000000000
77703  53.429  -6.031  16.440 0.0000000000
77691  53.509  -6.308  17.245 0.0000000000
76646  52.439  -6.437  18.657 0.0000000000
76645  53.436  -6.723  18.993 0.0000000000
76644  54.398  -6.436  19.332 0.0000000000
76627  52.643  -6.619  19.726 0.0000000000
51079  31.055  -28.420  52.518 0.0000000000
48698  32.590  -29.884  54.840 0.0000000000
48697  33.512  -29.833  55.201 0.0000000000
52242  18.515  -26.613  59.307 0.0000000000
52225  18.045  -26.537  59.921 0.0000000000
53535  17.174  -25.991  61.451 0.0000000000
53534  18.115  -26.101  61.512 0.0000000000
52203  15.021  -26.497  61.889 0.0000000000
53523  15.573  -26.171  61.968 0.0000000000
76598  47.334  -6.698  24.897 0.0000000000
75456  47.505  -7.575  25.587 0.0000000000
75441  47.868  -7.972  26.825 0.0000000000
74341  44.574  -8.116  25.438 0.0000000000
74325  45.670  -8.941  26.432 0.0000000000
74310  46.581  -8.274  28.008 0.0000000000
74324  46.630  -8.859  27.013 0.0000000000
75429  47.366  -7.698  27.797 0.0000000000
76551  47.130  -6.372  28.777 0.0000000000
76552  46.558  -7.033  28.847 0.0000000000
69360  42.251  -13.154  33.205 0.0000000000
68083  42.377  -13.565  33.904 0.0000000000
69320  44.827  -12.835  35.875 0.0000000000
69299  45.009  -13.053  37.032 0.0000000000
68026  44.504  -13.665  38.647 0.0000000000
68038  44.499  -13.645  37.809 0.0000000000
69268  45.838  -13.005  38.741 0.0000000000
69267  46.661  -12.776  38.441 0.0000000000
69266  47.519  -12.496  38.228 0.0000000000
59829  37.843  -19.958  41.142 0.0000000000
61053  37.690  -19.265  40.547 0.0000000000
78686  44.483  -4.333  23.223 0.0000000000
78685  45.533  -4.731  23.061 0.0000000000
77626  44.998  -4.981  23.601 0.0000000000
76600  45.815  -6.462  24.601 0.0000000000
48608  10.013  -30.260  58.893 0.0000000000
48590  10.922  -30.044  60.277 0.0000000000
47426  10.492  -30.295  59.969 0.0000000000
47396  9.683  -31.161  61.846 0.0000000000
47395  10.418  -30.706  61.601 0.0000000000
48537  10.819  -30.467  63.586 0.0000000000
47367  10.178  -30.826  63.716 0.0000000000
46225  8.370  -31.837  61.591 0.0000000000
46210  8.389  -31.773  62.602 0.0000000000
70610  39.425  -11.661  30.357 0.0000000000
69415  38.745  -12.234  30.793 0.0000000000
68123  38.501  -13.436  31.609 0.0000000000
69396  38.153  -12.760  31.278 0.0000000000
68100  39.498  -13.833  32.294 0.0000000000
66895  39.753  -14.367  33.443 0.0000000000
66874  40.812  -14.462  34.773 0.0000000000
65695  37.350  -15.229  33.481 0.0000000000
65670  38.069  -15.318  33.868 0.0000000000
65644  38.638  -15.375  34.413 0.0000000000
66840  40.426  -15.128  36.515 0.0000000000
66860  39.366  -15.301  34.845 0.0000000000
66825  41.828  -14.631  37.861 0.0000000000
66810  41.613  -14.487  38.441 0.0000000000
66796  40.930  -14.382  39.347 0.0000000000
68018  41.434  -14.313  39.020 0.0000000000
68001  41.311  -14.191  39.591 0.0000000000
67985  42.075  -13.959  40.636 0.0000000000
53816  34.300  -26.175  44.778 0.0000000000
53815  35.341  -25.950  44.905 0.0000000000
53793  34.756  -26.252  45.469 0.0000000000
52428  32.795  -26.996  46.821 0.0000000000
51191  35.715  -27.033  48.008 0.0000000000
52426  34.829  -26.889  47.179 0.0000000000
52425  35.753  -26.755  47.462 0.0000000000
52424  36.649  -26.516  47.522 0.0000000000
52405  36.680  -26.801  48.358 0.0000000000
52384  37.466  -26.877  49.250 0.0000000000
52365  38.437  -26.828  50.119 0.0000000000
51077  32.115  -28.678  52.363 0.0000000000
49938  32.548  -28.815  52.182 0.0000000000
48725  34.664  -29.354  52.515 0.0000000000
48733  34.946  -29.588  51.912 0.0000000000
48709  38.321  -30.132  53.190 0.0000000000
48710  37.301  -29.888  53.561 0.0000000000
48731  37.197  -29.570  51.717 0.0000000000
49950  37.695  -28.937  51.114 0.0000000000
48730  38.184  -29.330  51.754 0.0000000000
49933  40.037  -28.701  51.989 0.0000000000
51115  39.969  -27.720  51.752 0.0000000000
50997  28.005  -27.733  59.321 0.0000000000
53590  26.222  -26.616  58.117 0.0000000000
53573  26.019  -26.402  58.461 0.0000000000
53556  25.678  -26.236  58.898 0.0000000000
53574  25.185  -26.232  58.379 0.0000000000
52283  23.441  -26.743  55.641 0.0000000000
52270  24.464  -26.847  56.782 0.0000000000
53594  22.413  -25.821  57.681 0.0000000000
53596  20.645  -26.102  57.957 0.0000000000
53612  20.067  -26.307  57.208 0.0000000000
52352  19.514  -26.619  51.327 0.0000000000
53683  20.480  -26.078  53.085 0.0000000000
52336  19.672  -26.555  52.567 0.0000000000
51151  17.308  -27.652  50.415 0.0000000000
51128  17.068  -27.880  51.506 0.0000000000
51082  17.922  -27.852  53.836 0.0000000000
51029  18.525  -27.218  56.252 0.0000000000
52294  18.976  -26.983  55.973 0.0000000000
52285  18.739  -27.060  56.814 0.0000000000
52271  19.330  -26.730  57.472 0.0000000000
52272  18.529  -26.880  57.691 0.0000000000
51017  17.770  -27.206  57.168 0.0000000000
52275  16.025  -27.166  58.145 0.0000000000
51020  15.226  -27.291  57.492 0.0000000000
51034  14.005  -27.945  55.985 0.0000000000
49878  11.663  -28.568  56.252 0.0000000000
48622  10.420  -29.884  58.453 0.0000000000
48642  9.185  -29.873  57.336 0.0000000000
53794  28.481  -26.166  46.381 0.0000000000
52446  29.393  -26.997  46.596 0.0000000000
52430  29.067  -27.215  47.696 0.0000000000
51180  29.409  -27.557  48.131 0.0000000000
52408  29.105  -27.299  48.589 0.0000000000
53796  26.736  -25.385  46.401 0.0000000000
53775  27.159  -25.947  46.931 0.0000000000
52370  27.932  -27.454  49.411 0.0000000000
53731  28.139  -27.025  48.276 0.0000000000
52388  28.473  -27.225  48.937 0.0000000000
52387  29.168  -27.314  49.582 0.0000000000
52368  29.276  -27.465  50.468 0.0000000000
51143  29.722  -27.659  50.838 0.0000000000
52348  28.963  -27.584  50.840 0.0000000000
49941  28.047  -28.731  52.638 0.0000000000
49940  28.950  -28.652  52.633 0.0000000000
48715  28.989  -29.497  53.804 0.0000000000
49943  26.178  -28.683  52.449 0.0000000000
48660  27.201  -29.599  56.026 0.0000000000
48685  26.986  -29.557  55.359 0.0000000000
48684  27.721  -29.739  55.354 0.0000000000
48659  27.874  -29.765  56.157 0.0000000000
48635  28.983  -29.776  57.235 0.0000000000
49864  28.169  -29.087  57.577 0.0000000000
51006  27.757  -27.794  58.307 0.0000000000
51005  28.246  -27.991  58.638 0.0000000000
50996  28.906  -28.178  59.710 0.0000000000
50987  27.216  -27.709  59.707 0.0000000000
53532  20.204  -25.923  61.751 0.0000000000
49823  12.335  -29.434  61.855 0.0000000000
49809  12.208  -29.442  62.847 0.0000000000
50930  12.572  -28.011  65.619 0.0000000000
50948  12.723  -28.261  64.354 0.0000000000
52175  13.563  -26.958  65.340 0.0000000000
52176  13.099  -27.450  65.512 0.0000000000
78625  53.957  -3.655  28.488 0.0000000000
75439  49.207  -7.052  25.930 0.0000000000
76573  49.904  -6.671  26.111 0.0000000000
77551  48.367  -4.532  29.693 0.0000000000
79744  49.089  -3.926  30.060 0.0000000000
79743  49.780  -3.762  30.025 0.0000000000
79731  50.342  -3.939  30.281 0.0000000000
78601  51.912  -4.001  30.290 0.0000000000
71945  41.836  -10.129  27.633 0.0000000000
73155  41.476  -9.510  27.267 0.0000000000
73154  42.391  -10.054  27.351 0.0000000000
73140  43.241  -10.109  28.035 0.0000000000
73102  43.044  -9.818  29.831 0.0000000000
74277  44.007  -9.208  29.724 0.0000000000
74290  45.215  -8.355  29.469 0.0000000000
73089  46.690  -9.555  31.116 0.0000000000
74254  47.075  -8.361  31.517 0.0000000000
74236  47.310  -8.450  32.373 0.0000000000
69359  43.004  -13.066  33.331 0.0000000000
71848  46.908  -10.256  33.207 0.0000000000
71847  47.337  -9.722  33.456 0.0000000000
65607  35.543  -15.726  37.166 0.0000000000
65606  36.504  -15.899  37.013 0.0000000000
65588  37.139  -16.048  37.743 0.0000000000
66774  36.790  -15.204  40.314 0.0000000000
66786  36.893  -15.464  39.750 0.0000000000
66785  36.940  -14.809  40.355 0.0000000000
68005  37.736  -14.826  40.166 0.0000000000
66799  38.337  -15.102  39.321 0.0000000000
68003  38.717  -15.106  39.859 0.0000000000
69217  41.382  -14.207  42.581 0.0000000000
67958  41.331  -14.344  41.999 0.0000000000
69216  42.051  -14.006  42.387 0.0000000000
55000  38.077  -25.300  45.312 0.0000000000
56199  38.902  -23.369  44.554 0.0000000000
55046  38.707  -23.793  44.133 0.0000000000
56222  38.608  -23.250  43.866 0.0000000000
57407  37.853  -22.435  42.713 0.0000000000
58607  39.808  -21.437  44.382 0.0000000000
58626  39.481  -20.962  43.826 0.0000000000
59791  39.172  -19.878  42.857 0.0000000000
59790  39.771  -20.194  43.453 0.0000000000
53695  42.117  -25.321  51.266 0.0000000000
56102  42.843  -23.809  49.600 0.0000000000
54930  42.494  -24.519  49.464 0.0000000000
56121  42.431  -24.003  48.731 0.0000000000
56142  42.262  -23.860  48.350 0.0000000000
57320  42.443  -22.879  47.931 0.0000000000
59721  42.406  -21.283  48.100 0.0000000000
58543  42.195  -21.875  47.610 0.0000000000
59744  41.625  -20.774  46.473 0.0000000000
59745  41.100  -20.972  45.809 0.0000000000
60984  41.708  -19.527  45.342 0.0000000000
60994  41.459  -19.268  44.643 0.0000000000
62160  41.096  -18.753  43.680 0.0000000000
63310  41.118  -17.894  43.469 0.0000000000
63309  41.431  -18.153  43.882 0.0000000000
63298  43.106  -17.099  45.138 0.0000000000
64419  41.894  -16.712  44.256 0.0000000000
65507  41.572  -15.638  44.209 0.0000000000
65506  42.269  -15.671  44.832 0.0000000000
63279  44.782  -17.235  46.974 0.0000000000
63272  45.107  -17.290  47.774 0.0000000000
65492  43.987  -15.452  46.148 0.0000000000
66707  43.481  -14.722  46.092 0.0000000000
66708  42.878  -14.726  45.513 0.0000000000
67922  42.234  -13.919  44.931 0.0000000000
67904  43.163  -13.997  45.890 0.0000000000
81958  50.272  -1.627  19.568 0.0000000000
79838  46.402  -3.477  21.181 0.0000000000
78717  46.685  -3.954  21.146 0.0000000000
78728  49.587  -4.089  19.623 0.0000000000
77659  50.466  -4.941  19.600 0.0000000000
76613  51.390  -6.237  21.389 0.0000000000
76620  51.830  -6.435  20.543 0.0000000000
76611  53.132  -6.033  21.426 0.0000000000
77621  50.369  -4.669  22.970 0.0000000000
78693  51.630  -4.083  22.755 0.0000000000
78692  52.622  -4.298  22.772 0.0000000000
78691  53.405  -4.591  22.629 0.0000000000
77629  53.377  -5.027  22.562 0.0000000000
79826  54.250  -3.775  22.331 0.0000000000
80879  54.704  -2.183  23.656 0.0000000000
78788  52.477  -4.460  15.427 0.0000000000
79905  52.195  -3.681  15.672 0.0000000000
77734  53.692  -5.081  14.695 0.0000000000
49826  30.065  -29.171  59.729 0.0000000000
67983  43.633  -13.672  40.505 0.0000000000
69240  44.020  -13.306  41.004 0.0000000000
51178  31.269  -28.188  48.374 0.0000000000
49987  31.327  -28.487  49.012 0.0000000000
49979  31.472  -28.513  49.535 0.0000000000
49969  32.231  -28.692  50.444 0.0000000000
52334  23.310  -27.058  52.553 0.0000000000
52320  23.066  -26.859  52.829 0.0000000000
53680  22.468  -26.613  52.088 0.0000000000
53700  21.401  -26.113  51.587 0.0000000000
52391  23.470  -27.206  50.165 0.0000000000
51149  23.888  -27.603  50.780 0.0000000000
52372  23.257  -27.235  51.143 0.0000000000
52350  23.245  -27.131  51.941 0.0000000000
53543  21.954  -25.690  60.889 0.0000000000
53530  22.169  -25.805  62.030 0.0000000000
78657  50.568  -5.019  24.982 0.0000000000
78656  51.254  -5.211  24.994 0.0000000000
77595  50.839  -5.707  25.466 0.0000000000
76572  50.532  -6.139  26.148 0.0000000000
76499  47.955  -6.116  32.408 0.0000000000
70570  43.074  -12.163  32.109 0.0000000000
64477  37.488  -17.308  39.754 0.0000000000
64464  37.617  -16.912  40.246 0.0000000000
64455  37.855  -16.363  41.158 0.0000000000
63336  38.461  -16.837  41.278 0.0000000000
64444  40.117  -16.603  42.781 0.0000000000
53730  38.603  -26.081  49.387 0.0000000000
53748  39.283  -25.634  48.644 0.0000000000
53746  40.893  -25.471  48.962 0.0000000000
79797  49.582  -3.997  24.093 0.0000000000
77693  51.660  -4.735  17.550 0.0000000000
77692  51.985  -5.533  17.371 0.0000000000
76663  52.507  -6.227  17.667 0.0000000000
48713  30.386  -29.411  53.433 0.0000000000
49906  30.841  -29.276  53.329 0.0000000000
52244  16.974  -26.646  59.345 0.0000000000
52226  17.350  -26.453  59.980 0.0000000000
52227  16.628  -26.420  60.027 0.0000000000
53548  16.927  -26.194  60.660 0.0000000000
53510  15.756  -25.904  63.000 0.0000000000
75466  47.071  -7.219  25.043 0.0000000000
76588  46.176  -7.216  24.972 0.0000000000
75457  46.278  -7.626  25.167 0.0000000000
74339  46.548  -8.473  25.926 0.0000000000
73163  45.038  -9.189  26.364 0.0000000000
74298  46.141  -8.148  28.459 0.0000000000
75420  45.867  -7.833  28.911 0.0000000000
75404  45.650  -8.124  29.631 0.0000000000
68069  42.586  -13.917  34.790 0.0000000000
68053  43.573  -13.724  36.071 0.0000000000
69255  45.742  -13.145  39.635 0.0000000000
76601  45.278  -5.987  24.636 0.0000000000
68124  37.606  -13.345  31.678 0.0000000000
68101  38.826  -13.908  32.044 0.0000000000
66918  39.008  -14.119  32.431 0.0000000000
66876  39.098  -14.966  33.813 0.0000000000
65622  38.634  -15.570  35.248 0.0000000000
66797  40.417  -14.530  39.634 0.0000000000
51193  34.129  -27.358  47.840 0.0000000000
51173  36.503  -27.118  48.858 0.0000000000
51138  37.642  -27.669  50.061 0.0000000000
49920  33.394  -29.053  53.430 0.0000000000
49937  33.325  -28.992  52.590 0.0000000000
49935  34.902  -29.206  53.537 0.0000000000
48712  35.383  -29.275  53.635 0.0000000000
48721  39.007  -29.522  52.349 0.0000000000
52255  27.270  -27.349  58.285 0.0000000000
53608  23.411  -26.425  56.321 0.0000000000
53627  20.178  -26.102  56.235 0.0000000000
52353  18.779  -27.137  50.894 0.0000000000
51107  16.580  -28.075  52.513 0.0000000000
51061  18.274  -27.668  54.737 0.0000000000
51030  17.938  -27.372  56.550 0.0000000000
51031  16.970  -27.672  56.452 0.0000000000
51032  15.958  -27.742  56.421 0.0000000000
49877  12.544  -28.344  56.035 0.0000000000
53755  26.099  -26.412  47.339 0.0000000000
53754  26.729  -26.454  47.412 0.0000000000
52410  27.587  -26.986  47.997 0.0000000000
52390  27.382  -27.236  48.385 0.0000000000
52371  27.448  -27.333  49.012 0.0000000000
51145  28.030  -27.734  50.294 0.0000000000
51121  28.466  -27.895  50.997 0.0000000000
51101  27.810  -28.431  51.798 0.0000000000
49942  27.144  -28.797  52.560 0.0000000000
49910  26.008  -28.959  54.299 0.0000000000
49888  25.730  -28.841  55.295 0.0000000000
49875  26.285  -29.095  56.338 0.0000000000
49865  27.017  -28.709  57.266 0.0000000000
51014  27.417  -28.030  57.869 0.0000000000
48536  11.557  -29.934  63.164 0.0000000000
49796  11.972  -29.370  63.788 0.0000000000
49771  12.300  -28.725  64.985 0.0000000000
79778  53.246  -3.473  27.336 0.0000000000
78613  53.537  -3.779  29.192 0.0000000000
77547  53.372  -4.072  29.526 0.0000000000
77548  52.869  -4.516  29.913 0.0000000000
78640  49.290  -4.522  28.483 0.0000000000
78604  48.888  -4.483  30.931 0.0000000000
79733  48.931  -4.184  30.411 0.0000000000
71937  41.959  -10.326  27.927 0.0000000000
73100  45.077  -9.404  30.289 0.0000000000
71893  46.253  -9.929  30.610 0.0000000000
69341  44.637  -12.622  34.948 0.0000000000
69357  44.551  -12.495  34.011 0.0000000000
69356  45.230  -12.156  34.450 0.0000000000
66830  35.013  -15.584  37.579 0.0000000000
67962  38.109  -14.858  41.394 0.0000000000
67974  37.828  -14.690  41.086 0.0000000000
67961  38.770  -14.714  41.813 0.0000000000
67973  38.884  -14.637  41.242 0.0000000000
67972  39.888  -14.485  41.325 0.0000000000
69204  41.119  -14.188  42.853 0.0000000000
69188  41.674  -13.729  43.873 0.0000000000
54998  39.772  -24.343  46.028 0.0000000000
56179  39.722  -23.768  45.658 0.0000000000
57365  39.045  -22.946  45.039 0.0000000000
57386  39.104  -22.404  44.487 0.0000000000
58589  40.061  -21.810  44.940 0.0000000000
58606  40.456  -21.232  44.825 0.0000000000
54870  42.640  -25.050  51.407 0.0000000000
54869  43.162  -24.759  51.802 0.0000000000
56065  43.526  -23.819  51.227 0.0000000000
57281  43.232  -23.166  49.873 0.0000000000
60964  42.323  -20.141  46.853 0.0000000000
60983  42.437  -19.192  45.855 0.0000000000
62147  42.428  -18.605  45.380 0.0000000000
63300  41.872  -17.902  44.259 0.0000000000
63289  42.908  -18.104  45.433 0.0000000000
77646  47.618  -5.111  21.734 0.0000000000
78716  47.241  -4.147  20.762 0.0000000000
78706  47.718  -4.839  20.997 0.0000000000
78714  48.943  -4.359  20.048 0.0000000000
77651  50.316  -5.585  20.505 0.0000000000
77642  51.551  -5.869  22.188 0.0000000000
79816  51.470  -3.549  23.202 0.0000000000
80887  54.040  -2.708  23.098 0.0000000000
77733  54.456  -4.988  14.717 0.0000000000
77732  55.236  -4.798  14.860 0.0000000000
78724  55.235  -4.371  19.274 0.0000000000
79833  55.654  -3.298  20.179 0.0000000000
48657  29.659  -30.079  56.463 0.0000000000
48656  30.647  -30.300  56.608 0.0000000000
48597  30.800  -29.651  59.434 0.0000000000
52229  15.423  -26.545  60.476 0.0000000000
52230  14.739  -26.782  60.756 0.0000000000
52214  14.621  -26.748  61.553 0.0000000000
50980  13.665  -27.564  61.500 0.0000000000
52215  14.063  -27.017  61.920 0.0000000000
52204  14.636  -26.669  62.354 0.0000000000
52194  14.529  -26.671  63.291 0.0000000000
52185  14.270  -26.568  64.409 0.0000000000
74342  43.786  -7.855  25.492 0.0000000000
73164  44.442  -9.280  26.372 0.0000000000
73152  44.267  -9.590  27.136 0.0000000000
73139  44.060  -9.747  27.949 0.0000000000
68014  44.496  -13.574  39.479 0.0000000000
67982  44.177  -13.523  40.477 0.0000000000
67997  44.484  -13.492  40.112 0.0000000000
69256  44.993  -13.268  39.920 0.0000000000
46243  7.701  -32.277  60.105 0.0000000000
44968  6.841  -32.900  63.667 0.0000000000
65646  37.035  -15.645  35.133 0.0000000000
65604  38.081  -15.646  36.761 0.0000000000
52429  32.078  -27.068  46.629 0.0000000000
51177  32.376  -28.112  48.212 0.0000000000
51176  33.432  -28.115  48.305 0.0000000000
49975  35.031  -28.695  49.973 0.0000000000
52292  23.336  -27.020  54.999 0.0000000000
53642  22.930  -26.692  54.228 0.0000000000
53643  22.408  -26.247  54.350 0.0000000000
51108  15.549  -27.884  52.513 0.0000000000
51085  15.004  -27.870  53.431 0.0000000000
51064  15.326  -28.069  54.400 0.0000000000
52413  25.064  -27.158  48.276 0.0000000000
51147  25.728  -27.985  50.398 0.0000000000
49957  25.111  -28.408  52.210 0.0000000000
51103  24.695  -28.247  52.558 0.0000000000
51080  24.851  -28.343  53.419 0.0000000000
78667  53.188  -4.374  25.064 0.0000000000
77609  53.016  -4.786  25.580 0.0000000000
77579  53.088  -4.452  26.309 0.0000000000
77567  52.549  -4.250  27.100 0.0000000000
78637  52.405  -3.926  27.422 0.0000000000
79768  52.195  -3.282  28.253 0.0000000000
79754  51.665  -3.156  28.699 0.0000000000
78605  48.242  -4.768  31.061 0.0000000000
73124  40.376  -10.180  29.124 0.0000000000
73104  41.235  -10.362  29.736 0.0000000000
71897  42.350  -10.727  30.628 0.0000000000
70482  46.863  -12.154  37.111 0.0000000000
70502  46.628  -11.870  36.590 0.0000000000
65575  34.910  -15.882  38.613 0.0000000000
66802  35.671  -15.986  38.591 0.0000000000
65563  36.764  -15.806  39.632 0.0000000000
65553  36.805  -15.492  40.466 0.0000000000
66763  37.404  -15.160  41.366 0.0000000000
64456  37.276  -15.889  41.098 0.0000000000
65542  37.618  -15.605  41.417 0.0000000000
66762  38.173  -15.104  41.618 0.0000000000
66761  38.761  -14.904  42.052 0.0000000000
67939  39.902  -14.713  43.537 0.0000000000
53790  37.469  -25.870  46.308 0.0000000000
53813  37.310  -25.617  45.410 0.0000000000
53789  38.436  -25.595  46.524 0.0000000000
54980  39.123  -25.177  46.471 0.0000000000
53769  39.248  -25.428  47.700 0.0000000000
77635  47.982  -5.348  22.209 0.0000000000
77633  49.741  -5.198  22.682 0.0000000000
79806  49.798  -3.830  23.915 0.0000000000
79805  50.328  -3.689  23.667 0.0000000000
79817  50.879  -3.393  23.337 0.0000000000
79804  51.185  -3.420  23.747 0.0000000000
79889  52.065  -3.311  16.486 0.0000000000
78754  51.846  -3.767  17.136 0.0000000000
77673  54.877  -5.884  18.545 0.0000000000
76662  53.324  -6.501  17.927 0.0000000000
76625  54.435  -6.236  20.345 0.0000000000
51118  30.759  -28.152  51.250 0.0000000000
51097  31.292  -28.226  51.929 0.0000000000
51078  31.700  -28.556  52.424 0.0000000000
49905  31.545  -29.451  53.471 0.0000000000
49903  33.484  -29.377  54.318 0.0000000000
48655  31.671  -30.378  56.784 0.0000000000
48654  32.688  -30.493  56.978 0.0000000000
48678  33.591  -30.320  56.061 0.0000000000
53734  21.619  -26.075  49.526 0.0000000000
53562  19.813  -26.383  59.641 0.0000000000
53533  19.151  -26.021  61.583 0.0000000000
53519  19.359  -25.770  62.684 0.0000000000
53537  15.788  -26.348  61.050 0.0000000000
53536  16.363  -26.106  61.326 0.0000000000
53509  16.620  -25.733  63.263 0.0000000000
77598  48.521  -5.859  25.048 0.0000000000
76586  48.834  -6.384  25.313 0.0000000000
76512  47.323  -6.775  30.812 0.0000000000
75383  47.446  -7.302  31.459 0.0000000000
69376  41.070  -13.028  32.310 0.0000000000
69342  43.909  -12.971  34.549 0.0000000000
69298  45.982  -12.258  37.040 0.0000000000
69297  46.556  -12.156  37.088 0.0000000000
69281  47.396  -12.399  37.685 0.0000000000
61034  38.230  -19.068  41.119 0.0000000000
61033  38.869  -18.798  41.578 0.0000000000
53676  40.748  -26.537  52.283 0.0000000000
53656  42.004  -26.220  52.855 0.0000000000
78699  45.316  -4.064  22.404 0.0000000000
77624  46.578  -5.578  23.760 0.0000000000
77613  47.812  -5.577  24.756 0.0000000000
80929  51.173  -2.657  18.695 0.0000000000
49850  11.247  -29.677  59.489 0.0000000000
48589  11.534  -29.733  60.545 0.0000000000
47412  10.456  -30.478  60.577 0.0000000000
47397  8.993  -31.487  62.109 0.0000000000
47379  9.451  -31.254  62.700 0.0000000000
47368  9.617  -31.163  63.507 0.0000000000
47359  9.777  -30.891  64.582 0.0000000000
48527  10.117  -30.408  65.316 0.0000000000
71900  39.497  -11.206  29.985 0.0000000000
69413  40.285  -12.501  31.081 0.0000000000
69394  39.837  -13.003  31.266 0.0000000000
69393  40.640  -12.824  31.640 0.0000000000
68098  41.034  -13.377  32.863 0.0000000000
68086  39.848  -13.967  32.903 0.0000000000
68085  40.493  -13.898  33.367 0.0000000000
68070  41.637  -14.101  34.561 0.0000000000
66857  41.998  -14.670  36.062 0.0000000000
66898  37.497  -14.943  33.048 0.0000000000
66877  38.533  -15.104  33.714 0.0000000000
66838  42.360  -14.663  36.923 0.0000000000
66824  42.310  -14.599  37.512 0.0000000000
68029  42.165  -14.465  38.114 0.0000000000
67984  42.923  -13.844  40.503 0.0000000000
69242  42.799  -13.691  41.120 0.0000000000
69228  43.137  -13.368  41.712 0.0000000000
53837  35.022  -25.737  44.061 0.0000000000
52442  33.470  -26.594  46.175 0.0000000000
52441  34.561  -26.499  46.276 0.0000000000
53772  36.881  -26.182  46.820 0.0000000000
52385  36.907  -26.892  48.948 0.0000000000
52403  37.948  -26.322  49.067 0.0000000000
52364  39.203  -26.631  50.558 0.0000000000
52346  39.709  -26.890  51.294 0.0000000000
51117  31.655  -28.344  51.112 0.0000000000
49968  33.164  -29.167  50.647 0.0000000000
49954  33.284  -29.167  51.691 0.0000000000
49967  34.413  -29.359  50.947 0.0000000000
49966  35.575  -29.016  50.592 0.0000000000
48711  36.081  -29.423  53.862 0.0000000000
48732  36.021  -29.504  51.653 0.0000000000
49952  36.149  -29.188  50.853 0.0000000000
49964  37.304  -28.507  50.458 0.0000000000
49963  37.952  -28.276  50.708 0.0000000000
48729  38.736  -29.082  51.794 0.0000000000
51116  39.177  -27.691  51.250 0.0000000000
52332  40.513  -27.004  52.276 0.0000000000
49828  28.834  -28.580  60.285 0.0000000000
52238  27.212  -27.131  58.965 0.0000000000
52221  26.942  -27.056  59.410 0.0000000000
52222  26.274  -26.962  59.656 0.0000000000
52240  25.575  -26.502  59.330 0.0000000000
53592  24.451  -26.456  57.391 0.0000000000
53577  22.107  -25.763  58.760 0.0000000000
53578  21.160  -25.909  58.816 0.0000000000
53579  20.335  -26.254  58.859 0.0000000000
53718  21.013  -25.884  50.567 0.0000000000
53665  20.485  -26.131  54.178 0.0000000000
52259  17.334  -26.834  58.590 0.0000000000
52273  17.717  -26.984  57.739 0.0000000000
52260  16.536  -26.855  58.723 0.0000000000
52261  15.775  -26.798  58.857 0.0000000000
52262  14.983  -26.872  58.959 0.0000000000
51033  14.934  -27.692  56.255 0.0000000000
51007  14.913  -27.016  58.266 0.0000000000
51000  13.209  -27.964  58.838 0.0000000000
49869  10.935  -29.360  57.889 0.0000000000
49859  11.158  -29.562  58.918 0.0000000000
48624  8.815  -30.275  57.817 0.0000000000
47436  9.511  -30.483  58.822 0.0000000000
47437  8.620  -30.820  58.619 0.0000000000
52445  30.540  -27.174  46.166 0.0000000000
51205  30.242  -27.558  46.869 0.0000000000
53732  27.850  -26.868  48.009 0.0000000000
53752  28.116  -26.747  47.785 0.0000000000
53751  28.590  -27.060  47.921 0.0000000000
52386  29.739  -27.541  50.049 0.0000000000
51142  30.194  -27.846  50.585 0.0000000000
51119  30.007  -27.864  51.364 0.0000000000
49939  29.737  -28.573  52.577 0.0000000000
48714  29.800  -29.499  53.575 0.0000000000
48701  29.251  -29.804  54.427 0.0000000000
49926  27.364  -29.073  53.393 0.0000000000
49909  26.760  -29.281  54.126 0.0000000000
49907  27.899  -29.461  54.209 0.0000000000
48683  28.528  -29.868  55.381 0.0000000000
49855  29.171  -29.003  58.533 0.0000000000
49856  28.446  -28.501  58.221 0.0000000000
49843  29.439  -28.669  59.443 0.0000000000
53531  21.217  -25.735  61.890 0.0000000000
49839  12.149  -29.301  60.873 0.0000000000
50963  12.926  -28.149  63.245 0.0000000000
49795  12.479  -28.820  63.511 0.0000000000
50947  13.323  -27.656  63.940 0.0000000000
52186  13.641  -27.166  64.454 0.0000000000
79776  54.414  -3.227  26.224 0.0000000000
76585  49.552  -6.482  25.407 0.0000000000
76561  50.689  -5.823  26.618 0.0000000000
78626  51.411  -3.412  28.385 0.0000000000
78641  48.694  -4.655  28.815 0.0000000000
79757  49.398  -3.836  29.763 0.0000000000
79755  50.713  -3.258  29.203 0.0000000000
79741  51.459  -3.070  29.631 0.0000000000
73121  43.109  -10.029  28.857 0.0000000000
74300  44.429  -9.217  28.605 0.0000000000
69391  42.156  -12.381  32.220 0.0000000000
69390  43.842  -12.250  31.935 0.0000000000
69372  44.616  -12.389  32.988 0.0000000000
69389  44.357  -12.329  32.272 0.0000000000
70586  45.382  -11.469  31.851 0.0000000000
71866  45.761  -11.252  31.884 0.0000000000
70524  46.786  -11.300  35.438 0.0000000000
70536  46.361  -11.173  34.474 0.0000000000
71823  47.453  -10.752  34.856 0.0000000000
70551  46.291  -11.036  33.554 0.0000000000
71865  46.443  -10.675  31.977 0.0000000000
73056  47.582  -9.029  33.419 0.0000000000
74235  47.643  -8.038  32.858 0.0000000000
75365  47.919  -7.222  33.200 0.0000000000
65605  37.552  -15.757  37.045 0.0000000000
66829  37.893  -15.738  37.624 0.0000000000
66815  36.843  -15.964  38.519 0.0000000000
67990  37.449  -14.675  40.451 0.0000000000
66800  37.370  -15.165  39.609 0.0000000000
66814  37.843  -15.627  38.363 0.0000000000
66783  40.191  -14.546  40.058 0.0000000000
67971  40.810  -14.430  41.315 0.0000000000
67986  41.121  -14.236  40.552 0.0000000000
69215  42.900  -13.458  42.419 0.0000000000
55023  38.740  -24.206  44.564 0.0000000000
55047  38.162  -24.162  43.796 0.0000000000
58653  38.042  -21.188  41.857 0.0000000000
58652  38.611  -20.513  42.261 0.0000000000
59809  38.981  -19.499  42.172 0.0000000000
61005  39.478  -19.257  42.491 0.0000000000
53713  40.794  -25.589  50.613 0.0000000000
53727  41.258  -25.417  49.615 0.0000000000
54896  42.488  -24.971  50.724 0.0000000000
54931  42.017  -25.087  49.471 0.0000000000
54945  41.567  -25.021  48.529 0.0000000000
56143  41.912  -24.045  48.010 0.0000000000
57340  41.733  -22.816  47.104 0.0000000000
58502  43.587  -22.327  49.769 0.0000000000
59708  43.634  -21.397  49.565 0.0000000000
58520  43.022  -21.904  49.004 0.0000000000
57300  42.807  -22.377  48.505 0.0000000000
58566  41.115  -21.705  46.020 0.0000000000
59773  40.637  -20.572  44.374 0.0000000000
59759  41.464  -20.332  45.809 0.0000000000
60985  41.151  -19.899  44.739 0.0000000000
59789  40.445  -20.145  43.818 0.0000000000
61003  40.551  -19.463  43.459 0.0000000000
62172  40.292  -18.356  42.636 0.0000000000
63323  40.296  -17.521  42.521 0.0000000000
64443  40.520  -17.116  42.957 0.0000000000
64430  40.899  -16.731  43.541 0.0000000000
64431  40.359  -16.148  43.341 0.0000000000
65518  40.573  -15.697  43.671 0.0000000000
66729  40.773  -15.141  43.830 0.0000000000
67924  41.126  -14.720  44.060 0.0000000000
62136  44.630  -17.840  46.684 0.0000000000
63287  44.401  -17.403  46.278 0.0000000000
64407  44.157  -16.494  45.884 0.0000000000
64398  44.417  -16.023  46.569 0.0000000000
65504  43.677  -15.881  45.537 0.0000000000
65505  43.056  -15.828  45.186 0.0000000000
65494  42.726  -15.256  45.284 0.0000000000
67906  41.873  -14.733  45.043 0.0000000000
67923  41.540  -14.540  44.593 0.0000000000
67937  41.499  -13.941  44.168 0.0000000000
67936  41.994  -13.786  44.493 0.0000000000
69187  42.346  -13.651  44.268 0.0000000000
69170  42.725  -13.748  44.900 0.0000000000
80918  50.787  -2.211  19.128 0.0000000000
79850  50.669  -3.248  19.042 0.0000000000
76628  51.771  -6.278  19.528 0.0000000000
77650  51.168  -6.089  20.167 0.0000000000
76618  53.702  -6.352  20.850 0.0000000000
77639  54.184  -5.588  21.398 0.0000000000
77641  52.601  -5.690  22.148 0.0000000000
77640  53.629  -5.310  22.094 0.0000000000
78704  54.437  -4.866  21.524 0.0000000000
80886  54.919  -2.575  22.825 0.0000000000
43794  6.640  -33.678  61.014 0.0000000000
47358  10.412  -30.698  64.151 0.0000000000
48606  11.251  -29.760  59.889 0.0000000000
48616  30.067  -29.651  58.276 0.0000000000
48704  27.009  -29.490  54.657 0.0000000000
48739  35.771  -29.362  51.046 0.0000000000
49873  27.983  -29.596  56.795 0.0000000000
49885  35.082  -29.517  55.097 0.0000000000
49900  35.515  -29.435  54.560 0.0000000000
49901  35.172  -29.380  54.695 0.0000000000
49908  27.469  -29.383  54.100 0.0000000000
49917  35.705  -29.414  54.332 0.0000000000
49934  39.167  -28.854  51.787 0.0000000000
49944  25.285  -28.586  52.678 0.0000000000
51015  26.607  -27.922  57.475 0.0000000000
51028  24.734  -27.868  55.991 0.0000000000
51120  29.250  -27.777  51.220 0.0000000000
51140  31.658  -28.435  50.496 0.0000000000
51144  28.506  -27.609  50.470 0.0000000000
52247  14.865  -26.780  59.902 0.0000000000
52254  27.719  -27.667  58.510 0.0000000000
52305  23.394  -27.051  54.060 0.0000000000
52331  40.933  -26.749  52.496 0.0000000000
52333  23.640  -27.275  52.672 0.0000000000
52335  22.933  -26.827  52.377 0.0000000000
52349  28.785  -27.536  50.567 0.0000000000
52366  37.803  -27.035  49.678 0.0000000000
52374  22.372  -26.503  50.364 0.0000000000
52411  27.047  -27.084  47.856 0.0000000000
52423  37.269  -26.474  47.912 0.0000000000
53524  15.082  -26.399  62.251 0.0000000000
53698  22.464  -26.642  51.368 0.0000000000
53753  27.501  -26.568  47.574 0.0000000000
54914  42.755  -24.424  50.203 0.0000000000
54915  42.323  -24.874  50.061 0.0000000000
54944  42.206  -24.694  48.876 0.0000000000
54963  39.940  -25.175  47.528 0.0000000000
55025  36.903  -25.233  44.139 0.0000000000
56083  43.180  -23.780  50.425 0.0000000000
56144  41.332  -24.466  47.608 0.0000000000
57319  42.424  -23.553  48.361 0.0000000000
61015  39.815  -18.774  42.455 0.0000000000
62126  44.810  -18.078  47.233 0.0000000000
62159  41.500  -18.725  44.210 0.0000000000
62186  39.372  -18.083  41.714 0.0000000000
63322  40.718  -17.688  42.984 0.0000000000
63348  38.717  -17.744  41.166 0.0000000000
64397  44.843  -16.223  47.321 0.0000000000
64417  43.434  -16.570  45.309 0.0000000000
64480  35.095  -16.360  38.936 0.0000000000
65508  41.078  -15.393  43.874 0.0000000000
65517  41.111  -15.892  43.799 0.0000000000
65608  34.751  -15.627  37.026 0.0000000000
65694  37.818  -15.107  33.396 0.0000000000
66709  42.213  -14.967  45.214 0.0000000000
66728  41.225  -15.006  44.219 0.0000000000
66740  40.809  -14.880  43.879 0.0000000000
66741  40.212  -15.072  43.736 0.0000000000
66752  39.191  -14.988  42.455 0.0000000000
66753  38.693  -15.194  42.024 0.0000000000
66772  37.646  -14.873  41.334 0.0000000000
66784  39.892  -14.675  40.038 0.0000000000
67947  41.390  -13.923  43.650 0.0000000000
67975  37.149  -14.524  40.796 0.0000000000
69238  45.583  -13.194  40.528 0.0000000000
70607  42.202  -11.235  31.091 0.0000000000
71936  42.199  -10.391  27.958 0.0000000000
71944  42.170  -10.307  27.731 0.0000000000
74309  47.099  -8.155  27.784 0.0000000000
75430  46.826  -7.720  28.263 0.0000000000
76609  54.094  -5.852  21.305 0.0000000000
76617  54.210  -5.976  21.053 0.0000000000
76672  53.012  -6.456  17.154 0.0000000000
77580  52.702  -4.594  26.607 0.0000000000
77592  52.998  -4.704  26.071 0.0000000000
77656  55.176  -4.873  19.244 0.0000000000
78648  53.185  -4.175  26.574 0.0000000000
79756  49.946  -3.775  29.576 0.0000000000
