#!ascii label  , from subject sub.01.bl.02 vox2ras=TkReg
1999
5853  26.814  -72.486  -5.453 0.2000000030
5189  27.916  -72.978  -5.561 0.2000000030
6549  27.270  -71.524  -5.850 0.2000000030
5191  26.702  -73.236  -5.126 0.2000000030
8806  27.234  -68.658  -5.757 0.1000000015
5834  28.644  -72.735  -4.427 0.3000000119
5868  28.055  -72.218  -6.323 0.2000000030
7268  27.213  -70.479  -5.773 0.1000000015
6550  26.666  -71.716  -5.330 0.2000000030
7289  28.035  -70.607  -6.520 0.1000000015
8032  27.992  -69.266  -6.458 0.1000000015
8828  28.783  -68.568  -6.810 0.1000000015
9572  29.313  -67.524  -6.947 0.1000000015
9573  28.335  -67.438  -6.340 0.1000000015
11021  30.214  -65.421  -8.343 0.1000000015
10281  28.693  -66.470  -6.502 0.1000000015
10986  29.108  -65.654  -6.867 0.1000000015
11797  29.542  -64.662  -8.067 0.2000000030
11798  29.121  -64.568  -7.754 0.1000000015
8048  30.485  -69.352  -7.784 0.1000000015
8863  30.765  -68.439  -8.449 0.1000000015
7288  29.098  -70.571  -7.174 0.2000000030
8827  29.219  -68.333  -7.131 0.1000000015
7308  29.299  -69.778  -7.521 0.1000000015
8050  29.162  -69.092  -7.446 0.1000000015
9589  29.763  -67.689  -7.796 0.1000000015
11020  30.763  -65.513  -8.994 0.1000000015
12686  31.501  -63.919  -9.854 0.2000000030
11832  31.179  -64.287  -9.520 0.2000000030
13583  31.429  -62.323  -10.829 0.1000000015
11833  30.225  -63.841  -9.482 0.2000000030
14423  31.511  -61.548  -11.136 0.2000000030
13596  30.809  -61.781  -11.225 0.1000000015
15250  31.118  -60.663  -11.234 0.1000000015
8864  30.025  -68.489  -8.179 0.1000000015
9608  31.141  -67.434  -8.990 0.1000000015
10322  30.309  -66.422  -8.349 0.1000000015
14422  32.195  -61.467  -10.794 0.2000000030
15242  32.237  -60.524  -10.967 0.2000000030
16097  32.070  -59.404  -10.852 0.2000000030
15249  31.663  -60.568  -11.212 0.2000000030
16106  31.537  -60.099  -11.095 0.1000000015
15243  30.541  -60.613  -10.726 0.2000000030
9609  30.372  -67.369  -8.381 0.1000000015
9629  31.375  -66.729  -9.348 0.1000000015
10341  31.305  -66.280  -9.481 0.1000000015
11043  31.322  -65.475  -9.537 0.2000000030
12704  32.565  -63.567  -10.098 0.2000000030
13582  32.353  -62.559  -10.394 0.3000000119
17036  31.957  -58.633  -10.447 0.3000000119
16098  31.238  -59.627  -10.550 0.2000000030
15234  30.484  -60.117  -10.103 0.2000000030
14411  29.563  -61.058  -9.774 0.2000000030
14421  32.940  -61.647  -10.186 0.3000000119
11831  31.727  -64.539  -10.033 0.2000000030
17035  32.825  -58.470  -10.742 0.3000000119
18092  32.186  -57.800  -10.293 0.3000000119
19100  31.780  -56.678  -9.854 0.3000000119
17024  31.810  -58.112  -9.962 0.3000000119
17025  31.182  -58.831  -9.784 0.2000000030
15235  29.851  -60.647  -9.607 0.2000000030
14412  28.937  -61.177  -9.360 0.2000000030
19112  32.994  -56.578  -10.748 0.4000000060
18091  32.667  -57.634  -10.657 0.3000000119
15241  32.824  -60.502  -10.326 0.2000000030
16096  32.712  -59.502  -10.557 0.2000000030
18080  31.397  -57.647  -9.520 0.3000000119
16090  30.270  -59.585  -9.327 0.2000000030
17014  30.699  -58.135  -9.038 0.2000000030
16082  29.572  -59.638  -8.641 0.2000000030
20112  32.684  -54.823  -10.336 0.3000000119
20123  32.419  -56.203  -10.354 0.3000000119
19087  30.857  -56.587  -8.837 0.2000000030
18068  29.498  -58.049  -8.041 0.2000000030
18067  30.210  -57.397  -8.392 0.2000000030
17000  28.762  -58.348  -7.494 0.1000000015
17015  29.888  -58.694  -8.574 0.2000000030
15217  28.677  -59.881  -7.772 0.2000000030
16083  29.099  -59.285  -8.040 0.2000000030
15227  28.930  -60.364  -8.404 0.2000000030
21167  31.980  -54.292  -9.483 0.3000000119
20098  31.607  -54.836  -9.260 0.3000000119
20113  32.025  -55.336  -9.838 0.3000000119
21154  30.565  -54.427  -8.449 0.2000000030
20099  31.079  -55.420  -8.815 0.3000000119
20100  30.127  -55.358  -8.132 0.2000000030
20114  31.363  -56.176  -9.351 0.3000000119
19088  30.344  -56.298  -8.284 0.1000000015
18052  29.418  -57.202  -7.715 0.1000000015
16980  28.336  -57.903  -6.888 0.1000000015
18033  28.677  -57.237  -7.126 0.1000000015
19073  29.014  -56.318  -7.406 0.1000000015
16077  28.050  -59.078  -6.975 0.1000000015
22218  31.892  -53.380  -9.150 0.3000000119
21153  31.351  -54.305  -8.952 0.2000000030
23293  30.667  -52.860  -8.210 0.2000000030
23275  30.291  -52.523  -7.673 0.2000000030
24350  29.850  -51.989  -6.519 0.1000000015
22205  30.265  -53.622  -8.178 0.1000000015
23276  29.749  -53.011  -7.429 0.1000000015
21155  29.730  -54.402  -7.857 0.1000000015
20081  29.354  -55.410  -7.663 0.1000000015
19056  28.392  -56.370  -6.819 0.1000000015
18034  28.058  -57.255  -6.590 0.1000000015
23292  31.601  -52.575  -8.598 0.2000000030
23258  28.869  -52.993  -6.175 0.1000000015
23257  29.383  -52.842  -6.742 0.1000000015
22189  28.786  -53.896  -6.617 0.1000000015
21139  29.087  -54.716  -7.349 0.1000000015
21129  27.915  -54.740  -6.220 0.1000000015
20068  28.087  -55.508  -6.520 0.1000000015
21140  28.589  -54.554  -6.731 0.1000000015
24332  28.704  -51.821  -5.042 0.1000000015
21130  27.480  -54.447  -5.710 0.1000000015
20069  27.251  -55.491  -5.863 0.1000000015
24331  29.549  -51.456  -5.402 0.1000000015
10280  29.316  -66.504  -6.867 0.1000000015
8067  29.984  -68.977  -8.256 0.1000000015
12706  30.774  -62.947  -10.487 0.1000000015
15902  31.694  -59.643  4.598 0.5000000000
16796  33.108  -59.377  4.929 0.5000000000
15883  31.671  -59.463  5.209 0.5000000000
16797  31.044  -59.274  4.966 0.5000000000
16815  29.821  -58.549  4.376 0.5000000000
16776  35.343  -58.141  5.472 0.2000000030
16793  35.844  -58.763  5.003 0.2000000030
16777  34.307  -58.213  5.528 0.3000000119
16794  34.869  -58.808  4.990 0.3000000119
16795  33.899  -59.000  4.993 0.5000000000
15882  32.311  -59.432  5.170 0.5000000000
16767  31.207  -58.344  6.411 0.5000000000
16779  31.719  -58.981  5.788 0.5000000000
16768  30.384  -58.257  6.407 0.5000000000
16798  30.233  -58.752  5.005 0.5000000000
17863  29.779  -58.501  3.873 0.5000000000
17864  29.171  -58.097  4.200 0.5000000000
16829  30.231  -58.562  2.572 0.5000000000
16860  31.190  -58.992  0.571 0.5000000000
17843  34.875  -57.482  5.931 0.3000000119
17844  33.927  -57.475  6.066 0.3000000119
16778  32.970  -58.447  5.826 0.5000000000
16781  29.888  -58.410  5.885 0.5000000000
16799  29.502  -58.350  5.107 0.5000000000
17879  29.718  -58.303  3.268 0.5000000000
17894  29.720  -57.944  2.373 0.5000000000
14289  31.815  -61.594  -1.211 0.4000000060
14290  31.068  -61.419  -0.706 0.5000000000
15098  31.233  -60.169  -0.564 0.5000000000
16881  30.710  -59.026  0.207 0.5000000000
16861  30.130  -58.621  0.947 0.5000000000
13430  31.799  -62.584  -1.227 0.4000000060
17842  35.858  -57.494  5.977 0.3000000119
18861  33.696  -56.633  6.228 0.4000000060
17845  33.105  -57.294  6.185 0.4000000060
17833  31.640  -57.589  6.519 0.5000000000
18853  31.177  -56.634  6.372 0.5000000000
17834  30.664  -57.563  6.612 0.5000000000
17835  29.615  -57.694  6.557 0.5000000000
18854  30.004  -56.677  6.651 0.5000000000
18855  28.877  -56.739  6.743 0.5000000000
17837  28.094  -57.548  6.201 0.5000000000
17865  28.348  -57.545  3.947 0.5000000000
17895  29.048  -57.574  2.137 0.6000000238
15968  30.557  -59.575  -0.260 0.5000000000
17911  29.053  -58.039  1.262 0.5000000000
12531  31.970  -63.647  -0.745 0.4000000060
12555  32.241  -63.158  -1.340 0.4000000060
14269  30.287  -61.751  -0.342 0.5000000000
15861  36.317  -58.906  8.702 0.1000000015
15862  35.468  -58.741  8.694 0.1000000015
16748  34.389  -57.420  8.699 0.1000000015
16746  35.946  -58.134  8.345 0.1000000015
17816  35.640  -57.347  8.033 0.1000000015
17818  34.510  -56.784  8.620 0.1000000015
18830  35.328  -56.574  7.872 0.1000000015
19825  34.537  -55.606  8.067 0.1000000015
17831  35.770  -57.214  6.494 0.2000000030
18849  35.558  -56.833  6.826 0.1000000015
18859  35.259  -57.037  6.386 0.3000000119
18852  32.139  -56.920  6.298 0.5000000000
19866  34.119  -56.199  6.326 0.4000000060
18864  31.300  -55.804  5.890 0.4000000060
19851  30.455  -55.791  6.168 0.5000000000
19852  29.273  -55.590  6.478 0.5000000000
19853  28.081  -55.789  6.749 0.5000000000
16882  29.986  -59.124  0.268 0.5000000000
15099  30.310  -60.696  -0.377 0.5000000000
13407  31.453  -63.079  -0.593 0.4000000060
10207  32.197  -65.932  -0.716 0.5000000000
14143  35.793  -61.157  11.656 0.1000000015
14960  36.228  -60.833  11.125 0.1000000015
15832  35.798  -60.014  10.084 0.1000000015
15844  35.415  -59.394  9.237 0.1000000015
15863  34.942  -58.910  8.853 0.1000000015
16728  33.707  -58.086  8.940 0.1000000015
15833  34.644  -59.968  9.991 0.1000000015
17805  33.933  -56.983  8.861 0.1000000015
21950  33.030  -53.113  6.934 0.2000000030
23004  32.621  -52.381  7.223 0.2000000030
18840  36.060  -57.202  7.252 0.1000000015
18841  35.711  -56.922  7.367 0.1000000015
19824  35.071  -55.953  7.790 0.1000000015
20909  34.234  -55.230  7.522 0.1000000015
21949  33.170  -54.187  6.792 0.2000000030
19837  35.298  -56.161  7.205 0.2000000030
20919  34.409  -55.398  7.121 0.1000000015
19850  33.850  -55.387  6.541 0.2000000030
21969  32.993  -54.259  6.112 0.2000000030
23026  32.621  -52.469  6.345 0.2000000030
23005  32.071  -51.907  6.612 0.2000000030
19849  34.551  -55.813  6.668 0.2000000030
19867  33.596  -55.824  6.284 0.2000000030
19868  32.686  -55.530  6.010 0.3000000119
20939  31.793  -54.374  5.197 0.3000000119
20940  30.672  -54.231  5.120 0.4000000060
19871  30.016  -54.939  5.762 0.5000000000
17896  28.239  -57.974  2.034 0.5000000000
20921  29.210  -54.637  6.024 0.4000000060
15945  26.496  -59.373  1.674 0.5000000000
16845  27.032  -58.888  2.077 0.5000000000
16830  26.740  -58.139  2.453 0.5000000000
15957  27.530  -60.203  1.011 0.5000000000
15943  27.816  -59.299  1.299 0.5000000000
17912  28.477  -58.326  1.499 0.5000000000
18865  27.091  -56.898  5.696 0.5000000000
18856  27.827  -56.959  6.525 0.5000000000
15100  29.179  -60.759  0.075 0.5000000000
15085  28.784  -60.165  0.353 0.5000000000
15955  29.098  -59.525  0.460 0.5000000000
17882  27.335  -57.676  2.846 0.5000000000
13408  30.921  -62.527  -0.358 0.5000000000
16862  29.262  -58.929  0.755 0.5000000000
17881  28.275  -57.626  2.963 0.6000000238
15969  29.634  -59.837  0.061 0.5000000000
11664  31.485  -64.587  -0.176 0.4000000060
14130  34.841  -61.361  12.545 0.1000000015
14961  35.419  -60.765  11.246 0.1000000015
14962  34.578  -60.687  11.374 0.1000000015
14983  34.210  -60.333  10.781 0.1000000015
15821  32.411  -60.117  11.570 0.1000000015
14982  35.070  -60.391  10.691 0.1000000015
17806  33.080  -57.164  9.060 0.1000000015
18817  33.525  -56.267  8.851 0.1000000015
20885  32.909  -54.819  9.024 0.1000000015
20896  34.004  -55.071  8.042 0.1000000015
21918  32.887  -54.104  8.413 0.2000000030
21935  32.700  -53.029  7.786 0.2000000030
20910  33.634  -54.671  7.590 0.1000000015
21934  33.002  -53.893  7.787 0.2000000030
21971  31.447  -53.284  4.976 0.3000000119
24119  31.480  -51.562  6.135 0.2000000030
23027  31.869  -52.120  5.481 0.2000000030
20941  29.682  -54.069  5.444 0.4000000060
21972  30.285  -53.258  4.929 0.3000000119
20942  28.848  -53.939  5.857 0.4000000060
21973  29.331  -53.202  5.374 0.4000000060
17899  25.104  -57.680  1.938 0.5000000000
17884  25.433  -57.344  2.723 0.5000000000
17883  26.224  -57.493  2.983 0.5000000000
20922  28.319  -54.615  6.372 0.5000000000
21006  24.718  -54.709  1.181 0.5000000000
20976  24.867  -54.457  2.202 0.5000000000
19906  24.719  -55.309  2.601 0.5000000000
18902  25.521  -56.899  3.209 0.5000000000
17867  26.721  -57.294  3.584 0.6000000238
19854  27.062  -55.991  6.423 0.5000000000
20923  27.303  -54.857  6.549 0.5000000000
22002  25.249  -54.021  2.578 0.5000000000
20963  25.141  -54.483  3.061 0.5000000000
18887  25.375  -56.287  3.451 0.6000000238
17856  27.582  -57.435  4.795 0.5000000000
18886  25.996  -56.632  3.864 0.5000000000
17866  27.418  -57.336  3.840 0.5000000000
9497  31.632  -67.303  -0.951 0.4000000060
10208  31.526  -66.322  -0.431 0.4000000060
11663  32.279  -64.682  -0.661 0.4000000060
16703  30.072  -58.651  11.569 0.1000000015
15822  31.160  -59.255  11.263 0.1000000015
16712  30.498  -58.403  10.894 0.1000000015
15834  33.346  -59.867  10.463 0.1000000015
16717  31.989  -58.642  9.832 0.1000000015
16718  31.385  -58.262  10.074 0.1000000015
15847  32.312  -58.777  9.735 0.1000000015
16730  31.845  -57.714  9.541 0.1000000015
17793  31.571  -57.187  9.662 0.1000000015
18818  32.768  -56.300  9.143 0.1000000015
18819  32.025  -56.308  9.444 0.1000000015
20886  32.262  -54.437  9.301 0.1000000015
21906  31.505  -53.675  9.529 0.2000000030
22946  31.521  -52.910  8.935 0.2000000030
22962  31.159  -52.378  8.326 0.2000000030
22982  31.876  -52.128  7.594 0.2000000030
24099  31.349  -51.589  6.910 0.2000000030
27538  32.498  -48.608  2.018 0.2000000030
24139  31.177  -51.307  5.470 0.2000000030
27539  31.615  -48.873  1.784 0.2000000030
27540  30.719  -48.518  1.841 0.2000000030
27541  29.619  -48.525  1.887 0.2000000030
27542  28.542  -48.360  2.578 0.2000000030
23051  30.531  -51.750  4.772 0.2000000030
26423  30.821  -49.827  1.562 0.2000000030
26425  29.511  -49.706  1.584 0.2000000030
26411  28.934  -49.408  1.796 0.2000000030
25318  27.527  -50.093  2.647 0.2000000030
26399  27.353  -49.510  3.366 0.3000000119
25302  26.894  -50.397  3.596 0.2000000030
25272  26.575  -51.052  4.788 0.4000000060
24233  28.896  -51.313  1.671 0.2000000030
24205  28.661  -50.510  1.760 0.3000000119
24206  28.001  -50.813  2.034 0.3000000119
24184  26.715  -51.040  3.467 0.4000000060
25303  26.573  -50.910  3.771 0.3000000119
24167  26.417  -51.429  4.551 0.4000000060
23032  26.692  -52.624  5.761 0.5000000000
23031  27.748  -52.746  5.950 0.4000000060
21951  28.184  -53.795  6.070 0.5000000000
22047  27.262  -52.714  1.248 0.5000000000
23117  27.481  -52.371  1.536 0.4000000060
23118  26.930  -52.431  1.903 0.4000000060
23087  27.094  -52.117  2.163 0.4000000060
23068  26.202  -52.511  3.512 0.4000000060
21991  25.981  -53.424  4.061 0.5000000000
23053  26.275  -52.350  4.612 0.5000000000
21952  27.539  -53.700  6.328 0.5000000000
22018  25.943  -53.140  2.065 0.5000000000
22001  25.667  -53.435  2.950 0.5000000000
20962  25.604  -54.125  3.646 0.5000000000
19880  25.511  -55.243  4.034 0.5000000000
18873  26.337  -56.446  4.715 0.5000000000
19873  26.286  -55.818  5.522 0.5000000000
19855  26.607  -55.804  6.056 0.5000000000
16705  28.770  -58.293  12.550 0.1000000015
15811  29.544  -58.951  12.492 0.1000000015
16704  29.360  -58.364  11.966 0.1000000015
17782  28.863  -57.149  11.464 0.1000000015
17781  29.636  -57.549  11.019 0.1000000015
18784  29.172  -56.437  11.012 0.1000000015
18804  29.880  -56.428  10.502 0.1000000015
19805  29.597  -55.532  10.665 0.1000000015
19803  31.083  -55.465  9.920 0.1000000015
20876  30.032  -54.608  10.403 0.1000000015
19815  31.808  -55.441  9.609 0.1000000015
21890  31.063  -53.954  9.999 0.2000000030
21907  30.836  -53.234  9.837 0.2000000030
22947  30.797  -52.763  9.290 0.2000000030
22983  31.082  -51.878  7.563 0.2000000030
28583  32.690  -47.668  2.621 0.1000000015
28584  31.481  -47.837  2.278 0.2000000030
28586  29.199  -47.751  2.545 0.2000000030
24165  30.217  -51.413  4.952 0.2000000030
28582  33.707  -47.660  3.092 0.1000000015
28569  29.618  -47.151  2.999 0.1000000015
28587  28.766  -47.800  2.754 0.1000000015
27528  27.549  -48.955  3.829 0.1000000015
25289  26.821  -50.264  4.332 0.2000000030
23030  28.927  -52.393  5.514 0.3000000119
23029  29.902  -52.230  4.914 0.2000000030
27513  27.516  -49.053  4.203 0.1000000015
26385  27.286  -49.554  4.345 0.1000000015
25271  26.949  -50.542  5.021 0.3000000119
21976  26.126  -53.577  5.182 0.5000000000
21953  26.556  -53.936  6.283 0.5000000000
20952  25.718  -54.492  4.433 0.5000000000
20943  25.994  -54.770  5.500 0.5000000000
20924  26.538  -55.198  6.199 0.5000000000
19879  25.836  -55.622  4.611 0.5000000000
16692  28.425  -58.369  13.186 0.1000000015
17769  27.456  -57.005  12.886 0.1000000015
18765  27.712  -56.134  12.381 0.1000000015
18785  28.499  -56.345  11.663 0.1000000015
19791  28.145  -55.264  11.782 0.1000000015
19790  28.917  -55.459  11.181 0.1000000015
20877  29.355  -54.730  10.828 0.1000000015
20860  28.742  -54.385  11.166 0.1000000015
22930  30.219  -52.928  10.063 0.2000000030
22963  30.305  -52.270  8.612 0.2000000030
24081  30.380  -51.857  7.880 0.2000000030
24100  30.559  -51.355  7.162 0.2000000030
24120  30.698  -51.177  6.252 0.2000000030
24140  30.359  -50.959  5.411 0.2000000030
28566  32.877  -46.996  3.535 0.1000000015
29705  29.958  -46.628  3.688 0.1000000015
29707  28.860  -47.137  3.631 0.1000000015
27527  27.979  -48.250  3.576 0.1000000015
25269  29.063  -50.498  5.684 0.1000000015
24141  29.609  -51.439  5.336 0.2000000030
25268  29.780  -50.880  5.585 0.2000000030
28553  28.368  -47.711  4.450 0.1000000015
27512  27.768  -48.712  4.406 0.1000000015
26371  27.575  -49.814  5.154 0.1000000015
25270  27.952  -50.539  5.471 0.2000000030
24142  28.455  -51.505  5.625 0.2000000030
18745  26.567  -55.984  13.595 0.1000000015
18766  27.088  -56.267  13.012 0.1000000015
20817  25.839  -54.149  13.568 0.1000000015
19768  27.567  -55.355  12.248 0.1000000015
20838  26.299  -54.026  12.898 0.1000000015
20837  26.799  -53.784  12.339 0.1000000015
21874  28.515  -53.461  11.156 0.1000000015
20861  27.942  -54.242  11.653 0.1000000015
21873  28.874  -53.842  10.945 0.1000000015
22932  28.624  -52.035  10.231 0.1000000015
22931  29.364  -52.552  10.184 0.1000000015
22949  28.950  -52.113  9.599 0.1000000015
24068  28.941  -51.886  8.960 0.1000000015
24082  29.487  -51.769  8.318 0.2000000030
24101  29.664  -51.263  7.450 0.2000000030
25223  29.835  -50.849  6.714 0.2000000030
25250  29.176  -50.243  6.349 0.1000000015
25249  29.864  -50.765  5.996 0.2000000030
28523  34.163  -47.428  5.769 0.1000000015
29680  33.212  -46.759  5.274 0.1000000015
29681  32.310  -46.433  5.078 0.1000000015
29682  31.289  -46.244  4.830 0.1000000015
29683  30.219  -46.317  4.615 0.1000000015
29685  28.753  -47.070  3.971 0.1000000015
27490  28.278  -48.585  5.279 0.1000000015
26384  27.735  -49.169  5.018 0.1000000015
26370  28.264  -49.564  5.503 0.2000000030
22871  25.751  -52.376  13.235 0.1000000015
22893  26.195  -52.237  12.678 0.1000000015
22892  26.775  -52.137  12.215 0.1000000015
22911  28.180  -52.201  11.103 0.1000000015
24069  28.380  -51.357  9.389 0.1000000015
24083  28.658  -51.234  8.475 0.2000000030
25201  28.321  -50.377  8.720 0.1000000015
25225  28.580  -50.512  7.994 0.2000000030
24102  28.936  -51.117  7.787 0.2000000030
26321  28.666  -49.393  7.217 0.1000000015
25224  28.883  -50.324  7.183 0.2000000030
29633  31.767  -46.700  6.689 0.1000000015
29634  30.864  -46.487  6.443 0.1000000015
29607  30.489  -46.635  7.054 0.1000000015
29635  29.859  -46.618  6.478 0.1000000015
27437  28.746  -48.492  7.185 0.1000000015
26348  28.790  -49.395  6.642 0.1000000015
28524  33.437  -47.094  5.967 0.1000000015
29652  32.600  -46.802  6.056 0.1000000015
29653  31.562  -46.443  5.791 0.1000000015
28502  28.953  -47.524  6.103 0.1000000015
28503  28.584  -48.008  5.817 0.1000000015
27463  28.600  -48.575  6.053 0.1000000015
26369  28.765  -49.519  5.979 0.1000000015
29654  30.522  -46.294  5.612 0.1000000015
29655  29.544  -46.660  5.394 0.1000000015
28526  28.944  -47.274  5.031 0.1000000015
28527  28.594  -47.868  5.389 0.1000000015
24009  26.108  -51.413  12.779 0.1000000015
24008  26.734  -50.964  12.238 0.1000000015
24031  27.169  -51.295  11.827 0.1000000015
24030  27.606  -51.080  11.211 0.1000000015
25183  27.971  -50.207  9.647 0.1000000015
28430  31.390  -46.685  8.539 0.1000000015
28450  30.486  -47.254  8.220 0.1000000015
27412  29.920  -47.567  8.694 0.1000000015
27413  29.090  -47.998  8.305 0.1000000015
26300  28.294  -49.410  9.000 0.1000000015
28448  32.132  -46.887  8.247 0.1000000015
27438  28.581  -48.617  7.987 0.1000000015
28475  32.024  -47.013  7.639 0.1000000015
28501  31.907  -46.846  7.218 0.1000000015
28476  31.146  -46.814  7.500 0.1000000015
28451  29.876  -47.499  8.019 0.1000000015
28478  29.480  -47.355  7.281 0.1000000015
25168  27.686  -50.267  10.594 0.1000000015
27377  27.734  -48.435  10.702 0.1000000015
26283  28.166  -49.329  9.604 0.1000000015
28433  28.648  -47.690  9.935 0.1000000015
27394  28.515  -48.331  9.564 0.1000000015
29556  31.819  -46.473  8.562 0.1000000015
28431  30.346  -47.081  9.231 0.1000000015
27414  28.511  -48.738  8.554 0.1000000015
29580  32.399  -46.151  8.337 0.1000000015
27392  29.983  -47.540  9.065 0.1000000015
17855  28.304  -57.842  4.918 0.5000000000
17832  32.470  -57.694  6.309 0.4000000060
18862  32.843  -56.470  6.147 0.4000000060
18832  34.243  -56.214  8.579 0.1000000015
18850  35.051  -56.461  6.552 0.2000000030
19869  31.903  -55.273  5.630 0.4000000060
19870  31.003  -55.120  5.517 0.4000000060
14944  35.083  -61.125  11.873 0.1000000015
15845  34.205  -59.081  9.200 0.1000000015
22981  32.384  -52.596  7.854 0.2000000030
20920  33.877  -55.092  6.955 0.2000000030
20937  33.221  -54.971  6.386 0.2000000030
21970  32.677  -53.466  5.754 0.3000000119
20938  32.564  -54.617  5.806 0.3000000119
17898  25.793  -57.824  2.451 0.5000000000
14963  33.509  -60.468  11.505 0.1000000015
15820  33.082  -60.159  11.183 0.1000000015
15835  32.060  -59.189  10.320 0.1000000015
15846  32.935  -58.976  9.538 0.1000000015
17807  32.245  -57.148  9.312 0.1000000015
16729  32.371  -58.151  9.374 0.1000000015
19814  32.527  -55.450  9.287 0.1000000015
19813  33.206  -55.478  8.923 0.1000000015
20897  33.368  -54.667  8.425 0.1000000015
21905  32.092  -53.867  9.185 0.1000000015
21919  32.442  -53.554  8.686 0.2000000030
21974  28.470  -53.257  5.770 0.4000000060
18924  24.710  -56.480  1.418 0.5000000000
18904  24.611  -55.816  2.021 0.5000000000
19955  24.829  -55.366  0.466 0.5000000000
22049  25.766  -53.512  1.386 0.5000000000
15823  30.475  -58.903  11.474 0.1000000015
16713  29.866  -58.272  11.343 0.1000000015
16711  31.097  -58.724  10.697 0.1000000015
17794  30.884  -57.272  10.144 0.1000000015
18802  31.316  -56.338  9.804 0.1000000015
18803  30.618  -56.352  10.164 0.1000000015
20887  31.544  -54.691  9.732 0.1000000015
27548  31.017  -49.211  1.650 0.2000000030
27550  29.680  -49.309  1.631 0.2000000030
26412  28.058  -49.335  2.429 0.2000000030
25339  29.414  -50.329  1.565 0.2000000030
25316  28.794  -50.054  1.706 0.2000000030
24143  27.343  -51.521  5.652 0.4000000060
24234  27.848  -51.629  1.797 0.5000000000
25338  30.471  -50.519  1.424 0.2000000030
24207  27.116  -51.402  2.750 0.4000000060
24185  26.424  -51.512  3.754 0.5000000000
23007  27.134  -53.188  6.311 0.5000000000
23116  28.570  -52.335  1.360 0.5000000000
23088  26.514  -52.475  2.498 0.5000000000
17768  28.367  -57.499  12.330 0.1000000015
17767  29.025  -57.675  11.667 0.1000000015
19804  30.345  -55.483  10.262 0.1000000015
20875  30.914  -54.508  10.055 0.1000000015
21891  30.615  -53.764  10.155 0.2000000030
28585  30.214  -47.723  2.326 0.1000000015
28567  31.819  -47.009  3.163 0.1000000015
17746  27.677  -57.741  13.584 0.1000000015
17747  26.999  -56.967  13.600 0.1000000015
20862  27.287  -54.253  12.070 0.1000000015
21892  29.418  -53.660  10.651 0.1000000015
22948  29.726  -52.333  9.303 0.2000000030
28565  33.801  -47.182  4.254 0.1000000015
29702  32.920  -46.620  4.412 0.1000000015
29703  32.068  -46.492  4.096 0.1000000015
29704  31.009  -46.510  3.851 0.1000000015
28552  28.810  -47.159  4.475 0.1000000015
19769  26.832  -55.115  12.717 0.1000000015
18746  26.205  -55.667  14.061 0.1000000015
19747  26.225  -55.116  13.597 0.1000000015
20818  25.549  -53.735  13.969 0.1000000015
21837  25.913  -53.376  13.163 0.1000000015
19770  26.303  -54.609  13.189 0.1000000015
21856  26.313  -53.009  12.625 0.1000000015
21855  26.829  -53.029  12.228 0.1000000015
21875  27.487  -53.141  11.814 0.1000000015
21893  28.832  -52.778  10.676 0.1000000015
28551  33.866  -47.114  5.260 0.1000000015
29684  29.280  -46.753  4.406 0.1000000015
22912  27.473  -51.970  11.660 0.1000000015
24051  28.017  -51.220  10.344 0.1000000015
26322  28.454  -49.467  7.949 0.1000000015
29606  31.063  -46.651  6.932 0.1000000015
28500  32.555  -46.972  6.864 0.1000000015
29632  32.324  -46.823  6.552 0.1000000015
29608  29.929  -46.756  7.165 0.1000000015
28477  30.191  -46.949  7.616 0.1000000015
27489  28.436  -49.041  5.735 0.1000000015
25129  26.377  -50.276  12.588 0.1000000015
25152  27.093  -50.331  11.691 0.1000000015
25151  27.438  -50.276  11.143 0.1000000015
26267  27.923  -49.334  10.210 0.1000000015
28449  31.050  -47.074  8.135 0.1000000015
29557  31.248  -46.099  8.954 0.1000000015
27393  29.494  -47.675  9.105 0.1000000015
28432  29.123  -47.482  9.705 0.1000000015
28415  28.305  -47.223  10.484 0.1000000015
29581  31.985  -45.844  8.670 0.1000000015
28413  29.990  -46.770  9.748 0.1000000015
15912  38.535  -59.859  3.694 0.1000000015
15043  38.361  -60.156  3.147 0.1000000015
15913  37.909  -59.656  3.701 0.1000000015
15914  36.912  -59.620  3.727 0.1000000015
15897  36.372  -59.257  4.424 0.1000000015
16791  37.786  -58.564  4.874 0.1000000015
16792  36.827  -58.729  4.980 0.1000000015
15042  39.128  -60.240  3.509 0.2000000030
16775  36.320  -58.163  5.473 0.1000000015
15056  38.117  -60.371  2.388 0.2000000030
15044  37.484  -59.981  3.034 0.1000000015
15068  37.879  -60.673  1.645 0.2000000030
15045  36.466  -59.999  3.060 0.1000000015
14235  38.735  -61.191  1.168 0.2000000030
15057  37.142  -60.385  2.352 0.2000000030
15915  35.893  -59.678  3.801 0.2000000030
15058  36.065  -60.475  2.387 0.2000000030
15046  35.396  -60.154  3.211 0.2000000030
15899  34.502  -59.401  4.444 0.3000000119
15917  34.314  -59.794  4.045 0.3000000119
15900  33.727  -59.794  4.271 0.3000000119
15059  34.937  -60.646  2.472 0.2000000030
14251  37.978  -61.670  0.212 0.2000000030
15047  34.154  -60.181  3.495 0.2000000030
14237  36.431  -61.127  0.784 0.2000000030
11654  36.238  -64.579  0.625 0.1000000015
14250  38.868  -61.879  0.582 0.2000000030
15069  36.805  -60.785  1.605 0.2000000030
14236  37.536  -61.084  0.857 0.2000000030
15033  33.473  -60.121  3.837 0.3000000119
15901  32.618  -60.003  4.169 0.4000000060
11652  37.328  -63.551  0.424 0.1000000015
13395  38.204  -62.397  0.220 0.1000000015
15070  35.684  -60.817  1.566 0.2000000030
15060  33.788  -60.714  2.392 0.2000000030
11640  37.345  -63.641  0.655 0.1000000015
15048  33.154  -60.309  3.211 0.4000000060
12527  37.651  -62.782  -0.210 0.2000000030
14264  37.292  -61.821  -0.400 0.2000000030
11662  36.141  -64.239  -0.345 0.1000000015
11653  36.907  -63.847  0.263 0.1000000015
12529  36.640  -63.635  -0.739 0.1000000015
14252  37.047  -61.446  0.072 0.2000000030
14238  35.347  -61.098  0.677 0.2000000030
15071  34.556  -60.971  1.496 0.2000000030
15061  32.769  -60.421  2.208 0.4000000060
12528  37.200  -63.334  -0.322 0.1000000015
15072  33.311  -60.868  1.118 0.4000000060
15919  31.496  -59.641  3.631 0.4000000060
14265  36.665  -61.749  -0.644 0.3000000119
14253  36.066  -61.496  -0.042 0.3000000119
13425  37.134  -62.423  -1.112 0.2000000030
13426  36.774  -62.065  -1.957 0.4000000060
15930  32.004  -60.070  2.103 0.4000000060
15920  31.043  -59.344  3.115 0.4000000060
14254  35.045  -61.360  -0.203 0.3000000119
14267  34.670  -61.285  -1.158 0.4000000060
14266  35.825  -61.742  -1.017 0.3000000119
27535  35.764  -48.665  2.909 0.1000000015
27537  33.533  -48.490  2.324 0.1000000015
15931  31.429  -59.628  2.518 0.4000000060
14240  33.674  -61.208  0.359 0.4000000060
15940  31.673  -59.604  1.518 0.5000000000
14268  33.763  -61.104  -0.827 0.4000000060
14255  34.060  -61.363  -0.237 0.4000000060
15083  33.170  -60.941  -0.095 0.4000000060
27536  34.642  -48.429  2.753 0.1000000015
26405  36.574  -49.450  2.551 0.1000000015
15941  31.047  -59.260  1.738 0.4000000060
16842  30.738  -58.896  1.264 0.5000000000
15953  31.980  -59.403  0.728 0.5000000000
16843  30.197  -58.381  1.748 0.5000000000
26407  34.265  -49.433  2.050 0.1000000015
26408  33.227  -49.487  1.909 0.1000000015
25313  33.880  -50.479  1.788 0.1000000015
25315  32.083  -50.202  1.652 0.1000000015
15031  39.653  -59.978  4.083 0.1000000015
15896  37.420  -59.172  4.337 0.1000000015
15895  38.759  -59.288  4.363 0.1000000015
16790  38.504  -58.488  4.983 0.1000000015
17841  36.839  -57.722  5.915 0.1000000015
16813  31.154  -59.447  4.244 0.4000000060
26410  31.556  -49.701  1.661 0.1000000015
15054  39.465  -60.945  3.061 0.1000000015
15918  32.221  -60.060  2.990 0.4000000060
14239  34.318  -61.245  0.567 0.3000000119
15073  32.311  -60.130  1.326 0.4000000060
26406  35.365  -49.413  2.181 0.1000000015
25314  32.833  -50.448  1.711 0.1000000015
16772  38.913  -58.327  5.503 0.1000000015
10116  27.834  -66.384  7.265 0.1000000015
9391  27.447  -67.377  7.069 0.1000000015
8589  29.297  -68.801  8.693 0.1000000015
9374  29.035  -67.799  8.464 0.1000000015
10137  27.075  -66.407  6.657 0.1000000015
9405  26.725  -67.343  6.465 0.1000000015
9406  25.904  -67.310  5.994 0.1000000015
3810  22.309  -75.264  9.923 0.1000000015
10813  23.062  -65.264  7.527 0.1000000015
10836  22.755  -65.314  6.466 0.1000000015
10115  28.802  -66.371  7.744 0.1000000015
10835  23.696  -65.125  5.997 0.1000000015
9390  28.317  -67.462  7.754 0.1000000015
10160  24.874  -66.347  5.495 0.1000000015
10094  29.492  -66.979  8.374 0.1000000015
9422  24.698  -66.898  5.390 0.1000000015
9373  30.116  -67.961  9.062 0.1000000015
3240  23.400  -76.696  11.177 0.1000000015
4387  22.628  -74.551  9.640 0.1000000015
5006  23.122  -73.638  9.560 0.1000000015
3779  24.378  -76.377  11.743 0.1000000015
3800  22.818  -75.977  10.328 0.1000000015
3809  22.963  -75.371  9.881 0.1000000015
5656  23.408  -72.537  9.601 0.1000000015
9375  22.853  -67.964  8.504 0.1000000015
10798  22.688  -66.063  8.013 0.1000000015
10114  29.769  -66.020  7.956 0.1000000015
9372  31.143  -67.335  9.050 0.1000000015
9352  30.660  -68.397  9.317 0.1000000015
4376  23.420  -74.751  9.833 0.1000000015
4991  23.890  -73.845  9.954 0.1000000015
3760  24.780  -76.402  11.680 0.1000000015
3239  23.971  -76.897  11.183 0.1000000015
3256  23.438  -76.647  10.664 0.1000000015
4375  24.276  -74.900  10.139 0.1000000015
5646  23.632  -73.173  9.832 0.1000000015
6325  24.189  -71.531  9.929 0.1000000015
7806  23.971  -69.478  9.305 0.1000000015
7807  23.434  -69.295  8.988 0.1000000015
8590  23.134  -68.652  8.729 0.1000000015
10077  23.711  -66.810  8.965 0.1000000015
10096  22.964  -66.956  8.427 0.1000000015
10797  23.492  -65.685  8.495 0.1000000015
11589  25.143  -64.648  6.382 0.1000000015
10811  28.106  -65.315  7.251 0.1000000015
10812  27.288  -65.435  6.854 0.1000000015
11588  25.994  -64.744  6.538 0.1000000015
10833  25.757  -65.479  6.089 0.1000000015
10113  30.814  -65.873  7.928 0.1000000015
10093  30.451  -66.736  8.559 0.1000000015
5644  25.167  -72.809  10.437 0.1000000015
3759  25.002  -76.087  12.092 0.1000000015
3238  24.842  -76.580  11.313 0.1000000015
3255  24.341  -76.609  10.591 0.1000000015
3798  24.731  -75.841  10.378 0.1000000015
4990  24.744  -73.846  10.244 0.1000000015
6313  24.840  -71.745  10.271 0.1000000015
7048  24.683  -70.248  10.090 0.1000000015
8574  24.436  -68.703  9.375 0.1000000015
10076  24.407  -66.785  9.429 0.1000000015
3219  25.360  -76.295  11.734 0.1000000015
3237  25.577  -76.320  11.301 0.1000000015
3254  25.185  -76.342  10.807 0.1000000015
3797  25.554  -75.722  10.703 0.1000000015
4374  25.171  -74.895  10.522 0.1000000015
8575  23.821  -68.614  8.964 0.1000000015
9354  24.165  -67.753  9.143 0.1000000015
10796  24.110  -65.304  8.997 0.1000000015
11553  24.255  -64.550  8.383 0.1000000015
11554  23.593  -64.956  7.998 0.1000000015
11570  24.599  -64.147  7.216 0.1000000015
11571  23.810  -64.647  7.410 0.1000000015
11568  26.195  -64.153  7.045 0.1000000015
11569  25.427  -64.146  6.959 0.1000000015
11590  24.199  -64.642  6.495 0.1000000015
11587  26.679  -64.792  6.740 0.1000000015
10810  29.073  -65.278  7.421 0.1000000015
10092  31.478  -66.579  8.464 0.1000000015
10091  32.500  -66.651  8.263 0.1000000015
10112  31.870  -66.035  7.718 0.1000000015
6312  25.599  -71.859  10.609 0.1000000015
3202  25.633  -76.134  12.295 0.1000000015
3217  26.615  -76.046  12.377 0.1000000015
3236  26.098  -76.103  11.295 0.1000000015
3777  26.682  -75.673  11.356 0.1000000015
4988  26.412  -73.783  10.921 0.1000000015
4989  25.632  -73.872  10.569 0.1000000015
5643  25.968  -72.873  10.713 0.1000000015
7035  25.243  -70.724  10.391 0.1000000015
7791  25.048  -69.632  10.195 0.1000000015
9353  24.961  -67.893  9.607 0.1000000015
3218  26.116  -76.194  11.866 0.1000000015
3796  26.138  -75.761  10.917 0.1000000015
10075  25.159  -66.687  9.879 0.1000000015
10784  24.006  -66.011  9.160 0.1000000015
10783  24.633  -65.632  9.490 0.1000000015
11540  24.479  -64.902  9.127 0.1000000015
12439  25.527  -63.721  7.505 0.1000000015
12423  25.436  -63.443  8.371 0.1000000015
11565  29.401  -64.623  6.957 0.1000000015
11585  29.015  -63.943  6.658 0.1000000015
11566  28.309  -64.183  7.124 0.1000000015
11567  27.177  -64.306  7.118 0.1000000015
12438  26.306  -63.483  7.587 0.1000000015
11564  29.832  -64.796  6.768 0.1000000015
10809  30.078  -65.208  7.119 0.1000000015
10111  32.987  -66.240  7.378 0.1000000015
3728  26.520  -75.662  14.523 0.1000000015
3743  26.280  -75.973  13.636 0.1000000015
3744  25.666  -75.700  13.061 0.1000000015
3757  27.338  -75.447  12.362 0.1000000015
3776  27.255  -75.122  11.631 0.1000000015
7034  26.119  -70.966  10.927 0.1000000015
3200  26.746  -76.046  12.980 0.1000000015
3758  26.723  -75.910  11.962 0.1000000015
4354  26.989  -74.515  11.293 0.1000000015
5633  26.531  -72.844  11.182 0.1000000015
6311  26.200  -72.081  10.937 0.1000000015
7790  25.719  -69.736  10.594 0.1000000015
9340  25.710  -67.698  10.183 0.1000000015
7785  26.476  -69.734  11.078 0.1000000015
9339  26.464  -67.615  10.712 0.1000000015
10071  25.924  -66.586  10.417 0.1000000015
10782  25.390  -65.587  10.035 0.1000000015
10775  26.111  -65.510  10.507 0.1000000015
11529  25.675  -64.907  10.109 0.1000000015
11538  25.877  -63.699  9.674 0.1000000015
12401  25.796  -63.360  9.150 0.1000000015
12422  26.440  -62.861  8.411 0.1000000015
12436  28.148  -63.256  7.198 0.1000000015
12437  27.289  -63.178  7.558 0.1000000015
12452  29.419  -63.444  6.187 0.1000000015
12453  28.709  -63.197  6.789 0.1000000015
11584  30.099  -64.504  6.202 0.1000000015
10831  30.554  -65.095  6.559 0.1000000015
10808  31.160  -65.559  6.903 0.1000000015
10807  32.126  -65.873  6.927 0.1000000015
6298  27.321  -71.819  11.971 0.1000000015
6288  28.076  -71.748  12.523 0.1000000015
3727  27.148  -75.453  14.623 0.1000000015
3742  27.187  -75.571  13.693 0.1000000015
4335  28.131  -74.398  12.462 0.1000000015
5632  27.082  -72.819  11.695 0.1000000015
7025  27.548  -70.682  12.200 0.1000000015
7784  27.182  -69.634  11.666 0.1000000015
4972  27.452  -73.729  11.697 0.1000000015
6299  26.669  -71.888  11.399 0.1000000015
9333  27.168  -67.632  11.243 0.1000000015
10070  26.913  -66.478  10.879 0.1000000015
8554  26.787  -68.629  11.196 0.1000000015
10774  26.820  -65.309  10.906 0.1000000015
11528  26.210  -64.298  10.327 0.1000000015
12400  26.573  -63.054  9.648 0.1000000015
13276  27.538  -62.484  8.090 0.1000000015
13323  28.703  -62.848  6.882 0.1000000015
13297  27.809  -62.837  7.494 0.1000000015
13339  29.593  -62.813  6.077 0.1000000015
12465  29.914  -63.207  5.771 0.1000000015
11583  30.725  -64.699  5.795 0.1000000015
4953  29.134  -73.268  12.946 0.1000000015
4301  27.855  -74.923  14.394 0.1000000015
4318  29.070  -74.025  13.418 0.1000000015
5617  28.680  -72.634  12.723 0.1000000015
7010  28.313  -70.651  12.780 0.1000000015
4319  28.233  -74.699  13.312 0.1000000015
4334  28.853  -74.021  12.878 0.1000000015
4954  28.499  -73.558  12.505 0.1000000015
5618  27.842  -72.922  12.236 0.1000000015
7772  27.777  -69.432  12.447 0.1000000015
8553  27.439  -68.541  11.753 0.1000000015
10059  27.723  -66.367  11.519 0.1000000015
10069  27.244  -65.860  11.134 0.1000000015
11527  27.173  -64.447  11.029 0.1000000015
12381  26.999  -63.607  10.562 0.1000000015
12399  27.442  -62.929  10.308 0.1000000015
13255  27.725  -62.356  9.329 0.1000000015
13321  29.783  -62.319  6.560 0.1000000015
13296  28.432  -62.671  7.307 0.1000000015
12464  30.617  -63.461  5.612 0.1000000015
12463  31.336  -63.339  5.149 0.1000000015
4299  29.345  -73.674  13.717 0.1000000015
5616  29.527  -72.425  13.079 0.1000000015
6287  28.908  -71.652  12.951 0.1000000015
4300  28.843  -74.165  14.156 0.1000000015
7771  28.604  -69.630  13.131 0.1000000015
8543  28.219  -68.556  12.720 0.1000000015
9322  28.107  -67.979  12.334 0.1000000015
9331  28.136  -66.921  11.993 0.1000000015
10768  28.056  -65.515  11.937 0.1000000015
10773  27.456  -65.341  11.374 0.1000000015
12380  27.954  -63.654  11.119 0.1000000015
13235  28.368  -62.672  10.417 0.1000000015
13275  28.573  -62.174  8.289 0.1000000015
13294  30.215  -62.059  7.405 0.1000000015
13320  30.720  -62.267  6.571 0.1000000015
13295  29.240  -62.234  7.375 0.1000000015
13337  31.189  -62.727  5.799 0.1000000015
12474  31.868  -63.065  4.746 0.1000000015
11620  33.461  -64.370  3.511 0.1000000015
4317  29.341  -73.604  13.442 0.1000000015
4941  29.667  -73.114  13.480 0.1000000015
7009  29.217  -70.703  13.103 0.1000000015
8524  28.792  -68.542  13.315 0.1000000015
4925  29.580  -73.346  14.184 0.1000000015
9321  28.477  -67.424  12.634 0.1000000015
11513  28.592  -64.773  12.324 0.1000000015
11514  27.874  -64.632  11.624 0.1000000015
12357  28.280  -64.209  11.742 0.1000000015
12379  28.972  -63.144  11.200 0.1000000015
13273  30.748  -62.042  8.313 0.1000000015
13254  29.133  -62.319  9.478 0.1000000015
13274  29.685  -62.106  8.339 0.1000000015
13319  31.706  -62.287  6.605 0.1000000015
13336  32.104  -62.504  5.806 0.1000000015
13348  32.356  -62.576  4.965 0.1000000015
13362  34.497  -62.758  3.900 0.1000000015
12497  35.860  -63.588  2.493 0.1000000015
4924  30.269  -72.758  13.907 0.1000000015
5615  30.261  -72.023  13.095 0.1000000015
7008  30.051  -71.009  13.059 0.1000000015
8522  30.581  -68.769  13.451 0.1000000015
8523  29.656  -68.636  13.564 0.1000000015
6285  30.295  -71.509  12.995 0.1000000015
6990  29.192  -70.025  13.310 0.1000000015
10030  29.036  -66.960  13.103 0.1000000015
10046  28.807  -66.364  12.791 0.1000000015
11493  28.933  -65.427  12.738 0.1000000015
12356  28.783  -63.847  11.871 0.1000000015
13233  30.099  -62.557  10.183 0.1000000015
13314  36.917  -62.270  6.401 0.1000000015
13315  35.769  -62.419  6.419 0.1000000015
13291  33.361  -62.702  7.598 0.1000000015
13252  31.300  -62.272  9.101 0.1000000015
13253  30.325  -62.216  9.240 0.1000000015
13331  37.306  -62.252  5.323 0.1000000015
13332  36.167  -62.328  5.449 0.1000000015
13316  34.685  -62.355  6.458 0.1000000015
13272  31.765  -62.170  8.333 0.1000000015
13334  34.013  -62.430  5.615 0.1000000015
13335  33.015  -62.406  5.697 0.1000000015
13330  38.328  -62.156  5.081 0.1000000015
13343  37.583  -62.273  4.252 0.1000000015
13344  36.467  -62.419  4.433 0.1000000015
13361  35.559  -62.765  3.571 0.1000000015
13347  33.292  -62.572  4.726 0.1000000015
13373  37.814  -62.805  2.399 0.1000000015
5599  31.276  -71.856  13.896 0.1000000015
5600  30.741  -72.176  13.523 0.1000000015
6264  30.726  -71.543  13.138 0.1000000015
6263  31.572  -71.349  13.216 0.1000000015
6988  30.686  -70.678  13.184 0.1000000015
7007  30.479  -71.217  13.021 0.1000000015
7752  31.052  -69.730  13.240 0.1000000015
9306  30.076  -67.818  13.598 0.1000000015
10729  29.943  -66.318  13.456 0.1000000015
10752  29.334  -65.908  13.074 0.1000000015
11492  29.412  -65.059  12.913 0.1000000015
11512  29.504  -64.245  12.493 0.1000000015
12377  30.903  -62.965  10.791 0.1000000015
12398  32.496  -62.707  9.683 0.1000000015
13232  31.056  -62.547  9.919 0.1000000015
13289  35.270  -62.568  7.266 0.1000000015
12435  34.077  -62.837  7.786 0.1000000015
13270  33.321  -62.898  8.261 0.1000000015
13251  32.131  -62.476  9.066 0.1000000015
13288  36.416  -62.616  7.394 0.1000000015
14210  39.723  -61.674  4.355 0.1000000015
13342  38.725  -62.147  4.017 0.1000000015
6247  31.419  -71.311  14.240 0.1000000015
6284  32.275  -71.173  12.936 0.1000000015
8521  31.534  -68.934  13.126 0.1000000015
6987  31.461  -70.463  12.956 0.1000000015
9305  31.026  -67.941  13.441 0.1000000015
10028  30.485  -67.042  13.613 0.1000000015
10728  30.767  -66.257  13.563 0.1000000015
10751  30.091  -65.561  13.348 0.1000000015
11491  30.275  -64.745  13.021 0.1000000015
12354  30.700  -63.416  11.671 0.1000000015
11511  30.483  -64.046  12.398 0.1000000015
12376  31.956  -62.934  10.461 0.1000000015
12433  35.696  -62.866  8.045 0.1000000015
12418  35.113  -62.943  8.718 0.1000000015
12397  33.371  -62.843  9.322 0.1000000015
13313  38.184  -62.334  6.312 0.1000000015
13271  32.750  -62.674  8.469 0.1000000015
14199  38.838  -62.060  6.302 0.1000000015
7005  32.882  -70.585  12.952 0.1000000015
7751  31.673  -69.833  12.846 0.1000000015
8542  32.129  -68.748  12.846 0.1000000015
10026  32.046  -67.409  13.182 0.1000000015
10027  31.489  -67.116  13.432 0.1000000015
10044  31.545  -66.256  13.426 0.1000000015
10750  30.983  -65.461  13.341 0.1000000015
11490  31.228  -64.649  12.969 0.1000000015
12352  32.755  -63.227  11.411 0.1000000015
12353  31.699  -63.362  11.479 0.1000000015
12375  33.095  -62.875  10.457 0.1000000015
13287  37.522  -62.549  7.339 0.1000000015
14203  38.880  -61.930  5.716 0.1000000015
14209  40.266  -61.056  4.256 0.1000000015
7769  32.885  -69.762  12.715 0.1000000015
9319  32.640  -68.046  12.891 0.1000000015
9320  32.347  -68.432  12.826 0.1000000015
9318  33.319  -67.646  13.074 0.1000000015
9303  32.287  -67.602  13.079 0.1000000015
10749  31.910  -65.575  13.286 0.1000000015
10043  32.454  -66.915  13.286 0.1000000015
11489  32.209  -64.594  12.998 0.1000000015
11510  31.461  -63.912  12.330 0.1000000015
11509  32.478  -63.827  12.269 0.1000000015
12374  34.163  -63.001  10.371 0.1000000015
12396  34.562  -63.008  9.466 0.1000000015
12432  36.509  -62.840  8.237 0.1000000015
14201  40.339  -61.039  5.132 0.1000000015
15040  40.310  -60.652  4.167 0.1000000015
10042  33.566  -66.600  13.292 0.1000000015
10748  32.930  -65.633  13.288 0.1000000015
10747  33.981  -65.478  13.221 0.1000000015
11488  33.270  -64.536  12.968 0.1000000015
11508  33.555  -63.778  12.188 0.1000000015
12351  33.847  -63.257  11.318 0.1000000015
14197  40.166  -61.017  6.332 0.1000000015
13312  38.975  -62.133  6.908 0.1000000015
12417  36.130  -62.996  8.854 0.1000000015
11486  35.118  -64.486  12.404 0.1000000015
12349  35.599  -63.640  11.043 0.1000000015
11506  35.539  -64.076  11.755 0.1000000015
11487  34.329  -64.482  12.774 0.1000000015
12372  36.192  -63.557  10.511 0.1000000015
12350  34.838  -63.473  11.167 0.1000000015
14187  39.590  -61.492  7.224 0.1000000015
13285  39.162  -62.049  7.896 0.1000000015
13286  38.434  -62.461  7.542 0.1000000015
13269  37.118  -62.728  8.042 0.1000000015
12416  37.137  -62.955  8.874 0.1000000015
12395  35.640  -63.145  9.603 0.1000000015
15879  40.661  -59.261  5.287 0.1000000015
13268  37.919  -62.771  8.352 0.1000000015
12371  37.155  -63.708  10.377 0.1000000015
11507  34.575  -63.887  11.973 0.1000000015
12394  36.658  -63.261  9.669 0.1000000015
13249  38.428  -62.825  9.070 0.1000000015
12373  35.173  -63.270  10.370 0.1000000015
10097  22.266  -66.838  7.882 0.1000000015
11591  23.462  -64.891  6.769 0.1000000015
10095  28.902  -67.141  8.115 0.1000000015
10832  26.554  -65.526  6.454 0.1000000015
10834  24.748  -65.458  5.781 0.1000000015
10138  26.298  -66.395  6.179 0.1000000015
10139  25.517  -66.332  5.758 0.1000000015
10814  22.145  -66.049  7.218 0.1000000015
10853  24.027  -65.792  5.536 0.1000000015
3799  23.721  -75.930  9.993 0.1000000015
5655  23.831  -72.027  9.792 0.1000000015
9355  23.460  -67.782  8.770 0.1000000015
5645  24.196  -72.680  10.067 0.1000000015
7049  24.121  -70.473  9.710 0.1000000015
7050  23.337  -70.241  9.178 0.1000000015
7036  24.618  -70.935  10.093 0.1000000015
7805  24.522  -69.558  9.763 0.1000000015
8573  24.906  -68.907  9.793 0.1000000015
4373  26.163  -74.943  10.766 0.1000000015
12424  24.874  -63.818  7.899 0.1000000015
11552  24.855  -63.941  8.549 0.1000000015
12440  25.085  -63.894  7.382 0.1000000015
3201  26.112  -76.291  12.751 0.1000000015
4973  26.910  -73.558  11.347 0.1000000015
8559  25.423  -68.754  10.154 0.1000000015
11539  25.151  -64.338  9.414 0.1000000015
4353  27.607  -74.562  11.850 0.1000000015
7026  26.900  -70.786  11.522 0.1000000015
8558  26.112  -68.690  10.630 0.1000000015
13277  26.995  -62.658  8.347 0.1000000015
11601  30.439  -64.059  5.624 0.1000000015
10830  30.936  -65.106  5.982 0.1000000015
10829  31.868  -65.621  6.032 0.1000000015
4955  27.976  -73.868  12.086 0.1000000015
9332  27.845  -67.539  11.817 0.1000000015
10060  27.486  -67.008  11.263 0.1000000015
13256  27.004  -62.585  8.771 0.1000000015
13338  30.253  -62.684  5.891 0.1000000015
11600  31.221  -64.424  5.305 0.1000000015
8544  27.853  -68.400  12.227 0.1000000015
13349  31.709  -62.758  5.220 0.1000000015
11611  31.790  -63.696  4.669 0.1000000015
6286  29.740  -71.580  13.006 0.1000000015
5601  30.113  -72.506  13.350 0.1000000015
9307  29.202  -67.687  13.390 0.1000000015
10058  28.295  -66.367  12.215 0.1000000015
13234  29.287  -62.710  10.473 0.1000000015
13293  31.246  -62.026  7.440 0.1000000015
12473  32.514  -63.224  4.263 0.1000000015
11621  32.927  -63.717  3.837 0.1000000015
12483  33.590  -63.285  3.683 0.1000000015
12482  34.532  -63.485  3.190 0.1000000015
4940  30.211  -72.646  13.565 0.1000000015
7754  29.313  -69.458  13.478 0.1000000015
12378  29.941  -63.030  11.037 0.1000000015
12481  35.414  -63.318  2.952 0.1000000015
13363  33.766  -62.754  4.165 0.1000000015
13375  36.053  -62.942  2.935 0.1000000015
7753  30.172  -69.599  13.458 0.1000000015
12355  29.721  -63.576  11.808 0.1000000015
13290  34.296  -62.595  7.272 0.1000000015
13333  35.060  -62.319  5.538 0.1000000015
13317  33.676  -62.443  6.549 0.1000000015
13318  32.689  -62.398  6.626 0.1000000015
13292  32.272  -62.284  7.514 0.1000000015
13231  31.779  -62.587  9.644 0.1000000015
13346  34.331  -62.522  4.739 0.1000000015
13345  35.351  -62.446  4.579 0.1000000015
14211  39.073  -61.873  4.901 0.1000000015
13360  36.724  -62.593  3.494 0.1000000015
13374  36.846  -62.930  2.700 0.1000000015
12434  34.730  -62.847  7.908 0.1000000015
12419  33.965  -62.943  8.445 0.1000000015
12420  33.331  -62.891  8.617 0.1000000015
14198  39.314  -61.676  6.311 0.1000000015
14202  39.593  -61.516  5.435 0.1000000015
15084  32.442  -60.210  0.444 0.4000000060
14286  34.400  -61.249  -2.156 0.3000000119
15095  33.821  -61.063  -1.515 0.3000000119
15096  33.083  -61.027  -0.999 0.3000000119
15097  32.203  -60.339  -0.460 0.4000000060
15966  32.030  -59.562  0.117 0.4000000060
15111  32.440  -61.076  -1.251 0.3000000119
15967  31.457  -59.361  -0.148 0.4000000060
6459  30.957  -71.791  -0.230 0.1000000015
6475  30.845  -71.708  -1.047 0.1000000015
7194  31.717  -70.347  -0.949 0.2000000030
8739  31.236  -68.349  -1.230 0.3000000119
14256  27.923  -61.135  0.362 0.4000000060
14285  35.681  -61.454  -2.055 0.3000000119
10909  31.019  -65.552  -0.034 0.4000000060
12532  31.097  -63.653  -0.145 0.4000000060
8738  32.082  -68.433  -1.327 0.2000000030
9476  30.697  -67.165  -0.548 0.3000000119
11665  30.476  -64.656  0.007 0.4000000060
12533  30.051  -63.613  0.042 0.4000000060
14270  29.410  -61.629  -0.107 0.4000000060
6445  30.439  -71.677  0.299 0.1000000015
7942  31.302  -69.401  -1.372 0.3000000119
13409  29.709  -62.591  -0.147 0.4000000060
13410  28.647  -62.540  -0.214 0.4000000060
5767  30.214  -72.135  -0.572 0.1000000015
15087  27.167  -60.810  0.853 0.5000000000
7943  30.100  -69.803  -1.856 0.2000000030
8740  30.443  -68.686  -1.379 0.3000000119
10209  30.711  -66.430  -0.278 0.3000000119
12534  28.973  -63.556  -0.258 0.4000000060
15075  26.583  -60.010  1.373 0.4000000060
16846  26.076  -58.485  2.004 0.4000000060
10910  30.088  -65.687  -0.312 0.4000000060
11666  29.298  -64.767  -0.443 0.4000000060
13411  27.669  -62.516  -0.291 0.4000000060
14271  28.229  -61.463  0.111 0.5000000000
5780  29.890  -72.244  -1.501 0.2000000030
6498  30.228  -71.659  -1.744 0.2000000030
7195  30.839  -70.762  -1.464 0.2000000030
10210  29.994  -66.749  -0.748 0.3000000119
5768  29.325  -72.376  -0.984 0.1000000015
11667  28.355  -64.267  -0.688 0.4000000060
9498  30.653  -67.828  -0.944 0.3000000119
11686  29.037  -65.237  -1.028 0.4000000060
12535  27.964  -63.457  -0.528 0.4000000060
14258  26.818  -61.291  0.471 0.5000000000
15088  26.146  -60.583  0.735 0.5000000000
15946  25.925  -59.181  1.446 0.4000000060
11687  28.579  -64.917  -1.261 0.4000000060
12536  27.254  -63.163  -0.663 0.4000000060
14273  26.207  -61.655  -0.132 0.5000000000
15102  25.759  -61.007  0.059 0.5000000000
15959  25.628  -59.524  0.839 0.4000000060
5797  29.805  -72.105  -1.977 0.2000000030
7218  30.060  -70.911  -2.067 0.2000000030
8741  29.613  -68.786  -1.748 0.2000000030
9499  29.837  -67.780  -1.235 0.3000000119
9513  29.035  -67.960  -2.069 0.4000000060
10223  29.462  -66.825  -1.631 0.3000000119
13412  26.846  -62.522  -0.479 0.5000000000
15970  25.347  -59.485  0.063 0.5000000000
16864  25.304  -58.758  0.465 0.4000000060
17913  25.135  -57.568  0.503 0.4000000060
10924  28.986  -65.381  -1.475 0.4000000060
11688  27.937  -64.372  -1.345 0.4000000060
14274  25.656  -61.110  -0.472 0.5000000000
7219  29.478  -70.865  -2.516 0.2000000030
5798  29.236  -72.393  -2.304 0.2000000030
7966  29.260  -69.913  -2.463 0.2000000030
8758  29.067  -68.986  -2.232 0.2000000030
10923  29.398  -65.789  -1.076 0.3000000119
12556  27.381  -63.775  -1.219 0.4000000060
5781  29.139  -72.503  -1.795 0.2000000030
7220  28.976  -70.670  -3.204 0.2000000030
9514  28.846  -68.538  -2.722 0.3000000119
10233  29.277  -66.989  -2.511 0.4000000060
18941  24.838  -56.248  0.427 0.4000000060
10938  29.223  -65.713  -2.240 0.3000000119
12577  26.624  -62.824  -1.656 0.5000000000
15115  25.495  -60.208  -0.912 0.5000000000
22065  25.479  -53.948  0.818 0.4000000060
5817  28.679  -72.698  -3.135 0.2000000030
6500  29.142  -71.460  -2.836 0.2000000030
11711  28.341  -64.580  -2.319 0.4000000060
11712  27.624  -64.101  -1.824 0.4000000060
16901  25.747  -58.485  -1.102 0.5000000000
17932  25.602  -57.528  -0.741 0.4000000060
5142  28.171  -73.320  -3.003 0.2000000030
7233  29.096  -70.776  -4.214 0.2000000030
7967  28.858  -69.817  -3.140 0.2000000030
9527  28.831  -68.720  -3.243 0.2000000030
11710  29.042  -65.068  -2.765 0.4000000060
14311  26.398  -61.118  -2.198 0.5000000000
15114  25.880  -60.182  -1.589 0.5000000000
5143  27.400  -73.358  -3.331 0.2000000030
14291  25.914  -61.411  -1.228 0.5000000000
16884  25.392  -58.564  -0.285 0.5000000000
5156  27.981  -73.556  -3.943 0.2000000030
23131  28.249  -52.682  0.977 0.4000000060
23115  29.672  -52.089  1.394 0.2000000030
21027  25.670  -54.311  0.258 0.4000000060
19969  25.238  -55.600  -0.136 0.4000000060
6518  28.980  -71.781  -3.676 0.2000000030
9526  29.127  -67.926  -3.337 0.4000000060
19968  25.823  -55.726  -0.735 0.4000000060
7976  29.001  -69.947  -3.781 0.2000000030
8768  29.036  -68.773  -3.771 0.2000000030
22087  27.203  -53.825  -0.090 0.4000000060
21052  26.737  -54.507  -0.627 0.4000000060
21072  26.373  -55.137  -0.889 0.4000000060
12575  27.878  -63.997  -2.955 0.3000000119
15129  26.518  -60.075  -2.593 0.5000000000
15977  25.885  -59.138  -1.534 0.5000000000
18952  25.989  -56.541  -1.016 0.4000000060
10247  29.509  -66.565  -3.317 0.4000000060
11730  28.922  -64.738  -3.217 0.4000000060
11731  28.438  -64.223  -3.399 0.3000000119
12576  27.120  -63.400  -2.383 0.4000000060
10954  29.545  -65.341  -3.371 0.4000000060
14310  26.827  -60.839  -2.900 0.5000000000
7993  29.279  -69.877  -4.553 0.2000000030
17956  26.023  -57.766  -1.423 0.5000000000
16913  26.813  -58.120  -2.564 0.5000000000
12591  27.402  -62.587  -3.502 0.4000000060
13453  26.823  -61.889  -2.954 0.5000000000
15990  26.337  -59.149  -2.223 0.5000000000
14329  27.370  -60.963  -3.457 0.5000000000
13470  27.396  -61.767  -3.584 0.5000000000
22064  26.362  -53.587  0.596 0.4000000060
22088  26.354  -54.192  -0.076 0.4000000060
15989  26.980  -59.031  -3.068 0.5000000000
12588  33.925  -64.325  -2.951 0.3000000119
12574  33.603  -63.890  -2.558 0.3000000119
14309  32.917  -62.501  -2.143 0.2000000030
14288  32.671  -61.882  -1.854 0.2000000030
10205  34.257  -66.067  -0.686 0.2000000030
10937  33.803  -65.467  -2.336 0.3000000119
10921  33.512  -65.239  -1.802 0.3000000119
11685  32.754  -64.411  -1.126 0.3000000119
10220  33.537  -66.323  -1.488 0.2000000030
10221  32.558  -66.539  -1.029 0.2000000030
10922  32.858  -65.357  -1.118 0.2000000030
7941  32.452  -69.232  -1.093 0.2000000030
5159  25.842  -73.031  -3.991 0.1000000015
5836  25.640  -72.565  -4.216 0.1000000015
10278  32.344  -65.732  -7.331 0.1000000015
12552  36.027  -63.685  -1.374 0.1000000015
13449  34.965  -62.580  -2.874 0.2000000030
14307  34.155  -61.943  -2.713 0.2000000030
11708  34.815  -64.441  -2.549 0.2000000030
12573  34.426  -63.742  -2.942 0.2000000030
10905  35.557  -65.035  0.288 0.1000000015
10906  34.908  -65.618  -0.097 0.1000000015
10920  34.855  -65.467  -1.087 0.2000000030
10893  35.055  -65.762  0.943 0.1000000015
10193  34.329  -66.459  0.483 0.1000000015
5799  28.597  -72.744  -2.434 0.1000000015
5144  26.737  -73.286  -3.560 0.1000000015
7267  29.989  -70.403  -5.945 0.1000000015
8804  30.709  -68.513  -5.713 0.1000000015
9555  31.135  -67.286  -5.668 0.1000000015
10267  31.194  -66.144  -5.528 0.1000000015
7286  30.290  -70.191  -6.924 0.1000000015
8803  31.318  -67.670  -6.083 0.1000000015
9554  31.638  -66.890  -6.283 0.1000000015
10975  31.226  -65.075  -5.602 0.1000000015
9571  31.792  -66.934  -7.099 0.1000000015
11782  32.135  -64.496  -6.590 0.1000000015
12644  31.249  -63.150  -6.325 0.1000000015
12643  31.858  -63.572  -6.544 0.1000000015
13510  31.695  -62.525  -6.641 0.1000000015
11707  35.361  -64.379  -1.842 0.2000000030
10919  35.366  -64.929  -0.592 0.1000000015
10258  30.043  -66.109  -4.237 0.1000000015
11749  28.506  -63.871  -3.962 0.3000000119
6532  29.095  -71.634  -5.087 0.1000000015
6531  29.464  -70.830  -5.503 0.1000000015
8785  29.641  -68.755  -4.628 0.1000000015
9543  29.731  -67.373  -4.278 0.1000000015
10964  30.507  -65.127  -4.810 0.2000000030
11748  29.342  -64.326  -4.170 0.3000000119
13482  28.319  -62.113  -4.555 0.3000000119
15163  28.690  -60.219  -4.286 0.3000000119
5835  26.237  -72.791  -4.895 0.1000000015
6548  28.937  -71.936  -6.028 0.1000000015
9542  30.492  -67.072  -5.020 0.1000000015
11747  30.181  -63.925  -5.109 0.2000000030
14349  29.371  -61.505  -5.451 0.3000000119
6567  29.307  -71.001  -6.758 0.1000000015
11766  30.869  -64.293  -5.600 0.1000000015
14365  30.622  -61.729  -6.312 0.2000000030
15182  29.613  -60.445  -5.440 0.3000000119
14364  31.333  -61.623  -6.548 0.1000000015
15202  30.760  -60.789  -6.300 0.2000000030
16041  30.472  -59.689  -5.790 0.4000000060
13509  32.437  -62.742  -7.134 0.1000000015
15201  31.695  -60.677  -6.669 0.1000000015
16061  31.980  -59.660  -6.655 0.3000000119
14234  39.319  -61.792  1.110 0.1000000015
16009  27.648  -59.384  -3.442 0.4000000060
13483  27.778  -61.977  -4.034 0.3000000119
15164  28.024  -60.672  -3.880 0.4000000060
16008  28.423  -59.356  -3.768 0.4000000060
16025  29.408  -59.507  -4.819 0.4000000060
16948  29.347  -58.487  -4.222 0.4000000060
16024  29.979  -59.196  -5.256 0.4000000060
16963  30.380  -58.643  -5.361 0.5000000000
16040  31.265  -59.339  -6.215 0.3000000119
16962  31.002  -58.683  -5.841 0.5000000000
15216  32.772  -61.072  -7.356 0.2000000030
15200  32.599  -60.452  -7.067 0.1000000015
16979  31.672  -58.712  -6.382 0.4000000060
14382  33.403  -62.102  -8.074 0.1000000015
15215  33.370  -60.523  -7.684 0.1000000015
16059  33.370  -59.630  -7.244 0.2000000030
16060  32.837  -59.642  -6.939 0.2000000030
12685  33.254  -63.937  -9.149 0.1000000015
14397  33.577  -62.239  -8.871 0.1000000015
16075  33.931  -59.519  -7.607 0.2000000030
12703  33.032  -63.706  -9.777 0.1000000015
13568  33.336  -62.956  -9.358 0.1000000015
18971  27.175  -56.491  -2.131 0.4000000060
18972  26.647  -56.502  -1.566 0.3000000119
17954  27.224  -57.040  -2.441 0.4000000060
16929  27.866  -58.347  -3.501 0.4000000060
16927  29.153  -58.210  -3.964 0.4000000060
17987  28.508  -57.551  -3.699 0.4000000060
16947  29.832  -58.599  -4.882 0.4000000060
19041  30.381  -57.108  -5.186 0.4000000060
19024  29.831  -57.343  -4.755 0.4000000060
19040  31.018  -57.046  -5.675 0.5000000000
19055  31.579  -57.034  -6.298 0.4000000060
16999  33.059  -58.724  -7.057 0.3000000119
16978  32.539  -58.834  -6.793 0.4000000060
18031  32.012  -57.912  -6.642 0.4000000060
15232  34.006  -59.756  -8.921 0.2000000030
16998  33.603  -58.815  -7.302 0.2000000030
14410  33.377  -61.878  -9.491 0.1000000015
15225  33.634  -61.005  -8.690 0.2000000030
11813  28.923  -64.334  -8.325 0.1000000015
19997  27.654  -55.931  -2.293 0.4000000060
19981  27.235  -55.649  -1.807 0.4000000060
20016  28.549  -56.047  -3.399 0.4000000060
20031  29.546  -56.273  -4.402 0.4000000060
20015  29.138  -55.986  -3.982 0.4000000060
20030  29.951  -56.419  -4.770 0.4000000060
20049  31.258  -56.330  -5.935 0.4000000060
20050  30.692  -56.096  -5.352 0.4000000060
20067  31.755  -56.099  -6.513 0.3000000119
19071  33.140  -56.897  -7.549 0.4000000060
20066  32.469  -55.945  -7.204 0.4000000060
18048  34.914  -57.609  -8.003 0.3000000119
18049  33.886  -57.827  -7.676 0.3000000119
18050  32.908  -58.025  -7.178 0.4000000060
15233  33.413  -60.497  -9.533 0.2000000030
16094  34.624  -59.047  -9.709 0.2000000030
17012  35.429  -58.435  -8.705 0.2000000030
16997  34.579  -58.684  -7.824 0.2000000030
11045  27.645  -65.390  -9.518 0.1000000015
11044  28.256  -64.582  -8.987 0.1000000015
11834  29.026  -64.014  -9.445 0.1000000015
21051  27.646  -54.217  -0.910 0.3000000119
21081  28.367  -54.689  -2.362 0.4000000060
21070  27.851  -54.671  -1.736 0.3000000119
19995  28.805  -55.436  -3.361 0.4000000060
22130  30.003  -54.010  -3.855 0.4000000060
21089  29.357  -54.886  -3.569 0.4000000060
21099  30.215  -55.448  -4.790 0.4000000060
21088  29.824  -55.081  -4.198 0.4000000060
21113  31.239  -55.419  -5.962 0.4000000060
21114  30.738  -54.946  -5.338 0.4000000060
21128  31.849  -54.928  -6.782 0.4000000060
20095  35.648  -55.309  -9.015 0.3000000119
20096  34.294  -55.501  -8.506 0.3000000119
20080  33.370  -55.749  -7.962 0.3000000119
21127  32.518  -55.057  -7.579 0.3000000119
17034  33.804  -58.341  -10.457 0.2000000030
17033  35.082  -58.388  -10.080 0.2000000030
19097  37.334  -56.690  -9.798 0.3000000119
19084  36.305  -56.342  -8.811 0.2000000030
19070  34.183  -56.753  -8.082 0.3000000119
16095  33.710  -59.315  -9.924 0.2000000030
17011  36.249  -57.870  -9.137 0.2000000030
22086  28.385  -53.343  -0.422 0.3000000119
22085  29.593  -52.964  -0.329 0.3000000119
22109  28.520  -53.913  -1.428 0.4000000060
21071  27.013  -54.931  -1.285 0.3000000119
22121  29.891  -53.391  -3.104 0.3000000119
23196  29.814  -53.131  -2.620 0.4000000060
23222  30.602  -53.458  -4.489 0.4000000060
23207  30.582  -52.987  -3.810 0.4000000060
22131  29.455  -54.134  -3.154 0.4000000060
23221  31.294  -52.627  -4.833 0.4000000060
23256  31.612  -53.525  -6.291 0.3000000119
22161  31.228  -54.173  -5.948 0.4000000060
22144  30.859  -53.582  -5.232 0.4000000060
22201  35.378  -53.443  -9.137 0.3000000119
22202  34.882  -53.713  -8.813 0.2000000030
22186  34.411  -53.295  -8.229 0.2000000030
23273  32.945  -53.167  -7.333 0.2000000030
22177  31.774  -53.904  -6.658 0.3000000119
21165  35.515  -54.391  -9.446 0.3000000119
21151  34.679  -54.521  -8.892 0.3000000119
21152  33.847  -54.552  -8.407 0.2000000030
21138  33.039  -54.668  -8.146 0.2000000030
22176  32.385  -54.002  -7.441 0.2000000030
18090  33.661  -57.204  -10.872 0.2000000030
20120  35.197  -55.218  -10.792 0.3000000119
20119  35.677  -55.194  -9.987 0.3000000119
20109  36.859  -55.610  -9.498 0.3000000119
22061  29.992  -52.865  0.448 0.3000000119
22062  28.845  -52.857  0.581 0.3000000119
23220  32.616  -52.346  -4.595 0.3000000119
23252  35.571  -52.346  -6.796 0.2000000030
23253  34.400  -52.688  -6.673 0.2000000030
23254  33.223  -52.757  -6.595 0.2000000030
23238  32.376  -52.553  -5.726 0.2000000030
23270  35.424  -52.308  -8.086 0.2000000030
23271  34.889  -52.612  -7.840 0.2000000030
23272  33.872  -52.939  -7.492 0.2000000030
22046  29.492  -52.650  1.063 0.2000000030
11850  32.818  -64.387  -10.089 0.1000000015
13581  32.925  -62.742  -9.905 0.1000000015
19118  34.202  -55.737  -11.185 0.3000000119
15112  31.656  -60.846  -0.844 0.3000000119
13429  32.643  -62.806  -1.811 0.3000000119
13428  32.909  -63.222  -1.879 0.3000000119
14228  39.113  -60.941  1.821 0.1000000015
13448  35.983  -62.496  -2.567 0.2000000030
14287  33.566  -61.534  -2.222 0.2000000030
19982  26.523  -55.755  -1.223 0.3000000119
12608  27.912  -62.722  -4.110 0.2000000030
10965  29.930  -65.197  -4.089 0.2000000030
8012  30.108  -69.478  -5.315 0.1000000015
10245  34.457  -65.448  -2.425 0.2000000030
11684  33.249  -64.389  -1.739 0.3000000119
10232  34.043  -65.848  -2.110 0.1000000015
10279  32.103  -66.016  -6.944 0.1000000015
12572  35.497  -63.511  -2.435 0.2000000030
6547  29.407  -71.201  -6.170 0.1000000015
8030  30.590  -69.618  -6.805 0.1000000015
8805  30.234  -68.951  -5.132 0.1000000015
10257  30.564  -66.115  -4.880 0.1000000015
10974  31.822  -65.361  -6.186 0.1000000015
11765  31.557  -64.435  -6.070 0.1000000015
12623  30.556  -63.321  -5.873 0.1000000015
12607  28.544  -63.220  -4.487 0.3000000119
12606  29.501  -63.229  -5.109 0.3000000119
15162  29.030  -60.274  -4.961 0.4000000060
16026  29.046  -59.324  -4.110 0.4000000060
12624  29.972  -62.943  -5.640 0.3000000119
14348  29.995  -61.378  -5.966 0.3000000119
15181  30.198  -60.558  -5.900 0.3000000119
17974  27.532  -57.411  -3.010 0.4000000060
18005  29.501  -57.705  -4.395 0.4000000060
16074  34.342  -59.467  -7.951 0.2000000030
19996  28.195  -55.628  -2.824 0.4000000060
19010  28.903  -56.977  -4.011 0.4000000060
17022  35.583  -58.378  -9.429 0.2000000030
21080  28.874  -54.732  -2.947 0.4000000060
19085  35.095  -56.455  -8.400 0.3000000119
18064  35.675  -57.451  -8.483 0.2000000030
17032  36.197  -57.949  -9.890 0.2000000030
22122  29.156  -53.765  -2.348 0.4000000060
22123  28.476  -54.247  -1.955 0.4000000060
21150  35.350  -54.325  -9.232 0.3000000119
18089  34.889  -57.297  -10.618 0.2000000030
19109  35.823  -56.161  -10.248 0.2000000030
22108  29.436  -53.129  -1.355 0.4000000060
23239  31.485  -53.126  -5.840 0.4000000060
23255  32.141  -53.109  -6.662 0.2000000030
23289  35.543  -52.622  -9.026 0.2000000030
23290  35.371  -52.778  -8.554 0.2000000030
22187  33.449  -53.704  -8.050 0.2000000030
23177  29.815  -52.935  -2.197 0.3000000119
23176  30.531  -52.584  -1.792 0.3000000119
22084  30.673  -52.771  -0.356 0.2000000030
9495  33.296  -67.568  -0.928 0.1000000015
9511  33.292  -67.936  -1.430 0.1000000015
12551  36.930  -63.054  -1.293 0.1000000015
9496  32.808  -67.604  -1.414 0.1000000015
7923  32.555  -69.245  -0.215 0.1000000015
7964  32.891  -69.057  -1.230 0.1000000015
23114  30.643  -52.027  1.257 0.1000000015
23112  32.461  -52.247  1.330 0.1000000015
22044  31.236  -52.571  0.943 0.1000000015
22060  30.953  -52.707  0.384 0.1000000015
22043  32.117  -52.790  1.030 0.1000000015
22059  31.889  -52.955  0.397 0.1000000015
22083  31.622  -52.890  -0.217 0.1000000015
22107  30.218  -52.790  -0.976 0.1000000015
23154  30.890  -52.630  -1.094 0.2000000030
22081  33.300  -53.670  -0.633 0.2000000030
23194  31.571  -52.426  -2.560 0.2000000030
22105  33.509  -53.687  -1.144 0.2000000030
23174  32.273  -52.838  -1.153 0.2000000030
22120  33.046  -53.112  -1.960 0.2000000030
21069  34.077  -54.298  -1.122 0.2000000030
22106  32.962  -53.178  -1.497 0.2000000030
23192  33.241  -52.961  -2.411 0.2000000030
23206  31.520  -52.415  -3.667 0.2000000030
23237  33.629  -52.639  -5.598 0.1000000015
21048  34.388  -54.889  -0.688 0.2000000030
23204  33.488  -52.847  -2.928 0.2000000030
23205  32.691  -52.405  -3.357 0.2000000030
23219  34.091  -52.842  -4.329 0.1000000015
22045  30.333  -52.538  0.980 0.1000000015
24231  31.037  -51.326  1.290 0.1000000015
23113  31.576  -52.105  1.265 0.1000000015
24229  32.778  -51.743  1.508 0.1000000015
22042  33.014  -52.910  1.076 0.1000000015
22057  33.418  -53.483  0.830 0.1000000015
23153  31.507  -52.720  -0.819 0.2000000030
22119  33.484  -53.401  -2.222 0.2000000030
21180  34.372  -54.840  -11.233 0.2000000030
21164  35.466  -54.494  -9.696 0.2000000030
21172  34.737  -54.516  -10.949 0.2000000030
21174  33.192  -54.337  -10.550 0.2000000030
22226  33.808  -53.637  -10.652 0.2000000030
22200  35.427  -53.263  -9.529 0.2000000030
23314  34.409  -53.091  -10.431 0.2000000030
22224  34.971  -53.749  -10.379 0.2000000030
21166  32.562  -54.299  -10.035 0.2000000030
23304  34.244  -52.351  -10.119 0.1000000015
23305  33.410  -52.351  -9.995 0.2000000030
23303  35.122  -52.824  -9.937 0.2000000030
24387  35.393  -52.040  -9.265 0.2000000030
24390  32.985  -51.960  -9.573 0.1000000015
24389  33.765  -51.732  -9.615 0.1000000015
24388  34.733  -51.837  -9.541 0.1000000015
24379  31.828  -51.449  -8.454 0.1000000015
23274  31.047  -52.085  -7.918 0.1000000015
21024  34.165  -54.569  0.255 0.1000000015
24375  35.474  -51.940  -8.494 0.1000000015
25482  34.174  -50.864  -7.881 0.1000000015
24376  35.099  -51.481  -8.818 0.1000000015
25494  32.440  -50.753  -8.256 0.1000000015
25493  33.358  -50.857  -8.366 0.1000000015
24348  31.375  -50.845  -6.938 0.1000000015
25484  31.962  -50.561  -7.406 0.1000000015
25451  30.518  -50.723  -5.503 0.1000000015
19967  34.886  -55.553  -0.619 0.1000000015
19952  36.096  -56.124  0.345 0.1000000015
19954  34.669  -55.255  -0.095 0.1000000015
24364  34.749  -51.185  -8.307 0.1000000015
24363  35.207  -51.463  -7.942 0.1000000015
25468  32.617  -50.254  -6.645 0.1000000015
25450  31.233  -50.210  -5.671 0.1000000015
25449  32.058  -50.000  -5.771 0.1000000015
18940  35.981  -56.311  -0.154 0.1000000015
21079  34.064  -54.226  -1.854 0.1000000015
25446  35.987  -51.202  -6.236 0.1000000015
24346  36.099  -51.827  -6.609 0.1000000015
25447  34.684  -50.663  -5.931 0.1000000015
25466  35.033  -51.080  -7.121 0.1000000015
24347  35.552  -51.527  -7.226 0.1000000015
24362  35.512  -51.895  -7.533 0.1000000015
25437  33.382  -50.122  -4.699 0.1000000015
25467  33.871  -50.352  -6.852 0.1000000015
25483  33.071  -50.464  -7.631 0.1000000015
26515  32.848  -49.222  -3.647 0.1000000015
26548  32.894  -49.893  -4.687 0.1000000015
25448  33.243  -50.195  -5.527 0.1000000015
26549  32.295  -49.736  -4.962 0.1000000015
19966  35.378  -56.038  -1.011 0.1000000015
19979  34.872  -55.547  -1.319 0.1000000015
26534  33.854  -49.931  -3.592 0.1000000015
25436  34.238  -50.374  -4.539 0.1000000015
26514  33.365  -49.294  -3.184 0.1000000015
23251  36.738  -52.576  -6.244 0.1000000015
23306  32.646  -52.743  -9.689 0.1000000015
23291  32.304  -52.052  -9.147 0.1000000015
26550  31.484  -49.713  -5.052 0.1000000015
24329  36.632  -51.684  -6.189 0.1000000015
12721  27.031  -63.830  -11.480 0.1000000015
12708  26.994  -63.351  -11.096 0.1000000015
12722  26.550  -64.195  -11.022 0.1000000015
11070  26.553  -65.724  -11.407 0.1000000015
10368  25.748  -66.809  -11.625 0.1000000015
8905  25.757  -68.311  -11.853 0.1000000015
8105  24.772  -69.570  -11.609 0.1000000015
13610  27.545  -63.278  -11.986 0.1000000015
13586  27.996  -62.377  -11.221 0.1000000015
11071  25.683  -65.724  -11.184 0.1000000015
14427  27.684  -62.135  -10.149 0.1000000015
14426  28.421  -61.942  -10.575 0.1000000015
14438  29.302  -61.857  -11.320 0.1000000015
13608  28.406  -63.170  -12.415 0.1000000015
11866  27.448  -64.479  -11.704 0.1000000015
12709  26.433  -63.766  -10.505 0.1000000015
14425  29.784  -61.210  -10.393 0.1000000015
14437  30.424  -61.226  -11.118 0.1000000015
13588  26.579  -63.167  -10.152 0.1000000015
14413  27.958  -61.874  -9.535 0.1000000015
15228  28.323  -60.826  -8.173 0.1000000015
13552  26.887  -62.151  -8.804 0.1000000015
13551  27.487  -61.963  -9.094 0.1000000015
14384  27.086  -61.185  -7.640 0.1000000015
14439  28.474  -62.240  -11.546 0.1000000015
7351  24.324  -70.605  -11.572 0.1000000015
3220  25.017  -76.388  11.687 0.1000000015
3252  26.210  -75.968  11.110 0.1000000015
3253  25.834  -76.139  10.966 0.1000000015
4333  29.242  -73.618  13.218 0.1000000015
5157  26.957  -73.581  -3.988 0.1000000015
5158  26.265  -73.244  -3.918 0.1000000015
5172  27.997  -73.297  -5.013 0.2000000030
5173  27.210  -73.578  -4.730 0.2000000030
5174  26.370  -73.262  -4.480 0.2000000030
5175  25.998  -73.106  -4.208 0.1000000015
5190  27.385  -73.154  -5.415 0.2000000030
5754  29.993  -72.019  -0.158 0.1000000015
5800  27.805  -72.936  -2.542 0.2000000030
5801  26.729  -72.836  -3.045 0.1000000015
5816  28.934  -72.466  -2.652 0.2000000030
5818  26.388  -73.078  -3.537 0.1000000015
5819  25.935  -72.733  -3.619 0.1000000015
5851  28.449  -72.571  -5.546 0.1000000015
5852  27.766  -72.478  -6.000 0.2000000030
5867  28.359  -72.144  -6.235 0.2000000030
6283  32.563  -70.971  12.889 0.1000000015
6499  29.612  -71.711  -2.312 0.2000000030
6517  29.069  -72.137  -2.772 0.2000000030
6568  28.780  -71.447  -6.636 0.2000000030
6569  28.023  -71.798  -6.394 0.2000000030
6989  29.764  -70.267  13.325 0.1000000015
7006  32.217  -70.506  12.775 0.1000000015
7248  29.651  -70.160  -5.185 0.1000000015
7249  29.326  -70.679  -4.915 0.1000000015
7266  30.279  -70.174  -6.547 0.1000000015
7287  29.907  -70.631  -6.903 0.1000000015
7770  32.174  -69.458  12.699 0.1000000015
7944  29.471  -69.392  -2.029 0.2000000030
7963  32.976  -68.931  -1.303 0.1000000015
7965  29.726  -70.394  -2.217 0.2000000030
7992  29.683  -69.579  -4.890 0.1000000015
8011  30.428  -69.705  -6.042 0.1000000015
8013  27.452  -69.738  -5.990 0.1000000015
8031  28.682  -69.686  -7.096 0.1000000015
8049  29.794  -69.211  -7.910 0.1000000015
8066  30.235  -68.999  -8.263 0.1000000015
8572  30.496  -68.811  9.326 0.1000000015
8737  33.308  -68.205  -1.099 0.1000000015
8756  33.211  -68.477  -1.431 0.1000000015
8757  32.819  -68.602  -1.501 0.1000000015
8759  28.805  -69.219  -2.843 0.2000000030
8769  28.873  -69.285  -3.481 0.2000000030
8784  30.191  -67.951  -4.844 0.1000000015
8786  29.078  -69.311  -4.070 0.2000000030
8825  31.425  -67.793  -6.854 0.1000000015
8829  27.949  -68.270  -6.229 0.1000000015
8846  29.466  -68.458  -7.581 0.1000000015
8847  29.170  -68.651  -7.262 0.1000000015
9304  31.948  -68.026  13.093 0.1000000015
9475  31.156  -66.858  -0.442 0.4000000060
9477  30.254  -67.398  -0.813 0.3000000119
9512  33.098  -68.161  -1.651 0.1000000015
9628  31.814  -66.987  -9.305 0.1000000015
9659  25.517  -67.700  -11.733 0.1000000015
10029  29.620  -66.936  13.410 0.1000000015
10045  29.248  -66.494  13.135 0.1000000015
10219  34.306  -65.772  -1.633 0.2000000030
10222  31.968  -66.526  -0.831 0.4000000060
10231  34.397  -65.668  -2.207 0.2000000030
10246  34.167  -65.580  -2.516 0.2000000030
10266  31.720  -66.115  -6.211 0.1000000015
10298  32.458  -65.864  -7.761 0.1000000015
10300  29.788  -66.458  -7.597 0.1000000015
10321  30.819  -66.372  -9.008 0.1000000015
10339  32.297  -66.452  -9.570 0.1000000015
10340  31.720  -66.331  -9.724 0.1000000015
10377  25.802  -67.374  -11.763 0.1000000015
10730  29.527  -66.395  13.268 0.1000000015
10753  28.889  -65.829  12.782 0.1000000015
10767  28.554  -65.691  12.495 0.1000000015
10851  31.458  -65.188  5.504 0.1000000015
10907  32.306  -65.350  -0.689 0.5000000000
10908  31.845  -65.418  -0.341 0.5000000000
10935  35.210  -64.891  -1.337 0.2000000030
10936  34.800  -65.221  -2.036 0.2000000030
10939  28.748  -65.177  -1.822 0.4000000060
10952  34.348  -65.112  -2.655 0.2000000030
10953  34.011  -65.376  -2.750 0.2000000030
10984  32.473  -65.321  -7.333 0.1000000015
10985  32.233  -65.169  -6.814 0.1000000015
11002  29.470  -65.130  -7.540 0.1000000015
11003  28.476  -64.762  -7.495 0.1000000015
11586  28.539  -63.626  6.981 0.1000000015
11641  36.945  -64.134  1.025 0.1000000015
11661  36.725  -63.759  -0.273 0.1000000015
11668  27.807  -64.064  -0.862 0.4000000060
11683  35.562  -64.376  -1.069 0.2000000030
11709  33.608  -64.751  -2.406 0.3000000119
11728  34.277  -64.537  -2.900 0.3000000119
11729  33.879  -64.929  -2.851 0.3000000119
11811  30.661  -64.760  -9.009 0.2000000030
11812  29.801  -64.380  -8.701 0.1000000015
11849  33.112  -64.494  -9.705 0.1000000015
11851  32.334  -64.419  -10.205 0.1000000015
11854  26.250  -64.355  -10.826 0.1000000015
11867  26.378  -64.765  -11.187 0.1000000015
12421  27.022  -62.718  8.074 0.1000000015
12451  30.014  -63.756  5.738 0.1000000015
12472  33.194  -62.945  4.054 0.1000000015
12484  33.037  -63.292  3.919 0.1000000015
12517  37.747  -63.145  0.386 0.1000000015
12518  37.287  -63.465  0.200 0.1000000015
12530  32.465  -64.068  -0.919 0.3000000119
12550  37.368  -62.774  -0.737 0.2000000030
12553  33.166  -63.586  -1.958 0.3000000119
12554  32.700  -63.632  -1.410 0.3000000119
12557  26.775  -63.138  -1.203 0.5000000000
12571  36.374  -63.021  -2.062 0.2000000030
12589  33.742  -64.490  -2.745 0.3000000119
12590  27.880  -63.506  -3.608 0.3000000119
12605  30.060  -63.361  -5.419 0.3000000119
12622  31.211  -63.779  -6.108 0.1000000015
12687  31.007  -63.518  -9.853 0.2000000030
12689  26.315  -63.401  -9.853 0.1000000015
12705  31.774  -63.437  -10.130 0.2000000030
12732  27.658  -63.728  -12.179 0.1000000015
13250  32.678  -62.682  9.131 0.1000000015
13322  29.058  -62.735  6.656 0.1000000015
13383  39.419  -62.045  1.424 0.1000000015
13393  39.323  -62.194  1.019 0.1000000015
13404  37.544  -62.252  -0.459 0.2000000030
13405  37.036  -61.998  -1.023 0.3000000119
13406  36.544  -61.833  -1.290 0.3000000119
13427  36.273  -61.668  -1.622 0.3000000119
13431  31.351  -62.008  -0.971 0.4000000060
13432  26.362  -62.369  -1.084 0.5000000000
13450  33.847  -62.862  -2.895 0.2000000030
13451  33.117  -62.966  -2.296 0.3000000119
13452  32.896  -62.747  -2.102 0.2000000030
13454  26.494  -62.203  -1.926 0.5000000000
13481  29.004  -62.267  -5.058 0.3000000119
13492  30.228  -62.383  -6.054 0.2000000030
13493  29.630  -62.304  -5.606 0.3000000119
13511  30.934  -62.470  -6.339 0.1000000015
13550  33.426  -63.096  -8.620 0.1000000015
13569  27.247  -62.237  -9.643 0.1000000015
13587  27.247  -62.715  -10.674 0.1000000015
13598  28.873  -62.605  -12.220 0.1000000015
13599  27.872  -62.701  -11.787 0.1000000015
13600  27.307  -63.145  -11.496 0.1000000015
13609  28.036  -63.130  -12.384 0.1000000015
14220  40.158  -60.972  3.874 0.1000000015
14257  27.545  -61.234  0.433 0.5000000000
14272  27.183  -61.876  0.135 0.5000000000
14284  36.137  -61.882  -2.482 0.3000000119
14292  25.529  -60.709  -0.923 0.5000000000
14305  35.620  -61.933  -2.705 0.3000000119
14306  34.988  -61.748  -2.616 0.3000000119
14308  33.344  -62.246  -2.428 0.2000000030
14339  28.799  -61.136  -4.955 0.3000000119
14340  28.219  -61.249  -4.269 0.3000000119
14341  27.751  -61.337  -3.853 0.5000000000
14363  32.218  -61.556  -7.007 0.1000000015
14398  28.522  -60.990  -8.571 0.2000000030
14399  27.795  -61.440  -8.464 0.1000000015
14424  30.268  -61.015  -10.803 0.1000000015
14435  31.778  -61.041  -11.151 0.2000000030
14436  31.219  -61.127  -11.302 0.2000000030
14981  35.824  -60.461  10.704 0.1000000015
15032  33.772  -60.054  3.886 0.3000000119
15041  39.915  -60.635  3.734 0.1000000015
15067  38.644  -60.711  1.856 0.1000000015
15074  26.939  -60.337  1.218 0.5000000000
15086  28.003  -60.675  0.551 0.5000000000
15089  25.563  -60.042  0.402 0.5000000000
15101  28.563  -60.773  0.284 0.4000000060
15103  25.481  -60.377  -0.205 0.5000000000
15109  33.738  -61.065  -2.023 0.3000000119
15110  33.194  -61.137  -1.745 0.3000000119
15113  31.077  -60.734  -0.684 0.5000000000
15128  27.163  -60.072  -3.215 0.5000000000
15146  28.281  -60.110  -3.826 0.4000000060
15147  27.822  -60.102  -3.595 0.5000000000
15199  33.113  -60.075  -7.169 0.2000000030
15214  33.997  -59.891  -7.957 0.2000000030
15224  33.953  -59.888  -8.255 0.2000000030
15226  29.603  -60.185  -8.994 0.2000000030
15236  29.345  -60.616  -9.073 0.2000000030
15244  30.227  -60.694  -10.208 0.1000000015
15251  30.792  -60.703  -11.101 0.2000000030
15831  36.366  -59.983  10.002 0.1000000015
15836  31.401  -58.890  10.573 0.1000000015
15898  35.386  -59.292  4.448 0.1000000015
15916  34.923  -59.742  3.907 0.3000000119
15932  30.764  -59.127  2.584 0.4000000060
15942  30.528  -58.868  1.930 0.4000000060
15944  27.340  -59.612  1.480 0.5000000000
15954  31.739  -59.140  0.328 0.4000000060
15956  28.236  -59.508  0.901 0.5000000000
15958  26.110  -59.795  1.291 0.4000000060
15978  25.541  -59.503  -0.811 0.5000000000
16042  29.852  -59.685  -5.349 0.4000000060
16062  31.224  -60.016  -6.358 0.2000000030
16076  28.518  -59.396  -7.512 0.2000000030
16080  35.184  -58.799  -8.715 0.2000000030
16081  34.802  -59.105  -8.523 0.2000000030
16086  35.240  -58.816  -8.954 0.2000000030
16087  34.866  -59.126  -9.264 0.2000000030
16088  34.074  -59.469  -9.436 0.2000000030
16089  30.769  -59.523  -9.992 0.2000000030
16105  32.084  -59.999  -11.150 0.2000000030
16107  31.058  -60.342  -11.011 0.1000000015
16719  30.759  -57.928  10.389 0.1000000015
16727  34.230  -58.461  8.918 0.1000000015
16747  34.809  -58.165  8.616 0.1000000015
16765  32.522  -58.156  6.180 0.5000000000
16766  32.099  -58.249  6.254 0.5000000000
16780  30.696  -58.845  5.869 0.5000000000
16814  30.479  -59.011  3.748 0.5000000000
16831  26.219  -57.975  2.467 0.5000000000
16841  31.447  -59.096  1.021 0.5000000000
16844  27.907  -58.803  1.572 0.5000000000
16847  25.444  -58.572  1.229 0.4000000060
16859  31.658  -59.056  0.610 0.5000000000
16863  28.606  -58.681  1.181 0.5000000000
16883  29.522  -59.323  0.371 0.5000000000
16900  26.154  -58.324  -1.860 0.5000000000
16912  27.255  -58.205  -3.094 0.4000000060
16928  28.816  -58.376  -3.822 0.4000000060
16949  28.983  -58.905  -3.880 0.4000000060
16977  33.022  -59.071  -6.948 0.3000000119
16996  35.250  -58.139  -8.166 0.2000000030
17001  28.252  -58.401  -6.934 0.1000000015
17013  35.059  -58.618  -8.282 0.2000000030
17016  29.295  -58.596  -8.038 0.2000000030
17021  36.423  -57.927  -9.623 0.2000000030
17023  35.120  -58.799  -9.667 0.2000000030
17026  30.501  -58.813  -9.183 0.2000000030
17031  36.759  -57.840  -9.834 0.2000000030
17037  31.500  -59.061  -10.292 0.2000000030
17780  30.381  -57.672  10.549 0.1000000015
17795  30.236  -57.084  10.407 0.1000000015
17817  34.974  -57.075  8.423 0.1000000015
17824  36.512  -57.259  7.266 0.1000000015
17825  36.051  -57.287  7.515 0.1000000015
17836  28.593  -57.596  6.469 0.5000000000
17846  29.109  -58.077  5.904 0.5000000000
17847  28.403  -57.871  5.782 0.5000000000
17848  27.787  -57.527  5.703 0.5000000000
17854  28.876  -58.078  5.191 0.5000000000
17880  29.091  -57.714  3.115 0.5000000000
17897  27.483  -58.298  2.225 0.5000000000
17910  29.679  -57.972  1.634 0.6000000238
17931  26.187  -57.149  -1.332 0.3000000119
17955  26.628  -57.343  -2.003 0.4000000060
17973  28.138  -57.142  -3.412 0.4000000060
17975  27.050  -57.467  -2.503 0.4000000060
17986  29.120  -57.753  -4.046 0.4000000060
17988  27.987  -57.586  -3.465 0.4000000060
18004  29.747  -58.002  -4.632 0.4000000060
18017  30.739  -57.872  -5.482 0.5000000000
18018  30.146  -57.914  -5.049 0.4000000060
18032  31.311  -57.870  -6.063 0.5000000000
18047  35.320  -57.760  -8.177 0.2000000030
18051  29.927  -56.784  -8.021 0.2000000030
18062  37.235  -56.782  -9.333 0.3000000119
18063  36.911  -57.083  -8.982 0.2000000030
18065  35.166  -57.144  -8.212 0.3000000119
18066  30.875  -57.332  -9.008 0.3000000119
18077  37.267  -57.031  -9.516 0.3000000119
18078  36.938  -57.567  -9.586 0.2000000030
18079  31.925  -57.465  -9.991 0.3000000119
18086  37.245  -57.215  -9.813 0.3000000119
18087  36.906  -57.497  -10.020 0.2000000030
18088  36.023  -57.368  -10.136 0.2000000030
18831  34.859  -56.312  8.297 0.1000000015
18848  36.049  -57.133  7.015 0.1000000015
18851  32.649  -57.081  6.260 0.5000000000
18860  34.517  -56.693  6.292 0.4000000060
18863  32.008  -56.141  5.922 0.4000000060
18866  26.589  -56.515  5.329 0.5000000000
18872  26.853  -57.036  4.761 0.5000000000
18885  26.639  -56.986  4.162 0.5000000000
18903  24.890  -56.477  2.675 0.5000000000
18925  24.567  -55.570  1.448 0.5000000000
18942  24.583  -55.772  0.925 0.5000000000
18951  35.961  -56.419  -0.701 0.1000000015
18953  25.347  -56.548  -0.327 0.4000000060
18991  28.083  -56.549  -3.171 0.4000000060
18992  27.651  -56.503  -2.631 0.4000000060
19011  28.562  -56.700  -3.614 0.4000000060
19025  29.400  -56.919  -4.375 0.4000000060
19054  32.286  -56.984  -6.906 0.4000000060
19057  27.663  -56.416  -6.321 0.1000000015
19069  34.854  -57.006  -8.148 0.3000000119
19072  29.706  -56.226  -7.834 0.1000000015
19082  37.322  -56.684  -9.537 0.3000000119
19083  37.135  -56.321  -9.337 0.3000000119
19086  34.384  -56.199  -8.310 0.3000000119
19098  36.902  -55.921  -9.816 0.3000000119
19099  36.270  -55.583  -9.858 0.3000000119
19101  31.240  -56.883  -9.315 0.3000000119
19107  37.228  -57.072  -10.022 0.3000000119
19108  36.818  -56.792  -10.074 0.3000000119
19110  34.560  -56.033  -10.992 0.3000000119
19111  33.792  -55.957  -11.109 0.3000000119
19113  32.337  -57.061  -10.346 0.3000000119
19117  34.350  -55.577  -11.196 0.3000000119
19746  26.536  -55.420  13.290 0.1000000015
19792  27.550  -54.862  12.084 0.1000000015
19826  33.853  -55.519  8.498 0.1000000015
19838  34.757  -55.619  7.381 0.1000000015
19848  35.154  -56.260  6.788 0.2000000030
19872  26.672  -56.225  5.857 0.5000000000
19888  25.554  -55.854  3.894 0.5000000000
19889  25.113  -55.496  3.422 0.5000000000
19907  24.604  -55.143  1.899 0.5000000000
19934  24.596  -55.039  1.428 0.5000000000
19953  35.355  -55.834  -0.078 0.1000000015
19956  24.616  -55.111  0.992 0.5000000000
19980  27.821  -55.291  -2.244 0.4000000060
20014  29.733  -55.830  -4.427 0.4000000060
20079  34.020  -56.063  -8.247 0.3000000119
20082  28.716  -55.474  -7.123 0.1000000015
20093  37.138  -55.761  -9.459 0.3000000119
20094  36.719  -55.655  -9.217 0.3000000119
20097  33.585  -55.111  -8.293 0.3000000119
20110  36.175  -55.243  -9.535 0.3000000119
20111  35.763  -54.773  -9.366 0.3000000119
20121  33.876  -55.278  -11.148 0.3000000119
20122  33.118  -55.381  -10.686 0.3000000119
20129  34.509  -55.214  -11.220 0.3000000119
20130  34.160  -55.448  -11.240 0.3000000119
20898  32.801  -54.291  8.786 0.2000000030
20953  25.389  -54.762  3.740 0.5000000000
20977  24.707  -54.681  1.626 0.5000000000
21005  25.022  -54.158  1.412 0.5000000000
21028  24.948  -54.609  0.721 0.5000000000
21029  24.714  -54.792  0.945 0.5000000000
21049  33.610  -54.002  -0.423 0.2000000030
21053  25.866  -54.868  -0.370 0.4000000060
21054  25.227  -54.907  0.113 0.5000000000
21068  34.480  -54.908  -1.588 0.1000000015
21171  35.220  -54.462  -10.307 0.2000000030
21173  33.999  -54.590  -10.998 0.2000000030
21181  34.197  -55.055  -11.281 0.2000000030
21818  25.456  -53.291  14.322 0.1000000015
21838  25.596  -53.249  13.685 0.1000000015
21920  31.912  -53.187  8.917 0.2000000030
21975  27.950  -53.382  6.030 0.5000000000
22019  25.354  -53.732  2.096 0.5000000000
22048  26.725  -52.885  1.491 0.4000000060
22063  27.591  -52.922  0.745 0.4000000060
22082  32.716  -53.382  -0.418 0.2000000030
22145  30.408  -54.370  -4.733 0.4000000060
22162  30.761  -54.237  -5.316 0.4000000060
22178  28.944  -53.464  -6.538 0.1000000015
22179  28.283  -53.750  -6.091 0.1000000015
22185  35.089  -53.130  -8.524 0.2000000030
22188  29.263  -53.804  -7.129 0.1000000015
22203  34.234  -53.927  -8.494 0.2000000030
22204  31.037  -53.515  -8.600 0.2000000030
22206  29.801  -53.572  -7.722 0.1000000015
22215  35.317  -53.728  -9.897 0.2000000030
22216  35.388  -53.834  -9.532 0.2000000030
22217  32.444  -53.619  -9.709 0.3000000119
22225  34.493  -53.801  -10.669 0.2000000030
22227  33.010  -53.421  -10.285 0.2000000030
22960  32.401  -52.963  8.172 0.2000000030
22961  32.014  -52.760  8.395 0.2000000030
23006  27.426  -53.214  6.235 0.5000000000
23028  30.910  -52.365  4.836 0.2000000030
23050  31.191  -51.654  4.900 0.2000000030
23052  30.124  -51.746  4.789 0.2000000030
23132  27.971  -52.542  1.131 0.5000000000
23152  32.041  -52.903  -0.618 0.2000000030
23175  31.578  -52.547  -1.581 0.3000000119
23193  32.713  -52.784  -2.168 0.2000000030
23195  30.446  -52.625  -2.849 0.4000000060
23240  29.240  -52.373  -6.052 0.1000000015
23294  30.102  -53.087  -7.896 0.1000000015
23307  32.126  -52.668  -9.134 0.3000000119
23313  34.789  -53.343  -10.373 0.2000000030
23315  33.671  -52.869  -10.396 0.2000000030
23316  33.160  -52.794  -10.168 0.1000000015
24144  26.623  -51.547  5.138 0.4000000060
24164  30.778  -51.216  4.892 0.2000000030
24166  29.925  -51.679  4.927 0.2000000030
24208  26.540  -51.963  3.137 0.4000000060
24235  27.384  -51.876  2.065 0.5000000000
24365  31.313  -51.242  -7.481 0.1000000015
24366  30.478  -51.861  -7.220 0.2000000030
24367  29.911  -52.410  -7.156 0.1000000015
24377  34.161  -51.229  -8.852 0.1000000015
24378  32.938  -51.283  -9.025 0.1000000015
25290  26.547  -50.817  4.284 0.2000000030
25317  28.259  -50.008  1.963 0.2000000030
25445  36.619  -51.541  -5.973 0.1000000015
25465  35.732  -51.384  -6.842 0.1000000015
25469  31.541  -50.478  -6.435 0.1000000015
25470  30.960  -50.580  -6.036 0.1000000015
25481  34.824  -51.129  -7.845 0.1000000015
25495  31.779  -50.854  -8.006 0.1000000015
26398  27.754  -48.908  3.057 0.2000000030
26409  32.308  -49.549  1.775 0.1000000015
26413  27.623  -49.432  2.842 0.3000000119
26424  30.042  -49.808  1.526 0.2000000030
26513  34.029  -49.730  -2.838 0.1000000015
26535  33.263  -49.788  -4.064 0.1000000015
26536  32.480  -49.351  -4.227 0.1000000015
26537  31.758  -49.255  -4.475 0.1000000015
27464  28.512  -48.240  5.633 0.1000000015
27549  30.322  -49.181  1.618 0.2000000030
27642  32.862  -48.929  -3.214 0.1000000015
28429  31.786  -46.729  8.455 0.1000000015
28525  33.024  -47.081  6.407 0.1000000015
28568  30.684  -46.981  2.921 0.1000000015
28570  28.701  -47.464  3.291 0.1000000015
29651  33.110  -46.862  5.791 0.1000000015
29706  29.156  -46.951  3.640 0.1000000015
