#!ascii label  , from subject sub.01.bl.02 vox2ras=TkReg
258
79312  21.634  -4.601  -23.530 0.0000000000
70086  19.006  -13.067  -18.802 0.0000000000
84572  20.254  0.866  -24.236 0.0000000000
95046  18.590  10.540  -27.617 0.0000000000
67637  17.609  -14.131  -18.369 0.0000000000
86716  20.830  2.955  -22.200 0.0000000000
90826  20.381  6.373  -22.854 0.0000000000
78225  19.533  -6.264  -22.829 0.0000000000
75030  20.095  -8.878  -21.741 0.0000000000
76131  22.987  -7.499  -23.291 0.0000000000
81459  24.119  -2.858  -22.648 0.0000000000
78259  25.855  -4.876  -24.327 0.0000000000
81472  20.954  -2.373  -24.219 0.0000000000
83553  21.820  0.149  -22.019 0.0000000000
93098  18.699  8.495  -27.246 0.0000000000
94045  21.055  9.338  -24.147 0.0000000000
72600  20.385  -10.787  -18.809 0.0000000000
88784  19.615  4.647  -23.828 0.0000000000
90846  19.549  5.895  -24.454 0.0000000000
78243  20.960  -5.476  -23.550 0.0000000000
77201  21.460  -6.898  -22.898 0.0000000000
78224  22.347  -6.352  -23.412 0.0000000000
68877  18.557  -13.658  -18.422 0.0000000000
82567  20.480  -0.648  -24.126 0.0000000000
82557  21.484  -1.219  -23.232 0.0000000000
83574  20.866  0.362  -22.991 0.0000000000
89777  21.688  5.420  -20.984 0.0000000000
87747  21.945  3.920  -20.514 0.0000000000
95991  17.793  10.992  -27.899 0.0000000000
92045  17.576  8.120  -27.598 0.0000000000
94079  18.940  9.940  -27.298 0.0000000000
96837  21.918  12.967  -25.196 0.0000000000
96826  21.767  12.007  -24.791 0.0000000000
95027  20.649  10.532  -25.409 0.0000000000
95012  21.538  10.500  -24.342 0.0000000000
94030  21.695  9.017  -23.735 0.0000000000
75013  21.571  -9.501  -20.640 0.0000000000
72655  20.800  -10.553  -21.009 0.0000000000
66418  16.927  -15.092  -17.436 0.0000000000
85675  20.384  1.983  -23.473 0.0000000000
86727  19.744  3.333  -23.816 0.0000000000
88766  20.365  4.671  -22.591 0.0000000000
91949  21.188  6.685  -21.815 0.0000000000
75031  19.234  -8.552  -21.641 0.0000000000
76134  20.014  -7.541  -22.393 0.0000000000
76116  21.523  -8.209  -22.028 0.0000000000
76115  22.516  -8.010  -21.926 0.0000000000
81470  23.008  -3.186  -23.289 0.0000000000
79310  23.788  -4.583  -24.442 0.0000000000
80406  24.497  -3.818  -23.673 0.0000000000
79313  20.537  -4.505  -23.637 0.0000000000
81473  20.194  -2.853  -24.676 0.0000000000
80409  21.244  -3.590  -23.690 0.0000000000
81460  22.610  -2.436  -22.487 0.0000000000
82535  22.772  -1.237  -21.929 0.0000000000
84535  23.893  0.405  -21.168 0.0000000000
85665  21.300  1.619  -21.872 0.0000000000
85647  22.265  1.491  -21.445 0.0000000000
92029  19.085  7.473  -26.686 0.0000000000
95980  20.400  11.443  -26.307 0.0000000000
94068  20.150  9.685  -25.938 0.0000000000
93082  20.122  8.822  -25.640 0.0000000000
91995  19.687  7.329  -24.963 0.0000000000
91978  20.360  7.380  -23.545 0.0000000000
93048  21.652  7.910  -22.731 0.0000000000
71341  19.002  -11.396  -20.115 0.0000000000
73850  19.691  -10.108  -21.126 0.0000000000
76143  24.159  -7.117  -23.985 0.0000000000
76114  23.491  -7.478  -22.439 0.0000000000
89828  19.644  5.420  -24.795 0.0000000000
89838  19.610  5.446  -25.681 0.0000000000
78242  21.988  -5.659  -23.292 0.0000000000
65221  16.495  -16.372  -16.560 0.0000000000
66401  17.139  -15.652  -16.952 0.0000000000
83594  20.135  -0.093  -24.415 0.0000000000
83586  20.654  -0.117  -23.581 0.0000000000
84564  20.532  1.071  -23.357 0.0000000000
90803  22.350  6.046  -21.045 0.0000000000
89759  22.477  5.242  -20.669 0.0000000000
95047  18.025  10.457  -28.207 0.0000000000
94080  18.461  9.552  -27.786 0.0000000000
95040  19.251  10.591  -27.098 0.0000000000
95956  21.985  11.546  -24.405 0.0000000000
95011  22.211  11.039  -23.983 0.0000000000
75012  22.148  -8.747  -20.755 0.0000000000
68891  17.508  -13.147  -19.238 0.0000000000
86735  19.740  2.783  -24.289 0.0000000000
89814  19.705  5.297  -23.593 0.0000000000
88783  19.919  4.615  -23.206 0.0000000000
89797  20.023  5.466  -23.031 0.0000000000
89779  20.527  5.483  -22.305 0.0000000000
95982  18.328  11.579  -27.198 0.0000000000
76135  19.435  -7.544  -22.144 0.0000000000
77202  20.326  -6.659  -22.912 0.0000000000
76132  21.944  -7.626  -22.742 0.0000000000
76133  20.991  -7.509  -22.443 0.0000000000
75028  21.887  -8.628  -21.617 0.0000000000
67624  17.391  -14.780  -17.611 0.0000000000
67607  17.591  -15.168  -17.093 0.0000000000
81469  23.745  -3.420  -23.393 0.0000000000
81481  20.368  -1.851  -24.527 0.0000000000
80410  20.158  -3.453  -24.077 0.0000000000
81471  21.909  -2.950  -23.351 0.0000000000
81461  21.602  -2.074  -23.126 0.0000000000
83573  21.497  -0.249  -22.630 0.0000000000
82556  22.067  -1.356  -22.433 0.0000000000
83552  22.285  -0.335  -21.844 0.0000000000
83551  23.337  -0.524  -21.479 0.0000000000
84536  22.852  0.492  -21.329 0.0000000000
85666  20.635  1.866  -22.761 0.0000000000
86714  22.036  2.270  -21.348 0.0000000000
85646  23.475  1.415  -21.038 0.0000000000
92030  18.092  7.565  -27.234 0.0000000000
96838  21.407  12.423  -25.296 0.0000000000
97740  21.518  13.379  -25.536 0.0000000000
95013  20.858  9.976  -24.689 0.0000000000
94058  20.583  9.419  -25.107 0.0000000000
93083  19.850  8.023  -25.357 0.0000000000
93066  20.399  8.300  -24.577 0.0000000000
91994  19.761  7.441  -24.310 0.0000000000
94029  22.216  9.314  -23.435 0.0000000000
93053  21.920  8.712  -23.446 0.0000000000
93047  22.214  8.408  -22.840 0.0000000000
71342  18.275  -11.322  -20.333 0.0000000000
73864  19.490  -9.336  -21.402 0.0000000000
73863  20.309  -9.675  -21.451 0.0000000000
72639  20.884  -10.611  -20.324 0.0000000000
72640  20.109  -10.625  -20.591 0.0000000000
72621  20.202  -10.960  -19.699 0.0000000000
72622  19.570  -11.065  -20.091 0.0000000000
79345  24.579  -4.853  -25.180 0.0000000000
78240  23.917  -5.660  -24.360 0.0000000000
77228  24.960  -5.897  -24.333 0.0000000000
87790  19.493  3.947  -24.243 0.0000000000
88800  19.537  4.621  -25.003 0.0000000000
89815  19.534  5.402  -24.140 0.0000000000
90845  19.590  6.339  -23.845 0.0000000000
77217  20.561  -6.040  -23.366 0.0000000000
77216  21.192  -6.245  -23.283 0.0000000000
77215  21.863  -6.447  -23.200 0.0000000000
77199  22.836  -6.878  -23.734 0.0000000000
67636  18.067  -14.000  -18.499 0.0000000000
67623  18.110  -14.320  -17.958 0.0000000000
68842  18.529  -14.078  -16.978 0.0000000000
82534  23.845  -1.769  -21.633 0.0000000000
82576  20.108  -1.144  -24.507 0.0000000000
82566  20.991  -1.168  -24.014 0.0000000000
81462  21.303  -1.727  -23.674 0.0000000000
83585  21.193  -0.687  -23.388 0.0000000000
84554  21.559  0.666  -22.068 0.0000000000
87749  21.037  3.935  -21.582 0.0000000000
86697  21.297  3.264  -21.405 0.0000000000
88744  22.116  5.114  -20.831 0.0000000000
88727  22.897  4.536  -20.390 0.0000000000
93107  17.994  8.621  -27.798 0.0000000000
94070  18.969  9.253  -27.087 0.0000000000
95967  21.479  11.492  -24.925 0.0000000000
95026  21.171  11.006  -25.073 0.0000000000
94998  22.028  9.939  -23.795 0.0000000000
94997  22.674  10.369  -23.457 0.0000000000
75029  21.186  -9.175  -21.460 0.0000000000
73862  20.863  -10.049  -21.336 0.0000000000
73849  21.229  -10.079  -20.882 0.0000000000
73834  21.346  -9.993  -20.080 0.0000000000
66419  16.607  -15.121  -17.226 0.0000000000
67625  16.558  -14.547  -17.647 0.0000000000
68878  17.850  -13.544  -18.911 0.0000000000
70087  18.488  -13.218  -19.058 0.0000000000
70101  18.849  -12.621  -19.343 0.0000000000
84573  19.735  0.769  -25.011 0.0000000000
85683  20.231  1.807  -24.033 0.0000000000
86726  20.152  2.842  -23.315 0.0000000000
87780  20.312  3.816  -22.862 0.0000000000
87781  19.831  3.853  -23.523 0.0000000000
87768  20.693  4.007  -22.251 0.0000000000
88746  20.719  4.692  -21.852 0.0000000000
90804  21.416  6.137  -21.460 0.0000000000
91948  21.692  6.878  -21.620 0.0000000000
95983  17.829  11.299  -27.092 0.0000000000
95990  18.318  11.272  -27.674 0.0000000000
95989  18.871  11.276  -27.318 0.0000000000
76118  19.712  -8.070  -21.972 0.0000000000
76117  20.595  -8.223  -21.979 0.0000000000
80408  22.315  -3.770  -23.717 0.0000000000
79311  22.717  -4.717  -23.666 0.0000000000
80407  23.341  -3.854  -23.808 0.0000000000
79309  25.048  -4.046  -24.546 0.0000000000
79308  25.598  -3.947  -24.585 0.0000000000
80396  25.384  -3.468  -23.048 0.0000000000
80405  25.886  -3.740  -24.106 0.0000000000
79327  26.824  -4.253  -24.270 0.0000000000
78244  19.837  -5.581  -23.328 0.0000000000
82555  22.562  -1.778  -22.125 0.0000000000
81447  23.010  -1.939  -21.993 0.0000000000
83550  24.416  -0.630  -21.284 0.0000000000
84555  20.964  0.850  -22.535 0.0000000000
85648  21.786  1.090  -21.744 0.0000000000
86715  21.455  2.443  -21.582 0.0000000000
85664  21.767  1.900  -21.580 0.0000000000
90877  19.375  6.482  -26.106 0.0000000000
95981  19.638  11.406  -26.950 0.0000000000
94069  19.441  9.702  -26.572 0.0000000000
93096  19.835  9.171  -26.162 0.0000000000
93097  19.389  8.552  -26.300 0.0000000000
92013  19.475  7.376  -25.751 0.0000000000
90862  19.536  6.911  -24.516 0.0000000000
93054  21.349  8.262  -23.492 0.0000000000
91965  21.121  7.228  -22.481 0.0000000000
91964  21.928  7.673  -22.079 0.0000000000
71325  18.532  -11.996  -19.806 0.0000000000
73851  18.700  -9.799  -21.107 0.0000000000
72656  20.381  -10.258  -21.165 0.0000000000
72641  19.063  -10.666  -20.570 0.0000000000
71324  19.434  -11.763  -19.494 0.0000000000
78241  22.995  -5.930  -23.766 0.0000000000
77214  23.524  -6.806  -24.072 0.0000000000
76144  23.623  -7.297  -23.753 0.0000000000
76129  24.356  -6.761  -23.384 0.0000000000
76130  23.827  -7.351  -23.328 0.0000000000
68860  18.560  -13.963  -17.505 0.0000000000
76142  24.427  -6.584  -23.839 0.0000000000
77200  22.261  -6.993  -23.347 0.0000000000
77213  24.385  -6.205  -24.234 0.0000000000
77229  24.732  -5.749  -24.556 0.0000000000
78223  22.597  -6.591  -23.595 0.0000000000
78239  25.399  -5.576  -24.156 0.0000000000
78260  25.131  -5.409  -24.712 0.0000000000
78261  24.479  -5.429  -24.847 0.0000000000
78271  25.290  -4.794  -24.819 0.0000000000
78272  24.850  -5.061  -25.086 0.0000000000
78273  24.529  -5.107  -25.140 0.0000000000
79326  27.582  -4.000  -23.953 0.0000000000
79328  25.767  -4.174  -24.797 0.0000000000
79329  24.710  -4.493  -24.958 0.0000000000
79330  24.050  -4.975  -25.060 0.0000000000
79344  25.040  -4.653  -25.076 0.0000000000
79346  24.289  -5.094  -25.168 0.0000000000
80415  27.282  -3.778  -24.115 0.0000000000
80416  26.573  -3.829  -24.377 0.0000000000
80417  26.133  -3.856  -24.542 0.0000000000
81446  23.365  -2.344  -22.075 0.0000000000
82536  22.315  -0.906  -22.135 0.0000000000
82575  20.643  -1.647  -24.364 0.0000000000
83572  22.053  -0.712  -22.262 0.0000000000
84537  22.088  0.594  -21.726 0.0000000000
86696  21.857  3.066  -21.113 0.0000000000
86734  20.116  2.333  -23.779 0.0000000000
87748  21.757  4.184  -20.569 0.0000000000
88745  21.222  4.732  -21.105 0.0000000000
88794  19.565  4.801  -24.403 0.0000000000
89778  20.944  5.466  -21.517 0.0000000000
90785  22.767  5.503  -20.711 0.0000000000
90805  20.836  6.264  -22.009 0.0000000000
90863  19.590  6.399  -25.027 0.0000000000
93067  19.926  7.780  -24.808 0.0000000000
94017  22.728  8.993  -22.979 0.0000000000
94044  21.710  9.605  -23.899 0.0000000000
96863  18.576  11.697  -27.193 0.0000000000
